"","session","alpha","beta","betart","lapse","intercept","sigma","ndt","participant_id","sessions","trials","alpha_obs_power","beta_obs_power","n","rts","resp","X","iter","real_effectsize_alpha","real_effectsize_beta","subjects","parameter","observed_effectsize_alpha","observed_effectsize_beta"
"1","session1",-12.0906993944698,17.5238598492903,3.800539208239,8.06596095171537e-05,0.335700714359855,0.440905570660713,0.321458657120171,1,1,50,0.0460884822785509,-0.403462991808062,1,4.11851166179809,1,-9.02979679882,5451,0.4,0,10,"both",0.0460884822785509,-0.403462991808062
"2","session1",-12.0906993944698,17.5238598492903,3.800539208239,8.06596095171537e-05,0.335700714359855,0.440905570660713,0.321458657120171,1,1,50,0.0460884822785509,-0.403462991808062,1,5.07114000453549,1,-11.690173171,5451,0.4,0,10,"both",0.0460884822785509,-0.403462991808062
"3","session1",-12.0906993944698,17.5238598492903,3.800539208239,8.06596095171537e-05,0.335700714359855,0.440905570660713,0.321458657120171,1,1,50,0.0460884822785509,-0.403462991808062,1,3.2945938969071,0,-18.3192610303,5451,0.4,0,10,"both",0.0460884822785509,-0.403462991808062
"4","session1",-12.0906993944698,17.5238598492903,3.800539208239,8.06596095171537e-05,0.335700714359855,0.440905570660713,0.321458657120171,1,1,50,0.0460884822785509,-0.403462991808062,1,4.26664081755795,1,-15.099946556,5451,0.4,0,10,"both",0.0460884822785509,-0.403462991808062
"5","session1",-12.0906993944698,17.5238598492903,3.800539208239,8.06596095171537e-05,0.335700714359855,0.440905570660713,0.321458657120171,1,1,50,0.0460884822785509,-0.403462991808062,1,4.61053924542976,0,-14.018330402,5451,0.4,0,10,"both",0.0460884822785509,-0.403462991808062
"6","session1",-12.0906993944698,17.5238598492903,3.800539208239,8.06596095171537e-05,0.335700714359855,0.440905570660713,0.321458657120171,1,1,50,0.0460884822785509,-0.403462991808062,1,4.1312398406034,1,-1.6744,5451,0.4,0,10,"both",0.0460884822785509,-0.403462991808062
"7","session1",-12.0906993944698,17.5238598492903,3.800539208239,8.06596095171537e-05,0.335700714359855,0.440905570660713,0.321458657120171,1,1,50,0.0460884822785509,-0.403462991808062,1,3.42884993913648,0,-5.90597,5451,0.4,0,10,"both",0.0460884822785509,-0.403462991808062
"8","session1",-12.0906993944698,17.5238598492903,3.800539208239,8.06596095171537e-05,0.335700714359855,0.440905570660713,0.321458657120171,1,1,50,0.0460884822785509,-0.403462991808062,1,3.37711690344649,1,-4.32677,5451,0.4,0,10,"both",0.0460884822785509,-0.403462991808062
"9","session1",-12.0906993944698,17.5238598492903,3.800539208239,8.06596095171537e-05,0.335700714359855,0.440905570660713,0.321458657120171,1,1,50,0.0460884822785509,-0.403462991808062,1,4.85361557391733,1,23.1838,5451,0.4,0,10,"both",0.0460884822785509,-0.403462991808062
"10","session1",-12.0906993944698,17.5238598492903,3.800539208239,8.06596095171537e-05,0.335700714359855,0.440905570660713,0.321458657120171,1,1,50,0.0460884822785509,-0.403462991808062,1,3.80856947220517,0,-10.27001,5451,0.4,0,10,"both",0.0460884822785509,-0.403462991808062
"11","session1",-12.0906993944698,17.5238598492903,3.800539208239,8.06596095171537e-05,0.335700714359855,0.440905570660713,0.321458657120171,1,1,50,0.0460884822785509,-0.403462991808062,1,3.05026428208582,1,27.96833,5451,0.4,0,10,"both",0.0460884822785509,-0.403462991808062
"12","session1",-12.0906993944698,17.5238598492903,3.800539208239,8.06596095171537e-05,0.335700714359855,0.440905570660713,0.321458657120171,1,1,50,0.0460884822785509,-0.403462991808062,1,3.80111851333568,1,-5.01598,5451,0.4,0,10,"both",0.0460884822785509,-0.403462991808062
"13","session1",-12.0906993944698,17.5238598492903,3.800539208239,8.06596095171537e-05,0.335700714359855,0.440905570660713,0.321458657120171,1,1,50,0.0460884822785509,-0.403462991808062,1,2.98519002916721,1,-12.726993625,5451,0.4,0,10,"both",0.0460884822785509,-0.403462991808062
"14","session1",-12.0906993944698,17.5238598492903,3.800539208239,8.06596095171537e-05,0.335700714359855,0.440905570660713,0.321458657120171,1,1,50,0.0460884822785509,-0.403462991808062,1,3.18467425732458,1,40.99201,5451,0.4,0,10,"both",0.0460884822785509,-0.403462991808062
"15","session1",-12.0906993944698,17.5238598492903,3.800539208239,8.06596095171537e-05,0.335700714359855,0.440905570660713,0.321458657120171,1,1,50,0.0460884822785509,-0.403462991808062,1,8,0,-11.69719,5451,0.4,0,10,"both",0.0460884822785509,-0.403462991808062
"16","session1",-12.0906993944698,17.5238598492903,3.800539208239,8.06596095171537e-05,0.335700714359855,0.440905570660713,0.321458657120171,1,1,50,0.0460884822785509,-0.403462991808062,1,2.10880501345794,0,-17.723,5451,0.4,0,10,"both",0.0460884822785509,-0.403462991808062
"17","session1",-12.0906993944698,17.5238598492903,3.800539208239,8.06596095171537e-05,0.335700714359855,0.440905570660713,0.321458657120171,1,1,50,0.0460884822785509,-0.403462991808062,1,3.2511842335664,1,-1.0131,5451,0.4,0,10,"both",0.0460884822785509,-0.403462991808062
"18","session1",-12.0906993944698,17.5238598492903,3.800539208239,8.06596095171537e-05,0.335700714359855,0.440905570660713,0.321458657120171,1,1,50,0.0460884822785509,-0.403462991808062,1,1.73092323171458,0,-12.83729,5451,0.4,0,10,"both",0.0460884822785509,-0.403462991808062
"19","session1",-12.0906993944698,17.5238598492903,3.800539208239,8.06596095171537e-05,0.335700714359855,0.440905570660713,0.321458657120171,1,1,50,0.0460884822785509,-0.403462991808062,1,4.32838082130838,1,13.15734,5451,0.4,0,10,"both",0.0460884822785509,-0.403462991808062
"20","session1",-12.0906993944698,17.5238598492903,3.800539208239,8.06596095171537e-05,0.335700714359855,0.440905570660713,0.321458657120171,1,1,50,0.0460884822785509,-0.403462991808062,1,2.40816409126664,1,2.9473,5451,0.4,0,10,"both",0.0460884822785509,-0.403462991808062
"21","session1",-12.0906993944698,17.5238598492903,3.800539208239,8.06596095171537e-05,0.335700714359855,0.440905570660713,0.321458657120171,1,1,50,0.0460884822785509,-0.403462991808062,1,4.47758219992251,0,-7.41318,5451,0.4,0,10,"both",0.0460884822785509,-0.403462991808062
"22","session1",-12.0906993944698,17.5238598492903,3.800539208239,8.06596095171537e-05,0.335700714359855,0.440905570660713,0.321458657120171,1,1,50,0.0460884822785509,-0.403462991808062,1,2.99671226012459,0,-6.87405,5451,0.4,0,10,"both",0.0460884822785509,-0.403462991808062
"23","session1",-12.0906993944698,17.5238598492903,3.800539208239,8.06596095171537e-05,0.335700714359855,0.440905570660713,0.321458657120171,1,1,50,0.0460884822785509,-0.403462991808062,1,2.34894467154624,0,-13.90978,5451,0.4,0,10,"both",0.0460884822785509,-0.403462991808062
"24","session1",-12.0906993944698,17.5238598492903,3.800539208239,8.06596095171537e-05,0.335700714359855,0.440905570660713,0.321458657120171,1,1,50,0.0460884822785509,-0.403462991808062,1,2.69722447646917,0,-23.47949,5451,0.4,0,10,"both",0.0460884822785509,-0.403462991808062
"25","session1",-12.0906993944698,17.5238598492903,3.800539208239,8.06596095171537e-05,0.335700714359855,0.440905570660713,0.321458657120171,1,1,50,0.0460884822785509,-0.403462991808062,1,4.81697023478041,1,0.845949999999999,5451,0.4,0,10,"both",0.0460884822785509,-0.403462991808062
"26","session1",-12.0906993944698,17.5238598492903,3.800539208239,8.06596095171537e-05,0.335700714359855,0.440905570660713,0.321458657120171,1,1,50,0.0460884822785509,-0.403462991808062,1,2.29650056793288,0,-17.62879,5451,0.4,0,10,"both",0.0460884822785509,-0.403462991808062
"27","session1",-12.0906993944698,17.5238598492903,3.800539208239,8.06596095171537e-05,0.335700714359855,0.440905570660713,0.321458657120171,1,1,50,0.0460884822785509,-0.403462991808062,1,3.42296019605846,1,-3.5458,5451,0.4,0,10,"both",0.0460884822785509,-0.403462991808062
"28","session1",-12.0906993944698,17.5238598492903,3.800539208239,8.06596095171537e-05,0.335700714359855,0.440905570660713,0.321458657120171,1,1,50,0.0460884822785509,-0.403462991808062,1,3.50458392539435,0,-2.43825,5451,0.4,0,10,"both",0.0460884822785509,-0.403462991808062
"29","session1",-12.0906993944698,17.5238598492903,3.800539208239,8.06596095171537e-05,0.335700714359855,0.440905570660713,0.321458657120171,1,1,50,0.0460884822785509,-0.403462991808062,1,1.49916872695901,0,-1.16191,5451,0.4,0,10,"both",0.0460884822785509,-0.403462991808062
"30","session1",-12.0906993944698,17.5238598492903,3.800539208239,8.06596095171537e-05,0.335700714359855,0.440905570660713,0.321458657120171,1,1,50,0.0460884822785509,-0.403462991808062,1,2.75145332377437,1,20.64122,5451,0.4,0,10,"both",0.0460884822785509,-0.403462991808062
"31","session1",-12.0906993944698,17.5238598492903,3.800539208239,8.06596095171537e-05,0.335700714359855,0.440905570660713,0.321458657120171,1,1,50,0.0460884822785509,-0.403462991808062,1,5.00267128209365,1,-11.3351,5451,0.4,0,10,"both",0.0460884822785509,-0.403462991808062
"32","session1",-12.0906993944698,17.5238598492903,3.800539208239,8.06596095171537e-05,0.335700714359855,0.440905570660713,0.321458657120171,1,1,50,0.0460884822785509,-0.403462991808062,1,5.33833632449723,0,-7.46468,5451,0.4,0,10,"both",0.0460884822785509,-0.403462991808062
"33","session1",-12.0906993944698,17.5238598492903,3.800539208239,8.06596095171537e-05,0.335700714359855,0.440905570660713,0.321458657120171,1,1,50,0.0460884822785509,-0.403462991808062,1,2.92287028657411,1,7.3053,5451,0.4,0,10,"both",0.0460884822785509,-0.403462991808062
"34","session1",-12.0906993944698,17.5238598492903,3.800539208239,8.06596095171537e-05,0.335700714359855,0.440905570660713,0.321458657120171,1,1,50,0.0460884822785509,-0.403462991808062,1,8,0,-0.73559,5451,0.4,0,10,"both",0.0460884822785509,-0.403462991808062
"35","session1",-12.0906993944698,17.5238598492903,3.800539208239,8.06596095171537e-05,0.335700714359855,0.440905570660713,0.321458657120171,1,1,50,0.0460884822785509,-0.403462991808062,1,3.43637430000913,1,-1.19353,5451,0.4,0,10,"both",0.0460884822785509,-0.403462991808062
"36","session1",-12.0906993944698,17.5238598492903,3.800539208239,8.06596095171537e-05,0.335700714359855,0.440905570660713,0.321458657120171,1,1,50,0.0460884822785509,-0.403462991808062,1,1.76394906257053,0,-31.38903,5451,0.4,0,10,"both",0.0460884822785509,-0.403462991808062
"37","session1",-12.0906993944698,17.5238598492903,3.800539208239,8.06596095171537e-05,0.335700714359855,0.440905570660713,0.321458657120171,1,1,50,0.0460884822785509,-0.403462991808062,1,4.5561033406543,1,-13.17086,5451,0.4,0,10,"both",0.0460884822785509,-0.403462991808062
"38","session1",-12.0906993944698,17.5238598492903,3.800539208239,8.06596095171537e-05,0.335700714359855,0.440905570660713,0.321458657120171,1,1,50,0.0460884822785509,-0.403462991808062,1,2.50443489832413,0,14.6532,5451,0.4,0,10,"both",0.0460884822785509,-0.403462991808062
"39","session1",-12.0906993944698,17.5238598492903,3.800539208239,8.06596095171537e-05,0.335700714359855,0.440905570660713,0.321458657120171,1,1,50,0.0460884822785509,-0.403462991808062,1,1.19291648146636,1,36.91303,5451,0.4,0,10,"both",0.0460884822785509,-0.403462991808062
"40","session1",-12.0906993944698,17.5238598492903,3.800539208239,8.06596095171537e-05,0.335700714359855,0.440905570660713,0.321458657120171,1,1,50,0.0460884822785509,-0.403462991808062,1,2.02987942411164,0,-24.57957,5451,0.4,0,10,"both",0.0460884822785509,-0.403462991808062
"41","session1",-12.0906993944698,17.5238598492903,3.800539208239,8.06596095171537e-05,0.335700714359855,0.440905570660713,0.321458657120171,1,1,50,0.0460884822785509,-0.403462991808062,1,2.96999776651312,1,15.8412,5451,0.4,0,10,"both",0.0460884822785509,-0.403462991808062
"42","session1",-12.0906993944698,17.5238598492903,3.800539208239,8.06596095171537e-05,0.335700714359855,0.440905570660713,0.321458657120171,1,1,50,0.0460884822785509,-0.403462991808062,1,2.36395834742477,0,-30.29441,5451,0.4,0,10,"both",0.0460884822785509,-0.403462991808062
"43","session1",-12.0906993944698,17.5238598492903,3.800539208239,8.06596095171537e-05,0.335700714359855,0.440905570660713,0.321458657120171,1,1,50,0.0460884822785509,-0.403462991808062,1,1.83061393383843,1,10.056,5451,0.4,0,10,"both",0.0460884822785509,-0.403462991808062
"44","session1",-12.0906993944698,17.5238598492903,3.800539208239,8.06596095171537e-05,0.335700714359855,0.440905570660713,0.321458657120171,1,1,50,0.0460884822785509,-0.403462991808062,1,1.11829351985759,0,-49.63657,5451,0.4,0,10,"both",0.0460884822785509,-0.403462991808062
"45","session1",-12.0906993944698,17.5238598492903,3.800539208239,8.06596095171537e-05,0.335700714359855,0.440905570660713,0.321458657120171,1,1,50,0.0460884822785509,-0.403462991808062,1,2.64625865382368,0,-19.9135,5451,0.4,0,10,"both",0.0460884822785509,-0.403462991808062
"46","session1",-12.0906993944698,17.5238598492903,3.800539208239,8.06596095171537e-05,0.335700714359855,0.440905570660713,0.321458657120171,1,1,50,0.0460884822785509,-0.403462991808062,1,3.35568087229418,1,11.03362,5451,0.4,0,10,"both",0.0460884822785509,-0.403462991808062
"47","session1",-12.0906993944698,17.5238598492903,3.800539208239,8.06596095171537e-05,0.335700714359855,0.440905570660713,0.321458657120171,1,1,50,0.0460884822785509,-0.403462991808062,1,3.13607081846584,0,-29.60175,5451,0.4,0,10,"both",0.0460884822785509,-0.403462991808062
"48","session1",-12.0906993944698,17.5238598492903,3.800539208239,8.06596095171537e-05,0.335700714359855,0.440905570660713,0.321458657120171,1,1,50,0.0460884822785509,-0.403462991808062,1,3.47320771093781,1,-19.47087,5451,0.4,0,10,"both",0.0460884822785509,-0.403462991808062
"49","session1",-12.0906993944698,17.5238598492903,3.800539208239,8.06596095171537e-05,0.335700714359855,0.440905570660713,0.321458657120171,1,1,50,0.0460884822785509,-0.403462991808062,1,1.37937657293674,1,21.88509,5451,0.4,0,10,"both",0.0460884822785509,-0.403462991808062
"50","session1",-12.0906993944698,17.5238598492903,3.800539208239,8.06596095171537e-05,0.335700714359855,0.440905570660713,0.321458657120171,1,1,50,0.0460884822785509,-0.403462991808062,1,1.96715516319445,1,8.58235,5451,0.4,0,10,"both",0.0460884822785509,-0.403462991808062
"51","session1",3.54666356559763,8.08356388673382,2.52706833102182,0.00397444353178048,-0.59537186458299,0.807877042545147,0.929736366309518,2,1,50,0.0460884822785509,-0.403462991808062,2,3.3640222292499,0,-8.4356261824315,5451,0.4,0,10,"both",0.0460884822785509,-0.403462991808062
"52","session1",3.54666356559763,8.08356388673382,2.52706833102182,0.00397444353178048,-0.59537186458299,0.807877042545147,0.929736366309518,2,1,50,0.0460884822785509,-0.403462991808062,2,1.46279751733334,1,3.5922198135,5451,0.4,0,10,"both",0.0460884822785509,-0.403462991808062
"53","session1",3.54666356559763,8.08356388673382,2.52706833102182,0.00397444353178048,-0.59537186458299,0.807877042545147,0.929736366309518,2,1,50,0.0460884822785509,-0.403462991808062,2,1.95781282105772,1,-0.0516361999000001,5451,0.4,0,10,"both",0.0460884822785509,-0.403462991808062
"54","session1",3.54666356559763,8.08356388673382,2.52706833102182,0.00397444353178048,-0.59537186458299,0.807877042545147,0.929736366309518,2,1,50,0.0460884822785509,-0.403462991808062,2,1.84973785820076,0,-4.82741096385,5451,0.4,0,10,"both",0.0460884822785509,-0.403462991808062
"55","session1",3.54666356559763,8.08356388673382,2.52706833102182,0.00397444353178048,-0.59537186458299,0.807877042545147,0.929736366309518,2,1,50,0.0460884822785509,-0.403462991808062,2,2.33709518536532,0,-1.897689,5451,0.4,0,10,"both",0.0460884822785509,-0.403462991808062
"56","session1",3.54666356559763,8.08356388673382,2.52706833102182,0.00397444353178048,-0.59537186458299,0.807877042545147,0.929736366309518,2,1,50,0.0460884822785509,-0.403462991808062,2,1.28747783016805,0,-7.55897,5451,0.4,0,10,"both",0.0460884822785509,-0.403462991808062
"57","session1",3.54666356559763,8.08356388673382,2.52706833102182,0.00397444353178048,-0.59537186458299,0.807877042545147,0.929736366309518,2,1,50,0.0460884822785509,-0.403462991808062,2,1.70191393058845,0,-32.442359,5451,0.4,0,10,"both",0.0460884822785509,-0.403462991808062
"58","session1",3.54666356559763,8.08356388673382,2.52706833102182,0.00397444353178048,-0.59537186458299,0.807877042545147,0.929736366309518,2,1,50,0.0460884822785509,-0.403462991808062,2,1.61237042112738,0,0.43278,5451,0.4,0,10,"both",0.0460884822785509,-0.403462991808062
"59","session1",3.54666356559763,8.08356388673382,2.52706833102182,0.00397444353178048,-0.59537186458299,0.807877042545147,0.929736366309518,2,1,50,0.0460884822785509,-0.403462991808062,2,2.67098366800176,0,5.17001,5451,0.4,0,10,"both",0.0460884822785509,-0.403462991808062
"60","session1",3.54666356559763,8.08356388673382,2.52706833102182,0.00397444353178048,-0.59537186458299,0.807877042545147,0.929736366309518,2,1,50,0.0460884822785509,-0.403462991808062,2,1.90867691692771,0,12.19277,5451,0.4,0,10,"both",0.0460884822785509,-0.403462991808062
"61","session1",3.54666356559763,8.08356388673382,2.52706833102182,0.00397444353178048,-0.59537186458299,0.807877042545147,0.929736366309518,2,1,50,0.0460884822785509,-0.403462991808062,2,1.18633915293812,1,47.9245,5451,0.4,0,10,"both",0.0460884822785509,-0.403462991808062
"62","session1",3.54666356559763,8.08356388673382,2.52706833102182,0.00397444353178048,-0.59537186458299,0.807877042545147,0.929736366309518,2,1,50,0.0460884822785509,-0.403462991808062,2,1.43658170625455,0,-38.38016,5451,0.4,0,10,"both",0.0460884822785509,-0.403462991808062
"63","session1",3.54666356559763,8.08356388673382,2.52706833102182,0.00397444353178048,-0.59537186458299,0.807877042545147,0.929736366309518,2,1,50,0.0460884822785509,-0.403462991808062,2,1.98378353228061,0,12.93179,5451,0.4,0,10,"both",0.0460884822785509,-0.403462991808062
"64","session1",3.54666356559763,8.08356388673382,2.52706833102182,0.00397444353178048,-0.59537186458299,0.807877042545147,0.929736366309518,2,1,50,0.0460884822785509,-0.403462991808062,2,1.40464106035952,1,26.86918,5451,0.4,0,10,"both",0.0460884822785509,-0.403462991808062
"65","session1",3.54666356559763,8.08356388673382,2.52706833102182,0.00397444353178048,-0.59537186458299,0.807877042545147,0.929736366309518,2,1,50,0.0460884822785509,-0.403462991808062,2,1.69538368649936,0,-33.3067,5451,0.4,0,10,"both",0.0460884822785509,-0.403462991808062
"66","session1",3.54666356559763,8.08356388673382,2.52706833102182,0.00397444353178048,-0.59537186458299,0.807877042545147,0.929736366309518,2,1,50,0.0460884822785509,-0.403462991808062,2,1.48542175161551,0,4.49046,5451,0.4,0,10,"both",0.0460884822785509,-0.403462991808062
"67","session1",3.54666356559763,8.08356388673382,2.52706833102182,0.00397444353178048,-0.59537186458299,0.807877042545147,0.929736366309518,2,1,50,0.0460884822785509,-0.403462991808062,2,2.61010783553116,1,3.6036,5451,0.4,0,10,"both",0.0460884822785509,-0.403462991808062
"68","session1",3.54666356559763,8.08356388673382,2.52706833102182,0.00397444353178048,-0.59537186458299,0.807877042545147,0.929736366309518,2,1,50,0.0460884822785509,-0.403462991808062,2,1.66582572855435,0,-19.97781,5451,0.4,0,10,"both",0.0460884822785509,-0.403462991808062
"69","session1",3.54666356559763,8.08356388673382,2.52706833102182,0.00397444353178048,-0.59537186458299,0.807877042545147,0.929736366309518,2,1,50,0.0460884822785509,-0.403462991808062,2,2.06495506235317,1,1.2597,5451,0.4,0,10,"both",0.0460884822785509,-0.403462991808062
"70","session1",3.54666356559763,8.08356388673382,2.52706833102182,0.00397444353178048,-0.59537186458299,0.807877042545147,0.929736366309518,2,1,50,0.0460884822785509,-0.403462991808062,2,1.06700268199294,1,30.60744,5451,0.4,0,10,"both",0.0460884822785509,-0.403462991808062
"71","session1",3.54666356559763,8.08356388673382,2.52706833102182,0.00397444353178048,-0.59537186458299,0.807877042545147,0.929736366309518,2,1,50,0.0460884822785509,-0.403462991808062,2,1.25155660618684,1,12.09906,5451,0.4,0,10,"both",0.0460884822785509,-0.403462991808062
"72","session1",3.54666356559763,8.08356388673382,2.52706833102182,0.00397444353178048,-0.59537186458299,0.807877042545147,0.929736366309518,2,1,50,0.0460884822785509,-0.403462991808062,2,1.2706512643717,1,-4.7066,5451,0.4,0,10,"both",0.0460884822785509,-0.403462991808062
"73","session1",3.54666356559763,8.08356388673382,2.52706833102182,0.00397444353178048,-0.59537186458299,0.807877042545147,0.929736366309518,2,1,50,0.0460884822785509,-0.403462991808062,2,1.89097903842952,0,-13.31076,5451,0.4,0,10,"both",0.0460884822785509,-0.403462991808062
"74","session1",3.54666356559763,8.08356388673382,2.52706833102182,0.00397444353178048,-0.59537186458299,0.807877042545147,0.929736366309518,2,1,50,0.0460884822785509,-0.403462991808062,2,1.95631089907274,0,5.963,5451,0.4,0,10,"both",0.0460884822785509,-0.403462991808062
"75","session1",3.54666356559763,8.08356388673382,2.52706833102182,0.00397444353178048,-0.59537186458299,0.807877042545147,0.929736366309518,2,1,50,0.0460884822785509,-0.403462991808062,2,1.7246923901704,0,9.06442239971,5451,0.4,0,10,"both",0.0460884822785509,-0.403462991808062
"76","session1",3.54666356559763,8.08356388673382,2.52706833102182,0.00397444353178048,-0.59537186458299,0.807877042545147,0.929736366309518,2,1,50,0.0460884822785509,-0.403462991808062,2,1.27812977555301,1,-2.4289,5451,0.4,0,10,"both",0.0460884822785509,-0.403462991808062
"77","session1",3.54666356559763,8.08356388673382,2.52706833102182,0.00397444353178048,-0.59537186458299,0.807877042545147,0.929736366309518,2,1,50,0.0460884822785509,-0.403462991808062,2,1.4217245485053,0,-20.28263,5451,0.4,0,10,"both",0.0460884822785509,-0.403462991808062
"78","session1",3.54666356559763,8.08356388673382,2.52706833102182,0.00397444353178048,-0.59537186458299,0.807877042545147,0.929736366309518,2,1,50,0.0460884822785509,-0.403462991808062,2,2.59934063343909,0,-12.19751,5451,0.4,0,10,"both",0.0460884822785509,-0.403462991808062
"79","session1",3.54666356559763,8.08356388673382,2.52706833102182,0.00397444353178048,-0.59537186458299,0.807877042545147,0.929736366309518,2,1,50,0.0460884822785509,-0.403462991808062,2,1.32257748697077,1,33.23436,5451,0.4,0,10,"both",0.0460884822785509,-0.403462991808062
"80","session1",3.54666356559763,8.08356388673382,2.52706833102182,0.00397444353178048,-0.59537186458299,0.807877042545147,0.929736366309518,2,1,50,0.0460884822785509,-0.403462991808062,2,1.38463280106396,1,44.6282,5451,0.4,0,10,"both",0.0460884822785509,-0.403462991808062
"81","session1",3.54666356559763,8.08356388673382,2.52706833102182,0.00397444353178048,-0.59537186458299,0.807877042545147,0.929736366309518,2,1,50,0.0460884822785509,-0.403462991808062,2,2.26926742510577,0,-11.8843,5451,0.4,0,10,"both",0.0460884822785509,-0.403462991808062
"82","session1",3.54666356559763,8.08356388673382,2.52706833102182,0.00397444353178048,-0.59537186458299,0.807877042545147,0.929736366309518,2,1,50,0.0460884822785509,-0.403462991808062,2,3.72282774606577,0,0.869119999999999,5451,0.4,0,10,"both",0.0460884822785509,-0.403462991808062
"83","session1",3.54666356559763,8.08356388673382,2.52706833102182,0.00397444353178048,-0.59537186458299,0.807877042545147,0.929736366309518,2,1,50,0.0460884822785509,-0.403462991808062,2,1.43927109486037,0,-6.55973,5451,0.4,0,10,"both",0.0460884822785509,-0.403462991808062
"84","session1",3.54666356559763,8.08356388673382,2.52706833102182,0.00397444353178048,-0.59537186458299,0.807877042545147,0.929736366309518,2,1,50,0.0460884822785509,-0.403462991808062,2,2.7369770205445,1,19.75227,5451,0.4,0,10,"both",0.0460884822785509,-0.403462991808062
"85","session1",3.54666356559763,8.08356388673382,2.52706833102182,0.00397444353178048,-0.59537186458299,0.807877042545147,0.929736366309518,2,1,50,0.0460884822785509,-0.403462991808062,2,2.09160304933011,0,-8.1292,5451,0.4,0,10,"both",0.0460884822785509,-0.403462991808062
"86","session1",3.54666356559763,8.08356388673382,2.52706833102182,0.00397444353178048,-0.59537186458299,0.807877042545147,0.929736366309518,2,1,50,0.0460884822785509,-0.403462991808062,2,1.41905939923112,1,23.3355,5451,0.4,0,10,"both",0.0460884822785509,-0.403462991808062
"87","session1",3.54666356559763,8.08356388673382,2.52706833102182,0.00397444353178048,-0.59537186458299,0.807877042545147,0.929736366309518,2,1,50,0.0460884822785509,-0.403462991808062,2,2.204827544875,0,-3.99611,5451,0.4,0,10,"both",0.0460884822785509,-0.403462991808062
"88","session1",3.54666356559763,8.08356388673382,2.52706833102182,0.00397444353178048,-0.59537186458299,0.807877042545147,0.929736366309518,2,1,50,0.0460884822785509,-0.403462991808062,2,1.27341111741905,1,24.7742,5451,0.4,0,10,"both",0.0460884822785509,-0.403462991808062
"89","session1",3.54666356559763,8.08356388673382,2.52706833102182,0.00397444353178048,-0.59537186458299,0.807877042545147,0.929736366309518,2,1,50,0.0460884822785509,-0.403462991808062,2,1.85338374531089,1,21.56782,5451,0.4,0,10,"both",0.0460884822785509,-0.403462991808062
"90","session1",3.54666356559763,8.08356388673382,2.52706833102182,0.00397444353178048,-0.59537186458299,0.807877042545147,0.929736366309518,2,1,50,0.0460884822785509,-0.403462991808062,2,2.85339458501767,1,22.65302,5451,0.4,0,10,"both",0.0460884822785509,-0.403462991808062
"91","session1",3.54666356559763,8.08356388673382,2.52706833102182,0.00397444353178048,-0.59537186458299,0.807877042545147,0.929736366309518,2,1,50,0.0460884822785509,-0.403462991808062,2,1.62912746401914,0,-11.60726,5451,0.4,0,10,"both",0.0460884822785509,-0.403462991808062
"92","session1",3.54666356559763,8.08356388673382,2.52706833102182,0.00397444353178048,-0.59537186458299,0.807877042545147,0.929736366309518,2,1,50,0.0460884822785509,-0.403462991808062,2,1.32827905872017,1,16.65612,5451,0.4,0,10,"both",0.0460884822785509,-0.403462991808062
"93","session1",3.54666356559763,8.08356388673382,2.52706833102182,0.00397444353178048,-0.59537186458299,0.807877042545147,0.929736366309518,2,1,50,0.0460884822785509,-0.403462991808062,2,1.74867275678316,1,14.78598,5451,0.4,0,10,"both",0.0460884822785509,-0.403462991808062
"94","session1",3.54666356559763,8.08356388673382,2.52706833102182,0.00397444353178048,-0.59537186458299,0.807877042545147,0.929736366309518,2,1,50,0.0460884822785509,-0.403462991808062,2,1.06459770350151,1,13.83767,5451,0.4,0,10,"both",0.0460884822785509,-0.403462991808062
"95","session1",3.54666356559763,8.08356388673382,2.52706833102182,0.00397444353178048,-0.59537186458299,0.807877042545147,0.929736366309518,2,1,50,0.0460884822785509,-0.403462991808062,2,1.38976170383896,0,-2.78997,5451,0.4,0,10,"both",0.0460884822785509,-0.403462991808062
"96","session1",3.54666356559763,8.08356388673382,2.52706833102182,0.00397444353178048,-0.59537186458299,0.807877042545147,0.929736366309518,2,1,50,0.0460884822785509,-0.403462991808062,2,1.65755201930212,1,17.31124,5451,0.4,0,10,"both",0.0460884822785509,-0.403462991808062
"97","session1",3.54666356559763,8.08356388673382,2.52706833102182,0.00397444353178048,-0.59537186458299,0.807877042545147,0.929736366309518,2,1,50,0.0460884822785509,-0.403462991808062,2,1.07420035868486,1,14.94866,5451,0.4,0,10,"both",0.0460884822785509,-0.403462991808062
"98","session1",3.54666356559763,8.08356388673382,2.52706833102182,0.00397444353178048,-0.59537186458299,0.807877042545147,0.929736366309518,2,1,50,0.0460884822785509,-0.403462991808062,2,1.54861277261434,0,-1.7892,5451,0.4,0,10,"both",0.0460884822785509,-0.403462991808062
"99","session1",3.54666356559763,8.08356388673382,2.52706833102182,0.00397444353178048,-0.59537186458299,0.807877042545147,0.929736366309518,2,1,50,0.0460884822785509,-0.403462991808062,2,2.69039007536148,1,20.72847,5451,0.4,0,10,"both",0.0460884822785509,-0.403462991808062
"100","session1",3.54666356559763,8.08356388673382,2.52706833102182,0.00397444353178048,-0.59537186458299,0.807877042545147,0.929736366309518,2,1,50,0.0460884822785509,-0.403462991808062,2,2.51517125388207,0,-0.3987,5451,0.4,0,10,"both",0.0460884822785509,-0.403462991808062
"101","session1",-7.66843195989856,11.7845472977867,5.37214249493743,0.000624681096996002,0.205776804634522,0.469731837577768,0.38599765948345,3,1,50,0.0460884822785509,-0.403462991808062,3,2.19013919380154,1,7.6784562394,5451,0.4,0,10,"both",0.0460884822785509,-0.403462991808062
"102","session1",-7.66843195989856,11.7845472977867,5.37214249493743,0.000624681096996002,0.205776804634522,0.469731837577768,0.38599765948345,3,1,50,0.0460884822785509,-0.403462991808062,3,5.30247524524849,0,-7.6266853727,5451,0.4,0,10,"both",0.0460884822785509,-0.403462991808062
"103","session1",-7.66843195989856,11.7845472977867,5.37214249493743,0.000624681096996002,0.205776804634522,0.469731837577768,0.38599765948345,3,1,50,0.0460884822785509,-0.403462991808062,3,2.39946497423835,1,-0.4629767963,5451,0.4,0,10,"both",0.0460884822785509,-0.403462991808062
"104","session1",-7.66843195989856,11.7845472977867,5.37214249493743,0.000624681096996002,0.205776804634522,0.469731837577768,0.38599765948345,3,1,50,0.0460884822785509,-0.403462991808062,3,3.66382229852459,1,-6.1760016986,5451,0.4,0,10,"both",0.0460884822785509,-0.403462991808062
"105","session1",-7.66843195989856,11.7845472977867,5.37214249493743,0.000624681096996002,0.205776804634522,0.469731837577768,0.38599765948345,3,1,50,0.0460884822785509,-0.403462991808062,3,2.40458505369687,1,7.6158,5451,0.4,0,10,"both",0.0460884822785509,-0.403462991808062
"106","session1",-7.66843195989856,11.7845472977867,5.37214249493743,0.000624681096996002,0.205776804634522,0.469731837577768,0.38599765948345,3,1,50,0.0460884822785509,-0.403462991808062,3,3.06154258588612,1,2.963029,5451,0.4,0,10,"both",0.0460884822785509,-0.403462991808062
"107","session1",-7.66843195989856,11.7845472977867,5.37214249493743,0.000624681096996002,0.205776804634522,0.469731837577768,0.38599765948345,3,1,50,0.0460884822785509,-0.403462991808062,3,2.45386246887495,1,-9.83844337931,5451,0.4,0,10,"both",0.0460884822785509,-0.403462991808062
"108","session1",-7.66843195989856,11.7845472977867,5.37214249493743,0.000624681096996002,0.205776804634522,0.469731837577768,0.38599765948345,3,1,50,0.0460884822785509,-0.403462991808062,3,1.12661002374191,0,-27.05494,5451,0.4,0,10,"both",0.0460884822785509,-0.403462991808062
"109","session1",-7.66843195989856,11.7845472977867,5.37214249493743,0.000624681096996002,0.205776804634522,0.469731837577768,0.38599765948345,3,1,50,0.0460884822785509,-0.403462991808062,3,6.96731448410636,1,-17.59783,5451,0.4,0,10,"both",0.0460884822785509,-0.403462991808062
"110","session1",-7.66843195989856,11.7845472977867,5.37214249493743,0.000624681096996002,0.205776804634522,0.469731837577768,0.38599765948345,3,1,50,0.0460884822785509,-0.403462991808062,3,1.54910322261521,1,18.7884,5451,0.4,0,10,"both",0.0460884822785509,-0.403462991808062
"111","session1",-7.66843195989856,11.7845472977867,5.37214249493743,0.000624681096996002,0.205776804634522,0.469731837577768,0.38599765948345,3,1,50,0.0460884822785509,-0.403462991808062,3,6.50526585895553,0,-8.56831,5451,0.4,0,10,"both",0.0460884822785509,-0.403462991808062
"112","session1",-7.66843195989856,11.7845472977867,5.37214249493743,0.000624681096996002,0.205776804634522,0.469731837577768,0.38599765948345,3,1,50,0.0460884822785509,-0.403462991808062,3,2.54239839536068,1,5.16649,5451,0.4,0,10,"both",0.0460884822785509,-0.403462991808062
"113","session1",-7.66843195989856,11.7845472977867,5.37214249493743,0.000624681096996002,0.205776804634522,0.469731837577768,0.38599765948345,3,1,50,0.0460884822785509,-0.403462991808062,3,2.12323006969224,0,-26.58032,5451,0.4,0,10,"both",0.0460884822785509,-0.403462991808062
"114","session1",-7.66843195989856,11.7845472977867,5.37214249493743,0.000624681096996002,0.205776804634522,0.469731837577768,0.38599765948345,3,1,50,0.0460884822785509,-0.403462991808062,3,2.11964629161285,0,-30.5425,5451,0.4,0,10,"both",0.0460884822785509,-0.403462991808062
"115","session1",-7.66843195989856,11.7845472977867,5.37214249493743,0.000624681096996002,0.205776804634522,0.469731837577768,0.38599765948345,3,1,50,0.0460884822785509,-0.403462991808062,3,2.10329568164496,0,-27.40253,5451,0.4,0,10,"both",0.0460884822785509,-0.403462991808062
"116","session1",-7.66843195989856,11.7845472977867,5.37214249493743,0.000624681096996002,0.205776804634522,0.469731837577768,0.38599765948345,3,1,50,0.0460884822785509,-0.403462991808062,3,3.15623736681396,0,-23.5104,5451,0.4,0,10,"both",0.0460884822785509,-0.403462991808062
"117","session1",-7.66843195989856,11.7845472977867,5.37214249493743,0.000624681096996002,0.205776804634522,0.469731837577768,0.38599765948345,3,1,50,0.0460884822785509,-0.403462991808062,3,8,0,-12.94057,5451,0.4,0,10,"both",0.0460884822785509,-0.403462991808062
"118","session1",-7.66843195989856,11.7845472977867,5.37214249493743,0.000624681096996002,0.205776804634522,0.469731837577768,0.38599765948345,3,1,50,0.0460884822785509,-0.403462991808062,3,2.71322592514748,1,5.70592,5451,0.4,0,10,"both",0.0460884822785509,-0.403462991808062
"119","session1",-7.66843195989856,11.7845472977867,5.37214249493743,0.000624681096996002,0.205776804634522,0.469731837577768,0.38599765948345,3,1,50,0.0460884822785509,-0.403462991808062,3,2.10668603680919,1,2.66559,5451,0.4,0,10,"both",0.0460884822785509,-0.403462991808062
"120","session1",-7.66843195989856,11.7845472977867,5.37214249493743,0.000624681096996002,0.205776804634522,0.469731837577768,0.38599765948345,3,1,50,0.0460884822785509,-0.403462991808062,3,1.75834027765232,0,-35.0726,5451,0.4,0,10,"both",0.0460884822785509,-0.403462991808062
"121","session1",-7.66843195989856,11.7845472977867,5.37214249493743,0.000624681096996002,0.205776804634522,0.469731837577768,0.38599765948345,3,1,50,0.0460884822785509,-0.403462991808062,3,1.95641840834919,0,-23.6132,5451,0.4,0,10,"both",0.0460884822785509,-0.403462991808062
"122","session1",-7.66843195989856,11.7845472977867,5.37214249493743,0.000624681096996002,0.205776804634522,0.469731837577768,0.38599765948345,3,1,50,0.0460884822785509,-0.403462991808062,3,5.18298727114164,0,-17.6716,5451,0.4,0,10,"both",0.0460884822785509,-0.403462991808062
"123","session1",-7.66843195989856,11.7845472977867,5.37214249493743,0.000624681096996002,0.205776804634522,0.469731837577768,0.38599765948345,3,1,50,0.0460884822785509,-0.403462991808062,3,1.93816026315506,0,-11.59915,5451,0.4,0,10,"both",0.0460884822785509,-0.403462991808062
"124","session1",-7.66843195989856,11.7845472977867,5.37214249493743,0.000624681096996002,0.205776804634522,0.469731837577768,0.38599765948345,3,1,50,0.0460884822785509,-0.403462991808062,3,1.75277039537109,0,-22.13174,5451,0.4,0,10,"both",0.0460884822785509,-0.403462991808062
"125","session1",-7.66843195989856,11.7845472977867,5.37214249493743,0.000624681096996002,0.205776804634522,0.469731837577768,0.38599765948345,3,1,50,0.0460884822785509,-0.403462991808062,3,2.90898398375953,1,19.65199,5451,0.4,0,10,"both",0.0460884822785509,-0.403462991808062
"126","session1",-7.66843195989856,11.7845472977867,5.37214249493743,0.000624681096996002,0.205776804634522,0.469731837577768,0.38599765948345,3,1,50,0.0460884822785509,-0.403462991808062,3,3.11832100379262,1,-4.25105,5451,0.4,0,10,"both",0.0460884822785509,-0.403462991808062
"127","session1",-7.66843195989856,11.7845472977867,5.37214249493743,0.000624681096996002,0.205776804634522,0.469731837577768,0.38599765948345,3,1,50,0.0460884822785509,-0.403462991808062,3,4.62640904313439,1,1.58428,5451,0.4,0,10,"both",0.0460884822785509,-0.403462991808062
"128","session1",-7.66843195989856,11.7845472977867,5.37214249493743,0.000624681096996002,0.205776804634522,0.469731837577768,0.38599765948345,3,1,50,0.0460884822785509,-0.403462991808062,3,4.08271676629353,0,-5.26251,5451,0.4,0,10,"both",0.0460884822785509,-0.403462991808062
"129","session1",-7.66843195989856,11.7845472977867,5.37214249493743,0.000624681096996002,0.205776804634522,0.469731837577768,0.38599765948345,3,1,50,0.0460884822785509,-0.403462991808062,3,3.30512897152641,0,2.46534,5451,0.4,0,10,"both",0.0460884822785509,-0.403462991808062
"130","session1",-7.66843195989856,11.7845472977867,5.37214249493743,0.000624681096996002,0.205776804634522,0.469731837577768,0.38599765948345,3,1,50,0.0460884822785509,-0.403462991808062,3,2.64117138768622,1,1.50923,5451,0.4,0,10,"both",0.0460884822785509,-0.403462991808062
"131","session1",-7.66843195989856,11.7845472977867,5.37214249493743,0.000624681096996002,0.205776804634522,0.469731837577768,0.38599765948345,3,1,50,0.0460884822785509,-0.403462991808062,3,3.20886216954721,1,4.05554,5451,0.4,0,10,"both",0.0460884822785509,-0.403462991808062
"132","session1",-7.66843195989856,11.7845472977867,5.37214249493743,0.000624681096996002,0.205776804634522,0.469731837577768,0.38599765948345,3,1,50,0.0460884822785509,-0.403462991808062,3,3.92170871707248,1,-2.29033,5451,0.4,0,10,"both",0.0460884822785509,-0.403462991808062
"133","session1",-7.66843195989856,11.7845472977867,5.37214249493743,0.000624681096996002,0.205776804634522,0.469731837577768,0.38599765948345,3,1,50,0.0460884822785509,-0.403462991808062,3,2.80928011208428,0,-15.85989,5451,0.4,0,10,"both",0.0460884822785509,-0.403462991808062
"134","session1",-7.66843195989856,11.7845472977867,5.37214249493743,0.000624681096996002,0.205776804634522,0.469731837577768,0.38599765948345,3,1,50,0.0460884822785509,-0.403462991808062,3,4.14760848649972,0,-15.124,5451,0.4,0,10,"both",0.0460884822785509,-0.403462991808062
"135","session1",-7.66843195989856,11.7845472977867,5.37214249493743,0.000624681096996002,0.205776804634522,0.469731837577768,0.38599765948345,3,1,50,0.0460884822785509,-0.403462991808062,3,3.94481509403614,0,-12.59851,5451,0.4,0,10,"both",0.0460884822785509,-0.403462991808062
"136","session1",-7.66843195989856,11.7845472977867,5.37214249493743,0.000624681096996002,0.205776804634522,0.469731837577768,0.38599765948345,3,1,50,0.0460884822785509,-0.403462991808062,3,7.47568104264029,1,-2.46405,5451,0.4,0,10,"both",0.0460884822785509,-0.403462991808062
"137","session1",-7.66843195989856,11.7845472977867,5.37214249493743,0.000624681096996002,0.205776804634522,0.469731837577768,0.38599765948345,3,1,50,0.0460884822785509,-0.403462991808062,3,4.31098285104679,0,-13.88113,5451,0.4,0,10,"both",0.0460884822785509,-0.403462991808062
"138","session1",-7.66843195989856,11.7845472977867,5.37214249493743,0.000624681096996002,0.205776804634522,0.469731837577768,0.38599765948345,3,1,50,0.0460884822785509,-0.403462991808062,3,5.81299656982549,1,-8.13428,5451,0.4,0,10,"both",0.0460884822785509,-0.403462991808062
"139","session1",-7.66843195989856,11.7845472977867,5.37214249493743,0.000624681096996002,0.205776804634522,0.469731837577768,0.38599765948345,3,1,50,0.0460884822785509,-0.403462991808062,3,3.9150468585509,1,-9.32492,5451,0.4,0,10,"both",0.0460884822785509,-0.403462991808062
"140","session1",-7.66843195989856,11.7845472977867,5.37214249493743,0.000624681096996002,0.205776804634522,0.469731837577768,0.38599765948345,3,1,50,0.0460884822785509,-0.403462991808062,3,6.58940024517683,1,-4.87287,5451,0.4,0,10,"both",0.0460884822785509,-0.403462991808062
"141","session1",-7.66843195989856,11.7845472977867,5.37214249493743,0.000624681096996002,0.205776804634522,0.469731837577768,0.38599765948345,3,1,50,0.0460884822785509,-0.403462991808062,3,8,1,-4.45029,5451,0.4,0,10,"both",0.0460884822785509,-0.403462991808062
"142","session1",-7.66843195989856,11.7845472977867,5.37214249493743,0.000624681096996002,0.205776804634522,0.469731837577768,0.38599765948345,3,1,50,0.0460884822785509,-0.403462991808062,3,7.68092136538644,1,-13.60835,5451,0.4,0,10,"both",0.0460884822785509,-0.403462991808062
"143","session1",-7.66843195989856,11.7845472977867,5.37214249493743,0.000624681096996002,0.205776804634522,0.469731837577768,0.38599765948345,3,1,50,0.0460884822785509,-0.403462991808062,3,1.90665897019091,0,-20.66883,5451,0.4,0,10,"both",0.0460884822785509,-0.403462991808062
"144","session1",-7.66843195989856,11.7845472977867,5.37214249493743,0.000624681096996002,0.205776804634522,0.469731837577768,0.38599765948345,3,1,50,0.0460884822785509,-0.403462991808062,3,3.28753300116611,0,-2.34631,5451,0.4,0,10,"both",0.0460884822785509,-0.403462991808062
"145","session1",-7.66843195989856,11.7845472977867,5.37214249493743,0.000624681096996002,0.205776804634522,0.469731837577768,0.38599765948345,3,1,50,0.0460884822785509,-0.403462991808062,3,7.12418524809725,1,-1.12666,5451,0.4,0,10,"both",0.0460884822785509,-0.403462991808062
"146","session1",-7.66843195989856,11.7845472977867,5.37214249493743,0.000624681096996002,0.205776804634522,0.469731837577768,0.38599765948345,3,1,50,0.0460884822785509,-0.403462991808062,3,4.23294669089366,0,-0.975639999999999,5451,0.4,0,10,"both",0.0460884822785509,-0.403462991808062
"147","session1",-7.66843195989856,11.7845472977867,5.37214249493743,0.000624681096996002,0.205776804634522,0.469731837577768,0.38599765948345,3,1,50,0.0460884822785509,-0.403462991808062,3,4.41800093483293,1,-12.56024,5451,0.4,0,10,"both",0.0460884822785509,-0.403462991808062
"148","session1",-7.66843195989856,11.7845472977867,5.37214249493743,0.000624681096996002,0.205776804634522,0.469731837577768,0.38599765948345,3,1,50,0.0460884822785509,-0.403462991808062,3,3.14429642746756,0,-16.53396,5451,0.4,0,10,"both",0.0460884822785509,-0.403462991808062
"149","session1",-7.66843195989856,11.7845472977867,5.37214249493743,0.000624681096996002,0.205776804634522,0.469731837577768,0.38599765948345,3,1,50,0.0460884822785509,-0.403462991808062,3,4.50646345691884,1,-7.09792,5451,0.4,0,10,"both",0.0460884822785509,-0.403462991808062
"150","session1",-7.66843195989856,11.7845472977867,5.37214249493743,0.000624681096996002,0.205776804634522,0.469731837577768,0.38599765948345,3,1,50,0.0460884822785509,-0.403462991808062,3,2.50446041172113,1,5.64525,5451,0.4,0,10,"both",0.0460884822785509,-0.403462991808062
"151","session1",1.96386237817793,26.1859798751337,2.99161713305767,4.33505518940415e-05,0.25214780465603,0.339734847844173,0.297749225415668,4,1,50,0.0460884822785509,-0.403462991808062,4,2.76098938960604,0,-10.3574066963,5451,0.4,0,10,"both",0.0460884822785509,-0.403462991808062
"152","session1",1.96386237817793,26.1859798751337,2.99161713305767,4.33505518940415e-05,0.25214780465603,0.339734847844173,0.297749225415668,4,1,50,0.0460884822785509,-0.403462991808062,4,2.77348521071458,1,5.35125948772,5451,0.4,0,10,"both",0.0460884822785509,-0.403462991808062
"153","session1",1.96386237817793,26.1859798751337,2.99161713305767,4.33505518940415e-05,0.25214780465603,0.339734847844173,0.297749225415668,4,1,50,0.0460884822785509,-0.403462991808062,4,1.905397114944,0,0.40155324172,5451,0.4,0,10,"both",0.0460884822785509,-0.403462991808062
"154","session1",1.96386237817793,26.1859798751337,2.99161713305767,4.33505518940415e-05,0.25214780465603,0.339734847844173,0.297749225415668,4,1,50,0.0460884822785509,-0.403462991808062,4,2.27179861461054,0,1.8459004449,5451,0.4,0,10,"both",0.0460884822785509,-0.403462991808062
"155","session1",1.96386237817793,26.1859798751337,2.99161713305767,4.33505518940415e-05,0.25214780465603,0.339734847844173,0.297749225415668,4,1,50,0.0460884822785509,-0.403462991808062,4,1.6590614537937,1,-16.31389,5451,0.4,0,10,"both",0.0460884822785509,-0.403462991808062
"156","session1",1.96386237817793,26.1859798751337,2.99161713305767,4.33505518940415e-05,0.25214780465603,0.339734847844173,0.297749225415668,4,1,50,0.0460884822785509,-0.403462991808062,4,2.64993631668273,0,-19.12994,5451,0.4,0,10,"both",0.0460884822785509,-0.403462991808062
"157","session1",1.96386237817793,26.1859798751337,2.99161713305767,4.33505518940415e-05,0.25214780465603,0.339734847844173,0.297749225415668,4,1,50,0.0460884822785509,-0.403462991808062,4,2.78653000095379,1,18.29544,5451,0.4,0,10,"both",0.0460884822785509,-0.403462991808062
"158","session1",1.96386237817793,26.1859798751337,2.99161713305767,4.33505518940415e-05,0.25214780465603,0.339734847844173,0.297749225415668,4,1,50,0.0460884822785509,-0.403462991808062,4,2.4000294138408,0,-34.9562,5451,0.4,0,10,"both",0.0460884822785509,-0.403462991808062
"159","session1",1.96386237817793,26.1859798751337,2.99161713305767,4.33505518940415e-05,0.25214780465603,0.339734847844173,0.297749225415668,4,1,50,0.0460884822785509,-0.403462991808062,4,1.6038803696389,0,2.4718,5451,0.4,0,10,"both",0.0460884822785509,-0.403462991808062
"160","session1",1.96386237817793,26.1859798751337,2.99161713305767,4.33505518940415e-05,0.25214780465603,0.339734847844173,0.297749225415668,4,1,50,0.0460884822785509,-0.403462991808062,4,3.36303325912265,1,38.18052,5451,0.4,0,10,"both",0.0460884822785509,-0.403462991808062
"161","session1",1.96386237817793,26.1859798751337,2.99161713305767,4.33505518940415e-05,0.25214780465603,0.339734847844173,0.297749225415668,4,1,50,0.0460884822785509,-0.403462991808062,4,2.85183094025265,1,6.41391257997,5451,0.4,0,10,"both",0.0460884822785509,-0.403462991808062
"162","session1",1.96386237817793,26.1859798751337,2.99161713305767,4.33505518940415e-05,0.25214780465603,0.339734847844173,0.297749225415668,4,1,50,0.0460884822785509,-0.403462991808062,4,1.93974148273935,1,3.00328,5451,0.4,0,10,"both",0.0460884822785509,-0.403462991808062
"163","session1",1.96386237817793,26.1859798751337,2.99161713305767,4.33505518940415e-05,0.25214780465603,0.339734847844173,0.297749225415668,4,1,50,0.0460884822785509,-0.403462991808062,4,3.17813245436992,1,3.60256,5451,0.4,0,10,"both",0.0460884822785509,-0.403462991808062
"164","session1",1.96386237817793,26.1859798751337,2.99161713305767,4.33505518940415e-05,0.25214780465603,0.339734847844173,0.297749225415668,4,1,50,0.0460884822785509,-0.403462991808062,4,1.99299232444733,1,-11.863636,5451,0.4,0,10,"both",0.0460884822785509,-0.403462991808062
"165","session1",1.96386237817793,26.1859798751337,2.99161713305767,4.33505518940415e-05,0.25214780465603,0.339734847844173,0.297749225415668,4,1,50,0.0460884822785509,-0.403462991808062,4,2.12377045730443,0,-20.74245,5451,0.4,0,10,"both",0.0460884822785509,-0.403462991808062
"166","session1",1.96386237817793,26.1859798751337,2.99161713305767,4.33505518940415e-05,0.25214780465603,0.339734847844173,0.297749225415668,4,1,50,0.0460884822785509,-0.403462991808062,4,1.99844638894009,0,-41.376557,5451,0.4,0,10,"both",0.0460884822785509,-0.403462991808062
"167","session1",1.96386237817793,26.1859798751337,2.99161713305767,4.33505518940415e-05,0.25214780465603,0.339734847844173,0.297749225415668,4,1,50,0.0460884822785509,-0.403462991808062,4,3.12914866810526,1,-4.42214,5451,0.4,0,10,"both",0.0460884822785509,-0.403462991808062
"168","session1",1.96386237817793,26.1859798751337,2.99161713305767,4.33505518940415e-05,0.25214780465603,0.339734847844173,0.297749225415668,4,1,50,0.0460884822785509,-0.403462991808062,4,3.32969840810357,0,-15.06974,5451,0.4,0,10,"both",0.0460884822785509,-0.403462991808062
"169","session1",1.96386237817793,26.1859798751337,2.99161713305767,4.33505518940415e-05,0.25214780465603,0.339734847844173,0.297749225415668,4,1,50,0.0460884822785509,-0.403462991808062,4,1.96926485278213,0,-31.0769,5451,0.4,0,10,"both",0.0460884822785509,-0.403462991808062
"170","session1",1.96386237817793,26.1859798751337,2.99161713305767,4.33505518940415e-05,0.25214780465603,0.339734847844173,0.297749225415668,4,1,50,0.0460884822785509,-0.403462991808062,4,3.53557470432221,0,-17.7666263,5451,0.4,0,10,"both",0.0460884822785509,-0.403462991808062
"171","session1",1.96386237817793,26.1859798751337,2.99161713305767,4.33505518940415e-05,0.25214780465603,0.339734847844173,0.297749225415668,4,1,50,0.0460884822785509,-0.403462991808062,4,3.05908764364424,0,-3.93461,5451,0.4,0,10,"both",0.0460884822785509,-0.403462991808062
"172","session1",1.96386237817793,26.1859798751337,2.99161713305767,4.33505518940415e-05,0.25214780465603,0.339734847844173,0.297749225415668,4,1,50,0.0460884822785509,-0.403462991808062,4,2.50713550756988,0,-40.3614,5451,0.4,0,10,"both",0.0460884822785509,-0.403462991808062
"173","session1",1.96386237817793,26.1859798751337,2.99161713305767,4.33505518940415e-05,0.25214780465603,0.339734847844173,0.297749225415668,4,1,50,0.0460884822785509,-0.403462991808062,4,2.55630784516748,0,-14.35138,5451,0.4,0,10,"both",0.0460884822785509,-0.403462991808062
"174","session1",1.96386237817793,26.1859798751337,2.99161713305767,4.33505518940415e-05,0.25214780465603,0.339734847844173,0.297749225415668,4,1,50,0.0460884822785509,-0.403462991808062,4,2.31278223275632,1,-9.82864,5451,0.4,0,10,"both",0.0460884822785509,-0.403462991808062
"175","session1",1.96386237817793,26.1859798751337,2.99161713305767,4.33505518940415e-05,0.25214780465603,0.339734847844173,0.297749225415668,4,1,50,0.0460884822785509,-0.403462991808062,4,3.81386688628218,0,6.29507,5451,0.4,0,10,"both",0.0460884822785509,-0.403462991808062
"176","session1",1.96386237817793,26.1859798751337,2.99161713305767,4.33505518940415e-05,0.25214780465603,0.339734847844173,0.297749225415668,4,1,50,0.0460884822785509,-0.403462991808062,4,3.18711486248517,0,-18.38544,5451,0.4,0,10,"both",0.0460884822785509,-0.403462991808062
"177","session1",1.96386237817793,26.1859798751337,2.99161713305767,4.33505518940415e-05,0.25214780465603,0.339734847844173,0.297749225415668,4,1,50,0.0460884822785509,-0.403462991808062,4,2.78983314600699,0,1.8063,5451,0.4,0,10,"both",0.0460884822785509,-0.403462991808062
"178","session1",1.96386237817793,26.1859798751337,2.99161713305767,4.33505518940415e-05,0.25214780465603,0.339734847844173,0.297749225415668,4,1,50,0.0460884822785509,-0.403462991808062,4,2.56838182571788,0,8.59642,5451,0.4,0,10,"both",0.0460884822785509,-0.403462991808062
"179","session1",1.96386237817793,26.1859798751337,2.99161713305767,4.33505518940415e-05,0.25214780465603,0.339734847844173,0.297749225415668,4,1,50,0.0460884822785509,-0.403462991808062,4,3.07205556437024,0,-4.6544,5451,0.4,0,10,"both",0.0460884822785509,-0.403462991808062
"180","session1",1.96386237817793,26.1859798751337,2.99161713305767,4.33505518940415e-05,0.25214780465603,0.339734847844173,0.297749225415668,4,1,50,0.0460884822785509,-0.403462991808062,4,2.87173165185546,0,-2.44746,5451,0.4,0,10,"both",0.0460884822785509,-0.403462991808062
"181","session1",1.96386237817793,26.1859798751337,2.99161713305767,4.33505518940415e-05,0.25214780465603,0.339734847844173,0.297749225415668,4,1,50,0.0460884822785509,-0.403462991808062,4,1.77797363743515,0,-8.6186,5451,0.4,0,10,"both",0.0460884822785509,-0.403462991808062
"182","session1",1.96386237817793,26.1859798751337,2.99161713305767,4.33505518940415e-05,0.25214780465603,0.339734847844173,0.297749225415668,4,1,50,0.0460884822785509,-0.403462991808062,4,2.82485164667445,0,32.5064,5451,0.4,0,10,"both",0.0460884822785509,-0.403462991808062
"183","session1",1.96386237817793,26.1859798751337,2.99161713305767,4.33505518940415e-05,0.25214780465603,0.339734847844173,0.297749225415668,4,1,50,0.0460884822785509,-0.403462991808062,4,3.06715907627999,1,11.40699133689,5451,0.4,0,10,"both",0.0460884822785509,-0.403462991808062
"184","session1",1.96386237817793,26.1859798751337,2.99161713305767,4.33505518940415e-05,0.25214780465603,0.339734847844173,0.297749225415668,4,1,50,0.0460884822785509,-0.403462991808062,4,3.65295917944462,1,-5.17817,5451,0.4,0,10,"both",0.0460884822785509,-0.403462991808062
"185","session1",1.96386237817793,26.1859798751337,2.99161713305767,4.33505518940415e-05,0.25214780465603,0.339734847844173,0.297749225415668,4,1,50,0.0460884822785509,-0.403462991808062,4,1.0652096569414,0,-36.57524,5451,0.4,0,10,"both",0.0460884822785509,-0.403462991808062
"186","session1",1.96386237817793,26.1859798751337,2.99161713305767,4.33505518940415e-05,0.25214780465603,0.339734847844173,0.297749225415668,4,1,50,0.0460884822785509,-0.403462991808062,4,1.54661236067733,1,48.72193,5451,0.4,0,10,"both",0.0460884822785509,-0.403462991808062
"187","session1",1.96386237817793,26.1859798751337,2.99161713305767,4.33505518940415e-05,0.25214780465603,0.339734847844173,0.297749225415668,4,1,50,0.0460884822785509,-0.403462991808062,4,1.76135540410094,0,-25.6472,5451,0.4,0,10,"both",0.0460884822785509,-0.403462991808062
"188","session1",1.96386237817793,26.1859798751337,2.99161713305767,4.33505518940415e-05,0.25214780465603,0.339734847844173,0.297749225415668,4,1,50,0.0460884822785509,-0.403462991808062,4,2.26370412010874,1,12.063531,5451,0.4,0,10,"both",0.0460884822785509,-0.403462991808062
"189","session1",1.96386237817793,26.1859798751337,2.99161713305767,4.33505518940415e-05,0.25214780465603,0.339734847844173,0.297749225415668,4,1,50,0.0460884822785509,-0.403462991808062,4,2.35516515950906,1,28.5627,5451,0.4,0,10,"both",0.0460884822785509,-0.403462991808062
"190","session1",1.96386237817793,26.1859798751337,2.99161713305767,4.33505518940415e-05,0.25214780465603,0.339734847844173,0.297749225415668,4,1,50,0.0460884822785509,-0.403462991808062,4,2.88670767137811,1,-7.2076,5451,0.4,0,10,"both",0.0460884822785509,-0.403462991808062
"191","session1",1.96386237817793,26.1859798751337,2.99161713305767,4.33505518940415e-05,0.25214780465603,0.339734847844173,0.297749225415668,4,1,50,0.0460884822785509,-0.403462991808062,4,2.2862851565662,0,-24.31633,5451,0.4,0,10,"both",0.0460884822785509,-0.403462991808062
"192","session1",1.96386237817793,26.1859798751337,2.99161713305767,4.33505518940415e-05,0.25214780465603,0.339734847844173,0.297749225415668,4,1,50,0.0460884822785509,-0.403462991808062,4,2.97096769267407,1,27.32565,5451,0.4,0,10,"both",0.0460884822785509,-0.403462991808062
"193","session1",1.96386237817793,26.1859798751337,2.99161713305767,4.33505518940415e-05,0.25214780465603,0.339734847844173,0.297749225415668,4,1,50,0.0460884822785509,-0.403462991808062,4,2.02039019608663,1,32.7131,5451,0.4,0,10,"both",0.0460884822785509,-0.403462991808062
"194","session1",1.96386237817793,26.1859798751337,2.99161713305767,4.33505518940415e-05,0.25214780465603,0.339734847844173,0.297749225415668,4,1,50,0.0460884822785509,-0.403462991808062,4,1.61268209168206,0,-30.4235,5451,0.4,0,10,"both",0.0460884822785509,-0.403462991808062
"195","session1",1.96386237817793,26.1859798751337,2.99161713305767,4.33505518940415e-05,0.25214780465603,0.339734847844173,0.297749225415668,4,1,50,0.0460884822785509,-0.403462991808062,4,2.57999974614304,0,-4.87352,5451,0.4,0,10,"both",0.0460884822785509,-0.403462991808062
"196","session1",1.96386237817793,26.1859798751337,2.99161713305767,4.33505518940415e-05,0.25214780465603,0.339734847844173,0.297749225415668,4,1,50,0.0460884822785509,-0.403462991808062,4,1.5344304098111,1,27.07727,5451,0.4,0,10,"both",0.0460884822785509,-0.403462991808062
"197","session1",1.96386237817793,26.1859798751337,2.99161713305767,4.33505518940415e-05,0.25214780465603,0.339734847844173,0.297749225415668,4,1,50,0.0460884822785509,-0.403462991808062,4,2.04514329242428,0,-11.84126,5451,0.4,0,10,"both",0.0460884822785509,-0.403462991808062
"198","session1",1.96386237817793,26.1859798751337,2.99161713305767,4.33505518940415e-05,0.25214780465603,0.339734847844173,0.297749225415668,4,1,50,0.0460884822785509,-0.403462991808062,4,3.63217822231163,0,11.52533,5451,0.4,0,10,"both",0.0460884822785509,-0.403462991808062
"199","session1",1.96386237817793,26.1859798751337,2.99161713305767,4.33505518940415e-05,0.25214780465603,0.339734847844173,0.297749225415668,4,1,50,0.0460884822785509,-0.403462991808062,4,3.4187791623841,0,-9.01182,5451,0.4,0,10,"both",0.0460884822785509,-0.403462991808062
"200","session1",1.96386237817793,26.1859798751337,2.99161713305767,4.33505518940415e-05,0.25214780465603,0.339734847844173,0.297749225415668,4,1,50,0.0460884822785509,-0.403462991808062,4,2.98882120886617,1,-4.3224,5451,0.4,0,10,"both",0.0460884822785509,-0.403462991808062
"201","session1",-14.3692272325916,16.9397367425821,2.38990505322321,2.90777697404665e-05,0.737760608273218,0.352336296799709,0.212909130560731,5,1,50,0.0460884822785509,-0.403462991808062,5,1.96758266373543,1,-9.4664644543,5451,0.4,0,10,"both",0.0460884822785509,-0.403462991808062
"202","session1",-14.3692272325916,16.9397367425821,2.38990505322321,2.90777697404665e-05,0.737760608273218,0.352336296799709,0.212909130560731,5,1,50,0.0460884822785509,-0.403462991808062,5,3.42522492280135,1,-11.5430873841,5451,0.4,0,10,"both",0.0460884822785509,-0.403462991808062
"203","session1",-14.3692272325916,16.9397367425821,2.38990505322321,2.90777697404665e-05,0.737760608273218,0.352336296799709,0.212909130560731,5,1,50,0.0460884822785509,-0.403462991808062,5,2.55931665154594,1,-18.535724596,5451,0.4,0,10,"both",0.0460884822785509,-0.403462991808062
"204","session1",-14.3692272325916,16.9397367425821,2.38990505322321,2.90777697404665e-05,0.737760608273218,0.352336296799709,0.212909130560731,5,1,50,0.0460884822785509,-0.403462991808062,5,3.96521639424409,1,-23.36883541,5451,0.4,0,10,"both",0.0460884822785509,-0.403462991808062
"205","session1",-14.3692272325916,16.9397367425821,2.38990505322321,2.90777697404665e-05,0.737760608273218,0.352336296799709,0.212909130560731,5,1,50,0.0460884822785509,-0.403462991808062,5,5.58358514644047,0,-18.28483,5451,0.4,0,10,"both",0.0460884822785509,-0.403462991808062
"206","session1",-14.3692272325916,16.9397367425821,2.38990505322321,2.90777697404665e-05,0.737760608273218,0.352336296799709,0.212909130560731,5,1,50,0.0460884822785509,-0.403462991808062,5,4.012063168212,1,-14.862587862,5451,0.4,0,10,"both",0.0460884822785509,-0.403462991808062
"207","session1",-14.3692272325916,16.9397367425821,2.38990505322321,2.90777697404665e-05,0.737760608273218,0.352336296799709,0.212909130560731,5,1,50,0.0460884822785509,-0.403462991808062,5,2.46794037801253,0,-22.6763,5451,0.4,0,10,"both",0.0460884822785509,-0.403462991808062
"208","session1",-14.3692272325916,16.9397367425821,2.38990505322321,2.90777697404665e-05,0.737760608273218,0.352336296799709,0.212909130560731,5,1,50,0.0460884822785509,-0.403462991808062,5,3.01930459317985,1,-19.2974273158,5451,0.4,0,10,"both",0.0460884822785509,-0.403462991808062
"209","session1",-14.3692272325916,16.9397367425821,2.38990505322321,2.90777697404665e-05,0.737760608273218,0.352336296799709,0.212909130560731,5,1,50,0.0460884822785509,-0.403462991808062,5,3.73704878381317,1,-22.13545,5451,0.4,0,10,"both",0.0460884822785509,-0.403462991808062
"210","session1",-14.3692272325916,16.9397367425821,2.38990505322321,2.90777697404665e-05,0.737760608273218,0.352336296799709,0.212909130560731,5,1,50,0.0460884822785509,-0.403462991808062,5,3.89369889499822,0,-24.1824841268,5451,0.4,0,10,"both",0.0460884822785509,-0.403462991808062
"211","session1",-14.3692272325916,16.9397367425821,2.38990505322321,2.90777697404665e-05,0.737760608273218,0.352336296799709,0.212909130560731,5,1,50,0.0460884822785509,-0.403462991808062,5,2.52439295095986,0,-16.8931,5451,0.4,0,10,"both",0.0460884822785509,-0.403462991808062
"212","session1",-14.3692272325916,16.9397367425821,2.38990505322321,2.90777697404665e-05,0.737760608273218,0.352336296799709,0.212909130560731,5,1,50,0.0460884822785509,-0.403462991808062,5,7.28342770280041,1,-15.0094608959,5451,0.4,0,10,"both",0.0460884822785509,-0.403462991808062
"213","session1",-14.3692272325916,16.9397367425821,2.38990505322321,2.90777697404665e-05,0.737760608273218,0.352336296799709,0.212909130560731,5,1,50,0.0460884822785509,-0.403462991808062,5,2.73275546879812,0,-5.6561,5451,0.4,0,10,"both",0.0460884822785509,-0.403462991808062
"214","session1",-14.3692272325916,16.9397367425821,2.38990505322321,2.90777697404665e-05,0.737760608273218,0.352336296799709,0.212909130560731,5,1,50,0.0460884822785509,-0.403462991808062,5,6.24757602289293,0,-10.8206699733,5451,0.4,0,10,"both",0.0460884822785509,-0.403462991808062
"215","session1",-14.3692272325916,16.9397367425821,2.38990505322321,2.90777697404665e-05,0.737760608273218,0.352336296799709,0.212909130560731,5,1,50,0.0460884822785509,-0.403462991808062,5,2.72807263889759,1,36.0699,5451,0.4,0,10,"both",0.0460884822785509,-0.403462991808062
"216","session1",-14.3692272325916,16.9397367425821,2.38990505322321,2.90777697404665e-05,0.737760608273218,0.352336296799709,0.212909130560731,5,1,50,0.0460884822785509,-0.403462991808062,5,2.04136583934267,0,-29.88183,5451,0.4,0,10,"both",0.0460884822785509,-0.403462991808062
"217","session1",-14.3692272325916,16.9397367425821,2.38990505322321,2.90777697404665e-05,0.737760608273218,0.352336296799709,0.212909130560731,5,1,50,0.0460884822785509,-0.403462991808062,5,3.7747150112849,0,-34.9568,5451,0.4,0,10,"both",0.0460884822785509,-0.403462991808062
"218","session1",-14.3692272325916,16.9397367425821,2.38990505322321,2.90777697404665e-05,0.737760608273218,0.352336296799709,0.212909130560731,5,1,50,0.0460884822785509,-0.403462991808062,5,4.99070437379523,1,-11.923799709,5451,0.4,0,10,"both",0.0460884822785509,-0.403462991808062
"219","session1",-14.3692272325916,16.9397367425821,2.38990505322321,2.90777697404665e-05,0.737760608273218,0.352336296799709,0.212909130560731,5,1,50,0.0460884822785509,-0.403462991808062,5,3.58887245695455,0,-14.0072820351,5451,0.4,0,10,"both",0.0460884822785509,-0.403462991808062
"220","session1",-14.3692272325916,16.9397367425821,2.38990505322321,2.90777697404665e-05,0.737760608273218,0.352336296799709,0.212909130560731,5,1,50,0.0460884822785509,-0.403462991808062,5,3.99881303403094,1,-7.918497023,5451,0.4,0,10,"both",0.0460884822785509,-0.403462991808062
"221","session1",-14.3692272325916,16.9397367425821,2.38990505322321,2.90777697404665e-05,0.737760608273218,0.352336296799709,0.212909130560731,5,1,50,0.0460884822785509,-0.403462991808062,5,2.38992687643597,1,2.0153,5451,0.4,0,10,"both",0.0460884822785509,-0.403462991808062
"222","session1",-14.3692272325916,16.9397367425821,2.38990505322321,2.90777697404665e-05,0.737760608273218,0.352336296799709,0.212909130560731,5,1,50,0.0460884822785509,-0.403462991808062,5,4.70163432179045,0,-25.51541,5451,0.4,0,10,"both",0.0460884822785509,-0.403462991808062
"223","session1",-14.3692272325916,16.9397367425821,2.38990505322321,2.90777697404665e-05,0.737760608273218,0.352336296799709,0.212909130560731,5,1,50,0.0460884822785509,-0.403462991808062,5,4.1960319890276,1,-36.6201,5451,0.4,0,10,"both",0.0460884822785509,-0.403462991808062
"224","session1",-14.3692272325916,16.9397367425821,2.38990505322321,2.90777697404665e-05,0.737760608273218,0.352336296799709,0.212909130560731,5,1,50,0.0460884822785509,-0.403462991808062,5,2.53717640198805,0,-40.18646,5451,0.4,0,10,"both",0.0460884822785509,-0.403462991808062
"225","session1",-14.3692272325916,16.9397367425821,2.38990505322321,2.90777697404665e-05,0.737760608273218,0.352336296799709,0.212909130560731,5,1,50,0.0460884822785509,-0.403462991808062,5,4.19235614679522,0,-13.5014599032,5451,0.4,0,10,"both",0.0460884822785509,-0.403462991808062
"226","session1",-14.3692272325916,16.9397367425821,2.38990505322321,2.90777697404665e-05,0.737760608273218,0.352336296799709,0.212909130560731,5,1,50,0.0460884822785509,-0.403462991808062,5,4.07469471265204,1,-13.6268039252,5451,0.4,0,10,"both",0.0460884822785509,-0.403462991808062
"227","session1",-14.3692272325916,16.9397367425821,2.38990505322321,2.90777697404665e-05,0.737760608273218,0.352336296799709,0.212909130560731,5,1,50,0.0460884822785509,-0.403462991808062,5,2.71886184038696,0,-46.1114,5451,0.4,0,10,"both",0.0460884822785509,-0.403462991808062
"228","session1",-14.3692272325916,16.9397367425821,2.38990505322321,2.90777697404665e-05,0.737760608273218,0.352336296799709,0.212909130560731,5,1,50,0.0460884822785509,-0.403462991808062,5,3.09371065442531,1,-16.488492866,5451,0.4,0,10,"both",0.0460884822785509,-0.403462991808062
"229","session1",-14.3692272325916,16.9397367425821,2.38990505322321,2.90777697404665e-05,0.737760608273218,0.352336296799709,0.212909130560731,5,1,50,0.0460884822785509,-0.403462991808062,5,4.4857296555789,0,-16.7579904843,5451,0.4,0,10,"both",0.0460884822785509,-0.403462991808062
"230","session1",-14.3692272325916,16.9397367425821,2.38990505322321,2.90777697404665e-05,0.737760608273218,0.352336296799709,0.212909130560731,5,1,50,0.0460884822785509,-0.403462991808062,5,3.76470311580821,0,-39.07298,5451,0.4,0,10,"both",0.0460884822785509,-0.403462991808062
"231","session1",-14.3692272325916,16.9397367425821,2.38990505322321,2.90777697404665e-05,0.737760608273218,0.352336296799709,0.212909130560731,5,1,50,0.0460884822785509,-0.403462991808062,5,3.23419933872021,0,-27.1819,5451,0.4,0,10,"both",0.0460884822785509,-0.403462991808062
"232","session1",-14.3692272325916,16.9397367425821,2.38990505322321,2.90777697404665e-05,0.737760608273218,0.352336296799709,0.212909130560731,5,1,50,0.0460884822785509,-0.403462991808062,5,6.87668985978598,1,-14.548758322,5451,0.4,0,10,"both",0.0460884822785509,-0.403462991808062
"233","session1",-14.3692272325916,16.9397367425821,2.38990505322321,2.90777697404665e-05,0.737760608273218,0.352336296799709,0.212909130560731,5,1,50,0.0460884822785509,-0.403462991808062,5,2.14656624497771,1,2.78263,5451,0.4,0,10,"both",0.0460884822785509,-0.403462991808062
"234","session1",-14.3692272325916,16.9397367425821,2.38990505322321,2.90777697404665e-05,0.737760608273218,0.352336296799709,0.212909130560731,5,1,50,0.0460884822785509,-0.403462991808062,5,2.32124542345725,1,26.0395,5451,0.4,0,10,"both",0.0460884822785509,-0.403462991808062
"235","session1",-14.3692272325916,16.9397367425821,2.38990505322321,2.90777697404665e-05,0.737760608273218,0.352336296799709,0.212909130560731,5,1,50,0.0460884822785509,-0.403462991808062,5,3.5103564781879,0,-30.3055,5451,0.4,0,10,"both",0.0460884822785509,-0.403462991808062
"236","session1",-14.3692272325916,16.9397367425821,2.38990505322321,2.90777697404665e-05,0.737760608273218,0.352336296799709,0.212909130560731,5,1,50,0.0460884822785509,-0.403462991808062,5,2.34286620947758,1,-9.8823,5451,0.4,0,10,"both",0.0460884822785509,-0.403462991808062
"237","session1",-14.3692272325916,16.9397367425821,2.38990505322321,2.90777697404665e-05,0.737760608273218,0.352336296799709,0.212909130560731,5,1,50,0.0460884822785509,-0.403462991808062,5,4.18411818798103,1,-21.11423,5451,0.4,0,10,"both",0.0460884822785509,-0.403462991808062
"238","session1",-14.3692272325916,16.9397367425821,2.38990505322321,2.90777697404665e-05,0.737760608273218,0.352336296799709,0.212909130560731,5,1,50,0.0460884822785509,-0.403462991808062,5,3.98363035548683,0,-26.96391,5451,0.4,0,10,"both",0.0460884822785509,-0.403462991808062
"239","session1",-14.3692272325916,16.9397367425821,2.38990505322321,2.90777697404665e-05,0.737760608273218,0.352336296799709,0.212909130560731,5,1,50,0.0460884822785509,-0.403462991808062,5,3.49628184786296,0,-38.5098,5451,0.4,0,10,"both",0.0460884822785509,-0.403462991808062
"240","session1",-14.3692272325916,16.9397367425821,2.38990505322321,2.90777697404665e-05,0.737760608273218,0.352336296799709,0.212909130560731,5,1,50,0.0460884822785509,-0.403462991808062,5,3.29143462921404,0,-13.28921,5451,0.4,0,10,"both",0.0460884822785509,-0.403462991808062
"241","session1",-14.3692272325916,16.9397367425821,2.38990505322321,2.90777697404665e-05,0.737760608273218,0.352336296799709,0.212909130560731,5,1,50,0.0460884822785509,-0.403462991808062,5,3.59356459922535,0,-26.25,5451,0.4,0,10,"both",0.0460884822785509,-0.403462991808062
"242","session1",-14.3692272325916,16.9397367425821,2.38990505322321,2.90777697404665e-05,0.737760608273218,0.352336296799709,0.212909130560731,5,1,50,0.0460884822785509,-0.403462991808062,5,4.63937554391748,0,-8.8464,5451,0.4,0,10,"both",0.0460884822785509,-0.403462991808062
"243","session1",-14.3692272325916,16.9397367425821,2.38990505322321,2.90777697404665e-05,0.737760608273218,0.352336296799709,0.212909130560731,5,1,50,0.0460884822785509,-0.403462991808062,5,2.77968732816313,1,3.288,5451,0.4,0,10,"both",0.0460884822785509,-0.403462991808062
"244","session1",-14.3692272325916,16.9397367425821,2.38990505322321,2.90777697404665e-05,0.737760608273218,0.352336296799709,0.212909130560731,5,1,50,0.0460884822785509,-0.403462991808062,5,3.32067408558692,0,-9.87999,5451,0.4,0,10,"both",0.0460884822785509,-0.403462991808062
"245","session1",-14.3692272325916,16.9397367425821,2.38990505322321,2.90777697404665e-05,0.737760608273218,0.352336296799709,0.212909130560731,5,1,50,0.0460884822785509,-0.403462991808062,5,3.58392033003491,1,-1.046,5451,0.4,0,10,"both",0.0460884822785509,-0.403462991808062
"246","session1",-14.3692272325916,16.9397367425821,2.38990505322321,2.90777697404665e-05,0.737760608273218,0.352336296799709,0.212909130560731,5,1,50,0.0460884822785509,-0.403462991808062,5,5.14655254698113,0,-31.9458,5451,0.4,0,10,"both",0.0460884822785509,-0.403462991808062
"247","session1",-14.3692272325916,16.9397367425821,2.38990505322321,2.90777697404665e-05,0.737760608273218,0.352336296799709,0.212909130560731,5,1,50,0.0460884822785509,-0.403462991808062,5,3.07204686390182,0,-14.9757642,5451,0.4,0,10,"both",0.0460884822785509,-0.403462991808062
"248","session1",-14.3692272325916,16.9397367425821,2.38990505322321,2.90777697404665e-05,0.737760608273218,0.352336296799709,0.212909130560731,5,1,50,0.0460884822785509,-0.403462991808062,5,2.43056114195599,0,-7.5093,5451,0.4,0,10,"both",0.0460884822785509,-0.403462991808062
"249","session1",-14.3692272325916,16.9397367425821,2.38990505322321,2.90777697404665e-05,0.737760608273218,0.352336296799709,0.212909130560731,5,1,50,0.0460884822785509,-0.403462991808062,5,3.874885388937,0,-33.3671,5451,0.4,0,10,"both",0.0460884822785509,-0.403462991808062
"250","session1",-14.3692272325916,16.9397367425821,2.38990505322321,2.90777697404665e-05,0.737760608273218,0.352336296799709,0.212909130560731,5,1,50,0.0460884822785509,-0.403462991808062,5,1.60667917476887,1,31.1059,5451,0.4,0,10,"both",0.0460884822785509,-0.403462991808062
"251","session1",-12.1667830781496,24.5774948463875,3.33978377733899,2.90654285035756e-05,0.977534747209083,0.348301840548532,0.084292097701519,6,1,50,0.0460884822785509,-0.403462991808062,6,5.41214347760124,1,-10.1458596922,5451,0.4,0,10,"both",0.0460884822785509,-0.403462991808062
"252","session1",-12.1667830781496,24.5774948463875,3.33978377733899,2.90654285035756e-05,0.977534747209083,0.348301840548532,0.084292097701519,6,1,50,0.0460884822785509,-0.403462991808062,6,3.48852406666346,0,-9.1161729352,5451,0.4,0,10,"both",0.0460884822785509,-0.403462991808062
"253","session1",-12.1667830781496,24.5774948463875,3.33978377733899,2.90654285035756e-05,0.977534747209083,0.348301840548532,0.084292097701519,6,1,50,0.0460884822785509,-0.403462991808062,6,4.91135216699202,1,-1.0796143177,5451,0.4,0,10,"both",0.0460884822785509,-0.403462991808062
"254","session1",-12.1667830781496,24.5774948463875,3.33978377733899,2.90654285035756e-05,0.977534747209083,0.348301840548532,0.084292097701519,6,1,50,0.0460884822785509,-0.403462991808062,6,5.92471809831311,0,-6.7924256698,5451,0.4,0,10,"both",0.0460884822785509,-0.403462991808062
"255","session1",-12.1667830781496,24.5774948463875,3.33978377733899,2.90654285035756e-05,0.977534747209083,0.348301840548532,0.084292097701519,6,1,50,0.0460884822785509,-0.403462991808062,6,5.52918203765508,0,-41.6335,5451,0.4,0,10,"both",0.0460884822785509,-0.403462991808062
"256","session1",-12.1667830781496,24.5774948463875,3.33978377733899,2.90654285035756e-05,0.977534747209083,0.348301840548532,0.084292097701519,6,1,50,0.0460884822785509,-0.403462991808062,6,2.52457918514009,0,-39.90661,5451,0.4,0,10,"both",0.0460884822785509,-0.403462991808062
"257","session1",-12.1667830781496,24.5774948463875,3.33978377733899,2.90654285035756e-05,0.977534747209083,0.348301840548532,0.084292097701519,6,1,50,0.0460884822785509,-0.403462991808062,6,6.77458426045127,0,-17.2504,5451,0.4,0,10,"both",0.0460884822785509,-0.403462991808062
"258","session1",-12.1667830781496,24.5774948463875,3.33978377733899,2.90654285035756e-05,0.977534747209083,0.348301840548532,0.084292097701519,6,1,50,0.0460884822785509,-0.403462991808062,6,5.23813997377338,0,-12.3314,5451,0.4,0,10,"both",0.0460884822785509,-0.403462991808062
"259","session1",-12.1667830781496,24.5774948463875,3.33978377733899,2.90654285035756e-05,0.977534747209083,0.348301840548532,0.084292097701519,6,1,50,0.0460884822785509,-0.403462991808062,6,8,1,3.3853,5451,0.4,0,10,"both",0.0460884822785509,-0.403462991808062
"260","session1",-12.1667830781496,24.5774948463875,3.33978377733899,2.90654285035756e-05,0.977534747209083,0.348301840548532,0.084292097701519,6,1,50,0.0460884822785509,-0.403462991808062,6,6.1213987305984,1,-4.7316588991,5451,0.4,0,10,"both",0.0460884822785509,-0.403462991808062
"261","session1",-12.1667830781496,24.5774948463875,3.33978377733899,2.90654285035756e-05,0.977534747209083,0.348301840548532,0.084292097701519,6,1,50,0.0460884822785509,-0.403462991808062,6,6.47572014527242,1,-10.03868,5451,0.4,0,10,"both",0.0460884822785509,-0.403462991808062
"262","session1",-12.1667830781496,24.5774948463875,3.33978377733899,2.90654285035756e-05,0.977534747209083,0.348301840548532,0.084292097701519,6,1,50,0.0460884822785509,-0.403462991808062,6,3.57732607964035,0,-37.59505,5451,0.4,0,10,"both",0.0460884822785509,-0.403462991808062
"263","session1",-12.1667830781496,24.5774948463875,3.33978377733899,2.90654285035756e-05,0.977534747209083,0.348301840548532,0.084292097701519,6,1,50,0.0460884822785509,-0.403462991808062,6,2.16287896748001,1,32.71033,5451,0.4,0,10,"both",0.0460884822785509,-0.403462991808062
"264","session1",-12.1667830781496,24.5774948463875,3.33978377733899,2.90654285035756e-05,0.977534747209083,0.348301840548532,0.084292097701519,6,1,50,0.0460884822785509,-0.403462991808062,6,4.86556414671125,0,-0.263100000000001,5451,0.4,0,10,"both",0.0460884822785509,-0.403462991808062
"265","session1",-12.1667830781496,24.5774948463875,3.33978377733899,2.90654285035756e-05,0.977534747209083,0.348301840548532,0.084292097701519,6,1,50,0.0460884822785509,-0.403462991808062,6,6.04527932668269,0,-26.08427,5451,0.4,0,10,"both",0.0460884822785509,-0.403462991808062
"266","session1",-12.1667830781496,24.5774948463875,3.33978377733899,2.90654285035756e-05,0.977534747209083,0.348301840548532,0.084292097701519,6,1,50,0.0460884822785509,-0.403462991808062,6,4.54778138685346,1,12.578151,5451,0.4,0,10,"both",0.0460884822785509,-0.403462991808062
"267","session1",-12.1667830781496,24.5774948463875,3.33978377733899,2.90654285035756e-05,0.977534747209083,0.348301840548532,0.084292097701519,6,1,50,0.0460884822785509,-0.403462991808062,6,5.36512219647512,1,-9.44758,5451,0.4,0,10,"both",0.0460884822785509,-0.403462991808062
"268","session1",-12.1667830781496,24.5774948463875,3.33978377733899,2.90654285035756e-05,0.977534747209083,0.348301840548532,0.084292097701519,6,1,50,0.0460884822785509,-0.403462991808062,6,2.74294691233522,1,9.07766,5451,0.4,0,10,"both",0.0460884822785509,-0.403462991808062
"269","session1",-12.1667830781496,24.5774948463875,3.33978377733899,2.90654285035756e-05,0.977534747209083,0.348301840548532,0.084292097701519,6,1,50,0.0460884822785509,-0.403462991808062,6,5.68597475813207,1,-3.62059,5451,0.4,0,10,"both",0.0460884822785509,-0.403462991808062
"270","session1",-12.1667830781496,24.5774948463875,3.33978377733899,2.90654285035756e-05,0.977534747209083,0.348301840548532,0.084292097701519,6,1,50,0.0460884822785509,-0.403462991808062,6,6.50900876851446,1,-25.244,5451,0.4,0,10,"both",0.0460884822785509,-0.403462991808062
"271","session1",-12.1667830781496,24.5774948463875,3.33978377733899,2.90654285035756e-05,0.977534747209083,0.348301840548532,0.084292097701519,6,1,50,0.0460884822785509,-0.403462991808062,6,5.17159888596687,1,20.3828,5451,0.4,0,10,"both",0.0460884822785509,-0.403462991808062
"272","session1",-12.1667830781496,24.5774948463875,3.33978377733899,2.90654285035756e-05,0.977534747209083,0.348301840548532,0.084292097701519,6,1,50,0.0460884822785509,-0.403462991808062,6,7.43468943769525,1,3.47338,5451,0.4,0,10,"both",0.0460884822785509,-0.403462991808062
"273","session1",-12.1667830781496,24.5774948463875,3.33978377733899,2.90654285035756e-05,0.977534747209083,0.348301840548532,0.084292097701519,6,1,50,0.0460884822785509,-0.403462991808062,6,2.40167323022563,1,24.19691,5451,0.4,0,10,"both",0.0460884822785509,-0.403462991808062
"274","session1",-12.1667830781496,24.5774948463875,3.33978377733899,2.90654285035756e-05,0.977534747209083,0.348301840548532,0.084292097701519,6,1,50,0.0460884822785509,-0.403462991808062,6,8,0,-23.5501,5451,0.4,0,10,"both",0.0460884822785509,-0.403462991808062
"275","session1",-12.1667830781496,24.5774948463875,3.33978377733899,2.90654285035756e-05,0.977534747209083,0.348301840548532,0.084292097701519,6,1,50,0.0460884822785509,-0.403462991808062,6,5.41049917255339,0,-27.42355,5451,0.4,0,10,"both",0.0460884822785509,-0.403462991808062
"276","session1",-12.1667830781496,24.5774948463875,3.33978377733899,2.90654285035756e-05,0.977534747209083,0.348301840548532,0.084292097701519,6,1,50,0.0460884822785509,-0.403462991808062,6,2.69438098210984,1,16.72519,5451,0.4,0,10,"both",0.0460884822785509,-0.403462991808062
"277","session1",-12.1667830781496,24.5774948463875,3.33978377733899,2.90654285035756e-05,0.977534747209083,0.348301840548532,0.084292097701519,6,1,50,0.0460884822785509,-0.403462991808062,6,5.46507298214246,0,-20.43196,5451,0.4,0,10,"both",0.0460884822785509,-0.403462991808062
"278","session1",-12.1667830781496,24.5774948463875,3.33978377733899,2.90654285035756e-05,0.977534747209083,0.348301840548532,0.084292097701519,6,1,50,0.0460884822785509,-0.403462991808062,6,6.27935158025239,1,-14.92125,5451,0.4,0,10,"both",0.0460884822785509,-0.403462991808062
"279","session1",-12.1667830781496,24.5774948463875,3.33978377733899,2.90654285035756e-05,0.977534747209083,0.348301840548532,0.084292097701519,6,1,50,0.0460884822785509,-0.403462991808062,6,4.06758374933752,1,16.53712,5451,0.4,0,10,"both",0.0460884822785509,-0.403462991808062
"280","session1",-12.1667830781496,24.5774948463875,3.33978377733899,2.90654285035756e-05,0.977534747209083,0.348301840548532,0.084292097701519,6,1,50,0.0460884822785509,-0.403462991808062,6,3.52204702561636,1,13.07463,5451,0.4,0,10,"both",0.0460884822785509,-0.403462991808062
"281","session1",-12.1667830781496,24.5774948463875,3.33978377733899,2.90654285035756e-05,0.977534747209083,0.348301840548532,0.084292097701519,6,1,50,0.0460884822785509,-0.403462991808062,6,8,0,-23.30608,5451,0.4,0,10,"both",0.0460884822785509,-0.403462991808062
"282","session1",-12.1667830781496,24.5774948463875,3.33978377733899,2.90654285035756e-05,0.977534747209083,0.348301840548532,0.084292097701519,6,1,50,0.0460884822785509,-0.403462991808062,6,3.32786200052481,1,-0.590869999999999,5451,0.4,0,10,"both",0.0460884822785509,-0.403462991808062
"283","session1",-12.1667830781496,24.5774948463875,3.33978377733899,2.90654285035756e-05,0.977534747209083,0.348301840548532,0.084292097701519,6,1,50,0.0460884822785509,-0.403462991808062,6,8,1,-16.52307,5451,0.4,0,10,"both",0.0460884822785509,-0.403462991808062
"284","session1",-12.1667830781496,24.5774948463875,3.33978377733899,2.90654285035756e-05,0.977534747209083,0.348301840548532,0.084292097701519,6,1,50,0.0460884822785509,-0.403462991808062,6,4.97758509554417,0,-18.29531,5451,0.4,0,10,"both",0.0460884822785509,-0.403462991808062
"285","session1",-12.1667830781496,24.5774948463875,3.33978377733899,2.90654285035756e-05,0.977534747209083,0.348301840548532,0.084292097701519,6,1,50,0.0460884822785509,-0.403462991808062,6,8,0,-14.763,5451,0.4,0,10,"both",0.0460884822785509,-0.403462991808062
"286","session1",-12.1667830781496,24.5774948463875,3.33978377733899,2.90654285035756e-05,0.977534747209083,0.348301840548532,0.084292097701519,6,1,50,0.0460884822785509,-0.403462991808062,6,4.18815353724577,0,-28.2055,5451,0.4,0,10,"both",0.0460884822785509,-0.403462991808062
"287","session1",-12.1667830781496,24.5774948463875,3.33978377733899,2.90654285035756e-05,0.977534747209083,0.348301840548532,0.084292097701519,6,1,50,0.0460884822785509,-0.403462991808062,6,6.59585968991933,0,-19.17913,5451,0.4,0,10,"both",0.0460884822785509,-0.403462991808062
"288","session1",-12.1667830781496,24.5774948463875,3.33978377733899,2.90654285035756e-05,0.977534747209083,0.348301840548532,0.084292097701519,6,1,50,0.0460884822785509,-0.403462991808062,6,8,0,-19.10201,5451,0.4,0,10,"both",0.0460884822785509,-0.403462991808062
"289","session1",-12.1667830781496,24.5774948463875,3.33978377733899,2.90654285035756e-05,0.977534747209083,0.348301840548532,0.084292097701519,6,1,50,0.0460884822785509,-0.403462991808062,6,8,1,-20.09428,5451,0.4,0,10,"both",0.0460884822785509,-0.403462991808062
"290","session1",-12.1667830781496,24.5774948463875,3.33978377733899,2.90654285035756e-05,0.977534747209083,0.348301840548532,0.084292097701519,6,1,50,0.0460884822785509,-0.403462991808062,6,8,1,4.63801,5451,0.4,0,10,"both",0.0460884822785509,-0.403462991808062
"291","session1",-12.1667830781496,24.5774948463875,3.33978377733899,2.90654285035756e-05,0.977534747209083,0.348301840548532,0.084292097701519,6,1,50,0.0460884822785509,-0.403462991808062,6,6.58147088241755,1,-9.02794,5451,0.4,0,10,"both",0.0460884822785509,-0.403462991808062
"292","session1",-12.1667830781496,24.5774948463875,3.33978377733899,2.90654285035756e-05,0.977534747209083,0.348301840548532,0.084292097701519,6,1,50,0.0460884822785509,-0.403462991808062,6,5.90767007472373,0,-25.0617,5451,0.4,0,10,"both",0.0460884822785509,-0.403462991808062
"293","session1",-12.1667830781496,24.5774948463875,3.33978377733899,2.90654285035756e-05,0.977534747209083,0.348301840548532,0.084292097701519,6,1,50,0.0460884822785509,-0.403462991808062,6,4.94939810047067,0,-23.9247,5451,0.4,0,10,"both",0.0460884822785509,-0.403462991808062
"294","session1",-12.1667830781496,24.5774948463875,3.33978377733899,2.90654285035756e-05,0.977534747209083,0.348301840548532,0.084292097701519,6,1,50,0.0460884822785509,-0.403462991808062,6,7.04580368400848,0,-25.33133,5451,0.4,0,10,"both",0.0460884822785509,-0.403462991808062
"295","session1",-12.1667830781496,24.5774948463875,3.33978377733899,2.90654285035756e-05,0.977534747209083,0.348301840548532,0.084292097701519,6,1,50,0.0460884822785509,-0.403462991808062,6,7.1568644300417,1,-5.92773,5451,0.4,0,10,"both",0.0460884822785509,-0.403462991808062
"296","session1",-12.1667830781496,24.5774948463875,3.33978377733899,2.90654285035756e-05,0.977534747209083,0.348301840548532,0.084292097701519,6,1,50,0.0460884822785509,-0.403462991808062,6,8,0,-18.49348,5451,0.4,0,10,"both",0.0460884822785509,-0.403462991808062
"297","session1",-12.1667830781496,24.5774948463875,3.33978377733899,2.90654285035756e-05,0.977534747209083,0.348301840548532,0.084292097701519,6,1,50,0.0460884822785509,-0.403462991808062,6,8,1,-6.41454,5451,0.4,0,10,"both",0.0460884822785509,-0.403462991808062
"298","session1",-12.1667830781496,24.5774948463875,3.33978377733899,2.90654285035756e-05,0.977534747209083,0.348301840548532,0.084292097701519,6,1,50,0.0460884822785509,-0.403462991808062,6,8,1,-16.94429,5451,0.4,0,10,"both",0.0460884822785509,-0.403462991808062
"299","session1",-12.1667830781496,24.5774948463875,3.33978377733899,2.90654285035756e-05,0.977534747209083,0.348301840548532,0.084292097701519,6,1,50,0.0460884822785509,-0.403462991808062,6,8,0,-17.57499,5451,0.4,0,10,"both",0.0460884822785509,-0.403462991808062
"300","session1",-12.1667830781496,24.5774948463875,3.33978377733899,2.90654285035756e-05,0.977534747209083,0.348301840548532,0.084292097701519,6,1,50,0.0460884822785509,-0.403462991808062,6,5.57808200922959,0,-2.52055,5451,0.4,0,10,"both",0.0460884822785509,-0.403462991808062
"301","session1",-20.3640329055742,10.0424007439569,3.69997393064552,0.000225072663509092,-0.354385750891532,0.735035694913771,0.84231724038688,7,1,50,0.0460884822785509,-0.403462991808062,7,2.44012651695598,0,-8.28661449943,5451,0.4,0,10,"both",0.0460884822785509,-0.403462991808062
"302","session1",-20.3640329055742,10.0424007439569,3.69997393064552,0.000225072663509092,-0.354385750891532,0.735035694913771,0.84231724038688,7,1,50,0.0460884822785509,-0.403462991808062,7,2.32305055099057,1,6.821058884723,5451,0.4,0,10,"both",0.0460884822785509,-0.403462991808062
"303","session1",-20.3640329055742,10.0424007439569,3.69997393064552,0.000225072663509092,-0.354385750891532,0.735035694913771,0.84231724038688,7,1,50,0.0460884822785509,-0.403462991808062,7,1.14995883895992,1,-1.18022527701,5451,0.4,0,10,"both",0.0460884822785509,-0.403462991808062
"304","session1",-20.3640329055742,10.0424007439569,3.69997393064552,0.000225072663509092,-0.354385750891532,0.735035694913771,0.84231724038688,7,1,50,0.0460884822785509,-0.403462991808062,7,3.15368741593496,1,-5.08623816806,5451,0.4,0,10,"both",0.0460884822785509,-0.403462991808062
"305","session1",-20.3640329055742,10.0424007439569,3.69997393064552,0.000225072663509092,-0.354385750891532,0.735035694913771,0.84231724038688,7,1,50,0.0460884822785509,-0.403462991808062,7,3.40675683621287,1,8.38966,5451,0.4,0,10,"both",0.0460884822785509,-0.403462991808062
"306","session1",-20.3640329055742,10.0424007439569,3.69997393064552,0.000225072663509092,-0.354385750891532,0.735035694913771,0.84231724038688,7,1,50,0.0460884822785509,-0.403462991808062,7,1.56302837831237,1,21.31574,5451,0.4,0,10,"both",0.0460884822785509,-0.403462991808062
"307","session1",-20.3640329055742,10.0424007439569,3.69997393064552,0.000225072663509092,-0.354385750891532,0.735035694913771,0.84231724038688,7,1,50,0.0460884822785509,-0.403462991808062,7,2.62213047541529,1,-17.62917,5451,0.4,0,10,"both",0.0460884822785509,-0.403462991808062
"308","session1",-20.3640329055742,10.0424007439569,3.69997393064552,0.000225072663509092,-0.354385750891532,0.735035694913771,0.84231724038688,7,1,50,0.0460884822785509,-0.403462991808062,7,1.62026555507018,1,-15.79207,5451,0.4,0,10,"both",0.0460884822785509,-0.403462991808062
"309","session1",-20.3640329055742,10.0424007439569,3.69997393064552,0.000225072663509092,-0.354385750891532,0.735035694913771,0.84231724038688,7,1,50,0.0460884822785509,-0.403462991808062,7,1.66954686517316,1,11.1981,5451,0.4,0,10,"both",0.0460884822785509,-0.403462991808062
"310","session1",-20.3640329055742,10.0424007439569,3.69997393064552,0.000225072663509092,-0.354385750891532,0.735035694913771,0.84231724038688,7,1,50,0.0460884822785509,-0.403462991808062,7,1.18303179527596,0,-24.002825186,5451,0.4,0,10,"both",0.0460884822785509,-0.403462991808062
"311","session1",-20.3640329055742,10.0424007439569,3.69997393064552,0.000225072663509092,-0.354385750891532,0.735035694913771,0.84231724038688,7,1,50,0.0460884822785509,-0.403462991808062,7,1.38349515086905,0,-21.4272,5451,0.4,0,10,"both",0.0460884822785509,-0.403462991808062
"312","session1",-20.3640329055742,10.0424007439569,3.69997393064552,0.000225072663509092,-0.354385750891532,0.735035694913771,0.84231724038688,7,1,50,0.0460884822785509,-0.403462991808062,7,1.81590045245566,1,9.4536,5451,0.4,0,10,"both",0.0460884822785509,-0.403462991808062
"313","session1",-20.3640329055742,10.0424007439569,3.69997393064552,0.000225072663509092,-0.354385750891532,0.735035694913771,0.84231724038688,7,1,50,0.0460884822785509,-0.403462991808062,7,2.1868300144136,0,-31.6992,5451,0.4,0,10,"both",0.0460884822785509,-0.403462991808062
"314","session1",-20.3640329055742,10.0424007439569,3.69997393064552,0.000225072663509092,-0.354385750891532,0.735035694913771,0.84231724038688,7,1,50,0.0460884822785509,-0.403462991808062,7,1.5498076041387,0,-28.5806,5451,0.4,0,10,"both",0.0460884822785509,-0.403462991808062
"315","session1",-20.3640329055742,10.0424007439569,3.69997393064552,0.000225072663509092,-0.354385750891532,0.735035694913771,0.84231724038688,7,1,50,0.0460884822785509,-0.403462991808062,7,2.68082703493176,1,-21.46234,5451,0.4,0,10,"both",0.0460884822785509,-0.403462991808062
"316","session1",-20.3640329055742,10.0424007439569,3.69997393064552,0.000225072663509092,-0.354385750891532,0.735035694913771,0.84231724038688,7,1,50,0.0460884822785509,-0.403462991808062,7,1.57947368899797,0,-34.7164,5451,0.4,0,10,"both",0.0460884822785509,-0.403462991808062
"317","session1",-20.3640329055742,10.0424007439569,3.69997393064552,0.000225072663509092,-0.354385750891532,0.735035694913771,0.84231724038688,7,1,50,0.0460884822785509,-0.403462991808062,7,2.43539590934518,0,-28.05073,5451,0.4,0,10,"both",0.0460884822785509,-0.403462991808062
"318","session1",-20.3640329055742,10.0424007439569,3.69997393064552,0.000225072663509092,-0.354385750891532,0.735035694913771,0.84231724038688,7,1,50,0.0460884822785509,-0.403462991808062,7,2.27475986093048,0,-28.91337,5451,0.4,0,10,"both",0.0460884822785509,-0.403462991808062
"319","session1",-20.3640329055742,10.0424007439569,3.69997393064552,0.000225072663509092,-0.354385750891532,0.735035694913771,0.84231724038688,7,1,50,0.0460884822785509,-0.403462991808062,7,2.24047887376354,1,-6.93665,5451,0.4,0,10,"both",0.0460884822785509,-0.403462991808062
"320","session1",-20.3640329055742,10.0424007439569,3.69997393064552,0.000225072663509092,-0.354385750891532,0.735035694913771,0.84231724038688,7,1,50,0.0460884822785509,-0.403462991808062,7,1.25100616772625,1,-4.373319,5451,0.4,0,10,"both",0.0460884822785509,-0.403462991808062
"321","session1",-20.3640329055742,10.0424007439569,3.69997393064552,0.000225072663509092,-0.354385750891532,0.735035694913771,0.84231724038688,7,1,50,0.0460884822785509,-0.403462991808062,7,2.50569785373859,1,-12.87718,5451,0.4,0,10,"both",0.0460884822785509,-0.403462991808062
"322","session1",-20.3640329055742,10.0424007439569,3.69997393064552,0.000225072663509092,-0.354385750891532,0.735035694913771,0.84231724038688,7,1,50,0.0460884822785509,-0.403462991808062,7,3.0699950914959,0,-26.59011,5451,0.4,0,10,"both",0.0460884822785509,-0.403462991808062
"323","session1",-20.3640329055742,10.0424007439569,3.69997393064552,0.000225072663509092,-0.354385750891532,0.735035694913771,0.84231724038688,7,1,50,0.0460884822785509,-0.403462991808062,7,3.97243635073301,1,-10.9393,5451,0.4,0,10,"both",0.0460884822785509,-0.403462991808062
"324","session1",-20.3640329055742,10.0424007439569,3.69997393064552,0.000225072663509092,-0.354385750891532,0.735035694913771,0.84231724038688,7,1,50,0.0460884822785509,-0.403462991808062,7,2.48740313543612,1,-21.02571,5451,0.4,0,10,"both",0.0460884822785509,-0.403462991808062
"325","session1",-20.3640329055742,10.0424007439569,3.69997393064552,0.000225072663509092,-0.354385750891532,0.735035694913771,0.84231724038688,7,1,50,0.0460884822785509,-0.403462991808062,7,4.55733057142222,1,-19.40899,5451,0.4,0,10,"both",0.0460884822785509,-0.403462991808062
"326","session1",-20.3640329055742,10.0424007439569,3.69997393064552,0.000225072663509092,-0.354385750891532,0.735035694913771,0.84231724038688,7,1,50,0.0460884822785509,-0.403462991808062,7,3.20949754148299,1,-16.97596,5451,0.4,0,10,"both",0.0460884822785509,-0.403462991808062
"327","session1",-20.3640329055742,10.0424007439569,3.69997393064552,0.000225072663509092,-0.354385750891532,0.735035694913771,0.84231724038688,7,1,50,0.0460884822785509,-0.403462991808062,7,1.36252914195455,1,-20.63216,5451,0.4,0,10,"both",0.0460884822785509,-0.403462991808062
"328","session1",-20.3640329055742,10.0424007439569,3.69997393064552,0.000225072663509092,-0.354385750891532,0.735035694913771,0.84231724038688,7,1,50,0.0460884822785509,-0.403462991808062,7,4.5903581498837,0,-25.58921,5451,0.4,0,10,"both",0.0460884822785509,-0.403462991808062
"329","session1",-20.3640329055742,10.0424007439569,3.69997393064552,0.000225072663509092,-0.354385750891532,0.735035694913771,0.84231724038688,7,1,50,0.0460884822785509,-0.403462991808062,7,1.57746478962847,0,-23.93251,5451,0.4,0,10,"both",0.0460884822785509,-0.403462991808062
"330","session1",-20.3640329055742,10.0424007439569,3.69997393064552,0.000225072663509092,-0.354385750891532,0.735035694913771,0.84231724038688,7,1,50,0.0460884822785509,-0.403462991808062,7,3.78758640520102,0,-25.72268,5451,0.4,0,10,"both",0.0460884822785509,-0.403462991808062
"331","session1",-20.3640329055742,10.0424007439569,3.69997393064552,0.000225072663509092,-0.354385750891532,0.735035694913771,0.84231724038688,7,1,50,0.0460884822785509,-0.403462991808062,7,3.15213604929158,0,-24.58639,5451,0.4,0,10,"both",0.0460884822785509,-0.403462991808062
"332","session1",-20.3640329055742,10.0424007439569,3.69997393064552,0.000225072663509092,-0.354385750891532,0.735035694913771,0.84231724038688,7,1,50,0.0460884822785509,-0.403462991808062,7,3.69943762113432,0,-25.69332,5451,0.4,0,10,"both",0.0460884822785509,-0.403462991808062
"333","session1",-20.3640329055742,10.0424007439569,3.69997393064552,0.000225072663509092,-0.354385750891532,0.735035694913771,0.84231724038688,7,1,50,0.0460884822785509,-0.403462991808062,7,1.52933275089238,1,-23.13438,5451,0.4,0,10,"both",0.0460884822785509,-0.403462991808062
"334","session1",-20.3640329055742,10.0424007439569,3.69997393064552,0.000225072663509092,-0.354385750891532,0.735035694913771,0.84231724038688,7,1,50,0.0460884822785509,-0.403462991808062,7,2.11082363962409,0,-20.29417,5451,0.4,0,10,"both",0.0460884822785509,-0.403462991808062
"335","session1",-20.3640329055742,10.0424007439569,3.69997393064552,0.000225072663509092,-0.354385750891532,0.735035694913771,0.84231724038688,7,1,50,0.0460884822785509,-0.403462991808062,7,5.54741974893928,1,-19.13714,5451,0.4,0,10,"both",0.0460884822785509,-0.403462991808062
"336","session1",-20.3640329055742,10.0424007439569,3.69997393064552,0.000225072663509092,-0.354385750891532,0.735035694913771,0.84231724038688,7,1,50,0.0460884822785509,-0.403462991808062,7,3.50225111427189,1,-13.09338,5451,0.4,0,10,"both",0.0460884822785509,-0.403462991808062
"337","session1",-20.3640329055742,10.0424007439569,3.69997393064552,0.000225072663509092,-0.354385750891532,0.735035694913771,0.84231724038688,7,1,50,0.0460884822785509,-0.403462991808062,7,2.33650359190887,1,-19.0975,5451,0.4,0,10,"both",0.0460884822785509,-0.403462991808062
"338","session1",-20.3640329055742,10.0424007439569,3.69997393064552,0.000225072663509092,-0.354385750891532,0.735035694913771,0.84231724038688,7,1,50,0.0460884822785509,-0.403462991808062,7,1.75696433052636,0,-19.47758,5451,0.4,0,10,"both",0.0460884822785509,-0.403462991808062
"339","session1",-20.3640329055742,10.0424007439569,3.69997393064552,0.000225072663509092,-0.354385750891532,0.735035694913771,0.84231724038688,7,1,50,0.0460884822785509,-0.403462991808062,7,3.48830951785977,0,-18.86545,5451,0.4,0,10,"both",0.0460884822785509,-0.403462991808062
"340","session1",-20.3640329055742,10.0424007439569,3.69997393064552,0.000225072663509092,-0.354385750891532,0.735035694913771,0.84231724038688,7,1,50,0.0460884822785509,-0.403462991808062,7,1.96722742732423,1,-19.32377,5451,0.4,0,10,"both",0.0460884822785509,-0.403462991808062
"341","session1",-20.3640329055742,10.0424007439569,3.69997393064552,0.000225072663509092,-0.354385750891532,0.735035694913771,0.84231724038688,7,1,50,0.0460884822785509,-0.403462991808062,7,2.29270284250676,1,-12.59557,5451,0.4,0,10,"both",0.0460884822785509,-0.403462991808062
"342","session1",-20.3640329055742,10.0424007439569,3.69997393064552,0.000225072663509092,-0.354385750891532,0.735035694913771,0.84231724038688,7,1,50,0.0460884822785509,-0.403462991808062,7,1.77639640656358,0,-22.64651,5451,0.4,0,10,"both",0.0460884822785509,-0.403462991808062
"343","session1",-20.3640329055742,10.0424007439569,3.69997393064552,0.000225072663509092,-0.354385750891532,0.735035694913771,0.84231724038688,7,1,50,0.0460884822785509,-0.403462991808062,7,1.33292384497888,0,-22.28116,5451,0.4,0,10,"both",0.0460884822785509,-0.403462991808062
"344","session1",-20.3640329055742,10.0424007439569,3.69997393064552,0.000225072663509092,-0.354385750891532,0.735035694913771,0.84231724038688,7,1,50,0.0460884822785509,-0.403462991808062,7,2.0152392007952,0,-21.74485,5451,0.4,0,10,"both",0.0460884822785509,-0.403462991808062
"345","session1",-20.3640329055742,10.0424007439569,3.69997393064552,0.000225072663509092,-0.354385750891532,0.735035694913771,0.84231724038688,7,1,50,0.0460884822785509,-0.403462991808062,7,1.6898915816538,0,-19.30485,5451,0.4,0,10,"both",0.0460884822785509,-0.403462991808062
"346","session1",-20.3640329055742,10.0424007439569,3.69997393064552,0.000225072663509092,-0.354385750891532,0.735035694913771,0.84231724038688,7,1,50,0.0460884822785509,-0.403462991808062,7,2.74541794245238,0,-27.03765,5451,0.4,0,10,"both",0.0460884822785509,-0.403462991808062
"347","session1",-20.3640329055742,10.0424007439569,3.69997393064552,0.000225072663509092,-0.354385750891532,0.735035694913771,0.84231724038688,7,1,50,0.0460884822785509,-0.403462991808062,7,2.94295712297252,0,-25.04636,5451,0.4,0,10,"both",0.0460884822785509,-0.403462991808062
"348","session1",-20.3640329055742,10.0424007439569,3.69997393064552,0.000225072663509092,-0.354385750891532,0.735035694913771,0.84231724038688,7,1,50,0.0460884822785509,-0.403462991808062,7,3.74744559954484,1,-16.95717,5451,0.4,0,10,"both",0.0460884822785509,-0.403462991808062
"349","session1",-20.3640329055742,10.0424007439569,3.69997393064552,0.000225072663509092,-0.354385750891532,0.735035694913771,0.84231724038688,7,1,50,0.0460884822785509,-0.403462991808062,7,5.65774530766607,1,-19.85856,5451,0.4,0,10,"both",0.0460884822785509,-0.403462991808062
"350","session1",-20.3640329055742,10.0424007439569,3.69997393064552,0.000225072663509092,-0.354385750891532,0.735035694913771,0.84231724038688,7,1,50,0.0460884822785509,-0.403462991808062,7,3.77435799901312,0,-24.13829,5451,0.4,0,10,"both",0.0460884822785509,-0.403462991808062
"351","session1",-9.73542479499605,7.89599223342986,5.28359126882031,0.00072853640742226,0.0587359453692344,0.591393310076131,0.7217738060016,8,1,50,0.0460884822785509,-0.403462991808062,8,6.70756043217215,1,-9.31139667523,5451,0.4,0,10,"both",0.0460884822785509,-0.403462991808062
"352","session1",-9.73542479499605,7.89599223342986,5.28359126882031,0.00072853640742226,0.0587359453692344,0.591393310076131,0.7217738060016,8,1,50,0.0460884822785509,-0.403462991808062,8,3.21958537646242,0,-12.8989738022,5451,0.4,0,10,"both",0.0460884822785509,-0.403462991808062
"353","session1",-9.73542479499605,7.89599223342986,5.28359126882031,0.00072853640742226,0.0587359453692344,0.591393310076131,0.7217738060016,8,1,50,0.0460884822785509,-0.403462991808062,8,2.99950903980291,1,-1.4082008239,5451,0.4,0,10,"both",0.0460884822785509,-0.403462991808062
"354","session1",-9.73542479499605,7.89599223342986,5.28359126882031,0.00072853640742226,0.0587359453692344,0.591393310076131,0.7217738060016,8,1,50,0.0460884822785509,-0.403462991808062,8,5.18851405542298,0,-7.1895298456,5451,0.4,0,10,"both",0.0460884822785509,-0.403462991808062
"355","session1",-9.73542479499605,7.89599223342986,5.28359126882031,0.00072853640742226,0.0587359453692344,0.591393310076131,0.7217738060016,8,1,50,0.0460884822785509,-0.403462991808062,8,4.5812926211714,1,-2.2009,5451,0.4,0,10,"both",0.0460884822785509,-0.403462991808062
"356","session1",-9.73542479499605,7.89599223342986,5.28359126882031,0.00072853640742226,0.0587359453692344,0.591393310076131,0.7217738060016,8,1,50,0.0460884822785509,-0.403462991808062,8,0.999661672302884,1,47.7642,5451,0.4,0,10,"both",0.0460884822785509,-0.403462991808062
"357","session1",-9.73542479499605,7.89599223342986,5.28359126882031,0.00072853640742226,0.0587359453692344,0.591393310076131,0.7217738060016,8,1,50,0.0460884822785509,-0.403462991808062,8,1.11764688962148,1,48.91637,5451,0.4,0,10,"both",0.0460884822785509,-0.403462991808062
"358","session1",-9.73542479499605,7.89599223342986,5.28359126882031,0.00072853640742226,0.0587359453692344,0.591393310076131,0.7217738060016,8,1,50,0.0460884822785509,-0.403462991808062,8,5.62023356530957,1,20.5655,5451,0.4,0,10,"both",0.0460884822785509,-0.403462991808062
"359","session1",-9.73542479499605,7.89599223342986,5.28359126882031,0.00072853640742226,0.0587359453692344,0.591393310076131,0.7217738060016,8,1,50,0.0460884822785509,-0.403462991808062,8,8,0,-10.05022,5451,0.4,0,10,"both",0.0460884822785509,-0.403462991808062
"360","session1",-9.73542479499605,7.89599223342986,5.28359126882031,0.00072853640742226,0.0587359453692344,0.591393310076131,0.7217738060016,8,1,50,0.0460884822785509,-0.403462991808062,8,1.96297016257356,1,3.1743596,5451,0.4,0,10,"both",0.0460884822785509,-0.403462991808062
"361","session1",-9.73542479499605,7.89599223342986,5.28359126882031,0.00072853640742226,0.0587359453692344,0.591393310076131,0.7217738060016,8,1,50,0.0460884822785509,-0.403462991808062,8,4.17764253624209,0,0.96075,5451,0.4,0,10,"both",0.0460884822785509,-0.403462991808062
"362","session1",-9.73542479499605,7.89599223342986,5.28359126882031,0.00072853640742226,0.0587359453692344,0.591393310076131,0.7217738060016,8,1,50,0.0460884822785509,-0.403462991808062,8,3.05504917699532,1,-10.70144,5451,0.4,0,10,"both",0.0460884822785509,-0.403462991808062
"363","session1",-9.73542479499605,7.89599223342986,5.28359126882031,0.00072853640742226,0.0587359453692344,0.591393310076131,0.7217738060016,8,1,50,0.0460884822785509,-0.403462991808062,8,2.84716199961108,1,-8.2078126506,5451,0.4,0,10,"both",0.0460884822785509,-0.403462991808062
"364","session1",-9.73542479499605,7.89599223342986,5.28359126882031,0.00072853640742226,0.0587359453692344,0.591393310076131,0.7217738060016,8,1,50,0.0460884822785509,-0.403462991808062,8,2.67487269017696,1,-0.104099999999999,5451,0.4,0,10,"both",0.0460884822785509,-0.403462991808062
"365","session1",-9.73542479499605,7.89599223342986,5.28359126882031,0.00072853640742226,0.0587359453692344,0.591393310076131,0.7217738060016,8,1,50,0.0460884822785509,-0.403462991808062,8,1.53970732007653,1,22.6313,5451,0.4,0,10,"both",0.0460884822785509,-0.403462991808062
"366","session1",-9.73542479499605,7.89599223342986,5.28359126882031,0.00072853640742226,0.0587359453692344,0.591393310076131,0.7217738060016,8,1,50,0.0460884822785509,-0.403462991808062,8,2.4338139337838,0,-13.80326,5451,0.4,0,10,"both",0.0460884822785509,-0.403462991808062
"367","session1",-9.73542479499605,7.89599223342986,5.28359126882031,0.00072853640742226,0.0587359453692344,0.591393310076131,0.7217738060016,8,1,50,0.0460884822785509,-0.403462991808062,8,1.46395618623087,1,4.60575,5451,0.4,0,10,"both",0.0460884822785509,-0.403462991808062
"368","session1",-9.73542479499605,7.89599223342986,5.28359126882031,0.00072853640742226,0.0587359453692344,0.591393310076131,0.7217738060016,8,1,50,0.0460884822785509,-0.403462991808062,8,1.90134186696159,0,-39.9588,5451,0.4,0,10,"both",0.0460884822785509,-0.403462991808062
"369","session1",-9.73542479499605,7.89599223342986,5.28359126882031,0.00072853640742226,0.0587359453692344,0.591393310076131,0.7217738060016,8,1,50,0.0460884822785509,-0.403462991808062,8,4.68033440341222,0,-10.91391,5451,0.4,0,10,"both",0.0460884822785509,-0.403462991808062
"370","session1",-9.73542479499605,7.89599223342986,5.28359126882031,0.00072853640742226,0.0587359453692344,0.591393310076131,0.7217738060016,8,1,50,0.0460884822785509,-0.403462991808062,8,1.55392607411774,1,-2.84343,5451,0.4,0,10,"both",0.0460884822785509,-0.403462991808062
"371","session1",-9.73542479499605,7.89599223342986,5.28359126882031,0.00072853640742226,0.0587359453692344,0.591393310076131,0.7217738060016,8,1,50,0.0460884822785509,-0.403462991808062,8,3.79452984155415,0,-12.73181,5451,0.4,0,10,"both",0.0460884822785509,-0.403462991808062
"372","session1",-9.73542479499605,7.89599223342986,5.28359126882031,0.00072853640742226,0.0587359453692344,0.591393310076131,0.7217738060016,8,1,50,0.0460884822785509,-0.403462991808062,8,3.08734793009962,1,-1.7508,5451,0.4,0,10,"both",0.0460884822785509,-0.403462991808062
"373","session1",-9.73542479499605,7.89599223342986,5.28359126882031,0.00072853640742226,0.0587359453692344,0.591393310076131,0.7217738060016,8,1,50,0.0460884822785509,-0.403462991808062,8,1.80972229852757,1,2.76269,5451,0.4,0,10,"both",0.0460884822785509,-0.403462991808062
"374","session1",-9.73542479499605,7.89599223342986,5.28359126882031,0.00072853640742226,0.0587359453692344,0.591393310076131,0.7217738060016,8,1,50,0.0460884822785509,-0.403462991808062,8,2.46108255369002,1,-6.67657,5451,0.4,0,10,"both",0.0460884822785509,-0.403462991808062
"375","session1",-9.73542479499605,7.89599223342986,5.28359126882031,0.00072853640742226,0.0587359453692344,0.591393310076131,0.7217738060016,8,1,50,0.0460884822785509,-0.403462991808062,8,5.38573258233469,1,-3.35429,5451,0.4,0,10,"both",0.0460884822785509,-0.403462991808062
"376","session1",-9.73542479499605,7.89599223342986,5.28359126882031,0.00072853640742226,0.0587359453692344,0.591393310076131,0.7217738060016,8,1,50,0.0460884822785509,-0.403462991808062,8,5.05462011245383,0,-12.56888,5451,0.4,0,10,"both",0.0460884822785509,-0.403462991808062
"377","session1",-9.73542479499605,7.89599223342986,5.28359126882031,0.00072853640742226,0.0587359453692344,0.591393310076131,0.7217738060016,8,1,50,0.0460884822785509,-0.403462991808062,8,1.67459212765575,1,-3.12763,5451,0.4,0,10,"both",0.0460884822785509,-0.403462991808062
"378","session1",-9.73542479499605,7.89599223342986,5.28359126882031,0.00072853640742226,0.0587359453692344,0.591393310076131,0.7217738060016,8,1,50,0.0460884822785509,-0.403462991808062,8,8,0,-7.63809,5451,0.4,0,10,"both",0.0460884822785509,-0.403462991808062
"379","session1",-9.73542479499605,7.89599223342986,5.28359126882031,0.00072853640742226,0.0587359453692344,0.591393310076131,0.7217738060016,8,1,50,0.0460884822785509,-0.403462991808062,8,1.50970008417904,0,-19.27511,5451,0.4,0,10,"both",0.0460884822785509,-0.403462991808062
"380","session1",-9.73542479499605,7.89599223342986,5.28359126882031,0.00072853640742226,0.0587359453692344,0.591393310076131,0.7217738060016,8,1,50,0.0460884822785509,-0.403462991808062,8,2.35877735435331,1,-7.56152,5451,0.4,0,10,"both",0.0460884822785509,-0.403462991808062
"381","session1",-9.73542479499605,7.89599223342986,5.28359126882031,0.00072853640742226,0.0587359453692344,0.591393310076131,0.7217738060016,8,1,50,0.0460884822785509,-0.403462991808062,8,3.37008876638128,0,-4.03503,5451,0.4,0,10,"both",0.0460884822785509,-0.403462991808062
"382","session1",-9.73542479499605,7.89599223342986,5.28359126882031,0.00072853640742226,0.0587359453692344,0.591393310076131,0.7217738060016,8,1,50,0.0460884822785509,-0.403462991808062,8,2.42129754355718,1,30.02579,5451,0.4,0,10,"both",0.0460884822785509,-0.403462991808062
"383","session1",-9.73542479499605,7.89599223342986,5.28359126882031,0.00072853640742226,0.0587359453692344,0.591393310076131,0.7217738060016,8,1,50,0.0460884822785509,-0.403462991808062,8,3.66194377475168,1,-13.72732,5451,0.4,0,10,"both",0.0460884822785509,-0.403462991808062
"384","session1",-9.73542479499605,7.89599223342986,5.28359126882031,0.00072853640742226,0.0587359453692344,0.591393310076131,0.7217738060016,8,1,50,0.0460884822785509,-0.403462991808062,8,1.82684935436851,0,-20.21488,5451,0.4,0,10,"both",0.0460884822785509,-0.403462991808062
"385","session1",-9.73542479499605,7.89599223342986,5.28359126882031,0.00072853640742226,0.0587359453692344,0.591393310076131,0.7217738060016,8,1,50,0.0460884822785509,-0.403462991808062,8,4.67177227227328,1,-5.63188,5451,0.4,0,10,"both",0.0460884822785509,-0.403462991808062
"386","session1",-9.73542479499605,7.89599223342986,5.28359126882031,0.00072853640742226,0.0587359453692344,0.591393310076131,0.7217738060016,8,1,50,0.0460884822785509,-0.403462991808062,8,1.53371243507101,0,-23.8535,5451,0.4,0,10,"both",0.0460884822785509,-0.403462991808062
"387","session1",-9.73542479499605,7.89599223342986,5.28359126882031,0.00072853640742226,0.0587359453692344,0.591393310076131,0.7217738060016,8,1,50,0.0460884822785509,-0.403462991808062,8,3.53801482000875,1,-8.34845,5451,0.4,0,10,"both",0.0460884822785509,-0.403462991808062
"388","session1",-9.73542479499605,7.89599223342986,5.28359126882031,0.00072853640742226,0.0587359453692344,0.591393310076131,0.7217738060016,8,1,50,0.0460884822785509,-0.403462991808062,8,8,0,-19.26779,5451,0.4,0,10,"both",0.0460884822785509,-0.403462991808062
"389","session1",-9.73542479499605,7.89599223342986,5.28359126882031,0.00072853640742226,0.0587359453692344,0.591393310076131,0.7217738060016,8,1,50,0.0460884822785509,-0.403462991808062,8,6.01164698461636,0,-13.15167,5451,0.4,0,10,"both",0.0460884822785509,-0.403462991808062
"390","session1",-9.73542479499605,7.89599223342986,5.28359126882031,0.00072853640742226,0.0587359453692344,0.591393310076131,0.7217738060016,8,1,50,0.0460884822785509,-0.403462991808062,8,2.47990254317533,1,-14.67677,5451,0.4,0,10,"both",0.0460884822785509,-0.403462991808062
"391","session1",-9.73542479499605,7.89599223342986,5.28359126882031,0.00072853640742226,0.0587359453692344,0.591393310076131,0.7217738060016,8,1,50,0.0460884822785509,-0.403462991808062,8,2.96091616894625,1,-1.14637,5451,0.4,0,10,"both",0.0460884822785509,-0.403462991808062
"392","session1",-9.73542479499605,7.89599223342986,5.28359126882031,0.00072853640742226,0.0587359453692344,0.591393310076131,0.7217738060016,8,1,50,0.0460884822785509,-0.403462991808062,8,5.740359397732,1,-0.679349999999999,5451,0.4,0,10,"both",0.0460884822785509,-0.403462991808062
"393","session1",-9.73542479499605,7.89599223342986,5.28359126882031,0.00072853640742226,0.0587359453692344,0.591393310076131,0.7217738060016,8,1,50,0.0460884822785509,-0.403462991808062,8,4.93184295282233,1,-13.35109,5451,0.4,0,10,"both",0.0460884822785509,-0.403462991808062
"394","session1",-9.73542479499605,7.89599223342986,5.28359126882031,0.00072853640742226,0.0587359453692344,0.591393310076131,0.7217738060016,8,1,50,0.0460884822785509,-0.403462991808062,8,1.80635301258439,1,-3.94084,5451,0.4,0,10,"both",0.0460884822785509,-0.403462991808062
"395","session1",-9.73542479499605,7.89599223342986,5.28359126882031,0.00072853640742226,0.0587359453692344,0.591393310076131,0.7217738060016,8,1,50,0.0460884822785509,-0.403462991808062,8,2.28230624547311,1,7.39873,5451,0.4,0,10,"both",0.0460884822785509,-0.403462991808062
"396","session1",-9.73542479499605,7.89599223342986,5.28359126882031,0.00072853640742226,0.0587359453692344,0.591393310076131,0.7217738060016,8,1,50,0.0460884822785509,-0.403462991808062,8,0.981769137677975,1,8.7218,5451,0.4,0,10,"both",0.0460884822785509,-0.403462991808062
"397","session1",-9.73542479499605,7.89599223342986,5.28359126882031,0.00072853640742226,0.0587359453692344,0.591393310076131,0.7217738060016,8,1,50,0.0460884822785509,-0.403462991808062,8,7.66823483355558,0,-1.81162,5451,0.4,0,10,"both",0.0460884822785509,-0.403462991808062
"398","session1",-9.73542479499605,7.89599223342986,5.28359126882031,0.00072853640742226,0.0587359453692344,0.591393310076131,0.7217738060016,8,1,50,0.0460884822785509,-0.403462991808062,8,2.18200814874494,0,-24.43852,5451,0.4,0,10,"both",0.0460884822785509,-0.403462991808062
"399","session1",-9.73542479499605,7.89599223342986,5.28359126882031,0.00072853640742226,0.0587359453692344,0.591393310076131,0.7217738060016,8,1,50,0.0460884822785509,-0.403462991808062,8,3.30022625000533,1,-0.23921,5451,0.4,0,10,"both",0.0460884822785509,-0.403462991808062
"400","session1",-9.73542479499605,7.89599223342986,5.28359126882031,0.00072853640742226,0.0587359453692344,0.591393310076131,0.7217738060016,8,1,50,0.0460884822785509,-0.403462991808062,8,2.240011869493,0,-32.5293,5451,0.4,0,10,"both",0.0460884822785509,-0.403462991808062
"401","session1",-7.94624629486426,17.1087325084808,1.78243505370599,0.000991872807415985,0.395417790689346,0.466802392763292,0.407056359064639,9,1,50,0.0460884822785509,-0.403462991808062,9,1.6869933378103,0,-8.5388714739,5451,0.4,0,10,"both",0.0460884822785509,-0.403462991808062
"402","session1",-7.94624629486426,17.1087325084808,1.78243505370599,0.000991872807415985,0.395417790689346,0.466802392763292,0.407056359064639,9,1,50,0.0460884822785509,-0.403462991808062,9,2.26168879764119,1,6.876011858,5451,0.4,0,10,"both",0.0460884822785509,-0.403462991808062
"403","session1",-7.94624629486426,17.1087325084808,1.78243505370599,0.000991872807415985,0.395417790689346,0.466802392763292,0.407056359064639,9,1,50,0.0460884822785509,-0.403462991808062,9,4.25926481420336,1,0.9212130242,5451,0.4,0,10,"both",0.0460884822785509,-0.403462991808062
"404","session1",-7.94624629486426,17.1087325084808,1.78243505370599,0.000991872807415985,0.395417790689346,0.466802392763292,0.407056359064639,9,1,50,0.0460884822785509,-0.403462991808062,9,2.22150891778058,1,-3.72271389088,5451,0.4,0,10,"both",0.0460884822785509,-0.403462991808062
"405","session1",-7.94624629486426,17.1087325084808,1.78243505370599,0.000991872807415985,0.395417790689346,0.466802392763292,0.407056359064639,9,1,50,0.0460884822785509,-0.403462991808062,9,1.27184091280996,1,29.72091,5451,0.4,0,10,"both",0.0460884822785509,-0.403462991808062
"406","session1",-7.94624629486426,17.1087325084808,1.78243505370599,0.000991872807415985,0.395417790689346,0.466802392763292,0.407056359064639,9,1,50,0.0460884822785509,-0.403462991808062,9,3.96269512032388,0,-7.8376410919,5451,0.4,0,10,"both",0.0460884822785509,-0.403462991808062
"407","session1",-7.94624629486426,17.1087325084808,1.78243505370599,0.000991872807415985,0.395417790689346,0.466802392763292,0.407056359064639,9,1,50,0.0460884822785509,-0.403462991808062,9,4.50602304257787,0,-8.56438,5451,0.4,0,10,"both",0.0460884822785509,-0.403462991808062
"408","session1",-7.94624629486426,17.1087325084808,1.78243505370599,0.000991872807415985,0.395417790689346,0.466802392763292,0.407056359064639,9,1,50,0.0460884822785509,-0.403462991808062,9,4.09310132897286,0,-6.1881,5451,0.4,0,10,"both",0.0460884822785509,-0.403462991808062
"409","session1",-7.94624629486426,17.1087325084808,1.78243505370599,0.000991872807415985,0.395417790689346,0.466802392763292,0.407056359064639,9,1,50,0.0460884822785509,-0.403462991808062,9,2.38023668529883,1,11.31113,5451,0.4,0,10,"both",0.0460884822785509,-0.403462991808062
"410","session1",-7.94624629486426,17.1087325084808,1.78243505370599,0.000991872807415985,0.395417790689346,0.466802392763292,0.407056359064639,9,1,50,0.0460884822785509,-0.403462991808062,9,2.16677048948698,0,0.27746,5451,0.4,0,10,"both",0.0460884822785509,-0.403462991808062
"411","session1",-7.94624629486426,17.1087325084808,1.78243505370599,0.000991872807415985,0.395417790689346,0.466802392763292,0.407056359064639,9,1,50,0.0460884822785509,-0.403462991808062,9,7.35478460350253,1,-0.5775922035,5451,0.4,0,10,"both",0.0460884822785509,-0.403462991808062
"412","session1",-7.94624629486426,17.1087325084808,1.78243505370599,0.000991872807415985,0.395417790689346,0.466802392763292,0.407056359064639,9,1,50,0.0460884822785509,-0.403462991808062,9,2.40305142060098,0,-2.841891,5451,0.4,0,10,"both",0.0460884822785509,-0.403462991808062
"413","session1",-7.94624629486426,17.1087325084808,1.78243505370599,0.000991872807415985,0.395417790689346,0.466802392763292,0.407056359064639,9,1,50,0.0460884822785509,-0.403462991808062,9,2.72008232869295,1,-4.2081769,5451,0.4,0,10,"both",0.0460884822785509,-0.403462991808062
"414","session1",-7.94624629486426,17.1087325084808,1.78243505370599,0.000991872807415985,0.395417790689346,0.466802392763292,0.407056359064639,9,1,50,0.0460884822785509,-0.403462991808062,9,2.35268896457471,0,-1.31237,5451,0.4,0,10,"both",0.0460884822785509,-0.403462991808062
"415","session1",-7.94624629486426,17.1087325084808,1.78243505370599,0.000991872807415985,0.395417790689346,0.466802392763292,0.407056359064639,9,1,50,0.0460884822785509,-0.403462991808062,9,4.38881261486442,1,-6.87216,5451,0.4,0,10,"both",0.0460884822785509,-0.403462991808062
"416","session1",-7.94624629486426,17.1087325084808,1.78243505370599,0.000991872807415985,0.395417790689346,0.466802392763292,0.407056359064639,9,1,50,0.0460884822785509,-0.403462991808062,9,2.01183237515521,1,3.193805,5451,0.4,0,10,"both",0.0460884822785509,-0.403462991808062
"417","session1",-7.94624629486426,17.1087325084808,1.78243505370599,0.000991872807415985,0.395417790689346,0.466802392763292,0.407056359064639,9,1,50,0.0460884822785509,-0.403462991808062,9,1.86258281475294,0,-13.147465,5451,0.4,0,10,"both",0.0460884822785509,-0.403462991808062
"418","session1",-7.94624629486426,17.1087325084808,1.78243505370599,0.000991872807415985,0.395417790689346,0.466802392763292,0.407056359064639,9,1,50,0.0460884822785509,-0.403462991808062,9,4.04089212703977,1,6.61728,5451,0.4,0,10,"both",0.0460884822785509,-0.403462991808062
"419","session1",-7.94624629486426,17.1087325084808,1.78243505370599,0.000991872807415985,0.395417790689346,0.466802392763292,0.407056359064639,9,1,50,0.0460884822785509,-0.403462991808062,9,3.53093128159468,0,-15.76776,5451,0.4,0,10,"both",0.0460884822785509,-0.403462991808062
"420","session1",-7.94624629486426,17.1087325084808,1.78243505370599,0.000991872807415985,0.395417790689346,0.466802392763292,0.407056359064639,9,1,50,0.0460884822785509,-0.403462991808062,9,4.40794103096538,1,-8.02304,5451,0.4,0,10,"both",0.0460884822785509,-0.403462991808062
"421","session1",-7.94624629486426,17.1087325084808,1.78243505370599,0.000991872807415985,0.395417790689346,0.466802392763292,0.407056359064639,9,1,50,0.0460884822785509,-0.403462991808062,9,2.19662904116315,1,-3.99469,5451,0.4,0,10,"both",0.0460884822785509,-0.403462991808062
"422","session1",-7.94624629486426,17.1087325084808,1.78243505370599,0.000991872807415985,0.395417790689346,0.466802392763292,0.407056359064639,9,1,50,0.0460884822785509,-0.403462991808062,9,3.55685930352727,0,-20.86369,5451,0.4,0,10,"both",0.0460884822785509,-0.403462991808062
"423","session1",-7.94624629486426,17.1087325084808,1.78243505370599,0.000991872807415985,0.395417790689346,0.466802392763292,0.407056359064639,9,1,50,0.0460884822785509,-0.403462991808062,9,2.13478002270808,1,4.0619,5451,0.4,0,10,"both",0.0460884822785509,-0.403462991808062
"424","session1",-7.94624629486426,17.1087325084808,1.78243505370599,0.000991872807415985,0.395417790689346,0.466802392763292,0.407056359064639,9,1,50,0.0460884822785509,-0.403462991808062,9,2.37403005871023,1,2.34845,5451,0.4,0,10,"both",0.0460884822785509,-0.403462991808062
"425","session1",-7.94624629486426,17.1087325084808,1.78243505370599,0.000991872807415985,0.395417790689346,0.466802392763292,0.407056359064639,9,1,50,0.0460884822785509,-0.403462991808062,9,1.10114665549065,0,-39.37404,5451,0.4,0,10,"both",0.0460884822785509,-0.403462991808062
"426","session1",-7.94624629486426,17.1087325084808,1.78243505370599,0.000991872807415985,0.395417790689346,0.466802392763292,0.407056359064639,9,1,50,0.0460884822785509,-0.403462991808062,9,2.45931743986216,0,-27.99787,5451,0.4,0,10,"both",0.0460884822785509,-0.403462991808062
"427","session1",-7.94624629486426,17.1087325084808,1.78243505370599,0.000991872807415985,0.395417790689346,0.466802392763292,0.407056359064639,9,1,50,0.0460884822785509,-0.403462991808062,9,2.06214090951712,0,-5.0754920427,5451,0.4,0,10,"both",0.0460884822785509,-0.403462991808062
"428","session1",-7.94624629486426,17.1087325084808,1.78243505370599,0.000991872807415985,0.395417790689346,0.466802392763292,0.407056359064639,9,1,50,0.0460884822785509,-0.403462991808062,9,4.05408948979157,0,3.4652,5451,0.4,0,10,"both",0.0460884822785509,-0.403462991808062
"429","session1",-7.94624629486426,17.1087325084808,1.78243505370599,0.000991872807415985,0.395417790689346,0.466802392763292,0.407056359064639,9,1,50,0.0460884822785509,-0.403462991808062,9,3.46758985033631,0,-9.13857,5451,0.4,0,10,"both",0.0460884822785509,-0.403462991808062
"430","session1",-7.94624629486426,17.1087325084808,1.78243505370599,0.000991872807415985,0.395417790689346,0.466802392763292,0.407056359064639,9,1,50,0.0460884822785509,-0.403462991808062,9,3.25406945296731,0,-39.71504,5451,0.4,0,10,"both",0.0460884822785509,-0.403462991808062
"431","session1",-7.94624629486426,17.1087325084808,1.78243505370599,0.000991872807415985,0.395417790689346,0.466802392763292,0.407056359064639,9,1,50,0.0460884822785509,-0.403462991808062,9,1.78355719652671,1,-13.98888,5451,0.4,0,10,"both",0.0460884822785509,-0.403462991808062
"432","session1",-7.94624629486426,17.1087325084808,1.78243505370599,0.000991872807415985,0.395417790689346,0.466802392763292,0.407056359064639,9,1,50,0.0460884822785509,-0.403462991808062,9,3.75257603481024,0,-25.95339,5451,0.4,0,10,"both",0.0460884822785509,-0.403462991808062
"433","session1",-7.94624629486426,17.1087325084808,1.78243505370599,0.000991872807415985,0.395417790689346,0.466802392763292,0.407056359064639,9,1,50,0.0460884822785509,-0.403462991808062,9,1.89313486526238,0,-11.98016,5451,0.4,0,10,"both",0.0460884822785509,-0.403462991808062
"434","session1",-7.94624629486426,17.1087325084808,1.78243505370599,0.000991872807415985,0.395417790689346,0.466802392763292,0.407056359064639,9,1,50,0.0460884822785509,-0.403462991808062,9,2.86565309720424,1,-14.8814,5451,0.4,0,10,"both",0.0460884822785509,-0.403462991808062
"435","session1",-7.94624629486426,17.1087325084808,1.78243505370599,0.000991872807415985,0.395417790689346,0.466802392763292,0.407056359064639,9,1,50,0.0460884822785509,-0.403462991808062,9,2.14783625735757,1,4.19293,5451,0.4,0,10,"both",0.0460884822785509,-0.403462991808062
"436","session1",-7.94624629486426,17.1087325084808,1.78243505370599,0.000991872807415985,0.395417790689346,0.466802392763292,0.407056359064639,9,1,50,0.0460884822785509,-0.403462991808062,9,1.81378240025238,0,-21.27838,5451,0.4,0,10,"both",0.0460884822785509,-0.403462991808062
"437","session1",-7.94624629486426,17.1087325084808,1.78243505370599,0.000991872807415985,0.395417790689346,0.466802392763292,0.407056359064639,9,1,50,0.0460884822785509,-0.403462991808062,9,1.26917850999173,0,-13.87511,5451,0.4,0,10,"both",0.0460884822785509,-0.403462991808062
"438","session1",-7.94624629486426,17.1087325084808,1.78243505370599,0.000991872807415985,0.395417790689346,0.466802392763292,0.407056359064639,9,1,50,0.0460884822785509,-0.403462991808062,9,2.12339181903642,1,15.20135,5451,0.4,0,10,"both",0.0460884822785509,-0.403462991808062
"439","session1",-7.94624629486426,17.1087325084808,1.78243505370599,0.000991872807415985,0.395417790689346,0.466802392763292,0.407056359064639,9,1,50,0.0460884822785509,-0.403462991808062,9,2.04434297079715,0,0.63307,5451,0.4,0,10,"both",0.0460884822785509,-0.403462991808062
"440","session1",-7.94624629486426,17.1087325084808,1.78243505370599,0.000991872807415985,0.395417790689346,0.466802392763292,0.407056359064639,9,1,50,0.0460884822785509,-0.403462991808062,9,3.36059726417673,0,6.72167,5451,0.4,0,10,"both",0.0460884822785509,-0.403462991808062
"441","session1",-7.94624629486426,17.1087325084808,1.78243505370599,0.000991872807415985,0.395417790689346,0.466802392763292,0.407056359064639,9,1,50,0.0460884822785509,-0.403462991808062,9,2.19351245302239,1,-2.46858,5451,0.4,0,10,"both",0.0460884822785509,-0.403462991808062
"442","session1",-7.94624629486426,17.1087325084808,1.78243505370599,0.000991872807415985,0.395417790689346,0.466802392763292,0.407056359064639,9,1,50,0.0460884822785509,-0.403462991808062,9,5.66396638275122,1,-12.48402,5451,0.4,0,10,"both",0.0460884822785509,-0.403462991808062
"443","session1",-7.94624629486426,17.1087325084808,1.78243505370599,0.000991872807415985,0.395417790689346,0.466802392763292,0.407056359064639,9,1,50,0.0460884822785509,-0.403462991808062,9,2.75418511237887,0,-21.86471,5451,0.4,0,10,"both",0.0460884822785509,-0.403462991808062
"444","session1",-7.94624629486426,17.1087325084808,1.78243505370599,0.000991872807415985,0.395417790689346,0.466802392763292,0.407056359064639,9,1,50,0.0460884822785509,-0.403462991808062,9,2.2306179971357,0,5.07487,5451,0.4,0,10,"both",0.0460884822785509,-0.403462991808062
"445","session1",-7.94624629486426,17.1087325084808,1.78243505370599,0.000991872807415985,0.395417790689346,0.466802392763292,0.407056359064639,9,1,50,0.0460884822785509,-0.403462991808062,9,5.08241287100411,1,10.71394,5451,0.4,0,10,"both",0.0460884822785509,-0.403462991808062
"446","session1",-7.94624629486426,17.1087325084808,1.78243505370599,0.000991872807415985,0.395417790689346,0.466802392763292,0.407056359064639,9,1,50,0.0460884822785509,-0.403462991808062,9,5.2301723501079,1,-0.39393,5451,0.4,0,10,"both",0.0460884822785509,-0.403462991808062
"447","session1",-7.94624629486426,17.1087325084808,1.78243505370599,0.000991872807415985,0.395417790689346,0.466802392763292,0.407056359064639,9,1,50,0.0460884822785509,-0.403462991808062,9,1.30272711352467,0,-19.76299,5451,0.4,0,10,"both",0.0460884822785509,-0.403462991808062
"448","session1",-7.94624629486426,17.1087325084808,1.78243505370599,0.000991872807415985,0.395417790689346,0.466802392763292,0.407056359064639,9,1,50,0.0460884822785509,-0.403462991808062,9,2.05966623062853,1,38.45839,5451,0.4,0,10,"both",0.0460884822785509,-0.403462991808062
"449","session1",-7.94624629486426,17.1087325084808,1.78243505370599,0.000991872807415985,0.395417790689346,0.466802392763292,0.407056359064639,9,1,50,0.0460884822785509,-0.403462991808062,9,2.38092286671575,1,-30.34076,5451,0.4,0,10,"both",0.0460884822785509,-0.403462991808062
"450","session1",-7.94624629486426,17.1087325084808,1.78243505370599,0.000991872807415985,0.395417790689346,0.466802392763292,0.407056359064639,9,1,50,0.0460884822785509,-0.403462991808062,9,1.6271578631996,0,-39.18834,5451,0.4,0,10,"both",0.0460884822785509,-0.403462991808062
"451","session1",-18.9038814715376,9.9467897090136,3.02354807588002,0.00573417554518397,-0.448088658899469,0.94660990896377,0.906750621566006,10,1,50,0.0460884822785509,-0.403462991808062,10,2.17157449584477,1,-6.8500190257,5451,0.4,0,10,"both",0.0460884822785509,-0.403462991808062
"452","session1",-18.9038814715376,9.9467897090136,3.02354807588002,0.00573417554518397,-0.448088658899469,0.94660990896377,0.906750621566006,10,1,50,0.0460884822785509,-0.403462991808062,10,2.92591966029556,1,-8.0762198459,5451,0.4,0,10,"both",0.0460884822785509,-0.403462991808062
"453","session1",-18.9038814715376,9.9467897090136,3.02354807588002,0.00573417554518397,-0.448088658899469,0.94660990896377,0.906750621566006,10,1,50,0.0460884822785509,-0.403462991808062,10,1.22985699718678,1,-17.0822828457,5451,0.4,0,10,"both",0.0460884822785509,-0.403462991808062
"454","session1",-18.9038814715376,9.9467897090136,3.02354807588002,0.00573417554518397,-0.448088658899469,0.94660990896377,0.906750621566006,10,1,50,0.0460884822785509,-0.403462991808062,10,3.62687403058345,0,-23.561008946,5451,0.4,0,10,"both",0.0460884822785509,-0.403462991808062
"455","session1",-18.9038814715376,9.9467897090136,3.02354807588002,0.00573417554518397,-0.448088658899469,0.94660990896377,0.906750621566006,10,1,50,0.0460884822785509,-0.403462991808062,10,2.22515636576449,0,-14.08387,5451,0.4,0,10,"both",0.0460884822785509,-0.403462991808062
"456","session1",-18.9038814715376,9.9467897090136,3.02354807588002,0.00573417554518397,-0.448088658899469,0.94660990896377,0.906750621566006,10,1,50,0.0460884822785509,-0.403462991808062,10,4.95998285340924,1,-13.7137939706,5451,0.4,0,10,"both",0.0460884822785509,-0.403462991808062
"457","session1",-18.9038814715376,9.9467897090136,3.02354807588002,0.00573417554518397,-0.448088658899469,0.94660990896377,0.906750621566006,10,1,50,0.0460884822785509,-0.403462991808062,10,3.60980373731441,1,-15.1104,5451,0.4,0,10,"both",0.0460884822785509,-0.403462991808062
"458","session1",-18.9038814715376,9.9467897090136,3.02354807588002,0.00573417554518397,-0.448088658899469,0.94660990896377,0.906750621566006,10,1,50,0.0460884822785509,-0.403462991808062,10,4.75499049656923,0,-25.42161,5451,0.4,0,10,"both",0.0460884822785509,-0.403462991808062
"459","session1",-18.9038814715376,9.9467897090136,3.02354807588002,0.00573417554518397,-0.448088658899469,0.94660990896377,0.906750621566006,10,1,50,0.0460884822785509,-0.403462991808062,10,6.88632850878215,1,-20.86493,5451,0.4,0,10,"both",0.0460884822785509,-0.403462991808062
"460","session1",-18.9038814715376,9.9467897090136,3.02354807588002,0.00573417554518397,-0.448088658899469,0.94660990896377,0.906750621566006,10,1,50,0.0460884822785509,-0.403462991808062,10,1.1703042791751,0,-39.9485,5451,0.4,0,10,"both",0.0460884822785509,-0.403462991808062
"461","session1",-18.9038814715376,9.9467897090136,3.02354807588002,0.00573417554518397,-0.448088658899469,0.94660990896377,0.906750621566006,10,1,50,0.0460884822785509,-0.403462991808062,10,2.27295912688885,1,-7.46198,5451,0.4,0,10,"both",0.0460884822785509,-0.403462991808062
"462","session1",-18.9038814715376,9.9467897090136,3.02354807588002,0.00573417554518397,-0.448088658899469,0.94660990896377,0.906750621566006,10,1,50,0.0460884822785509,-0.403462991808062,10,1.02307353813121,0,-27.44667,5451,0.4,0,10,"both",0.0460884822785509,-0.403462991808062
"463","session1",-18.9038814715376,9.9467897090136,3.02354807588002,0.00573417554518397,-0.448088658899469,0.94660990896377,0.906750621566006,10,1,50,0.0460884822785509,-0.403462991808062,10,2.9877835775354,1,-16.58318,5451,0.4,0,10,"both",0.0460884822785509,-0.403462991808062
"464","session1",-18.9038814715376,9.9467897090136,3.02354807588002,0.00573417554518397,-0.448088658899469,0.94660990896377,0.906750621566006,10,1,50,0.0460884822785509,-0.403462991808062,10,3.96974696703552,1,-22.44904,5451,0.4,0,10,"both",0.0460884822785509,-0.403462991808062
"465","session1",-18.9038814715376,9.9467897090136,3.02354807588002,0.00573417554518397,-0.448088658899469,0.94660990896377,0.906750621566006,10,1,50,0.0460884822785509,-0.403462991808062,10,3.68236219804939,1,-19.4197,5451,0.4,0,10,"both",0.0460884822785509,-0.403462991808062
"466","session1",-18.9038814715376,9.9467897090136,3.02354807588002,0.00573417554518397,-0.448088658899469,0.94660990896377,0.906750621566006,10,1,50,0.0460884822785509,-0.403462991808062,10,3.69327164045786,0,-19.78423,5451,0.4,0,10,"both",0.0460884822785509,-0.403462991808062
"467","session1",-18.9038814715376,9.9467897090136,3.02354807588002,0.00573417554518397,-0.448088658899469,0.94660990896377,0.906750621566006,10,1,50,0.0460884822785509,-0.403462991808062,10,1.72450499969858,1,-8.5273,5451,0.4,0,10,"both",0.0460884822785509,-0.403462991808062
"468","session1",-18.9038814715376,9.9467897090136,3.02354807588002,0.00573417554518397,-0.448088658899469,0.94660990896377,0.906750621566006,10,1,50,0.0460884822785509,-0.403462991808062,10,2.1755960112687,0,-28.23662,5451,0.4,0,10,"both",0.0460884822785509,-0.403462991808062
"469","session1",-18.9038814715376,9.9467897090136,3.02354807588002,0.00573417554518397,-0.448088658899469,0.94660990896377,0.906750621566006,10,1,50,0.0460884822785509,-0.403462991808062,10,2.37191146504179,0,-16.16809,5451,0.4,0,10,"both",0.0460884822785509,-0.403462991808062
"470","session1",-18.9038814715376,9.9467897090136,3.02354807588002,0.00573417554518397,-0.448088658899469,0.94660990896377,0.906750621566006,10,1,50,0.0460884822785509,-0.403462991808062,10,1.88620398620801,0,-31.25992,5451,0.4,0,10,"both",0.0460884822785509,-0.403462991808062
"471","session1",-18.9038814715376,9.9467897090136,3.02354807588002,0.00573417554518397,-0.448088658899469,0.94660990896377,0.906750621566006,10,1,50,0.0460884822785509,-0.403462991808062,10,1.31897694969386,1,-7.0367,5451,0.4,0,10,"both",0.0460884822785509,-0.403462991808062
"472","session1",-18.9038814715376,9.9467897090136,3.02354807588002,0.00573417554518397,-0.448088658899469,0.94660990896377,0.906750621566006,10,1,50,0.0460884822785509,-0.403462991808062,10,3.02532970085423,0,-26.62124,5451,0.4,0,10,"both",0.0460884822785509,-0.403462991808062
"473","session1",-18.9038814715376,9.9467897090136,3.02354807588002,0.00573417554518397,-0.448088658899469,0.94660990896377,0.906750621566006,10,1,50,0.0460884822785509,-0.403462991808062,10,1.17732044378061,0,-44.2368,5451,0.4,0,10,"both",0.0460884822785509,-0.403462991808062
"474","session1",-18.9038814715376,9.9467897090136,3.02354807588002,0.00573417554518397,-0.448088658899469,0.94660990896377,0.906750621566006,10,1,50,0.0460884822785509,-0.403462991808062,10,1.58105221374454,1,-8.63103,5451,0.4,0,10,"both",0.0460884822785509,-0.403462991808062
"475","session1",-18.9038814715376,9.9467897090136,3.02354807588002,0.00573417554518397,-0.448088658899469,0.94660990896377,0.906750621566006,10,1,50,0.0460884822785509,-0.403462991808062,10,2.59183770344047,1,-26.51254,5451,0.4,0,10,"both",0.0460884822785509,-0.403462991808062
"476","session1",-18.9038814715376,9.9467897090136,3.02354807588002,0.00573417554518397,-0.448088658899469,0.94660990896377,0.906750621566006,10,1,50,0.0460884822785509,-0.403462991808062,10,1.61304880979077,0,-16.40381,5451,0.4,0,10,"both",0.0460884822785509,-0.403462991808062
"477","session1",-18.9038814715376,9.9467897090136,3.02354807588002,0.00573417554518397,-0.448088658899469,0.94660990896377,0.906750621566006,10,1,50,0.0460884822785509,-0.403462991808062,10,2.38515252185714,0,-12.87452,5451,0.4,0,10,"both",0.0460884822785509,-0.403462991808062
"478","session1",-18.9038814715376,9.9467897090136,3.02354807588002,0.00573417554518397,-0.448088658899469,0.94660990896377,0.906750621566006,10,1,50,0.0460884822785509,-0.403462991808062,10,1.61929034048284,1,-4.6161,5451,0.4,0,10,"both",0.0460884822785509,-0.403462991808062
"479","session1",-18.9038814715376,9.9467897090136,3.02354807588002,0.00573417554518397,-0.448088658899469,0.94660990896377,0.906750621566006,10,1,50,0.0460884822785509,-0.403462991808062,10,2.96745459558623,0,-32.38727,5451,0.4,0,10,"both",0.0460884822785509,-0.403462991808062
"480","session1",-18.9038814715376,9.9467897090136,3.02354807588002,0.00573417554518397,-0.448088658899469,0.94660990896377,0.906750621566006,10,1,50,0.0460884822785509,-0.403462991808062,10,3.8072156996335,0,-15.07337,5451,0.4,0,10,"both",0.0460884822785509,-0.403462991808062
"481","session1",-18.9038814715376,9.9467897090136,3.02354807588002,0.00573417554518397,-0.448088658899469,0.94660990896377,0.906750621566006,10,1,50,0.0460884822785509,-0.403462991808062,10,3.47512607025651,0,-31.423,5451,0.4,0,10,"both",0.0460884822785509,-0.403462991808062
"482","session1",-18.9038814715376,9.9467897090136,3.02354807588002,0.00573417554518397,-0.448088658899469,0.94660990896377,0.906750621566006,10,1,50,0.0460884822785509,-0.403462991808062,10,4.29013968314842,0,-22.40005,5451,0.4,0,10,"both",0.0460884822785509,-0.403462991808062
"483","session1",-18.9038814715376,9.9467897090136,3.02354807588002,0.00573417554518397,-0.448088658899469,0.94660990896377,0.906750621566006,10,1,50,0.0460884822785509,-0.403462991808062,10,3.0588045016256,0,-21.8663,5451,0.4,0,10,"both",0.0460884822785509,-0.403462991808062
"484","session1",-18.9038814715376,9.9467897090136,3.02354807588002,0.00573417554518397,-0.448088658899469,0.94660990896377,0.906750621566006,10,1,50,0.0460884822785509,-0.403462991808062,10,3.96075143425803,1,-26.2397,5451,0.4,0,10,"both",0.0460884822785509,-0.403462991808062
"485","session1",-18.9038814715376,9.9467897090136,3.02354807588002,0.00573417554518397,-0.448088658899469,0.94660990896377,0.906750621566006,10,1,50,0.0460884822785509,-0.403462991808062,10,2.22659766248254,0,-49.6202,5451,0.4,0,10,"both",0.0460884822785509,-0.403462991808062
"486","session1",-18.9038814715376,9.9467897090136,3.02354807588002,0.00573417554518397,-0.448088658899469,0.94660990896377,0.906750621566006,10,1,50,0.0460884822785509,-0.403462991808062,10,1.54899821092705,0,-21.89808,5451,0.4,0,10,"both",0.0460884822785509,-0.403462991808062
"487","session1",-18.9038814715376,9.9467897090136,3.02354807588002,0.00573417554518397,-0.448088658899469,0.94660990896377,0.906750621566006,10,1,50,0.0460884822785509,-0.403462991808062,10,3.62373556983024,0,-23.60891,5451,0.4,0,10,"both",0.0460884822785509,-0.403462991808062
"488","session1",-18.9038814715376,9.9467897090136,3.02354807588002,0.00573417554518397,-0.448088658899469,0.94660990896377,0.906750621566006,10,1,50,0.0460884822785509,-0.403462991808062,10,3.72687838120204,0,-26.66717,5451,0.4,0,10,"both",0.0460884822785509,-0.403462991808062
"489","session1",-18.9038814715376,9.9467897090136,3.02354807588002,0.00573417554518397,-0.448088658899469,0.94660990896377,0.906750621566006,10,1,50,0.0460884822785509,-0.403462991808062,10,1.97612729897315,1,-10.52492,5451,0.4,0,10,"both",0.0460884822785509,-0.403462991808062
"490","session1",-18.9038814715376,9.9467897090136,3.02354807588002,0.00573417554518397,-0.448088658899469,0.94660990896377,0.906750621566006,10,1,50,0.0460884822785509,-0.403462991808062,10,2.25195692193883,1,-6.04501,5451,0.4,0,10,"both",0.0460884822785509,-0.403462991808062
"491","session1",-18.9038814715376,9.9467897090136,3.02354807588002,0.00573417554518397,-0.448088658899469,0.94660990896377,0.906750621566006,10,1,50,0.0460884822785509,-0.403462991808062,10,3.73787546763994,0,-32.649,5451,0.4,0,10,"both",0.0460884822785509,-0.403462991808062
"492","session1",-18.9038814715376,9.9467897090136,3.02354807588002,0.00573417554518397,-0.448088658899469,0.94660990896377,0.906750621566006,10,1,50,0.0460884822785509,-0.403462991808062,10,1.86374931983991,1,-26.42176,5451,0.4,0,10,"both",0.0460884822785509,-0.403462991808062
"493","session1",-18.9038814715376,9.9467897090136,3.02354807588002,0.00573417554518397,-0.448088658899469,0.94660990896377,0.906750621566006,10,1,50,0.0460884822785509,-0.403462991808062,10,1.64012171211305,1,-27.7931,5451,0.4,0,10,"both",0.0460884822785509,-0.403462991808062
"494","session1",-18.9038814715376,9.9467897090136,3.02354807588002,0.00573417554518397,-0.448088658899469,0.94660990896377,0.906750621566006,10,1,50,0.0460884822785509,-0.403462991808062,10,2.38862161137315,0,-32.4043,5451,0.4,0,10,"both",0.0460884822785509,-0.403462991808062
"495","session1",-18.9038814715376,9.9467897090136,3.02354807588002,0.00573417554518397,-0.448088658899469,0.94660990896377,0.906750621566006,10,1,50,0.0460884822785509,-0.403462991808062,10,1.62981225682072,0,-38.0077,5451,0.4,0,10,"both",0.0460884822785509,-0.403462991808062
"496","session1",-18.9038814715376,9.9467897090136,3.02354807588002,0.00573417554518397,-0.448088658899469,0.94660990896377,0.906750621566006,10,1,50,0.0460884822785509,-0.403462991808062,10,3.32838227367994,0,-24.82545,5451,0.4,0,10,"both",0.0460884822785509,-0.403462991808062
"497","session1",-18.9038814715376,9.9467897090136,3.02354807588002,0.00573417554518397,-0.448088658899469,0.94660990896377,0.906750621566006,10,1,50,0.0460884822785509,-0.403462991808062,10,1.43904662813978,1,-13.65448,5451,0.4,0,10,"both",0.0460884822785509,-0.403462991808062
"498","session1",-18.9038814715376,9.9467897090136,3.02354807588002,0.00573417554518397,-0.448088658899469,0.94660990896377,0.906750621566006,10,1,50,0.0460884822785509,-0.403462991808062,10,2.43043563287902,1,-7.4782,5451,0.4,0,10,"both",0.0460884822785509,-0.403462991808062
"499","session1",-18.9038814715376,9.9467897090136,3.02354807588002,0.00573417554518397,-0.448088658899469,0.94660990896377,0.906750621566006,10,1,50,0.0460884822785509,-0.403462991808062,10,3.04968708251126,1,-10.08934,5451,0.4,0,10,"both",0.0460884822785509,-0.403462991808062
"500","session1",-18.9038814715376,9.9467897090136,3.02354807588002,0.00573417554518397,-0.448088658899469,0.94660990896377,0.906750621566006,10,1,50,0.0460884822785509,-0.403462991808062,10,1.06730843555019,1,-7.878,5451,0.4,0,10,"both",0.0460884822785509,-0.403462991808062
"501","session2",-0.133687629596805,45.035531428851,2.68872742365447,0.00266578087882234,0.117884585761063,0.50952432956595,0.584974794168015,1,2,50,0.0460884822785509,-0.403462991808062,11,2.26583448720033,0,-11.29215070066,5451,0.4,0,10,"both",0.0460884822785509,-0.403462991808062
"502","session2",-0.133687629596805,45.035531428851,2.68872742365447,0.00266578087882234,0.117884585761063,0.50952432956595,0.584974794168015,1,2,50,0.0460884822785509,-0.403462991808062,11,3.388437446961,0,4.6662356219,5451,0.4,0,10,"both",0.0460884822785509,-0.403462991808062
"503","session2",-0.133687629596805,45.035531428851,2.68872742365447,0.00266578087882234,0.117884585761063,0.50952432956595,0.584974794168015,1,2,50,0.0460884822785509,-0.403462991808062,11,3.30679444252198,1,14.025456192,5451,0.4,0,10,"both",0.0460884822785509,-0.403462991808062
"504","session2",-0.133687629596805,45.035531428851,2.68872742365447,0.00266578087882234,0.117884585761063,0.50952432956595,0.584974794168015,1,2,50,0.0460884822785509,-0.403462991808062,11,2.80489687671449,1,7.76298562102,5451,0.4,0,10,"both",0.0460884822785509,-0.403462991808062
"505","session2",-0.133687629596805,45.035531428851,2.68872742365447,0.00266578087882234,0.117884585761063,0.50952432956595,0.584974794168015,1,2,50,0.0460884822785509,-0.403462991808062,11,1.71849062621526,0,-12.74924,5451,0.4,0,10,"both",0.0460884822785509,-0.403462991808062
"506","session2",-0.133687629596805,45.035531428851,2.68872742365447,0.00266578087882234,0.117884585761063,0.50952432956595,0.584974794168015,1,2,50,0.0460884822785509,-0.403462991808062,11,2.0088649221361,1,-12.6222,5451,0.4,0,10,"both",0.0460884822785509,-0.403462991808062
"507","session2",-0.133687629596805,45.035531428851,2.68872742365447,0.00266578087882234,0.117884585761063,0.50952432956595,0.584974794168015,1,2,50,0.0460884822785509,-0.403462991808062,11,1.82586293180566,0,-0.4484116021,5451,0.4,0,10,"both",0.0460884822785509,-0.403462991808062
"508","session2",-0.133687629596805,45.035531428851,2.68872742365447,0.00266578087882234,0.117884585761063,0.50952432956595,0.584974794168015,1,2,50,0.0460884822785509,-0.403462991808062,11,2.06786085223807,1,31.12863,5451,0.4,0,10,"both",0.0460884822785509,-0.403462991808062
"509","session2",-0.133687629596805,45.035531428851,2.68872742365447,0.00266578087882234,0.117884585761063,0.50952432956595,0.584974794168015,1,2,50,0.0460884822785509,-0.403462991808062,11,2.29004723860066,1,20.10807,5451,0.4,0,10,"both",0.0460884822785509,-0.403462991808062
"510","session2",-0.133687629596805,45.035531428851,2.68872742365447,0.00266578087882234,0.117884585761063,0.50952432956595,0.584974794168015,1,2,50,0.0460884822785509,-0.403462991808062,11,5.50179229168877,1,3.10463,5451,0.4,0,10,"both",0.0460884822785509,-0.403462991808062
"511","session2",-0.133687629596805,45.035531428851,2.68872742365447,0.00266578087882234,0.117884585761063,0.50952432956595,0.584974794168015,1,2,50,0.0460884822785509,-0.403462991808062,11,3.32714882827838,1,21.44451,5451,0.4,0,10,"both",0.0460884822785509,-0.403462991808062
"512","session2",-0.133687629596805,45.035531428851,2.68872742365447,0.00266578087882234,0.117884585761063,0.50952432956595,0.584974794168015,1,2,50,0.0460884822785509,-0.403462991808062,11,4.65309607750236,1,-1.17504045695,5451,0.4,0,10,"both",0.0460884822785509,-0.403462991808062
"513","session2",-0.133687629596805,45.035531428851,2.68872742365447,0.00266578087882234,0.117884585761063,0.50952432956595,0.584974794168015,1,2,50,0.0460884822785509,-0.403462991808062,11,4.01047373555504,1,-13.20871,5451,0.4,0,10,"both",0.0460884822785509,-0.403462991808062
"514","session2",-0.133687629596805,45.035531428851,2.68872742365447,0.00266578087882234,0.117884585761063,0.50952432956595,0.584974794168015,1,2,50,0.0460884822785509,-0.403462991808062,11,4.34192854947521,0,-1.18122,5451,0.4,0,10,"both",0.0460884822785509,-0.403462991808062
"515","session2",-0.133687629596805,45.035531428851,2.68872742365447,0.00266578087882234,0.117884585761063,0.50952432956595,0.584974794168015,1,2,50,0.0460884822785509,-0.403462991808062,11,3.09167983826335,1,31.562,5451,0.4,0,10,"both",0.0460884822785509,-0.403462991808062
"516","session2",-0.133687629596805,45.035531428851,2.68872742365447,0.00266578087882234,0.117884585761063,0.50952432956595,0.584974794168015,1,2,50,0.0460884822785509,-0.403462991808062,11,6.00444711936492,0,-1.66953,5451,0.4,0,10,"both",0.0460884822785509,-0.403462991808062
"517","session2",-0.133687629596805,45.035531428851,2.68872742365447,0.00266578087882234,0.117884585761063,0.50952432956595,0.584974794168015,1,2,50,0.0460884822785509,-0.403462991808062,11,2.08422749612075,0,45.14226,5451,0.4,0,10,"both",0.0460884822785509,-0.403462991808062
"518","session2",-0.133687629596805,45.035531428851,2.68872742365447,0.00266578087882234,0.117884585761063,0.50952432956595,0.584974794168015,1,2,50,0.0460884822785509,-0.403462991808062,11,2.73586367170545,0,36.72175,5451,0.4,0,10,"both",0.0460884822785509,-0.403462991808062
"519","session2",-0.133687629596805,45.035531428851,2.68872742365447,0.00266578087882234,0.117884585761063,0.50952432956595,0.584974794168015,1,2,50,0.0460884822785509,-0.403462991808062,11,4.53018537648012,0,-3.0998135519,5451,0.4,0,10,"both",0.0460884822785509,-0.403462991808062
"520","session2",-0.133687629596805,45.035531428851,2.68872742365447,0.00266578087882234,0.117884585761063,0.50952432956595,0.584974794168015,1,2,50,0.0460884822785509,-0.403462991808062,11,6.22232367192791,1,6.33333,5451,0.4,0,10,"both",0.0460884822785509,-0.403462991808062
"521","session2",-0.133687629596805,45.035531428851,2.68872742365447,0.00266578087882234,0.117884585761063,0.50952432956595,0.584974794168015,1,2,50,0.0460884822785509,-0.403462991808062,11,1.50402628451954,0,17.39226,5451,0.4,0,10,"both",0.0460884822785509,-0.403462991808062
"522","session2",-0.133687629596805,45.035531428851,2.68872742365447,0.00266578087882234,0.117884585761063,0.50952432956595,0.584974794168015,1,2,50,0.0460884822785509,-0.403462991808062,11,8,1,-0.35178971606,5451,0.4,0,10,"both",0.0460884822785509,-0.403462991808062
"523","session2",-0.133687629596805,45.035531428851,2.68872742365447,0.00266578087882234,0.117884585761063,0.50952432956595,0.584974794168015,1,2,50,0.0460884822785509,-0.403462991808062,11,1.83128897545343,1,-14.99062,5451,0.4,0,10,"both",0.0460884822785509,-0.403462991808062
"524","session2",-0.133687629596805,45.035531428851,2.68872742365447,0.00266578087882234,0.117884585761063,0.50952432956595,0.584974794168015,1,2,50,0.0460884822785509,-0.403462991808062,11,1.79823498310762,1,-2.78409354135,5451,0.4,0,10,"both",0.0460884822785509,-0.403462991808062
"525","session2",-0.133687629596805,45.035531428851,2.68872742365447,0.00266578087882234,0.117884585761063,0.50952432956595,0.584974794168015,1,2,50,0.0460884822785509,-0.403462991808062,11,2.54121238396378,1,-7.0251853752,5451,0.4,0,10,"both",0.0460884822785509,-0.403462991808062
"526","session2",-0.133687629596805,45.035531428851,2.68872742365447,0.00266578087882234,0.117884585761063,0.50952432956595,0.584974794168015,1,2,50,0.0460884822785509,-0.403462991808062,11,1.66048276945978,0,-21.0706,5451,0.4,0,10,"both",0.0460884822785509,-0.403462991808062
"527","session2",-0.133687629596805,45.035531428851,2.68872742365447,0.00266578087882234,0.117884585761063,0.50952432956595,0.584974794168015,1,2,50,0.0460884822785509,-0.403462991808062,11,2.47333539609352,0,15.23081,5451,0.4,0,10,"both",0.0460884822785509,-0.403462991808062
"528","session2",-0.133687629596805,45.035531428851,2.68872742365447,0.00266578087882234,0.117884585761063,0.50952432956595,0.584974794168015,1,2,50,0.0460884822785509,-0.403462991808062,11,6.0086221417283,1,-4.3013084041,5451,0.4,0,10,"both",0.0460884822785509,-0.403462991808062
"529","session2",-0.133687629596805,45.035531428851,2.68872742365447,0.00266578087882234,0.117884585761063,0.50952432956595,0.584974794168015,1,2,50,0.0460884822785509,-0.403462991808062,11,5.26271394653326,1,-4.5160226805,5451,0.4,0,10,"both",0.0460884822785509,-0.403462991808062
"530","session2",-0.133687629596805,45.035531428851,2.68872742365447,0.00266578087882234,0.117884585761063,0.50952432956595,0.584974794168015,1,2,50,0.0460884822785509,-0.403462991808062,11,1.81265771468992,1,-4.658320537,5451,0.4,0,10,"both",0.0460884822785509,-0.403462991808062
"531","session2",-0.133687629596805,45.035531428851,2.68872742365447,0.00266578087882234,0.117884585761063,0.50952432956595,0.584974794168015,1,2,50,0.0460884822785509,-0.403462991808062,11,3.10797080795282,0,-8.3464,5451,0.4,0,10,"both",0.0460884822785509,-0.403462991808062
"532","session2",-0.133687629596805,45.035531428851,2.68872742365447,0.00266578087882234,0.117884585761063,0.50952432956595,0.584974794168015,1,2,50,0.0460884822785509,-0.403462991808062,11,3.05001597720533,0,-8.2814,5451,0.4,0,10,"both",0.0460884822785509,-0.403462991808062
"533","session2",-0.133687629596805,45.035531428851,2.68872742365447,0.00266578087882234,0.117884585761063,0.50952432956595,0.584974794168015,1,2,50,0.0460884822785509,-0.403462991808062,11,2.26253220211888,0,-1.75779096886,5451,0.4,0,10,"both",0.0460884822785509,-0.403462991808062
"534","session2",-0.133687629596805,45.035531428851,2.68872742365447,0.00266578087882234,0.117884585761063,0.50952432956595,0.584974794168015,1,2,50,0.0460884822785509,-0.403462991808062,11,1.65773940939432,0,-3.7438509878,5451,0.4,0,10,"both",0.0460884822785509,-0.403462991808062
"535","session2",-0.133687629596805,45.035531428851,2.68872742365447,0.00266578087882234,0.117884585761063,0.50952432956595,0.584974794168015,1,2,50,0.0460884822785509,-0.403462991808062,11,1.08580164878701,1,30.568023,5451,0.4,0,10,"both",0.0460884822785509,-0.403462991808062
"536","session2",-0.133687629596805,45.035531428851,2.68872742365447,0.00266578087882234,0.117884585761063,0.50952432956595,0.584974794168015,1,2,50,0.0460884822785509,-0.403462991808062,11,3.59124584814703,1,-2.0598278782,5451,0.4,0,10,"both",0.0460884822785509,-0.403462991808062
"537","session2",-0.133687629596805,45.035531428851,2.68872742365447,0.00266578087882234,0.117884585761063,0.50952432956595,0.584974794168015,1,2,50,0.0460884822785509,-0.403462991808062,11,1.76434854561931,0,-21.09312,5451,0.4,0,10,"both",0.0460884822785509,-0.403462991808062
"538","session2",-0.133687629596805,45.035531428851,2.68872742365447,0.00266578087882234,0.117884585761063,0.50952432956595,0.584974794168015,1,2,50,0.0460884822785509,-0.403462991808062,11,4.40514324270607,0,-2.81505480776,5451,0.4,0,10,"both",0.0460884822785509,-0.403462991808062
"539","session2",-0.133687629596805,45.035531428851,2.68872742365447,0.00266578087882234,0.117884585761063,0.50952432956595,0.584974794168015,1,2,50,0.0460884822785509,-0.403462991808062,11,2.34365171255432,0,-2.4983750642,5451,0.4,0,10,"both",0.0460884822785509,-0.403462991808062
"540","session2",-0.133687629596805,45.035531428851,2.68872742365447,0.00266578087882234,0.117884585761063,0.50952432956595,0.584974794168015,1,2,50,0.0460884822785509,-0.403462991808062,11,3.27454484685771,0,-1.1248882748,5451,0.4,0,10,"both",0.0460884822785509,-0.403462991808062
"541","session2",-0.133687629596805,45.035531428851,2.68872742365447,0.00266578087882234,0.117884585761063,0.50952432956595,0.584974794168015,1,2,50,0.0460884822785509,-0.403462991808062,11,4.50336494938689,1,10.27164,5451,0.4,0,10,"both",0.0460884822785509,-0.403462991808062
"542","session2",-0.133687629596805,45.035531428851,2.68872742365447,0.00266578087882234,0.117884585761063,0.50952432956595,0.584974794168015,1,2,50,0.0460884822785509,-0.403462991808062,11,1.6784528396664,0,-0.67126282477,5451,0.4,0,10,"both",0.0460884822785509,-0.403462991808062
"543","session2",-0.133687629596805,45.035531428851,2.68872742365447,0.00266578087882234,0.117884585761063,0.50952432956595,0.584974794168015,1,2,50,0.0460884822785509,-0.403462991808062,11,6.88853795106923,1,8.5032,5451,0.4,0,10,"both",0.0460884822785509,-0.403462991808062
"544","session2",-0.133687629596805,45.035531428851,2.68872742365447,0.00266578087882234,0.117884585761063,0.50952432956595,0.584974794168015,1,2,50,0.0460884822785509,-0.403462991808062,11,1.99141320446415,1,3.17926,5451,0.4,0,10,"both",0.0460884822785509,-0.403462991808062
"545","session2",-0.133687629596805,45.035531428851,2.68872742365447,0.00266578087882234,0.117884585761063,0.50952432956595,0.584974794168015,1,2,50,0.0460884822785509,-0.403462991808062,11,3.59578509142092,1,-3.75979,5451,0.4,0,10,"both",0.0460884822785509,-0.403462991808062
"546","session2",-0.133687629596805,45.035531428851,2.68872742365447,0.00266578087882234,0.117884585761063,0.50952432956595,0.584974794168015,1,2,50,0.0460884822785509,-0.403462991808062,11,4.07127087676387,0,-5.46462,5451,0.4,0,10,"both",0.0460884822785509,-0.403462991808062
"547","session2",-0.133687629596805,45.035531428851,2.68872742365447,0.00266578087882234,0.117884585761063,0.50952432956595,0.584974794168015,1,2,50,0.0460884822785509,-0.403462991808062,11,4.52488737453261,1,-2.50775418028,5451,0.4,0,10,"both",0.0460884822785509,-0.403462991808062
"548","session2",-0.133687629596805,45.035531428851,2.68872742365447,0.00266578087882234,0.117884585761063,0.50952432956595,0.584974794168015,1,2,50,0.0460884822785509,-0.403462991808062,11,1.89474910611942,1,-2.19644601647,5451,0.4,0,10,"both",0.0460884822785509,-0.403462991808062
"549","session2",-0.133687629596805,45.035531428851,2.68872742365447,0.00266578087882234,0.117884585761063,0.50952432956595,0.584974794168015,1,2,50,0.0460884822785509,-0.403462991808062,11,2.57056607939366,1,23.11555,5451,0.4,0,10,"both",0.0460884822785509,-0.403462991808062
"550","session2",-0.133687629596805,45.035531428851,2.68872742365447,0.00266578087882234,0.117884585761063,0.50952432956595,0.584974794168015,1,2,50,0.0460884822785509,-0.403462991808062,11,3.86871973224939,1,-7.71030208355,5451,0.4,0,10,"both",0.0460884822785509,-0.403462991808062
"551","session2",36.905326486419,7.95348477547244,2.7445772420385,6.02176799219881e-05,-0.372501110505448,0.594002371990065,0.858274336298867,2,2,50,0.0460884822785509,-0.403462991808062,12,1.43067040819226,0,8.4617020344,5451,0.4,0,10,"both",0.0460884822785509,-0.403462991808062
"552","session2",36.905326486419,7.95348477547244,2.7445772420385,6.02176799219881e-05,-0.372501110505448,0.594002371990065,0.858274336298867,2,2,50,0.0460884822785509,-0.403462991808062,12,1.50153843463278,0,9.5023889676,5451,0.4,0,10,"both",0.0460884822785509,-0.403462991808062
"553","session2",36.905326486419,7.95348477547244,2.7445772420385,6.02176799219881e-05,-0.372501110505448,0.594002371990065,0.858274336298867,2,2,50,0.0460884822785509,-0.403462991808062,12,1.34284036350985,0,16.9705193306,5451,0.4,0,10,"both",0.0460884822785509,-0.403462991808062
"554","session2",36.905326486419,7.95348477547244,2.7445772420385,6.02176799219881e-05,-0.372501110505448,0.594002371990065,0.858274336298867,2,2,50,0.0460884822785509,-0.403462991808062,12,2.11668196413166,0,23.372475468,5451,0.4,0,10,"both",0.0460884822785509,-0.403462991808062
"555","session2",36.905326486419,7.95348477547244,2.7445772420385,6.02176799219881e-05,-0.372501110505448,0.594002371990065,0.858274336298867,2,2,50,0.0460884822785509,-0.403462991808062,12,1.47300222513632,0,25.92359,5451,0.4,0,10,"both",0.0460884822785509,-0.403462991808062
"556","session2",36.905326486419,7.95348477547244,2.7445772420385,6.02176799219881e-05,-0.372501110505448,0.594002371990065,0.858274336298867,2,2,50,0.0460884822785509,-0.403462991808062,12,1.20594853766392,1,32.8285985,5451,0.4,0,10,"both",0.0460884822785509,-0.403462991808062
"557","session2",36.905326486419,7.95348477547244,2.7445772420385,6.02176799219881e-05,-0.372501110505448,0.594002371990065,0.858274336298867,2,2,50,0.0460884822785509,-0.403462991808062,12,1.69950235427606,0,29.42604,5451,0.4,0,10,"both",0.0460884822785509,-0.403462991808062
"558","session2",36.905326486419,7.95348477547244,2.7445772420385,6.02176799219881e-05,-0.372501110505448,0.594002371990065,0.858274336298867,2,2,50,0.0460884822785509,-0.403462991808062,12,3.16663698430142,0,43.597,5451,0.4,0,10,"both",0.0460884822785509,-0.403462991808062
"559","session2",36.905326486419,7.95348477547244,2.7445772420385,6.02176799219881e-05,-0.372501110505448,0.594002371990065,0.858274336298867,2,2,50,0.0460884822785509,-0.403462991808062,12,2.42580724615509,0,2.72211,5451,0.4,0,10,"both",0.0460884822785509,-0.403462991808062
"560","session2",36.905326486419,7.95348477547244,2.7445772420385,6.02176799219881e-05,-0.372501110505448,0.594002371990065,0.858274336298867,2,2,50,0.0460884822785509,-0.403462991808062,12,2.93695038909067,1,35.2859233,5451,0.4,0,10,"both",0.0460884822785509,-0.403462991808062
"561","session2",36.905326486419,7.95348477547244,2.7445772420385,6.02176799219881e-05,-0.372501110505448,0.594002371990065,0.858274336298867,2,2,50,0.0460884822785509,-0.403462991808062,12,2.27061871654276,1,39.8083,5451,0.4,0,10,"both",0.0460884822785509,-0.403462991808062
"562","session2",36.905326486419,7.95348477547244,2.7445772420385,6.02176799219881e-05,-0.372501110505448,0.594002371990065,0.858274336298867,2,2,50,0.0460884822785509,-0.403462991808062,12,6.47318661486908,0,31.08683,5451,0.4,0,10,"both",0.0460884822785509,-0.403462991808062
"563","session2",36.905326486419,7.95348477547244,2.7445772420385,6.02176799219881e-05,-0.372501110505448,0.594002371990065,0.858274336298867,2,2,50,0.0460884822785509,-0.403462991808062,12,1.31266820504975,0,25.01822,5451,0.4,0,10,"both",0.0460884822785509,-0.403462991808062
"564","session2",36.905326486419,7.95348477547244,2.7445772420385,6.02176799219881e-05,-0.372501110505448,0.594002371990065,0.858274336298867,2,2,50,0.0460884822785509,-0.403462991808062,12,2.05457323545462,0,32.96161195,5451,0.4,0,10,"both",0.0460884822785509,-0.403462991808062
"565","session2",36.905326486419,7.95348477547244,2.7445772420385,6.02176799219881e-05,-0.372501110505448,0.594002371990065,0.858274336298867,2,2,50,0.0460884822785509,-0.403462991808062,12,2.03172740362063,1,40.83604,5451,0.4,0,10,"both",0.0460884822785509,-0.403462991808062
"566","session2",36.905326486419,7.95348477547244,2.7445772420385,6.02176799219881e-05,-0.372501110505448,0.594002371990065,0.858274336298867,2,2,50,0.0460884822785509,-0.403462991808062,12,2.4838276421448,0,34.46335,5451,0.4,0,10,"both",0.0460884822785509,-0.403462991808062
"567","session2",36.905326486419,7.95348477547244,2.7445772420385,6.02176799219881e-05,-0.372501110505448,0.594002371990065,0.858274336298867,2,2,50,0.0460884822785509,-0.403462991808062,12,2.97613765739803,1,41.16473,5451,0.4,0,10,"both",0.0460884822785509,-0.403462991808062
"568","session2",36.905326486419,7.95348477547244,2.7445772420385,6.02176799219881e-05,-0.372501110505448,0.594002371990065,0.858274336298867,2,2,50,0.0460884822785509,-0.403462991808062,12,1.7496905933629,0,31.37861,5451,0.4,0,10,"both",0.0460884822785509,-0.403462991808062
"569","session2",36.905326486419,7.95348477547244,2.7445772420385,6.02176799219881e-05,-0.372501110505448,0.594002371990065,0.858274336298867,2,2,50,0.0460884822785509,-0.403462991808062,12,2.10358473633641,0,40.91522,5451,0.4,0,10,"both",0.0460884822785509,-0.403462991808062
"570","session2",36.905326486419,7.95348477547244,2.7445772420385,6.02176799219881e-05,-0.372501110505448,0.594002371990065,0.858274336298867,2,2,50,0.0460884822785509,-0.403462991808062,12,2.44579191568185,0,33.47813,5451,0.4,0,10,"both",0.0460884822785509,-0.403462991808062
"571","session2",36.905326486419,7.95348477547244,2.7445772420385,6.02176799219881e-05,-0.372501110505448,0.594002371990065,0.858274336298867,2,2,50,0.0460884822785509,-0.403462991808062,12,3.2180084885323,1,47.4633,5451,0.4,0,10,"both",0.0460884822785509,-0.403462991808062
"572","session2",36.905326486419,7.95348477547244,2.7445772420385,6.02176799219881e-05,-0.372501110505448,0.594002371990065,0.858274336298867,2,2,50,0.0460884822785509,-0.403462991808062,12,1.83141808250449,0,45.46015,5451,0.4,0,10,"both",0.0460884822785509,-0.403462991808062
"573","session2",36.905326486419,7.95348477547244,2.7445772420385,6.02176799219881e-05,-0.372501110505448,0.594002371990065,0.858274336298867,2,2,50,0.0460884822785509,-0.403462991808062,12,2.31363980566107,1,44.51892,5451,0.4,0,10,"both",0.0460884822785509,-0.403462991808062
"574","session2",36.905326486419,7.95348477547244,2.7445772420385,6.02176799219881e-05,-0.372501110505448,0.594002371990065,0.858274336298867,2,2,50,0.0460884822785509,-0.403462991808062,12,3.55890974577584,1,32.14576,5451,0.4,0,10,"both",0.0460884822785509,-0.403462991808062
"575","session2",36.905326486419,7.95348477547244,2.7445772420385,6.02176799219881e-05,-0.372501110505448,0.594002371990065,0.858274336298867,2,2,50,0.0460884822785509,-0.403462991808062,12,1.36471717274206,0,37.7204299,5451,0.4,0,10,"both",0.0460884822785509,-0.403462991808062
"576","session2",36.905326486419,7.95348477547244,2.7445772420385,6.02176799219881e-05,-0.372501110505448,0.594002371990065,0.858274336298867,2,2,50,0.0460884822785509,-0.403462991808062,12,2.76417210005823,1,37.90254,5451,0.4,0,10,"both",0.0460884822785509,-0.403462991808062
"577","session2",36.905326486419,7.95348477547244,2.7445772420385,6.02176799219881e-05,-0.372501110505448,0.594002371990065,0.858274336298867,2,2,50,0.0460884822785509,-0.403462991808062,12,1.53496251638578,0,32.70588,5451,0.4,0,10,"both",0.0460884822785509,-0.403462991808062
"578","session2",36.905326486419,7.95348477547244,2.7445772420385,6.02176799219881e-05,-0.372501110505448,0.594002371990065,0.858274336298867,2,2,50,0.0460884822785509,-0.403462991808062,12,1.92265799884332,1,45.71488,5451,0.4,0,10,"both",0.0460884822785509,-0.403462991808062
"579","session2",36.905326486419,7.95348477547244,2.7445772420385,6.02176799219881e-05,-0.372501110505448,0.594002371990065,0.858274336298867,2,2,50,0.0460884822785509,-0.403462991808062,12,1.67866777253249,1,33.8209,5451,0.4,0,10,"both",0.0460884822785509,-0.403462991808062
"580","session2",36.905326486419,7.95348477547244,2.7445772420385,6.02176799219881e-05,-0.372501110505448,0.594002371990065,0.858274336298867,2,2,50,0.0460884822785509,-0.403462991808062,12,3.96932558790528,1,32.81233,5451,0.4,0,10,"both",0.0460884822785509,-0.403462991808062
"581","session2",36.905326486419,7.95348477547244,2.7445772420385,6.02176799219881e-05,-0.372501110505448,0.594002371990065,0.858274336298867,2,2,50,0.0460884822785509,-0.403462991808062,12,4.6898523380785,0,45.7656,5451,0.4,0,10,"both",0.0460884822785509,-0.403462991808062
"582","session2",36.905326486419,7.95348477547244,2.7445772420385,6.02176799219881e-05,-0.372501110505448,0.594002371990065,0.858274336298867,2,2,50,0.0460884822785509,-0.403462991808062,12,2.01063025762288,0,34.812045791,5451,0.4,0,10,"both",0.0460884822785509,-0.403462991808062
"583","session2",36.905326486419,7.95348477547244,2.7445772420385,6.02176799219881e-05,-0.372501110505448,0.594002371990065,0.858274336298867,2,2,50,0.0460884822785509,-0.403462991808062,12,1.64032744079109,0,37.9855459,5451,0.4,0,10,"both",0.0460884822785509,-0.403462991808062
"584","session2",36.905326486419,7.95348477547244,2.7445772420385,6.02176799219881e-05,-0.372501110505448,0.594002371990065,0.858274336298867,2,2,50,0.0460884822785509,-0.403462991808062,12,2.18229155158983,1,38.0984706,5451,0.4,0,10,"both",0.0460884822785509,-0.403462991808062
"585","session2",36.905326486419,7.95348477547244,2.7445772420385,6.02176799219881e-05,-0.372501110505448,0.594002371990065,0.858274336298867,2,2,50,0.0460884822785509,-0.403462991808062,12,2.90104054277012,0,38.33766,5451,0.4,0,10,"both",0.0460884822785509,-0.403462991808062
"586","session2",36.905326486419,7.95348477547244,2.7445772420385,6.02176799219881e-05,-0.372501110505448,0.594002371990065,0.858274336298867,2,2,50,0.0460884822785509,-0.403462991808062,12,1.61606763517613,1,37.23148,5451,0.4,0,10,"both",0.0460884822785509,-0.403462991808062
"587","session2",36.905326486419,7.95348477547244,2.7445772420385,6.02176799219881e-05,-0.372501110505448,0.594002371990065,0.858274336298867,2,2,50,0.0460884822785509,-0.403462991808062,12,1.21942930602303,0,9.3861,5451,0.4,0,10,"both",0.0460884822785509,-0.403462991808062
"588","session2",36.905326486419,7.95348477547244,2.7445772420385,6.02176799219881e-05,-0.372501110505448,0.594002371990065,0.858274336298867,2,2,50,0.0460884822785509,-0.403462991808062,12,2.66956163247296,1,37.5812885,5451,0.4,0,10,"both",0.0460884822785509,-0.403462991808062
"589","session2",36.905326486419,7.95348477547244,2.7445772420385,6.02176799219881e-05,-0.372501110505448,0.594002371990065,0.858274336298867,2,2,50,0.0460884822785509,-0.403462991808062,12,1.62324895692495,1,36.5716211,5451,0.4,0,10,"both",0.0460884822785509,-0.403462991808062
"590","session2",36.905326486419,7.95348477547244,2.7445772420385,6.02176799219881e-05,-0.372501110505448,0.594002371990065,0.858274336298867,2,2,50,0.0460884822785509,-0.403462991808062,12,2.69009655692564,1,42.9059,5451,0.4,0,10,"both",0.0460884822785509,-0.403462991808062
"591","session2",36.905326486419,7.95348477547244,2.7445772420385,6.02176799219881e-05,-0.372501110505448,0.594002371990065,0.858274336298867,2,2,50,0.0460884822785509,-0.403462991808062,12,2.8697694727134,0,35.8404775,5451,0.4,0,10,"both",0.0460884822785509,-0.403462991808062
"592","session2",36.905326486419,7.95348477547244,2.7445772420385,6.02176799219881e-05,-0.372501110505448,0.594002371990065,0.858274336298867,2,2,50,0.0460884822785509,-0.403462991808062,12,1.76960197345768,0,35.23099,5451,0.4,0,10,"both",0.0460884822785509,-0.403462991808062
"593","session2",36.905326486419,7.95348477547244,2.7445772420385,6.02176799219881e-05,-0.372501110505448,0.594002371990065,0.858274336298867,2,2,50,0.0460884822785509,-0.403462991808062,12,3.90040357809351,0,29.0315,5451,0.4,0,10,"both",0.0460884822785509,-0.403462991808062
"594","session2",36.905326486419,7.95348477547244,2.7445772420385,6.02176799219881e-05,-0.372501110505448,0.594002371990065,0.858274336298867,2,2,50,0.0460884822785509,-0.403462991808062,12,2.2263267829707,0,37.19365,5451,0.4,0,10,"both",0.0460884822785509,-0.403462991808062
"595","session2",36.905326486419,7.95348477547244,2.7445772420385,6.02176799219881e-05,-0.372501110505448,0.594002371990065,0.858274336298867,2,2,50,0.0460884822785509,-0.403462991808062,12,1.87850797805186,0,45.5348,5451,0.4,0,10,"both",0.0460884822785509,-0.403462991808062
"596","session2",36.905326486419,7.95348477547244,2.7445772420385,6.02176799219881e-05,-0.372501110505448,0.594002371990065,0.858274336298867,2,2,50,0.0460884822785509,-0.403462991808062,12,1.64249829120814,0,13.535,5451,0.4,0,10,"both",0.0460884822785509,-0.403462991808062
"597","session2",36.905326486419,7.95348477547244,2.7445772420385,6.02176799219881e-05,-0.372501110505448,0.594002371990065,0.858274336298867,2,2,50,0.0460884822785509,-0.403462991808062,12,2.31918616223263,1,39.1248731,5451,0.4,0,10,"both",0.0460884822785509,-0.403462991808062
"598","session2",36.905326486419,7.95348477547244,2.7445772420385,6.02176799219881e-05,-0.372501110505448,0.594002371990065,0.858274336298867,2,2,50,0.0460884822785509,-0.403462991808062,12,1.43689322207824,0,23.6291,5451,0.4,0,10,"both",0.0460884822785509,-0.403462991808062
"599","session2",36.905326486419,7.95348477547244,2.7445772420385,6.02176799219881e-05,-0.372501110505448,0.594002371990065,0.858274336298867,2,2,50,0.0460884822785509,-0.403462991808062,12,2.76168328123917,1,46.36316,5451,0.4,0,10,"both",0.0460884822785509,-0.403462991808062
"600","session2",36.905326486419,7.95348477547244,2.7445772420385,6.02176799219881e-05,-0.372501110505448,0.594002371990065,0.858274336298867,2,2,50,0.0460884822785509,-0.403462991808062,12,1.5086512169083,0,27.0093,5451,0.4,0,10,"both",0.0460884822785509,-0.403462991808062
"601","session2",-13.3652694900949,8.5093336654852,4.2722630924516,3.06720069884571e-05,0.0491263114018853,0.346832149189501,0.422876573894922,3,2,50,0.0460884822785509,-0.403462991808062,13,2.55837432949519,1,-7.6386035982,5451,0.4,0,10,"both",0.0460884822785509,-0.403462991808062
"602","session2",-13.3652694900949,8.5093336654852,4.2722630924516,3.06720069884571e-05,0.0491263114018853,0.346832149189501,0.422876573894922,3,2,50,0.0460884822785509,-0.403462991808062,13,3.6865101369643,1,-8.8570959287,5451,0.4,0,10,"both",0.0460884822785509,-0.403462991808062
"603","session2",-13.3652694900949,8.5093336654852,4.2722630924516,3.06720069884571e-05,0.0491263114018853,0.346832149189501,0.422876573894922,3,2,50,0.0460884822785509,-0.403462991808062,13,1.71426251350477,1,-17.028636386,5451,0.4,0,10,"both",0.0460884822785509,-0.403462991808062
"604","session2",-13.3652694900949,8.5093336654852,4.2722630924516,3.06720069884571e-05,0.0491263114018853,0.346832149189501,0.422876573894922,3,2,50,0.0460884822785509,-0.403462991808062,13,2.02543421238941,0,-23.4023212585,5451,0.4,0,10,"both",0.0460884822785509,-0.403462991808062
"605","session2",-13.3652694900949,8.5093336654852,4.2722630924516,3.06720069884571e-05,0.0491263114018853,0.346832149189501,0.422876573894922,3,2,50,0.0460884822785509,-0.403462991808062,13,1.82178917610309,1,-6.2509,5451,0.4,0,10,"both",0.0460884822785509,-0.403462991808062
"606","session2",-13.3652694900949,8.5093336654852,4.2722630924516,3.06720069884571e-05,0.0491263114018853,0.346832149189501,0.422876573894922,3,2,50,0.0460884822785509,-0.403462991808062,13,4.12951865126699,0,-10.40086,5451,0.4,0,10,"both",0.0460884822785509,-0.403462991808062
"607","session2",-13.3652694900949,8.5093336654852,4.2722630924516,3.06720069884571e-05,0.0491263114018853,0.346832149189501,0.422876573894922,3,2,50,0.0460884822785509,-0.403462991808062,13,4.02339015899517,1,-11.72482,5451,0.4,0,10,"both",0.0460884822785509,-0.403462991808062
"608","session2",-13.3652694900949,8.5093336654852,4.2722630924516,3.06720069884571e-05,0.0491263114018853,0.346832149189501,0.422876573894922,3,2,50,0.0460884822785509,-0.403462991808062,13,4.05683079720298,0,-13.93602,5451,0.4,0,10,"both",0.0460884822785509,-0.403462991808062
"609","session2",-13.3652694900949,8.5093336654852,4.2722630924516,3.06720069884571e-05,0.0491263114018853,0.346832149189501,0.422876573894922,3,2,50,0.0460884822785509,-0.403462991808062,13,2.95597468976215,0,-16.536435894,5451,0.4,0,10,"both",0.0460884822785509,-0.403462991808062
"610","session2",-13.3652694900949,8.5093336654852,4.2722630924516,3.06720069884571e-05,0.0491263114018853,0.346832149189501,0.422876573894922,3,2,50,0.0460884822785509,-0.403462991808062,13,2.26821261983228,0,-29.11631,5451,0.4,0,10,"both",0.0460884822785509,-0.403462991808062
"611","session2",-13.3652694900949,8.5093336654852,4.2722630924516,3.06720069884571e-05,0.0491263114018853,0.346832149189501,0.422876573894922,3,2,50,0.0460884822785509,-0.403462991808062,13,1.43343646632825,1,-0.89437,5451,0.4,0,10,"both",0.0460884822785509,-0.403462991808062
"612","session2",-13.3652694900949,8.5093336654852,4.2722630924516,3.06720069884571e-05,0.0491263114018853,0.346832149189501,0.422876573894922,3,2,50,0.0460884822785509,-0.403462991808062,13,1.3928738798006,1,40.48011,5451,0.4,0,10,"both",0.0460884822785509,-0.403462991808062
"613","session2",-13.3652694900949,8.5093336654852,4.2722630924516,3.06720069884571e-05,0.0491263114018853,0.346832149189501,0.422876573894922,3,2,50,0.0460884822785509,-0.403462991808062,13,1.88167610018937,0,-47.7566,5451,0.4,0,10,"both",0.0460884822785509,-0.403462991808062
"614","session2",-13.3652694900949,8.5093336654852,4.2722630924516,3.06720069884571e-05,0.0491263114018853,0.346832149189501,0.422876573894922,3,2,50,0.0460884822785509,-0.403462991808062,13,2.55993285958043,1,-19.7527,5451,0.4,0,10,"both",0.0460884822785509,-0.403462991808062
"615","session2",-13.3652694900949,8.5093336654852,4.2722630924516,3.06720069884571e-05,0.0491263114018853,0.346832149189501,0.422876573894922,3,2,50,0.0460884822785509,-0.403462991808062,13,1.09786884899579,0,-45.3871,5451,0.4,0,10,"both",0.0460884822785509,-0.403462991808062
"616","session2",-13.3652694900949,8.5093336654852,4.2722630924516,3.06720069884571e-05,0.0491263114018853,0.346832149189501,0.422876573894922,3,2,50,0.0460884822785509,-0.403462991808062,13,2.88936255707506,0,-11.22613,5451,0.4,0,10,"both",0.0460884822785509,-0.403462991808062
"617","session2",-13.3652694900949,8.5093336654852,4.2722630924516,3.06720069884571e-05,0.0491263114018853,0.346832149189501,0.422876573894922,3,2,50,0.0460884822785509,-0.403462991808062,13,1.66377919147619,1,-1.43905,5451,0.4,0,10,"both",0.0460884822785509,-0.403462991808062
"618","session2",-13.3652694900949,8.5093336654852,4.2722630924516,3.06720069884571e-05,0.0491263114018853,0.346832149189501,0.422876573894922,3,2,50,0.0460884822785509,-0.403462991808062,13,2.32446779670535,1,-13.44941442,5451,0.4,0,10,"both",0.0460884822785509,-0.403462991808062
"619","session2",-13.3652694900949,8.5093336654852,4.2722630924516,3.06720069884571e-05,0.0491263114018853,0.346832149189501,0.422876573894922,3,2,50,0.0460884822785509,-0.403462991808062,13,1.54053086347378,1,20.7412,5451,0.4,0,10,"both",0.0460884822785509,-0.403462991808062
"620","session2",-13.3652694900949,8.5093336654852,4.2722630924516,3.06720069884571e-05,0.0491263114018853,0.346832149189501,0.422876573894922,3,2,50,0.0460884822785509,-0.403462991808062,13,2.80643857362167,1,-19.44287,5451,0.4,0,10,"both",0.0460884822785509,-0.403462991808062
"621","session2",-13.3652694900949,8.5093336654852,4.2722630924516,3.06720069884571e-05,0.0491263114018853,0.346832149189501,0.422876573894922,3,2,50,0.0460884822785509,-0.403462991808062,13,3.9854904050031,1,-8.03405,5451,0.4,0,10,"both",0.0460884822785509,-0.403462991808062
"622","session2",-13.3652694900949,8.5093336654852,4.2722630924516,3.06720069884571e-05,0.0491263114018853,0.346832149189501,0.422876573894922,3,2,50,0.0460884822785509,-0.403462991808062,13,1.10845778738636,0,-35.2407,5451,0.4,0,10,"both",0.0460884822785509,-0.403462991808062
"623","session2",-13.3652694900949,8.5093336654852,4.2722630924516,3.06720069884571e-05,0.0491263114018853,0.346832149189501,0.422876573894922,3,2,50,0.0460884822785509,-0.403462991808062,13,3.14721552951706,0,-19.65642,5451,0.4,0,10,"both",0.0460884822785509,-0.403462991808062
"624","session2",-13.3652694900949,8.5093336654852,4.2722630924516,3.06720069884571e-05,0.0491263114018853,0.346832149189501,0.422876573894922,3,2,50,0.0460884822785509,-0.403462991808062,13,1.90888764957977,1,1.7919,5451,0.4,0,10,"both",0.0460884822785509,-0.403462991808062
"625","session2",-13.3652694900949,8.5093336654852,4.2722630924516,3.06720069884571e-05,0.0491263114018853,0.346832149189501,0.422876573894922,3,2,50,0.0460884822785509,-0.403462991808062,13,2.06161077530461,0,-27.2606,5451,0.4,0,10,"both",0.0460884822785509,-0.403462991808062
"626","session2",-13.3652694900949,8.5093336654852,4.2722630924516,3.06720069884571e-05,0.0491263114018853,0.346832149189501,0.422876573894922,3,2,50,0.0460884822785509,-0.403462991808062,13,2.33837688797601,1,-15.8452744,5451,0.4,0,10,"both",0.0460884822785509,-0.403462991808062
"627","session2",-13.3652694900949,8.5093336654852,4.2722630924516,3.06720069884571e-05,0.0491263114018853,0.346832149189501,0.422876573894922,3,2,50,0.0460884822785509,-0.403462991808062,13,2.79948055212191,1,-2.231,5451,0.4,0,10,"both",0.0460884822785509,-0.403462991808062
"628","session2",-13.3652694900949,8.5093336654852,4.2722630924516,3.06720069884571e-05,0.0491263114018853,0.346832149189501,0.422876573894922,3,2,50,0.0460884822785509,-0.403462991808062,13,3.50775555554157,1,-16.84112,5451,0.4,0,10,"both",0.0460884822785509,-0.403462991808062
"629","session2",-13.3652694900949,8.5093336654852,4.2722630924516,3.06720069884571e-05,0.0491263114018853,0.346832149189501,0.422876573894922,3,2,50,0.0460884822785509,-0.403462991808062,13,3.77321809507245,1,-10.65696,5451,0.4,0,10,"both",0.0460884822785509,-0.403462991808062
"630","session2",-13.3652694900949,8.5093336654852,4.2722630924516,3.06720069884571e-05,0.0491263114018853,0.346832149189501,0.422876573894922,3,2,50,0.0460884822785509,-0.403462991808062,13,2.13329100189266,1,-22.16475,5451,0.4,0,10,"both",0.0460884822785509,-0.403462991808062
"631","session2",-13.3652694900949,8.5093336654852,4.2722630924516,3.06720069884571e-05,0.0491263114018853,0.346832149189501,0.422876573894922,3,2,50,0.0460884822785509,-0.403462991808062,13,3.05829859468717,1,-12.65426,5451,0.4,0,10,"both",0.0460884822785509,-0.403462991808062
"632","session2",-13.3652694900949,8.5093336654852,4.2722630924516,3.06720069884571e-05,0.0491263114018853,0.346832149189501,0.422876573894922,3,2,50,0.0460884822785509,-0.403462991808062,13,3.21150237027828,0,-28.17471,5451,0.4,0,10,"both",0.0460884822785509,-0.403462991808062
"633","session2",-13.3652694900949,8.5093336654852,4.2722630924516,3.06720069884571e-05,0.0491263114018853,0.346832149189501,0.422876573894922,3,2,50,0.0460884822785509,-0.403462991808062,13,1.37193647021108,0,-32.7151,5451,0.4,0,10,"both",0.0460884822785509,-0.403462991808062
"634","session2",-13.3652694900949,8.5093336654852,4.2722630924516,3.06720069884571e-05,0.0491263114018853,0.346832149189501,0.422876573894922,3,2,50,0.0460884822785509,-0.403462991808062,13,3.67315415572018,1,-13.3997,5451,0.4,0,10,"both",0.0460884822785509,-0.403462991808062
"635","session2",-13.3652694900949,8.5093336654852,4.2722630924516,3.06720069884571e-05,0.0491263114018853,0.346832149189501,0.422876573894922,3,2,50,0.0460884822785509,-0.403462991808062,13,4.19917196435008,0,-15.83978,5451,0.4,0,10,"both",0.0460884822785509,-0.403462991808062
"636","session2",-13.3652694900949,8.5093336654852,4.2722630924516,3.06720069884571e-05,0.0491263114018853,0.346832149189501,0.422876573894922,3,2,50,0.0460884822785509,-0.403462991808062,13,2.96300174499458,0,-5.561,5451,0.4,0,10,"both",0.0460884822785509,-0.403462991808062
"637","session2",-13.3652694900949,8.5093336654852,4.2722630924516,3.06720069884571e-05,0.0491263114018853,0.346832149189501,0.422876573894922,3,2,50,0.0460884822785509,-0.403462991808062,13,2.14120890170283,0,-33.2795,5451,0.4,0,10,"both",0.0460884822785509,-0.403462991808062
"638","session2",-13.3652694900949,8.5093336654852,4.2722630924516,3.06720069884571e-05,0.0491263114018853,0.346832149189501,0.422876573894922,3,2,50,0.0460884822785509,-0.403462991808062,13,3.29979080618719,1,-9.1617,5451,0.4,0,10,"both",0.0460884822785509,-0.403462991808062
"639","session2",-13.3652694900949,8.5093336654852,4.2722630924516,3.06720069884571e-05,0.0491263114018853,0.346832149189501,0.422876573894922,3,2,50,0.0460884822785509,-0.403462991808062,13,1.19090655134797,0,-2.6966,5451,0.4,0,10,"both",0.0460884822785509,-0.403462991808062
"640","session2",-13.3652694900949,8.5093336654852,4.2722630924516,3.06720069884571e-05,0.0491263114018853,0.346832149189501,0.422876573894922,3,2,50,0.0460884822785509,-0.403462991808062,13,3.29920883060325,0,-25.18565,5451,0.4,0,10,"both",0.0460884822785509,-0.403462991808062
"641","session2",-13.3652694900949,8.5093336654852,4.2722630924516,3.06720069884571e-05,0.0491263114018853,0.346832149189501,0.422876573894922,3,2,50,0.0460884822785509,-0.403462991808062,13,1.68794478605863,0,-20.9185,5451,0.4,0,10,"both",0.0460884822785509,-0.403462991808062
"642","session2",-13.3652694900949,8.5093336654852,4.2722630924516,3.06720069884571e-05,0.0491263114018853,0.346832149189501,0.422876573894922,3,2,50,0.0460884822785509,-0.403462991808062,13,1.19172757157641,1,-1.6556,5451,0.4,0,10,"both",0.0460884822785509,-0.403462991808062
"643","session2",-13.3652694900949,8.5093336654852,4.2722630924516,3.06720069884571e-05,0.0491263114018853,0.346832149189501,0.422876573894922,3,2,50,0.0460884822785509,-0.403462991808062,13,2.61792325307827,1,-8.13258,5451,0.4,0,10,"both",0.0460884822785509,-0.403462991808062
"644","session2",-13.3652694900949,8.5093336654852,4.2722630924516,3.06720069884571e-05,0.0491263114018853,0.346832149189501,0.422876573894922,3,2,50,0.0460884822785509,-0.403462991808062,13,2.09279190212834,0,-24.03762,5451,0.4,0,10,"both",0.0460884822785509,-0.403462991808062
"645","session2",-13.3652694900949,8.5093336654852,4.2722630924516,3.06720069884571e-05,0.0491263114018853,0.346832149189501,0.422876573894922,3,2,50,0.0460884822785509,-0.403462991808062,13,2.3278482871495,0,-8.51878,5451,0.4,0,10,"both",0.0460884822785509,-0.403462991808062
"646","session2",-13.3652694900949,8.5093336654852,4.2722630924516,3.06720069884571e-05,0.0491263114018853,0.346832149189501,0.422876573894922,3,2,50,0.0460884822785509,-0.403462991808062,13,1.67635252749159,1,7.1511,5451,0.4,0,10,"both",0.0460884822785509,-0.403462991808062
"647","session2",-13.3652694900949,8.5093336654852,4.2722630924516,3.06720069884571e-05,0.0491263114018853,0.346832149189501,0.422876573894922,3,2,50,0.0460884822785509,-0.403462991808062,13,1.45787177122832,1,-1.7642,5451,0.4,0,10,"both",0.0460884822785509,-0.403462991808062
"648","session2",-13.3652694900949,8.5093336654852,4.2722630924516,3.06720069884571e-05,0.0491263114018853,0.346832149189501,0.422876573894922,3,2,50,0.0460884822785509,-0.403462991808062,13,2.08984500224608,0,-31.2257,5451,0.4,0,10,"both",0.0460884822785509,-0.403462991808062
"649","session2",-13.3652694900949,8.5093336654852,4.2722630924516,3.06720069884571e-05,0.0491263114018853,0.346832149189501,0.422876573894922,3,2,50,0.0460884822785509,-0.403462991808062,13,4.1971855651786,1,-11.52476,5451,0.4,0,10,"both",0.0460884822785509,-0.403462991808062
"650","session2",-13.3652694900949,8.5093336654852,4.2722630924516,3.06720069884571e-05,0.0491263114018853,0.346832149189501,0.422876573894922,3,2,50,0.0460884822785509,-0.403462991808062,13,3.43699799388386,1,-4.958,5451,0.4,0,10,"both",0.0460884822785509,-0.403462991808062
"651","session2",-7.53635490753699,7.99149618139065,1.70571042167231,0.000208645983507976,0.429957157100452,0.388794688920515,0.472320039464724,4,2,50,0.0460884822785509,-0.403462991808062,14,1.83674487655273,1,-9.118845916,5451,0.4,0,10,"both",0.0460884822785509,-0.403462991808062
"652","session2",-7.53635490753699,7.99149618139065,1.70571042167231,0.000208645983507976,0.429957157100452,0.388794688920515,0.472320039464724,4,2,50,0.0460884822785509,-0.403462991808062,14,3.01443176950931,1,-11.6673487315,5451,0.4,0,10,"both",0.0460884822785509,-0.403462991808062
"653","session2",-7.53635490753699,7.99149618139065,1.70571042167231,0.000208645983507976,0.429957157100452,0.388794688920515,0.472320039464724,4,2,50,0.0460884822785509,-0.403462991808062,14,2.93724995260451,1,-17.3467550949,5451,0.4,0,10,"both",0.0460884822785509,-0.403462991808062
"654","session2",-7.53635490753699,7.99149618139065,1.70571042167231,0.000208645983507976,0.429957157100452,0.388794688920515,0.472320039464724,4,2,50,0.0460884822785509,-0.403462991808062,14,1.8033120254601,0,-19.316532285,5451,0.4,0,10,"both",0.0460884822785509,-0.403462991808062
"655","session2",-7.53635490753699,7.99149618139065,1.70571042167231,0.000208645983507976,0.429957157100452,0.388794688920515,0.472320039464724,4,2,50,0.0460884822785509,-0.403462991808062,14,2.86714777994015,0,-15.9559,5451,0.4,0,10,"both",0.0460884822785509,-0.403462991808062
"656","session2",-7.53635490753699,7.99149618139065,1.70571042167231,0.000208645983507976,0.429957157100452,0.388794688920515,0.472320039464724,4,2,50,0.0460884822785509,-0.403462991808062,14,1.80085992354827,1,20.99739,5451,0.4,0,10,"both",0.0460884822785509,-0.403462991808062
"657","session2",-7.53635490753699,7.99149618139065,1.70571042167231,0.000208645983507976,0.429957157100452,0.388794688920515,0.472320039464724,4,2,50,0.0460884822785509,-0.403462991808062,14,2.23224818413406,0,-30.1188,5451,0.4,0,10,"both",0.0460884822785509,-0.403462991808062
"658","session2",-7.53635490753699,7.99149618139065,1.70571042167231,0.000208645983507976,0.429957157100452,0.388794688920515,0.472320039464724,4,2,50,0.0460884822785509,-0.403462991808062,14,2.54703137058273,1,0.93689,5451,0.4,0,10,"both",0.0460884822785509,-0.403462991808062
"659","session2",-7.53635490753699,7.99149618139065,1.70571042167231,0.000208645983507976,0.429957157100452,0.388794688920515,0.472320039464724,4,2,50,0.0460884822785509,-0.403462991808062,14,1.50804836242448,0,-41.671,5451,0.4,0,10,"both",0.0460884822785509,-0.403462991808062
"660","session2",-7.53635490753699,7.99149618139065,1.70571042167231,0.000208645983507976,0.429957157100452,0.388794688920515,0.472320039464724,4,2,50,0.0460884822785509,-0.403462991808062,14,2.91628327405181,0,-9.50242,5451,0.4,0,10,"both",0.0460884822785509,-0.403462991808062
"661","session2",-7.53635490753699,7.99149618139065,1.70571042167231,0.000208645983507976,0.429957157100452,0.388794688920515,0.472320039464724,4,2,50,0.0460884822785509,-0.403462991808062,14,2.29583059784035,0,-14.12241,5451,0.4,0,10,"both",0.0460884822785509,-0.403462991808062
"662","session2",-7.53635490753699,7.99149618139065,1.70571042167231,0.000208645983507976,0.429957157100452,0.388794688920515,0.472320039464724,4,2,50,0.0460884822785509,-0.403462991808062,14,2.02194999444104,0,-24.74969,5451,0.4,0,10,"both",0.0460884822785509,-0.403462991808062
"663","session2",-7.53635490753699,7.99149618139065,1.70571042167231,0.000208645983507976,0.429957157100452,0.388794688920515,0.472320039464724,4,2,50,0.0460884822785509,-0.403462991808062,14,2.07332602988659,0,-32.02906,5451,0.4,0,10,"both",0.0460884822785509,-0.403462991808062
"664","session2",-7.53635490753699,7.99149618139065,1.70571042167231,0.000208645983507976,0.429957157100452,0.388794688920515,0.472320039464724,4,2,50,0.0460884822785509,-0.403462991808062,14,2.5258488802529,0,-18.47604,5451,0.4,0,10,"both",0.0460884822785509,-0.403462991808062
"665","session2",-7.53635490753699,7.99149618139065,1.70571042167231,0.000208645983507976,0.429957157100452,0.388794688920515,0.472320039464724,4,2,50,0.0460884822785509,-0.403462991808062,14,1.68214553565868,0,-30.0447,5451,0.4,0,10,"both",0.0460884822785509,-0.403462991808062
"666","session2",-7.53635490753699,7.99149618139065,1.70571042167231,0.000208645983507976,0.429957157100452,0.388794688920515,0.472320039464724,4,2,50,0.0460884822785509,-0.403462991808062,14,1.70904685286407,1,12.377,5451,0.4,0,10,"both",0.0460884822785509,-0.403462991808062
"667","session2",-7.53635490753699,7.99149618139065,1.70571042167231,0.000208645983507976,0.429957157100452,0.388794688920515,0.472320039464724,4,2,50,0.0460884822785509,-0.403462991808062,14,2.6055023386916,0,-24.55474,5451,0.4,0,10,"both",0.0460884822785509,-0.403462991808062
"668","session2",-7.53635490753699,7.99149618139065,1.70571042167231,0.000208645983507976,0.429957157100452,0.388794688920515,0.472320039464724,4,2,50,0.0460884822785509,-0.403462991808062,14,3.03690572069052,1,-13.63422,5451,0.4,0,10,"both",0.0460884822785509,-0.403462991808062
"669","session2",-7.53635490753699,7.99149618139065,1.70571042167231,0.000208645983507976,0.429957157100452,0.388794688920515,0.472320039464724,4,2,50,0.0460884822785509,-0.403462991808062,14,2.99108195470439,1,-7.2501,5451,0.4,0,10,"both",0.0460884822785509,-0.403462991808062
"670","session2",-7.53635490753699,7.99149618139065,1.70571042167231,0.000208645983507976,0.429957157100452,0.388794688920515,0.472320039464724,4,2,50,0.0460884822785509,-0.403462991808062,14,1.46547473332129,0,-22.37678,5451,0.4,0,10,"both",0.0460884822785509,-0.403462991808062
"671","session2",-7.53635490753699,7.99149618139065,1.70571042167231,0.000208645983507976,0.429957157100452,0.388794688920515,0.472320039464724,4,2,50,0.0460884822785509,-0.403462991808062,14,3.01965827813168,0,-28.9964,5451,0.4,0,10,"both",0.0460884822785509,-0.403462991808062
"672","session2",-7.53635490753699,7.99149618139065,1.70571042167231,0.000208645983507976,0.429957157100452,0.388794688920515,0.472320039464724,4,2,50,0.0460884822785509,-0.403462991808062,14,3.93121654908561,1,-6.11857,5451,0.4,0,10,"both",0.0460884822785509,-0.403462991808062
"673","session2",-7.53635490753699,7.99149618139065,1.70571042167231,0.000208645983507976,0.429957157100452,0.388794688920515,0.472320039464724,4,2,50,0.0460884822785509,-0.403462991808062,14,1.43825747186729,0,-17.47902,5451,0.4,0,10,"both",0.0460884822785509,-0.403462991808062
"674","session2",-7.53635490753699,7.99149618139065,1.70571042167231,0.000208645983507976,0.429957157100452,0.388794688920515,0.472320039464724,4,2,50,0.0460884822785509,-0.403462991808062,14,1.37733493953677,0,-27.8295,5451,0.4,0,10,"both",0.0460884822785509,-0.403462991808062
"675","session2",-7.53635490753699,7.99149618139065,1.70571042167231,0.000208645983507976,0.429957157100452,0.388794688920515,0.472320039464724,4,2,50,0.0460884822785509,-0.403462991808062,14,1.70893403029927,0,-19.54358,5451,0.4,0,10,"both",0.0460884822785509,-0.403462991808062
"676","session2",-7.53635490753699,7.99149618139065,1.70571042167231,0.000208645983507976,0.429957157100452,0.388794688920515,0.472320039464724,4,2,50,0.0460884822785509,-0.403462991808062,14,1.56746284934315,0,-22.5439,5451,0.4,0,10,"both",0.0460884822785509,-0.403462991808062
"677","session2",-7.53635490753699,7.99149618139065,1.70571042167231,0.000208645983507976,0.429957157100452,0.388794688920515,0.472320039464724,4,2,50,0.0460884822785509,-0.403462991808062,14,2.08820369710861,1,-16.44443,5451,0.4,0,10,"both",0.0460884822785509,-0.403462991808062
"678","session2",-7.53635490753699,7.99149618139065,1.70571042167231,0.000208645983507976,0.429957157100452,0.388794688920515,0.472320039464724,4,2,50,0.0460884822785509,-0.403462991808062,14,4.04963554166369,0,-17.76546,5451,0.4,0,10,"both",0.0460884822785509,-0.403462991808062
"679","session2",-7.53635490753699,7.99149618139065,1.70571042167231,0.000208645983507976,0.429957157100452,0.388794688920515,0.472320039464724,4,2,50,0.0460884822785509,-0.403462991808062,14,1.48728948096922,0,-21.53517,5451,0.4,0,10,"both",0.0460884822785509,-0.403462991808062
"680","session2",-7.53635490753699,7.99149618139065,1.70571042167231,0.000208645983507976,0.429957157100452,0.388794688920515,0.472320039464724,4,2,50,0.0460884822785509,-0.403462991808062,14,1.85839677250574,1,-7.56351,5451,0.4,0,10,"both",0.0460884822785509,-0.403462991808062
"681","session2",-7.53635490753699,7.99149618139065,1.70571042167231,0.000208645983507976,0.429957157100452,0.388794688920515,0.472320039464724,4,2,50,0.0460884822785509,-0.403462991808062,14,2.69638316754514,0,-19.5338,5451,0.4,0,10,"both",0.0460884822785509,-0.403462991808062
"682","session2",-7.53635490753699,7.99149618139065,1.70571042167231,0.000208645983507976,0.429957157100452,0.388794688920515,0.472320039464724,4,2,50,0.0460884822785509,-0.403462991808062,14,2.44855389664324,0,-25.95086,5451,0.4,0,10,"both",0.0460884822785509,-0.403462991808062
"683","session2",-7.53635490753699,7.99149618139065,1.70571042167231,0.000208645983507976,0.429957157100452,0.388794688920515,0.472320039464724,4,2,50,0.0460884822785509,-0.403462991808062,14,4.21473057300485,0,-15.47592,5451,0.4,0,10,"both",0.0460884822785509,-0.403462991808062
"684","session2",-7.53635490753699,7.99149618139065,1.70571042167231,0.000208645983507976,0.429957157100452,0.388794688920515,0.472320039464724,4,2,50,0.0460884822785509,-0.403462991808062,14,2.16821597612581,1,-4.44942,5451,0.4,0,10,"both",0.0460884822785509,-0.403462991808062
"685","session2",-7.53635490753699,7.99149618139065,1.70571042167231,0.000208645983507976,0.429957157100452,0.388794688920515,0.472320039464724,4,2,50,0.0460884822785509,-0.403462991808062,14,6.15532189432031,1,-7.93398,5451,0.4,0,10,"both",0.0460884822785509,-0.403462991808062
"686","session2",-7.53635490753699,7.99149618139065,1.70571042167231,0.000208645983507976,0.429957157100452,0.388794688920515,0.472320039464724,4,2,50,0.0460884822785509,-0.403462991808062,14,2.02862331468621,0,-10.47263,5451,0.4,0,10,"both",0.0460884822785509,-0.403462991808062
"687","session2",-7.53635490753699,7.99149618139065,1.70571042167231,0.000208645983507976,0.429957157100452,0.388794688920515,0.472320039464724,4,2,50,0.0460884822785509,-0.403462991808062,14,4.77254648982087,0,-12.37178,5451,0.4,0,10,"both",0.0460884822785509,-0.403462991808062
"688","session2",-7.53635490753699,7.99149618139065,1.70571042167231,0.000208645983507976,0.429957157100452,0.388794688920515,0.472320039464724,4,2,50,0.0460884822785509,-0.403462991808062,14,1.91234288703252,0,-21.21418,5451,0.4,0,10,"both",0.0460884822785509,-0.403462991808062
"689","session2",-7.53635490753699,7.99149618139065,1.70571042167231,0.000208645983507976,0.429957157100452,0.388794688920515,0.472320039464724,4,2,50,0.0460884822785509,-0.403462991808062,14,1.76906903144164,0,-23.1306,5451,0.4,0,10,"both",0.0460884822785509,-0.403462991808062
"690","session2",-7.53635490753699,7.99149618139065,1.70571042167231,0.000208645983507976,0.429957157100452,0.388794688920515,0.472320039464724,4,2,50,0.0460884822785509,-0.403462991808062,14,1.56943750840881,0,-18.73178,5451,0.4,0,10,"both",0.0460884822785509,-0.403462991808062
"691","session2",-7.53635490753699,7.99149618139065,1.70571042167231,0.000208645983507976,0.429957157100452,0.388794688920515,0.472320039464724,4,2,50,0.0460884822785509,-0.403462991808062,14,1.84909895456313,0,-11.5401,5451,0.4,0,10,"both",0.0460884822785509,-0.403462991808062
"692","session2",-7.53635490753699,7.99149618139065,1.70571042167231,0.000208645983507976,0.429957157100452,0.388794688920515,0.472320039464724,4,2,50,0.0460884822785509,-0.403462991808062,14,2.92523002931299,0,-13.92108,5451,0.4,0,10,"both",0.0460884822785509,-0.403462991808062
"693","session2",-7.53635490753699,7.99149618139065,1.70571042167231,0.000208645983507976,0.429957157100452,0.388794688920515,0.472320039464724,4,2,50,0.0460884822785509,-0.403462991808062,14,2.15269521034973,1,-10.21517,5451,0.4,0,10,"both",0.0460884822785509,-0.403462991808062
"694","session2",-7.53635490753699,7.99149618139065,1.70571042167231,0.000208645983507976,0.429957157100452,0.388794688920515,0.472320039464724,4,2,50,0.0460884822785509,-0.403462991808062,14,2.80924924589116,0,-9.30908,5451,0.4,0,10,"both",0.0460884822785509,-0.403462991808062
"695","session2",-7.53635490753699,7.99149618139065,1.70571042167231,0.000208645983507976,0.429957157100452,0.388794688920515,0.472320039464724,4,2,50,0.0460884822785509,-0.403462991808062,14,2.81536412588217,1,-14.66335,5451,0.4,0,10,"both",0.0460884822785509,-0.403462991808062
"696","session2",-7.53635490753699,7.99149618139065,1.70571042167231,0.000208645983507976,0.429957157100452,0.388794688920515,0.472320039464724,4,2,50,0.0460884822785509,-0.403462991808062,14,1.38654211279428,0,-15.2284,5451,0.4,0,10,"both",0.0460884822785509,-0.403462991808062
"697","session2",-7.53635490753699,7.99149618139065,1.70571042167231,0.000208645983507976,0.429957157100452,0.388794688920515,0.472320039464724,4,2,50,0.0460884822785509,-0.403462991808062,14,3.57101524497513,0,-8.24804,5451,0.4,0,10,"both",0.0460884822785509,-0.403462991808062
"698","session2",-7.53635490753699,7.99149618139065,1.70571042167231,0.000208645983507976,0.429957157100452,0.388794688920515,0.472320039464724,4,2,50,0.0460884822785509,-0.403462991808062,14,5.01261430690649,1,-5.59278,5451,0.4,0,10,"both",0.0460884822785509,-0.403462991808062
"699","session2",-7.53635490753699,7.99149618139065,1.70571042167231,0.000208645983507976,0.429957157100452,0.388794688920515,0.472320039464724,4,2,50,0.0460884822785509,-0.403462991808062,14,2.76732794278238,1,-7.08588,5451,0.4,0,10,"both",0.0460884822785509,-0.403462991808062
"700","session2",-7.53635490753699,7.99149618139065,1.70571042167231,0.000208645983507976,0.429957157100452,0.388794688920515,0.472320039464724,4,2,50,0.0460884822785509,-0.403462991808062,14,3.55169453895104,0,-14.75896,5451,0.4,0,10,"both",0.0460884822785509,-0.403462991808062
"701","session2",-28.7005645127086,19.0092845668295,1.80263598212232,0.000163648178969488,0.616756869015829,0.341072404233248,0.334617408525612,5,2,50,0.0460884822785509,-0.403462991808062,15,2.70971803440365,1,-8.12611322446,5451,0.4,0,10,"both",0.0460884822785509,-0.403462991808062
"702","session2",-28.7005645127086,19.0092845668295,1.80263598212232,0.000163648178969488,0.616756869015829,0.341072404233248,0.334617408525612,5,2,50,0.0460884822785509,-0.403462991808062,15,1.78188241387095,0,-12.9984193683,5451,0.4,0,10,"both",0.0460884822785509,-0.403462991808062
"703","session2",-28.7005645127086,19.0092845668295,1.80263598212232,0.000163648178969488,0.616756869015829,0.341072404233248,0.334617408525612,5,2,50,0.0460884822785509,-0.403462991808062,15,1.88721930323136,1,-3.295249458,5451,0.4,0,10,"both",0.0460884822785509,-0.403462991808062
"704","session2",-28.7005645127086,19.0092845668295,1.80263598212232,0.000163648178969488,0.616756869015829,0.341072404233248,0.334617408525612,5,2,50,0.0460884822785509,-0.403462991808062,15,3.0188855906358,0,-9.6685220582,5451,0.4,0,10,"both",0.0460884822785509,-0.403462991808062
"705","session2",-28.7005645127086,19.0092845668295,1.80263598212232,0.000163648178969488,0.616756869015829,0.341072404233248,0.334617408525612,5,2,50,0.0460884822785509,-0.403462991808062,15,3.28575142008079,1,-16.83709,5451,0.4,0,10,"both",0.0460884822785509,-0.403462991808062
"706","session2",-28.7005645127086,19.0092845668295,1.80263598212232,0.000163648178969488,0.616756869015829,0.341072404233248,0.334617408525612,5,2,50,0.0460884822785509,-0.403462991808062,15,2.98936604177939,1,5.0088,5451,0.4,0,10,"both",0.0460884822785509,-0.403462991808062
"707","session2",-28.7005645127086,19.0092845668295,1.80263598212232,0.000163648178969488,0.616756869015829,0.341072404233248,0.334617408525612,5,2,50,0.0460884822785509,-0.403462991808062,15,2.74041660698048,1,-11.039994345,5451,0.4,0,10,"both",0.0460884822785509,-0.403462991808062
"708","session2",-28.7005645127086,19.0092845668295,1.80263598212232,0.000163648178969488,0.616756869015829,0.341072404233248,0.334617408525612,5,2,50,0.0460884822785509,-0.403462991808062,15,2.92381050038789,0,-26.97996,5451,0.4,0,10,"both",0.0460884822785509,-0.403462991808062
"709","session2",-28.7005645127086,19.0092845668295,1.80263598212232,0.000163648178969488,0.616756869015829,0.341072404233248,0.334617408525612,5,2,50,0.0460884822785509,-0.403462991808062,15,2.03574931656293,1,-11.39,5451,0.4,0,10,"both",0.0460884822785509,-0.403462991808062
"710","session2",-28.7005645127086,19.0092845668295,1.80263598212232,0.000163648178969488,0.616756869015829,0.341072404233248,0.334617408525612,5,2,50,0.0460884822785509,-0.403462991808062,15,3.04300245942397,0,-41.6337,5451,0.4,0,10,"both",0.0460884822785509,-0.403462991808062
"711","session2",-28.7005645127086,19.0092845668295,1.80263598212232,0.000163648178969488,0.616756869015829,0.341072404233248,0.334617408525612,5,2,50,0.0460884822785509,-0.403462991808062,15,2.43851608098263,0,-47.3241,5451,0.4,0,10,"both",0.0460884822785509,-0.403462991808062
"712","session2",-28.7005645127086,19.0092845668295,1.80263598212232,0.000163648178969488,0.616756869015829,0.341072404233248,0.334617408525612,5,2,50,0.0460884822785509,-0.403462991808062,15,3.69832861072905,1,-15.42644858,5451,0.4,0,10,"both",0.0460884822785509,-0.403462991808062
"713","session2",-28.7005645127086,19.0092845668295,1.80263598212232,0.000163648178969488,0.616756869015829,0.341072404233248,0.334617408525612,5,2,50,0.0460884822785509,-0.403462991808062,15,2.02992763991409,1,-41.38367,5451,0.4,0,10,"both",0.0460884822785509,-0.403462991808062
"714","session2",-28.7005645127086,19.0092845668295,1.80263598212232,0.000163648178969488,0.616756869015829,0.341072404233248,0.334617408525612,5,2,50,0.0460884822785509,-0.403462991808062,15,3.50816753317635,0,-19.31469,5451,0.4,0,10,"both",0.0460884822785509,-0.403462991808062
"715","session2",-28.7005645127086,19.0092845668295,1.80263598212232,0.000163648178969488,0.616756869015829,0.341072404233248,0.334617408525612,5,2,50,0.0460884822785509,-0.403462991808062,15,1.63053138583672,1,-9.24288,5451,0.4,0,10,"both",0.0460884822785509,-0.403462991808062
"716","session2",-28.7005645127086,19.0092845668295,1.80263598212232,0.000163648178969488,0.616756869015829,0.341072404233248,0.334617408525612,5,2,50,0.0460884822785509,-0.403462991808062,15,1.43130914024329,1,15.7805,5451,0.4,0,10,"both",0.0460884822785509,-0.403462991808062
"717","session2",-28.7005645127086,19.0092845668295,1.80263598212232,0.000163648178969488,0.616756869015829,0.341072404233248,0.334617408525612,5,2,50,0.0460884822785509,-0.403462991808062,15,3.85432929491359,1,-18.14343,5451,0.4,0,10,"both",0.0460884822785509,-0.403462991808062
"718","session2",-28.7005645127086,19.0092845668295,1.80263598212232,0.000163648178969488,0.616756869015829,0.341072404233248,0.334617408525612,5,2,50,0.0460884822785509,-0.403462991808062,15,2.08867619195578,1,-18.66277,5451,0.4,0,10,"both",0.0460884822785509,-0.403462991808062
"719","session2",-28.7005645127086,19.0092845668295,1.80263598212232,0.000163648178969488,0.616756869015829,0.341072404233248,0.334617408525612,5,2,50,0.0460884822785509,-0.403462991808062,15,2.60878882704763,1,5.4483,5451,0.4,0,10,"both",0.0460884822785509,-0.403462991808062
"720","session2",-28.7005645127086,19.0092845668295,1.80263598212232,0.000163648178969488,0.616756869015829,0.341072404233248,0.334617408525612,5,2,50,0.0460884822785509,-0.403462991808062,15,2.19019822306871,0,-26.52146,5451,0.4,0,10,"both",0.0460884822785509,-0.403462991808062
"721","session2",-28.7005645127086,19.0092845668295,1.80263598212232,0.000163648178969488,0.616756869015829,0.341072404233248,0.334617408525612,5,2,50,0.0460884822785509,-0.403462991808062,15,1.43731660086249,0,-38.27724,5451,0.4,0,10,"both",0.0460884822785509,-0.403462991808062
"722","session2",-28.7005645127086,19.0092845668295,1.80263598212232,0.000163648178969488,0.616756869015829,0.341072404233248,0.334617408525612,5,2,50,0.0460884822785509,-0.403462991808062,15,2.78431823860989,0,-28.43384,5451,0.4,0,10,"both",0.0460884822785509,-0.403462991808062
"723","session2",-28.7005645127086,19.0092845668295,1.80263598212232,0.000163648178969488,0.616756869015829,0.341072404233248,0.334617408525612,5,2,50,0.0460884822785509,-0.403462991808062,15,4.73957732466594,1,-21.749,5451,0.4,0,10,"both",0.0460884822785509,-0.403462991808062
"724","session2",-28.7005645127086,19.0092845668295,1.80263598212232,0.000163648178969488,0.616756869015829,0.341072404233248,0.334617408525612,5,2,50,0.0460884822785509,-0.403462991808062,15,2.80508712101436,1,-21.81751,5451,0.4,0,10,"both",0.0460884822785509,-0.403462991808062
"725","session2",-28.7005645127086,19.0092845668295,1.80263598212232,0.000163648178969488,0.616756869015829,0.341072404233248,0.334617408525612,5,2,50,0.0460884822785509,-0.403462991808062,15,2.8320426838315,1,-22.50638,5451,0.4,0,10,"both",0.0460884822785509,-0.403462991808062
"726","session2",-28.7005645127086,19.0092845668295,1.80263598212232,0.000163648178969488,0.616756869015829,0.341072404233248,0.334617408525612,5,2,50,0.0460884822785509,-0.403462991808062,15,2.24566040530018,1,-33.30804,5451,0.4,0,10,"both",0.0460884822785509,-0.403462991808062
"727","session2",-28.7005645127086,19.0092845668295,1.80263598212232,0.000163648178969488,0.616756869015829,0.341072404233248,0.334617408525612,5,2,50,0.0460884822785509,-0.403462991808062,15,2.52362749794226,1,8.9442,5451,0.4,0,10,"both",0.0460884822785509,-0.403462991808062
"728","session2",-28.7005645127086,19.0092845668295,1.80263598212232,0.000163648178969488,0.616756869015829,0.341072404233248,0.334617408525612,5,2,50,0.0460884822785509,-0.403462991808062,15,6.83578133243248,1,-22.49288,5451,0.4,0,10,"both",0.0460884822785509,-0.403462991808062
"729","session2",-28.7005645127086,19.0092845668295,1.80263598212232,0.000163648178969488,0.616756869015829,0.341072404233248,0.334617408525612,5,2,50,0.0460884822785509,-0.403462991808062,15,2.61569145215263,0,-29.61944,5451,0.4,0,10,"both",0.0460884822785509,-0.403462991808062
"730","session2",-28.7005645127086,19.0092845668295,1.80263598212232,0.000163648178969488,0.616756869015829,0.341072404233248,0.334617408525612,5,2,50,0.0460884822785509,-0.403462991808062,15,2.13885376715886,1,14.1656,5451,0.4,0,10,"both",0.0460884822785509,-0.403462991808062
"731","session2",-28.7005645127086,19.0092845668295,1.80263598212232,0.000163648178969488,0.616756869015829,0.341072404233248,0.334617408525612,5,2,50,0.0460884822785509,-0.403462991808062,15,2.9476958750106,0,-35.8253,5451,0.4,0,10,"both",0.0460884822785509,-0.403462991808062
"732","session2",-28.7005645127086,19.0092845668295,1.80263598212232,0.000163648178969488,0.616756869015829,0.341072404233248,0.334617408525612,5,2,50,0.0460884822785509,-0.403462991808062,15,6.17931335138335,0,-31.8954,5451,0.4,0,10,"both",0.0460884822785509,-0.403462991808062
"733","session2",-28.7005645127086,19.0092845668295,1.80263598212232,0.000163648178969488,0.616756869015829,0.341072404233248,0.334617408525612,5,2,50,0.0460884822785509,-0.403462991808062,15,4.1017690687596,0,-42.7241,5451,0.4,0,10,"both",0.0460884822785509,-0.403462991808062
"734","session2",-28.7005645127086,19.0092845668295,1.80263598212232,0.000163648178969488,0.616756869015829,0.341072404233248,0.334617408525612,5,2,50,0.0460884822785509,-0.403462991808062,15,3.76229894926663,1,-13.4374,5451,0.4,0,10,"both",0.0460884822785509,-0.403462991808062
"735","session2",-28.7005645127086,19.0092845668295,1.80263598212232,0.000163648178969488,0.616756869015829,0.341072404233248,0.334617408525612,5,2,50,0.0460884822785509,-0.403462991808062,15,4.5024008181918,1,-40.19788,5451,0.4,0,10,"both",0.0460884822785509,-0.403462991808062
"736","session2",-28.7005645127086,19.0092845668295,1.80263598212232,0.000163648178969488,0.616756869015829,0.341072404233248,0.334617408525612,5,2,50,0.0460884822785509,-0.403462991808062,15,2.36282890780461,0,-32.05142,5451,0.4,0,10,"both",0.0460884822785509,-0.403462991808062
"737","session2",-28.7005645127086,19.0092845668295,1.80263598212232,0.000163648178969488,0.616756869015829,0.341072404233248,0.334617408525612,5,2,50,0.0460884822785509,-0.403462991808062,15,1.80959533094315,0,-21.7113,5451,0.4,0,10,"both",0.0460884822785509,-0.403462991808062
"738","session2",-28.7005645127086,19.0092845668295,1.80263598212232,0.000163648178969488,0.616756869015829,0.341072404233248,0.334617408525612,5,2,50,0.0460884822785509,-0.403462991808062,15,5.57963008753227,0,-34.0275,5451,0.4,0,10,"both",0.0460884822785509,-0.403462991808062
"739","session2",-28.7005645127086,19.0092845668295,1.80263598212232,0.000163648178969488,0.616756869015829,0.341072404233248,0.334617408525612,5,2,50,0.0460884822785509,-0.403462991808062,15,3.18949784219325,1,-9.5861,5451,0.4,0,10,"both",0.0460884822785509,-0.403462991808062
"740","session2",-28.7005645127086,19.0092845668295,1.80263598212232,0.000163648178969488,0.616756869015829,0.341072404233248,0.334617408525612,5,2,50,0.0460884822785509,-0.403462991808062,15,4.41741348974675,0,-30.2205,5451,0.4,0,10,"both",0.0460884822785509,-0.403462991808062
"741","session2",-28.7005645127086,19.0092845668295,1.80263598212232,0.000163648178969488,0.616756869015829,0.341072404233248,0.334617408525612,5,2,50,0.0460884822785509,-0.403462991808062,15,3.57467921881737,1,-26.93834,5451,0.4,0,10,"both",0.0460884822785509,-0.403462991808062
"742","session2",-28.7005645127086,19.0092845668295,1.80263598212232,0.000163648178969488,0.616756869015829,0.341072404233248,0.334617408525612,5,2,50,0.0460884822785509,-0.403462991808062,15,1.70137096467572,0,-45.5151,5451,0.4,0,10,"both",0.0460884822785509,-0.403462991808062
"743","session2",-28.7005645127086,19.0092845668295,1.80263598212232,0.000163648178969488,0.616756869015829,0.341072404233248,0.334617408525612,5,2,50,0.0460884822785509,-0.403462991808062,15,3.17635666380995,1,-25.2304,5451,0.4,0,10,"both",0.0460884822785509,-0.403462991808062
"744","session2",-28.7005645127086,19.0092845668295,1.80263598212232,0.000163648178969488,0.616756869015829,0.341072404233248,0.334617408525612,5,2,50,0.0460884822785509,-0.403462991808062,15,3.15005668268164,0,-42.0881,5451,0.4,0,10,"both",0.0460884822785509,-0.403462991808062
"745","session2",-28.7005645127086,19.0092845668295,1.80263598212232,0.000163648178969488,0.616756869015829,0.341072404233248,0.334617408525612,5,2,50,0.0460884822785509,-0.403462991808062,15,2.94557458286927,0,-15.743,5451,0.4,0,10,"both",0.0460884822785509,-0.403462991808062
"746","session2",-28.7005645127086,19.0092845668295,1.80263598212232,0.000163648178969488,0.616756869015829,0.341072404233248,0.334617408525612,5,2,50,0.0460884822785509,-0.403462991808062,15,1.55245568835104,1,-3.6455,5451,0.4,0,10,"both",0.0460884822785509,-0.403462991808062
"747","session2",-28.7005645127086,19.0092845668295,1.80263598212232,0.000163648178969488,0.616756869015829,0.341072404233248,0.334617408525612,5,2,50,0.0460884822785509,-0.403462991808062,15,2.50148176690493,1,-4.6175,5451,0.4,0,10,"both",0.0460884822785509,-0.403462991808062
"748","session2",-28.7005645127086,19.0092845668295,1.80263598212232,0.000163648178969488,0.616756869015829,0.341072404233248,0.334617408525612,5,2,50,0.0460884822785509,-0.403462991808062,15,2.11446052194453,1,-40.7805,5451,0.4,0,10,"both",0.0460884822785509,-0.403462991808062
"749","session2",-28.7005645127086,19.0092845668295,1.80263598212232,0.000163648178969488,0.616756869015829,0.341072404233248,0.334617408525612,5,2,50,0.0460884822785509,-0.403462991808062,15,1.84203420724296,1,32.58,5451,0.4,0,10,"both",0.0460884822785509,-0.403462991808062
"750","session2",-28.7005645127086,19.0092845668295,1.80263598212232,0.000163648178969488,0.616756869015829,0.341072404233248,0.334617408525612,5,2,50,0.0460884822785509,-0.403462991808062,15,2.12364997463567,1,19.7707,5451,0.4,0,10,"both",0.0460884822785509,-0.403462991808062
"751","session2",-21.6455933700408,93.0499672339348,2.99081263246518,0.000181585549514737,0.675248751483608,0.240344633173269,0.162362928532405,6,2,50,0.0460884822785509,-0.403462991808062,16,4.39581536598032,1,-8.9747654407,5451,0.4,0,10,"both",0.0460884822785509,-0.403462991808062
"752","session2",-21.6455933700408,93.0499672339348,2.99081263246518,0.000181585549514737,0.675248751483608,0.240344633173269,0.162362928532405,6,2,50,0.0460884822785509,-0.403462991808062,16,3.4889928612037,0,-10.9064547362,5451,0.4,0,10,"both",0.0460884822785509,-0.403462991808062
"753","session2",-21.6455933700408,93.0499672339348,2.99081263246518,0.000181585549514737,0.675248751483608,0.240344633173269,0.162362928532405,6,2,50,0.0460884822785509,-0.403462991808062,16,5.66258064486942,0,-1.58417030244,5451,0.4,0,10,"both",0.0460884822785509,-0.403462991808062
"754","session2",-21.6455933700408,93.0499672339348,2.99081263246518,0.000181585549514737,0.675248751483608,0.240344633173269,0.162362928532405,6,2,50,0.0460884822785509,-0.403462991808062,16,4.21882635483301,0,5.5469448637,5451,0.4,0,10,"both",0.0460884822785509,-0.403462991808062
"755","session2",-21.6455933700408,93.0499672339348,2.99081263246518,0.000181585549514737,0.675248751483608,0.240344633173269,0.162362928532405,6,2,50,0.0460884822785509,-0.403462991808062,16,4.19347796622682,0,7.920939189,5451,0.4,0,10,"both",0.0460884822785509,-0.403462991808062
"756","session2",-21.6455933700408,93.0499672339348,2.99081263246518,0.000181585549514737,0.675248751483608,0.240344633173269,0.162362928532405,6,2,50,0.0460884822785509,-0.403462991808062,16,2.76566085702528,1,30.09401,5451,0.4,0,10,"both",0.0460884822785509,-0.403462991808062
"757","session2",-21.6455933700408,93.0499672339348,2.99081263246518,0.000181585549514737,0.675248751483608,0.240344633173269,0.162362928532405,6,2,50,0.0460884822785509,-0.403462991808062,16,4.55036587604582,1,11.49022766181,5451,0.4,0,10,"both",0.0460884822785509,-0.403462991808062
"758","session2",-21.6455933700408,93.0499672339348,2.99081263246518,0.000181585549514737,0.675248751483608,0.240344633173269,0.162362928532405,6,2,50,0.0460884822785509,-0.403462991808062,16,4.00574350036904,1,7.039708668901,5451,0.4,0,10,"both",0.0460884822785509,-0.403462991808062
"759","session2",-21.6455933700408,93.0499672339348,2.99081263246518,0.000181585549514737,0.675248751483608,0.240344633173269,0.162362928532405,6,2,50,0.0460884822785509,-0.403462991808062,16,3.03906532826974,1,21.6032,5451,0.4,0,10,"both",0.0460884822785509,-0.403462991808062
"760","session2",-21.6455933700408,93.0499672339348,2.99081263246518,0.000181585549514737,0.675248751483608,0.240344633173269,0.162362928532405,6,2,50,0.0460884822785509,-0.403462991808062,16,3.73126604747668,0,2.7197901137,5451,0.4,0,10,"both",0.0460884822785509,-0.403462991808062
"761","session2",-21.6455933700408,93.0499672339348,2.99081263246518,0.000181585549514737,0.675248751483608,0.240344633173269,0.162362928532405,6,2,50,0.0460884822785509,-0.403462991808062,16,5.08509188327549,1,41.2425,5451,0.4,0,10,"both",0.0460884822785509,-0.403462991808062
"762","session2",-21.6455933700408,93.0499672339348,2.99081263246518,0.000181585549514737,0.675248751483608,0.240344633173269,0.162362928532405,6,2,50,0.0460884822785509,-0.403462991808062,16,4.05729299305095,1,12.06762,5451,0.4,0,10,"both",0.0460884822785509,-0.403462991808062
"763","session2",-21.6455933700408,93.0499672339348,2.99081263246518,0.000181585549514737,0.675248751483608,0.240344633173269,0.162362928532405,6,2,50,0.0460884822785509,-0.403462991808062,16,3.26089712347599,1,0.73394,5451,0.4,0,10,"both",0.0460884822785509,-0.403462991808062
"764","session2",-21.6455933700408,93.0499672339348,2.99081263246518,0.000181585549514737,0.675248751483608,0.240344633173269,0.162362928532405,6,2,50,0.0460884822785509,-0.403462991808062,16,3.02756838339082,1,-0.78082829954,5451,0.4,0,10,"both",0.0460884822785509,-0.403462991808062
"765","session2",-21.6455933700408,93.0499672339348,2.99081263246518,0.000181585549514737,0.675248751483608,0.240344633173269,0.162362928532405,6,2,50,0.0460884822785509,-0.403462991808062,16,7.07590885515095,0,-14.6254,5451,0.4,0,10,"both",0.0460884822785509,-0.403462991808062
"766","session2",-21.6455933700408,93.0499672339348,2.99081263246518,0.000181585549514737,0.675248751483608,0.240344633173269,0.162362928532405,6,2,50,0.0460884822785509,-0.403462991808062,16,6.67703650097317,0,1.4415616211,5451,0.4,0,10,"both",0.0460884822785509,-0.403462991808062
"767","session2",-21.6455933700408,93.0499672339348,2.99081263246518,0.000181585549514737,0.675248751483608,0.240344633173269,0.162362928532405,6,2,50,0.0460884822785509,-0.403462991808062,16,4.15045697160305,1,0.9158035772,5451,0.4,0,10,"both",0.0460884822785509,-0.403462991808062
"768","session2",-21.6455933700408,93.0499672339348,2.99081263246518,0.000181585549514737,0.675248751483608,0.240344633173269,0.162362928532405,6,2,50,0.0460884822785509,-0.403462991808062,16,3.38931261683176,1,-34.83639,5451,0.4,0,10,"both",0.0460884822785509,-0.403462991808062
"769","session2",-21.6455933700408,93.0499672339348,2.99081263246518,0.000181585549514737,0.675248751483608,0.240344633173269,0.162362928532405,6,2,50,0.0460884822785509,-0.403462991808062,16,4.22766959994925,1,-14.5833,5451,0.4,0,10,"both",0.0460884822785509,-0.403462991808062
"770","session2",-21.6455933700408,93.0499672339348,2.99081263246518,0.000181585549514737,0.675248751483608,0.240344633173269,0.162362928532405,6,2,50,0.0460884822785509,-0.403462991808062,16,4.69651991906414,1,-7.0010994285,5451,0.4,0,10,"both",0.0460884822785509,-0.403462991808062
"771","session2",-21.6455933700408,93.0499672339348,2.99081263246518,0.000181585549514737,0.675248751483608,0.240344633173269,0.162362928532405,6,2,50,0.0460884822785509,-0.403462991808062,16,3.9741802391117,0,-9.0651993963,5451,0.4,0,10,"both",0.0460884822785509,-0.403462991808062
"772","session2",-21.6455933700408,93.0499672339348,2.99081263246518,0.000181585549514737,0.675248751483608,0.240344633173269,0.162362928532405,6,2,50,0.0460884822785509,-0.403462991808062,16,6.39545281510627,1,8.59463,5451,0.4,0,10,"both",0.0460884822785509,-0.403462991808062
"773","session2",-21.6455933700408,93.0499672339348,2.99081263246518,0.000181585549514737,0.675248751483608,0.240344633173269,0.162362928532405,6,2,50,0.0460884822785509,-0.403462991808062,16,3.58626419227718,1,-11.627218552,5451,0.4,0,10,"both",0.0460884822785509,-0.403462991808062
"774","session2",-21.6455933700408,93.0499672339348,2.99081263246518,0.000181585549514737,0.675248751483608,0.240344633173269,0.162362928532405,6,2,50,0.0460884822785509,-0.403462991808062,16,4.25741270148302,0,-31.86347,5451,0.4,0,10,"both",0.0460884822785509,-0.403462991808062
"775","session2",-21.6455933700408,93.0499672339348,2.99081263246518,0.000181585549514737,0.675248751483608,0.240344633173269,0.162362928532405,6,2,50,0.0460884822785509,-0.403462991808062,16,3.40705665145951,1,-5.5232645113,5451,0.4,0,10,"both",0.0460884822785509,-0.403462991808062
"776","session2",-21.6455933700408,93.0499672339348,2.99081263246518,0.000181585549514737,0.675248751483608,0.240344633173269,0.162362928532405,6,2,50,0.0460884822785509,-0.403462991808062,16,5.70793067296704,1,-10.8407830331,5451,0.4,0,10,"both",0.0460884822785509,-0.403462991808062
"777","session2",-21.6455933700408,93.0499672339348,2.99081263246518,0.000181585549514737,0.675248751483608,0.240344633173269,0.162362928532405,6,2,50,0.0460884822785509,-0.403462991808062,16,3.85991440934947,0,-10.9201621547,5451,0.4,0,10,"both",0.0460884822785509,-0.403462991808062
"778","session2",-21.6455933700408,93.0499672339348,2.99081263246518,0.000181585549514737,0.675248751483608,0.240344633173269,0.162362928532405,6,2,50,0.0460884822785509,-0.403462991808062,16,3.03803884284747,1,-11.0507384967,5451,0.4,0,10,"both",0.0460884822785509,-0.403462991808062
"779","session2",-21.6455933700408,93.0499672339348,2.99081263246518,0.000181585549514737,0.675248751483608,0.240344633173269,0.162362928532405,6,2,50,0.0460884822785509,-0.403462991808062,16,4.33505603127459,1,-16.0421849774,5451,0.4,0,10,"both",0.0460884822785509,-0.403462991808062
"780","session2",-21.6455933700408,93.0499672339348,2.99081263246518,0.000181585549514737,0.675248751483608,0.240344633173269,0.162362928532405,6,2,50,0.0460884822785509,-0.403462991808062,16,3.7749560691964,1,-15.3598410361,5451,0.4,0,10,"both",0.0460884822785509,-0.403462991808062
"781","session2",-21.6455933700408,93.0499672339348,2.99081263246518,0.000181585549514737,0.675248751483608,0.240344633173269,0.162362928532405,6,2,50,0.0460884822785509,-0.403462991808062,16,3.28961601788787,0,31.6025,5451,0.4,0,10,"both",0.0460884822785509,-0.403462991808062
"782","session2",-21.6455933700408,93.0499672339348,2.99081263246518,0.000181585549514737,0.675248751483608,0.240344633173269,0.162362928532405,6,2,50,0.0460884822785509,-0.403462991808062,16,4.85701942619235,0,-13.009583464,5451,0.4,0,10,"both",0.0460884822785509,-0.403462991808062
"783","session2",-21.6455933700408,93.0499672339348,2.99081263246518,0.000181585549514737,0.675248751483608,0.240344633173269,0.162362928532405,6,2,50,0.0460884822785509,-0.403462991808062,16,4.04072309827821,1,-12.6411838653,5451,0.4,0,10,"both",0.0460884822785509,-0.403462991808062
"784","session2",-21.6455933700408,93.0499672339348,2.99081263246518,0.000181585549514737,0.675248751483608,0.240344633173269,0.162362928532405,6,2,50,0.0460884822785509,-0.403462991808062,16,3.3902492232234,1,-13.24305934863,5451,0.4,0,10,"both",0.0460884822785509,-0.403462991808062
"785","session2",-21.6455933700408,93.0499672339348,2.99081263246518,0.000181585549514737,0.675248751483608,0.240344633173269,0.162362928532405,6,2,50,0.0460884822785509,-0.403462991808062,16,4.18623474399981,0,-41.69298,5451,0.4,0,10,"both",0.0460884822785509,-0.403462991808062
"786","session2",-21.6455933700408,93.0499672339348,2.99081263246518,0.000181585549514737,0.675248751483608,0.240344633173269,0.162362928532405,6,2,50,0.0460884822785509,-0.403462991808062,16,6.63927815168448,0,-16.9758685561,5451,0.4,0,10,"both",0.0460884822785509,-0.403462991808062
"787","session2",-21.6455933700408,93.0499672339348,2.99081263246518,0.000181585549514737,0.675248751483608,0.240344633173269,0.162362928532405,6,2,50,0.0460884822785509,-0.403462991808062,16,6.0780569942846,1,-14.2300213799,5451,0.4,0,10,"both",0.0460884822785509,-0.403462991808062
"788","session2",-21.6455933700408,93.0499672339348,2.99081263246518,0.000181585549514737,0.675248751483608,0.240344633173269,0.162362928532405,6,2,50,0.0460884822785509,-0.403462991808062,16,3.57053690249947,1,-15.4843482449,5451,0.4,0,10,"both",0.0460884822785509,-0.403462991808062
"789","session2",-21.6455933700408,93.0499672339348,2.99081263246518,0.000181585549514737,0.675248751483608,0.240344633173269,0.162362928532405,6,2,50,0.0460884822785509,-0.403462991808062,16,4.54000554506789,1,-18.332628082,5451,0.4,0,10,"both",0.0460884822785509,-0.403462991808062
"790","session2",-21.6455933700408,93.0499672339348,2.99081263246518,0.000181585549514737,0.675248751483608,0.240344633173269,0.162362928532405,6,2,50,0.0460884822785509,-0.403462991808062,16,5.79536488440658,0,-18.310773188,5451,0.4,0,10,"both",0.0460884822785509,-0.403462991808062
"791","session2",-21.6455933700408,93.0499672339348,2.99081263246518,0.000181585549514737,0.675248751483608,0.240344633173269,0.162362928532405,6,2,50,0.0460884822785509,-0.403462991808062,16,2.91181732924518,1,32.4023,5451,0.4,0,10,"both",0.0460884822785509,-0.403462991808062
"792","session2",-21.6455933700408,93.0499672339348,2.99081263246518,0.000181585549514737,0.675248751483608,0.240344633173269,0.162362928532405,6,2,50,0.0460884822785509,-0.403462991808062,16,4.57376781538046,0,-18.0823996575,5451,0.4,0,10,"both",0.0460884822785509,-0.403462991808062
"793","session2",-21.6455933700408,93.0499672339348,2.99081263246518,0.000181585549514737,0.675248751483608,0.240344633173269,0.162362928532405,6,2,50,0.0460884822785509,-0.403462991808062,16,3.68288828072249,0,-33.2268,5451,0.4,0,10,"both",0.0460884822785509,-0.403462991808062
"794","session2",-21.6455933700408,93.0499672339348,2.99081263246518,0.000181585549514737,0.675248751483608,0.240344633173269,0.162362928532405,6,2,50,0.0460884822785509,-0.403462991808062,16,4.03849836903903,0,2.31664,5451,0.4,0,10,"both",0.0460884822785509,-0.403462991808062
"795","session2",-21.6455933700408,93.0499672339348,2.99081263246518,0.000181585549514737,0.675248751483608,0.240344633173269,0.162362928532405,6,2,50,0.0460884822785509,-0.403462991808062,16,3.77756053187521,1,-14.4104962192,5451,0.4,0,10,"both",0.0460884822785509,-0.403462991808062
"796","session2",-21.6455933700408,93.0499672339348,2.99081263246518,0.000181585549514737,0.675248751483608,0.240344633173269,0.162362928532405,6,2,50,0.0460884822785509,-0.403462991808062,16,2.64244455249366,0,-45.7849,5451,0.4,0,10,"both",0.0460884822785509,-0.403462991808062
"797","session2",-21.6455933700408,93.0499672339348,2.99081263246518,0.000181585549514737,0.675248751483608,0.240344633173269,0.162362928532405,6,2,50,0.0460884822785509,-0.403462991808062,16,5.20120917023036,1,-14.7588339224,5451,0.4,0,10,"both",0.0460884822785509,-0.403462991808062
"798","session2",-21.6455933700408,93.0499672339348,2.99081263246518,0.000181585549514737,0.675248751483608,0.240344633173269,0.162362928532405,6,2,50,0.0460884822785509,-0.403462991808062,16,6.03189468141767,0,-1.0888,5451,0.4,0,10,"both",0.0460884822785509,-0.403462991808062
"799","session2",-21.6455933700408,93.0499672339348,2.99081263246518,0.000181585549514737,0.675248751483608,0.240344633173269,0.162362928532405,6,2,50,0.0460884822785509,-0.403462991808062,16,5.26727586729234,1,28.8643,5451,0.4,0,10,"both",0.0460884822785509,-0.403462991808062
"800","session2",-21.6455933700408,93.0499672339348,2.99081263246518,0.000181585549514737,0.675248751483608,0.240344633173269,0.162362928532405,6,2,50,0.0460884822785509,-0.403462991808062,16,4.28812532089043,0,-15.5820999286,5451,0.4,0,10,"both",0.0460884822785509,-0.403462991808062
"801","session2",31.5736968154687,4.6892631757709,2.08107658385514,0.00530573467464686,-0.128837063694808,0.540413708815673,0.759300159866751,7,2,50,0.0460884822785509,-0.403462991808062,17,1.25837557038802,0,8.46180867586,5451,0.4,0,10,"both",0.0460884822785509,-0.403462991808062
"802","session2",31.5736968154687,4.6892631757709,2.08107658385514,0.00530573467464686,-0.128837063694808,0.540413708815673,0.759300159866751,7,2,50,0.0460884822785509,-0.403462991808062,17,1.78074382506781,0,9.11235123063,5451,0.4,0,10,"both",0.0460884822785509,-0.403462991808062
"803","session2",31.5736968154687,4.6892631757709,2.08107658385514,0.00530573467464686,-0.128837063694808,0.540413708815673,0.759300159866751,7,2,50,0.0460884822785509,-0.403462991808062,17,1.92003643217471,0,17.5059731708,5451,0.4,0,10,"both",0.0460884822785509,-0.403462991808062
"804","session2",31.5736968154687,4.6892631757709,2.08107658385514,0.00530573467464686,-0.128837063694808,0.540413708815673,0.759300159866751,7,2,50,0.0460884822785509,-0.403462991808062,17,1.34210420996215,0,23.8726611,5451,0.4,0,10,"both",0.0460884822785509,-0.403462991808062
"805","session2",31.5736968154687,4.6892631757709,2.08107658385514,0.00530573467464686,-0.128837063694808,0.540413708815673,0.759300159866751,7,2,50,0.0460884822785509,-0.403462991808062,17,2.09000051750788,1,47.30413,5451,0.4,0,10,"both",0.0460884822785509,-0.403462991808062
"806","session2",31.5736968154687,4.6892631757709,2.08107658385514,0.00530573467464686,-0.128837063694808,0.540413708815673,0.759300159866751,7,2,50,0.0460884822785509,-0.403462991808062,17,1.7714112522598,0,18.75443,5451,0.4,0,10,"both",0.0460884822785509,-0.403462991808062
"807","session2",31.5736968154687,4.6892631757709,2.08107658385514,0.00530573467464686,-0.128837063694808,0.540413708815673,0.759300159866751,7,2,50,0.0460884822785509,-0.403462991808062,17,3.46935010192136,0,28.94424,5451,0.4,0,10,"both",0.0460884822785509,-0.403462991808062
"808","session2",31.5736968154687,4.6892631757709,2.08107658385514,0.00530573467464686,-0.128837063694808,0.540413708815673,0.759300159866751,7,2,50,0.0460884822785509,-0.403462991808062,17,1.7978670357348,1,42.97313,5451,0.4,0,10,"both",0.0460884822785509,-0.403462991808062
"809","session2",31.5736968154687,4.6892631757709,2.08107658385514,0.00530573467464686,-0.128837063694808,0.540413708815673,0.759300159866751,7,2,50,0.0460884822785509,-0.403462991808062,17,3.01585993874499,1,30.65167,5451,0.4,0,10,"both",0.0460884822785509,-0.403462991808062
"810","session2",31.5736968154687,4.6892631757709,2.08107658385514,0.00530573467464686,-0.128837063694808,0.540413708815673,0.759300159866751,7,2,50,0.0460884822785509,-0.403462991808062,17,1.92123893194112,0,29.51895,5451,0.4,0,10,"both",0.0460884822785509,-0.403462991808062
"811","session2",31.5736968154687,4.6892631757709,2.08107658385514,0.00530573467464686,-0.128837063694808,0.540413708815673,0.759300159866751,7,2,50,0.0460884822785509,-0.403462991808062,17,1.24858432362013,0,25.35322,5451,0.4,0,10,"both",0.0460884822785509,-0.403462991808062
"812","session2",31.5736968154687,4.6892631757709,2.08107658385514,0.00530573467464686,-0.128837063694808,0.540413708815673,0.759300159866751,7,2,50,0.0460884822785509,-0.403462991808062,17,1.98053628055321,1,34.25488,5451,0.4,0,10,"both",0.0460884822785509,-0.403462991808062
"813","session2",31.5736968154687,4.6892631757709,2.08107658385514,0.00530573467464686,-0.128837063694808,0.540413708815673,0.759300159866751,7,2,50,0.0460884822785509,-0.403462991808062,17,1.52709919051829,0,28.82188,5451,0.4,0,10,"both",0.0460884822785509,-0.403462991808062
"814","session2",31.5736968154687,4.6892631757709,2.08107658385514,0.00530573467464686,-0.128837063694808,0.540413708815673,0.759300159866751,7,2,50,0.0460884822785509,-0.403462991808062,17,2.27147256433606,1,36.40226,5451,0.4,0,10,"both",0.0460884822785509,-0.403462991808062
"815","session2",31.5736968154687,4.6892631757709,2.08107658385514,0.00530573467464686,-0.128837063694808,0.540413708815673,0.759300159866751,7,2,50,0.0460884822785509,-0.403462991808062,17,2.81236728571479,0,31.72701,5451,0.4,0,10,"both",0.0460884822785509,-0.403462991808062
"816","session2",31.5736968154687,4.6892631757709,2.08107658385514,0.00530573467464686,-0.128837063694808,0.540413708815673,0.759300159866751,7,2,50,0.0460884822785509,-0.403462991808062,17,2.60502259949499,1,27.85738,5451,0.4,0,10,"both",0.0460884822785509,-0.403462991808062
"817","session2",31.5736968154687,4.6892631757709,2.08107658385514,0.00530573467464686,-0.128837063694808,0.540413708815673,0.759300159866751,7,2,50,0.0460884822785509,-0.403462991808062,17,1.32110677775035,0,16.4452,5451,0.4,0,10,"both",0.0460884822785509,-0.403462991808062
"818","session2",31.5736968154687,4.6892631757709,2.08107658385514,0.00530573467464686,-0.128837063694808,0.540413708815673,0.759300159866751,7,2,50,0.0460884822785509,-0.403462991808062,17,3.24074768349377,1,37.01261,5451,0.4,0,10,"both",0.0460884822785509,-0.403462991808062
"819","session2",31.5736968154687,4.6892631757709,2.08107658385514,0.00530573467464686,-0.128837063694808,0.540413708815673,0.759300159866751,7,2,50,0.0460884822785509,-0.403462991808062,17,2.22880942653364,1,29.93758,5451,0.4,0,10,"both",0.0460884822785509,-0.403462991808062
"820","session2",31.5736968154687,4.6892631757709,2.08107658385514,0.00530573467464686,-0.128837063694808,0.540413708815673,0.759300159866751,7,2,50,0.0460884822785509,-0.403462991808062,17,2.42333635747725,1,33.28366,5451,0.4,0,10,"both",0.0460884822785509,-0.403462991808062
"821","session2",31.5736968154687,4.6892631757709,2.08107658385514,0.00530573467464686,-0.128837063694808,0.540413708815673,0.759300159866751,7,2,50,0.0460884822785509,-0.403462991808062,17,2.49542429235186,1,30.3242,5451,0.4,0,10,"both",0.0460884822785509,-0.403462991808062
"822","session2",31.5736968154687,4.6892631757709,2.08107658385514,0.00530573467464686,-0.128837063694808,0.540413708815673,0.759300159866751,7,2,50,0.0460884822785509,-0.403462991808062,17,1.69336469290266,0,27.98612,5451,0.4,0,10,"both",0.0460884822785509,-0.403462991808062
"823","session2",31.5736968154687,4.6892631757709,2.08107658385514,0.00530573467464686,-0.128837063694808,0.540413708815673,0.759300159866751,7,2,50,0.0460884822785509,-0.403462991808062,17,2.20021303402001,0,26.78988,5451,0.4,0,10,"both",0.0460884822785509,-0.403462991808062
"824","session2",31.5736968154687,4.6892631757709,2.08107658385514,0.00530573467464686,-0.128837063694808,0.540413708815673,0.759300159866751,7,2,50,0.0460884822785509,-0.403462991808062,17,1.38159137131088,0,26.99531,5451,0.4,0,10,"both",0.0460884822785509,-0.403462991808062
"825","session2",31.5736968154687,4.6892631757709,2.08107658385514,0.00530573467464686,-0.128837063694808,0.540413708815673,0.759300159866751,7,2,50,0.0460884822785509,-0.403462991808062,17,2.94716732503983,0,30.28471,5451,0.4,0,10,"both",0.0460884822785509,-0.403462991808062
"826","session2",31.5736968154687,4.6892631757709,2.08107658385514,0.00530573467464686,-0.128837063694808,0.540413708815673,0.759300159866751,7,2,50,0.0460884822785509,-0.403462991808062,17,1.62071220118058,1,32.1319,5451,0.4,0,10,"both",0.0460884822785509,-0.403462991808062
"827","session2",31.5736968154687,4.6892631757709,2.08107658385514,0.00530573467464686,-0.128837063694808,0.540413708815673,0.759300159866751,7,2,50,0.0460884822785509,-0.403462991808062,17,1.64402707508629,0,27.92065,5451,0.4,0,10,"both",0.0460884822785509,-0.403462991808062
"828","session2",31.5736968154687,4.6892631757709,2.08107658385514,0.00530573467464686,-0.128837063694808,0.540413708815673,0.759300159866751,7,2,50,0.0460884822785509,-0.403462991808062,17,2.13755950653144,1,31.07535,5451,0.4,0,10,"both",0.0460884822785509,-0.403462991808062
"829","session2",31.5736968154687,4.6892631757709,2.08107658385514,0.00530573467464686,-0.128837063694808,0.540413708815673,0.759300159866751,7,2,50,0.0460884822785509,-0.403462991808062,17,1.46519292615787,1,31.30647,5451,0.4,0,10,"both",0.0460884822785509,-0.403462991808062
"830","session2",31.5736968154687,4.6892631757709,2.08107658385514,0.00530573467464686,-0.128837063694808,0.540413708815673,0.759300159866751,7,2,50,0.0460884822785509,-0.403462991808062,17,1.49102073540248,0,28.06187,5451,0.4,0,10,"both",0.0460884822785509,-0.403462991808062
"831","session2",31.5736968154687,4.6892631757709,2.08107658385514,0.00530573467464686,-0.128837063694808,0.540413708815673,0.759300159866751,7,2,50,0.0460884822785509,-0.403462991808062,17,1.48159989590484,1,30.74372,5451,0.4,0,10,"both",0.0460884822785509,-0.403462991808062
"832","session2",31.5736968154687,4.6892631757709,2.08107658385514,0.00530573467464686,-0.128837063694808,0.540413708815673,0.759300159866751,7,2,50,0.0460884822785509,-0.403462991808062,17,2.77859030294148,0,31.21554,5451,0.4,0,10,"both",0.0460884822785509,-0.403462991808062
"833","session2",31.5736968154687,4.6892631757709,2.08107658385514,0.00530573467464686,-0.128837063694808,0.540413708815673,0.759300159866751,7,2,50,0.0460884822785509,-0.403462991808062,17,2.35504932006616,0,29.76584,5451,0.4,0,10,"both",0.0460884822785509,-0.403462991808062
"834","session2",31.5736968154687,4.6892631757709,2.08107658385514,0.00530573467464686,-0.128837063694808,0.540413708815673,0.759300159866751,7,2,50,0.0460884822785509,-0.403462991808062,17,2.13097219417756,0,25.27059,5451,0.4,0,10,"both",0.0460884822785509,-0.403462991808062
"835","session2",31.5736968154687,4.6892631757709,2.08107658385514,0.00530573467464686,-0.128837063694808,0.540413708815673,0.759300159866751,7,2,50,0.0460884822785509,-0.403462991808062,17,2.45472774878585,0,29.79952,5451,0.4,0,10,"both",0.0460884822785509,-0.403462991808062
"836","session2",31.5736968154687,4.6892631757709,2.08107658385514,0.00530573467464686,-0.128837063694808,0.540413708815673,0.759300159866751,7,2,50,0.0460884822785509,-0.403462991808062,17,2.45181203198521,1,34.91784,5451,0.4,0,10,"both",0.0460884822785509,-0.403462991808062
"837","session2",31.5736968154687,4.6892631757709,2.08107658385514,0.00530573467464686,-0.128837063694808,0.540413708815673,0.759300159866751,7,2,50,0.0460884822785509,-0.403462991808062,17,1.56389785023692,0,26.47875,5451,0.4,0,10,"both",0.0460884822785509,-0.403462991808062
"838","session2",31.5736968154687,4.6892631757709,2.08107658385514,0.00530573467464686,-0.128837063694808,0.540413708815673,0.759300159866751,7,2,50,0.0460884822785509,-0.403462991808062,17,2.09027961076237,1,27.79381,5451,0.4,0,10,"both",0.0460884822785509,-0.403462991808062
"839","session2",31.5736968154687,4.6892631757709,2.08107658385514,0.00530573467464686,-0.128837063694808,0.540413708815673,0.759300159866751,7,2,50,0.0460884822785509,-0.403462991808062,17,2.01392894683097,1,34.54362,5451,0.4,0,10,"both",0.0460884822785509,-0.403462991808062
"840","session2",31.5736968154687,4.6892631757709,2.08107658385514,0.00530573467464686,-0.128837063694808,0.540413708815673,0.759300159866751,7,2,50,0.0460884822785509,-0.403462991808062,17,1.5800727290384,1,35.66369,5451,0.4,0,10,"both",0.0460884822785509,-0.403462991808062
"841","session2",31.5736968154687,4.6892631757709,2.08107658385514,0.00530573467464686,-0.128837063694808,0.540413708815673,0.759300159866751,7,2,50,0.0460884822785509,-0.403462991808062,17,2.96812312298054,0,33.21149,5451,0.4,0,10,"both",0.0460884822785509,-0.403462991808062
"842","session2",31.5736968154687,4.6892631757709,2.08107658385514,0.00530573467464686,-0.128837063694808,0.540413708815673,0.759300159866751,7,2,50,0.0460884822785509,-0.403462991808062,17,2.62154509131362,0,26.73658,5451,0.4,0,10,"both",0.0460884822785509,-0.403462991808062
"843","session2",31.5736968154687,4.6892631757709,2.08107658385514,0.00530573467464686,-0.128837063694808,0.540413708815673,0.759300159866751,7,2,50,0.0460884822785509,-0.403462991808062,17,3.15906467779899,0,27.52069,5451,0.4,0,10,"both",0.0460884822785509,-0.403462991808062
"844","session2",31.5736968154687,4.6892631757709,2.08107658385514,0.00530573467464686,-0.128837063694808,0.540413708815673,0.759300159866751,7,2,50,0.0460884822785509,-0.403462991808062,17,2.18746546145385,1,28.42243,5451,0.4,0,10,"both",0.0460884822785509,-0.403462991808062
"845","session2",31.5736968154687,4.6892631757709,2.08107658385514,0.00530573467464686,-0.128837063694808,0.540413708815673,0.759300159866751,7,2,50,0.0460884822785509,-0.403462991808062,17,1.46103703968604,1,35.35887,5451,0.4,0,10,"both",0.0460884822785509,-0.403462991808062
"846","session2",31.5736968154687,4.6892631757709,2.08107658385514,0.00530573467464686,-0.128837063694808,0.540413708815673,0.759300159866751,7,2,50,0.0460884822785509,-0.403462991808062,17,3.39422781639972,1,23.50483,5451,0.4,0,10,"both",0.0460884822785509,-0.403462991808062
"847","session2",31.5736968154687,4.6892631757709,2.08107658385514,0.00530573467464686,-0.128837063694808,0.540413708815673,0.759300159866751,7,2,50,0.0460884822785509,-0.403462991808062,17,2.46271924021146,0,23.84768,5451,0.4,0,10,"both",0.0460884822785509,-0.403462991808062
"848","session2",31.5736968154687,4.6892631757709,2.08107658385514,0.00530573467464686,-0.128837063694808,0.540413708815673,0.759300159866751,7,2,50,0.0460884822785509,-0.403462991808062,17,1.80210544879817,0,26.66123,5451,0.4,0,10,"both",0.0460884822785509,-0.403462991808062
"849","session2",31.5736968154687,4.6892631757709,2.08107658385514,0.00530573467464686,-0.128837063694808,0.540413708815673,0.759300159866751,7,2,50,0.0460884822785509,-0.403462991808062,17,2.21010797284624,1,33.46952,5451,0.4,0,10,"both",0.0460884822785509,-0.403462991808062
"850","session2",31.5736968154687,4.6892631757709,2.08107658385514,0.00530573467464686,-0.128837063694808,0.540413708815673,0.759300159866751,7,2,50,0.0460884822785509,-0.403462991808062,17,1.24874440280443,1,35.31205,5451,0.4,0,10,"both",0.0460884822785509,-0.403462991808062
"851","session2",-33.6443991667396,11.2664834024002,5.50122709154475,4.38634792692683e-06,0.245939830992645,0.268660379517482,0.251396731429556,8,2,50,0.0460884822785509,-0.403462991808062,18,1.20882666562172,1,-9.4452569748,5451,0.4,0,10,"both",0.0460884822785509,-0.403462991808062
"852","session2",-33.6443991667396,11.2664834024002,5.50122709154475,4.38634792692683e-06,0.245939830992645,0.268660379517482,0.251396731429556,8,2,50,0.0460884822785509,-0.403462991808062,18,1.55133055909155,1,-12.0713864474,5451,0.4,0,10,"both",0.0460884822785509,-0.403462991808062
"853","session2",-33.6443991667396,11.2664834024002,5.50122709154475,4.38634792692683e-06,0.245939830992645,0.268660379517482,0.251396731429556,8,2,50,0.0460884822785509,-0.403462991808062,18,1.86855571743014,0,-20.583835567,5451,0.4,0,10,"both",0.0460884822785509,-0.403462991808062
"854","session2",-33.6443991667396,11.2664834024002,5.50122709154475,4.38634792692683e-06,0.245939830992645,0.268660379517482,0.251396731429556,8,2,50,0.0460884822785509,-0.403462991808062,18,2.71800884148073,1,-14.114838783,5451,0.4,0,10,"both",0.0460884822785509,-0.403462991808062
"855","session2",-33.6443991667396,11.2664834024002,5.50122709154475,4.38634792692683e-06,0.245939830992645,0.268660379517482,0.251396731429556,8,2,50,0.0460884822785509,-0.403462991808062,18,2.16088855782165,1,-19.28083,5451,0.4,0,10,"both",0.0460884822785509,-0.403462991808062
"856","session2",-33.6443991667396,11.2664834024002,5.50122709154475,4.38634792692683e-06,0.245939830992645,0.268660379517482,0.251396731429556,8,2,50,0.0460884822785509,-0.403462991808062,18,2.49892648565587,1,-1.2985,5451,0.4,0,10,"both",0.0460884822785509,-0.403462991808062
"857","session2",-33.6443991667396,11.2664834024002,5.50122709154475,4.38634792692683e-06,0.245939830992645,0.268660379517482,0.251396731429556,8,2,50,0.0460884822785509,-0.403462991808062,18,5.18487097764565,1,-28.22367,5451,0.4,0,10,"both",0.0460884822785509,-0.403462991808062
"858","session2",-33.6443991667396,11.2664834024002,5.50122709154475,4.38634792692683e-06,0.245939830992645,0.268660379517482,0.251396731429556,8,2,50,0.0460884822785509,-0.403462991808062,18,1.52226502489579,1,-14.41515,5451,0.4,0,10,"both",0.0460884822785509,-0.403462991808062
"859","session2",-33.6443991667396,11.2664834024002,5.50122709154475,4.38634792692683e-06,0.245939830992645,0.268660379517482,0.251396731429556,8,2,50,0.0460884822785509,-0.403462991808062,18,4.56437307845276,0,-33.167,5451,0.4,0,10,"both",0.0460884822785509,-0.403462991808062
"860","session2",-33.6443991667396,11.2664834024002,5.50122709154475,4.38634792692683e-06,0.245939830992645,0.268660379517482,0.251396731429556,8,2,50,0.0460884822785509,-0.403462991808062,18,2.1515221681287,1,-20.32815,5451,0.4,0,10,"both",0.0460884822785509,-0.403462991808062
"861","session2",-33.6443991667396,11.2664834024002,5.50122709154475,4.38634792692683e-06,0.245939830992645,0.268660379517482,0.251396731429556,8,2,50,0.0460884822785509,-0.403462991808062,18,3.22352399578794,1,-24.93302,5451,0.4,0,10,"both",0.0460884822785509,-0.403462991808062
"862","session2",-33.6443991667396,11.2664834024002,5.50122709154475,4.38634792692683e-06,0.245939830992645,0.268660379517482,0.251396731429556,8,2,50,0.0460884822785509,-0.403462991808062,18,2.03808920115643,1,-15.17799,5451,0.4,0,10,"both",0.0460884822785509,-0.403462991808062
"863","session2",-33.6443991667396,11.2664834024002,5.50122709154475,4.38634792692683e-06,0.245939830992645,0.268660379517482,0.251396731429556,8,2,50,0.0460884822785509,-0.403462991808062,18,4.50761993141889,1,-34.17932,5451,0.4,0,10,"both",0.0460884822785509,-0.403462991808062
"864","session2",-33.6443991667396,11.2664834024002,5.50122709154475,4.38634792692683e-06,0.245939830992645,0.268660379517482,0.251396731429556,8,2,50,0.0460884822785509,-0.403462991808062,18,6.51020695073229,0,-37.32961,5451,0.4,0,10,"both",0.0460884822785509,-0.403462991808062
"865","session2",-33.6443991667396,11.2664834024002,5.50122709154475,4.38634792692683e-06,0.245939830992645,0.268660379517482,0.251396731429556,8,2,50,0.0460884822785509,-0.403462991808062,18,5.50008853935877,1,-31.3117164,5451,0.4,0,10,"both",0.0460884822785509,-0.403462991808062
"866","session2",-33.6443991667396,11.2664834024002,5.50122709154475,4.38634792692683e-06,0.245939830992645,0.268660379517482,0.251396731429556,8,2,50,0.0460884822785509,-0.403462991808062,18,6.3833998859933,1,-28.87638,5451,0.4,0,10,"both",0.0460884822785509,-0.403462991808062
"867","session2",-33.6443991667396,11.2664834024002,5.50122709154475,4.38634792692683e-06,0.245939830992645,0.268660379517482,0.251396731429556,8,2,50,0.0460884822785509,-0.403462991808062,18,4.87736893539521,1,-26.58818,5451,0.4,0,10,"both",0.0460884822785509,-0.403462991808062
"868","session2",-33.6443991667396,11.2664834024002,5.50122709154475,4.38634792692683e-06,0.245939830992645,0.268660379517482,0.251396731429556,8,2,50,0.0460884822785509,-0.403462991808062,18,3.44741378641044,0,-36.04044,5451,0.4,0,10,"both",0.0460884822785509,-0.403462991808062
"869","session2",-33.6443991667396,11.2664834024002,5.50122709154475,4.38634792692683e-06,0.245939830992645,0.268660379517482,0.251396731429556,8,2,50,0.0460884822785509,-0.403462991808062,18,7.62765039901751,1,-36.69496,5451,0.4,0,10,"both",0.0460884822785509,-0.403462991808062
"870","session2",-33.6443991667396,11.2664834024002,5.50122709154475,4.38634792692683e-06,0.245939830992645,0.268660379517482,0.251396731429556,8,2,50,0.0460884822785509,-0.403462991808062,18,4.3460209496299,0,-39.46175,5451,0.4,0,10,"both",0.0460884822785509,-0.403462991808062
"871","session2",-33.6443991667396,11.2664834024002,5.50122709154475,4.38634792692683e-06,0.245939830992645,0.268660379517482,0.251396731429556,8,2,50,0.0460884822785509,-0.403462991808062,18,2.46593421228282,1,-20.7195,5451,0.4,0,10,"both",0.0460884822785509,-0.403462991808062
"872","session2",-33.6443991667396,11.2664834024002,5.50122709154475,4.38634792692683e-06,0.245939830992645,0.268660379517482,0.251396731429556,8,2,50,0.0460884822785509,-0.403462991808062,18,6.58760549118237,0,-34.60767,5451,0.4,0,10,"both",0.0460884822785509,-0.403462991808062
"873","session2",-33.6443991667396,11.2664834024002,5.50122709154475,4.38634792692683e-06,0.245939830992645,0.268660379517482,0.251396731429556,8,2,50,0.0460884822785509,-0.403462991808062,18,3.57341884812621,0,-36.85137,5451,0.4,0,10,"both",0.0460884822785509,-0.403462991808062
"874","session2",-33.6443991667396,11.2664834024002,5.50122709154475,4.38634792692683e-06,0.245939830992645,0.268660379517482,0.251396731429556,8,2,50,0.0460884822785509,-0.403462991808062,18,1.97404229566235,1,-24.37392,5451,0.4,0,10,"both",0.0460884822785509,-0.403462991808062
"875","session2",-33.6443991667396,11.2664834024002,5.50122709154475,4.38634792692683e-06,0.245939830992645,0.268660379517482,0.251396731429556,8,2,50,0.0460884822785509,-0.403462991808062,18,4.99828419312385,1,-31.80907,5451,0.4,0,10,"both",0.0460884822785509,-0.403462991808062
"876","session2",-33.6443991667396,11.2664834024002,5.50122709154475,4.38634792692683e-06,0.245939830992645,0.268660379517482,0.251396731429556,8,2,50,0.0460884822785509,-0.403462991808062,18,6.80832907334459,1,-32.82492,5451,0.4,0,10,"both",0.0460884822785509,-0.403462991808062
"877","session2",-33.6443991667396,11.2664834024002,5.50122709154475,4.38634792692683e-06,0.245939830992645,0.268660379517482,0.251396731429556,8,2,50,0.0460884822785509,-0.403462991808062,18,1.7531939875469,0,-48.147,5451,0.4,0,10,"both",0.0460884822785509,-0.403462991808062
"878","session2",-33.6443991667396,11.2664834024002,5.50122709154475,4.38634792692683e-06,0.245939830992645,0.268660379517482,0.251396731429556,8,2,50,0.0460884822785509,-0.403462991808062,18,4.80853639144645,0,-37.35792,5451,0.4,0,10,"both",0.0460884822785509,-0.403462991808062
"879","session2",-33.6443991667396,11.2664834024002,5.50122709154475,4.38634792692683e-06,0.245939830992645,0.268660379517482,0.251396731429556,8,2,50,0.0460884822785509,-0.403462991808062,18,5.76653480694634,1,-30.57314,5451,0.4,0,10,"both",0.0460884822785509,-0.403462991808062
"880","session2",-33.6443991667396,11.2664834024002,5.50122709154475,4.38634792692683e-06,0.245939830992645,0.268660379517482,0.251396731429556,8,2,50,0.0460884822785509,-0.403462991808062,18,4.28654207093713,0,-38.04227,5451,0.4,0,10,"both",0.0460884822785509,-0.403462991808062
"881","session2",-33.6443991667396,11.2664834024002,5.50122709154475,4.38634792692683e-06,0.245939830992645,0.268660379517482,0.251396731429556,8,2,50,0.0460884822785509,-0.403462991808062,18,5.85681702503887,1,-35.06196,5451,0.4,0,10,"both",0.0460884822785509,-0.403462991808062
"882","session2",-33.6443991667396,11.2664834024002,5.50122709154475,4.38634792692683e-06,0.245939830992645,0.268660379517482,0.251396731429556,8,2,50,0.0460884822785509,-0.403462991808062,18,3.56856411334232,0,-41.91488,5451,0.4,0,10,"both",0.0460884822785509,-0.403462991808062
"883","session2",-33.6443991667396,11.2664834024002,5.50122709154475,4.38634792692683e-06,0.245939830992645,0.268660379517482,0.251396731429556,8,2,50,0.0460884822785509,-0.403462991808062,18,4.2823114828342,1,-33.76335,5451,0.4,0,10,"both",0.0460884822785509,-0.403462991808062
"884","session2",-33.6443991667396,11.2664834024002,5.50122709154475,4.38634792692683e-06,0.245939830992645,0.268660379517482,0.251396731429556,8,2,50,0.0460884822785509,-0.403462991808062,18,4.81628542138313,0,-34.34024,5451,0.4,0,10,"both",0.0460884822785509,-0.403462991808062
"885","session2",-33.6443991667396,11.2664834024002,5.50122709154475,4.38634792692683e-06,0.245939830992645,0.268660379517482,0.251396731429556,8,2,50,0.0460884822785509,-0.403462991808062,18,4.55957043093974,1,-33.64053,5451,0.4,0,10,"both",0.0460884822785509,-0.403462991808062
"886","session2",-33.6443991667396,11.2664834024002,5.50122709154475,4.38634792692683e-06,0.245939830992645,0.268660379517482,0.251396731429556,8,2,50,0.0460884822785509,-0.403462991808062,18,6.75596747121178,0,-36.28929,5451,0.4,0,10,"both",0.0460884822785509,-0.403462991808062
"887","session2",-33.6443991667396,11.2664834024002,5.50122709154475,4.38634792692683e-06,0.245939830992645,0.268660379517482,0.251396731429556,8,2,50,0.0460884822785509,-0.403462991808062,18,4.22958088550881,1,-37.26974,5451,0.4,0,10,"both",0.0460884822785509,-0.403462991808062
"888","session2",-33.6443991667396,11.2664834024002,5.50122709154475,4.38634792692683e-06,0.245939830992645,0.268660379517482,0.251396731429556,8,2,50,0.0460884822785509,-0.403462991808062,18,4.76579373959261,1,-32.79781,5451,0.4,0,10,"both",0.0460884822785509,-0.403462991808062
"889","session2",-33.6443991667396,11.2664834024002,5.50122709154475,4.38634792692683e-06,0.245939830992645,0.268660379517482,0.251396731429556,8,2,50,0.0460884822785509,-0.403462991808062,18,6.58463506772739,0,-38.24274,5451,0.4,0,10,"both",0.0460884822785509,-0.403462991808062
"890","session2",-33.6443991667396,11.2664834024002,5.50122709154475,4.38634792692683e-06,0.245939830992645,0.268660379517482,0.251396731429556,8,2,50,0.0460884822785509,-0.403462991808062,18,4.48143103073127,0,-32.93975,5451,0.4,0,10,"both",0.0460884822785509,-0.403462991808062
"891","session2",-33.6443991667396,11.2664834024002,5.50122709154475,4.38634792692683e-06,0.245939830992645,0.268660379517482,0.251396731429556,8,2,50,0.0460884822785509,-0.403462991808062,18,6.23819210234879,0,-32.02316,5451,0.4,0,10,"both",0.0460884822785509,-0.403462991808062
"892","session2",-33.6443991667396,11.2664834024002,5.50122709154475,4.38634792692683e-06,0.245939830992645,0.268660379517482,0.251396731429556,8,2,50,0.0460884822785509,-0.403462991808062,18,4.12337447117094,1,-27.95529,5451,0.4,0,10,"both",0.0460884822785509,-0.403462991808062
"893","session2",-33.6443991667396,11.2664834024002,5.50122709154475,4.38634792692683e-06,0.245939830992645,0.268660379517482,0.251396731429556,8,2,50,0.0460884822785509,-0.403462991808062,18,3.20509671543815,0,-28.53442,5451,0.4,0,10,"both",0.0460884822785509,-0.403462991808062
"894","session2",-33.6443991667396,11.2664834024002,5.50122709154475,4.38634792692683e-06,0.245939830992645,0.268660379517482,0.251396731429556,8,2,50,0.0460884822785509,-0.403462991808062,18,3.46862161330234,0,-45.2318,5451,0.4,0,10,"both",0.0460884822785509,-0.403462991808062
"895","session2",-33.6443991667396,11.2664834024002,5.50122709154475,4.38634792692683e-06,0.245939830992645,0.268660379517482,0.251396731429556,8,2,50,0.0460884822785509,-0.403462991808062,18,2.09931251097621,1,-21.5686,5451,0.4,0,10,"both",0.0460884822785509,-0.403462991808062
"896","session2",-33.6443991667396,11.2664834024002,5.50122709154475,4.38634792692683e-06,0.245939830992645,0.268660379517482,0.251396731429556,8,2,50,0.0460884822785509,-0.403462991808062,18,5.5063581104976,0,-36.39617,5451,0.4,0,10,"both",0.0460884822785509,-0.403462991808062
"897","session2",-33.6443991667396,11.2664834024002,5.50122709154475,4.38634792692683e-06,0.245939830992645,0.268660379517482,0.251396731429556,8,2,50,0.0460884822785509,-0.403462991808062,18,7.16900889647596,0,-34.10583,5451,0.4,0,10,"both",0.0460884822785509,-0.403462991808062
"898","session2",-33.6443991667396,11.2664834024002,5.50122709154475,4.38634792692683e-06,0.245939830992645,0.268660379517482,0.251396731429556,8,2,50,0.0460884822785509,-0.403462991808062,18,3.23814135112133,1,-22.68599,5451,0.4,0,10,"both",0.0460884822785509,-0.403462991808062
"899","session2",-33.6443991667396,11.2664834024002,5.50122709154475,4.38634792692683e-06,0.245939830992645,0.268660379517482,0.251396731429556,8,2,50,0.0460884822785509,-0.403462991808062,18,3.9804222478096,1,-27.28613,5451,0.4,0,10,"both",0.0460884822785509,-0.403462991808062
"900","session2",-33.6443991667396,11.2664834024002,5.50122709154475,4.38634792692683e-06,0.245939830992645,0.268660379517482,0.251396731429556,8,2,50,0.0460884822785509,-0.403462991808062,18,3.78588343616265,1,-32.93142,5451,0.4,0,10,"both",0.0460884822785509,-0.403462991808062
"901","session2",-25.6725938250087,9.35218612897446,2.40555643226078,0.000791940352611152,0.18159974155001,0.476650713364687,0.49685427446993,9,2,50,0.0460884822785509,-0.403462991808062,19,1.62815227421116,1,-6.14807855742,5451,0.4,0,10,"both",0.0460884822785509,-0.403462991808062
"902","session2",-25.6725938250087,9.35218612897446,2.40555643226078,0.000791940352611152,0.18159974155001,0.476650713364687,0.49685427446993,9,2,50,0.0460884822785509,-0.403462991808062,19,3.05061319437351,1,-12.8408221834,5451,0.4,0,10,"both",0.0460884822785509,-0.403462991808062
"903","session2",-25.6725938250087,9.35218612897446,2.40555643226078,0.000791940352611152,0.18159974155001,0.476650713364687,0.49685427446993,9,2,50,0.0460884822785509,-0.403462991808062,19,3.46404729968182,1,-19.3836162003,5451,0.4,0,10,"both",0.0460884822785509,-0.403462991808062
"904","session2",-25.6725938250087,9.35218612897446,2.40555643226078,0.000791940352611152,0.18159974155001,0.476650713364687,0.49685427446993,9,2,50,0.0460884822785509,-0.403462991808062,19,1.54444168056461,0,-26.367950968,5451,0.4,0,10,"both",0.0460884822785509,-0.403462991808062
"905","session2",-25.6725938250087,9.35218612897446,2.40555643226078,0.000791940352611152,0.18159974155001,0.476650713364687,0.49685427446993,9,2,50,0.0460884822785509,-0.403462991808062,19,2.32547711910367,1,-5.67284,5451,0.4,0,10,"both",0.0460884822785509,-0.403462991808062
"906","session2",-25.6725938250087,9.35218612897446,2.40555643226078,0.000791940352611152,0.18159974155001,0.476650713364687,0.49685427446993,9,2,50,0.0460884822785509,-0.403462991808062,19,1.76724070507604,1,-10.1859,5451,0.4,0,10,"both",0.0460884822785509,-0.403462991808062
"907","session2",-25.6725938250087,9.35218612897446,2.40555643226078,0.000791940352611152,0.18159974155001,0.476650713364687,0.49685427446993,9,2,50,0.0460884822785509,-0.403462991808062,19,1.88880913837083,1,14.8405,5451,0.4,0,10,"both",0.0460884822785509,-0.403462991808062
"908","session2",-25.6725938250087,9.35218612897446,2.40555643226078,0.000791940352611152,0.18159974155001,0.476650713364687,0.49685427446993,9,2,50,0.0460884822785509,-0.403462991808062,19,3.69901163056613,1,-14.40558,5451,0.4,0,10,"both",0.0460884822785509,-0.403462991808062
"909","session2",-25.6725938250087,9.35218612897446,2.40555643226078,0.000791940352611152,0.18159974155001,0.476650713364687,0.49685427446993,9,2,50,0.0460884822785509,-0.403462991808062,19,2.62467601627263,1,-21.92197,5451,0.4,0,10,"both",0.0460884822785509,-0.403462991808062
"910","session2",-25.6725938250087,9.35218612897446,2.40555643226078,0.000791940352611152,0.18159974155001,0.476650713364687,0.49685427446993,9,2,50,0.0460884822785509,-0.403462991808062,19,1.32810778203316,1,-23.98342,5451,0.4,0,10,"both",0.0460884822785509,-0.403462991808062
"911","session2",-25.6725938250087,9.35218612897446,2.40555643226078,0.000791940352611152,0.18159974155001,0.476650713364687,0.49685427446993,9,2,50,0.0460884822785509,-0.403462991808062,19,5.16630617777273,0,-24.27234,5451,0.4,0,10,"both",0.0460884822785509,-0.403462991808062
"912","session2",-25.6725938250087,9.35218612897446,2.40555643226078,0.000791940352611152,0.18159974155001,0.476650713364687,0.49685427446993,9,2,50,0.0460884822785509,-0.403462991808062,19,1.69561150167384,1,-10.1257,5451,0.4,0,10,"both",0.0460884822785509,-0.403462991808062
"913","session2",-25.6725938250087,9.35218612897446,2.40555643226078,0.000791940352611152,0.18159974155001,0.476650713364687,0.49685427446993,9,2,50,0.0460884822785509,-0.403462991808062,19,1.62260508298927,1,-12.41055,5451,0.4,0,10,"both",0.0460884822785509,-0.403462991808062
"914","session2",-25.6725938250087,9.35218612897446,2.40555643226078,0.000791940352611152,0.18159974155001,0.476650713364687,0.49685427446993,9,2,50,0.0460884822785509,-0.403462991808062,19,3.10508443095815,1,-17.22673,5451,0.4,0,10,"both",0.0460884822785509,-0.403462991808062
"915","session2",-25.6725938250087,9.35218612897446,2.40555643226078,0.000791940352611152,0.18159974155001,0.476650713364687,0.49685427446993,9,2,50,0.0460884822785509,-0.403462991808062,19,1.53166501973953,0,-32.34223,5451,0.4,0,10,"both",0.0460884822785509,-0.403462991808062
"916","session2",-25.6725938250087,9.35218612897446,2.40555643226078,0.000791940352611152,0.18159974155001,0.476650713364687,0.49685427446993,9,2,50,0.0460884822785509,-0.403462991808062,19,3.16296867251945,1,-30.29381,5451,0.4,0,10,"both",0.0460884822785509,-0.403462991808062
"917","session2",-25.6725938250087,9.35218612897446,2.40555643226078,0.000791940352611152,0.18159974155001,0.476650713364687,0.49685427446993,9,2,50,0.0460884822785509,-0.403462991808062,19,6.66597283333996,1,-23.23971,5451,0.4,0,10,"both",0.0460884822785509,-0.403462991808062
"918","session2",-25.6725938250087,9.35218612897446,2.40555643226078,0.000791940352611152,0.18159974155001,0.476650713364687,0.49685427446993,9,2,50,0.0460884822785509,-0.403462991808062,19,2.98719623161995,1,-28.50473,5451,0.4,0,10,"both",0.0460884822785509,-0.403462991808062
"919","session2",-25.6725938250087,9.35218612897446,2.40555643226078,0.000791940352611152,0.18159974155001,0.476650713364687,0.49685427446993,9,2,50,0.0460884822785509,-0.403462991808062,19,1.49328133040921,0,-28.95632,5451,0.4,0,10,"both",0.0460884822785509,-0.403462991808062
"920","session2",-25.6725938250087,9.35218612897446,2.40555643226078,0.000791940352611152,0.18159974155001,0.476650713364687,0.49685427446993,9,2,50,0.0460884822785509,-0.403462991808062,19,2.82685491882503,0,-33.17434,5451,0.4,0,10,"both",0.0460884822785509,-0.403462991808062
"921","session2",-25.6725938250087,9.35218612897446,2.40555643226078,0.000791940352611152,0.18159974155001,0.476650713364687,0.49685427446993,9,2,50,0.0460884822785509,-0.403462991808062,19,1.91648313520784,0,-44.7327,5451,0.4,0,10,"both",0.0460884822785509,-0.403462991808062
"922","session2",-25.6725938250087,9.35218612897446,2.40555643226078,0.000791940352611152,0.18159974155001,0.476650713364687,0.49685427446993,9,2,50,0.0460884822785509,-0.403462991808062,19,2.3271727540553,0,-25.37945,5451,0.4,0,10,"both",0.0460884822785509,-0.403462991808062
"923","session2",-25.6725938250087,9.35218612897446,2.40555643226078,0.000791940352611152,0.18159974155001,0.476650713364687,0.49685427446993,9,2,50,0.0460884822785509,-0.403462991808062,19,4.56712568313002,0,-28.45009,5451,0.4,0,10,"both",0.0460884822785509,-0.403462991808062
"924","session2",-25.6725938250087,9.35218612897446,2.40555643226078,0.000791940352611152,0.18159974155001,0.476650713364687,0.49685427446993,9,2,50,0.0460884822785509,-0.403462991808062,19,2.49050413642236,1,-32.24834,5451,0.4,0,10,"both",0.0460884822785509,-0.403462991808062
"925","session2",-25.6725938250087,9.35218612897446,2.40555643226078,0.000791940352611152,0.18159974155001,0.476650713364687,0.49685427446993,9,2,50,0.0460884822785509,-0.403462991808062,19,2.66841054636977,1,-25.38454,5451,0.4,0,10,"both",0.0460884822785509,-0.403462991808062
"926","session2",-25.6725938250087,9.35218612897446,2.40555643226078,0.000791940352611152,0.18159974155001,0.476650713364687,0.49685427446993,9,2,50,0.0460884822785509,-0.403462991808062,19,1.30368043210707,0,-17.37984,5451,0.4,0,10,"both",0.0460884822785509,-0.403462991808062
"927","session2",-25.6725938250087,9.35218612897446,2.40555643226078,0.000791940352611152,0.18159974155001,0.476650713364687,0.49685427446993,9,2,50,0.0460884822785509,-0.403462991808062,19,2.36267409681312,0,-22.201,5451,0.4,0,10,"both",0.0460884822785509,-0.403462991808062
"928","session2",-25.6725938250087,9.35218612897446,2.40555643226078,0.000791940352611152,0.18159974155001,0.476650713364687,0.49685427446993,9,2,50,0.0460884822785509,-0.403462991808062,19,1.64030855345432,0,-7.1295,5451,0.4,0,10,"both",0.0460884822785509,-0.403462991808062
"929","session2",-25.6725938250087,9.35218612897446,2.40555643226078,0.000791940352611152,0.18159974155001,0.476650713364687,0.49685427446993,9,2,50,0.0460884822785509,-0.403462991808062,19,2.68449571553061,0,-19.46814,5451,0.4,0,10,"both",0.0460884822785509,-0.403462991808062
"930","session2",-25.6725938250087,9.35218612897446,2.40555643226078,0.000791940352611152,0.18159974155001,0.476650713364687,0.49685427446993,9,2,50,0.0460884822785509,-0.403462991808062,19,1.28285550104942,1,-11.7438,5451,0.4,0,10,"both",0.0460884822785509,-0.403462991808062
"931","session2",-25.6725938250087,9.35218612897446,2.40555643226078,0.000791940352611152,0.18159974155001,0.476650713364687,0.49685427446993,9,2,50,0.0460884822785509,-0.403462991808062,19,1.03049420700594,1,-45.403,5451,0.4,0,10,"both",0.0460884822785509,-0.403462991808062
"932","session2",-25.6725938250087,9.35218612897446,2.40555643226078,0.000791940352611152,0.18159974155001,0.476650713364687,0.49685427446993,9,2,50,0.0460884822785509,-0.403462991808062,19,3.44830507613548,1,-25.45756019,5451,0.4,0,10,"both",0.0460884822785509,-0.403462991808062
"933","session2",-25.6725938250087,9.35218612897446,2.40555643226078,0.000791940352611152,0.18159974155001,0.476650713364687,0.49685427446993,9,2,50,0.0460884822785509,-0.403462991808062,19,2.26529416842161,0,-19.68101,5451,0.4,0,10,"both",0.0460884822785509,-0.403462991808062
"934","session2",-25.6725938250087,9.35218612897446,2.40555643226078,0.000791940352611152,0.18159974155001,0.476650713364687,0.49685427446993,9,2,50,0.0460884822785509,-0.403462991808062,19,2.70486097536956,0,-40.8751,5451,0.4,0,10,"both",0.0460884822785509,-0.403462991808062
"935","session2",-25.6725938250087,9.35218612897446,2.40555643226078,0.000791940352611152,0.18159974155001,0.476650713364687,0.49685427446993,9,2,50,0.0460884822785509,-0.403462991808062,19,3.37730751590963,1,-22.78844,5451,0.4,0,10,"both",0.0460884822785509,-0.403462991808062
"936","session2",-25.6725938250087,9.35218612897446,2.40555643226078,0.000791940352611152,0.18159974155001,0.476650713364687,0.49685427446993,9,2,50,0.0460884822785509,-0.403462991808062,19,2.11184712480833,0,-19.64241,5451,0.4,0,10,"both",0.0460884822785509,-0.403462991808062
"937","session2",-25.6725938250087,9.35218612897446,2.40555643226078,0.000791940352611152,0.18159974155001,0.476650713364687,0.49685427446993,9,2,50,0.0460884822785509,-0.403462991808062,19,1.43835327885988,1,19.6038,5451,0.4,0,10,"both",0.0460884822785509,-0.403462991808062
"938","session2",-25.6725938250087,9.35218612897446,2.40555643226078,0.000791940352611152,0.18159974155001,0.476650713364687,0.49685427446993,9,2,50,0.0460884822785509,-0.403462991808062,19,2.56954909535254,0,-41.1177,5451,0.4,0,10,"both",0.0460884822785509,-0.403462991808062
"939","session2",-25.6725938250087,9.35218612897446,2.40555643226078,0.000791940352611152,0.18159974155001,0.476650713364687,0.49685427446993,9,2,50,0.0460884822785509,-0.403462991808062,19,1.3676575626233,0,-44.0493,5451,0.4,0,10,"both",0.0460884822785509,-0.403462991808062
"940","session2",-25.6725938250087,9.35218612897446,2.40555643226078,0.000791940352611152,0.18159974155001,0.476650713364687,0.49685427446993,9,2,50,0.0460884822785509,-0.403462991808062,19,2.07608153678367,1,-24.8264904,5451,0.4,0,10,"both",0.0460884822785509,-0.403462991808062
"941","session2",-25.6725938250087,9.35218612897446,2.40555643226078,0.000791940352611152,0.18159974155001,0.476650713364687,0.49685427446993,9,2,50,0.0460884822785509,-0.403462991808062,19,2.2212136617545,1,-1.6645,5451,0.4,0,10,"both",0.0460884822785509,-0.403462991808062
"942","session2",-25.6725938250087,9.35218612897446,2.40555643226078,0.000791940352611152,0.18159974155001,0.476650713364687,0.49685427446993,9,2,50,0.0460884822785509,-0.403462991808062,19,2.35919973924026,0,-46.215,5451,0.4,0,10,"both",0.0460884822785509,-0.403462991808062
"943","session2",-25.6725938250087,9.35218612897446,2.40555643226078,0.000791940352611152,0.18159974155001,0.476650713364687,0.49685427446993,9,2,50,0.0460884822785509,-0.403462991808062,19,1.22302449590397,0,-44.2713,5451,0.4,0,10,"both",0.0460884822785509,-0.403462991808062
"944","session2",-25.6725938250087,9.35218612897446,2.40555643226078,0.000791940352611152,0.18159974155001,0.476650713364687,0.49685427446993,9,2,50,0.0460884822785509,-0.403462991808062,19,2.05002166764033,0,-25.2377354,5451,0.4,0,10,"both",0.0460884822785509,-0.403462991808062
"945","session2",-25.6725938250087,9.35218612897446,2.40555643226078,0.000791940352611152,0.18159974155001,0.476650713364687,0.49685427446993,9,2,50,0.0460884822785509,-0.403462991808062,19,4.03603138138781,1,-23.6608211,5451,0.4,0,10,"both",0.0460884822785509,-0.403462991808062
"946","session2",-25.6725938250087,9.35218612897446,2.40555643226078,0.000791940352611152,0.18159974155001,0.476650713364687,0.49685427446993,9,2,50,0.0460884822785509,-0.403462991808062,19,1.50991214249288,1,-11.73856,5451,0.4,0,10,"both",0.0460884822785509,-0.403462991808062
"947","session2",-25.6725938250087,9.35218612897446,2.40555643226078,0.000791940352611152,0.18159974155001,0.476650713364687,0.49685427446993,9,2,50,0.0460884822785509,-0.403462991808062,19,2.00701596003695,0,-38.3169,5451,0.4,0,10,"both",0.0460884822785509,-0.403462991808062
"948","session2",-25.6725938250087,9.35218612897446,2.40555643226078,0.000791940352611152,0.18159974155001,0.476650713364687,0.49685427446993,9,2,50,0.0460884822785509,-0.403462991808062,19,1.86615184148303,1,-7.418,5451,0.4,0,10,"both",0.0460884822785509,-0.403462991808062
"949","session2",-25.6725938250087,9.35218612897446,2.40555643226078,0.000791940352611152,0.18159974155001,0.476650713364687,0.49685427446993,9,2,50,0.0460884822785509,-0.403462991808062,19,1.6163115650305,1,-15.8533,5451,0.4,0,10,"both",0.0460884822785509,-0.403462991808062
"950","session2",-25.6725938250087,9.35218612897446,2.40555643226078,0.000791940352611152,0.18159974155001,0.476650713364687,0.49685427446993,9,2,50,0.0460884822785509,-0.403462991808062,19,2.71941916569513,0,-35.71007,5451,0.4,0,10,"both",0.0460884822785509,-0.403462991808062
"951","session2",-26.9881202858858,23.473679439123,3.07743809670936,0.000223637061123247,0.119401812769578,0.407955338292774,0.434309855329386,10,2,50,0.0460884822785509,-0.403462991808062,20,1.08871091634345,1,-5.104462797,5451,0.4,0,10,"both",0.0460884822785509,-0.403462991808062
"952","session2",-26.9881202858858,23.473679439123,3.07743809670936,0.000223637061123247,0.119401812769578,0.407955338292774,0.434309855329386,10,2,50,0.0460884822785509,-0.403462991808062,20,2.14692012020652,1,-13.4901378794,5451,0.4,0,10,"both",0.0460884822785509,-0.403462991808062
"953","session2",-26.9881202858858,23.473679439123,3.07743809670936,0.000223637061123247,0.119401812769578,0.407955338292774,0.434309855329386,10,2,50,0.0460884822785509,-0.403462991808062,20,2.30773588824907,0,-16.941890026,5451,0.4,0,10,"both",0.0460884822785509,-0.403462991808062
"954","session2",-26.9881202858858,23.473679439123,3.07743809670936,0.000223637061123247,0.119401812769578,0.407955338292774,0.434309855329386,10,2,50,0.0460884822785509,-0.403462991808062,20,2.06038353341967,0,-9.3854343033,5451,0.4,0,10,"both",0.0460884822785509,-0.403462991808062
"955","session2",-26.9881202858858,23.473679439123,3.07743809670936,0.000223637061123247,0.119401812769578,0.407955338292774,0.434309855329386,10,2,50,0.0460884822785509,-0.403462991808062,20,1.45375892760192,1,-2.8035570846,5451,0.4,0,10,"both",0.0460884822785509,-0.403462991808062
"956","session2",-26.9881202858858,23.473679439123,3.07743809670936,0.000223637061123247,0.119401812769578,0.407955338292774,0.434309855329386,10,2,50,0.0460884822785509,-0.403462991808062,20,2.53266041934071,1,-17.30249,5451,0.4,0,10,"both",0.0460884822785509,-0.403462991808062
"957","session2",-26.9881202858858,23.473679439123,3.07743809670936,0.000223637061123247,0.119401812769578,0.407955338292774,0.434309855329386,10,2,50,0.0460884822785509,-0.403462991808062,20,2.67696796405774,1,-23.28033,5451,0.4,0,10,"both",0.0460884822785509,-0.403462991808062
"958","session2",-26.9881202858858,23.473679439123,3.07743809670936,0.000223637061123247,0.119401812769578,0.407955338292774,0.434309855329386,10,2,50,0.0460884822785509,-0.403462991808062,20,2.26319046222209,0,-11.551118879,5451,0.4,0,10,"both",0.0460884822785509,-0.403462991808062
"959","session2",-26.9881202858858,23.473679439123,3.07743809670936,0.000223637061123247,0.119401812769578,0.407955338292774,0.434309855329386,10,2,50,0.0460884822785509,-0.403462991808062,20,2.96386696111798,1,-6.211123537,5451,0.4,0,10,"both",0.0460884822785509,-0.403462991808062
"960","session2",-26.9881202858858,23.473679439123,3.07743809670936,0.000223637061123247,0.119401812769578,0.407955338292774,0.434309855329386,10,2,50,0.0460884822785509,-0.403462991808062,20,1.49968533632831,0,-10.9375,5451,0.4,0,10,"both",0.0460884822785509,-0.403462991808062
"961","session2",-26.9881202858858,23.473679439123,3.07743809670936,0.000223637061123247,0.119401812769578,0.407955338292774,0.434309855329386,10,2,50,0.0460884822785509,-0.403462991808062,20,2.5171062566955,1,8.43185,5451,0.4,0,10,"both",0.0460884822785509,-0.403462991808062
"962","session2",-26.9881202858858,23.473679439123,3.07743809670936,0.000223637061123247,0.119401812769578,0.407955338292774,0.434309855329386,10,2,50,0.0460884822785509,-0.403462991808062,20,3.14355700039124,1,-12.4082179116,5451,0.4,0,10,"both",0.0460884822785509,-0.403462991808062
"963","session2",-26.9881202858858,23.473679439123,3.07743809670936,0.000223637061123247,0.119401812769578,0.407955338292774,0.434309855329386,10,2,50,0.0460884822785509,-0.403462991808062,20,3.72430485512752,1,-19.22757,5451,0.4,0,10,"both",0.0460884822785509,-0.403462991808062
"964","session2",-26.9881202858858,23.473679439123,3.07743809670936,0.000223637061123247,0.119401812769578,0.407955338292774,0.434309855329386,10,2,50,0.0460884822785509,-0.403462991808062,20,6.93978238270907,1,-14.590945321,5451,0.4,0,10,"both",0.0460884822785509,-0.403462991808062
"965","session2",-26.9881202858858,23.473679439123,3.07743809670936,0.000223637061123247,0.119401812769578,0.407955338292774,0.434309855329386,10,2,50,0.0460884822785509,-0.403462991808062,20,4.14104234690259,1,-42.0481,5451,0.4,0,10,"both",0.0460884822785509,-0.403462991808062
"966","session2",-26.9881202858858,23.473679439123,3.07743809670936,0.000223637061123247,0.119401812769578,0.407955338292774,0.434309855329386,10,2,50,0.0460884822785509,-0.403462991808062,20,1.85699666749732,0,-20.0083991896,5451,0.4,0,10,"both",0.0460884822785509,-0.403462991808062
"967","session2",-26.9881202858858,23.473679439123,3.07743809670936,0.000223637061123247,0.119401812769578,0.407955338292774,0.434309855329386,10,2,50,0.0460884822785509,-0.403462991808062,20,2.28010829486743,1,-10.9918835825,5451,0.4,0,10,"both",0.0460884822785509,-0.403462991808062
"968","session2",-26.9881202858858,23.473679439123,3.07743809670936,0.000223637061123247,0.119401812769578,0.407955338292774,0.434309855329386,10,2,50,0.0460884822785509,-0.403462991808062,20,2.00626826218904,1,-14.20826,5451,0.4,0,10,"both",0.0460884822785509,-0.403462991808062
"969","session2",-26.9881202858858,23.473679439123,3.07743809670936,0.000223637061123247,0.119401812769578,0.407955338292774,0.434309855329386,10,2,50,0.0460884822785509,-0.403462991808062,20,1.12998870917898,1,46.4907,5451,0.4,0,10,"both",0.0460884822785509,-0.403462991808062
"970","session2",-26.9881202858858,23.473679439123,3.07743809670936,0.000223637061123247,0.119401812769578,0.407955338292774,0.434309855329386,10,2,50,0.0460884822785509,-0.403462991808062,20,2.26387115626992,0,-23.925206364,5451,0.4,0,10,"both",0.0460884822785509,-0.403462991808062
"971","session2",-26.9881202858858,23.473679439123,3.07743809670936,0.000223637061123247,0.119401812769578,0.407955338292774,0.434309855329386,10,2,50,0.0460884822785509,-0.403462991808062,20,2.53105802021006,1,38.1331,5451,0.4,0,10,"both",0.0460884822785509,-0.403462991808062
"972","session2",-26.9881202858858,23.473679439123,3.07743809670936,0.000223637061123247,0.119401812769578,0.407955338292774,0.434309855329386,10,2,50,0.0460884822785509,-0.403462991808062,20,1.7333835190158,1,6.8854,5451,0.4,0,10,"both",0.0460884822785509,-0.403462991808062
"973","session2",-26.9881202858858,23.473679439123,3.07743809670936,0.000223637061123247,0.119401812769578,0.407955338292774,0.434309855329386,10,2,50,0.0460884822785509,-0.403462991808062,20,1.57239101175294,1,0.649700000000003,5451,0.4,0,10,"both",0.0460884822785509,-0.403462991808062
"974","session2",-26.9881202858858,23.473679439123,3.07743809670936,0.000223637061123247,0.119401812769578,0.407955338292774,0.434309855329386,10,2,50,0.0460884822785509,-0.403462991808062,20,1.69074490087324,0,-40.6714,5451,0.4,0,10,"both",0.0460884822785509,-0.403462991808062
"975","session2",-26.9881202858858,23.473679439123,3.07743809670936,0.000223637061123247,0.119401812769578,0.407955338292774,0.434309855329386,10,2,50,0.0460884822785509,-0.403462991808062,20,2.09363622289272,1,6.2929,5451,0.4,0,10,"both",0.0460884822785509,-0.403462991808062
"976","session2",-26.9881202858858,23.473679439123,3.07743809670936,0.000223637061123247,0.119401812769578,0.407955338292774,0.434309855329386,10,2,50,0.0460884822785509,-0.403462991808062,20,6.9101470283142,1,-22.75915,5451,0.4,0,10,"both",0.0460884822785509,-0.403462991808062
"977","session2",-26.9881202858858,23.473679439123,3.07743809670936,0.000223637061123247,0.119401812769578,0.407955338292774,0.434309855329386,10,2,50,0.0460884822785509,-0.403462991808062,20,1.92323357276567,1,-10.1685,5451,0.4,0,10,"both",0.0460884822785509,-0.403462991808062
"978","session2",-26.9881202858858,23.473679439123,3.07743809670936,0.000223637061123247,0.119401812769578,0.407955338292774,0.434309855329386,10,2,50,0.0460884822785509,-0.403462991808062,20,3.05561151694712,0,-33.04975,5451,0.4,0,10,"both",0.0460884822785509,-0.403462991808062
"979","session2",-26.9881202858858,23.473679439123,3.07743809670936,0.000223637061123247,0.119401812769578,0.407955338292774,0.434309855329386,10,2,50,0.0460884822785509,-0.403462991808062,20,1.97291800709169,1,-14.8266,5451,0.4,0,10,"both",0.0460884822785509,-0.403462991808062
"980","session2",-26.9881202858858,23.473679439123,3.07743809670936,0.000223637061123247,0.119401812769578,0.407955338292774,0.434309855329386,10,2,50,0.0460884822785509,-0.403462991808062,20,2.54390145390603,0,-39.8382,5451,0.4,0,10,"both",0.0460884822785509,-0.403462991808062
"981","session2",-26.9881202858858,23.473679439123,3.07743809670936,0.000223637061123247,0.119401812769578,0.407955338292774,0.434309855329386,10,2,50,0.0460884822785509,-0.403462991808062,20,2.66128728233086,1,-9.0382,5451,0.4,0,10,"both",0.0460884822785509,-0.403462991808062
"982","session2",-26.9881202858858,23.473679439123,3.07743809670936,0.000223637061123247,0.119401812769578,0.407955338292774,0.434309855329386,10,2,50,0.0460884822785509,-0.403462991808062,20,2.01907576756428,1,-29.77401,5451,0.4,0,10,"both",0.0460884822785509,-0.403462991808062
"983","session2",-26.9881202858858,23.473679439123,3.07743809670936,0.000223637061123247,0.119401812769578,0.407955338292774,0.434309855329386,10,2,50,0.0460884822785509,-0.403462991808062,20,3.26906479158117,1,-14.7591,5451,0.4,0,10,"both",0.0460884822785509,-0.403462991808062
"984","session2",-26.9881202858858,23.473679439123,3.07743809670936,0.000223637061123247,0.119401812769578,0.407955338292774,0.434309855329386,10,2,50,0.0460884822785509,-0.403462991808062,20,2.78794813539854,0,-40.8624,5451,0.4,0,10,"both",0.0460884822785509,-0.403462991808062
"985","session2",-26.9881202858858,23.473679439123,3.07743809670936,0.000223637061123247,0.119401812769578,0.407955338292774,0.434309855329386,10,2,50,0.0460884822785509,-0.403462991808062,20,2.59460443153606,1,-13.3526,5451,0.4,0,10,"both",0.0460884822785509,-0.403462991808062
"986","session2",-26.9881202858858,23.473679439123,3.07743809670936,0.000223637061123247,0.119401812769578,0.407955338292774,0.434309855329386,10,2,50,0.0460884822785509,-0.403462991808062,20,6.82186068859684,1,-16.78101,5451,0.4,0,10,"both",0.0460884822785509,-0.403462991808062
"987","session2",-26.9881202858858,23.473679439123,3.07743809670936,0.000223637061123247,0.119401812769578,0.407955338292774,0.434309855329386,10,2,50,0.0460884822785509,-0.403462991808062,20,4.69429713648964,0,-38.56877,5451,0.4,0,10,"both",0.0460884822785509,-0.403462991808062
"988","session2",-26.9881202858858,23.473679439123,3.07743809670936,0.000223637061123247,0.119401812769578,0.407955338292774,0.434309855329386,10,2,50,0.0460884822785509,-0.403462991808062,20,2.99193245735931,1,-12.09834,5451,0.4,0,10,"both",0.0460884822785509,-0.403462991808062
"989","session2",-26.9881202858858,23.473679439123,3.07743809670936,0.000223637061123247,0.119401812769578,0.407955338292774,0.434309855329386,10,2,50,0.0460884822785509,-0.403462991808062,20,1.9348766027361,0,-44.18755,5451,0.4,0,10,"both",0.0460884822785509,-0.403462991808062
"990","session2",-26.9881202858858,23.473679439123,3.07743809670936,0.000223637061123247,0.119401812769578,0.407955338292774,0.434309855329386,10,2,50,0.0460884822785509,-0.403462991808062,20,4.69474945468568,1,-25.9061902,5451,0.4,0,10,"both",0.0460884822785509,-0.403462991808062
"991","session2",-26.9881202858858,23.473679439123,3.07743809670936,0.000223637061123247,0.119401812769578,0.407955338292774,0.434309855329386,10,2,50,0.0460884822785509,-0.403462991808062,20,2.43728604122675,0,-24.3395,5451,0.4,0,10,"both",0.0460884822785509,-0.403462991808062
"992","session2",-26.9881202858858,23.473679439123,3.07743809670936,0.000223637061123247,0.119401812769578,0.407955338292774,0.434309855329386,10,2,50,0.0460884822785509,-0.403462991808062,20,2.61896520795702,0,-38.95093,5451,0.4,0,10,"both",0.0460884822785509,-0.403462991808062
"993","session2",-26.9881202858858,23.473679439123,3.07743809670936,0.000223637061123247,0.119401812769578,0.407955338292774,0.434309855329386,10,2,50,0.0460884822785509,-0.403462991808062,20,1.61038769689541,1,-15.55048,5451,0.4,0,10,"both",0.0460884822785509,-0.403462991808062
"994","session2",-26.9881202858858,23.473679439123,3.07743809670936,0.000223637061123247,0.119401812769578,0.407955338292774,0.434309855329386,10,2,50,0.0460884822785509,-0.403462991808062,20,1.82366078377287,0,-6.8776,5451,0.4,0,10,"both",0.0460884822785509,-0.403462991808062
"995","session2",-26.9881202858858,23.473679439123,3.07743809670936,0.000223637061123247,0.119401812769578,0.407955338292774,0.434309855329386,10,2,50,0.0460884822785509,-0.403462991808062,20,3.66839313357074,0,-26.425,5451,0.4,0,10,"both",0.0460884822785509,-0.403462991808062
"996","session2",-26.9881202858858,23.473679439123,3.07743809670936,0.000223637061123247,0.119401812769578,0.407955338292774,0.434309855329386,10,2,50,0.0460884822785509,-0.403462991808062,20,1.96504352123274,1,-14.37894,5451,0.4,0,10,"both",0.0460884822785509,-0.403462991808062
"997","session2",-26.9881202858858,23.473679439123,3.07743809670936,0.000223637061123247,0.119401812769578,0.407955338292774,0.434309855329386,10,2,50,0.0460884822785509,-0.403462991808062,20,2.10716106094989,0,-45.2708,5451,0.4,0,10,"both",0.0460884822785509,-0.403462991808062
"998","session2",-26.9881202858858,23.473679439123,3.07743809670936,0.000223637061123247,0.119401812769578,0.407955338292774,0.434309855329386,10,2,50,0.0460884822785509,-0.403462991808062,20,2.63408899164456,1,-4.5838,5451,0.4,0,10,"both",0.0460884822785509,-0.403462991808062
"999","session2",-26.9881202858858,23.473679439123,3.07743809670936,0.000223637061123247,0.119401812769578,0.407955338292774,0.434309855329386,10,2,50,0.0460884822785509,-0.403462991808062,20,2.31168433201882,1,-4.6564,5451,0.4,0,10,"both",0.0460884822785509,-0.403462991808062
"1000","session2",-26.9881202858858,23.473679439123,3.07743809670936,0.000223637061123247,0.119401812769578,0.407955338292774,0.434309855329386,10,2,50,0.0460884822785509,-0.403462991808062,20,3.26790266774642,1,-24.9897663,5451,0.4,0,10,"both",0.0460884822785509,-0.403462991808062
