"","session","alpha","beta","betart","lapse","intercept","sigma","ndt","participant_id","sessions","trials","alpha_obs_power","beta_obs_power","n","rts","resp","X","iter","real_effectsize_alpha","real_effectsize_beta","subjects","parameter","observed_effectsize_alpha","observed_effectsize_beta"
"1","session1",-1.2662914683873,9.70250724581181,2.25500659098112,0.00758141192119539,0.577880761034228,0.426864707338473,0.383099643624683,1,1,40,0.166538671200727,-0.137638258258557,1,2.09632709031736,0,7.8093356978,3617,0.6,0,15,"both",0.166538671200727,-0.137638258258557
"2","session1",-1.2662914683873,9.70250724581181,2.25500659098112,0.00758141192119539,0.577880761034228,0.426864707338473,0.383099643624683,1,1,40,0.166538671200727,-0.137638258258557,1,2.68383280541648,1,13.143477904,3617,0.6,0,15,"both",0.166538671200727,-0.137638258258557
"3","session1",-1.2662914683873,9.70250724581181,2.25500659098112,0.00758141192119539,0.577880761034228,0.426864707338473,0.383099643624683,1,1,40,0.166538671200727,-0.137638258258557,1,3.86511281373665,1,3.85877158004,3617,0.6,0,15,"both",0.166538671200727,-0.137638258258557
"4","session1",-1.2662914683873,9.70250724581181,2.25500659098112,0.00758141192119539,0.577880761034228,0.426864707338473,0.383099643624683,1,1,40,0.166538671200727,-0.137638258258557,1,3.64881618199787,0,-2.20831795143,3617,0.6,0,15,"both",0.166538671200727,-0.137638258258557
"5","session1",-1.2662914683873,9.70250724581181,2.25500659098112,0.00758141192119539,0.577880761034228,0.426864707338473,0.383099643624683,1,1,40,0.166538671200727,-0.137638258258557,1,4.70588339565907,0,2.57823272847,3617,0.6,0,15,"both",0.166538671200727,-0.137638258258557
"6","session1",-1.2662914683873,9.70250724581181,2.25500659098112,0.00758141192119539,0.577880761034228,0.426864707338473,0.383099643624683,1,1,40,0.166538671200727,-0.137638258258557,1,1.13188963696161,1,13.18813,3617,0.6,0,15,"both",0.166538671200727,-0.137638258258557
"7","session1",-1.2662914683873,9.70250724581181,2.25500659098112,0.00758141192119539,0.577880761034228,0.426864707338473,0.383099643624683,1,1,40,0.166538671200727,-0.137638258258557,1,4.10539104702783,0,-4.3614,3617,0.6,0,15,"both",0.166538671200727,-0.137638258258557
"8","session1",-1.2662914683873,9.70250724581181,2.25500659098112,0.00758141192119539,0.577880761034228,0.426864707338473,0.383099643624683,1,1,40,0.166538671200727,-0.137638258258557,1,3.88569445899968,0,7.84496,3617,0.6,0,15,"both",0.166538671200727,-0.137638258258557
"9","session1",-1.2662914683873,9.70250724581181,2.25500659098112,0.00758141192119539,0.577880761034228,0.426864707338473,0.383099643624683,1,1,40,0.166538671200727,-0.137638258258557,1,3.21174453052564,1,4.58441,3617,0.6,0,15,"both",0.166538671200727,-0.137638258258557
"10","session1",-1.2662914683873,9.70250724581181,2.25500659098112,0.00758141192119539,0.577880761034228,0.426864707338473,0.383099643624683,1,1,40,0.166538671200727,-0.137638258258557,1,4.24394599806887,1,-1.66095,3617,0.6,0,15,"both",0.166538671200727,-0.137638258258557
"11","session1",-1.2662914683873,9.70250724581181,2.25500659098112,0.00758141192119539,0.577880761034228,0.426864707338473,0.383099643624683,1,1,40,0.166538671200727,-0.137638258258557,1,2.6038870885983,1,1.3860890461,3617,0.6,0,15,"both",0.166538671200727,-0.137638258258557
"12","session1",-1.2662914683873,9.70250724581181,2.25500659098112,0.00758141192119539,0.577880761034228,0.426864707338473,0.383099643624683,1,1,40,0.166538671200727,-0.137638258258557,1,1.48141923566596,0,8.54909,3617,0.6,0,15,"both",0.166538671200727,-0.137638258258557
"13","session1",-1.2662914683873,9.70250724581181,2.25500659098112,0.00758141192119539,0.577880761034228,0.426864707338473,0.383099643624683,1,1,40,0.166538671200727,-0.137638258258557,1,2.34143805795721,0,3.2377073142,3617,0.6,0,15,"both",0.166538671200727,-0.137638258258557
"14","session1",-1.2662914683873,9.70250724581181,2.25500659098112,0.00758141192119539,0.577880761034228,0.426864707338473,0.383099643624683,1,1,40,0.166538671200727,-0.137638258258557,1,1.21050681094639,1,22.3451,3617,0.6,0,15,"both",0.166538671200727,-0.137638258258557
"15","session1",-1.2662914683873,9.70250724581181,2.25500659098112,0.00758141192119539,0.577880761034228,0.426864707338473,0.383099643624683,1,1,40,0.166538671200727,-0.137638258258557,1,3.19267845963539,1,34.65987,3617,0.6,0,15,"both",0.166538671200727,-0.137638258258557
"16","session1",-1.2662914683873,9.70250724581181,2.25500659098112,0.00758141192119539,0.577880761034228,0.426864707338473,0.383099643624683,1,1,40,0.166538671200727,-0.137638258258557,1,5.49496409890024,1,6.5039,3617,0.6,0,15,"both",0.166538671200727,-0.137638258258557
"17","session1",-1.2662914683873,9.70250724581181,2.25500659098112,0.00758141192119539,0.577880761034228,0.426864707338473,0.383099643624683,1,1,40,0.166538671200727,-0.137638258258557,1,2.43458921618465,1,21.59982,3617,0.6,0,15,"both",0.166538671200727,-0.137638258258557
"18","session1",-1.2662914683873,9.70250724581181,2.25500659098112,0.00758141192119539,0.577880761034228,0.426864707338473,0.383099643624683,1,1,40,0.166538671200727,-0.137638258258557,1,2.48702904400517,1,9.6024313,3617,0.6,0,15,"both",0.166538671200727,-0.137638258258557
"19","session1",-1.2662914683873,9.70250724581181,2.25500659098112,0.00758141192119539,0.577880761034228,0.426864707338473,0.383099643624683,1,1,40,0.166538671200727,-0.137638258258557,1,3.345781394628,1,1.405048570707,3617,0.6,0,15,"both",0.166538671200727,-0.137638258258557
"20","session1",-1.2662914683873,9.70250724581181,2.25500659098112,0.00758141192119539,0.577880761034228,0.426864707338473,0.383099643624683,1,1,40,0.166538671200727,-0.137638258258557,1,2.02492811442855,1,24.37148,3617,0.6,0,15,"both",0.166538671200727,-0.137638258258557
"21","session1",-1.2662914683873,9.70250724581181,2.25500659098112,0.00758141192119539,0.577880761034228,0.426864707338473,0.383099643624683,1,1,40,0.166538671200727,-0.137638258258557,1,1.68978532225151,1,35.47009,3617,0.6,0,15,"both",0.166538671200727,-0.137638258258557
"22","session1",-1.2662914683873,9.70250724581181,2.25500659098112,0.00758141192119539,0.577880761034228,0.426864707338473,0.383099643624683,1,1,40,0.166538671200727,-0.137638258258557,1,2.10391808265208,0,-25.35799,3617,0.6,0,15,"both",0.166538671200727,-0.137638258258557
"23","session1",-1.2662914683873,9.70250724581181,2.25500659098112,0.00758141192119539,0.577880761034228,0.426864707338473,0.383099643624683,1,1,40,0.166538671200727,-0.137638258258557,1,2.0116281083525,0,-39.18137,3617,0.6,0,15,"both",0.166538671200727,-0.137638258258557
"24","session1",-1.2662914683873,9.70250724581181,2.25500659098112,0.00758141192119539,0.577880761034228,0.426864707338473,0.383099643624683,1,1,40,0.166538671200727,-0.137638258258557,1,1.98140322495659,0,-16.6585,3617,0.6,0,15,"both",0.166538671200727,-0.137638258258557
"25","session1",-1.2662914683873,9.70250724581181,2.25500659098112,0.00758141192119539,0.577880761034228,0.426864707338473,0.383099643624683,1,1,40,0.166538671200727,-0.137638258258557,1,2.09198338706287,1,16.9655026,3617,0.6,0,15,"both",0.166538671200727,-0.137638258258557
"26","session1",-1.2662914683873,9.70250724581181,2.25500659098112,0.00758141192119539,0.577880761034228,0.426864707338473,0.383099643624683,1,1,40,0.166538671200727,-0.137638258258557,1,5.34877621575536,0,-7.4182,3617,0.6,0,15,"both",0.166538671200727,-0.137638258258557
"27","session1",-1.2662914683873,9.70250724581181,2.25500659098112,0.00758141192119539,0.577880761034228,0.426864707338473,0.383099643624683,1,1,40,0.166538671200727,-0.137638258258557,1,2.83177367483706,1,-2.85775,3617,0.6,0,15,"both",0.166538671200727,-0.137638258258557
"28","session1",-1.2662914683873,9.70250724581181,2.25500659098112,0.00758141192119539,0.577880761034228,0.426864707338473,0.383099643624683,1,1,40,0.166538671200727,-0.137638258258557,1,7.16398413163421,0,-5.65161,3617,0.6,0,15,"both",0.166538671200727,-0.137638258258557
"29","session1",-1.2662914683873,9.70250724581181,2.25500659098112,0.00758141192119539,0.577880761034228,0.426864707338473,0.383099643624683,1,1,40,0.166538671200727,-0.137638258258557,1,2.16537147665005,0,-10.27091,3617,0.6,0,15,"both",0.166538671200727,-0.137638258258557
"30","session1",-1.2662914683873,9.70250724581181,2.25500659098112,0.00758141192119539,0.577880761034228,0.426864707338473,0.383099643624683,1,1,40,0.166538671200727,-0.137638258258557,1,2.49153265885515,0,-8.138154,3617,0.6,0,15,"both",0.166538671200727,-0.137638258258557
"31","session1",-1.2662914683873,9.70250724581181,2.25500659098112,0.00758141192119539,0.577880761034228,0.426864707338473,0.383099643624683,1,1,40,0.166538671200727,-0.137638258258557,1,2.54607718314926,0,-10.391974,3617,0.6,0,15,"both",0.166538671200727,-0.137638258258557
"32","session1",-1.2662914683873,9.70250724581181,2.25500659098112,0.00758141192119539,0.577880761034228,0.426864707338473,0.383099643624683,1,1,40,0.166538671200727,-0.137638258258557,1,7.05190851195311,1,5.25698,3617,0.6,0,15,"both",0.166538671200727,-0.137638258258557
"33","session1",-1.2662914683873,9.70250724581181,2.25500659098112,0.00758141192119539,0.577880761034228,0.426864707338473,0.383099643624683,1,1,40,0.166538671200727,-0.137638258258557,1,7.68622520075747,0,-6.7095,3617,0.6,0,15,"both",0.166538671200727,-0.137638258258557
"34","session1",-1.2662914683873,9.70250724581181,2.25500659098112,0.00758141192119539,0.577880761034228,0.426864707338473,0.383099643624683,1,1,40,0.166538671200727,-0.137638258258557,1,2.6411994266672,0,-8.1264,3617,0.6,0,15,"both",0.166538671200727,-0.137638258258557
"35","session1",-1.2662914683873,9.70250724581181,2.25500659098112,0.00758141192119539,0.577880761034228,0.426864707338473,0.383099643624683,1,1,40,0.166538671200727,-0.137638258258557,1,2.44568006758589,1,9.28425,3617,0.6,0,15,"both",0.166538671200727,-0.137638258258557
"36","session1",-1.2662914683873,9.70250724581181,2.25500659098112,0.00758141192119539,0.577880761034228,0.426864707338473,0.383099643624683,1,1,40,0.166538671200727,-0.137638258258557,1,3.95071072846143,0,-3.45117,3617,0.6,0,15,"both",0.166538671200727,-0.137638258258557
"37","session1",-1.2662914683873,9.70250724581181,2.25500659098112,0.00758141192119539,0.577880761034228,0.426864707338473,0.383099643624683,1,1,40,0.166538671200727,-0.137638258258557,1,2.30623521316298,1,8.80526,3617,0.6,0,15,"both",0.166538671200727,-0.137638258258557
"38","session1",-1.2662914683873,9.70250724581181,2.25500659098112,0.00758141192119539,0.577880761034228,0.426864707338473,0.383099643624683,1,1,40,0.166538671200727,-0.137638258258557,1,6.11386402892572,1,-3.22785,3617,0.6,0,15,"both",0.166538671200727,-0.137638258258557
"39","session1",-1.2662914683873,9.70250724581181,2.25500659098112,0.00758141192119539,0.577880761034228,0.426864707338473,0.383099643624683,1,1,40,0.166538671200727,-0.137638258258557,1,1.8157597567579,0,-12.70188,3617,0.6,0,15,"both",0.166538671200727,-0.137638258258557
"40","session1",-1.2662914683873,9.70250724581181,2.25500659098112,0.00758141192119539,0.577880761034228,0.426864707338473,0.383099643624683,1,1,40,0.166538671200727,-0.137638258258557,1,3.21087980636291,0,5.17715,3617,0.6,0,15,"both",0.166538671200727,-0.137638258258557
"41","session1",-10.0380007978124,7.65919691705773,3.18256910044397,0.000110599909932385,0.285654227581378,0.667013641182672,0.710795015231499,2,1,40,0.166538671200727,-0.137638258258557,2,1.28164935330612,0,-8.207755638,3617,0.6,0,15,"both",0.166538671200727,-0.137638258258557
"42","session1",-10.0380007978124,7.65919691705773,3.18256910044397,0.000110599909932385,0.285654227581378,0.667013641182672,0.710795015231499,2,1,40,0.166538671200727,-0.137638258258557,2,2.16063982240798,1,6.93724412684,3617,0.6,0,15,"both",0.166538671200727,-0.137638258258557
"43","session1",-10.0380007978124,7.65919691705773,3.18256910044397,0.000110599909932385,0.285654227581378,0.667013641182672,0.710795015231499,2,1,40,0.166538671200727,-0.137638258258557,2,4.23437526454817,1,-0.6930604725,3617,0.6,0,15,"both",0.166538671200727,-0.137638258258557
"44","session1",-10.0380007978124,7.65919691705773,3.18256910044397,0.000110599909932385,0.285654227581378,0.667013641182672,0.710795015231499,2,1,40,0.166538671200727,-0.137638258258557,2,1.77053658264559,1,-4.4752831353,3617,0.6,0,15,"both",0.166538671200727,-0.137638258258557
"45","session1",-10.0380007978124,7.65919691705773,3.18256910044397,0.000110599909932385,0.285654227581378,0.667013641182672,0.710795015231499,2,1,40,0.166538671200727,-0.137638258258557,2,1.20951683184734,0,2.40497,3617,0.6,0,15,"both",0.166538671200727,-0.137638258258557
"46","session1",-10.0380007978124,7.65919691705773,3.18256910044397,0.000110599909932385,0.285654227581378,0.667013641182672,0.710795015231499,2,1,40,0.166538671200727,-0.137638258258557,2,2.37139824024598,1,-5.4861780456,3617,0.6,0,15,"both",0.166538671200727,-0.137638258258557
"47","session1",-10.0380007978124,7.65919691705773,3.18256910044397,0.000110599909932385,0.285654227581378,0.667013641182672,0.710795015231499,2,1,40,0.166538671200727,-0.137638258258557,2,1.63461482947364,1,8.606,3617,0.6,0,15,"both",0.166538671200727,-0.137638258258557
"48","session1",-10.0380007978124,7.65919691705773,3.18256910044397,0.000110599909932385,0.285654227581378,0.667013641182672,0.710795015231499,2,1,40,0.166538671200727,-0.137638258258557,2,1.33766942816127,0,-22.84625,3617,0.6,0,15,"both",0.166538671200727,-0.137638258258557
"49","session1",-10.0380007978124,7.65919691705773,3.18256910044397,0.000110599909932385,0.285654227581378,0.667013641182672,0.710795015231499,2,1,40,0.166538671200727,-0.137638258258557,2,1.68109697274907,1,20.78415,3617,0.6,0,15,"both",0.166538671200727,-0.137638258258557
"50","session1",-10.0380007978124,7.65919691705773,3.18256910044397,0.000110599909932385,0.285654227581378,0.667013641182672,0.710795015231499,2,1,40,0.166538671200727,-0.137638258258557,2,2.16933780417515,0,-17.18287,3617,0.6,0,15,"both",0.166538671200727,-0.137638258258557
"51","session1",-10.0380007978124,7.65919691705773,3.18256910044397,0.000110599909932385,0.285654227581378,0.667013641182672,0.710795015231499,2,1,40,0.166538671200727,-0.137638258258557,2,2.77017339792259,1,-5.00557,3617,0.6,0,15,"both",0.166538671200727,-0.137638258258557
"52","session1",-10.0380007978124,7.65919691705773,3.18256910044397,0.000110599909932385,0.285654227581378,0.667013641182672,0.710795015231499,2,1,40,0.166538671200727,-0.137638258258557,2,2.49243431166539,1,6.4657,3617,0.6,0,15,"both",0.166538671200727,-0.137638258258557
"53","session1",-10.0380007978124,7.65919691705773,3.18256910044397,0.000110599909932385,0.285654227581378,0.667013641182672,0.710795015231499,2,1,40,0.166538671200727,-0.137638258258557,2,6.64585050493289,0,-9.63603,3617,0.6,0,15,"both",0.166538671200727,-0.137638258258557
"54","session1",-10.0380007978124,7.65919691705773,3.18256910044397,0.000110599909932385,0.285654227581378,0.667013641182672,0.710795015231499,2,1,40,0.166538671200727,-0.137638258258557,2,3.13144092527566,1,19.06815,3617,0.6,0,15,"both",0.166538671200727,-0.137638258258557
"55","session1",-10.0380007978124,7.65919691705773,3.18256910044397,0.000110599909932385,0.285654227581378,0.667013641182672,0.710795015231499,2,1,40,0.166538671200727,-0.137638258258557,2,2.66181650662465,1,-6.36779,3617,0.6,0,15,"both",0.166538671200727,-0.137638258258557
"56","session1",-10.0380007978124,7.65919691705773,3.18256910044397,0.000110599909932385,0.285654227581378,0.667013641182672,0.710795015231499,2,1,40,0.166538671200727,-0.137638258258557,2,8,0,-10.95424,3617,0.6,0,15,"both",0.166538671200727,-0.137638258258557
"57","session1",-10.0380007978124,7.65919691705773,3.18256910044397,0.000110599909932385,0.285654227581378,0.667013641182672,0.710795015231499,2,1,40,0.166538671200727,-0.137638258258557,2,3.80903385491463,1,-6.49843,3617,0.6,0,15,"both",0.166538671200727,-0.137638258258557
"58","session1",-10.0380007978124,7.65919691705773,3.18256910044397,0.000110599909932385,0.285654227581378,0.667013641182672,0.710795015231499,2,1,40,0.166538671200727,-0.137638258258557,2,3.71094677683323,0,-28.34405,3617,0.6,0,15,"both",0.166538671200727,-0.137638258258557
"59","session1",-10.0380007978124,7.65919691705773,3.18256910044397,0.000110599909932385,0.285654227581378,0.667013641182672,0.710795015231499,2,1,40,0.166538671200727,-0.137638258258557,2,1.73575017913504,1,-6.76693,3617,0.6,0,15,"both",0.166538671200727,-0.137638258258557
"60","session1",-10.0380007978124,7.65919691705773,3.18256910044397,0.000110599909932385,0.285654227581378,0.667013641182672,0.710795015231499,2,1,40,0.166538671200727,-0.137638258258557,2,8,1,-5.37474,3617,0.6,0,15,"both",0.166538671200727,-0.137638258258557
"61","session1",-10.0380007978124,7.65919691705773,3.18256910044397,0.000110599909932385,0.285654227581378,0.667013641182672,0.710795015231499,2,1,40,0.166538671200727,-0.137638258258557,2,4.0776362172052,0,-6.06837,3617,0.6,0,15,"both",0.166538671200727,-0.137638258258557
"62","session1",-10.0380007978124,7.65919691705773,3.18256910044397,0.000110599909932385,0.285654227581378,0.667013641182672,0.710795015231499,2,1,40,0.166538671200727,-0.137638258258557,2,5.04165286649919,1,-9.91233,3617,0.6,0,15,"both",0.166538671200727,-0.137638258258557
"63","session1",-10.0380007978124,7.65919691705773,3.18256910044397,0.000110599909932385,0.285654227581378,0.667013641182672,0.710795015231499,2,1,40,0.166538671200727,-0.137638258258557,2,8,1,-6.33241,3617,0.6,0,15,"both",0.166538671200727,-0.137638258258557
"64","session1",-10.0380007978124,7.65919691705773,3.18256910044397,0.000110599909932385,0.285654227581378,0.667013641182672,0.710795015231499,2,1,40,0.166538671200727,-0.137638258258557,2,2.81764998594142,1,0.9209,3617,0.6,0,15,"both",0.166538671200727,-0.137638258258557
"65","session1",-10.0380007978124,7.65919691705773,3.18256910044397,0.000110599909932385,0.285654227581378,0.667013641182672,0.710795015231499,2,1,40,0.166538671200727,-0.137638258258557,2,8,1,-8.83941,3617,0.6,0,15,"both",0.166538671200727,-0.137638258258557
"66","session1",-10.0380007978124,7.65919691705773,3.18256910044397,0.000110599909932385,0.285654227581378,0.667013641182672,0.710795015231499,2,1,40,0.166538671200727,-0.137638258258557,2,3.31301631072397,0,-7.17816,3617,0.6,0,15,"both",0.166538671200727,-0.137638258258557
"67","session1",-10.0380007978124,7.65919691705773,3.18256910044397,0.000110599909932385,0.285654227581378,0.667013641182672,0.710795015231499,2,1,40,0.166538671200727,-0.137638258258557,2,2.04813539109924,1,-4.15796,3617,0.6,0,15,"both",0.166538671200727,-0.137638258258557
"68","session1",-10.0380007978124,7.65919691705773,3.18256910044397,0.000110599909932385,0.285654227581378,0.667013641182672,0.710795015231499,2,1,40,0.166538671200727,-0.137638258258557,2,2.90933373150011,0,-11.49877,3617,0.6,0,15,"both",0.166538671200727,-0.137638258258557
"69","session1",-10.0380007978124,7.65919691705773,3.18256910044397,0.000110599909932385,0.285654227581378,0.667013641182672,0.710795015231499,2,1,40,0.166538671200727,-0.137638258258557,2,3.61857679202908,0,-12.71958,3617,0.6,0,15,"both",0.166538671200727,-0.137638258258557
"70","session1",-10.0380007978124,7.65919691705773,3.18256910044397,0.000110599909932385,0.285654227581378,0.667013641182672,0.710795015231499,2,1,40,0.166538671200727,-0.137638258258557,2,3.33825602675918,1,-1.72413,3617,0.6,0,15,"both",0.166538671200727,-0.137638258258557
"71","session1",-10.0380007978124,7.65919691705773,3.18256910044397,0.000110599909932385,0.285654227581378,0.667013641182672,0.710795015231499,2,1,40,0.166538671200727,-0.137638258258557,2,1.8606685923641,0,-16.54612,3617,0.6,0,15,"both",0.166538671200727,-0.137638258258557
"72","session1",-10.0380007978124,7.65919691705773,3.18256910044397,0.000110599909932385,0.285654227581378,0.667013641182672,0.710795015231499,2,1,40,0.166538671200727,-0.137638258258557,2,2.62087533846993,0,-16.26754,3617,0.6,0,15,"both",0.166538671200727,-0.137638258258557
"73","session1",-10.0380007978124,7.65919691705773,3.18256910044397,0.000110599909932385,0.285654227581378,0.667013641182672,0.710795015231499,2,1,40,0.166538671200727,-0.137638258258557,2,8,1,-10.5796,3617,0.6,0,15,"both",0.166538671200727,-0.137638258258557
"74","session1",-10.0380007978124,7.65919691705773,3.18256910044397,0.000110599909932385,0.285654227581378,0.667013641182672,0.710795015231499,2,1,40,0.166538671200727,-0.137638258258557,2,2.94853123776046,1,-2.93232,3617,0.6,0,15,"both",0.166538671200727,-0.137638258258557
"75","session1",-10.0380007978124,7.65919691705773,3.18256910044397,0.000110599909932385,0.285654227581378,0.667013641182672,0.710795015231499,2,1,40,0.166538671200727,-0.137638258258557,2,2.46180311740043,0,-8.90782,3617,0.6,0,15,"both",0.166538671200727,-0.137638258258557
"76","session1",-10.0380007978124,7.65919691705773,3.18256910044397,0.000110599909932385,0.285654227581378,0.667013641182672,0.710795015231499,2,1,40,0.166538671200727,-0.137638258258557,2,4.86716029760685,1,-5.38823,3617,0.6,0,15,"both",0.166538671200727,-0.137638258258557
"77","session1",-10.0380007978124,7.65919691705773,3.18256910044397,0.000110599909932385,0.285654227581378,0.667013641182672,0.710795015231499,2,1,40,0.166538671200727,-0.137638258258557,2,2.70701197128194,1,-9.09783,3617,0.6,0,15,"both",0.166538671200727,-0.137638258258557
"78","session1",-10.0380007978124,7.65919691705773,3.18256910044397,0.000110599909932385,0.285654227581378,0.667013641182672,0.710795015231499,2,1,40,0.166538671200727,-0.137638258258557,2,6.29307512515886,0,-12.21784,3617,0.6,0,15,"both",0.166538671200727,-0.137638258258557
"79","session1",-10.0380007978124,7.65919691705773,3.18256910044397,0.000110599909932385,0.285654227581378,0.667013641182672,0.710795015231499,2,1,40,0.166538671200727,-0.137638258258557,2,3.6980256392888,1,-4.48348,3617,0.6,0,15,"both",0.166538671200727,-0.137638258258557
"80","session1",-10.0380007978124,7.65919691705773,3.18256910044397,0.000110599909932385,0.285654227581378,0.667013641182672,0.710795015231499,2,1,40,0.166538671200727,-0.137638258258557,2,5.79844429215176,1,-2.14549,3617,0.6,0,15,"both",0.166538671200727,-0.137638258258557
"81","session1",-4.05308332271318,11.8478324209819,3.38431052049086,0.000143750215866361,0.120219242564737,0.494276456569322,0.681049514218286,3,1,40,0.166538671200727,-0.137638258258557,3,3.07580267148997,1,8.45169477259,3617,0.6,0,15,"both",0.166538671200727,-0.137638258258557
"82","session1",-4.05308332271318,11.8478324209819,3.38431052049086,0.000143750215866361,0.120219242564737,0.494276456569322,0.681049514218286,3,1,40,0.166538671200727,-0.137638258258557,3,3.20978330838873,1,-6.17839342041,3617,0.6,0,15,"both",0.166538671200727,-0.137638258258557
"83","session1",-4.05308332271318,11.8478324209819,3.38431052049086,0.000143750215866361,0.120219242564737,0.494276456569322,0.681049514218286,3,1,40,0.166538671200727,-0.137638258258557,3,4.23856292141899,1,-13.2004787235,3617,0.6,0,15,"both",0.166538671200727,-0.137638258258557
"84","session1",-4.05308332271318,11.8478324209819,3.38431052049086,0.000143750215866361,0.120219242564737,0.494276456569322,0.681049514218286,3,1,40,0.166538671200727,-0.137638258258557,3,1.29857187279604,0,-20.0016243696,3617,0.6,0,15,"both",0.166538671200727,-0.137638258258557
"85","session1",-4.05308332271318,11.8478324209819,3.38431052049086,0.000143750215866361,0.120219242564737,0.494276456569322,0.681049514218286,3,1,40,0.166538671200727,-0.137638258258557,3,1.58922618149513,1,6.6886,3617,0.6,0,15,"both",0.166538671200727,-0.137638258258557
"86","session1",-4.05308332271318,11.8478324209819,3.38431052049086,0.000143750215866361,0.120219242564737,0.494276456569322,0.681049514218286,3,1,40,0.166538671200727,-0.137638258258557,3,1.94996738685861,1,5.02555,3617,0.6,0,15,"both",0.166538671200727,-0.137638258258557
"87","session1",-4.05308332271318,11.8478324209819,3.38431052049086,0.000143750215866361,0.120219242564737,0.494276456569322,0.681049514218286,3,1,40,0.166538671200727,-0.137638258258557,3,2.74735713809855,0,-22.93952,3617,0.6,0,15,"both",0.166538671200727,-0.137638258258557
"88","session1",-4.05308332271318,11.8478324209819,3.38431052049086,0.000143750215866361,0.120219242564737,0.494276456569322,0.681049514218286,3,1,40,0.166538671200727,-0.137638258258557,3,3.6408086054517,0,-17.6073,3617,0.6,0,15,"both",0.166538671200727,-0.137638258258557
"89","session1",-4.05308332271318,11.8478324209819,3.38431052049086,0.000143750215866361,0.120219242564737,0.494276456569322,0.681049514218286,3,1,40,0.166538671200727,-0.137638258258557,3,1.49212529094344,0,-42.0719,3617,0.6,0,15,"both",0.166538671200727,-0.137638258258557
"90","session1",-4.05308332271318,11.8478324209819,3.38431052049086,0.000143750215866361,0.120219242564737,0.494276456569322,0.681049514218286,3,1,40,0.166538671200727,-0.137638258258557,3,2.0739569965181,0,-8.74325,3617,0.6,0,15,"both",0.166538671200727,-0.137638258258557
"91","session1",-4.05308332271318,11.8478324209819,3.38431052049086,0.000143750215866361,0.120219242564737,0.494276456569322,0.681049514218286,3,1,40,0.166538671200727,-0.137638258258557,3,3.09242164725179,1,-5.6314,3617,0.6,0,15,"both",0.166538671200727,-0.137638258258557
"92","session1",-4.05308332271318,11.8478324209819,3.38431052049086,0.000143750215866361,0.120219242564737,0.494276456569322,0.681049514218286,3,1,40,0.166538671200727,-0.137638258258557,3,2.67854431824739,0,-20.84071,3617,0.6,0,15,"both",0.166538671200727,-0.137638258258557
"93","session1",-4.05308332271318,11.8478324209819,3.38431052049086,0.000143750215866361,0.120219242564737,0.494276456569322,0.681049514218286,3,1,40,0.166538671200727,-0.137638258258557,3,2.47125534492449,0,0.25432,3617,0.6,0,15,"both",0.166538671200727,-0.137638258258557
"94","session1",-4.05308332271318,11.8478324209819,3.38431052049086,0.000143750215866361,0.120219242564737,0.494276456569322,0.681049514218286,3,1,40,0.166538671200727,-0.137638258258557,3,3.29256721090375,1,-7.7661483672,3617,0.6,0,15,"both",0.166538671200727,-0.137638258258557
"95","session1",-4.05308332271318,11.8478324209819,3.38431052049086,0.000143750215866361,0.120219242564737,0.494276456569322,0.681049514218286,3,1,40,0.166538671200727,-0.137638258258557,3,1.84101770342345,1,38.35836,3617,0.6,0,15,"both",0.166538671200727,-0.137638258258557
"96","session1",-4.05308332271318,11.8478324209819,3.38431052049086,0.000143750215866361,0.120219242564737,0.494276456569322,0.681049514218286,3,1,40,0.166538671200727,-0.137638258258557,3,2.1968557089212,0,-11.49756,3617,0.6,0,15,"both",0.166538671200727,-0.137638258258557
"97","session1",-4.05308332271318,11.8478324209819,3.38431052049086,0.000143750215866361,0.120219242564737,0.494276456569322,0.681049514218286,3,1,40,0.166538671200727,-0.137638258258557,3,1.82601322628634,1,12.216703,3617,0.6,0,15,"both",0.166538671200727,-0.137638258258557
"98","session1",-4.05308332271318,11.8478324209819,3.38431052049086,0.000143750215866361,0.120219242564737,0.494276456569322,0.681049514218286,3,1,40,0.166538671200727,-0.137638258258557,3,5.13576320898971,0,-17.22411,3617,0.6,0,15,"both",0.166538671200727,-0.137638258258557
"99","session1",-4.05308332271318,11.8478324209819,3.38431052049086,0.000143750215866361,0.120219242564737,0.494276456569322,0.681049514218286,3,1,40,0.166538671200727,-0.137638258258557,3,5.03224024036254,1,2.6431,3617,0.6,0,15,"both",0.166538671200727,-0.137638258258557
"100","session1",-4.05308332271318,11.8478324209819,3.38431052049086,0.000143750215866361,0.120219242564737,0.494276456569322,0.681049514218286,3,1,40,0.166538671200727,-0.137638258258557,3,1.08253544741732,0,-21.7484,3617,0.6,0,15,"both",0.166538671200727,-0.137638258258557
"101","session1",-4.05308332271318,11.8478324209819,3.38431052049086,0.000143750215866361,0.120219242564737,0.494276456569322,0.681049514218286,3,1,40,0.166538671200727,-0.137638258258557,3,2.82962960667669,0,-21.5008,3617,0.6,0,15,"both",0.166538671200727,-0.137638258258557
"102","session1",-4.05308332271318,11.8478324209819,3.38431052049086,0.000143750215866361,0.120219242564737,0.494276456569322,0.681049514218286,3,1,40,0.166538671200727,-0.137638258258557,3,2.07155152613794,1,-0.00868000000000002,3617,0.6,0,15,"both",0.166538671200727,-0.137638258258557
"103","session1",-4.05308332271318,11.8478324209819,3.38431052049086,0.000143750215866361,0.120219242564737,0.494276456569322,0.681049514218286,3,1,40,0.166538671200727,-0.137638258258557,3,3.8921722267951,0,-13.68875,3617,0.6,0,15,"both",0.166538671200727,-0.137638258258557
"104","session1",-4.05308332271318,11.8478324209819,3.38431052049086,0.000143750215866361,0.120219242564737,0.494276456569322,0.681049514218286,3,1,40,0.166538671200727,-0.137638258258557,3,5.26482115040222,0,-4.36792,3617,0.6,0,15,"both",0.166538671200727,-0.137638258258557
"105","session1",-4.05308332271318,11.8478324209819,3.38431052049086,0.000143750215866361,0.120219242564737,0.494276456569322,0.681049514218286,3,1,40,0.166538671200727,-0.137638258258557,3,1.68457984895627,1,12.72615,3617,0.6,0,15,"both",0.166538671200727,-0.137638258258557
"106","session1",-4.05308332271318,11.8478324209819,3.38431052049086,0.000143750215866361,0.120219242564737,0.494276456569322,0.681049514218286,3,1,40,0.166538671200727,-0.137638258258557,3,4.10675499686348,1,-2.26521,3617,0.6,0,15,"both",0.166538671200727,-0.137638258258557
"107","session1",-4.05308332271318,11.8478324209819,3.38431052049086,0.000143750215866361,0.120219242564737,0.494276456569322,0.681049514218286,3,1,40,0.166538671200727,-0.137638258258557,3,2.9315251899462,1,4.04767,3617,0.6,0,15,"both",0.166538671200727,-0.137638258258557
"108","session1",-4.05308332271318,11.8478324209819,3.38431052049086,0.000143750215866361,0.120219242564737,0.494276456569322,0.681049514218286,3,1,40,0.166538671200727,-0.137638258258557,3,1.87407319229165,0,-17.94558,3617,0.6,0,15,"both",0.166538671200727,-0.137638258258557
"109","session1",-4.05308332271318,11.8478324209819,3.38431052049086,0.000143750215866361,0.120219242564737,0.494276456569322,0.681049514218286,3,1,40,0.166538671200727,-0.137638258258557,3,3.60066173953979,0,-5.71227,3617,0.6,0,15,"both",0.166538671200727,-0.137638258258557
"110","session1",-4.05308332271318,11.8478324209819,3.38431052049086,0.000143750215866361,0.120219242564737,0.494276456569322,0.681049514218286,3,1,40,0.166538671200727,-0.137638258258557,3,2.54791797338465,1,2.92283,3617,0.6,0,15,"both",0.166538671200727,-0.137638258258557
"111","session1",-4.05308332271318,11.8478324209819,3.38431052049086,0.000143750215866361,0.120219242564737,0.494276456569322,0.681049514218286,3,1,40,0.166538671200727,-0.137638258258557,3,3.32307158472878,0,-18.28576,3617,0.6,0,15,"both",0.166538671200727,-0.137638258258557
"112","session1",-4.05308332271318,11.8478324209819,3.38431052049086,0.000143750215866361,0.120219242564737,0.494276456569322,0.681049514218286,3,1,40,0.166538671200727,-0.137638258258557,3,1.3867845442023,1,1.10323,3617,0.6,0,15,"both",0.166538671200727,-0.137638258258557
"113","session1",-4.05308332271318,11.8478324209819,3.38431052049086,0.000143750215866361,0.120219242564737,0.494276456569322,0.681049514218286,3,1,40,0.166538671200727,-0.137638258258557,3,3.90014870110271,1,-2.1932,3617,0.6,0,15,"both",0.166538671200727,-0.137638258258557
"114","session1",-4.05308332271318,11.8478324209819,3.38431052049086,0.000143750215866361,0.120219242564737,0.494276456569322,0.681049514218286,3,1,40,0.166538671200727,-0.137638258258557,3,3.63108562392486,0,-11.34422,3617,0.6,0,15,"both",0.166538671200727,-0.137638258258557
"115","session1",-4.05308332271318,11.8478324209819,3.38431052049086,0.000143750215866361,0.120219242564737,0.494276456569322,0.681049514218286,3,1,40,0.166538671200727,-0.137638258258557,3,5.09883348965641,1,-4.66121,3617,0.6,0,15,"both",0.166538671200727,-0.137638258258557
"116","session1",-4.05308332271318,11.8478324209819,3.38431052049086,0.000143750215866361,0.120219242564737,0.494276456569322,0.681049514218286,3,1,40,0.166538671200727,-0.137638258258557,3,3.71418755221427,1,-14.43573,3617,0.6,0,15,"both",0.166538671200727,-0.137638258258557
"117","session1",-4.05308332271318,11.8478324209819,3.38431052049086,0.000143750215866361,0.120219242564737,0.494276456569322,0.681049514218286,3,1,40,0.166538671200727,-0.137638258258557,3,2.75076879538154,0,-6.08457,3617,0.6,0,15,"both",0.166538671200727,-0.137638258258557
"118","session1",-4.05308332271318,11.8478324209819,3.38431052049086,0.000143750215866361,0.120219242564737,0.494276456569322,0.681049514218286,3,1,40,0.166538671200727,-0.137638258258557,3,2.17005771820305,0,-19.86852,3617,0.6,0,15,"both",0.166538671200727,-0.137638258258557
"119","session1",-4.05308332271318,11.8478324209819,3.38431052049086,0.000143750215866361,0.120219242564737,0.494276456569322,0.681049514218286,3,1,40,0.166538671200727,-0.137638258258557,3,2.33832919534981,0,-17.42123,3617,0.6,0,15,"both",0.166538671200727,-0.137638258258557
"120","session1",-4.05308332271318,11.8478324209819,3.38431052049086,0.000143750215866361,0.120219242564737,0.494276456569322,0.681049514218286,3,1,40,0.166538671200727,-0.137638258258557,3,3.77749242013402,0,-8.01914,3617,0.6,0,15,"both",0.166538671200727,-0.137638258258557
"121","session1",6.10869276197113,12.2001585556431,2.27662389492139,1.50677915226427e-08,0.748433553384951,0.450868546018312,0.415306321142642,4,1,40,0.166538671200727,-0.137638258258557,4,2.69948514241432,1,9.14500564667,3617,0.6,0,15,"both",0.166538671200727,-0.137638258258557
"122","session1",6.10869276197113,12.2001585556431,2.27662389492139,1.50677915226427e-08,0.748433553384951,0.450868546018312,0.415306321142642,4,1,40,0.166538671200727,-0.137638258258557,4,4.59300949766544,0,-5.7491917888,3617,0.6,0,15,"both",0.166538671200727,-0.137638258258557
"123","session1",6.10869276197113,12.2001585556431,2.27662389492139,1.50677915226427e-08,0.748433553384951,0.450868546018312,0.415306321142642,4,1,40,0.166538671200727,-0.137638258258557,4,4.97837040066671,1,0.7266816518,3617,0.6,0,15,"both",0.166538671200727,-0.137638258258557
"124","session1",6.10869276197113,12.2001585556431,2.27662389492139,1.50677915226427e-08,0.748433553384951,0.450868546018312,0.415306321142642,4,1,40,0.166538671200727,-0.137638258258557,4,7.23877461433883,0,-2.97714518062,3617,0.6,0,15,"both",0.166538671200727,-0.137638258258557
"125","session1",6.10869276197113,12.2001585556431,2.27662389492139,1.50677915226427e-08,0.748433553384951,0.450868546018312,0.415306321142642,4,1,40,0.166538671200727,-0.137638258258557,4,2.65181389671595,0,-14.02304,3617,0.6,0,15,"both",0.166538671200727,-0.137638258258557
"126","session1",6.10869276197113,12.2001585556431,2.27662389492139,1.50677915226427e-08,0.748433553384951,0.450868546018312,0.415306321142642,4,1,40,0.166538671200727,-0.137638258258557,4,2.80174435413224,0,3.398985,3617,0.6,0,15,"both",0.166538671200727,-0.137638258258557
"127","session1",6.10869276197113,12.2001585556431,2.27662389492139,1.50677915226427e-08,0.748433553384951,0.450868546018312,0.415306321142642,4,1,40,0.166538671200727,-0.137638258258557,4,2.46974541338025,0,-5.72307,3617,0.6,0,15,"both",0.166538671200727,-0.137638258258557
"128","session1",6.10869276197113,12.2001585556431,2.27662389492139,1.50677915226427e-08,0.748433553384951,0.450868546018312,0.415306321142642,4,1,40,0.166538671200727,-0.137638258258557,4,3.58311636156254,0,-4.26342,3617,0.6,0,15,"both",0.166538671200727,-0.137638258258557
"129","session1",6.10869276197113,12.2001585556431,2.27662389492139,1.50677915226427e-08,0.748433553384951,0.450868546018312,0.415306321142642,4,1,40,0.166538671200727,-0.137638258258557,4,4.42896600089383,1,11.10575,3617,0.6,0,15,"both",0.166538671200727,-0.137638258258557
"130","session1",6.10869276197113,12.2001585556431,2.27662389492139,1.50677915226427e-08,0.748433553384951,0.450868546018312,0.415306321142642,4,1,40,0.166538671200727,-0.137638258258557,4,3.18827432760133,1,16.60504,3617,0.6,0,15,"both",0.166538671200727,-0.137638258258557
"131","session1",6.10869276197113,12.2001585556431,2.27662389492139,1.50677915226427e-08,0.748433553384951,0.450868546018312,0.415306321142642,4,1,40,0.166538671200727,-0.137638258258557,4,3.17143469926528,0,-3.37459,3617,0.6,0,15,"both",0.166538671200727,-0.137638258258557
"132","session1",6.10869276197113,12.2001585556431,2.27662389492139,1.50677915226427e-08,0.748433553384951,0.450868546018312,0.415306321142642,4,1,40,0.166538671200727,-0.137638258258557,4,2.38380871290568,1,4.41486,3617,0.6,0,15,"both",0.166538671200727,-0.137638258258557
"133","session1",6.10869276197113,12.2001585556431,2.27662389492139,1.50677915226427e-08,0.748433553384951,0.450868546018312,0.415306321142642,4,1,40,0.166538671200727,-0.137638258258557,4,4.21308531341698,1,0.3508,3617,0.6,0,15,"both",0.166538671200727,-0.137638258258557
"134","session1",6.10869276197113,12.2001585556431,2.27662389492139,1.50677915226427e-08,0.748433553384951,0.450868546018312,0.415306321142642,4,1,40,0.166538671200727,-0.137638258258557,4,8,0,5.52273,3617,0.6,0,15,"both",0.166538671200727,-0.137638258258557
"135","session1",6.10869276197113,12.2001585556431,2.27662389492139,1.50677915226427e-08,0.748433553384951,0.450868546018312,0.415306321142642,4,1,40,0.166538671200727,-0.137638258258557,4,3.34724942498123,0,-16.41085,3617,0.6,0,15,"both",0.166538671200727,-0.137638258258557
"136","session1",6.10869276197113,12.2001585556431,2.27662389492139,1.50677915226427e-08,0.748433553384951,0.450868546018312,0.415306321142642,4,1,40,0.166538671200727,-0.137638258258557,4,3.32455200147517,1,5.83872,3617,0.6,0,15,"both",0.166538671200727,-0.137638258258557
"137","session1",6.10869276197113,12.2001585556431,2.27662389492139,1.50677915226427e-08,0.748433553384951,0.450868546018312,0.415306321142642,4,1,40,0.166538671200727,-0.137638258258557,4,2.80993980313347,0,2.06926821926,3617,0.6,0,15,"both",0.166538671200727,-0.137638258258557
"138","session1",6.10869276197113,12.2001585556431,2.27662389492139,1.50677915226427e-08,0.748433553384951,0.450868546018312,0.415306321142642,4,1,40,0.166538671200727,-0.137638258258557,4,2.26953723168154,1,7.18521,3617,0.6,0,15,"both",0.166538671200727,-0.137638258258557
"139","session1",6.10869276197113,12.2001585556431,2.27662389492139,1.50677915226427e-08,0.748433553384951,0.450868546018312,0.415306321142642,4,1,40,0.166538671200727,-0.137638258258557,4,5.47850324478473,0,3.75465,3617,0.6,0,15,"both",0.166538671200727,-0.137638258258557
"140","session1",6.10869276197113,12.2001585556431,2.27662389492139,1.50677915226427e-08,0.748433553384951,0.450868546018312,0.415306321142642,4,1,40,0.166538671200727,-0.137638258258557,4,2.22339368257481,1,-12.300606,3617,0.6,0,15,"both",0.166538671200727,-0.137638258258557
"141","session1",6.10869276197113,12.2001585556431,2.27662389492139,1.50677915226427e-08,0.748433553384951,0.450868546018312,0.415306321142642,4,1,40,0.166538671200727,-0.137638258258557,4,2.32873917559803,1,1.23565,3617,0.6,0,15,"both",0.166538671200727,-0.137638258258557
"142","session1",6.10869276197113,12.2001585556431,2.27662389492139,1.50677915226427e-08,0.748433553384951,0.450868546018312,0.415306321142642,4,1,40,0.166538671200727,-0.137638258258557,4,6.43118050874398,0,7.43279,3617,0.6,0,15,"both",0.166538671200727,-0.137638258258557
"143","session1",6.10869276197113,12.2001585556431,2.27662389492139,1.50677915226427e-08,0.748433553384951,0.450868546018312,0.415306321142642,4,1,40,0.166538671200727,-0.137638258258557,4,3.94213249105923,1,36.3,3617,0.6,0,15,"both",0.166538671200727,-0.137638258258557
"144","session1",6.10869276197113,12.2001585556431,2.27662389492139,1.50677915226427e-08,0.748433553384951,0.450868546018312,0.415306321142642,4,1,40,0.166538671200727,-0.137638258258557,4,2.37653258491189,0,-14.1629,3617,0.6,0,15,"both",0.166538671200727,-0.137638258258557
"145","session1",6.10869276197113,12.2001585556431,2.27662389492139,1.50677915226427e-08,0.748433553384951,0.450868546018312,0.415306321142642,4,1,40,0.166538671200727,-0.137638258258557,4,2.86083907998355,1,26.60926,3617,0.6,0,15,"both",0.166538671200727,-0.137638258258557
"146","session1",6.10869276197113,12.2001585556431,2.27662389492139,1.50677915226427e-08,0.748433553384951,0.450868546018312,0.415306321142642,4,1,40,0.166538671200727,-0.137638258258557,4,2.82061184972623,1,0.79953,3617,0.6,0,15,"both",0.166538671200727,-0.137638258258557
"147","session1",6.10869276197113,12.2001585556431,2.27662389492139,1.50677915226427e-08,0.748433553384951,0.450868546018312,0.415306321142642,4,1,40,0.166538671200727,-0.137638258258557,4,2.31651338493036,1,26.477226,3617,0.6,0,15,"both",0.166538671200727,-0.137638258258557
"148","session1",6.10869276197113,12.2001585556431,2.27662389492139,1.50677915226427e-08,0.748433553384951,0.450868546018312,0.415306321142642,4,1,40,0.166538671200727,-0.137638258258557,4,2.85283785463937,1,37.3167829,3617,0.6,0,15,"both",0.166538671200727,-0.137638258258557
"149","session1",6.10869276197113,12.2001585556431,2.27662389492139,1.50677915226427e-08,0.748433553384951,0.450868546018312,0.415306321142642,4,1,40,0.166538671200727,-0.137638258258557,4,2.41962530904521,1,8.77832,3617,0.6,0,15,"both",0.166538671200727,-0.137638258258557
"150","session1",6.10869276197113,12.2001585556431,2.27662389492139,1.50677915226427e-08,0.748433553384951,0.450868546018312,0.415306321142642,4,1,40,0.166538671200727,-0.137638258258557,4,2.50908085260135,1,11.89129,3617,0.6,0,15,"both",0.166538671200727,-0.137638258258557
"151","session1",6.10869276197113,12.2001585556431,2.27662389492139,1.50677915226427e-08,0.748433553384951,0.450868546018312,0.415306321142642,4,1,40,0.166538671200727,-0.137638258258557,4,3.1414881695887,1,4.01405,3617,0.6,0,15,"both",0.166538671200727,-0.137638258258557
"152","session1",6.10869276197113,12.2001585556431,2.27662389492139,1.50677915226427e-08,0.748433553384951,0.450868546018312,0.415306321142642,4,1,40,0.166538671200727,-0.137638258258557,4,3.8642890703575,0,-6.417358,3617,0.6,0,15,"both",0.166538671200727,-0.137638258258557
"153","session1",6.10869276197113,12.2001585556431,2.27662389492139,1.50677915226427e-08,0.748433553384951,0.450868546018312,0.415306321142642,4,1,40,0.166538671200727,-0.137638258258557,4,7.15044975057379,1,0.19845,3617,0.6,0,15,"both",0.166538671200727,-0.137638258258557
"154","session1",6.10869276197113,12.2001585556431,2.27662389492139,1.50677915226427e-08,0.748433553384951,0.450868546018312,0.415306321142642,4,1,40,0.166538671200727,-0.137638258258557,4,2.454849589252,1,23.42606,3617,0.6,0,15,"both",0.166538671200727,-0.137638258258557
"155","session1",6.10869276197113,12.2001585556431,2.27662389492139,1.50677915226427e-08,0.748433553384951,0.450868546018312,0.415306321142642,4,1,40,0.166538671200727,-0.137638258258557,4,3.70692580567266,0,-0.82914,3617,0.6,0,15,"both",0.166538671200727,-0.137638258258557
"156","session1",6.10869276197113,12.2001585556431,2.27662389492139,1.50677915226427e-08,0.748433553384951,0.450868546018312,0.415306321142642,4,1,40,0.166538671200727,-0.137638258258557,4,2.25058481578997,1,21.47235,3617,0.6,0,15,"both",0.166538671200727,-0.137638258258557
"157","session1",6.10869276197113,12.2001585556431,2.27662389492139,1.50677915226427e-08,0.748433553384951,0.450868546018312,0.415306321142642,4,1,40,0.166538671200727,-0.137638258258557,4,1.37917737319991,0,-29.790547,3617,0.6,0,15,"both",0.166538671200727,-0.137638258258557
"158","session1",6.10869276197113,12.2001585556431,2.27662389492139,1.50677915226427e-08,0.748433553384951,0.450868546018312,0.415306321142642,4,1,40,0.166538671200727,-0.137638258258557,4,4.09388221203109,0,17.84841,3617,0.6,0,15,"both",0.166538671200727,-0.137638258258557
"159","session1",6.10869276197113,12.2001585556431,2.27662389492139,1.50677915226427e-08,0.748433553384951,0.450868546018312,0.415306321142642,4,1,40,0.166538671200727,-0.137638258258557,4,3.26391430918456,0,14.89656,3617,0.6,0,15,"both",0.166538671200727,-0.137638258258557
"160","session1",6.10869276197113,12.2001585556431,2.27662389492139,1.50677915226427e-08,0.748433553384951,0.450868546018312,0.415306321142642,4,1,40,0.166538671200727,-0.137638258258557,4,5.12485191424313,0,1.7777765984,3617,0.6,0,15,"both",0.166538671200727,-0.137638258258557
"161","session1",-11.2972478427966,28.4864004525537,4.10624429822159,4.29532431133516e-05,0.014115277159136,0.647398833626759,0.509972524090116,5,1,40,0.166538671200727,-0.137638258258557,5,2.49867246634868,0,-9.62352832582,3617,0.6,0,15,"both",0.166538671200727,-0.137638258258557
"162","session1",-11.2972478427966,28.4864004525537,4.10624429822159,4.29532431133516e-05,0.014115277159136,0.647398833626759,0.509972524090116,5,1,40,0.166538671200727,-0.137638258258557,5,1.24721980973327,0,5.4910922515,3617,0.6,0,15,"both",0.166538671200727,-0.137638258258557
"163","session1",-11.2972478427966,28.4864004525537,4.10624429822159,4.29532431133516e-05,0.014115277159136,0.647398833626759,0.509972524090116,5,1,40,0.166538671200727,-0.137638258258557,5,1.73581272270792,1,15.5266996689,3617,0.6,0,15,"both",0.166538671200727,-0.137638258258557
"164","session1",-11.2972478427966,28.4864004525537,4.10624429822159,4.29532431133516e-05,0.014115277159136,0.647398833626759,0.509972524090116,5,1,40,0.166538671200727,-0.137638258258557,5,1.10364857579243,1,8.016190747,3617,0.6,0,15,"both",0.166538671200727,-0.137638258258557
"165","session1",-11.2972478427966,28.4864004525537,4.10624429822159,4.29532431133516e-05,0.014115277159136,0.647398833626759,0.509972524090116,5,1,40,0.166538671200727,-0.137638258258557,5,2.29788367906312,1,-8.44239,3617,0.6,0,15,"both",0.166538671200727,-0.137638258258557
"166","session1",-11.2972478427966,28.4864004525537,4.10624429822159,4.29532431133516e-05,0.014115277159136,0.647398833626759,0.509972524090116,5,1,40,0.166538671200727,-0.137638258258557,5,5.00184163736284,1,-20.85695,3617,0.6,0,15,"both",0.166538671200727,-0.137638258258557
"167","session1",-11.2972478427966,28.4864004525537,4.10624429822159,4.29532431133516e-05,0.014115277159136,0.647398833626759,0.509972524090116,5,1,40,0.166538671200727,-0.137638258258557,5,5.65200710935213,0,-6.7054,3617,0.6,0,15,"both",0.166538671200727,-0.137638258258557
"168","session1",-11.2972478427966,28.4864004525537,4.10624429822159,4.29532431133516e-05,0.014115277159136,0.647398833626759,0.509972524090116,5,1,40,0.166538671200727,-0.137638258258557,5,1.83424595405649,1,49.9497,3617,0.6,0,15,"both",0.166538671200727,-0.137638258258557
"169","session1",-11.2972478427966,28.4864004525537,4.10624429822159,4.29532431133516e-05,0.014115277159136,0.647398833626759,0.509972524090116,5,1,40,0.166538671200727,-0.137638258258557,5,2.29428829500715,0,-4.66245,3617,0.6,0,15,"both",0.166538671200727,-0.137638258258557
"170","session1",-11.2972478427966,28.4864004525537,4.10624429822159,4.29532431133516e-05,0.014115277159136,0.647398833626759,0.509972524090116,5,1,40,0.166538671200727,-0.137638258258557,5,8,0,0.7541980244,3617,0.6,0,15,"both",0.166538671200727,-0.137638258258557
"171","session1",-11.2972478427966,28.4864004525537,4.10624429822159,4.29532431133516e-05,0.014115277159136,0.647398833626759,0.509972524090116,5,1,40,0.166538671200727,-0.137638258258557,5,4.09411338385483,0,-16.71892,3617,0.6,0,15,"both",0.166538671200727,-0.137638258258557
"172","session1",-11.2972478427966,28.4864004525537,4.10624429822159,4.29532431133516e-05,0.014115277159136,0.647398833626759,0.509972524090116,5,1,40,0.166538671200727,-0.137638258258557,5,3.51540068988241,1,-1.04152,3617,0.6,0,15,"both",0.166538671200727,-0.137638258258557
"173","session1",-11.2972478427966,28.4864004525537,4.10624429822159,4.29532431133516e-05,0.014115277159136,0.647398833626759,0.509972524090116,5,1,40,0.166538671200727,-0.137638258258557,5,1.20257095337806,0,-39.4526344,3617,0.6,0,15,"both",0.166538671200727,-0.137638258258557
"174","session1",-11.2972478427966,28.4864004525537,4.10624429822159,4.29532431133516e-05,0.014115277159136,0.647398833626759,0.509972524090116,5,1,40,0.166538671200727,-0.137638258258557,5,3.34393823316575,0,-37.25064,3617,0.6,0,15,"both",0.166538671200727,-0.137638258258557
"175","session1",-11.2972478427966,28.4864004525537,4.10624429822159,4.29532431133516e-05,0.014115277159136,0.647398833626759,0.509972524090116,5,1,40,0.166538671200727,-0.137638258258557,5,3.10974533076163,1,3.12128783,3617,0.6,0,15,"both",0.166538671200727,-0.137638258258557
"176","session1",-11.2972478427966,28.4864004525537,4.10624429822159,4.29532431133516e-05,0.014115277159136,0.647398833626759,0.509972524090116,5,1,40,0.166538671200727,-0.137638258258557,5,1.50096873679349,1,-1.43187104784,3617,0.6,0,15,"both",0.166538671200727,-0.137638258258557
"177","session1",-11.2972478427966,28.4864004525537,4.10624429822159,4.29532431133516e-05,0.014115277159136,0.647398833626759,0.509972524090116,5,1,40,0.166538671200727,-0.137638258258557,5,1.98162123598533,1,24.29616,3617,0.6,0,15,"both",0.166538671200727,-0.137638258258557
"178","session1",-11.2972478427966,28.4864004525537,4.10624429822159,4.29532431133516e-05,0.014115277159136,0.647398833626759,0.509972524090116,5,1,40,0.166538671200727,-0.137638258258557,5,1.59279433147064,1,21.201584,3617,0.6,0,15,"both",0.166538671200727,-0.137638258258557
"179","session1",-11.2972478427966,28.4864004525537,4.10624429822159,4.29532431133516e-05,0.014115277159136,0.647398833626759,0.509972524090116,5,1,40,0.166538671200727,-0.137638258258557,5,1.20620448350461,0,-2.71096928579,3617,0.6,0,15,"both",0.166538671200727,-0.137638258258557
"180","session1",-11.2972478427966,28.4864004525537,4.10624429822159,4.29532431133516e-05,0.014115277159136,0.647398833626759,0.509972524090116,5,1,40,0.166538671200727,-0.137638258258557,5,3.44841605725229,1,13.2469,3617,0.6,0,15,"both",0.166538671200727,-0.137638258258557
"181","session1",-11.2972478427966,28.4864004525537,4.10624429822159,4.29532431133516e-05,0.014115277159136,0.647398833626759,0.509972524090116,5,1,40,0.166538671200727,-0.137638258258557,5,8,0,-15.412732,3617,0.6,0,15,"both",0.166538671200727,-0.137638258258557
"182","session1",-11.2972478427966,28.4864004525537,4.10624429822159,4.29532431133516e-05,0.014115277159136,0.647398833626759,0.509972524090116,5,1,40,0.166538671200727,-0.137638258258557,5,6.65830878642091,1,-7.006022,3617,0.6,0,15,"both",0.166538671200727,-0.137638258258557
"183","session1",-11.2972478427966,28.4864004525537,4.10624429822159,4.29532431133516e-05,0.014115277159136,0.647398833626759,0.509972524090116,5,1,40,0.166538671200727,-0.137638258258557,5,3.07744969355515,0,-11.59483,3617,0.6,0,15,"both",0.166538671200727,-0.137638258258557
"184","session1",-11.2972478427966,28.4864004525537,4.10624429822159,4.29532431133516e-05,0.014115277159136,0.647398833626759,0.509972524090116,5,1,40,0.166538671200727,-0.137638258258557,5,3.76531972840303,1,-28.46424,3617,0.6,0,15,"both",0.166538671200727,-0.137638258258557
"185","session1",-11.2972478427966,28.4864004525537,4.10624429822159,4.29532431133516e-05,0.014115277159136,0.647398833626759,0.509972524090116,5,1,40,0.166538671200727,-0.137638258258557,5,2.6187642129172,1,0.1158,3617,0.6,0,15,"both",0.166538671200727,-0.137638258258557
"186","session1",-11.2972478427966,28.4864004525537,4.10624429822159,4.29532431133516e-05,0.014115277159136,0.647398833626759,0.509972524090116,5,1,40,0.166538671200727,-0.137638258258557,5,5.83824907228368,1,23.88269,3617,0.6,0,15,"both",0.166538671200727,-0.137638258258557
"187","session1",-11.2972478427966,28.4864004525537,4.10624429822159,4.29532431133516e-05,0.014115277159136,0.647398833626759,0.509972524090116,5,1,40,0.166538671200727,-0.137638258258557,5,2.37653570947285,0,-17.54945,3617,0.6,0,15,"both",0.166538671200727,-0.137638258258557
"188","session1",-11.2972478427966,28.4864004525537,4.10624429822159,4.29532431133516e-05,0.014115277159136,0.647398833626759,0.509972524090116,5,1,40,0.166538671200727,-0.137638258258557,5,1.23265940567993,1,36.39313,3617,0.6,0,15,"both",0.166538671200727,-0.137638258258557
"189","session1",-11.2972478427966,28.4864004525537,4.10624429822159,4.29532431133516e-05,0.014115277159136,0.647398833626759,0.509972524090116,5,1,40,0.166538671200727,-0.137638258258557,5,3.30165644494836,0,-15.17979,3617,0.6,0,15,"both",0.166538671200727,-0.137638258258557
"190","session1",-11.2972478427966,28.4864004525537,4.10624429822159,4.29532431133516e-05,0.014115277159136,0.647398833626759,0.509972524090116,5,1,40,0.166538671200727,-0.137638258258557,5,2.82875565259776,1,-1.03817,3617,0.6,0,15,"both",0.166538671200727,-0.137638258258557
"191","session1",-11.2972478427966,28.4864004525537,4.10624429822159,4.29532431133516e-05,0.014115277159136,0.647398833626759,0.509972524090116,5,1,40,0.166538671200727,-0.137638258258557,5,3.4706957831675,0,3.59716,3617,0.6,0,15,"both",0.166538671200727,-0.137638258258557
"192","session1",-11.2972478427966,28.4864004525537,4.10624429822159,4.29532431133516e-05,0.014115277159136,0.647398833626759,0.509972524090116,5,1,40,0.166538671200727,-0.137638258258557,5,1.86369289172546,1,11.6394,3617,0.6,0,15,"both",0.166538671200727,-0.137638258258557
"193","session1",-11.2972478427966,28.4864004525537,4.10624429822159,4.29532431133516e-05,0.014115277159136,0.647398833626759,0.509972524090116,5,1,40,0.166538671200727,-0.137638258258557,5,1.33447986819622,0,-5.9191,3617,0.6,0,15,"both",0.166538671200727,-0.137638258258557
"194","session1",-11.2972478427966,28.4864004525537,4.10624429822159,4.29532431133516e-05,0.014115277159136,0.647398833626759,0.509972524090116,5,1,40,0.166538671200727,-0.137638258258557,5,2.32299022178993,0,-7.84665,3617,0.6,0,15,"both",0.166538671200727,-0.137638258258557
"195","session1",-11.2972478427966,28.4864004525537,4.10624429822159,4.29532431133516e-05,0.014115277159136,0.647398833626759,0.509972524090116,5,1,40,0.166538671200727,-0.137638258258557,5,5.73062257291446,0,-0.70323,3617,0.6,0,15,"both",0.166538671200727,-0.137638258258557
"196","session1",-11.2972478427966,28.4864004525537,4.10624429822159,4.29532431133516e-05,0.014115277159136,0.647398833626759,0.509972524090116,5,1,40,0.166538671200727,-0.137638258258557,5,1.2842425496758,1,-7.70492,3617,0.6,0,15,"both",0.166538671200727,-0.137638258258557
"197","session1",-11.2972478427966,28.4864004525537,4.10624429822159,4.29532431133516e-05,0.014115277159136,0.647398833626759,0.509972524090116,5,1,40,0.166538671200727,-0.137638258258557,5,4.55823669002466,0,3.165531,3617,0.6,0,15,"both",0.166538671200727,-0.137638258258557
"198","session1",-11.2972478427966,28.4864004525537,4.10624429822159,4.29532431133516e-05,0.014115277159136,0.647398833626759,0.509972524090116,5,1,40,0.166538671200727,-0.137638258258557,5,2.43255332611415,1,21.54711,3617,0.6,0,15,"both",0.166538671200727,-0.137638258258557
"199","session1",-11.2972478427966,28.4864004525537,4.10624429822159,4.29532431133516e-05,0.014115277159136,0.647398833626759,0.509972524090116,5,1,40,0.166538671200727,-0.137638258258557,5,1.87606836927982,0,-43.98343,3617,0.6,0,15,"both",0.166538671200727,-0.137638258258557
"200","session1",-11.2972478427966,28.4864004525537,4.10624429822159,4.29532431133516e-05,0.014115277159136,0.647398833626759,0.509972524090116,5,1,40,0.166538671200727,-0.137638258258557,5,3.73646654915924,0,-17.22573,3617,0.6,0,15,"both",0.166538671200727,-0.137638258258557
"201","session1",0.455794669949151,10.3401278527009,1.45019097197708,0.00725271476116256,1.28763164621034,0.432605667183773,0.158202545572508,6,1,40,0.166538671200727,-0.137638258258557,6,6.19513896023829,1,9.0985658791,3617,0.6,0,15,"both",0.166538671200727,-0.137638258258557
"202","session1",0.455794669949151,10.3401278527009,1.45019097197708,0.00725271476116256,1.28763164621034,0.432605667183773,0.158202545572508,6,1,40,0.166538671200727,-0.137638258258557,6,5.10153715156312,1,-4.87693427075,3617,0.6,0,15,"both",0.166538671200727,-0.137638258258557
"203","session1",0.455794669949151,10.3401278527009,1.45019097197708,0.00725271476116256,1.28763164621034,0.432605667183773,0.158202545572508,6,1,40,0.166538671200727,-0.137638258258557,6,5.03402045489327,1,-13.6821857137,3617,0.6,0,15,"both",0.166538671200727,-0.137638258258557
"204","session1",0.455794669949151,10.3401278527009,1.45019097197708,0.00725271476116256,1.28763164621034,0.432605667183773,0.158202545572508,6,1,40,0.166538671200727,-0.137638258258557,6,5.52239008786217,0,-19.488966562,3617,0.6,0,15,"both",0.166538671200727,-0.137638258258557
"205","session1",0.455794669949151,10.3401278527009,1.45019097197708,0.00725271476116256,1.28763164621034,0.432605667183773,0.158202545572508,6,1,40,0.166538671200727,-0.137638258258557,6,3.7408235698486,1,-1.09937,3617,0.6,0,15,"both",0.166538671200727,-0.137638258258557
"206","session1",0.455794669949151,10.3401278527009,1.45019097197708,0.00725271476116256,1.28763164621034,0.432605667183773,0.158202545572508,6,1,40,0.166538671200727,-0.137638258258557,6,5.04989998063768,0,-11.51737,3617,0.6,0,15,"both",0.166538671200727,-0.137638258258557
"207","session1",0.455794669949151,10.3401278527009,1.45019097197708,0.00725271476116256,1.28763164621034,0.432605667183773,0.158202545572508,6,1,40,0.166538671200727,-0.137638258258557,6,7.2979801218914,0,-6.47274,3617,0.6,0,15,"both",0.166538671200727,-0.137638258258557
"208","session1",0.455794669949151,10.3401278527009,1.45019097197708,0.00725271476116256,1.28763164621034,0.432605667183773,0.158202545572508,6,1,40,0.166538671200727,-0.137638258258557,6,3.88884415443597,0,-27.62455,3617,0.6,0,15,"both",0.166538671200727,-0.137638258258557
"209","session1",0.455794669949151,10.3401278527009,1.45019097197708,0.00725271476116256,1.28763164621034,0.432605667183773,0.158202545572508,6,1,40,0.166538671200727,-0.137638258258557,6,5.80256546131544,0,-19.867892,3617,0.6,0,15,"both",0.166538671200727,-0.137638258258557
"210","session1",0.455794669949151,10.3401278527009,1.45019097197708,0.00725271476116256,1.28763164621034,0.432605667183773,0.158202545572508,6,1,40,0.166538671200727,-0.137638258258557,6,5.88597655545698,0,-6.3013710233,3617,0.6,0,15,"both",0.166538671200727,-0.137638258258557
"211","session1",0.455794669949151,10.3401278527009,1.45019097197708,0.00725271476116256,1.28763164621034,0.432605667183773,0.158202545572508,6,1,40,0.166538671200727,-0.137638258258557,6,4.47577929419497,0,-30.0219,3617,0.6,0,15,"both",0.166538671200727,-0.137638258258557
"212","session1",0.455794669949151,10.3401278527009,1.45019097197708,0.00725271476116256,1.28763164621034,0.432605667183773,0.158202545572508,6,1,40,0.166538671200727,-0.137638258258557,6,2.73694854686192,0,-45.975,3617,0.6,0,15,"both",0.166538671200727,-0.137638258258557
"213","session1",0.455794669949151,10.3401278527009,1.45019097197708,0.00725271476116256,1.28763164621034,0.432605667183773,0.158202545572508,6,1,40,0.166538671200727,-0.137638258258557,6,3.9042155710729,1,-6.38234,3617,0.6,0,15,"both",0.166538671200727,-0.137638258258557
"214","session1",0.455794669949151,10.3401278527009,1.45019097197708,0.00725271476116256,1.28763164621034,0.432605667183773,0.158202545572508,6,1,40,0.166538671200727,-0.137638258258557,6,4.14709969692391,0,-25.88825,3617,0.6,0,15,"both",0.166538671200727,-0.137638258258557
"215","session1",0.455794669949151,10.3401278527009,1.45019097197708,0.00725271476116256,1.28763164621034,0.432605667183773,0.158202545572508,6,1,40,0.166538671200727,-0.137638258258557,6,4.4199223806242,0,-17.12443,3617,0.6,0,15,"both",0.166538671200727,-0.137638258258557
"216","session1",0.455794669949151,10.3401278527009,1.45019097197708,0.00725271476116256,1.28763164621034,0.432605667183773,0.158202545572508,6,1,40,0.166538671200727,-0.137638258258557,6,3.01838406885852,1,12.4734,3617,0.6,0,15,"both",0.166538671200727,-0.137638258258557
"217","session1",0.455794669949151,10.3401278527009,1.45019097197708,0.00725271476116256,1.28763164621034,0.432605667183773,0.158202545572508,6,1,40,0.166538671200727,-0.137638258258557,6,1.83115950141612,1,6.99413,3617,0.6,0,15,"both",0.166538671200727,-0.137638258258557
"218","session1",0.455794669949151,10.3401278527009,1.45019097197708,0.00725271476116256,1.28763164621034,0.432605667183773,0.158202545572508,6,1,40,0.166538671200727,-0.137638258258557,6,2.81043605508337,0,-22.2913,3617,0.6,0,15,"both",0.166538671200727,-0.137638258258557
"219","session1",0.455794669949151,10.3401278527009,1.45019097197708,0.00725271476116256,1.28763164621034,0.432605667183773,0.158202545572508,6,1,40,0.166538671200727,-0.137638258258557,6,8,0,-0.23555,3617,0.6,0,15,"both",0.166538671200727,-0.137638258258557
"220","session1",0.455794669949151,10.3401278527009,1.45019097197708,0.00725271476116256,1.28763164621034,0.432605667183773,0.158202545572508,6,1,40,0.166538671200727,-0.137638258258557,6,8,1,1.2364,3617,0.6,0,15,"both",0.166538671200727,-0.137638258258557
"221","session1",0.455794669949151,10.3401278527009,1.45019097197708,0.00725271476116256,1.28763164621034,0.432605667183773,0.158202545572508,6,1,40,0.166538671200727,-0.137638258258557,6,5.06999030285427,1,-6.07195,3617,0.6,0,15,"both",0.166538671200727,-0.137638258258557
"222","session1",0.455794669949151,10.3401278527009,1.45019097197708,0.00725271476116256,1.28763164621034,0.432605667183773,0.158202545572508,6,1,40,0.166538671200727,-0.137638258258557,6,3.40012186342381,0,-6.85223082,3617,0.6,0,15,"both",0.166538671200727,-0.137638258258557
"223","session1",0.455794669949151,10.3401278527009,1.45019097197708,0.00725271476116256,1.28763164621034,0.432605667183773,0.158202545572508,6,1,40,0.166538671200727,-0.137638258258557,6,5.04594552698323,0,-18.26852,3617,0.6,0,15,"both",0.166538671200727,-0.137638258258557
"224","session1",0.455794669949151,10.3401278527009,1.45019097197708,0.00725271476116256,1.28763164621034,0.432605667183773,0.158202545572508,6,1,40,0.166538671200727,-0.137638258258557,6,6.35918988203521,0,-21.0842,3617,0.6,0,15,"both",0.166538671200727,-0.137638258258557
"225","session1",0.455794669949151,10.3401278527009,1.45019097197708,0.00725271476116256,1.28763164621034,0.432605667183773,0.158202545572508,6,1,40,0.166538671200727,-0.137638258258557,6,3.95179183164631,0,-20.15862,3617,0.6,0,15,"both",0.166538671200727,-0.137638258258557
"226","session1",0.455794669949151,10.3401278527009,1.45019097197708,0.00725271476116256,1.28763164621034,0.432605667183773,0.158202545572508,6,1,40,0.166538671200727,-0.137638258258557,6,3.08117123210742,0,-15.67519,3617,0.6,0,15,"both",0.166538671200727,-0.137638258258557
"227","session1",0.455794669949151,10.3401278527009,1.45019097197708,0.00725271476116256,1.28763164621034,0.432605667183773,0.158202545572508,6,1,40,0.166538671200727,-0.137638258258557,6,5.6398320275185,1,5.2655,3617,0.6,0,15,"both",0.166538671200727,-0.137638258258557
"228","session1",0.455794669949151,10.3401278527009,1.45019097197708,0.00725271476116256,1.28763164621034,0.432605667183773,0.158202545572508,6,1,40,0.166538671200727,-0.137638258258557,6,6.74159298399626,1,10.81568,3617,0.6,0,15,"both",0.166538671200727,-0.137638258258557
"229","session1",0.455794669949151,10.3401278527009,1.45019097197708,0.00725271476116256,1.28763164621034,0.432605667183773,0.158202545572508,6,1,40,0.166538671200727,-0.137638258258557,6,5.53324706537734,1,3.759,3617,0.6,0,15,"both",0.166538671200727,-0.137638258258557
"230","session1",0.455794669949151,10.3401278527009,1.45019097197708,0.00725271476116256,1.28763164621034,0.432605667183773,0.158202545572508,6,1,40,0.166538671200727,-0.137638258258557,6,3.02977708282584,1,-1.82555,3617,0.6,0,15,"both",0.166538671200727,-0.137638258258557
"231","session1",0.455794669949151,10.3401278527009,1.45019097197708,0.00725271476116256,1.28763164621034,0.432605667183773,0.158202545572508,6,1,40,0.166538671200727,-0.137638258258557,6,7.53316877407674,0,-10.51333,3617,0.6,0,15,"both",0.166538671200727,-0.137638258258557
"232","session1",0.455794669949151,10.3401278527009,1.45019097197708,0.00725271476116256,1.28763164621034,0.432605667183773,0.158202545572508,6,1,40,0.166538671200727,-0.137638258258557,6,3.19852815387228,0,-5.05439,3617,0.6,0,15,"both",0.166538671200727,-0.137638258258557
"233","session1",0.455794669949151,10.3401278527009,1.45019097197708,0.00725271476116256,1.28763164621034,0.432605667183773,0.158202545572508,6,1,40,0.166538671200727,-0.137638258258557,6,6.61137906131473,1,2.34601,3617,0.6,0,15,"both",0.166538671200727,-0.137638258258557
"234","session1",0.455794669949151,10.3401278527009,1.45019097197708,0.00725271476116256,1.28763164621034,0.432605667183773,0.158202545572508,6,1,40,0.166538671200727,-0.137638258258557,6,4.14315765149315,0,-20.60066,3617,0.6,0,15,"both",0.166538671200727,-0.137638258258557
"235","session1",0.455794669949151,10.3401278527009,1.45019097197708,0.00725271476116256,1.28763164621034,0.432605667183773,0.158202545572508,6,1,40,0.166538671200727,-0.137638258258557,6,4.55271391898053,1,-15.02878,3617,0.6,0,15,"both",0.166538671200727,-0.137638258258557
"236","session1",0.455794669949151,10.3401278527009,1.45019097197708,0.00725271476116256,1.28763164621034,0.432605667183773,0.158202545572508,6,1,40,0.166538671200727,-0.137638258258557,6,5.29592999275746,0,-11.17087,3617,0.6,0,15,"both",0.166538671200727,-0.137638258258557
"237","session1",0.455794669949151,10.3401278527009,1.45019097197708,0.00725271476116256,1.28763164621034,0.432605667183773,0.158202545572508,6,1,40,0.166538671200727,-0.137638258258557,6,3.85172576011492,0,-12.6559,3617,0.6,0,15,"both",0.166538671200727,-0.137638258258557
"238","session1",0.455794669949151,10.3401278527009,1.45019097197708,0.00725271476116256,1.28763164621034,0.432605667183773,0.158202545572508,6,1,40,0.166538671200727,-0.137638258258557,6,7.34767453063682,0,-10.45365,3617,0.6,0,15,"both",0.166538671200727,-0.137638258258557
"239","session1",0.455794669949151,10.3401278527009,1.45019097197708,0.00725271476116256,1.28763164621034,0.432605667183773,0.158202545572508,6,1,40,0.166538671200727,-0.137638258258557,6,5.19779059876603,1,-3.91356,3617,0.6,0,15,"both",0.166538671200727,-0.137638258258557
"240","session1",0.455794669949151,10.3401278527009,1.45019097197708,0.00725271476116256,1.28763164621034,0.432605667183773,0.158202545572508,6,1,40,0.166538671200727,-0.137638258258557,6,4.49653761447887,0,-13.74911,3617,0.6,0,15,"both",0.166538671200727,-0.137638258258557
"241","session1",-3.26191088800959,10.9139964445339,1.12877829847731,0.00413129726581714,1.0622297314659,0.277797387482088,0.175370663462387,7,1,40,0.166538671200727,-0.137638258258557,7,3.12769437426829,1,9.6012911511,3617,0.6,0,15,"both",0.166538671200727,-0.137638258258557
"242","session1",-3.26191088800959,10.9139964445339,1.12877829847731,0.00413129726581714,1.0622297314659,0.277797387482088,0.175370663462387,7,1,40,0.166538671200727,-0.137638258258557,7,3.81824107120099,0,-7.230454074,3617,0.6,0,15,"both",0.166538671200727,-0.137638258258557
"243","session1",-3.26191088800959,10.9139964445339,1.12877829847731,0.00413129726581714,1.0622297314659,0.277797387482088,0.175370663462387,7,1,40,0.166538671200727,-0.137638258258557,7,4.52373224722988,1,-0.5614492678,3617,0.6,0,15,"both",0.166538671200727,-0.137638258258557
"244","session1",-3.26191088800959,10.9139964445339,1.12877829847731,0.00413129726581714,1.0622297314659,0.277797387482088,0.175370663462387,7,1,40,0.166538671200727,-0.137638258258557,7,4.17475833509888,1,-2.8320088953,3617,0.6,0,15,"both",0.166538671200727,-0.137638258258557
"245","session1",-3.26191088800959,10.9139964445339,1.12877829847731,0.00413129726581714,1.0622297314659,0.277797387482088,0.175370663462387,7,1,40,0.166538671200727,-0.137638258258557,7,3.7835933809101,0,-7.52132,3617,0.6,0,15,"both",0.166538671200727,-0.137638258258557
"246","session1",-3.26191088800959,10.9139964445339,1.12877829847731,0.00413129726581714,1.0622297314659,0.277797387482088,0.175370663462387,7,1,40,0.166538671200727,-0.137638258258557,7,3.24902981481009,0,-17.3579,3617,0.6,0,15,"both",0.166538671200727,-0.137638258258557
"247","session1",-3.26191088800959,10.9139964445339,1.12877829847731,0.00413129726581714,1.0622297314659,0.277797387482088,0.175370663462387,7,1,40,0.166538671200727,-0.137638258258557,7,2.23682639984035,0,-9.14812,3617,0.6,0,15,"both",0.166538671200727,-0.137638258258557
"248","session1",-3.26191088800959,10.9139964445339,1.12877829847731,0.00413129726581714,1.0622297314659,0.277797387482088,0.175370663462387,7,1,40,0.166538671200727,-0.137638258258557,7,5.19873455997371,1,-13.5748,3617,0.6,0,15,"both",0.166538671200727,-0.137638258258557
"249","session1",-3.26191088800959,10.9139964445339,1.12877829847731,0.00413129726581714,1.0622297314659,0.277797387482088,0.175370663462387,7,1,40,0.166538671200727,-0.137638258258557,7,3.99066109653208,1,2.95342,3617,0.6,0,15,"both",0.166538671200727,-0.137638258258557
"250","session1",-3.26191088800959,10.9139964445339,1.12877829847731,0.00413129726581714,1.0622297314659,0.277797387482088,0.175370663462387,7,1,40,0.166538671200727,-0.137638258258557,7,3.64917977174461,0,-16.49139,3617,0.6,0,15,"both",0.166538671200727,-0.137638258258557
"251","session1",-3.26191088800959,10.9139964445339,1.12877829847731,0.00413129726581714,1.0622297314659,0.277797387482088,0.175370663462387,7,1,40,0.166538671200727,-0.137638258258557,7,3.24974262358311,1,16.46118,3617,0.6,0,15,"both",0.166538671200727,-0.137638258258557
"252","session1",-3.26191088800959,10.9139964445339,1.12877829847731,0.00413129726581714,1.0622297314659,0.277797387482088,0.175370663462387,7,1,40,0.166538671200727,-0.137638258258557,7,5.19444356274599,0,-4.9457771114,3617,0.6,0,15,"both",0.166538671200727,-0.137638258258557
"253","session1",-3.26191088800959,10.9139964445339,1.12877829847731,0.00413129726581714,1.0622297314659,0.277797387482088,0.175370663462387,7,1,40,0.166538671200727,-0.137638258258557,7,3.97673048016206,0,-48.61119,3617,0.6,0,15,"both",0.166538671200727,-0.137638258258557
"254","session1",-3.26191088800959,10.9139964445339,1.12877829847731,0.00413129726581714,1.0622297314659,0.277797387482088,0.175370663462387,7,1,40,0.166538671200727,-0.137638258258557,7,4.4113540617468,1,-5.70797,3617,0.6,0,15,"both",0.166538671200727,-0.137638258258557
"255","session1",-3.26191088800959,10.9139964445339,1.12877829847731,0.00413129726581714,1.0622297314659,0.277797387482088,0.175370663462387,7,1,40,0.166538671200727,-0.137638258258557,7,3.81183053302033,1,-8.57461,3617,0.6,0,15,"both",0.166538671200727,-0.137638258258557
"256","session1",-3.26191088800959,10.9139964445339,1.12877829847731,0.00413129726581714,1.0622297314659,0.277797387482088,0.175370663462387,7,1,40,0.166538671200727,-0.137638258258557,7,5.46369481945641,0,-19.94466,3617,0.6,0,15,"both",0.166538671200727,-0.137638258258557
"257","session1",-3.26191088800959,10.9139964445339,1.12877829847731,0.00413129726581714,1.0622297314659,0.277797387482088,0.175370663462387,7,1,40,0.166538671200727,-0.137638258258557,7,3.9816504761134,0,-16.9267,3617,0.6,0,15,"both",0.166538671200727,-0.137638258258557
"258","session1",-3.26191088800959,10.9139964445339,1.12877829847731,0.00413129726581714,1.0622297314659,0.277797387482088,0.175370663462387,7,1,40,0.166538671200727,-0.137638258258557,7,4.33821439440788,1,2.72485,3617,0.6,0,15,"both",0.166538671200727,-0.137638258258557
"259","session1",-3.26191088800959,10.9139964445339,1.12877829847731,0.00413129726581714,1.0622297314659,0.277797387482088,0.175370663462387,7,1,40,0.166538671200727,-0.137638258258557,7,4.1258648564575,1,2.11658,3617,0.6,0,15,"both",0.166538671200727,-0.137638258258557
"260","session1",-3.26191088800959,10.9139964445339,1.12877829847731,0.00413129726581714,1.0622297314659,0.277797387482088,0.175370663462387,7,1,40,0.166538671200727,-0.137638258258557,7,4.79105829826549,0,-11.80995,3617,0.6,0,15,"both",0.166538671200727,-0.137638258258557
"261","session1",-3.26191088800959,10.9139964445339,1.12877829847731,0.00413129726581714,1.0622297314659,0.277797387482088,0.175370663462387,7,1,40,0.166538671200727,-0.137638258258557,7,4.04931260411431,1,10.91672,3617,0.6,0,15,"both",0.166538671200727,-0.137638258258557
"262","session1",-3.26191088800959,10.9139964445339,1.12877829847731,0.00413129726581714,1.0622297314659,0.277797387482088,0.175370663462387,7,1,40,0.166538671200727,-0.137638258258557,7,3.78478095072441,0,-8.69063,3617,0.6,0,15,"both",0.166538671200727,-0.137638258258557
"263","session1",-3.26191088800959,10.9139964445339,1.12877829847731,0.00413129726581714,1.0622297314659,0.277797387482088,0.175370663462387,7,1,40,0.166538671200727,-0.137638258258557,7,3.43403926980237,0,-4.37174,3617,0.6,0,15,"both",0.166538671200727,-0.137638258258557
"264","session1",-3.26191088800959,10.9139964445339,1.12877829847731,0.00413129726581714,1.0622297314659,0.277797387482088,0.175370663462387,7,1,40,0.166538671200727,-0.137638258258557,7,3.14039885301682,0,-10.630551,3617,0.6,0,15,"both",0.166538671200727,-0.137638258258557
"265","session1",-3.26191088800959,10.9139964445339,1.12877829847731,0.00413129726581714,1.0622297314659,0.277797387482088,0.175370663462387,7,1,40,0.166538671200727,-0.137638258258557,7,5.19562559691958,0,-8.48082,3617,0.6,0,15,"both",0.166538671200727,-0.137638258258557
"266","session1",-3.26191088800959,10.9139964445339,1.12877829847731,0.00413129726581714,1.0622297314659,0.277797387482088,0.175370663462387,7,1,40,0.166538671200727,-0.137638258258557,7,4.41165003069166,0,-8.65294,3617,0.6,0,15,"both",0.166538671200727,-0.137638258258557
"267","session1",-3.26191088800959,10.9139964445339,1.12877829847731,0.00413129726581714,1.0622297314659,0.277797387482088,0.175370663462387,7,1,40,0.166538671200727,-0.137638258258557,7,3.78168359637995,1,5.11639,3617,0.6,0,15,"both",0.166538671200727,-0.137638258258557
"268","session1",-3.26191088800959,10.9139964445339,1.12877829847731,0.00413129726581714,1.0622297314659,0.277797387482088,0.175370663462387,7,1,40,0.166538671200727,-0.137638258258557,7,3.97982169079195,0,-4.03646,3617,0.6,0,15,"both",0.166538671200727,-0.137638258258557
"269","session1",-3.26191088800959,10.9139964445339,1.12877829847731,0.00413129726581714,1.0622297314659,0.277797387482088,0.175370663462387,7,1,40,0.166538671200727,-0.137638258258557,7,4.82931192095799,1,-10.52855,3617,0.6,0,15,"both",0.166538671200727,-0.137638258258557
"270","session1",-3.26191088800959,10.9139964445339,1.12877829847731,0.00413129726581714,1.0622297314659,0.277797387482088,0.175370663462387,7,1,40,0.166538671200727,-0.137638258258557,7,3.89409238238677,1,5.99625,3617,0.6,0,15,"both",0.166538671200727,-0.137638258258557
"271","session1",-3.26191088800959,10.9139964445339,1.12877829847731,0.00413129726581714,1.0622297314659,0.277797387482088,0.175370663462387,7,1,40,0.166538671200727,-0.137638258258557,7,5.73652843923882,0,-13.78026,3617,0.6,0,15,"both",0.166538671200727,-0.137638258258557
"272","session1",-3.26191088800959,10.9139964445339,1.12877829847731,0.00413129726581714,1.0622297314659,0.277797387482088,0.175370663462387,7,1,40,0.166538671200727,-0.137638258258557,7,2.55915374373608,0,-7.07625,3617,0.6,0,15,"both",0.166538671200727,-0.137638258258557
"273","session1",-3.26191088800959,10.9139964445339,1.12877829847731,0.00413129726581714,1.0622297314659,0.277797387482088,0.175370663462387,7,1,40,0.166538671200727,-0.137638258258557,7,4.7165365853024,1,-0.64001,3617,0.6,0,15,"both",0.166538671200727,-0.137638258258557
"274","session1",-3.26191088800959,10.9139964445339,1.12877829847731,0.00413129726581714,1.0622297314659,0.277797387482088,0.175370663462387,7,1,40,0.166538671200727,-0.137638258258557,7,3.84741277344867,1,0.30936,3617,0.6,0,15,"both",0.166538671200727,-0.137638258258557
"275","session1",-3.26191088800959,10.9139964445339,1.12877829847731,0.00413129726581714,1.0622297314659,0.277797387482088,0.175370663462387,7,1,40,0.166538671200727,-0.137638258258557,7,7.15465785778197,0,-9.29452,3617,0.6,0,15,"both",0.166538671200727,-0.137638258258557
"276","session1",-3.26191088800959,10.9139964445339,1.12877829847731,0.00413129726581714,1.0622297314659,0.277797387482088,0.175370663462387,7,1,40,0.166538671200727,-0.137638258258557,7,4.09163973821243,1,-5.70911,3617,0.6,0,15,"both",0.166538671200727,-0.137638258258557
"277","session1",-3.26191088800959,10.9139964445339,1.12877829847731,0.00413129726581714,1.0622297314659,0.277797387482088,0.175370663462387,7,1,40,0.166538671200727,-0.137638258258557,7,2.97911517302157,1,-0.10331,3617,0.6,0,15,"both",0.166538671200727,-0.137638258258557
"278","session1",-3.26191088800959,10.9139964445339,1.12877829847731,0.00413129726581714,1.0622297314659,0.277797387482088,0.175370663462387,7,1,40,0.166538671200727,-0.137638258258557,7,3.34839034582016,0,-1.836114,3617,0.6,0,15,"both",0.166538671200727,-0.137638258258557
"279","session1",-3.26191088800959,10.9139964445339,1.12877829847731,0.00413129726581714,1.0622297314659,0.277797387482088,0.175370663462387,7,1,40,0.166538671200727,-0.137638258258557,7,3.40614411117085,0,-16.06116,3617,0.6,0,15,"both",0.166538671200727,-0.137638258258557
"280","session1",-3.26191088800959,10.9139964445339,1.12877829847731,0.00413129726581714,1.0622297314659,0.277797387482088,0.175370663462387,7,1,40,0.166538671200727,-0.137638258258557,7,4.25667939371249,0,-6.23157,3617,0.6,0,15,"both",0.166538671200727,-0.137638258258557
"281","session1",-12.039600305739,18.6573052484549,2.60950534713349,9.63310377839617e-05,0.0893373736666327,0.683278919642556,0.607314263039415,8,1,40,0.166538671200727,-0.137638258258557,8,1.62036032520249,1,10.347184761,3617,0.6,0,15,"both",0.166538671200727,-0.137638258258557
"282","session1",-12.039600305739,18.6573052484549,2.60950534713349,9.63310377839617e-05,0.0893373736666327,0.683278919642556,0.607314263039415,8,1,40,0.166538671200727,-0.137638258258557,8,3.47826516613472,0,-4.196408493,3617,0.6,0,15,"both",0.166538671200727,-0.137638258258557
"283","session1",-12.039600305739,18.6573052484549,2.60950534713349,9.63310377839617e-05,0.0893373736666327,0.683278919642556,0.607314263039415,8,1,40,0.166538671200727,-0.137638258258557,8,2.63165418907047,1,1.2398343409,3617,0.6,0,15,"both",0.166538671200727,-0.137638258258557
"284","session1",-12.039600305739,18.6573052484549,2.60950534713349,9.63310377839617e-05,0.0893373736666327,0.683278919642556,0.607314263039415,8,1,40,0.166538671200727,-0.137638258258557,8,2.48826670465846,1,-5.16798520184,3617,0.6,0,15,"both",0.166538671200727,-0.137638258258557
"285","session1",-12.039600305739,18.6573052484549,2.60950534713349,9.63310377839617e-05,0.0893373736666327,0.683278919642556,0.607314263039415,8,1,40,0.166538671200727,-0.137638258258557,8,4.61352771958807,0,-27.03775,3617,0.6,0,15,"both",0.166538671200727,-0.137638258258557
"286","session1",-12.039600305739,18.6573052484549,2.60950534713349,9.63310377839617e-05,0.0893373736666327,0.683278919642556,0.607314263039415,8,1,40,0.166538671200727,-0.137638258258557,8,2.78128425415866,0,-34.3327,3617,0.6,0,15,"both",0.166538671200727,-0.137638258258557
"287","session1",-12.039600305739,18.6573052484549,2.60950534713349,9.63310377839617e-05,0.0893373736666327,0.683278919642556,0.607314263039415,8,1,40,0.166538671200727,-0.137638258258557,8,1.95181720482228,1,-7.54302,3617,0.6,0,15,"both",0.166538671200727,-0.137638258258557
"288","session1",-12.039600305739,18.6573052484549,2.60950534713349,9.63310377839617e-05,0.0893373736666327,0.683278919642556,0.607314263039415,8,1,40,0.166538671200727,-0.137638258258557,8,2.20003337321096,0,-23.6648,3617,0.6,0,15,"both",0.166538671200727,-0.137638258258557
"289","session1",-12.039600305739,18.6573052484549,2.60950534713349,9.63310377839617e-05,0.0893373736666327,0.683278919642556,0.607314263039415,8,1,40,0.166538671200727,-0.137638258258557,8,1.60518731421333,0,-20.54457,3617,0.6,0,15,"both",0.166538671200727,-0.137638258258557
"290","session1",-12.039600305739,18.6573052484549,2.60950534713349,9.63310377839617e-05,0.0893373736666327,0.683278919642556,0.607314263039415,8,1,40,0.166538671200727,-0.137638258258557,8,8,1,-22.98937,3617,0.6,0,15,"both",0.166538671200727,-0.137638258258557
"291","session1",-12.039600305739,18.6573052484549,2.60950534713349,9.63310377839617e-05,0.0893373736666327,0.683278919642556,0.607314263039415,8,1,40,0.166538671200727,-0.137638258258557,8,5.69360227759373,0,-11.24202,3617,0.6,0,15,"both",0.166538671200727,-0.137638258258557
"292","session1",-12.039600305739,18.6573052484549,2.60950534713349,9.63310377839617e-05,0.0893373736666327,0.683278919642556,0.607314263039415,8,1,40,0.166538671200727,-0.137638258258557,8,2.30767308183202,1,3.4765,3617,0.6,0,15,"both",0.166538671200727,-0.137638258258557
"293","session1",-12.039600305739,18.6573052484549,2.60950534713349,9.63310377839617e-05,0.0893373736666327,0.683278919642556,0.607314263039415,8,1,40,0.166538671200727,-0.137638258258557,8,2.73965219558588,1,7.2061,3617,0.6,0,15,"both",0.166538671200727,-0.137638258258557
"294","session1",-12.039600305739,18.6573052484549,2.60950534713349,9.63310377839617e-05,0.0893373736666327,0.683278919642556,0.607314263039415,8,1,40,0.166538671200727,-0.137638258258557,8,7.16789191047484,1,-11.63185,3617,0.6,0,15,"both",0.166538671200727,-0.137638258258557
"295","session1",-12.039600305739,18.6573052484549,2.60950534713349,9.63310377839617e-05,0.0893373736666327,0.683278919642556,0.607314263039415,8,1,40,0.166538671200727,-0.137638258258557,8,1.00318645653646,0,-34.5516,3617,0.6,0,15,"both",0.166538671200727,-0.137638258258557
"296","session1",-12.039600305739,18.6573052484549,2.60950534713349,9.63310377839617e-05,0.0893373736666327,0.683278919642556,0.607314263039415,8,1,40,0.166538671200727,-0.137638258258557,8,2.06226652570296,1,-25.0976,3617,0.6,0,15,"both",0.166538671200727,-0.137638258258557
"297","session1",-12.039600305739,18.6573052484549,2.60950534713349,9.63310377839617e-05,0.0893373736666327,0.683278919642556,0.607314263039415,8,1,40,0.166538671200727,-0.137638258258557,8,3.75777681739092,1,19.58135,3617,0.6,0,15,"both",0.166538671200727,-0.137638258258557
"298","session1",-12.039600305739,18.6573052484549,2.60950534713349,9.63310377839617e-05,0.0893373736666327,0.683278919642556,0.607314263039415,8,1,40,0.166538671200727,-0.137638258258557,8,1.38544571835214,1,16.954392,3617,0.6,0,15,"both",0.166538671200727,-0.137638258258557
"299","session1",-12.039600305739,18.6573052484549,2.60950534713349,9.63310377839617e-05,0.0893373736666327,0.683278919642556,0.607314263039415,8,1,40,0.166538671200727,-0.137638258258557,8,1.16633224598659,0,-36.8068,3617,0.6,0,15,"both",0.166538671200727,-0.137638258258557
"300","session1",-12.039600305739,18.6573052484549,2.60950534713349,9.63310377839617e-05,0.0893373736666327,0.683278919642556,0.607314263039415,8,1,40,0.166538671200727,-0.137638258258557,8,4.97112397277889,0,-12.4431,3617,0.6,0,15,"both",0.166538671200727,-0.137638258258557
"301","session1",-12.039600305739,18.6573052484549,2.60950534713349,9.63310377839617e-05,0.0893373736666327,0.683278919642556,0.607314263039415,8,1,40,0.166538671200727,-0.137638258258557,8,6.41450794960289,0,-13.26938,3617,0.6,0,15,"both",0.166538671200727,-0.137638258258557
"302","session1",-12.039600305739,18.6573052484549,2.60950534713349,9.63310377839617e-05,0.0893373736666327,0.683278919642556,0.607314263039415,8,1,40,0.166538671200727,-0.137638258258557,8,1.28221219722273,1,27.57975,3617,0.6,0,15,"both",0.166538671200727,-0.137638258258557
"303","session1",-12.039600305739,18.6573052484549,2.60950534713349,9.63310377839617e-05,0.0893373736666327,0.683278919642556,0.607314263039415,8,1,40,0.166538671200727,-0.137638258258557,8,2.55165248351944,0,-22.82783,3617,0.6,0,15,"both",0.166538671200727,-0.137638258258557
"304","session1",-12.039600305739,18.6573052484549,2.60950534713349,9.63310377839617e-05,0.0893373736666327,0.683278919642556,0.607314263039415,8,1,40,0.166538671200727,-0.137638258258557,8,3.07622540569724,0,-19.97,3617,0.6,0,15,"both",0.166538671200727,-0.137638258258557
"305","session1",-12.039600305739,18.6573052484549,2.60950534713349,9.63310377839617e-05,0.0893373736666327,0.683278919642556,0.607314263039415,8,1,40,0.166538671200727,-0.137638258258557,8,2.67727392881548,0,3.57906,3617,0.6,0,15,"both",0.166538671200727,-0.137638258258557
"306","session1",-12.039600305739,18.6573052484549,2.60950534713349,9.63310377839617e-05,0.0893373736666327,0.683278919642556,0.607314263039415,8,1,40,0.166538671200727,-0.137638258258557,8,1.69061237362912,1,5.74133,3617,0.6,0,15,"both",0.166538671200727,-0.137638258258557
"307","session1",-12.039600305739,18.6573052484549,2.60950534713349,9.63310377839617e-05,0.0893373736666327,0.683278919642556,0.607314263039415,8,1,40,0.166538671200727,-0.137638258258557,8,2.87118240706178,1,-22.17113,3617,0.6,0,15,"both",0.166538671200727,-0.137638258258557
"308","session1",-12.039600305739,18.6573052484549,2.60950534713349,9.63310377839617e-05,0.0893373736666327,0.683278919642556,0.607314263039415,8,1,40,0.166538671200727,-0.137638258258557,8,3.23781976812168,0,-1.5622,3617,0.6,0,15,"both",0.166538671200727,-0.137638258258557
"309","session1",-12.039600305739,18.6573052484549,2.60950534713349,9.63310377839617e-05,0.0893373736666327,0.683278919642556,0.607314263039415,8,1,40,0.166538671200727,-0.137638258258557,8,3.16290411094933,1,5.83872,3617,0.6,0,15,"both",0.166538671200727,-0.137638258258557
"310","session1",-12.039600305739,18.6573052484549,2.60950534713349,9.63310377839617e-05,0.0893373736666327,0.683278919642556,0.607314263039415,8,1,40,0.166538671200727,-0.137638258258557,8,2.65038407772861,0,-8.5382494527,3617,0.6,0,15,"both",0.166538671200727,-0.137638258258557
"311","session1",-12.039600305739,18.6573052484549,2.60950534713349,9.63310377839617e-05,0.0893373736666327,0.683278919642556,0.607314263039415,8,1,40,0.166538671200727,-0.137638258258557,8,2.84194080902484,1,-15.34804,3617,0.6,0,15,"both",0.166538671200727,-0.137638258258557
"312","session1",-12.039600305739,18.6573052484549,2.60950534713349,9.63310377839617e-05,0.0893373736666327,0.683278919642556,0.607314263039415,8,1,40,0.166538671200727,-0.137638258258557,8,2.33737150940965,0,-27.6335,3617,0.6,0,15,"both",0.166538671200727,-0.137638258258557
"313","session1",-12.039600305739,18.6573052484549,2.60950534713349,9.63310377839617e-05,0.0893373736666327,0.683278919642556,0.607314263039415,8,1,40,0.166538671200727,-0.137638258258557,8,4.23526282285244,0,1.8172,3617,0.6,0,15,"both",0.166538671200727,-0.137638258258557
"314","session1",-12.039600305739,18.6573052484549,2.60950534713349,9.63310377839617e-05,0.0893373736666327,0.683278919642556,0.607314263039415,8,1,40,0.166538671200727,-0.137638258258557,8,8,0,-17.64206,3617,0.6,0,15,"both",0.166538671200727,-0.137638258258557
"315","session1",-12.039600305739,18.6573052484549,2.60950534713349,9.63310377839617e-05,0.0893373736666327,0.683278919642556,0.607314263039415,8,1,40,0.166538671200727,-0.137638258258557,8,3.47597536001323,0,-26.87527,3617,0.6,0,15,"both",0.166538671200727,-0.137638258258557
"316","session1",-12.039600305739,18.6573052484549,2.60950534713349,9.63310377839617e-05,0.0893373736666327,0.683278919642556,0.607314263039415,8,1,40,0.166538671200727,-0.137638258258557,8,1.78441493093985,0,-25.40166,3617,0.6,0,15,"both",0.166538671200727,-0.137638258258557
"317","session1",-12.039600305739,18.6573052484549,2.60950534713349,9.63310377839617e-05,0.0893373736666327,0.683278919642556,0.607314263039415,8,1,40,0.166538671200727,-0.137638258258557,8,1.77882574460665,0,-8.24508,3617,0.6,0,15,"both",0.166538671200727,-0.137638258258557
"318","session1",-12.039600305739,18.6573052484549,2.60950534713349,9.63310377839617e-05,0.0893373736666327,0.683278919642556,0.607314263039415,8,1,40,0.166538671200727,-0.137638258258557,8,1.01554097371016,1,7.16674,3617,0.6,0,15,"both",0.166538671200727,-0.137638258258557
"319","session1",-12.039600305739,18.6573052484549,2.60950534713349,9.63310377839617e-05,0.0893373736666327,0.683278919642556,0.607314263039415,8,1,40,0.166538671200727,-0.137638258258557,8,3.11427471753564,0,-22.97547,3617,0.6,0,15,"both",0.166538671200727,-0.137638258258557
"320","session1",-12.039600305739,18.6573052484549,2.60950534713349,9.63310377839617e-05,0.0893373736666327,0.683278919642556,0.607314263039415,8,1,40,0.166538671200727,-0.137638258258557,8,6.69232477563765,0,-24.02726,3617,0.6,0,15,"both",0.166538671200727,-0.137638258258557
"321","session1",-23.7332265464329,10.3541646506755,2.93973887385817,0.144653403911915,0.0423451606351901,0.606535025200955,0.699752415647906,9,1,40,0.166538671200727,-0.137638258258557,9,3.17600443913346,1,-8.5141638076,3617,0.6,0,15,"both",0.166538671200727,-0.137638258258557
"322","session1",-23.7332265464329,10.3541646506755,2.93973887385817,0.144653403911915,0.0423451606351901,0.606535025200955,0.699752415647906,9,1,40,0.166538671200727,-0.137638258258557,9,2.35045583714324,1,-12.32350360824,3617,0.6,0,15,"both",0.166538671200727,-0.137638258258557
"323","session1",-23.7332265464329,10.3541646506755,2.93973887385817,0.144653403911915,0.0423451606351901,0.606535025200955,0.699752415647906,9,1,40,0.166538671200727,-0.137638258258557,9,2.90950233314781,0,-19.373540141,3617,0.6,0,15,"both",0.166538671200727,-0.137638258258557
"324","session1",-23.7332265464329,10.3541646506755,2.93973887385817,0.144653403911915,0.0423451606351901,0.606535025200955,0.699752415647906,9,1,40,0.166538671200727,-0.137638258258557,9,1.49735276925344,0,-14.505182844,3617,0.6,0,15,"both",0.166538671200727,-0.137638258258557
"325","session1",-23.7332265464329,10.3541646506755,2.93973887385817,0.144653403911915,0.0423451606351901,0.606535025200955,0.699752415647906,9,1,40,0.166538671200727,-0.137638258258557,9,1.85234600061552,1,-9.62764,3617,0.6,0,15,"both",0.166538671200727,-0.137638258258557
"326","session1",-23.7332265464329,10.3541646506755,2.93973887385817,0.144653403911915,0.0423451606351901,0.606535025200955,0.699752415647906,9,1,40,0.166538671200727,-0.137638258258557,9,1.29815526098747,1,23.46724,3617,0.6,0,15,"both",0.166538671200727,-0.137638258258557
"327","session1",-23.7332265464329,10.3541646506755,2.93973887385817,0.144653403911915,0.0423451606351901,0.606535025200955,0.699752415647906,9,1,40,0.166538671200727,-0.137638258258557,9,4.17262023187445,1,-7.27198,3617,0.6,0,15,"both",0.166538671200727,-0.137638258258557
"328","session1",-23.7332265464329,10.3541646506755,2.93973887385817,0.144653403911915,0.0423451606351901,0.606535025200955,0.699752415647906,9,1,40,0.166538671200727,-0.137638258258557,9,1.44118527335304,1,-8.0609,3617,0.6,0,15,"both",0.166538671200727,-0.137638258258557
"329","session1",-23.7332265464329,10.3541646506755,2.93973887385817,0.144653403911915,0.0423451606351901,0.606535025200955,0.699752415647906,9,1,40,0.166538671200727,-0.137638258258557,9,1.64989127240977,1,-3.2453,3617,0.6,0,15,"both",0.166538671200727,-0.137638258258557
"330","session1",-23.7332265464329,10.3541646506755,2.93973887385817,0.144653403911915,0.0423451606351901,0.606535025200955,0.699752415647906,9,1,40,0.166538671200727,-0.137638258258557,9,2.79366059019897,1,4.1512,3617,0.6,0,15,"both",0.166538671200727,-0.137638258258557
"331","session1",-23.7332265464329,10.3541646506755,2.93973887385817,0.144653403911915,0.0423451606351901,0.606535025200955,0.699752415647906,9,1,40,0.166538671200727,-0.137638258258557,9,1.804472971652,1,-22.40189,3617,0.6,0,15,"both",0.166538671200727,-0.137638258258557
"332","session1",-23.7332265464329,10.3541646506755,2.93973887385817,0.144653403911915,0.0423451606351901,0.606535025200955,0.699752415647906,9,1,40,0.166538671200727,-0.137638258258557,9,2.95816664211242,1,-23.4804,3617,0.6,0,15,"both",0.166538671200727,-0.137638258258557
"333","session1",-23.7332265464329,10.3541646506755,2.93973887385817,0.144653403911915,0.0423451606351901,0.606535025200955,0.699752415647906,9,1,40,0.166538671200727,-0.137638258258557,9,3.6653257507409,0,-38.95433,3617,0.6,0,15,"both",0.166538671200727,-0.137638258258557
"334","session1",-23.7332265464329,10.3541646506755,2.93973887385817,0.144653403911915,0.0423451606351901,0.606535025200955,0.699752415647906,9,1,40,0.166538671200727,-0.137638258258557,9,1.56884381038936,1,-7.1425,3617,0.6,0,15,"both",0.166538671200727,-0.137638258258557
"335","session1",-23.7332265464329,10.3541646506755,2.93973887385817,0.144653403911915,0.0423451606351901,0.606535025200955,0.699752415647906,9,1,40,0.166538671200727,-0.137638258258557,9,1.34235149550409,0,-48.8877,3617,0.6,0,15,"both",0.166538671200727,-0.137638258258557
"336","session1",-23.7332265464329,10.3541646506755,2.93973887385817,0.144653403911915,0.0423451606351901,0.606535025200955,0.699752415647906,9,1,40,0.166538671200727,-0.137638258258557,9,1.3274518101771,0,-14.7296,3617,0.6,0,15,"both",0.166538671200727,-0.137638258258557
"337","session1",-23.7332265464329,10.3541646506755,2.93973887385817,0.144653403911915,0.0423451606351901,0.606535025200955,0.699752415647906,9,1,40,0.166538671200727,-0.137638258258557,9,3.77215310522027,1,-9.28865,3617,0.6,0,15,"both",0.166538671200727,-0.137638258258557
"338","session1",-23.7332265464329,10.3541646506755,2.93973887385817,0.144653403911915,0.0423451606351901,0.606535025200955,0.699752415647906,9,1,40,0.166538671200727,-0.137638258258557,9,2.36065799276454,0,-40.40878,3617,0.6,0,15,"both",0.166538671200727,-0.137638258258557
"339","session1",-23.7332265464329,10.3541646506755,2.93973887385817,0.144653403911915,0.0423451606351901,0.606535025200955,0.699752415647906,9,1,40,0.166538671200727,-0.137638258258557,9,2.04867073312284,0,-30.49702,3617,0.6,0,15,"both",0.166538671200727,-0.137638258258557
"340","session1",-23.7332265464329,10.3541646506755,2.93973887385817,0.144653403911915,0.0423451606351901,0.606535025200955,0.699752415647906,9,1,40,0.166538671200727,-0.137638258258557,9,1.58561096020391,0,-27.04173,3617,0.6,0,15,"both",0.166538671200727,-0.137638258258557
"341","session1",-23.7332265464329,10.3541646506755,2.93973887385817,0.144653403911915,0.0423451606351901,0.606535025200955,0.699752415647906,9,1,40,0.166538671200727,-0.137638258258557,9,1.18618325461542,1,-6.3441,3617,0.6,0,15,"both",0.166538671200727,-0.137638258258557
"342","session1",-23.7332265464329,10.3541646506755,2.93973887385817,0.144653403911915,0.0423451606351901,0.606535025200955,0.699752415647906,9,1,40,0.166538671200727,-0.137638258258557,9,3.24918047461304,1,-36.8387,3617,0.6,0,15,"both",0.166538671200727,-0.137638258258557
"343","session1",-23.7332265464329,10.3541646506755,2.93973887385817,0.144653403911915,0.0423451606351901,0.606535025200955,0.699752415647906,9,1,40,0.166538671200727,-0.137638258258557,9,2.82589636425666,0,-37.4745,3617,0.6,0,15,"both",0.166538671200727,-0.137638258258557
"344","session1",-23.7332265464329,10.3541646506755,2.93973887385817,0.144653403911915,0.0423451606351901,0.606535025200955,0.699752415647906,9,1,40,0.166538671200727,-0.137638258258557,9,1.37836017596318,1,-11.2873,3617,0.6,0,15,"both",0.166538671200727,-0.137638258258557
"345","session1",-23.7332265464329,10.3541646506755,2.93973887385817,0.144653403911915,0.0423451606351901,0.606535025200955,0.699752415647906,9,1,40,0.166538671200727,-0.137638258258557,9,2.06507660361039,1,-17.38129,3617,0.6,0,15,"both",0.166538671200727,-0.137638258258557
"346","session1",-23.7332265464329,10.3541646506755,2.93973887385817,0.144653403911915,0.0423451606351901,0.606535025200955,0.699752415647906,9,1,40,0.166538671200727,-0.137638258258557,9,6.55403806397026,0,-15.4041,3617,0.6,0,15,"both",0.166538671200727,-0.137638258258557
"347","session1",-23.7332265464329,10.3541646506755,2.93973887385817,0.144653403911915,0.0423451606351901,0.606535025200955,0.699752415647906,9,1,40,0.166538671200727,-0.137638258258557,9,2.04879460911837,1,-19.99564,3617,0.6,0,15,"both",0.166538671200727,-0.137638258258557
"348","session1",-23.7332265464329,10.3541646506755,2.93973887385817,0.144653403911915,0.0423451606351901,0.606535025200955,0.699752415647906,9,1,40,0.166538671200727,-0.137638258258557,9,3.06294451350217,1,-9.4409,3617,0.6,0,15,"both",0.166538671200727,-0.137638258258557
"349","session1",-23.7332265464329,10.3541646506755,2.93973887385817,0.144653403911915,0.0423451606351901,0.606535025200955,0.699752415647906,9,1,40,0.166538671200727,-0.137638258258557,9,1.70243685508437,1,-5.3711,3617,0.6,0,15,"both",0.166538671200727,-0.137638258258557
"350","session1",-23.7332265464329,10.3541646506755,2.93973887385817,0.144653403911915,0.0423451606351901,0.606535025200955,0.699752415647906,9,1,40,0.166538671200727,-0.137638258258557,9,2.07963088455904,0,-12.48775,3617,0.6,0,15,"both",0.166538671200727,-0.137638258258557
"351","session1",-23.7332265464329,10.3541646506755,2.93973887385817,0.144653403911915,0.0423451606351901,0.606535025200955,0.699752415647906,9,1,40,0.166538671200727,-0.137638258258557,9,1.56193972828592,0,-42.23845,3617,0.6,0,15,"both",0.166538671200727,-0.137638258258557
"352","session1",-23.7332265464329,10.3541646506755,2.93973887385817,0.144653403911915,0.0423451606351901,0.606535025200955,0.699752415647906,9,1,40,0.166538671200727,-0.137638258258557,9,3.47137829820831,1,-6.99122,3617,0.6,0,15,"both",0.166538671200727,-0.137638258258557
"353","session1",-23.7332265464329,10.3541646506755,2.93973887385817,0.144653403911915,0.0423451606351901,0.606535025200955,0.699752415647906,9,1,40,0.166538671200727,-0.137638258258557,9,2.25837884079893,1,-0.195799999999998,3617,0.6,0,15,"both",0.166538671200727,-0.137638258258557
"354","session1",-23.7332265464329,10.3541646506755,2.93973887385817,0.144653403911915,0.0423451606351901,0.606535025200955,0.699752415647906,9,1,40,0.166538671200727,-0.137638258258557,9,2.22187871683631,1,-9.1078,3617,0.6,0,15,"both",0.166538671200727,-0.137638258258557
"355","session1",-23.7332265464329,10.3541646506755,2.93973887385817,0.144653403911915,0.0423451606351901,0.606535025200955,0.699752415647906,9,1,40,0.166538671200727,-0.137638258258557,9,6.81374656326978,1,2.076,3617,0.6,0,15,"both",0.166538671200727,-0.137638258258557
"356","session1",-23.7332265464329,10.3541646506755,2.93973887385817,0.144653403911915,0.0423451606351901,0.606535025200955,0.699752415647906,9,1,40,0.166538671200727,-0.137638258258557,9,1.31256341948612,1,-7.41132,3617,0.6,0,15,"both",0.166538671200727,-0.137638258258557
"357","session1",-23.7332265464329,10.3541646506755,2.93973887385817,0.144653403911915,0.0423451606351901,0.606535025200955,0.699752415647906,9,1,40,0.166538671200727,-0.137638258258557,9,2.26547212328775,1,-38.86959,3617,0.6,0,15,"both",0.166538671200727,-0.137638258258557
"358","session1",-23.7332265464329,10.3541646506755,2.93973887385817,0.144653403911915,0.0423451606351901,0.606535025200955,0.699752415647906,9,1,40,0.166538671200727,-0.137638258258557,9,2.11019271213887,0,-42.7136,3617,0.6,0,15,"both",0.166538671200727,-0.137638258258557
"359","session1",-23.7332265464329,10.3541646506755,2.93973887385817,0.144653403911915,0.0423451606351901,0.606535025200955,0.699752415647906,9,1,40,0.166538671200727,-0.137638258258557,9,2.2669407167792,1,-23.9049226,3617,0.6,0,15,"both",0.166538671200727,-0.137638258258557
"360","session1",-23.7332265464329,10.3541646506755,2.93973887385817,0.144653403911915,0.0423451606351901,0.606535025200955,0.699752415647906,9,1,40,0.166538671200727,-0.137638258258557,9,3.61103312342741,1,-11.2548,3617,0.6,0,15,"both",0.166538671200727,-0.137638258258557
"361","session1",-36.3674076007987,14.5390176884486,3.38059996741014,0.00328764679890003,-0.835088372868714,0.857208031022336,0.91688432256361,10,1,40,0.166538671200727,-0.137638258258557,10,1.09571541934699,1,-9.89717521,3617,0.6,0,15,"both",0.166538671200727,-0.137638258258557
"362","session1",-36.3674076007987,14.5390176884486,3.38059996741014,0.00328764679890003,-0.835088372868714,0.857208031022336,0.91688432256361,10,1,40,0.166538671200727,-0.137638258258557,10,1.74603215941897,1,-12.7688807039,3617,0.6,0,15,"both",0.166538671200727,-0.137638258258557
"363","session1",-36.3674076007987,14.5390176884486,3.38059996741014,0.00328764679890003,-0.835088372868714,0.857208031022336,0.91688432256361,10,1,40,0.166538671200727,-0.137638258258557,10,1.1481045264898,1,-16.9091983268,3617,0.6,0,15,"both",0.166538671200727,-0.137638258258557
"364","session1",-36.3674076007987,14.5390176884486,3.38059996741014,0.00328764679890003,-0.835088372868714,0.857208031022336,0.91688432256361,10,1,40,0.166538671200727,-0.137638258258557,10,1.67020570209558,1,-24.60686991,3617,0.6,0,15,"both",0.166538671200727,-0.137638258258557
"365","session1",-36.3674076007987,14.5390176884486,3.38059996741014,0.00328764679890003,-0.835088372868714,0.857208031022336,0.91688432256361,10,1,40,0.166538671200727,-0.137638258258557,10,2.3208513565467,1,-42.1216,3617,0.6,0,15,"both",0.166538671200727,-0.137638258258557
"366","session1",-36.3674076007987,14.5390176884486,3.38059996741014,0.00328764679890003,-0.835088372868714,0.857208031022336,0.91688432256361,10,1,40,0.166538671200727,-0.137638258258557,10,1.67523502048905,1,-26.816735954,3617,0.6,0,15,"both",0.166538671200727,-0.137638258258557
"367","session1",-36.3674076007987,14.5390176884486,3.38059996741014,0.00328764679890003,-0.835088372868714,0.857208031022336,0.91688432256361,10,1,40,0.166538671200727,-0.137638258258557,10,3.43548269732772,0,-28.1057567445,3617,0.6,0,15,"both",0.166538671200727,-0.137638258258557
"368","session1",-36.3674076007987,14.5390176884486,3.38059996741014,0.00328764679890003,-0.835088372868714,0.857208031022336,0.91688432256361,10,1,40,0.166538671200727,-0.137638258258557,10,1.73672362380036,1,9.44366,3617,0.6,0,15,"both",0.166538671200727,-0.137638258258557
"369","session1",-36.3674076007987,14.5390176884486,3.38059996741014,0.00328764679890003,-0.835088372868714,0.857208031022336,0.91688432256361,10,1,40,0.166538671200727,-0.137638258258557,10,1.41003342916896,1,-32.00960385,3617,0.6,0,15,"both",0.166538671200727,-0.137638258258557
"370","session1",-36.3674076007987,14.5390176884486,3.38059996741014,0.00328764679890003,-0.835088372868714,0.857208031022336,0.91688432256361,10,1,40,0.166538671200727,-0.137638258258557,10,1.40624817014227,0,-44.66129,3617,0.6,0,15,"both",0.166538671200727,-0.137638258258557
"371","session1",-36.3674076007987,14.5390176884486,3.38059996741014,0.00328764679890003,-0.835088372868714,0.857208031022336,0.91688432256361,10,1,40,0.166538671200727,-0.137638258258557,10,2.86800793355986,0,-34.9109962,3617,0.6,0,15,"both",0.166538671200727,-0.137638258258557
"372","session1",-36.3674076007987,14.5390176884486,3.38059996741014,0.00328764679890003,-0.835088372868714,0.857208031022336,0.91688432256361,10,1,40,0.166538671200727,-0.137638258258557,10,2.71869752633741,0,-42.56876,3617,0.6,0,15,"both",0.166538671200727,-0.137638258258557
"373","session1",-36.3674076007987,14.5390176884486,3.38059996741014,0.00328764679890003,-0.835088372868714,0.857208031022336,0.91688432256361,10,1,40,0.166538671200727,-0.137638258258557,10,1.03520731392564,1,4.6642,3617,0.6,0,15,"both",0.166538671200727,-0.137638258258557
"374","session1",-36.3674076007987,14.5390176884486,3.38059996741014,0.00328764679890003,-0.835088372868714,0.857208031022336,0.91688432256361,10,1,40,0.166538671200727,-0.137638258258557,10,2.61294509416594,1,-49.4702,3617,0.6,0,15,"both",0.166538671200727,-0.137638258258557
"375","session1",-36.3674076007987,14.5390176884486,3.38059996741014,0.00328764679890003,-0.835088372868714,0.857208031022336,0.91688432256361,10,1,40,0.166538671200727,-0.137638258258557,10,2.39491460810196,1,-17.34733,3617,0.6,0,15,"both",0.166538671200727,-0.137638258258557
"376","session1",-36.3674076007987,14.5390176884486,3.38059996741014,0.00328764679890003,-0.835088372868714,0.857208031022336,0.91688432256361,10,1,40,0.166538671200727,-0.137638258258557,10,2.14700310120026,1,-18.72612,3617,0.6,0,15,"both",0.166538671200727,-0.137638258258557
"377","session1",-36.3674076007987,14.5390176884486,3.38059996741014,0.00328764679890003,-0.835088372868714,0.857208031022336,0.91688432256361,10,1,40,0.166538671200727,-0.137638258258557,10,1.48610392237957,0,-24.35414,3617,0.6,0,15,"both",0.166538671200727,-0.137638258258557
"378","session1",-36.3674076007987,14.5390176884486,3.38059996741014,0.00328764679890003,-0.835088372868714,0.857208031022336,0.91688432256361,10,1,40,0.166538671200727,-0.137638258258557,10,3.55917897174961,0,-49.2955,3617,0.6,0,15,"both",0.166538671200727,-0.137638258258557
"379","session1",-36.3674076007987,14.5390176884486,3.38059996741014,0.00328764679890003,-0.835088372868714,0.857208031022336,0.91688432256361,10,1,40,0.166538671200727,-0.137638258258557,10,1.24842989066046,1,-20.79801,3617,0.6,0,15,"both",0.166538671200727,-0.137638258258557
"380","session1",-36.3674076007987,14.5390176884486,3.38059996741014,0.00328764679890003,-0.835088372868714,0.857208031022336,0.91688432256361,10,1,40,0.166538671200727,-0.137638258258557,10,2.0269320587959,0,-43.5616,3617,0.6,0,15,"both",0.166538671200727,-0.137638258258557
"381","session1",-36.3674076007987,14.5390176884486,3.38059996741014,0.00328764679890003,-0.835088372868714,0.857208031022336,0.91688432256361,10,1,40,0.166538671200727,-0.137638258258557,10,1.5348189550535,1,-32.0113468,3617,0.6,0,15,"both",0.166538671200727,-0.137638258258557
"382","session1",-36.3674076007987,14.5390176884486,3.38059996741014,0.00328764679890003,-0.835088372868714,0.857208031022336,0.91688432256361,10,1,40,0.166538671200727,-0.137638258258557,10,2.47079944333569,1,-33.4063907,3617,0.6,0,15,"both",0.166538671200727,-0.137638258258557
"383","session1",-36.3674076007987,14.5390176884486,3.38059996741014,0.00328764679890003,-0.835088372868714,0.857208031022336,0.91688432256361,10,1,40,0.166538671200727,-0.137638258258557,10,2.15240884195086,0,-39.987,3617,0.6,0,15,"both",0.166538671200727,-0.137638258258557
"384","session1",-36.3674076007987,14.5390176884486,3.38059996741014,0.00328764679890003,-0.835088372868714,0.857208031022336,0.91688432256361,10,1,40,0.166538671200727,-0.137638258258557,10,1.23812275075834,1,49.5783,3617,0.6,0,15,"both",0.166538671200727,-0.137638258258557
"385","session1",-36.3674076007987,14.5390176884486,3.38059996741014,0.00328764679890003,-0.835088372868714,0.857208031022336,0.91688432256361,10,1,40,0.166538671200727,-0.137638258258557,10,2.24308327783927,0,-43.62167,3617,0.6,0,15,"both",0.166538671200727,-0.137638258258557
"386","session1",-36.3674076007987,14.5390176884486,3.38059996741014,0.00328764679890003,-0.835088372868714,0.857208031022336,0.91688432256361,10,1,40,0.166538671200727,-0.137638258258557,10,2.42855672355996,1,-27.2609,3617,0.6,0,15,"both",0.166538671200727,-0.137638258258557
"387","session1",-36.3674076007987,14.5390176884486,3.38059996741014,0.00328764679890003,-0.835088372868714,0.857208031022336,0.91688432256361,10,1,40,0.166538671200727,-0.137638258258557,10,5.28817832350062,0,-44.93775,3617,0.6,0,15,"both",0.166538671200727,-0.137638258258557
"388","session1",-36.3674076007987,14.5390176884486,3.38059996741014,0.00328764679890003,-0.835088372868714,0.857208031022336,0.91688432256361,10,1,40,0.166538671200727,-0.137638258258557,10,1.71361962470998,0,-42.04703,3617,0.6,0,15,"both",0.166538671200727,-0.137638258258557
"389","session1",-36.3674076007987,14.5390176884486,3.38059996741014,0.00328764679890003,-0.835088372868714,0.857208031022336,0.91688432256361,10,1,40,0.166538671200727,-0.137638258258557,10,1.62714465472639,1,-33.5559547,3617,0.6,0,15,"both",0.166538671200727,-0.137638258258557
"390","session1",-36.3674076007987,14.5390176884486,3.38059996741014,0.00328764679890003,-0.835088372868714,0.857208031022336,0.91688432256361,10,1,40,0.166538671200727,-0.137638258258557,10,3.40098126558023,0,-38.39774,3617,0.6,0,15,"both",0.166538671200727,-0.137638258258557
"391","session1",-36.3674076007987,14.5390176884486,3.38059996741014,0.00328764679890003,-0.835088372868714,0.857208031022336,0.91688432256361,10,1,40,0.166538671200727,-0.137638258258557,10,3.18579368508885,0,-46.90769,3617,0.6,0,15,"both",0.166538671200727,-0.137638258258557
"392","session1",-36.3674076007987,14.5390176884486,3.38059996741014,0.00328764679890003,-0.835088372868714,0.857208031022336,0.91688432256361,10,1,40,0.166538671200727,-0.137638258258557,10,1.17987665193528,1,-23.02996,3617,0.6,0,15,"both",0.166538671200727,-0.137638258258557
"393","session1",-36.3674076007987,14.5390176884486,3.38059996741014,0.00328764679890003,-0.835088372868714,0.857208031022336,0.91688432256361,10,1,40,0.166538671200727,-0.137638258258557,10,7.5836406761673,0,-31.6329,3617,0.6,0,15,"both",0.166538671200727,-0.137638258258557
"394","session1",-36.3674076007987,14.5390176884486,3.38059996741014,0.00328764679890003,-0.835088372868714,0.857208031022336,0.91688432256361,10,1,40,0.166538671200727,-0.137638258258557,10,1.92409459525477,1,-25.91991,3617,0.6,0,15,"both",0.166538671200727,-0.137638258258557
"395","session1",-36.3674076007987,14.5390176884486,3.38059996741014,0.00328764679890003,-0.835088372868714,0.857208031022336,0.91688432256361,10,1,40,0.166538671200727,-0.137638258258557,10,1.62056672851554,0,-27.74316,3617,0.6,0,15,"both",0.166538671200727,-0.137638258258557
"396","session1",-36.3674076007987,14.5390176884486,3.38059996741014,0.00328764679890003,-0.835088372868714,0.857208031022336,0.91688432256361,10,1,40,0.166538671200727,-0.137638258258557,10,5.71715339143933,1,-32.2945932,3617,0.6,0,15,"both",0.166538671200727,-0.137638258258557
"397","session1",-36.3674076007987,14.5390176884486,3.38059996741014,0.00328764679890003,-0.835088372868714,0.857208031022336,0.91688432256361,10,1,40,0.166538671200727,-0.137638258258557,10,3.00656964884012,0,-40.5702,3617,0.6,0,15,"both",0.166538671200727,-0.137638258258557
"398","session1",-36.3674076007987,14.5390176884486,3.38059996741014,0.00328764679890003,-0.835088372868714,0.857208031022336,0.91688432256361,10,1,40,0.166538671200727,-0.137638258258557,10,2.32024256791399,0,-39.53901,3617,0.6,0,15,"both",0.166538671200727,-0.137638258258557
"399","session1",-36.3674076007987,14.5390176884486,3.38059996741014,0.00328764679890003,-0.835088372868714,0.857208031022336,0.91688432256361,10,1,40,0.166538671200727,-0.137638258258557,10,1.70888150519796,0,-39.11227,3617,0.6,0,15,"both",0.166538671200727,-0.137638258258557
"400","session1",-36.3674076007987,14.5390176884486,3.38059996741014,0.00328764679890003,-0.835088372868714,0.857208031022336,0.91688432256361,10,1,40,0.166538671200727,-0.137638258258557,10,1.63822730722933,1,-28.2059,3617,0.6,0,15,"both",0.166538671200727,-0.137638258258557
"401","session1",-19.7228751398297,8.03931072677174,1.57288236837599,0.00109423200711802,0.146130345206483,0.482140270730945,0.726501203286792,11,1,40,0.166538671200727,-0.137638258258557,11,1.80281368785239,1,-9.02471131622,3617,0.6,0,15,"both",0.166538671200727,-0.137638258258557
"402","session1",-19.7228751398297,8.03931072677174,1.57288236837599,0.00109423200711802,0.146130345206483,0.482140270730945,0.726501203286792,11,1,40,0.166538671200727,-0.137638258258557,11,1.9014741578991,1,-11.8425147592,3617,0.6,0,15,"both",0.166538671200727,-0.137638258258557
"403","session1",-19.7228751398297,8.03931072677174,1.57288236837599,0.00109423200711802,0.146130345206483,0.482140270730945,0.726501203286792,11,1,40,0.166538671200727,-0.137638258258557,11,2.40502507927343,0,-18.5974843564,3617,0.6,0,15,"both",0.166538671200727,-0.137638258258557
"404","session1",-19.7228751398297,8.03931072677174,1.57288236837599,0.00109423200711802,0.146130345206483,0.482140270730945,0.726501203286792,11,1,40,0.166538671200727,-0.137638258258557,11,2.15332695637501,1,-12.701308717,3617,0.6,0,15,"both",0.166538671200727,-0.137638258258557
"405","session1",-19.7228751398297,8.03931072677174,1.57288236837599,0.00109423200711802,0.146130345206483,0.482140270730945,0.726501203286792,11,1,40,0.166538671200727,-0.137638258258557,11,2.10574620244307,1,-5.62914,3617,0.6,0,15,"both",0.166538671200727,-0.137638258258557
"406","session1",-19.7228751398297,8.03931072677174,1.57288236837599,0.00109423200711802,0.146130345206483,0.482140270730945,0.726501203286792,11,1,40,0.166538671200727,-0.137638258258557,11,1.35261208800926,1,-1.9071,3617,0.6,0,15,"both",0.166538671200727,-0.137638258258557
"407","session1",-19.7228751398297,8.03931072677174,1.57288236837599,0.00109423200711802,0.146130345206483,0.482140270730945,0.726501203286792,11,1,40,0.166538671200727,-0.137638258258557,11,2.67202759492917,1,-8.06106,3617,0.6,0,15,"both",0.166538671200727,-0.137638258258557
"408","session1",-19.7228751398297,8.03931072677174,1.57288236837599,0.00109423200711802,0.146130345206483,0.482140270730945,0.726501203286792,11,1,40,0.166538671200727,-0.137638258258557,11,1.77985726206071,1,-11.19702,3617,0.6,0,15,"both",0.166538671200727,-0.137638258258557
"409","session1",-19.7228751398297,8.03931072677174,1.57288236837599,0.00109423200711802,0.146130345206483,0.482140270730945,0.726501203286792,11,1,40,0.166538671200727,-0.137638258258557,11,1.57966777141059,0,-33.8141,3617,0.6,0,15,"both",0.166538671200727,-0.137638258258557
"410","session1",-19.7228751398297,8.03931072677174,1.57288236837599,0.00109423200711802,0.146130345206483,0.482140270730945,0.726501203286792,11,1,40,0.166538671200727,-0.137638258258557,11,2.2792456333675,1,-17.97958,3617,0.6,0,15,"both",0.166538671200727,-0.137638258258557
"411","session1",-19.7228751398297,8.03931072677174,1.57288236837599,0.00109423200711802,0.146130345206483,0.482140270730945,0.726501203286792,11,1,40,0.166538671200727,-0.137638258258557,11,2.17435285596115,0,-30.79041,3617,0.6,0,15,"both",0.166538671200727,-0.137638258258557
"412","session1",-19.7228751398297,8.03931072677174,1.57288236837599,0.00109423200711802,0.146130345206483,0.482140270730945,0.726501203286792,11,1,40,0.166538671200727,-0.137638258258557,11,1.5445560077914,0,-29.62291,3617,0.6,0,15,"both",0.166538671200727,-0.137638258258557
"413","session1",-19.7228751398297,8.03931072677174,1.57288236837599,0.00109423200711802,0.146130345206483,0.482140270730945,0.726501203286792,11,1,40,0.166538671200727,-0.137638258258557,11,4.10786977076151,1,-20.11724,3617,0.6,0,15,"both",0.166538671200727,-0.137638258258557
"414","session1",-19.7228751398297,8.03931072677174,1.57288236837599,0.00109423200711802,0.146130345206483,0.482140270730945,0.726501203286792,11,1,40,0.166538671200727,-0.137638258258557,11,2.89533193089118,1,-19.50457,3617,0.6,0,15,"both",0.166538671200727,-0.137638258258557
"415","session1",-19.7228751398297,8.03931072677174,1.57288236837599,0.00109423200711802,0.146130345206483,0.482140270730945,0.726501203286792,11,1,40,0.166538671200727,-0.137638258258557,11,2.23077811275409,0,-12.52641,3617,0.6,0,15,"both",0.166538671200727,-0.137638258258557
"416","session1",-19.7228751398297,8.03931072677174,1.57288236837599,0.00109423200711802,0.146130345206483,0.482140270730945,0.726501203286792,11,1,40,0.166538671200727,-0.137638258258557,11,1.54436750793967,0,-35.0457,3617,0.6,0,15,"both",0.166538671200727,-0.137638258258557
"417","session1",-19.7228751398297,8.03931072677174,1.57288236837599,0.00109423200711802,0.146130345206483,0.482140270730945,0.726501203286792,11,1,40,0.166538671200727,-0.137638258258557,11,1.95855521935555,0,-21.41384,3617,0.6,0,15,"both",0.166538671200727,-0.137638258258557
"418","session1",-19.7228751398297,8.03931072677174,1.57288236837599,0.00109423200711802,0.146130345206483,0.482140270730945,0.726501203286792,11,1,40,0.166538671200727,-0.137638258258557,11,1.41728390080854,0,-30.6903,3617,0.6,0,15,"both",0.166538671200727,-0.137638258258557
"419","session1",-19.7228751398297,8.03931072677174,1.57288236837599,0.00109423200711802,0.146130345206483,0.482140270730945,0.726501203286792,11,1,40,0.166538671200727,-0.137638258258557,11,2.3570391375684,1,-10.44404,3617,0.6,0,15,"both",0.166538671200727,-0.137638258258557
"420","session1",-19.7228751398297,8.03931072677174,1.57288236837599,0.00109423200711802,0.146130345206483,0.482140270730945,0.726501203286792,11,1,40,0.166538671200727,-0.137638258258557,11,4.15942107452175,0,-25.78146,3617,0.6,0,15,"both",0.166538671200727,-0.137638258258557
"421","session1",-19.7228751398297,8.03931072677174,1.57288236837599,0.00109423200711802,0.146130345206483,0.482140270730945,0.726501203286792,11,1,40,0.166538671200727,-0.137638258258557,11,1.41970451964126,1,-10.0686,3617,0.6,0,15,"both",0.166538671200727,-0.137638258258557
"422","session1",-19.7228751398297,8.03931072677174,1.57288236837599,0.00109423200711802,0.146130345206483,0.482140270730945,0.726501203286792,11,1,40,0.166538671200727,-0.137638258258557,11,2.4339346223563,1,-28.53523,3617,0.6,0,15,"both",0.166538671200727,-0.137638258258557
"423","session1",-19.7228751398297,8.03931072677174,1.57288236837599,0.00109423200711802,0.146130345206483,0.482140270730945,0.726501203286792,11,1,40,0.166538671200727,-0.137638258258557,11,2.47033150237737,1,-25.01288,3617,0.6,0,15,"both",0.166538671200727,-0.137638258258557
"424","session1",-19.7228751398297,8.03931072677174,1.57288236837599,0.00109423200711802,0.146130345206483,0.482140270730945,0.726501203286792,11,1,40,0.166538671200727,-0.137638258258557,11,3.161752593654,0,-24.91584,3617,0.6,0,15,"both",0.166538671200727,-0.137638258258557
"425","session1",-19.7228751398297,8.03931072677174,1.57288236837599,0.00109423200711802,0.146130345206483,0.482140270730945,0.726501203286792,11,1,40,0.166538671200727,-0.137638258258557,11,1.87918013622012,0,-30.89141,3617,0.6,0,15,"both",0.166538671200727,-0.137638258258557
"426","session1",-19.7228751398297,8.03931072677174,1.57288236837599,0.00109423200711802,0.146130345206483,0.482140270730945,0.726501203286792,11,1,40,0.166538671200727,-0.137638258258557,11,1.86346986274964,1,-17.77957,3617,0.6,0,15,"both",0.166538671200727,-0.137638258258557
"427","session1",-19.7228751398297,8.03931072677174,1.57288236837599,0.00109423200711802,0.146130345206483,0.482140270730945,0.726501203286792,11,1,40,0.166538671200727,-0.137638258258557,11,2.01385338666246,1,-14.57956,3617,0.6,0,15,"both",0.166538671200727,-0.137638258258557
"428","session1",-19.7228751398297,8.03931072677174,1.57288236837599,0.00109423200711802,0.146130345206483,0.482140270730945,0.726501203286792,11,1,40,0.166538671200727,-0.137638258258557,11,2.30152081847627,1,-20.99809,3617,0.6,0,15,"both",0.166538671200727,-0.137638258258557
"429","session1",-19.7228751398297,8.03931072677174,1.57288236837599,0.00109423200711802,0.146130345206483,0.482140270730945,0.726501203286792,11,1,40,0.166538671200727,-0.137638258258557,11,3.39701352893423,1,-15.75646,3617,0.6,0,15,"both",0.166538671200727,-0.137638258258557
"430","session1",-19.7228751398297,8.03931072677174,1.57288236837599,0.00109423200711802,0.146130345206483,0.482140270730945,0.726501203286792,11,1,40,0.166538671200727,-0.137638258258557,11,2.28780670070143,0,-15.4386,3617,0.6,0,15,"both",0.166538671200727,-0.137638258258557
"431","session1",-19.7228751398297,8.03931072677174,1.57288236837599,0.00109423200711802,0.146130345206483,0.482140270730945,0.726501203286792,11,1,40,0.166538671200727,-0.137638258258557,11,2.35926032469229,1,-9.52239,3617,0.6,0,15,"both",0.166538671200727,-0.137638258258557
"432","session1",-19.7228751398297,8.03931072677174,1.57288236837599,0.00109423200711802,0.146130345206483,0.482140270730945,0.726501203286792,11,1,40,0.166538671200727,-0.137638258258557,11,3.9344902600163,1,-20.04135,3617,0.6,0,15,"both",0.166538671200727,-0.137638258258557
"433","session1",-19.7228751398297,8.03931072677174,1.57288236837599,0.00109423200711802,0.146130345206483,0.482140270730945,0.726501203286792,11,1,40,0.166538671200727,-0.137638258258557,11,2.88192497576084,0,-14.65517,3617,0.6,0,15,"both",0.166538671200727,-0.137638258258557
"434","session1",-19.7228751398297,8.03931072677174,1.57288236837599,0.00109423200711802,0.146130345206483,0.482140270730945,0.726501203286792,11,1,40,0.166538671200727,-0.137638258258557,11,2.89487798336785,0,-21.10936,3617,0.6,0,15,"both",0.166538671200727,-0.137638258258557
"435","session1",-19.7228751398297,8.03931072677174,1.57288236837599,0.00109423200711802,0.146130345206483,0.482140270730945,0.726501203286792,11,1,40,0.166538671200727,-0.137638258258557,11,2.41968819282494,0,-31.08266,3617,0.6,0,15,"both",0.166538671200727,-0.137638258258557
"436","session1",-19.7228751398297,8.03931072677174,1.57288236837599,0.00109423200711802,0.146130345206483,0.482140270730945,0.726501203286792,11,1,40,0.166538671200727,-0.137638258258557,11,3.48898465273649,1,-18.8994,3617,0.6,0,15,"both",0.166538671200727,-0.137638258258557
"437","session1",-19.7228751398297,8.03931072677174,1.57288236837599,0.00109423200711802,0.146130345206483,0.482140270730945,0.726501203286792,11,1,40,0.166538671200727,-0.137638258258557,11,4.03207495648254,1,-23.07308,3617,0.6,0,15,"both",0.166538671200727,-0.137638258258557
"438","session1",-19.7228751398297,8.03931072677174,1.57288236837599,0.00109423200711802,0.146130345206483,0.482140270730945,0.726501203286792,11,1,40,0.166538671200727,-0.137638258258557,11,1.79018775821247,0,-19.3286,3617,0.6,0,15,"both",0.166538671200727,-0.137638258258557
"439","session1",-19.7228751398297,8.03931072677174,1.57288236837599,0.00109423200711802,0.146130345206483,0.482140270730945,0.726501203286792,11,1,40,0.166538671200727,-0.137638258258557,11,1.5038200044803,0,-15.96042,3617,0.6,0,15,"both",0.166538671200727,-0.137638258258557
"440","session1",-19.7228751398297,8.03931072677174,1.57288236837599,0.00109423200711802,0.146130345206483,0.482140270730945,0.726501203286792,11,1,40,0.166538671200727,-0.137638258258557,11,1.73478502614647,0,-27.65632,3617,0.6,0,15,"both",0.166538671200727,-0.137638258258557
"441","session1",-10.5602243446399,11.8452909712108,3.13500011548904,0.000397811230717537,0.312099283831596,0.433424297120781,0.464930561541842,12,1,40,0.166538671200727,-0.137638258258557,12,1.84823023486314,1,12.0978750646,3617,0.6,0,15,"both",0.166538671200727,-0.137638258258557
"442","session1",-10.5602243446399,11.8452909712108,3.13500011548904,0.000397811230717537,0.312099283831596,0.433424297120781,0.464930561541842,12,1,40,0.166538671200727,-0.137638258258557,12,3.28960546026321,1,-4.1143056782,3617,0.6,0,15,"both",0.166538671200727,-0.137638258258557
"443","session1",-10.5602243446399,11.8452909712108,3.13500011548904,0.000397811230717537,0.312099283831596,0.433424297120781,0.464930561541842,12,1,40,0.166538671200727,-0.137638258258557,12,2.96040739540632,0,-13.2241683005,3617,0.6,0,15,"both",0.166538671200727,-0.137638258258557
"444","session1",-10.5602243446399,11.8452909712108,3.13500011548904,0.000397811230717537,0.312099283831596,0.433424297120781,0.464930561541842,12,1,40,0.166538671200727,-0.137638258258557,12,3.03550864172791,1,-7.3507988267,3617,0.6,0,15,"both",0.166538671200727,-0.137638258258557
"445","session1",-10.5602243446399,11.8452909712108,3.13500011548904,0.000397811230717537,0.312099283831596,0.433424297120781,0.464930561541842,12,1,40,0.166538671200727,-0.137638258258557,12,1.15026825534686,1,-25.287,3617,0.6,0,15,"both",0.166538671200727,-0.137638258258557
"446","session1",-10.5602243446399,11.8452909712108,3.13500011548904,0.000397811230717537,0.312099283831596,0.433424297120781,0.464930561541842,12,1,40,0.166538671200727,-0.137638258258557,12,3.23296777073611,1,-2.99333,3617,0.6,0,15,"both",0.166538671200727,-0.137638258258557
"447","session1",-10.5602243446399,11.8452909712108,3.13500011548904,0.000397811230717537,0.312099283831596,0.433424297120781,0.464930561541842,12,1,40,0.166538671200727,-0.137638258258557,12,2.82476914400217,0,-34.43986,3617,0.6,0,15,"both",0.166538671200727,-0.137638258258557
"448","session1",-10.5602243446399,11.8452909712108,3.13500011548904,0.000397811230717537,0.312099283831596,0.433424297120781,0.464930561541842,12,1,40,0.166538671200727,-0.137638258258557,12,2.17944205943531,0,-25.85556,3617,0.6,0,15,"both",0.166538671200727,-0.137638258258557
"449","session1",-10.5602243446399,11.8452909712108,3.13500011548904,0.000397811230717537,0.312099283831596,0.433424297120781,0.464930561541842,12,1,40,0.166538671200727,-0.137638258258557,12,2.96440914282962,0,-12.47134,3617,0.6,0,15,"both",0.166538671200727,-0.137638258258557
"450","session1",-10.5602243446399,11.8452909712108,3.13500011548904,0.000397811230717537,0.312099283831596,0.433424297120781,0.464930561541842,12,1,40,0.166538671200727,-0.137638258258557,12,4.55321441791196,1,-14.09799,3617,0.6,0,15,"both",0.166538671200727,-0.137638258258557
"451","session1",-10.5602243446399,11.8452909712108,3.13500011548904,0.000397811230717537,0.312099283831596,0.433424297120781,0.464930561541842,12,1,40,0.166538671200727,-0.137638258258557,12,1.96117592963706,0,-46.8924,3617,0.6,0,15,"both",0.166538671200727,-0.137638258258557
"452","session1",-10.5602243446399,11.8452909712108,3.13500011548904,0.000397811230717537,0.312099283831596,0.433424297120781,0.464930561541842,12,1,40,0.166538671200727,-0.137638258258557,12,1.93519742929686,1,20.2438,3617,0.6,0,15,"both",0.166538671200727,-0.137638258258557
"453","session1",-10.5602243446399,11.8452909712108,3.13500011548904,0.000397811230717537,0.312099283831596,0.433424297120781,0.464930561541842,12,1,40,0.166538671200727,-0.137638258258557,12,7.34014106490466,0,-14.932879891,3617,0.6,0,15,"both",0.166538671200727,-0.137638258258557
"454","session1",-10.5602243446399,11.8452909712108,3.13500011548904,0.000397811230717537,0.312099283831596,0.433424297120781,0.464930561541842,12,1,40,0.166538671200727,-0.137638258258557,12,2.58983311683022,0,-25.3609,3617,0.6,0,15,"both",0.166538671200727,-0.137638258258557
"455","session1",-10.5602243446399,11.8452909712108,3.13500011548904,0.000397811230717537,0.312099283831596,0.433424297120781,0.464930561541842,12,1,40,0.166538671200727,-0.137638258258557,12,2.65428395166192,1,-19.41751,3617,0.6,0,15,"both",0.166538671200727,-0.137638258258557
"456","session1",-10.5602243446399,11.8452909712108,3.13500011548904,0.000397811230717537,0.312099283831596,0.433424297120781,0.464930561541842,12,1,40,0.166538671200727,-0.137638258258557,12,2.14751797129939,0,-20.35981,3617,0.6,0,15,"both",0.166538671200727,-0.137638258258557
"457","session1",-10.5602243446399,11.8452909712108,3.13500011548904,0.000397811230717537,0.312099283831596,0.433424297120781,0.464930561541842,12,1,40,0.166538671200727,-0.137638258258557,12,3.03997670856418,0,-24.48918,3617,0.6,0,15,"both",0.166538671200727,-0.137638258258557
"458","session1",-10.5602243446399,11.8452909712108,3.13500011548904,0.000397811230717537,0.312099283831596,0.433424297120781,0.464930561541842,12,1,40,0.166538671200727,-0.137638258258557,12,2.09216622713027,1,8.2318,3617,0.6,0,15,"both",0.166538671200727,-0.137638258258557
"459","session1",-10.5602243446399,11.8452909712108,3.13500011548904,0.000397811230717537,0.312099283831596,0.433424297120781,0.464930561541842,12,1,40,0.166538671200727,-0.137638258258557,12,1.69138355337115,0,-31.69457,3617,0.6,0,15,"both",0.166538671200727,-0.137638258258557
"460","session1",-10.5602243446399,11.8452909712108,3.13500011548904,0.000397811230717537,0.312099283831596,0.433424297120781,0.464930561541842,12,1,40,0.166538671200727,-0.137638258258557,12,2.93419028563277,1,-7.12625,3617,0.6,0,15,"both",0.166538671200727,-0.137638258258557
"461","session1",-10.5602243446399,11.8452909712108,3.13500011548904,0.000397811230717537,0.312099283831596,0.433424297120781,0.464930561541842,12,1,40,0.166538671200727,-0.137638258258557,12,2.68915027814761,0,-16.44868,3617,0.6,0,15,"both",0.166538671200727,-0.137638258258557
"462","session1",-10.5602243446399,11.8452909712108,3.13500011548904,0.000397811230717537,0.312099283831596,0.433424297120781,0.464930561541842,12,1,40,0.166538671200727,-0.137638258258557,12,2.74450120472328,0,-31.2316,3617,0.6,0,15,"both",0.166538671200727,-0.137638258258557
"463","session1",-10.5602243446399,11.8452909712108,3.13500011548904,0.000397811230717537,0.312099283831596,0.433424297120781,0.464930561541842,12,1,40,0.166538671200727,-0.137638258258557,12,4.20450545392975,0,-11.31705,3617,0.6,0,15,"both",0.166538671200727,-0.137638258258557
"464","session1",-10.5602243446399,11.8452909712108,3.13500011548904,0.000397811230717537,0.312099283831596,0.433424297120781,0.464930561541842,12,1,40,0.166538671200727,-0.137638258258557,12,2.68297732566574,1,-10.21152,3617,0.6,0,15,"both",0.166538671200727,-0.137638258258557
"465","session1",-10.5602243446399,11.8452909712108,3.13500011548904,0.000397811230717537,0.312099283831596,0.433424297120781,0.464930561541842,12,1,40,0.166538671200727,-0.137638258258557,12,1.47027027848972,0,-28.5012,3617,0.6,0,15,"both",0.166538671200727,-0.137638258258557
"466","session1",-10.5602243446399,11.8452909712108,3.13500011548904,0.000397811230717537,0.312099283831596,0.433424297120781,0.464930561541842,12,1,40,0.166538671200727,-0.137638258258557,12,1.97435391229318,1,3.4782,3617,0.6,0,15,"both",0.166538671200727,-0.137638258258557
"467","session1",-10.5602243446399,11.8452909712108,3.13500011548904,0.000397811230717537,0.312099283831596,0.433424297120781,0.464930561541842,12,1,40,0.166538671200727,-0.137638258258557,12,3.62250540418881,0,-18.05676,3617,0.6,0,15,"both",0.166538671200727,-0.137638258258557
"468","session1",-10.5602243446399,11.8452909712108,3.13500011548904,0.000397811230717537,0.312099283831596,0.433424297120781,0.464930561541842,12,1,40,0.166538671200727,-0.137638258258557,12,2.09797322105492,0,-18.34735,3617,0.6,0,15,"both",0.166538671200727,-0.137638258258557
"469","session1",-10.5602243446399,11.8452909712108,3.13500011548904,0.000397811230717537,0.312099283831596,0.433424297120781,0.464930561541842,12,1,40,0.166538671200727,-0.137638258258557,12,3.17016909672042,0,-15.97706,3617,0.6,0,15,"both",0.166538671200727,-0.137638258258557
"470","session1",-10.5602243446399,11.8452909712108,3.13500011548904,0.000397811230717537,0.312099283831596,0.433424297120781,0.464930561541842,12,1,40,0.166538671200727,-0.137638258258557,12,2.51459472534901,1,-7.80031,3617,0.6,0,15,"both",0.166538671200727,-0.137638258258557
"471","session1",-10.5602243446399,11.8452909712108,3.13500011548904,0.000397811230717537,0.312099283831596,0.433424297120781,0.464930561541842,12,1,40,0.166538671200727,-0.137638258258557,12,2.016833892515,1,-10.34732,3617,0.6,0,15,"both",0.166538671200727,-0.137638258258557
"472","session1",-10.5602243446399,11.8452909712108,3.13500011548904,0.000397811230717537,0.312099283831596,0.433424297120781,0.464930561541842,12,1,40,0.166538671200727,-0.137638258258557,12,2.83611258114995,1,-5.4931,3617,0.6,0,15,"both",0.166538671200727,-0.137638258258557
"473","session1",-10.5602243446399,11.8452909712108,3.13500011548904,0.000397811230717537,0.312099283831596,0.433424297120781,0.464930561541842,12,1,40,0.166538671200727,-0.137638258258557,12,2.28332700421613,1,-12.38544,3617,0.6,0,15,"both",0.166538671200727,-0.137638258258557
"474","session1",-10.5602243446399,11.8452909712108,3.13500011548904,0.000397811230717537,0.312099283831596,0.433424297120781,0.464930561541842,12,1,40,0.166538671200727,-0.137638258258557,12,4.46479863369393,1,-4.2421,3617,0.6,0,15,"both",0.166538671200727,-0.137638258258557
"475","session1",-10.5602243446399,11.8452909712108,3.13500011548904,0.000397811230717537,0.312099283831596,0.433424297120781,0.464930561541842,12,1,40,0.166538671200727,-0.137638258258557,12,1.98320941957415,1,-8.3053,3617,0.6,0,15,"both",0.166538671200727,-0.137638258258557
"476","session1",-10.5602243446399,11.8452909712108,3.13500011548904,0.000397811230717537,0.312099283831596,0.433424297120781,0.464930561541842,12,1,40,0.166538671200727,-0.137638258258557,12,5.75992310015646,1,-11.63002,3617,0.6,0,15,"both",0.166538671200727,-0.137638258258557
"477","session1",-10.5602243446399,11.8452909712108,3.13500011548904,0.000397811230717537,0.312099283831596,0.433424297120781,0.464930561541842,12,1,40,0.166538671200727,-0.137638258258557,12,3.65969979947658,1,-12.33436,3617,0.6,0,15,"both",0.166538671200727,-0.137638258258557
"478","session1",-10.5602243446399,11.8452909712108,3.13500011548904,0.000397811230717537,0.312099283831596,0.433424297120781,0.464930561541842,12,1,40,0.166538671200727,-0.137638258258557,12,3.85976688849841,0,-13.29677,3617,0.6,0,15,"both",0.166538671200727,-0.137638258258557
"479","session1",-10.5602243446399,11.8452909712108,3.13500011548904,0.000397811230717537,0.312099283831596,0.433424297120781,0.464930561541842,12,1,40,0.166538671200727,-0.137638258258557,12,2.82306033908385,1,-13.99163,3617,0.6,0,15,"both",0.166538671200727,-0.137638258258557
"480","session1",-10.5602243446399,11.8452909712108,3.13500011548904,0.000397811230717537,0.312099283831596,0.433424297120781,0.464930561541842,12,1,40,0.166538671200727,-0.137638258258557,12,1.51337306929985,0,-18.52007,3617,0.6,0,15,"both",0.166538671200727,-0.137638258258557
"481","session1",-9.51013851471909,8.9085996714745,3.85955040070789,0.0864385901547147,0.165434479765688,0.369862404500736,0.436989275538486,13,1,40,0.166538671200727,-0.137638258258557,13,2.74815200166649,1,-7.0383569624,3617,0.6,0,15,"both",0.166538671200727,-0.137638258258557
"482","session1",-9.51013851471909,8.9085996714745,3.85955040070789,0.0864385901547147,0.165434479765688,0.369862404500736,0.436989275538486,13,1,40,0.166538671200727,-0.137638258258557,13,1.93357753974841,1,-9.5251420079,3617,0.6,0,15,"both",0.166538671200727,-0.137638258258557
"483","session1",-9.51013851471909,8.9085996714745,3.85955040070789,0.0864385901547147,0.165434479765688,0.369862404500736,0.436989275538486,13,1,40,0.166538671200727,-0.137638258258557,13,3.95777988748387,0,-19.677385028,3617,0.6,0,15,"both",0.166538671200727,-0.137638258258557
"484","session1",-9.51013851471909,8.9085996714745,3.85955040070789,0.0864385901547147,0.165434479765688,0.369862404500736,0.436989275538486,13,1,40,0.166538671200727,-0.137638258258557,13,2.97846579893575,0,-13.0166329814,3617,0.6,0,15,"both",0.166538671200727,-0.137638258258557
"485","session1",-9.51013851471909,8.9085996714745,3.85955040070789,0.0864385901547147,0.165434479765688,0.369862404500736,0.436989275538486,13,1,40,0.166538671200727,-0.137638258258557,13,2.34412878972395,1,-19.4557,3617,0.6,0,15,"both",0.166538671200727,-0.137638258258557
"486","session1",-9.51013851471909,8.9085996714745,3.85955040070789,0.0864385901547147,0.165434479765688,0.369862404500736,0.436989275538486,13,1,40,0.166538671200727,-0.137638258258557,13,2.36793543031141,0,2.3304,3617,0.6,0,15,"both",0.166538671200727,-0.137638258258557
"487","session1",-9.51013851471909,8.9085996714745,3.85955040070789,0.0864385901547147,0.165434479765688,0.369862404500736,0.436989275538486,13,1,40,0.166538671200727,-0.137638258258557,13,2.47343404306047,1,-32.48376,3617,0.6,0,15,"both",0.166538671200727,-0.137638258258557
"488","session1",-9.51013851471909,8.9085996714745,3.85955040070789,0.0864385901547147,0.165434479765688,0.369862404500736,0.436989275538486,13,1,40,0.166538671200727,-0.137638258258557,13,4.25153790046217,1,-4.97282,3617,0.6,0,15,"both",0.166538671200727,-0.137638258258557
"489","session1",-9.51013851471909,8.9085996714745,3.85955040070789,0.0864385901547147,0.165434479765688,0.369862404500736,0.436989275538486,13,1,40,0.166538671200727,-0.137638258258557,13,4.65191541376965,0,-7.741327115641,3617,0.6,0,15,"both",0.166538671200727,-0.137638258258557
"490","session1",-9.51013851471909,8.9085996714745,3.85955040070789,0.0864385901547147,0.165434479765688,0.369862404500736,0.436989275538486,13,1,40,0.166538671200727,-0.137638258258557,13,3.46221286184031,1,-1.8375046058,3617,0.6,0,15,"both",0.166538671200727,-0.137638258258557
"491","session1",-9.51013851471909,8.9085996714745,3.85955040070789,0.0864385901547147,0.165434479765688,0.369862404500736,0.436989275538486,13,1,40,0.166538671200727,-0.137638258258557,13,4.72463099017111,1,-6.0673787469,3617,0.6,0,15,"both",0.166538671200727,-0.137638258258557
"492","session1",-9.51013851471909,8.9085996714745,3.85955040070789,0.0864385901547147,0.165434479765688,0.369862404500736,0.436989275538486,13,1,40,0.166538671200727,-0.137638258258557,13,2.2147843925807,0,-9.905,3617,0.6,0,15,"both",0.166538671200727,-0.137638258258557
"493","session1",-9.51013851471909,8.9085996714745,3.85955040070789,0.0864385901547147,0.165434479765688,0.369862404500736,0.436989275538486,13,1,40,0.166538671200727,-0.137638258258557,13,5.96223107583509,0,-6.1127938227,3617,0.6,0,15,"both",0.166538671200727,-0.137638258258557
"494","session1",-9.51013851471909,8.9085996714745,3.85955040070789,0.0864385901547147,0.165434479765688,0.369862404500736,0.436989275538486,13,1,40,0.166538671200727,-0.137638258258557,13,2.67374647186355,1,-1.5158928146,3617,0.6,0,15,"both",0.166538671200727,-0.137638258258557
"495","session1",-9.51013851471909,8.9085996714745,3.85955040070789,0.0864385901547147,0.165434479765688,0.369862404500736,0.436989275538486,13,1,40,0.166538671200727,-0.137638258258557,13,3.30105224879673,1,3.0087,3617,0.6,0,15,"both",0.166538671200727,-0.137638258258557
"496","session1",-9.51013851471909,8.9085996714745,3.85955040070789,0.0864385901547147,0.165434479765688,0.369862404500736,0.436989275538486,13,1,40,0.166538671200727,-0.137638258258557,13,1.51910769533733,0,-42.94289,3617,0.6,0,15,"both",0.166538671200727,-0.137638258258557
"497","session1",-9.51013851471909,8.9085996714745,3.85955040070789,0.0864385901547147,0.165434479765688,0.369862404500736,0.436989275538486,13,1,40,0.166538671200727,-0.137638258258557,13,3.68952928338842,0,-7.3017431046,3617,0.6,0,15,"both",0.166538671200727,-0.137638258258557
"498","session1",-9.51013851471909,8.9085996714745,3.85955040070789,0.0864385901547147,0.165434479765688,0.369862404500736,0.436989275538486,13,1,40,0.166538671200727,-0.137638258258557,13,1.72168768971019,0,-28.08882,3617,0.6,0,15,"both",0.166538671200727,-0.137638258258557
"499","session1",-9.51013851471909,8.9085996714745,3.85955040070789,0.0864385901547147,0.165434479765688,0.369862404500736,0.436989275538486,13,1,40,0.166538671200727,-0.137638258258557,13,2.87241778564446,0,-3.0508391871,3617,0.6,0,15,"both",0.166538671200727,-0.137638258258557
"500","session1",-9.51013851471909,8.9085996714745,3.85955040070789,0.0864385901547147,0.165434479765688,0.369862404500736,0.436989275538486,13,1,40,0.166538671200727,-0.137638258258557,13,3.4887878288,0,-2.9597697496,3617,0.6,0,15,"both",0.166538671200727,-0.137638258258557
"501","session1",-9.51013851471909,8.9085996714745,3.85955040070789,0.0864385901547147,0.165434479765688,0.369862404500736,0.436989275538486,13,1,40,0.166538671200727,-0.137638258258557,13,2.73158847002111,1,-1.29976781858,3617,0.6,0,15,"both",0.166538671200727,-0.137638258258557
"502","session1",-9.51013851471909,8.9085996714745,3.85955040070789,0.0864385901547147,0.165434479765688,0.369862404500736,0.436989275538486,13,1,40,0.166538671200727,-0.137638258258557,13,2.85224795699225,0,-13.14752,3617,0.6,0,15,"both",0.166538671200727,-0.137638258258557
"503","session1",-9.51013851471909,8.9085996714745,3.85955040070789,0.0864385901547147,0.165434479765688,0.369862404500736,0.436989275538486,13,1,40,0.166538671200727,-0.137638258258557,13,2.35597659108705,1,-22.9699,3617,0.6,0,15,"both",0.166538671200727,-0.137638258258557
"504","session1",-9.51013851471909,8.9085996714745,3.85955040070789,0.0864385901547147,0.165434479765688,0.369862404500736,0.436989275538486,13,1,40,0.166538671200727,-0.137638258258557,13,3.5868412080765,0,-4.4225335997,3617,0.6,0,15,"both",0.166538671200727,-0.137638258258557
"505","session1",-9.51013851471909,8.9085996714745,3.85955040070789,0.0864385901547147,0.165434479765688,0.369862404500736,0.436989275538486,13,1,40,0.166538671200727,-0.137638258258557,13,2.19443281948539,1,-0.99380437806,3617,0.6,0,15,"both",0.166538671200727,-0.137638258258557
"506","session1",-9.51013851471909,8.9085996714745,3.85955040070789,0.0864385901547147,0.165434479765688,0.369862404500736,0.436989275538486,13,1,40,0.166538671200727,-0.137638258258557,13,1.91189386507994,1,-2.9866313594,3617,0.6,0,15,"both",0.166538671200727,-0.137638258258557
"507","session1",-9.51013851471909,8.9085996714745,3.85955040070789,0.0864385901547147,0.165434479765688,0.369862404500736,0.436989275538486,13,1,40,0.166538671200727,-0.137638258258557,13,2.92241209133031,1,-2.74329056851,3617,0.6,0,15,"both",0.166538671200727,-0.137638258258557
"508","session1",-9.51013851471909,8.9085996714745,3.85955040070789,0.0864385901547147,0.165434479765688,0.369862404500736,0.436989275538486,13,1,40,0.166538671200727,-0.137638258258557,13,2.59874660967281,1,-5.62736495717,3617,0.6,0,15,"both",0.166538671200727,-0.137638258258557
"509","session1",-9.51013851471909,8.9085996714745,3.85955040070789,0.0864385901547147,0.165434479765688,0.369862404500736,0.436989275538486,13,1,40,0.166538671200727,-0.137638258258557,13,3.03660242323501,0,-5.69257,3617,0.6,0,15,"both",0.166538671200727,-0.137638258258557
"510","session1",-9.51013851471909,8.9085996714745,3.85955040070789,0.0864385901547147,0.165434479765688,0.369862404500736,0.436989275538486,13,1,40,0.166538671200727,-0.137638258258557,13,1.80960087785218,1,2.6613,3617,0.6,0,15,"both",0.166538671200727,-0.137638258258557
"511","session1",-9.51013851471909,8.9085996714745,3.85955040070789,0.0864385901547147,0.165434479765688,0.369862404500736,0.436989275538486,13,1,40,0.166538671200727,-0.137638258258557,13,3.69889816432182,0,-8.2477,3617,0.6,0,15,"both",0.166538671200727,-0.137638258258557
"512","session1",-9.51013851471909,8.9085996714745,3.85955040070789,0.0864385901547147,0.165434479765688,0.369862404500736,0.436989275538486,13,1,40,0.166538671200727,-0.137638258258557,13,3.74678971867166,1,-6.4065468494,3617,0.6,0,15,"both",0.166538671200727,-0.137638258258557
"513","session1",-9.51013851471909,8.9085996714745,3.85955040070789,0.0864385901547147,0.165434479765688,0.369862404500736,0.436989275538486,13,1,40,0.166538671200727,-0.137638258258557,13,1.78230517753538,1,10.37225,3617,0.6,0,15,"both",0.166538671200727,-0.137638258258557
"514","session1",-9.51013851471909,8.9085996714745,3.85955040070789,0.0864385901547147,0.165434479765688,0.369862404500736,0.436989275538486,13,1,40,0.166538671200727,-0.137638258258557,13,2.9162330412137,0,-0.171899999999999,3617,0.6,0,15,"both",0.166538671200727,-0.137638258258557
"515","session1",-9.51013851471909,8.9085996714745,3.85955040070789,0.0864385901547147,0.165434479765688,0.369862404500736,0.436989275538486,13,1,40,0.166538671200727,-0.137638258258557,13,2.73643031419085,0,3.1603,3617,0.6,0,15,"both",0.166538671200727,-0.137638258258557
"516","session1",-9.51013851471909,8.9085996714745,3.85955040070789,0.0864385901547147,0.165434479765688,0.369862404500736,0.436989275538486,13,1,40,0.166538671200727,-0.137638258258557,13,6.43388916597433,1,-7.0129,3617,0.6,0,15,"both",0.166538671200727,-0.137638258258557
"517","session1",-9.51013851471909,8.9085996714745,3.85955040070789,0.0864385901547147,0.165434479765688,0.369862404500736,0.436989275538486,13,1,40,0.166538671200727,-0.137638258258557,13,3.63063539964203,0,-8.7874334119,3617,0.6,0,15,"both",0.166538671200727,-0.137638258258557
"518","session1",-9.51013851471909,8.9085996714745,3.85955040070789,0.0864385901547147,0.165434479765688,0.369862404500736,0.436989275538486,13,1,40,0.166538671200727,-0.137638258258557,13,2.02189074445014,0,9.2132,3617,0.6,0,15,"both",0.166538671200727,-0.137638258258557
"519","session1",-9.51013851471909,8.9085996714745,3.85955040070789,0.0864385901547147,0.165434479765688,0.369862404500736,0.436989275538486,13,1,40,0.166538671200727,-0.137638258258557,13,2.75160152455399,1,-3.97200493381,3617,0.6,0,15,"both",0.166538671200727,-0.137638258258557
"520","session1",-9.51013851471909,8.9085996714745,3.85955040070789,0.0864385901547147,0.165434479765688,0.369862404500736,0.436989275538486,13,1,40,0.166538671200727,-0.137638258258557,13,2.10806351492515,0,-4.8371554442,3617,0.6,0,15,"both",0.166538671200727,-0.137638258258557
"521","session1",-2.85366088262723,11.2812214839041,3.13551607227045,5.72571702271294e-05,0.50085909016474,0.474266832360014,0.342535830131846,14,1,40,0.166538671200727,-0.137638258258557,14,4.43146929570428,0,-10.467833021,3617,0.6,0,15,"both",0.166538671200727,-0.137638258258557
"522","session1",-2.85366088262723,11.2812214839041,3.13551607227045,5.72571702271294e-05,0.50085909016474,0.474266832360014,0.342535830131846,14,1,40,0.166538671200727,-0.137638258258557,14,3.7162573822455,0,6.14029131,3617,0.6,0,15,"both",0.166538671200727,-0.137638258258557
"523","session1",-2.85366088262723,11.2812214839041,3.13551607227045,5.72571702271294e-05,0.50085909016474,0.474266832360014,0.342535830131846,14,1,40,0.166538671200727,-0.137638258258557,14,2.25617426472814,1,15.2756126859,3617,0.6,0,15,"both",0.166538671200727,-0.137638258258557
"524","session1",-2.85366088262723,11.2812214839041,3.13551607227045,5.72571702271294e-05,0.50085909016474,0.474266832360014,0.342535830131846,14,1,40,0.166538671200727,-0.137638258258557,14,2.09082627723441,0,9.08417542,3617,0.6,0,15,"both",0.166538671200727,-0.137638258258557
"525","session1",-2.85366088262723,11.2812214839041,3.13551607227045,5.72571702271294e-05,0.50085909016474,0.474266832360014,0.342535830131846,14,1,40,0.166538671200727,-0.137638258258557,14,1.63011470636709,1,17.85414,3617,0.6,0,15,"both",0.166538671200727,-0.137638258258557
"526","session1",-2.85366088262723,11.2812214839041,3.13551607227045,5.72571702271294e-05,0.50085909016474,0.474266832360014,0.342535830131846,14,1,40,0.166538671200727,-0.137638258258557,14,3.42853097257022,1,11.036020906,3617,0.6,0,15,"both",0.166538671200727,-0.137638258258557
"527","session1",-2.85366088262723,11.2812214839041,3.13551607227045,5.72571702271294e-05,0.50085909016474,0.474266832360014,0.342535830131846,14,1,40,0.166538671200727,-0.137638258258557,14,2.3614635485212,1,-6.13914,3617,0.6,0,15,"both",0.166538671200727,-0.137638258258557
"528","session1",-2.85366088262723,11.2812214839041,3.13551607227045,5.72571702271294e-05,0.50085909016474,0.474266832360014,0.342535830131846,14,1,40,0.166538671200727,-0.137638258258557,14,1.61087892813322,1,25.89712,3617,0.6,0,15,"both",0.166538671200727,-0.137638258258557
"529","session1",-2.85366088262723,11.2812214839041,3.13551607227045,5.72571702271294e-05,0.50085909016474,0.474266832360014,0.342535830131846,14,1,40,0.166538671200727,-0.137638258258557,14,4.45497386951693,0,-26.58993,3617,0.6,0,15,"both",0.166538671200727,-0.137638258258557
"530","session1",-2.85366088262723,11.2812214839041,3.13551607227045,5.72571702271294e-05,0.50085909016474,0.474266832360014,0.342535830131846,14,1,40,0.166538671200727,-0.137638258258557,14,1.88954845737174,0,-21.0651,3617,0.6,0,15,"both",0.166538671200727,-0.137638258258557
"531","session1",-2.85366088262723,11.2812214839041,3.13551607227045,5.72571702271294e-05,0.50085909016474,0.474266832360014,0.342535830131846,14,1,40,0.166538671200727,-0.137638258258557,14,7.38543861182589,1,2.63039551784,3617,0.6,0,15,"both",0.166538671200727,-0.137638258258557
"532","session1",-2.85366088262723,11.2812214839041,3.13551607227045,5.72571702271294e-05,0.50085909016474,0.474266832360014,0.342535830131846,14,1,40,0.166538671200727,-0.137638258258557,14,2.52283485951091,0,-25.074736,3617,0.6,0,15,"both",0.166538671200727,-0.137638258258557
"533","session1",-2.85366088262723,11.2812214839041,3.13551607227045,5.72571702271294e-05,0.50085909016474,0.474266832360014,0.342535830131846,14,1,40,0.166538671200727,-0.137638258258557,14,1.92821984744642,0,-15.92268,3617,0.6,0,15,"both",0.166538671200727,-0.137638258258557
"534","session1",-2.85366088262723,11.2812214839041,3.13551607227045,5.72571702271294e-05,0.50085909016474,0.474266832360014,0.342535830131846,14,1,40,0.166538671200727,-0.137638258258557,14,4.92386147686933,1,-4.5731,3617,0.6,0,15,"both",0.166538671200727,-0.137638258258557
"535","session1",-2.85366088262723,11.2812214839041,3.13551607227045,5.72571702271294e-05,0.50085909016474,0.474266832360014,0.342535830131846,14,1,40,0.166538671200727,-0.137638258258557,14,8,0,-3.4242,3617,0.6,0,15,"both",0.166538671200727,-0.137638258258557
"536","session1",-2.85366088262723,11.2812214839041,3.13551607227045,5.72571702271294e-05,0.50085909016474,0.474266832360014,0.342535830131846,14,1,40,0.166538671200727,-0.137638258258557,14,2.04131379292941,0,-28.5514,3617,0.6,0,15,"both",0.166538671200727,-0.137638258258557
"537","session1",-2.85366088262723,11.2812214839041,3.13551607227045,5.72571702271294e-05,0.50085909016474,0.474266832360014,0.342535830131846,14,1,40,0.166538671200727,-0.137638258258557,14,3.28913200609254,0,-3.12792,3617,0.6,0,15,"both",0.166538671200727,-0.137638258258557
"538","session1",-2.85366088262723,11.2812214839041,3.13551607227045,5.72571702271294e-05,0.50085909016474,0.474266832360014,0.342535830131846,14,1,40,0.166538671200727,-0.137638258258557,14,4.0075750061083,1,-6.68768,3617,0.6,0,15,"both",0.166538671200727,-0.137638258258557
"539","session1",-2.85366088262723,11.2812214839041,3.13551607227045,5.72571702271294e-05,0.50085909016474,0.474266832360014,0.342535830131846,14,1,40,0.166538671200727,-0.137638258258557,14,1.40872566640224,0,-32.0805,3617,0.6,0,15,"both",0.166538671200727,-0.137638258258557
"540","session1",-2.85366088262723,11.2812214839041,3.13551607227045,5.72571702271294e-05,0.50085909016474,0.474266832360014,0.342535830131846,14,1,40,0.166538671200727,-0.137638258258557,14,2.28610871260642,1,24.48288,3617,0.6,0,15,"both",0.166538671200727,-0.137638258258557
"541","session1",-2.85366088262723,11.2812214839041,3.13551607227045,5.72571702271294e-05,0.50085909016474,0.474266832360014,0.342535830131846,14,1,40,0.166538671200727,-0.137638258258557,14,4.35580976381719,0,-2.44779,3617,0.6,0,15,"both",0.166538671200727,-0.137638258258557
"542","session1",-2.85366088262723,11.2812214839041,3.13551607227045,5.72571702271294e-05,0.50085909016474,0.474266832360014,0.342535830131846,14,1,40,0.166538671200727,-0.137638258258557,14,3.14505363070836,0,10.1618,3617,0.6,0,15,"both",0.166538671200727,-0.137638258258557
"543","session1",-2.85366088262723,11.2812214839041,3.13551607227045,5.72571702271294e-05,0.50085909016474,0.474266832360014,0.342535830131846,14,1,40,0.166538671200727,-0.137638258258557,14,1.77105115492799,0,-17.21966,3617,0.6,0,15,"both",0.166538671200727,-0.137638258258557
"544","session1",-2.85366088262723,11.2812214839041,3.13551607227045,5.72571702271294e-05,0.50085909016474,0.474266832360014,0.342535830131846,14,1,40,0.166538671200727,-0.137638258258557,14,6.23105514803586,0,-9.9298,3617,0.6,0,15,"both",0.166538671200727,-0.137638258258557
"545","session1",-2.85366088262723,11.2812214839041,3.13551607227045,5.72571702271294e-05,0.50085909016474,0.474266832360014,0.342535830131846,14,1,40,0.166538671200727,-0.137638258258557,14,2.83148104866812,1,14.04035,3617,0.6,0,15,"both",0.166538671200727,-0.137638258258557
"546","session1",-2.85366088262723,11.2812214839041,3.13551607227045,5.72571702271294e-05,0.50085909016474,0.474266832360014,0.342535830131846,14,1,40,0.166538671200727,-0.137638258258557,14,1.53279487230623,1,21.12397,3617,0.6,0,15,"both",0.166538671200727,-0.137638258258557
"547","session1",-2.85366088262723,11.2812214839041,3.13551607227045,5.72571702271294e-05,0.50085909016474,0.474266832360014,0.342535830131846,14,1,40,0.166538671200727,-0.137638258258557,14,1.72495839159251,1,18.04505,3617,0.6,0,15,"both",0.166538671200727,-0.137638258258557
"548","session1",-2.85366088262723,11.2812214839041,3.13551607227045,5.72571702271294e-05,0.50085909016474,0.474266832360014,0.342535830131846,14,1,40,0.166538671200727,-0.137638258258557,14,2.06553897041711,0,-4.32582,3617,0.6,0,15,"both",0.166538671200727,-0.137638258258557
"549","session1",-2.85366088262723,11.2812214839041,3.13551607227045,5.72571702271294e-05,0.50085909016474,0.474266832360014,0.342535830131846,14,1,40,0.166538671200727,-0.137638258258557,14,5.5806287790187,1,-7.615233,3617,0.6,0,15,"both",0.166538671200727,-0.137638258258557
"550","session1",-2.85366088262723,11.2812214839041,3.13551607227045,5.72571702271294e-05,0.50085909016474,0.474266832360014,0.342535830131846,14,1,40,0.166538671200727,-0.137638258258557,14,2.04526617769027,1,15.2070284,3617,0.6,0,15,"both",0.166538671200727,-0.137638258258557
"551","session1",-2.85366088262723,11.2812214839041,3.13551607227045,5.72571702271294e-05,0.50085909016474,0.474266832360014,0.342535830131846,14,1,40,0.166538671200727,-0.137638258258557,14,3.16426775895987,0,-4.18132,3617,0.6,0,15,"both",0.166538671200727,-0.137638258258557
"552","session1",-2.85366088262723,11.2812214839041,3.13551607227045,5.72571702271294e-05,0.50085909016474,0.474266832360014,0.342535830131846,14,1,40,0.166538671200727,-0.137638258258557,14,4.63230819525273,1,10.105247,3617,0.6,0,15,"both",0.166538671200727,-0.137638258258557
"553","session1",-2.85366088262723,11.2812214839041,3.13551607227045,5.72571702271294e-05,0.50085909016474,0.474266832360014,0.342535830131846,14,1,40,0.166538671200727,-0.137638258258557,14,2.52027493897309,0,-13.39342,3617,0.6,0,15,"both",0.166538671200727,-0.137638258258557
"554","session1",-2.85366088262723,11.2812214839041,3.13551607227045,5.72571702271294e-05,0.50085909016474,0.474266832360014,0.342535830131846,14,1,40,0.166538671200727,-0.137638258258557,14,3.77154403589983,1,11.48037,3617,0.6,0,15,"both",0.166538671200727,-0.137638258258557
"555","session1",-2.85366088262723,11.2812214839041,3.13551607227045,5.72571702271294e-05,0.50085909016474,0.474266832360014,0.342535830131846,14,1,40,0.166538671200727,-0.137638258258557,14,2.42411064359355,1,19.95701,3617,0.6,0,15,"both",0.166538671200727,-0.137638258258557
"556","session1",-2.85366088262723,11.2812214839041,3.13551607227045,5.72571702271294e-05,0.50085909016474,0.474266832360014,0.342535830131846,14,1,40,0.166538671200727,-0.137638258258557,14,5.28170221585595,1,-5.88546,3617,0.6,0,15,"both",0.166538671200727,-0.137638258258557
"557","session1",-2.85366088262723,11.2812214839041,3.13551607227045,5.72571702271294e-05,0.50085909016474,0.474266832360014,0.342535830131846,14,1,40,0.166538671200727,-0.137638258258557,14,2.12658978635447,1,12.41099,3617,0.6,0,15,"both",0.166538671200727,-0.137638258258557
"558","session1",-2.85366088262723,11.2812214839041,3.13551607227045,5.72571702271294e-05,0.50085909016474,0.474266832360014,0.342535830131846,14,1,40,0.166538671200727,-0.137638258258557,14,3.32605777828406,0,-19.90417,3617,0.6,0,15,"both",0.166538671200727,-0.137638258258557
"559","session1",-2.85366088262723,11.2812214839041,3.13551607227045,5.72571702271294e-05,0.50085909016474,0.474266832360014,0.342535830131846,14,1,40,0.166538671200727,-0.137638258258557,14,2.52737431126927,1,7.82981,3617,0.6,0,15,"both",0.166538671200727,-0.137638258258557
"560","session1",-2.85366088262723,11.2812214839041,3.13551607227045,5.72571702271294e-05,0.50085909016474,0.474266832360014,0.342535830131846,14,1,40,0.166538671200727,-0.137638258258557,14,1.74082634951042,0,-20.550908,3617,0.6,0,15,"both",0.166538671200727,-0.137638258258557
"561","session1",-9.76829448025209,15.3757534692274,3.57381446623399,0.000285646422508724,0.137134167220048,0.696567282408341,0.648103571201033,15,1,40,0.166538671200727,-0.137638258258557,15,2.33227900065487,0,-9.7927729438,3617,0.6,0,15,"both",0.166538671200727,-0.137638258258557
"562","session1",-9.76829448025209,15.3757534692274,3.57381446623399,0.000285646422508724,0.137134167220048,0.696567282408341,0.648103571201033,15,1,40,0.166538671200727,-0.137638258258557,15,1.25733129679172,0,4.45632072163,3617,0.6,0,15,"both",0.166538671200727,-0.137638258258557
"563","session1",-9.76829448025209,15.3757534692274,3.57381446623399,0.000285646422508724,0.137134167220048,0.696567282408341,0.648103571201033,15,1,40,0.166538671200727,-0.137638258258557,15,2.1747541527837,1,13.73633633468,3617,0.6,0,15,"both",0.166538671200727,-0.137638258258557
"564","session1",-9.76829448025209,15.3757534692274,3.57381446623399,0.000285646422508724,0.137134167220048,0.696567282408341,0.648103571201033,15,1,40,0.166538671200727,-0.137638258258557,15,8,1,7.8050375716,3617,0.6,0,15,"both",0.166538671200727,-0.137638258258557
"565","session1",-9.76829448025209,15.3757534692274,3.57381446623399,0.000285646422508724,0.137134167220048,0.696567282408341,0.648103571201033,15,1,40,0.166538671200727,-0.137638258258557,15,1.35742232320893,1,2.43447,3617,0.6,0,15,"both",0.166538671200727,-0.137638258258557
"566","session1",-9.76829448025209,15.3757534692274,3.57381446623399,0.000285646422508724,0.137134167220048,0.696567282408341,0.648103571201033,15,1,40,0.166538671200727,-0.137638258258557,15,2.76251966777502,1,1.386649,3617,0.6,0,15,"both",0.166538671200727,-0.137638258258557
"567","session1",-9.76829448025209,15.3757534692274,3.57381446623399,0.000285646422508724,0.137134167220048,0.696567282408341,0.648103571201033,15,1,40,0.166538671200727,-0.137638258258557,15,1.50200746276342,1,16.14397,3617,0.6,0,15,"both",0.166538671200727,-0.137638258258557
"568","session1",-9.76829448025209,15.3757534692274,3.57381446623399,0.000285646422508724,0.137134167220048,0.696567282408341,0.648103571201033,15,1,40,0.166538671200727,-0.137638258258557,15,7.38617851148391,1,-1.7724489908,3617,0.6,0,15,"both",0.166538671200727,-0.137638258258557
"569","session1",-9.76829448025209,15.3757534692274,3.57381446623399,0.000285646422508724,0.137134167220048,0.696567282408341,0.648103571201033,15,1,40,0.166538671200727,-0.137638258258557,15,2.96998183007737,0,-19.49873,3617,0.6,0,15,"both",0.166538671200727,-0.137638258258557
"570","session1",-9.76829448025209,15.3757534692274,3.57381446623399,0.000285646422508724,0.137134167220048,0.696567282408341,0.648103571201033,15,1,40,0.166538671200727,-0.137638258258557,15,2.71414345883627,1,22.91475,3617,0.6,0,15,"both",0.166538671200727,-0.137638258258557
"571","session1",-9.76829448025209,15.3757534692274,3.57381446623399,0.000285646422508724,0.137134167220048,0.696567282408341,0.648103571201033,15,1,40,0.166538671200727,-0.137638258258557,15,5.3876412408314,1,-16.01664,3617,0.6,0,15,"both",0.166538671200727,-0.137638258258557
"572","session1",-9.76829448025209,15.3757534692274,3.57381446623399,0.000285646422508724,0.137134167220048,0.696567282408341,0.648103571201033,15,1,40,0.166538671200727,-0.137638258258557,15,5.02645789678057,0,-10.2438503254,3617,0.6,0,15,"both",0.166538671200727,-0.137638258258557
"573","session1",-9.76829448025209,15.3757534692274,3.57381446623399,0.000285646422508724,0.137134167220048,0.696567282408341,0.648103571201033,15,1,40,0.166538671200727,-0.137638258258557,15,2.33443248789,0,-14.57873,3617,0.6,0,15,"both",0.166538671200727,-0.137638258258557
"574","session1",-9.76829448025209,15.3757534692274,3.57381446623399,0.000285646422508724,0.137134167220048,0.696567282408341,0.648103571201033,15,1,40,0.166538671200727,-0.137638258258557,15,2.13256894721743,1,3.236,3617,0.6,0,15,"both",0.166538671200727,-0.137638258258557
"575","session1",-9.76829448025209,15.3757534692274,3.57381446623399,0.000285646422508724,0.137134167220048,0.696567282408341,0.648103571201033,15,1,40,0.166538671200727,-0.137638258258557,15,6.91667608434525,1,-6.165823,3617,0.6,0,15,"both",0.166538671200727,-0.137638258258557
"576","session1",-9.76829448025209,15.3757534692274,3.57381446623399,0.000285646422508724,0.137134167220048,0.696567282408341,0.648103571201033,15,1,40,0.166538671200727,-0.137638258258557,15,1.83859973185871,1,15.454622,3617,0.6,0,15,"both",0.166538671200727,-0.137638258258557
"577","session1",-9.76829448025209,15.3757534692274,3.57381446623399,0.000285646422508724,0.137134167220048,0.696567282408341,0.648103571201033,15,1,40,0.166538671200727,-0.137638258258557,15,3.1859736267391,1,-0.23851,3617,0.6,0,15,"both",0.166538671200727,-0.137638258258557
"578","session1",-9.76829448025209,15.3757534692274,3.57381446623399,0.000285646422508724,0.137134167220048,0.696567282408341,0.648103571201033,15,1,40,0.166538671200727,-0.137638258258557,15,1.57645062480454,0,-26.25975,3617,0.6,0,15,"both",0.166538671200727,-0.137638258258557
"579","session1",-9.76829448025209,15.3757534692274,3.57381446623399,0.000285646422508724,0.137134167220048,0.696567282408341,0.648103571201033,15,1,40,0.166538671200727,-0.137638258258557,15,4.45378985507314,0,-12.27614,3617,0.6,0,15,"both",0.166538671200727,-0.137638258258557
"580","session1",-9.76829448025209,15.3757534692274,3.57381446623399,0.000285646422508724,0.137134167220048,0.696567282408341,0.648103571201033,15,1,40,0.166538671200727,-0.137638258258557,15,5.23497341011763,1,-4.85874,3617,0.6,0,15,"both",0.166538671200727,-0.137638258258557
"581","session1",-9.76829448025209,15.3757534692274,3.57381446623399,0.000285646422508724,0.137134167220048,0.696567282408341,0.648103571201033,15,1,40,0.166538671200727,-0.137638258258557,15,3.67695109848921,0,-9.55917,3617,0.6,0,15,"both",0.166538671200727,-0.137638258258557
"582","session1",-9.76829448025209,15.3757534692274,3.57381446623399,0.000285646422508724,0.137134167220048,0.696567282408341,0.648103571201033,15,1,40,0.166538671200727,-0.137638258258557,15,4.17884833925096,1,-6.47682,3617,0.6,0,15,"both",0.166538671200727,-0.137638258258557
"583","session1",-9.76829448025209,15.3757534692274,3.57381446623399,0.000285646422508724,0.137134167220048,0.696567282408341,0.648103571201033,15,1,40,0.166538671200727,-0.137638258258557,15,1.52128625472838,1,-10.58886,3617,0.6,0,15,"both",0.166538671200727,-0.137638258258557
"584","session1",-9.76829448025209,15.3757534692274,3.57381446623399,0.000285646422508724,0.137134167220048,0.696567282408341,0.648103571201033,15,1,40,0.166538671200727,-0.137638258258557,15,8,1,-3.10495,3617,0.6,0,15,"both",0.166538671200727,-0.137638258258557
"585","session1",-9.76829448025209,15.3757534692274,3.57381446623399,0.000285646422508724,0.137134167220048,0.696567282408341,0.648103571201033,15,1,40,0.166538671200727,-0.137638258258557,15,6.69102269523087,0,-16.80419,3617,0.6,0,15,"both",0.166538671200727,-0.137638258258557
"586","session1",-9.76829448025209,15.3757534692274,3.57381446623399,0.000285646422508724,0.137134167220048,0.696567282408341,0.648103571201033,15,1,40,0.166538671200727,-0.137638258258557,15,1.29739232848888,0,-22.64291,3617,0.6,0,15,"both",0.166538671200727,-0.137638258258557
"587","session1",-9.76829448025209,15.3757534692274,3.57381446623399,0.000285646422508724,0.137134167220048,0.696567282408341,0.648103571201033,15,1,40,0.166538671200727,-0.137638258258557,15,4.66118509204481,1,-8.43887,3617,0.6,0,15,"both",0.166538671200727,-0.137638258258557
"588","session1",-9.76829448025209,15.3757534692274,3.57381446623399,0.000285646422508724,0.137134167220048,0.696567282408341,0.648103571201033,15,1,40,0.166538671200727,-0.137638258258557,15,4.64430352682145,0,-8.98044,3617,0.6,0,15,"both",0.166538671200727,-0.137638258258557
"589","session1",-9.76829448025209,15.3757534692274,3.57381446623399,0.000285646422508724,0.137134167220048,0.696567282408341,0.648103571201033,15,1,40,0.166538671200727,-0.137638258258557,15,7.96795324043058,0,-6.34954,3617,0.6,0,15,"both",0.166538671200727,-0.137638258258557
"590","session1",-9.76829448025209,15.3757534692274,3.57381446623399,0.000285646422508724,0.137134167220048,0.696567282408341,0.648103571201033,15,1,40,0.166538671200727,-0.137638258258557,15,1.8666263460558,0,-11.73177,3617,0.6,0,15,"both",0.166538671200727,-0.137638258258557
"591","session1",-9.76829448025209,15.3757534692274,3.57381446623399,0.000285646422508724,0.137134167220048,0.696567282408341,0.648103571201033,15,1,40,0.166538671200727,-0.137638258258557,15,3.87930876362376,1,0.17277,3617,0.6,0,15,"both",0.166538671200727,-0.137638258258557
"592","session1",-9.76829448025209,15.3757534692274,3.57381446623399,0.000285646422508724,0.137134167220048,0.696567282408341,0.648103571201033,15,1,40,0.166538671200727,-0.137638258258557,15,3.81774869188451,0,-13.75363,3617,0.6,0,15,"both",0.166538671200727,-0.137638258258557
"593","session1",-9.76829448025209,15.3757534692274,3.57381446623399,0.000285646422508724,0.137134167220048,0.696567282408341,0.648103571201033,15,1,40,0.166538671200727,-0.137638258258557,15,1.94491464232424,0,-24.89521,3617,0.6,0,15,"both",0.166538671200727,-0.137638258258557
"594","session1",-9.76829448025209,15.3757534692274,3.57381446623399,0.000285646422508724,0.137134167220048,0.696567282408341,0.648103571201033,15,1,40,0.166538671200727,-0.137638258258557,15,5.2880451872329,1,-4.95596,3617,0.6,0,15,"both",0.166538671200727,-0.137638258258557
"595","session1",-9.76829448025209,15.3757534692274,3.57381446623399,0.000285646422508724,0.137134167220048,0.696567282408341,0.648103571201033,15,1,40,0.166538671200727,-0.137638258258557,15,3.2063141914174,0,-12.62371,3617,0.6,0,15,"both",0.166538671200727,-0.137638258258557
"596","session1",-9.76829448025209,15.3757534692274,3.57381446623399,0.000285646422508724,0.137134167220048,0.696567282408341,0.648103571201033,15,1,40,0.166538671200727,-0.137638258258557,15,7.66375454404144,1,-12.64388,3617,0.6,0,15,"both",0.166538671200727,-0.137638258258557
"597","session1",-9.76829448025209,15.3757534692274,3.57381446623399,0.000285646422508724,0.137134167220048,0.696567282408341,0.648103571201033,15,1,40,0.166538671200727,-0.137638258258557,15,7.67747616074318,0,-3.53899,3617,0.6,0,15,"both",0.166538671200727,-0.137638258258557
"598","session1",-9.76829448025209,15.3757534692274,3.57381446623399,0.000285646422508724,0.137134167220048,0.696567282408341,0.648103571201033,15,1,40,0.166538671200727,-0.137638258258557,15,4.67906539009525,0,-10.55234,3617,0.6,0,15,"both",0.166538671200727,-0.137638258258557
"599","session1",-9.76829448025209,15.3757534692274,3.57381446623399,0.000285646422508724,0.137134167220048,0.696567282408341,0.648103571201033,15,1,40,0.166538671200727,-0.137638258258557,15,3.8566206152373,1,-6.68669,3617,0.6,0,15,"both",0.166538671200727,-0.137638258258557
"600","session1",-9.76829448025209,15.3757534692274,3.57381446623399,0.000285646422508724,0.137134167220048,0.696567282408341,0.648103571201033,15,1,40,0.166538671200727,-0.137638258258557,15,1.5737613252129,0,-31.52841,3617,0.6,0,15,"both",0.166538671200727,-0.137638258258557
"601","session2",-21.4469685449272,13.4933484799008,1.97098278968758,3.01225707365411e-05,0.334375804188223,0.40314775538522,0.605449999216502,1,2,40,0.166538671200727,-0.137638258258557,16,2.42490818016636,0,-6.6915328174,3617,0.6,0,15,"both",0.166538671200727,-0.137638258258557
"602","session2",-21.4469685449272,13.4933484799008,1.97098278968758,3.01225707365411e-05,0.334375804188223,0.40314775538522,0.605449999216502,1,2,40,0.166538671200727,-0.137638258258557,16,3.38696729952597,1,5.93755548579,3617,0.6,0,15,"both",0.166538671200727,-0.137638258258557
"603","session2",-21.4469685449272,13.4933484799008,1.97098278968758,3.01225707365411e-05,0.334375804188223,0.40314775538522,0.605449999216502,1,2,40,0.166538671200727,-0.137638258258557,16,2.65833984223894,1,1.06202654105,3617,0.6,0,15,"both",0.166538671200727,-0.137638258258557
"604","session2",-21.4469685449272,13.4933484799008,1.97098278968758,3.01225707365411e-05,0.334375804188223,0.40314775538522,0.605449999216502,1,2,40,0.166538671200727,-0.137638258258557,16,2.72078370043308,1,-5.67804183215,3617,0.6,0,15,"both",0.166538671200727,-0.137638258258557
"605","session2",-21.4469685449272,13.4933484799008,1.97098278968758,3.01225707365411e-05,0.334375804188223,0.40314775538522,0.605449999216502,1,2,40,0.166538671200727,-0.137638258258557,16,1.8450906839021,1,-6.8694941164,3617,0.6,0,15,"both",0.166538671200727,-0.137638258258557
"606","session2",-21.4469685449272,13.4933484799008,1.97098278968758,3.01225707365411e-05,0.334375804188223,0.40314775538522,0.605449999216502,1,2,40,0.166538671200727,-0.137638258258557,16,3.41608629256474,1,-14.20035,3617,0.6,0,15,"both",0.166538671200727,-0.137638258258557
"607","session2",-21.4469685449272,13.4933484799008,1.97098278968758,3.01225707365411e-05,0.334375804188223,0.40314775538522,0.605449999216502,1,2,40,0.166538671200727,-0.137638258258557,16,4.29242223843672,0,-17.681555918,3617,0.6,0,15,"both",0.166538671200727,-0.137638258258557
"608","session2",-21.4469685449272,13.4933484799008,1.97098278968758,3.01225707365411e-05,0.334375804188223,0.40314775538522,0.605449999216502,1,2,40,0.166538671200727,-0.137638258258557,16,2.0764425966212,0,-28.70954,3617,0.6,0,15,"both",0.166538671200727,-0.137638258258557
"609","session2",-21.4469685449272,13.4933484799008,1.97098278968758,3.01225707365411e-05,0.334375804188223,0.40314775538522,0.605449999216502,1,2,40,0.166538671200727,-0.137638258258557,16,2.01799153880557,1,16.74792,3617,0.6,0,15,"both",0.166538671200727,-0.137638258258557
"610","session2",-21.4469685449272,13.4933484799008,1.97098278968758,3.01225707365411e-05,0.334375804188223,0.40314775538522,0.605449999216502,1,2,40,0.166538671200727,-0.137638258258557,16,1.59235089422637,1,-14.93392,3617,0.6,0,15,"both",0.166538671200727,-0.137638258258557
"611","session2",-21.4469685449272,13.4933484799008,1.97098278968758,3.01225707365411e-05,0.334375804188223,0.40314775538522,0.605449999216502,1,2,40,0.166538671200727,-0.137638258258557,16,2.95130416215233,0,-31.79939,3617,0.6,0,15,"both",0.166538671200727,-0.137638258258557
"612","session2",-21.4469685449272,13.4933484799008,1.97098278968758,3.01225707365411e-05,0.334375804188223,0.40314775538522,0.605449999216502,1,2,40,0.166538671200727,-0.137638258258557,16,3.61671210298446,0,-25.33396,3617,0.6,0,15,"both",0.166538671200727,-0.137638258258557
"613","session2",-21.4469685449272,13.4933484799008,1.97098278968758,3.01225707365411e-05,0.334375804188223,0.40314775538522,0.605449999216502,1,2,40,0.166538671200727,-0.137638258258557,16,1.86463333920975,0,-30.4132,3617,0.6,0,15,"both",0.166538671200727,-0.137638258258557
"614","session2",-21.4469685449272,13.4933484799008,1.97098278968758,3.01225707365411e-05,0.334375804188223,0.40314775538522,0.605449999216502,1,2,40,0.166538671200727,-0.137638258258557,16,2.85696754567259,1,24.82904,3617,0.6,0,15,"both",0.166538671200727,-0.137638258258557
"615","session2",-21.4469685449272,13.4933484799008,1.97098278968758,3.01225707365411e-05,0.334375804188223,0.40314775538522,0.605449999216502,1,2,40,0.166538671200727,-0.137638258258557,16,5.10716732575526,1,-25.48808,3617,0.6,0,15,"both",0.166538671200727,-0.137638258258557
"616","session2",-21.4469685449272,13.4933484799008,1.97098278968758,3.01225707365411e-05,0.334375804188223,0.40314775538522,0.605449999216502,1,2,40,0.166538671200727,-0.137638258258557,16,2.11592302109315,1,-14.8531,3617,0.6,0,15,"both",0.166538671200727,-0.137638258258557
"617","session2",-21.4469685449272,13.4933484799008,1.97098278968758,3.01225707365411e-05,0.334375804188223,0.40314775538522,0.605449999216502,1,2,40,0.166538671200727,-0.137638258258557,16,1.63306913783234,0,-31.5778,3617,0.6,0,15,"both",0.166538671200727,-0.137638258258557
"618","session2",-21.4469685449272,13.4933484799008,1.97098278968758,3.01225707365411e-05,0.334375804188223,0.40314775538522,0.605449999216502,1,2,40,0.166538671200727,-0.137638258258557,16,2.08795557605739,1,-35.1454,3617,0.6,0,15,"both",0.166538671200727,-0.137638258258557
"619","session2",-21.4469685449272,13.4933484799008,1.97098278968758,3.01225707365411e-05,0.334375804188223,0.40314775538522,0.605449999216502,1,2,40,0.166538671200727,-0.137638258258557,16,1.56557938013239,0,-39.873,3617,0.6,0,15,"both",0.166538671200727,-0.137638258258557
"620","session2",-21.4469685449272,13.4933484799008,1.97098278968758,3.01225707365411e-05,0.334375804188223,0.40314775538522,0.605449999216502,1,2,40,0.166538671200727,-0.137638258258557,16,2.96595268345762,1,-0.581999999999999,3617,0.6,0,15,"both",0.166538671200727,-0.137638258258557
"621","session2",-21.4469685449272,13.4933484799008,1.97098278968758,3.01225707365411e-05,0.334375804188223,0.40314775538522,0.605449999216502,1,2,40,0.166538671200727,-0.137638258258557,16,4.26594585954367,1,-22.18643,3617,0.6,0,15,"both",0.166538671200727,-0.137638258258557
"622","session2",-21.4469685449272,13.4933484799008,1.97098278968758,3.01225707365411e-05,0.334375804188223,0.40314775538522,0.605449999216502,1,2,40,0.166538671200727,-0.137638258258557,16,1.37924628060579,1,25.32768,3617,0.6,0,15,"both",0.166538671200727,-0.137638258258557
"623","session2",-21.4469685449272,13.4933484799008,1.97098278968758,3.01225707365411e-05,0.334375804188223,0.40314775538522,0.605449999216502,1,2,40,0.166538671200727,-0.137638258258557,16,2.16404199386816,0,-9.4214,3617,0.6,0,15,"both",0.166538671200727,-0.137638258258557
"624","session2",-21.4469685449272,13.4933484799008,1.97098278968758,3.01225707365411e-05,0.334375804188223,0.40314775538522,0.605449999216502,1,2,40,0.166538671200727,-0.137638258258557,16,4.13779300126326,1,-19.6134336744,3617,0.6,0,15,"both",0.166538671200727,-0.137638258258557
"625","session2",-21.4469685449272,13.4933484799008,1.97098278968758,3.01225707365411e-05,0.334375804188223,0.40314775538522,0.605449999216502,1,2,40,0.166538671200727,-0.137638258258557,16,1.26426118834206,1,-7.59326,3617,0.6,0,15,"both",0.166538671200727,-0.137638258258557
"626","session2",-21.4469685449272,13.4933484799008,1.97098278968758,3.01225707365411e-05,0.334375804188223,0.40314775538522,0.605449999216502,1,2,40,0.166538671200727,-0.137638258258557,16,2.95782912941512,1,-21.83854272,3617,0.6,0,15,"both",0.166538671200727,-0.137638258258557
"627","session2",-21.4469685449272,13.4933484799008,1.97098278968758,3.01225707365411e-05,0.334375804188223,0.40314775538522,0.605449999216502,1,2,40,0.166538671200727,-0.137638258258557,16,3.988647358857,1,-11.36554,3617,0.6,0,15,"both",0.166538671200727,-0.137638258258557
"628","session2",-21.4469685449272,13.4933484799008,1.97098278968758,3.01225707365411e-05,0.334375804188223,0.40314775538522,0.605449999216502,1,2,40,0.166538671200727,-0.137638258258557,16,5.19831017038728,0,-23.85992933,3617,0.6,0,15,"both",0.166538671200727,-0.137638258258557
"629","session2",-21.4469685449272,13.4933484799008,1.97098278968758,3.01225707365411e-05,0.334375804188223,0.40314775538522,0.605449999216502,1,2,40,0.166538671200727,-0.137638258258557,16,3.32055232361271,1,11.5804,3617,0.6,0,15,"both",0.166538671200727,-0.137638258258557
"630","session2",-21.4469685449272,13.4933484799008,1.97098278968758,3.01225707365411e-05,0.334375804188223,0.40314775538522,0.605449999216502,1,2,40,0.166538671200727,-0.137638258258557,16,2.74232025877495,0,-30.01523,3617,0.6,0,15,"both",0.166538671200727,-0.137638258258557
"631","session2",-21.4469685449272,13.4933484799008,1.97098278968758,3.01225707365411e-05,0.334375804188223,0.40314775538522,0.605449999216502,1,2,40,0.166538671200727,-0.137638258258557,16,1.64425933014428,1,-2.5874,3617,0.6,0,15,"both",0.166538671200727,-0.137638258258557
"632","session2",-21.4469685449272,13.4933484799008,1.97098278968758,3.01225707365411e-05,0.334375804188223,0.40314775538522,0.605449999216502,1,2,40,0.166538671200727,-0.137638258258557,16,2.09467499086603,1,-6.664,3617,0.6,0,15,"both",0.166538671200727,-0.137638258258557
"633","session2",-21.4469685449272,13.4933484799008,1.97098278968758,3.01225707365411e-05,0.334375804188223,0.40314775538522,0.605449999216502,1,2,40,0.166538671200727,-0.137638258258557,16,3.24479233910351,0,-22.35003715,3617,0.6,0,15,"both",0.166538671200727,-0.137638258258557
"634","session2",-21.4469685449272,13.4933484799008,1.97098278968758,3.01225707365411e-05,0.334375804188223,0.40314775538522,0.605449999216502,1,2,40,0.166538671200727,-0.137638258258557,16,5.20295500361237,1,-19.61323,3617,0.6,0,15,"both",0.166538671200727,-0.137638258258557
"635","session2",-21.4469685449272,13.4933484799008,1.97098278968758,3.01225707365411e-05,0.334375804188223,0.40314775538522,0.605449999216502,1,2,40,0.166538671200727,-0.137638258258557,16,1.5112073582803,1,3.3261,3617,0.6,0,15,"both",0.166538671200727,-0.137638258258557
"636","session2",-21.4469685449272,13.4933484799008,1.97098278968758,3.01225707365411e-05,0.334375804188223,0.40314775538522,0.605449999216502,1,2,40,0.166538671200727,-0.137638258258557,16,1.29851129257929,0,-39.286,3617,0.6,0,15,"both",0.166538671200727,-0.137638258258557
"637","session2",-21.4469685449272,13.4933484799008,1.97098278968758,3.01225707365411e-05,0.334375804188223,0.40314775538522,0.605449999216502,1,2,40,0.166538671200727,-0.137638258258557,16,1.80125157880246,1,4.5113,3617,0.6,0,15,"both",0.166538671200727,-0.137638258258557
"638","session2",-21.4469685449272,13.4933484799008,1.97098278968758,3.01225707365411e-05,0.334375804188223,0.40314775538522,0.605449999216502,1,2,40,0.166538671200727,-0.137638258258557,16,2.35559182837724,0,-34.6653,3617,0.6,0,15,"both",0.166538671200727,-0.137638258258557
"639","session2",-21.4469685449272,13.4933484799008,1.97098278968758,3.01225707365411e-05,0.334375804188223,0.40314775538522,0.605449999216502,1,2,40,0.166538671200727,-0.137638258258557,16,3.26543297676658,1,-7.1857,3617,0.6,0,15,"both",0.166538671200727,-0.137638258258557
"640","session2",-21.4469685449272,13.4933484799008,1.97098278968758,3.01225707365411e-05,0.334375804188223,0.40314775538522,0.605449999216502,1,2,40,0.166538671200727,-0.137638258258557,16,2.18721029965634,0,-30.3508,3617,0.6,0,15,"both",0.166538671200727,-0.137638258258557
"641","session2",-10.7190298655286,7.25126883502969,2.20935769221607,0.00064505640448523,-0.0801867933748609,0.744429406869196,0.825418879312239,2,2,40,0.166538671200727,-0.137638258258557,17,2.07976074869397,0,-9.9131266736,3617,0.6,0,15,"both",0.166538671200727,-0.137638258258557
"642","session2",-10.7190298655286,7.25126883502969,2.20935769221607,0.00064505640448523,-0.0801867933748609,0.744429406869196,0.825418879312239,2,2,40,0.166538671200727,-0.137638258258557,17,1.49996201185251,1,7.3748021634,3617,0.6,0,15,"both",0.166538671200727,-0.137638258258557
"643","session2",-10.7190298655286,7.25126883502969,2.20935769221607,0.00064505640448523,-0.0801867933748609,0.744429406869196,0.825418879312239,2,2,40,0.166538671200727,-0.137638258258557,17,1.6959372354813,1,0.31475399687,3617,0.6,0,15,"both",0.166538671200727,-0.137638258258557
"644","session2",-10.7190298655286,7.25126883502969,2.20935769221607,0.00064505640448523,-0.0801867933748609,0.744429406869196,0.825418879312239,2,2,40,0.166538671200727,-0.137638258258557,17,2.9810915781627,1,-4.7836744756,3617,0.6,0,15,"both",0.166538671200727,-0.137638258258557
"645","session2",-10.7190298655286,7.25126883502969,2.20935769221607,0.00064505640448523,-0.0801867933748609,0.744429406869196,0.825418879312239,2,2,40,0.166538671200727,-0.137638258258557,17,1.67658063456666,1,26.9909,3617,0.6,0,15,"both",0.166538671200727,-0.137638258258557
"646","session2",-10.7190298655286,7.25126883502969,2.20935769221607,0.00064505640448523,-0.0801867933748609,0.744429406869196,0.825418879312239,2,2,40,0.166538671200727,-0.137638258258557,17,2.38691269658404,1,-7.73882123474,3617,0.6,0,15,"both",0.166538671200727,-0.137638258258557
"647","session2",-10.7190298655286,7.25126883502969,2.20935769221607,0.00064505640448523,-0.0801867933748609,0.744429406869196,0.825418879312239,2,2,40,0.166538671200727,-0.137638258258557,17,2.07431684080496,1,-21.12488,3617,0.6,0,15,"both",0.166538671200727,-0.137638258258557
"648","session2",-10.7190298655286,7.25126883502969,2.20935769221607,0.00064505640448523,-0.0801867933748609,0.744429406869196,0.825418879312239,2,2,40,0.166538671200727,-0.137638258258557,17,1.38913644646515,1,24.3442,3617,0.6,0,15,"both",0.166538671200727,-0.137638258258557
"649","session2",-10.7190298655286,7.25126883502969,2.20935769221607,0.00064505640448523,-0.0801867933748609,0.744429406869196,0.825418879312239,2,2,40,0.166538671200727,-0.137638258258557,17,1.68932046466444,1,-8.6812,3617,0.6,0,15,"both",0.166538671200727,-0.137638258258557
"650","session2",-10.7190298655286,7.25126883502969,2.20935769221607,0.00064505640448523,-0.0801867933748609,0.744429406869196,0.825418879312239,2,2,40,0.166538671200727,-0.137638258258557,17,2.22364591224603,0,-31.60031,3617,0.6,0,15,"both",0.166538671200727,-0.137638258258557
"651","session2",-10.7190298655286,7.25126883502969,2.20935769221607,0.00064505640448523,-0.0801867933748609,0.744429406869196,0.825418879312239,2,2,40,0.166538671200727,-0.137638258258557,17,4.75420142416986,1,32.4272,3617,0.6,0,15,"both",0.166538671200727,-0.137638258258557
"652","session2",-10.7190298655286,7.25126883502969,2.20935769221607,0.00064505640448523,-0.0801867933748609,0.744429406869196,0.825418879312239,2,2,40,0.166538671200727,-0.137638258258557,17,3.90090296297783,0,-16.6558,3617,0.6,0,15,"both",0.166538671200727,-0.137638258258557
"653","session2",-10.7190298655286,7.25126883502969,2.20935769221607,0.00064505640448523,-0.0801867933748609,0.744429406869196,0.825418879312239,2,2,40,0.166538671200727,-0.137638258258557,17,8,0,-16.1538225025,3617,0.6,0,15,"both",0.166538671200727,-0.137638258258557
"654","session2",-10.7190298655286,7.25126883502969,2.20935769221607,0.00064505640448523,-0.0801867933748609,0.744429406869196,0.825418879312239,2,2,40,0.166538671200727,-0.137638258258557,17,1.89839417745146,0,-23.87728,3617,0.6,0,15,"both",0.166538671200727,-0.137638258258557
"655","session2",-10.7190298655286,7.25126883502969,2.20935769221607,0.00064505640448523,-0.0801867933748609,0.744429406869196,0.825418879312239,2,2,40,0.166538671200727,-0.137638258258557,17,1.75108015441745,1,7.92851,3617,0.6,0,15,"both",0.166538671200727,-0.137638258258557
"656","session2",-10.7190298655286,7.25126883502969,2.20935769221607,0.00064505640448523,-0.0801867933748609,0.744429406869196,0.825418879312239,2,2,40,0.166538671200727,-0.137638258258557,17,1.95057760366422,1,-7.95888,3617,0.6,0,15,"both",0.166538671200727,-0.137638258258557
"657","session2",-10.7190298655286,7.25126883502969,2.20935769221607,0.00064505640448523,-0.0801867933748609,0.744429406869196,0.825418879312239,2,2,40,0.166538671200727,-0.137638258258557,17,1.66849901426591,0,-13.671469236,3617,0.6,0,15,"both",0.166538671200727,-0.137638258258557
"658","session2",-10.7190298655286,7.25126883502969,2.20935769221607,0.00064505640448523,-0.0801867933748609,0.744429406869196,0.825418879312239,2,2,40,0.166538671200727,-0.137638258258557,17,5.99055288625957,1,-4.54731,3617,0.6,0,15,"both",0.166538671200727,-0.137638258258557
"659","session2",-10.7190298655286,7.25126883502969,2.20935769221607,0.00064505640448523,-0.0801867933748609,0.744429406869196,0.825418879312239,2,2,40,0.166538671200727,-0.137638258258557,17,1.27770021119131,1,-9.04473,3617,0.6,0,15,"both",0.166538671200727,-0.137638258258557
"660","session2",-10.7190298655286,7.25126883502969,2.20935769221607,0.00064505640448523,-0.0801867933748609,0.744429406869196,0.825418879312239,2,2,40,0.166538671200727,-0.137638258258557,17,6.73025833241354,0,-8.30735,3617,0.6,0,15,"both",0.166538671200727,-0.137638258258557
"661","session2",-10.7190298655286,7.25126883502969,2.20935769221607,0.00064505640448523,-0.0801867933748609,0.744429406869196,0.825418879312239,2,2,40,0.166538671200727,-0.137638258258557,17,1.23473188358245,1,-0.33677,3617,0.6,0,15,"both",0.166538671200727,-0.137638258258557
"662","session2",-10.7190298655286,7.25126883502969,2.20935769221607,0.00064505640448523,-0.0801867933748609,0.744429406869196,0.825418879312239,2,2,40,0.166538671200727,-0.137638258258557,17,2.26930896587375,1,14.6069,3617,0.6,0,15,"both",0.166538671200727,-0.137638258258557
"663","session2",-10.7190298655286,7.25126883502969,2.20935769221607,0.00064505640448523,-0.0801867933748609,0.744429406869196,0.825418879312239,2,2,40,0.166538671200727,-0.137638258258557,17,2.09424146530765,1,-5.75825,3617,0.6,0,15,"both",0.166538671200727,-0.137638258258557
"664","session2",-10.7190298655286,7.25126883502969,2.20935769221607,0.00064505640448523,-0.0801867933748609,0.744429406869196,0.825418879312239,2,2,40,0.166538671200727,-0.137638258258557,17,2.18224535082884,0,-22.04417,3617,0.6,0,15,"both",0.166538671200727,-0.137638258258557
"665","session2",-10.7190298655286,7.25126883502969,2.20935769221607,0.00064505640448523,-0.0801867933748609,0.744429406869196,0.825418879312239,2,2,40,0.166538671200727,-0.137638258258557,17,8,1,2.22335,3617,0.6,0,15,"both",0.166538671200727,-0.137638258258557
"666","session2",-10.7190298655286,7.25126883502969,2.20935769221607,0.00064505640448523,-0.0801867933748609,0.744429406869196,0.825418879312239,2,2,40,0.166538671200727,-0.137638258258557,17,1.73367437316868,1,-7.87923,3617,0.6,0,15,"both",0.166538671200727,-0.137638258258557
"667","session2",-10.7190298655286,7.25126883502969,2.20935769221607,0.00064505640448523,-0.0801867933748609,0.744429406869196,0.825418879312239,2,2,40,0.166538671200727,-0.137638258258557,17,1.68415865828729,0,-14.1978,3617,0.6,0,15,"both",0.166538671200727,-0.137638258258557
"668","session2",-10.7190298655286,7.25126883502969,2.20935769221607,0.00064505640448523,-0.0801867933748609,0.744429406869196,0.825418879312239,2,2,40,0.166538671200727,-0.137638258258557,17,1.45670740412345,1,-8.04216,3617,0.6,0,15,"both",0.166538671200727,-0.137638258258557
"669","session2",-10.7190298655286,7.25126883502969,2.20935769221607,0.00064505640448523,-0.0801867933748609,0.744429406869196,0.825418879312239,2,2,40,0.166538671200727,-0.137638258258557,17,2.40847543292156,0,-9.28082,3617,0.6,0,15,"both",0.166538671200727,-0.137638258258557
"670","session2",-10.7190298655286,7.25126883502969,2.20935769221607,0.00064505640448523,-0.0801867933748609,0.744429406869196,0.825418879312239,2,2,40,0.166538671200727,-0.137638258258557,17,3.19709871132511,1,-5.48848,3617,0.6,0,15,"both",0.166538671200727,-0.137638258258557
"671","session2",-10.7190298655286,7.25126883502969,2.20935769221607,0.00064505640448523,-0.0801867933748609,0.744429406869196,0.825418879312239,2,2,40,0.166538671200727,-0.137638258258557,17,1.77231286294204,1,-8.16221,3617,0.6,0,15,"both",0.166538671200727,-0.137638258258557
"672","session2",-10.7190298655286,7.25126883502969,2.20935769221607,0.00064505640448523,-0.0801867933748609,0.744429406869196,0.825418879312239,2,2,40,0.166538671200727,-0.137638258258557,17,1.27367673435478,0,-13.63503,3617,0.6,0,15,"both",0.166538671200727,-0.137638258258557
"673","session2",-10.7190298655286,7.25126883502969,2.20935769221607,0.00064505640448523,-0.0801867933748609,0.744429406869196,0.825418879312239,2,2,40,0.166538671200727,-0.137638258258557,17,3.07935666487716,0,-11.02581,3617,0.6,0,15,"both",0.166538671200727,-0.137638258258557
"674","session2",-10.7190298655286,7.25126883502969,2.20935769221607,0.00064505640448523,-0.0801867933748609,0.744429406869196,0.825418879312239,2,2,40,0.166538671200727,-0.137638258258557,17,1.61121346870001,1,-7.75063,3617,0.6,0,15,"both",0.166538671200727,-0.137638258258557
"675","session2",-10.7190298655286,7.25126883502969,2.20935769221607,0.00064505640448523,-0.0801867933748609,0.744429406869196,0.825418879312239,2,2,40,0.166538671200727,-0.137638258258557,17,1.6293395552504,1,-11.49514,3617,0.6,0,15,"both",0.166538671200727,-0.137638258258557
"676","session2",-10.7190298655286,7.25126883502969,2.20935769221607,0.00064505640448523,-0.0801867933748609,0.744429406869196,0.825418879312239,2,2,40,0.166538671200727,-0.137638258258557,17,1.46916949453665,0,-11.78211,3617,0.6,0,15,"both",0.166538671200727,-0.137638258258557
"677","session2",-10.7190298655286,7.25126883502969,2.20935769221607,0.00064505640448523,-0.0801867933748609,0.744429406869196,0.825418879312239,2,2,40,0.166538671200727,-0.137638258258557,17,4.69786923728496,1,-5.66416,3617,0.6,0,15,"both",0.166538671200727,-0.137638258258557
"678","session2",-10.7190298655286,7.25126883502969,2.20935769221607,0.00064505640448523,-0.0801867933748609,0.744429406869196,0.825418879312239,2,2,40,0.166538671200727,-0.137638258258557,17,5.02512234233672,1,-7.60937,3617,0.6,0,15,"both",0.166538671200727,-0.137638258258557
"679","session2",-10.7190298655286,7.25126883502969,2.20935769221607,0.00064505640448523,-0.0801867933748609,0.744429406869196,0.825418879312239,2,2,40,0.166538671200727,-0.137638258258557,17,3.73025562084787,0,-12.11129,3617,0.6,0,15,"both",0.166538671200727,-0.137638258258557
"680","session2",-10.7190298655286,7.25126883502969,2.20935769221607,0.00064505640448523,-0.0801867933748609,0.744429406869196,0.825418879312239,2,2,40,0.166538671200727,-0.137638258258557,17,1.80084864949094,0,-9.14332,3617,0.6,0,15,"both",0.166538671200727,-0.137638258258557
"681","session2",2.00341405246807,10.6729558207252,2.23472975770235,0.000351253708915468,0.122215692139995,0.451356660475506,0.713026634924781,3,2,40,0.166538671200727,-0.137638258258557,18,2.79397241816932,0,-9.1887593234,3617,0.6,0,15,"both",0.166538671200727,-0.137638258258557
"682","session2",2.00341405246807,10.6729558207252,2.23472975770235,0.000351253708915468,0.122215692139995,0.451356660475506,0.713026634924781,3,2,40,0.166538671200727,-0.137638258258557,18,4.01147730153972,0,5.95983800415,3617,0.6,0,15,"both",0.166538671200727,-0.137638258258557
"683","session2",2.00341405246807,10.6729558207252,2.23472975770235,0.000351253708915468,0.122215692139995,0.451356660475506,0.713026634924781,3,2,40,0.166538671200727,-0.137638258258557,18,1.65297796654211,1,14.5581575435,3617,0.6,0,15,"both",0.166538671200727,-0.137638258258557
"684","session2",2.00341405246807,10.6729558207252,2.23472975770235,0.000351253708915468,0.122215692139995,0.451356660475506,0.713026634924781,3,2,40,0.166538671200727,-0.137638258258557,18,3.65884350827349,1,6.826067048455,3617,0.6,0,15,"both",0.166538671200727,-0.137638258258557
"685","session2",2.00341405246807,10.6729558207252,2.23472975770235,0.000351253708915468,0.122215692139995,0.451356660475506,0.713026634924781,3,2,40,0.166538671200727,-0.137638258258557,18,1.9533123701729,0,-34.2586,3617,0.6,0,15,"both",0.166538671200727,-0.137638258258557
"686","session2",2.00341405246807,10.6729558207252,2.23472975770235,0.000351253708915468,0.122215692139995,0.451356660475506,0.713026634924781,3,2,40,0.166538671200727,-0.137638258258557,18,1.98879145591467,1,24.97894,3617,0.6,0,15,"both",0.166538671200727,-0.137638258258557
"687","session2",2.00341405246807,10.6729558207252,2.23472975770235,0.000351253708915468,0.122215692139995,0.451356660475506,0.713026634924781,3,2,40,0.166538671200727,-0.137638258258557,18,2.9031471725097,1,3.6769923604,3617,0.6,0,15,"both",0.166538671200727,-0.137638258258557
"688","session2",2.00341405246807,10.6729558207252,2.23472975770235,0.000351253708915468,0.122215692139995,0.451356660475506,0.713026634924781,3,2,40,0.166538671200727,-0.137638258258557,18,2.5882657375747,0,-2.18491761062,3617,0.6,0,15,"both",0.166538671200727,-0.137638258258557
"689","session2",2.00341405246807,10.6729558207252,2.23472975770235,0.000351253708915468,0.122215692139995,0.451356660475506,0.713026634924781,3,2,40,0.166538671200727,-0.137638258258557,18,2.52656941584392,0,-10.87816,3617,0.6,0,15,"both",0.166538671200727,-0.137638258258557
"690","session2",2.00341405246807,10.6729558207252,2.23472975770235,0.000351253708915468,0.122215692139995,0.451356660475506,0.713026634924781,3,2,40,0.166538671200727,-0.137638258258557,18,3.02094525030478,0,-4.370768,3617,0.6,0,15,"both",0.166538671200727,-0.137638258258557
"691","session2",2.00341405246807,10.6729558207252,2.23472975770235,0.000351253708915468,0.122215692139995,0.451356660475506,0.713026634924781,3,2,40,0.166538671200727,-0.137638258258557,18,7.30860542950886,0,-2.83599,3617,0.6,0,15,"both",0.166538671200727,-0.137638258258557
"692","session2",2.00341405246807,10.6729558207252,2.23472975770235,0.000351253708915468,0.122215692139995,0.451356660475506,0.713026634924781,3,2,40,0.166538671200727,-0.137638258258557,18,4.88003226650826,0,-3.599745,3617,0.6,0,15,"both",0.166538671200727,-0.137638258258557
"693","session2",2.00341405246807,10.6729558207252,2.23472975770235,0.000351253708915468,0.122215692139995,0.451356660475506,0.713026634924781,3,2,40,0.166538671200727,-0.137638258258557,18,3.0402238868577,1,1.96528,3617,0.6,0,15,"both",0.166538671200727,-0.137638258258557
"694","session2",2.00341405246807,10.6729558207252,2.23472975770235,0.000351253708915468,0.122215692139995,0.451356660475506,0.713026634924781,3,2,40,0.166538671200727,-0.137638258258557,18,2.30575451871889,0,0.75916,3617,0.6,0,15,"both",0.166538671200727,-0.137638258258557
"695","session2",2.00341405246807,10.6729558207252,2.23472975770235,0.000351253708915468,0.122215692139995,0.451356660475506,0.713026634924781,3,2,40,0.166538671200727,-0.137638258258557,18,2.3828986069639,1,-4.10647,3617,0.6,0,15,"both",0.166538671200727,-0.137638258258557
"696","session2",2.00341405246807,10.6729558207252,2.23472975770235,0.000351253708915468,0.122215692139995,0.451356660475506,0.713026634924781,3,2,40,0.166538671200727,-0.137638258258557,18,1.59947119373401,0,3.32458,3617,0.6,0,15,"both",0.166538671200727,-0.137638258258557
"697","session2",2.00341405246807,10.6729558207252,2.23472975770235,0.000351253708915468,0.122215692139995,0.451356660475506,0.713026634924781,3,2,40,0.166538671200727,-0.137638258258557,18,2.83259349234814,1,1.83124,3617,0.6,0,15,"both",0.166538671200727,-0.137638258258557
"698","session2",2.00341405246807,10.6729558207252,2.23472975770235,0.000351253708915468,0.122215692139995,0.451356660475506,0.713026634924781,3,2,40,0.166538671200727,-0.137638258258557,18,2.27503650694894,1,32.6231,3617,0.6,0,15,"both",0.166538671200727,-0.137638258258557
"699","session2",2.00341405246807,10.6729558207252,2.23472975770235,0.000351253708915468,0.122215692139995,0.451356660475506,0.713026634924781,3,2,40,0.166538671200727,-0.137638258258557,18,1.60563453605114,0,-0.668909999999999,3617,0.6,0,15,"both",0.166538671200727,-0.137638258258557
"700","session2",2.00341405246807,10.6729558207252,2.23472975770235,0.000351253708915468,0.122215692139995,0.451356660475506,0.713026634924781,3,2,40,0.166538671200727,-0.137638258258557,18,1.34650138892645,0,-21.83086,3617,0.6,0,15,"both",0.166538671200727,-0.137638258258557
"701","session2",2.00341405246807,10.6729558207252,2.23472975770235,0.000351253708915468,0.122215692139995,0.451356660475506,0.713026634924781,3,2,40,0.166538671200727,-0.137638258258557,18,2.74097571281669,1,3.64545,3617,0.6,0,15,"both",0.166538671200727,-0.137638258258557
"702","session2",2.00341405246807,10.6729558207252,2.23472975770235,0.000351253708915468,0.122215692139995,0.451356660475506,0.713026634924781,3,2,40,0.166538671200727,-0.137638258258557,18,2.43188989941602,1,19.5959,3617,0.6,0,15,"both",0.166538671200727,-0.137638258258557
"703","session2",2.00341405246807,10.6729558207252,2.23472975770235,0.000351253708915468,0.122215692139995,0.451356660475506,0.713026634924781,3,2,40,0.166538671200727,-0.137638258258557,18,1.86849250370642,0,-7.12321,3617,0.6,0,15,"both",0.166538671200727,-0.137638258258557
"704","session2",2.00341405246807,10.6729558207252,2.23472975770235,0.000351253708915468,0.122215692139995,0.451356660475506,0.713026634924781,3,2,40,0.166538671200727,-0.137638258258557,18,1.32164636861959,1,-1.92542,3617,0.6,0,15,"both",0.166538671200727,-0.137638258258557
"705","session2",2.00341405246807,10.6729558207252,2.23472975770235,0.000351253708915468,0.122215692139995,0.451356660475506,0.713026634924781,3,2,40,0.166538671200727,-0.137638258258557,18,3.91357085529899,1,13.48261,3617,0.6,0,15,"both",0.166538671200727,-0.137638258258557
"706","session2",2.00341405246807,10.6729558207252,2.23472975770235,0.000351253708915468,0.122215692139995,0.451356660475506,0.713026634924781,3,2,40,0.166538671200727,-0.137638258258557,18,2.0510791615773,1,8.43816,3617,0.6,0,15,"both",0.166538671200727,-0.137638258258557
"707","session2",2.00341405246807,10.6729558207252,2.23472975770235,0.000351253708915468,0.122215692139995,0.451356660475506,0.713026634924781,3,2,40,0.166538671200727,-0.137638258258557,18,3.58928813548424,0,-9.177533,3617,0.6,0,15,"both",0.166538671200727,-0.137638258258557
"708","session2",2.00341405246807,10.6729558207252,2.23472975770235,0.000351253708915468,0.122215692139995,0.451356660475506,0.713026634924781,3,2,40,0.166538671200727,-0.137638258258557,18,3.95406840842296,0,5.46409,3617,0.6,0,15,"both",0.166538671200727,-0.137638258258557
"709","session2",2.00341405246807,10.6729558207252,2.23472975770235,0.000351253708915468,0.122215692139995,0.451356660475506,0.713026634924781,3,2,40,0.166538671200727,-0.137638258258557,18,4.28199967340129,0,8.25095,3617,0.6,0,15,"both",0.166538671200727,-0.137638258258557
"710","session2",2.00341405246807,10.6729558207252,2.23472975770235,0.000351253708915468,0.122215692139995,0.451356660475506,0.713026634924781,3,2,40,0.166538671200727,-0.137638258258557,18,2.09571024413308,1,4.652696,3617,0.6,0,15,"both",0.166538671200727,-0.137638258258557
"711","session2",2.00341405246807,10.6729558207252,2.23472975770235,0.000351253708915468,0.122215692139995,0.451356660475506,0.713026634924781,3,2,40,0.166538671200727,-0.137638258258557,18,2.43487512838913,0,-9.23181,3617,0.6,0,15,"both",0.166538671200727,-0.137638258258557
"712","session2",2.00341405246807,10.6729558207252,2.23472975770235,0.000351253708915468,0.122215692139995,0.451356660475506,0.713026634924781,3,2,40,0.166538671200727,-0.137638258258557,18,2.30220276232216,0,-15.46111,3617,0.6,0,15,"both",0.166538671200727,-0.137638258258557
"713","session2",2.00341405246807,10.6729558207252,2.23472975770235,0.000351253708915468,0.122215692139995,0.451356660475506,0.713026634924781,3,2,40,0.166538671200727,-0.137638258258557,18,2.08102477910334,0,-3.5473,3617,0.6,0,15,"both",0.166538671200727,-0.137638258258557
"714","session2",2.00341405246807,10.6729558207252,2.23472975770235,0.000351253708915468,0.122215692139995,0.451356660475506,0.713026634924781,3,2,40,0.166538671200727,-0.137638258258557,18,3.73637968134074,1,-5.57124,3617,0.6,0,15,"both",0.166538671200727,-0.137638258258557
"715","session2",2.00341405246807,10.6729558207252,2.23472975770235,0.000351253708915468,0.122215692139995,0.451356660475506,0.713026634924781,3,2,40,0.166538671200727,-0.137638258258557,18,6.53494841083367,1,9.52892,3617,0.6,0,15,"both",0.166538671200727,-0.137638258258557
"716","session2",2.00341405246807,10.6729558207252,2.23472975770235,0.000351253708915468,0.122215692139995,0.451356660475506,0.713026634924781,3,2,40,0.166538671200727,-0.137638258258557,18,2.4897360677052,0,-5.73809,3617,0.6,0,15,"both",0.166538671200727,-0.137638258258557
"717","session2",2.00341405246807,10.6729558207252,2.23472975770235,0.000351253708915468,0.122215692139995,0.451356660475506,0.713026634924781,3,2,40,0.166538671200727,-0.137638258258557,18,2.06314443385111,0,-22.987751,3617,0.6,0,15,"both",0.166538671200727,-0.137638258258557
"718","session2",2.00341405246807,10.6729558207252,2.23472975770235,0.000351253708915468,0.122215692139995,0.451356660475506,0.713026634924781,3,2,40,0.166538671200727,-0.137638258258557,18,1.54124744633588,0,-9.102649,3617,0.6,0,15,"both",0.166538671200727,-0.137638258258557
"719","session2",2.00341405246807,10.6729558207252,2.23472975770235,0.000351253708915468,0.122215692139995,0.451356660475506,0.713026634924781,3,2,40,0.166538671200727,-0.137638258258557,18,2.3034335005062,1,0.26414,3617,0.6,0,15,"both",0.166538671200727,-0.137638258258557
"720","session2",2.00341405246807,10.6729558207252,2.23472975770235,0.000351253708915468,0.122215692139995,0.451356660475506,0.713026634924781,3,2,40,0.166538671200727,-0.137638258258557,18,3.17656867676733,1,13.07689,3617,0.6,0,15,"both",0.166538671200727,-0.137638258258557
"721","session2",-3.13792970791054,9.14749000304524,3.6347854209118,2.40894133844056e-05,0.470852549839193,0.348555963129975,0.357952927564135,4,2,40,0.166538671200727,-0.137638258258557,19,3.90235775147176,1,-9.0129833902,3617,0.6,0,15,"both",0.166538671200727,-0.137638258258557
"722","session2",-3.13792970791054,9.14749000304524,3.6347854209118,2.40894133844056e-05,0.470852549839193,0.348555963129975,0.357952927564135,4,2,40,0.166538671200727,-0.137638258258557,19,4.6826341305662,0,-9.796815452,3617,0.6,0,15,"both",0.166538671200727,-0.137638258258557
"723","session2",-3.13792970791054,9.14749000304524,3.6347854209118,2.40894133844056e-05,0.470852549839193,0.348555963129975,0.357952927564135,4,2,40,0.166538671200727,-0.137638258258557,19,3.44783614042743,1,-2.3058481778,3617,0.6,0,15,"both",0.166538671200727,-0.137638258258557
"724","session2",-3.13792970791054,9.14749000304524,3.6347854209118,2.40894133844056e-05,0.470852549839193,0.348555963129975,0.357952927564135,4,2,40,0.166538671200727,-0.137638258258557,19,3.32756211904059,0,-10.5135302626,3617,0.6,0,15,"both",0.166538671200727,-0.137638258258557
"725","session2",-3.13792970791054,9.14749000304524,3.6347854209118,2.40894133844056e-05,0.470852549839193,0.348555963129975,0.357952927564135,4,2,40,0.166538671200727,-0.137638258258557,19,1.39036740505592,0,-35.6242,3617,0.6,0,15,"both",0.166538671200727,-0.137638258258557
"726","session2",-3.13792970791054,9.14749000304524,3.6347854209118,2.40894133844056e-05,0.470852549839193,0.348555963129975,0.357952927564135,4,2,40,0.166538671200727,-0.137638258258557,19,4.6947183944468,1,-2.1085,3617,0.6,0,15,"both",0.166538671200727,-0.137638258258557
"727","session2",-3.13792970791054,9.14749000304524,3.6347854209118,2.40894133844056e-05,0.470852549839193,0.348555963129975,0.357952927564135,4,2,40,0.166538671200727,-0.137638258258557,19,5.12012120626689,0,-5.66832,3617,0.6,0,15,"both",0.166538671200727,-0.137638258258557
"728","session2",-3.13792970791054,9.14749000304524,3.6347854209118,2.40894133844056e-05,0.470852549839193,0.348555963129975,0.357952927564135,4,2,40,0.166538671200727,-0.137638258258557,19,2.85085665697578,0,-5.2204094628,3617,0.6,0,15,"both",0.166538671200727,-0.137638258258557
"729","session2",-3.13792970791054,9.14749000304524,3.6347854209118,2.40894133844056e-05,0.470852549839193,0.348555963129975,0.357952927564135,4,2,40,0.166538671200727,-0.137638258258557,19,4.92996407651419,1,5.54393,3617,0.6,0,15,"both",0.166538671200727,-0.137638258258557
"730","session2",-3.13792970791054,9.14749000304524,3.6347854209118,2.40894133844056e-05,0.470852549839193,0.348555963129975,0.357952927564135,4,2,40,0.166538671200727,-0.137638258258557,19,3.11879229283624,0,2.69195,3617,0.6,0,15,"both",0.166538671200727,-0.137638258258557
"731","session2",-3.13792970791054,9.14749000304524,3.6347854209118,2.40894133844056e-05,0.470852549839193,0.348555963129975,0.357952927564135,4,2,40,0.166538671200727,-0.137638258258557,19,4.66751093936394,1,-3.40669,3617,0.6,0,15,"both",0.166538671200727,-0.137638258258557
"732","session2",-3.13792970791054,9.14749000304524,3.6347854209118,2.40894133844056e-05,0.470852549839193,0.348555963129975,0.357952927564135,4,2,40,0.166538671200727,-0.137638258258557,19,1.75209587661103,0,-14.42288,3617,0.6,0,15,"both",0.166538671200727,-0.137638258258557
"733","session2",-3.13792970791054,9.14749000304524,3.6347854209118,2.40894133844056e-05,0.470852549839193,0.348555963129975,0.357952927564135,4,2,40,0.166538671200727,-0.137638258258557,19,2.08691570955442,0,-15.50864,3617,0.6,0,15,"both",0.166538671200727,-0.137638258258557
"734","session2",-3.13792970791054,9.14749000304524,3.6347854209118,2.40894133844056e-05,0.470852549839193,0.348555963129975,0.357952927564135,4,2,40,0.166538671200727,-0.137638258258557,19,1.92168777718023,0,-30.02693,3617,0.6,0,15,"both",0.166538671200727,-0.137638258258557
"735","session2",-3.13792970791054,9.14749000304524,3.6347854209118,2.40894133844056e-05,0.470852549839193,0.348555963129975,0.357952927564135,4,2,40,0.166538671200727,-0.137638258258557,19,1.04012327407719,0,-23.64507,3617,0.6,0,15,"both",0.166538671200727,-0.137638258258557
"736","session2",-3.13792970791054,9.14749000304524,3.6347854209118,2.40894133844056e-05,0.470852549839193,0.348555963129975,0.357952927564135,4,2,40,0.166538671200727,-0.137638258258557,19,5.28463895291465,0,-7.32855,3617,0.6,0,15,"both",0.166538671200727,-0.137638258258557
"737","session2",-3.13792970791054,9.14749000304524,3.6347854209118,2.40894133844056e-05,0.470852549839193,0.348555963129975,0.357952927564135,4,2,40,0.166538671200727,-0.137638258258557,19,3.04802642002494,1,2.90042,3617,0.6,0,15,"both",0.166538671200727,-0.137638258258557
"738","session2",-3.13792970791054,9.14749000304524,3.6347854209118,2.40894133844056e-05,0.470852549839193,0.348555963129975,0.357952927564135,4,2,40,0.166538671200727,-0.137638258258557,19,2.10903809642312,1,11.59158,3617,0.6,0,15,"both",0.166538671200727,-0.137638258258557
"739","session2",-3.13792970791054,9.14749000304524,3.6347854209118,2.40894133844056e-05,0.470852549839193,0.348555963129975,0.357952927564135,4,2,40,0.166538671200727,-0.137638258258557,19,2.58223920870019,1,12.82868,3617,0.6,0,15,"both",0.166538671200727,-0.137638258258557
"740","session2",-3.13792970791054,9.14749000304524,3.6347854209118,2.40894133844056e-05,0.470852549839193,0.348555963129975,0.357952927564135,4,2,40,0.166538671200727,-0.137638258258557,19,4.89846138163939,0,-0.19072,3617,0.6,0,15,"both",0.166538671200727,-0.137638258258557
"741","session2",-3.13792970791054,9.14749000304524,3.6347854209118,2.40894133844056e-05,0.470852549839193,0.348555963129975,0.357952927564135,4,2,40,0.166538671200727,-0.137638258258557,19,4.64915190563259,1,9.16583,3617,0.6,0,15,"both",0.166538671200727,-0.137638258258557
"742","session2",-3.13792970791054,9.14749000304524,3.6347854209118,2.40894133844056e-05,0.470852549839193,0.348555963129975,0.357952927564135,4,2,40,0.166538671200727,-0.137638258258557,19,4.1219175818609,0,-2.2410345703,3617,0.6,0,15,"both",0.166538671200727,-0.137638258258557
"743","session2",-3.13792970791054,9.14749000304524,3.6347854209118,2.40894133844056e-05,0.470852549839193,0.348555963129975,0.357952927564135,4,2,40,0.166538671200727,-0.137638258258557,19,1.74583790988544,1,-15.96476,3617,0.6,0,15,"both",0.166538671200727,-0.137638258258557
"744","session2",-3.13792970791054,9.14749000304524,3.6347854209118,2.40894133844056e-05,0.470852549839193,0.348555963129975,0.357952927564135,4,2,40,0.166538671200727,-0.137638258258557,19,3.31830660247311,0,-10.08772,3617,0.6,0,15,"both",0.166538671200727,-0.137638258258557
"745","session2",-3.13792970791054,9.14749000304524,3.6347854209118,2.40894133844056e-05,0.470852549839193,0.348555963129975,0.357952927564135,4,2,40,0.166538671200727,-0.137638258258557,19,2.23614316577493,1,8.95862,3617,0.6,0,15,"both",0.166538671200727,-0.137638258258557
"746","session2",-3.13792970791054,9.14749000304524,3.6347854209118,2.40894133844056e-05,0.470852549839193,0.348555963129975,0.357952927564135,4,2,40,0.166538671200727,-0.137638258258557,19,2.36617359730684,1,10.46452,3617,0.6,0,15,"both",0.166538671200727,-0.137638258258557
"747","session2",-3.13792970791054,9.14749000304524,3.6347854209118,2.40894133844056e-05,0.470852549839193,0.348555963129975,0.357952927564135,4,2,40,0.166538671200727,-0.137638258258557,19,5.41669407379042,0,-4.5519,3617,0.6,0,15,"both",0.166538671200727,-0.137638258258557
"748","session2",-3.13792970791054,9.14749000304524,3.6347854209118,2.40894133844056e-05,0.470852549839193,0.348555963129975,0.357952927564135,4,2,40,0.166538671200727,-0.137638258258557,19,7.95622449123014,1,-0.5243,3617,0.6,0,15,"both",0.166538671200727,-0.137638258258557
"749","session2",-3.13792970791054,9.14749000304524,3.6347854209118,2.40894133844056e-05,0.470852549839193,0.348555963129975,0.357952927564135,4,2,40,0.166538671200727,-0.137638258258557,19,3.13470780443627,1,6.1686,3617,0.6,0,15,"both",0.166538671200727,-0.137638258258557
"750","session2",-3.13792970791054,9.14749000304524,3.6347854209118,2.40894133844056e-05,0.470852549839193,0.348555963129975,0.357952927564135,4,2,40,0.166538671200727,-0.137638258258557,19,2.5681662958889,1,5.94444,3617,0.6,0,15,"both",0.166538671200727,-0.137638258258557
"751","session2",-3.13792970791054,9.14749000304524,3.6347854209118,2.40894133844056e-05,0.470852549839193,0.348555963129975,0.357952927564135,4,2,40,0.166538671200727,-0.137638258258557,19,1.33655312320775,0,-22.36631,3617,0.6,0,15,"both",0.166538671200727,-0.137638258258557
"752","session2",-3.13792970791054,9.14749000304524,3.6347854209118,2.40894133844056e-05,0.470852549839193,0.348555963129975,0.357952927564135,4,2,40,0.166538671200727,-0.137638258258557,19,2.42348695794026,0,-10.77532,3617,0.6,0,15,"both",0.166538671200727,-0.137638258258557
"753","session2",-3.13792970791054,9.14749000304524,3.6347854209118,2.40894133844056e-05,0.470852549839193,0.348555963129975,0.357952927564135,4,2,40,0.166538671200727,-0.137638258258557,19,4.73669011233586,1,-9.74926,3617,0.6,0,15,"both",0.166538671200727,-0.137638258258557
"754","session2",-3.13792970791054,9.14749000304524,3.6347854209118,2.40894133844056e-05,0.470852549839193,0.348555963129975,0.357952927564135,4,2,40,0.166538671200727,-0.137638258258557,19,7.04315654880406,0,-8.49036,3617,0.6,0,15,"both",0.166538671200727,-0.137638258258557
"755","session2",-3.13792970791054,9.14749000304524,3.6347854209118,2.40894133844056e-05,0.470852549839193,0.348555963129975,0.357952927564135,4,2,40,0.166538671200727,-0.137638258258557,19,2.70737868634525,1,4.484657,3617,0.6,0,15,"both",0.166538671200727,-0.137638258258557
"756","session2",-3.13792970791054,9.14749000304524,3.6347854209118,2.40894133844056e-05,0.470852549839193,0.348555963129975,0.357952927564135,4,2,40,0.166538671200727,-0.137638258258557,19,3.82317645028129,1,-5.2303446,3617,0.6,0,15,"both",0.166538671200727,-0.137638258258557
"757","session2",-3.13792970791054,9.14749000304524,3.6347854209118,2.40894133844056e-05,0.470852549839193,0.348555963129975,0.357952927564135,4,2,40,0.166538671200727,-0.137638258258557,19,5.71161190158745,1,-3.4980984,3617,0.6,0,15,"both",0.166538671200727,-0.137638258258557
"758","session2",-3.13792970791054,9.14749000304524,3.6347854209118,2.40894133844056e-05,0.470852549839193,0.348555963129975,0.357952927564135,4,2,40,0.166538671200727,-0.137638258258557,19,2.48951165230963,0,-11.90808,3617,0.6,0,15,"both",0.166538671200727,-0.137638258258557
"759","session2",-3.13792970791054,9.14749000304524,3.6347854209118,2.40894133844056e-05,0.470852549839193,0.348555963129975,0.357952927564135,4,2,40,0.166538671200727,-0.137638258258557,19,2.22260157796858,0,-13.1104,3617,0.6,0,15,"both",0.166538671200727,-0.137638258258557
"760","session2",-3.13792970791054,9.14749000304524,3.6347854209118,2.40894133844056e-05,0.470852549839193,0.348555963129975,0.357952927564135,4,2,40,0.166538671200727,-0.137638258258557,19,2.58606851250692,1,6.5928,3617,0.6,0,15,"both",0.166538671200727,-0.137638258258557
"761","session2",-18.7706974515725,12.1714526088862,1.17333909794332,0.000145150896936438,0.341692485035884,0.579438543290913,0.539460074912554,5,2,40,0.166538671200727,-0.137638258258557,20,2.67754688810507,1,-8.0654182103,3617,0.6,0,15,"both",0.166538671200727,-0.137638258258557
"762","session2",-18.7706974515725,12.1714526088862,1.17333909794332,0.000145150896936438,0.341692485035884,0.579438543290913,0.539460074912554,5,2,40,0.166538671200727,-0.137638258258557,20,2.61485533298655,1,-9.0416332402,3617,0.6,0,15,"both",0.166538671200727,-0.137638258258557
"763","session2",-18.7706974515725,12.1714526088862,1.17333909794332,0.000145150896936438,0.341692485035884,0.579438543290913,0.539460074912554,5,2,40,0.166538671200727,-0.137638258258557,20,2.29534867940649,0,-18.9491729724,3617,0.6,0,15,"both",0.166538671200727,-0.137638258258557
"764","session2",-18.7706974515725,12.1714526088862,1.17333909794332,0.000145150896936438,0.341692485035884,0.579438543290913,0.539460074912554,5,2,40,0.166538671200727,-0.137638258258557,20,1.21951209359238,1,-13.194559582,3617,0.6,0,15,"both",0.166538671200727,-0.137638258258557
"765","session2",-18.7706974515725,12.1714526088862,1.17333909794332,0.000145150896936438,0.341692485035884,0.579438543290913,0.539460074912554,5,2,40,0.166538671200727,-0.137638258258557,20,1.34596108635626,0,-15.46649,3617,0.6,0,15,"both",0.166538671200727,-0.137638258258557
"766","session2",-18.7706974515725,12.1714526088862,1.17333909794332,0.000145150896936438,0.341692485035884,0.579438543290913,0.539460074912554,5,2,40,0.166538671200727,-0.137638258258557,20,0.943187699029606,1,-14.33048,3617,0.6,0,15,"both",0.166538671200727,-0.137638258258557
"767","session2",-18.7706974515725,12.1714526088862,1.17333909794332,0.000145150896936438,0.341692485035884,0.579438543290913,0.539460074912554,5,2,40,0.166538671200727,-0.137638258258557,20,2.28089447968418,1,2.3652,3617,0.6,0,15,"both",0.166538671200727,-0.137638258258557
"768","session2",-18.7706974515725,12.1714526088862,1.17333909794332,0.000145150896936438,0.341692485035884,0.579438543290913,0.539460074912554,5,2,40,0.166538671200727,-0.137638258258557,20,2.53338648627269,1,-5.20605,3617,0.6,0,15,"both",0.166538671200727,-0.137638258258557
"769","session2",-18.7706974515725,12.1714526088862,1.17333909794332,0.000145150896936438,0.341692485035884,0.579438543290913,0.539460074912554,5,2,40,0.166538671200727,-0.137638258258557,20,3.41172759052458,1,-12.38361,3617,0.6,0,15,"both",0.166538671200727,-0.137638258258557
"770","session2",-18.7706974515725,12.1714526088862,1.17333909794332,0.000145150896936438,0.341692485035884,0.579438543290913,0.539460074912554,5,2,40,0.166538671200727,-0.137638258258557,20,1.75424577469193,1,-8.73082,3617,0.6,0,15,"both",0.166538671200727,-0.137638258258557
"771","session2",-18.7706974515725,12.1714526088862,1.17333909794332,0.000145150896936438,0.341692485035884,0.579438543290913,0.539460074912554,5,2,40,0.166538671200727,-0.137638258258557,20,3.73980977030645,0,-19.09497,3617,0.6,0,15,"both",0.166538671200727,-0.137638258258557
"772","session2",-18.7706974515725,12.1714526088862,1.17333909794332,0.000145150896936438,0.341692485035884,0.579438543290913,0.539460074912554,5,2,40,0.166538671200727,-0.137638258258557,20,2.70278279984613,1,-20.10789,3617,0.6,0,15,"both",0.166538671200727,-0.137638258258557
"773","session2",-18.7706974515725,12.1714526088862,1.17333909794332,0.000145150896936438,0.341692485035884,0.579438543290913,0.539460074912554,5,2,40,0.166538671200727,-0.137638258258557,20,2.32091765693757,1,-26.94599,3617,0.6,0,15,"both",0.166538671200727,-0.137638258258557
"774","session2",-18.7706974515725,12.1714526088862,1.17333909794332,0.000145150896936438,0.341692485035884,0.579438543290913,0.539460074912554,5,2,40,0.166538671200727,-0.137638258258557,20,2.23023248378504,1,-26.53472,3617,0.6,0,15,"both",0.166538671200727,-0.137638258258557
"775","session2",-18.7706974515725,12.1714526088862,1.17333909794332,0.000145150896936438,0.341692485035884,0.579438543290913,0.539460074912554,5,2,40,0.166538671200727,-0.137638258258557,20,1.63220520524214,1,-14.9026,3617,0.6,0,15,"both",0.166538671200727,-0.137638258258557
"776","session2",-18.7706974515725,12.1714526088862,1.17333909794332,0.000145150896936438,0.341692485035884,0.579438543290913,0.539460074912554,5,2,40,0.166538671200727,-0.137638258258557,20,1.55889622522049,0,-27.54508579,3617,0.6,0,15,"both",0.166538671200727,-0.137638258258557
"777","session2",-18.7706974515725,12.1714526088862,1.17333909794332,0.000145150896936438,0.341692485035884,0.579438543290913,0.539460074912554,5,2,40,0.166538671200727,-0.137638258258557,20,1.67590004556046,0,-24.58561932,3617,0.6,0,15,"both",0.166538671200727,-0.137638258258557
"778","session2",-18.7706974515725,12.1714526088862,1.17333909794332,0.000145150896936438,0.341692485035884,0.579438543290913,0.539460074912554,5,2,40,0.166538671200727,-0.137638258258557,20,2.95775239893158,1,-14.88456,3617,0.6,0,15,"both",0.166538671200727,-0.137638258258557
"779","session2",-18.7706974515725,12.1714526088862,1.17333909794332,0.000145150896936438,0.341692485035884,0.579438543290913,0.539460074912554,5,2,40,0.166538671200727,-0.137638258258557,20,2.56317898918271,1,-6.4549,3617,0.6,0,15,"both",0.166538671200727,-0.137638258258557
"780","session2",-18.7706974515725,12.1714526088862,1.17333909794332,0.000145150896936438,0.341692485035884,0.579438543290913,0.539460074912554,5,2,40,0.166538671200727,-0.137638258258557,20,2.2768264489128,0,-37.99795,3617,0.6,0,15,"both",0.166538671200727,-0.137638258258557
"781","session2",-18.7706974515725,12.1714526088862,1.17333909794332,0.000145150896936438,0.341692485035884,0.579438543290913,0.539460074912554,5,2,40,0.166538671200727,-0.137638258258557,20,1.31861148848782,0,-25.79621,3617,0.6,0,15,"both",0.166538671200727,-0.137638258258557
"782","session2",-18.7706974515725,12.1714526088862,1.17333909794332,0.000145150896936438,0.341692485035884,0.579438543290913,0.539460074912554,5,2,40,0.166538671200727,-0.137638258258557,20,1.8374591351608,0,-34.89807,3617,0.6,0,15,"both",0.166538671200727,-0.137638258258557
"783","session2",-18.7706974515725,12.1714526088862,1.17333909794332,0.000145150896936438,0.341692485035884,0.579438543290913,0.539460074912554,5,2,40,0.166538671200727,-0.137638258258557,20,4.32786584891872,0,-23.42097,3617,0.6,0,15,"both",0.166538671200727,-0.137638258258557
"784","session2",-18.7706974515725,12.1714526088862,1.17333909794332,0.000145150896936438,0.341692485035884,0.579438543290913,0.539460074912554,5,2,40,0.166538671200727,-0.137638258258557,20,3.60967550091489,0,-16.18673,3617,0.6,0,15,"both",0.166538671200727,-0.137638258258557
"785","session2",-18.7706974515725,12.1714526088862,1.17333909794332,0.000145150896936438,0.341692485035884,0.579438543290913,0.539460074912554,5,2,40,0.166538671200727,-0.137638258258557,20,4.15518532912014,1,-7.56706,3617,0.6,0,15,"both",0.166538671200727,-0.137638258258557
"786","session2",-18.7706974515725,12.1714526088862,1.17333909794332,0.000145150896936438,0.341692485035884,0.579438543290913,0.539460074912554,5,2,40,0.166538671200727,-0.137638258258557,20,2.89025164231603,0,-27.9312,3617,0.6,0,15,"both",0.166538671200727,-0.137638258258557
"787","session2",-18.7706974515725,12.1714526088862,1.17333909794332,0.000145150896936438,0.341692485035884,0.579438543290913,0.539460074912554,5,2,40,0.166538671200727,-0.137638258258557,20,3.51995593301022,0,-26.51681,3617,0.6,0,15,"both",0.166538671200727,-0.137638258258557
"788","session2",-18.7706974515725,12.1714526088862,1.17333909794332,0.000145150896936438,0.341692485035884,0.579438543290913,0.539460074912554,5,2,40,0.166538671200727,-0.137638258258557,20,3.6892108770558,1,-10.28668,3617,0.6,0,15,"both",0.166538671200727,-0.137638258258557
"789","session2",-18.7706974515725,12.1714526088862,1.17333909794332,0.000145150896936438,0.341692485035884,0.579438543290913,0.539460074912554,5,2,40,0.166538671200727,-0.137638258258557,20,2.91488788963925,1,-7.64753,3617,0.6,0,15,"both",0.166538671200727,-0.137638258258557
"790","session2",-18.7706974515725,12.1714526088862,1.17333909794332,0.000145150896936438,0.341692485035884,0.579438543290913,0.539460074912554,5,2,40,0.166538671200727,-0.137638258258557,20,1.127612538011,0,-35.1648,3617,0.6,0,15,"both",0.166538671200727,-0.137638258258557
"791","session2",-18.7706974515725,12.1714526088862,1.17333909794332,0.000145150896936438,0.341692485035884,0.579438543290913,0.539460074912554,5,2,40,0.166538671200727,-0.137638258258557,20,1.86733655122649,1,-22.47499,3617,0.6,0,15,"both",0.166538671200727,-0.137638258258557
"792","session2",-18.7706974515725,12.1714526088862,1.17333909794332,0.000145150896936438,0.341692485035884,0.579438543290913,0.539460074912554,5,2,40,0.166538671200727,-0.137638258258557,20,2.67776339366211,0,-24.84666,3617,0.6,0,15,"both",0.166538671200727,-0.137638258258557
"793","session2",-18.7706974515725,12.1714526088862,1.17333909794332,0.000145150896936438,0.341692485035884,0.579438543290913,0.539460074912554,5,2,40,0.166538671200727,-0.137638258258557,20,2.5272743431857,1,-9.82312,3617,0.6,0,15,"both",0.166538671200727,-0.137638258258557
"794","session2",-18.7706974515725,12.1714526088862,1.17333909794332,0.000145150896936438,0.341692485035884,0.579438543290913,0.539460074912554,5,2,40,0.166538671200727,-0.137638258258557,20,1.15999579965771,0,-5.5301,3617,0.6,0,15,"both",0.166538671200727,-0.137638258258557
"795","session2",-18.7706974515725,12.1714526088862,1.17333909794332,0.000145150896936438,0.341692485035884,0.579438543290913,0.539460074912554,5,2,40,0.166538671200727,-0.137638258258557,20,1.50917141519097,1,-23.80526,3617,0.6,0,15,"both",0.166538671200727,-0.137638258258557
"796","session2",-18.7706974515725,12.1714526088862,1.17333909794332,0.000145150896936438,0.341692485035884,0.579438543290913,0.539460074912554,5,2,40,0.166538671200727,-0.137638258258557,20,1.96112752071737,1,-37.6286,3617,0.6,0,15,"both",0.166538671200727,-0.137638258258557
"797","session2",-18.7706974515725,12.1714526088862,1.17333909794332,0.000145150896936438,0.341692485035884,0.579438543290913,0.539460074912554,5,2,40,0.166538671200727,-0.137638258258557,20,2.10964340577704,1,-6.35834,3617,0.6,0,15,"both",0.166538671200727,-0.137638258258557
"798","session2",-18.7706974515725,12.1714526088862,1.17333909794332,0.000145150896936438,0.341692485035884,0.579438543290913,0.539460074912554,5,2,40,0.166538671200727,-0.137638258258557,20,3.77580578986636,1,-17.73004,3617,0.6,0,15,"both",0.166538671200727,-0.137638258258557
"799","session2",-18.7706974515725,12.1714526088862,1.17333909794332,0.000145150896936438,0.341692485035884,0.579438543290913,0.539460074912554,5,2,40,0.166538671200727,-0.137638258258557,20,1.76152541711448,1,-10.1329,3617,0.6,0,15,"both",0.166538671200727,-0.137638258258557
"800","session2",-18.7706974515725,12.1714526088862,1.17333909794332,0.000145150896936438,0.341692485035884,0.579438543290913,0.539460074912554,5,2,40,0.166538671200727,-0.137638258258557,20,1.11798331588982,0,-31.8281,3617,0.6,0,15,"both",0.166538671200727,-0.137638258258557
"801","session2",10.2184634397193,5.1211602221616,0.80144852708669,0.00014766102838859,1.17408360648192,0.371635188231737,0.222718536151491,6,2,40,0.166538671200727,-0.137638258258557,21,2.75756368670207,1,8.0355733305,3617,0.6,0,15,"both",0.166538671200727,-0.137638258258557
"802","session2",10.2184634397193,5.1211602221616,0.80144852708669,0.00014766102838859,1.17408360648192,0.371635188231737,0.222718536151491,6,2,40,0.166538671200727,-0.137638258258557,21,3.5611494756441,0,-6.29278534244,3617,0.6,0,15,"both",0.166538671200727,-0.137638258258557
"803","session2",10.2184634397193,5.1211602221616,0.80144852708669,0.00014766102838859,1.17408360648192,0.371635188231737,0.222718536151491,6,2,40,0.166538671200727,-0.137638258258557,21,4.30257817571689,0,0.46081704107,3617,0.6,0,15,"both",0.166538671200727,-0.137638258258557
"804","session2",10.2184634397193,5.1211602221616,0.80144852708669,0.00014766102838859,1.17408360648192,0.371635188231737,0.222718536151491,6,2,40,0.166538671200727,-0.137638258258557,21,2.20146922883593,0,4.668045445062,3617,0.6,0,15,"both",0.166538671200727,-0.137638258258557
"805","session2",10.2184634397193,5.1211602221616,0.80144852708669,0.00014766102838859,1.17408360648192,0.371635188231737,0.222718536151491,6,2,40,0.166538671200727,-0.137638258258557,21,3.26269430950828,0,1.28186,3617,0.6,0,15,"both",0.166538671200727,-0.137638258258557
"806","session2",10.2184634397193,5.1211602221616,0.80144852708669,0.00014766102838859,1.17408360648192,0.371635188231737,0.222718536151491,6,2,40,0.166538671200727,-0.137638258258557,21,4.73765897745804,0,3.99156,3617,0.6,0,15,"both",0.166538671200727,-0.137638258258557
"807","session2",10.2184634397193,5.1211602221616,0.80144852708669,0.00014766102838859,1.17408360648192,0.371635188231737,0.222718536151491,6,2,40,0.166538671200727,-0.137638258258557,21,2.68668597652844,1,10.03267,3617,0.6,0,15,"both",0.166538671200727,-0.137638258258557
"808","session2",10.2184634397193,5.1211602221616,0.80144852708669,0.00014766102838859,1.17408360648192,0.371635188231737,0.222718536151491,6,2,40,0.166538671200727,-0.137638258258557,21,3.43208478817242,1,12.76101,3617,0.6,0,15,"both",0.166538671200727,-0.137638258258557
"809","session2",10.2184634397193,5.1211602221616,0.80144852708669,0.00014766102838859,1.17408360648192,0.371635188231737,0.222718536151491,6,2,40,0.166538671200727,-0.137638258258557,21,6.91565038623043,1,19.26712,3617,0.6,0,15,"both",0.166538671200727,-0.137638258258557
"810","session2",10.2184634397193,5.1211602221616,0.80144852708669,0.00014766102838859,1.17408360648192,0.371635188231737,0.222718536151491,6,2,40,0.166538671200727,-0.137638258258557,21,8,0,7.90572,3617,0.6,0,15,"both",0.166538671200727,-0.137638258258557
"811","session2",10.2184634397193,5.1211602221616,0.80144852708669,0.00014766102838859,1.17408360648192,0.371635188231737,0.222718536151491,6,2,40,0.166538671200727,-0.137638258258557,21,2.49220670886205,0,6.79936,3617,0.6,0,15,"both",0.166538671200727,-0.137638258258557
"812","session2",10.2184634397193,5.1211602221616,0.80144852708669,0.00014766102838859,1.17408360648192,0.371635188231737,0.222718536151491,6,2,40,0.166538671200727,-0.137638258258557,21,5.45792616849464,1,0.417800000000001,3617,0.6,0,15,"both",0.166538671200727,-0.137638258258557
"813","session2",10.2184634397193,5.1211602221616,0.80144852708669,0.00014766102838859,1.17408360648192,0.371635188231737,0.222718536151491,6,2,40,0.166538671200727,-0.137638258258557,21,3.3443639767527,0,-15.81153,3617,0.6,0,15,"both",0.166538671200727,-0.137638258258557
"814","session2",10.2184634397193,5.1211602221616,0.80144852708669,0.00014766102838859,1.17408360648192,0.371635188231737,0.222718536151491,6,2,40,0.166538671200727,-0.137638258258557,21,5.45178550586433,1,26.0926,3617,0.6,0,15,"both",0.166538671200727,-0.137638258258557
"815","session2",10.2184634397193,5.1211602221616,0.80144852708669,0.00014766102838859,1.17408360648192,0.371635188231737,0.222718536151491,6,2,40,0.166538671200727,-0.137638258258557,21,2.21492020168349,0,-4.898,3617,0.6,0,15,"both",0.166538671200727,-0.137638258258557
"816","session2",10.2184634397193,5.1211602221616,0.80144852708669,0.00014766102838859,1.17408360648192,0.371635188231737,0.222718536151491,6,2,40,0.166538671200727,-0.137638258258557,21,4.32979660512742,0,0.88318,3617,0.6,0,15,"both",0.166538671200727,-0.137638258258557
"817","session2",10.2184634397193,5.1211602221616,0.80144852708669,0.00014766102838859,1.17408360648192,0.371635188231737,0.222718536151491,6,2,40,0.166538671200727,-0.137638258258557,21,3.25206563595254,0,5.06674,3617,0.6,0,15,"both",0.166538671200727,-0.137638258258557
"818","session2",10.2184634397193,5.1211602221616,0.80144852708669,0.00014766102838859,1.17408360648192,0.371635188231737,0.222718536151491,6,2,40,0.166538671200727,-0.137638258258557,21,4.70353405938363,0,6.92259,3617,0.6,0,15,"both",0.166538671200727,-0.137638258258557
"819","session2",10.2184634397193,5.1211602221616,0.80144852708669,0.00014766102838859,1.17408360648192,0.371635188231737,0.222718536151491,6,2,40,0.166538671200727,-0.137638258258557,21,3.98566551449299,0,8.90932,3617,0.6,0,15,"both",0.166538671200727,-0.137638258258557
"820","session2",10.2184634397193,5.1211602221616,0.80144852708669,0.00014766102838859,1.17408360648192,0.371635188231737,0.222718536151491,6,2,40,0.166538671200727,-0.137638258258557,21,3.46807865048652,1,12.7375,3617,0.6,0,15,"both",0.166538671200727,-0.137638258258557
"821","session2",10.2184634397193,5.1211602221616,0.80144852708669,0.00014766102838859,1.17408360648192,0.371635188231737,0.222718536151491,6,2,40,0.166538671200727,-0.137638258258557,21,6.48518380540382,0,6.02741,3617,0.6,0,15,"both",0.166538671200727,-0.137638258258557
"822","session2",10.2184634397193,5.1211602221616,0.80144852708669,0.00014766102838859,1.17408360648192,0.371635188231737,0.222718536151491,6,2,40,0.166538671200727,-0.137638258258557,21,3.76861890791502,1,13.46158,3617,0.6,0,15,"both",0.166538671200727,-0.137638258258557
"823","session2",10.2184634397193,5.1211602221616,0.80144852708669,0.00014766102838859,1.17408360648192,0.371635188231737,0.222718536151491,6,2,40,0.166538671200727,-0.137638258258557,21,3.5535761532696,0,8.23155,3617,0.6,0,15,"both",0.166538671200727,-0.137638258258557
"824","session2",10.2184634397193,5.1211602221616,0.80144852708669,0.00014766102838859,1.17408360648192,0.371635188231737,0.222718536151491,6,2,40,0.166538671200727,-0.137638258258557,21,4.06026270659444,0,9.73293,3617,0.6,0,15,"both",0.166538671200727,-0.137638258258557
"825","session2",10.2184634397193,5.1211602221616,0.80144852708669,0.00014766102838859,1.17408360648192,0.371635188231737,0.222718536151491,6,2,40,0.166538671200727,-0.137638258258557,21,3.90778823737699,1,12.91116,3617,0.6,0,15,"both",0.166538671200727,-0.137638258258557
"826","session2",10.2184634397193,5.1211602221616,0.80144852708669,0.00014766102838859,1.17408360648192,0.371635188231737,0.222718536151491,6,2,40,0.166538671200727,-0.137638258258557,21,2.76055894970511,0,7.28164,3617,0.6,0,15,"both",0.166538671200727,-0.137638258258557
"827","session2",10.2184634397193,5.1211602221616,0.80144852708669,0.00014766102838859,1.17408360648192,0.371635188231737,0.222718536151491,6,2,40,0.166538671200727,-0.137638258258557,21,3.63804629469736,1,12.09975,3617,0.6,0,15,"both",0.166538671200727,-0.137638258258557
"828","session2",10.2184634397193,5.1211602221616,0.80144852708669,0.00014766102838859,1.17408360648192,0.371635188231737,0.222718536151491,6,2,40,0.166538671200727,-0.137638258258557,21,3.68252095131201,1,7.32562,3617,0.6,0,15,"both",0.166538671200727,-0.137638258258557
"829","session2",10.2184634397193,5.1211602221616,0.80144852708669,0.00014766102838859,1.17408360648192,0.371635188231737,0.222718536151491,6,2,40,0.166538671200727,-0.137638258258557,21,3.50648257108165,0,6.6338,3617,0.6,0,15,"both",0.166538671200727,-0.137638258258557
"830","session2",10.2184634397193,5.1211602221616,0.80144852708669,0.00014766102838859,1.17408360648192,0.371635188231737,0.222718536151491,6,2,40,0.166538671200727,-0.137638258258557,21,3.79480277203952,0,8.66582,3617,0.6,0,15,"both",0.166538671200727,-0.137638258258557
"831","session2",10.2184634397193,5.1211602221616,0.80144852708669,0.00014766102838859,1.17408360648192,0.371635188231737,0.222718536151491,6,2,40,0.166538671200727,-0.137638258258557,21,2.75007204420711,0,10.2391,3617,0.6,0,15,"both",0.166538671200727,-0.137638258258557
"832","session2",10.2184634397193,5.1211602221616,0.80144852708669,0.00014766102838859,1.17408360648192,0.371635188231737,0.222718536151491,6,2,40,0.166538671200727,-0.137638258258557,21,5.74284368729281,1,11.2002,3617,0.6,0,15,"both",0.166538671200727,-0.137638258258557
"833","session2",10.2184634397193,5.1211602221616,0.80144852708669,0.00014766102838859,1.17408360648192,0.371635188231737,0.222718536151491,6,2,40,0.166538671200727,-0.137638258258557,21,4.19132542879777,1,13.6766,3617,0.6,0,15,"both",0.166538671200727,-0.137638258258557
"834","session2",10.2184634397193,5.1211602221616,0.80144852708669,0.00014766102838859,1.17408360648192,0.371635188231737,0.222718536151491,6,2,40,0.166538671200727,-0.137638258258557,21,2.08975974105611,0,7.0167,3617,0.6,0,15,"both",0.166538671200727,-0.137638258258557
"835","session2",10.2184634397193,5.1211602221616,0.80144852708669,0.00014766102838859,1.17408360648192,0.371635188231737,0.222718536151491,6,2,40,0.166538671200727,-0.137638258258557,21,4.59023685127742,1,12.62763,3617,0.6,0,15,"both",0.166538671200727,-0.137638258258557
"836","session2",10.2184634397193,5.1211602221616,0.80144852708669,0.00014766102838859,1.17408360648192,0.371635188231737,0.222718536151491,6,2,40,0.166538671200727,-0.137638258258557,21,4.60391848355031,0,7.30622,3617,0.6,0,15,"both",0.166538671200727,-0.137638258258557
"837","session2",10.2184634397193,5.1211602221616,0.80144852708669,0.00014766102838859,1.17408360648192,0.371635188231737,0.222718536151491,6,2,40,0.166538671200727,-0.137638258258557,21,6.94243384570933,1,7.24459,3617,0.6,0,15,"both",0.166538671200727,-0.137638258258557
"838","session2",10.2184634397193,5.1211602221616,0.80144852708669,0.00014766102838859,1.17408360648192,0.371635188231737,0.222718536151491,6,2,40,0.166538671200727,-0.137638258258557,21,4.18513143028627,0,6.26973,3617,0.6,0,15,"both",0.166538671200727,-0.137638258258557
"839","session2",10.2184634397193,5.1211602221616,0.80144852708669,0.00014766102838859,1.17408360648192,0.371635188231737,0.222718536151491,6,2,40,0.166538671200727,-0.137638258258557,21,5.20024506100902,0,6.45808,3617,0.6,0,15,"both",0.166538671200727,-0.137638258258557
"840","session2",10.2184634397193,5.1211602221616,0.80144852708669,0.00014766102838859,1.17408360648192,0.371635188231737,0.222718536151491,6,2,40,0.166538671200727,-0.137638258258557,21,2.72057468576467,0,5.89915,3617,0.6,0,15,"both",0.166538671200727,-0.137638258258557
"841","session2",-20.5272862805543,2.63852717919787,1.42008008716343,0.000393795072615426,0.756673194834203,0.273647450730201,0.225679305437845,7,2,40,0.166538671200727,-0.137638258258557,22,2.18268954565822,1,-9.4480112561,3617,0.6,0,15,"both",0.166538671200727,-0.137638258258557
"842","session2",-20.5272862805543,2.63852717919787,1.42008008716343,0.000393795072615426,0.756673194834203,0.273647450730201,0.225679305437845,7,2,40,0.166538671200727,-0.137638258258557,22,2.05298215084169,1,-9.276342343,3617,0.6,0,15,"both",0.166538671200727,-0.137638258258557
"843","session2",-20.5272862805543,2.63852717919787,1.42008008716343,0.000393795072615426,0.756673194834203,0.273647450730201,0.225679305437845,7,2,40,0.166538671200727,-0.137638258258557,22,2.92358069773047,0,-18.23622002317,3617,0.6,0,15,"both",0.166538671200727,-0.137638258258557
"844","session2",-20.5272862805543,2.63852717919787,1.42008008716343,0.000393795072615426,0.756673194834203,0.273647450730201,0.225679305437845,7,2,40,0.166538671200727,-0.137638258258557,22,2.5100266861687,1,-10.4983785427,3617,0.6,0,15,"both",0.166538671200727,-0.137638258258557
"845","session2",-20.5272862805543,2.63852717919787,1.42008008716343,0.000393795072615426,0.756673194834203,0.273647450730201,0.225679305437845,7,2,40,0.166538671200727,-0.137638258258557,22,2.85975409835972,0,-22.25371,3617,0.6,0,15,"both",0.166538671200727,-0.137638258258557
"846","session2",-20.5272862805543,2.63852717919787,1.42008008716343,0.000393795072615426,0.756673194834203,0.273647450730201,0.225679305437845,7,2,40,0.166538671200727,-0.137638258258557,22,2.57936365621422,1,-0.5194,3617,0.6,0,15,"both",0.166538671200727,-0.137638258258557
"847","session2",-20.5272862805543,2.63852717919787,1.42008008716343,0.000393795072615426,0.756673194834203,0.273647450730201,0.225679305437845,7,2,40,0.166538671200727,-0.137638258258557,22,3.36306615620657,1,-19.17158,3617,0.6,0,15,"both",0.166538671200727,-0.137638258258557
"848","session2",-20.5272862805543,2.63852717919787,1.42008008716343,0.000393795072615426,0.756673194834203,0.273647450730201,0.225679305437845,7,2,40,0.166538671200727,-0.137638258258557,22,2.11819282547919,1,-7.4805,3617,0.6,0,15,"both",0.166538671200727,-0.137638258258557
"849","session2",-20.5272862805543,2.63852717919787,1.42008008716343,0.000393795072615426,0.756673194834203,0.273647450730201,0.225679305437845,7,2,40,0.166538671200727,-0.137638258258557,22,2.50389108949085,1,-18.36051635,3617,0.6,0,15,"both",0.166538671200727,-0.137638258258557
"850","session2",-20.5272862805543,2.63852717919787,1.42008008716343,0.000393795072615426,0.756673194834203,0.273647450730201,0.225679305437845,7,2,40,0.166538671200727,-0.137638258258557,22,2.120942202459,0,-27.04411,3617,0.6,0,15,"both",0.166538671200727,-0.137638258258557
"851","session2",-20.5272862805543,2.63852717919787,1.42008008716343,0.000393795072615426,0.756673194834203,0.273647450730201,0.225679305437845,7,2,40,0.166538671200727,-0.137638258258557,22,3.47532299633407,1,-15.14586,3617,0.6,0,15,"both",0.166538671200727,-0.137638258258557
"852","session2",-20.5272862805543,2.63852717919787,1.42008008716343,0.000393795072615426,0.756673194834203,0.273647450730201,0.225679305437845,7,2,40,0.166538671200727,-0.137638258258557,22,1.84100065490022,0,-41.2323,3617,0.6,0,15,"both",0.166538671200727,-0.137638258258557
"853","session2",-20.5272862805543,2.63852717919787,1.42008008716343,0.000393795072615426,0.756673194834203,0.273647450730201,0.225679305437845,7,2,40,0.166538671200727,-0.137638258258557,22,3.02333194296774,0,-23.36837,3617,0.6,0,15,"both",0.166538671200727,-0.137638258258557
"854","session2",-20.5272862805543,2.63852717919787,1.42008008716343,0.000393795072615426,0.756673194834203,0.273647450730201,0.225679305437845,7,2,40,0.166538671200727,-0.137638258258557,22,3.179978997316,0,-17.23584,3617,0.6,0,15,"both",0.166538671200727,-0.137638258258557
"855","session2",-20.5272862805543,2.63852717919787,1.42008008716343,0.000393795072615426,0.756673194834203,0.273647450730201,0.225679305437845,7,2,40,0.166538671200727,-0.137638258258557,22,2.61143503584086,1,-17.57333,3617,0.6,0,15,"both",0.166538671200727,-0.137638258258557
"856","session2",-20.5272862805543,2.63852717919787,1.42008008716343,0.000393795072615426,0.756673194834203,0.273647450730201,0.225679305437845,7,2,40,0.166538671200727,-0.137638258258557,22,1.91184347947809,0,-34.2708,3617,0.6,0,15,"both",0.166538671200727,-0.137638258258557
"857","session2",-20.5272862805543,2.63852717919787,1.42008008716343,0.000393795072615426,0.756673194834203,0.273647450730201,0.225679305437845,7,2,40,0.166538671200727,-0.137638258258557,22,2.78452197880892,0,-20.40133,3617,0.6,0,15,"both",0.166538671200727,-0.137638258258557
"858","session2",-20.5272862805543,2.63852717919787,1.42008008716343,0.000393795072615426,0.756673194834203,0.273647450730201,0.225679305437845,7,2,40,0.166538671200727,-0.137638258258557,22,2.63517156962316,0,-31.8062,3617,0.6,0,15,"both",0.166538671200727,-0.137638258258557
"859","session2",-20.5272862805543,2.63852717919787,1.42008008716343,0.000393795072615426,0.756673194834203,0.273647450730201,0.225679305437845,7,2,40,0.166538671200727,-0.137638258258557,22,2.1253793674552,0,-24.20414,3617,0.6,0,15,"both",0.166538671200727,-0.137638258258557
"860","session2",-20.5272862805543,2.63852717919787,1.42008008716343,0.000393795072615426,0.756673194834203,0.273647450730201,0.225679305437845,7,2,40,0.166538671200727,-0.137638258258557,22,2.23499667966143,1,-13.7712,3617,0.6,0,15,"both",0.166538671200727,-0.137638258258557
"861","session2",-20.5272862805543,2.63852717919787,1.42008008716343,0.000393795072615426,0.756673194834203,0.273647450730201,0.225679305437845,7,2,40,0.166538671200727,-0.137638258258557,22,1.87154059065048,1,-16.38103,3617,0.6,0,15,"both",0.166538671200727,-0.137638258258557
"862","session2",-20.5272862805543,2.63852717919787,1.42008008716343,0.000393795072615426,0.756673194834203,0.273647450730201,0.225679305437845,7,2,40,0.166538671200727,-0.137638258258557,22,3.34813215435181,1,-18.70228,3617,0.6,0,15,"both",0.166538671200727,-0.137638258258557
"863","session2",-20.5272862805543,2.63852717919787,1.42008008716343,0.000393795072615426,0.756673194834203,0.273647450730201,0.225679305437845,7,2,40,0.166538671200727,-0.137638258258557,22,3.86353931735518,1,-23.15791,3617,0.6,0,15,"both",0.166538671200727,-0.137638258258557
"864","session2",-20.5272862805543,2.63852717919787,1.42008008716343,0.000393795072615426,0.756673194834203,0.273647450730201,0.225679305437845,7,2,40,0.166538671200727,-0.137638258258557,22,1.83141946620863,1,-16.47048,3617,0.6,0,15,"both",0.166538671200727,-0.137638258258557
"865","session2",-20.5272862805543,2.63852717919787,1.42008008716343,0.000393795072615426,0.756673194834203,0.273647450730201,0.225679305437845,7,2,40,0.166538671200727,-0.137638258258557,22,2.3619017991218,0,-25.54093,3617,0.6,0,15,"both",0.166538671200727,-0.137638258258557
"866","session2",-20.5272862805543,2.63852717919787,1.42008008716343,0.000393795072615426,0.756673194834203,0.273647450730201,0.225679305437845,7,2,40,0.166538671200727,-0.137638258258557,22,2.80981629578539,0,-22.90775,3617,0.6,0,15,"both",0.166538671200727,-0.137638258258557
"867","session2",-20.5272862805543,2.63852717919787,1.42008008716343,0.000393795072615426,0.756673194834203,0.273647450730201,0.225679305437845,7,2,40,0.166538671200727,-0.137638258258557,22,3.41537321468885,0,-20.84504,3617,0.6,0,15,"both",0.166538671200727,-0.137638258258557
"868","session2",-20.5272862805543,2.63852717919787,1.42008008716343,0.000393795072615426,0.756673194834203,0.273647450730201,0.225679305437845,7,2,40,0.166538671200727,-0.137638258258557,22,2.60593679965619,0,-22.22563,3617,0.6,0,15,"both",0.166538671200727,-0.137638258258557
"869","session2",-20.5272862805543,2.63852717919787,1.42008008716343,0.000393795072615426,0.756673194834203,0.273647450730201,0.225679305437845,7,2,40,0.166538671200727,-0.137638258258557,22,1.92476321709317,1,-22.03034,3617,0.6,0,15,"both",0.166538671200727,-0.137638258258557
"870","session2",-20.5272862805543,2.63852717919787,1.42008008716343,0.000393795072615426,0.756673194834203,0.273647450730201,0.225679305437845,7,2,40,0.166538671200727,-0.137638258258557,22,3.19913626798087,0,-24.03659,3617,0.6,0,15,"both",0.166538671200727,-0.137638258258557
"871","session2",-20.5272862805543,2.63852717919787,1.42008008716343,0.000393795072615426,0.756673194834203,0.273647450730201,0.225679305437845,7,2,40,0.166538671200727,-0.137638258258557,22,3.8489538140601,0,-22.41833,3617,0.6,0,15,"both",0.166538671200727,-0.137638258258557
"872","session2",-20.5272862805543,2.63852717919787,1.42008008716343,0.000393795072615426,0.756673194834203,0.273647450730201,0.225679305437845,7,2,40,0.166538671200727,-0.137638258258557,22,2.37996266493219,1,-17.00389,3617,0.6,0,15,"both",0.166538671200727,-0.137638258258557
"873","session2",-20.5272862805543,2.63852717919787,1.42008008716343,0.000393795072615426,0.756673194834203,0.273647450730201,0.225679305437845,7,2,40,0.166538671200727,-0.137638258258557,22,4.12164802350151,0,-22.65168,3617,0.6,0,15,"both",0.166538671200727,-0.137638258258557
"874","session2",-20.5272862805543,2.63852717919787,1.42008008716343,0.000393795072615426,0.756673194834203,0.273647450730201,0.225679305437845,7,2,40,0.166538671200727,-0.137638258258557,22,4.12662980421652,0,-20.96562,3617,0.6,0,15,"both",0.166538671200727,-0.137638258258557
"875","session2",-20.5272862805543,2.63852717919787,1.42008008716343,0.000393795072615426,0.756673194834203,0.273647450730201,0.225679305437845,7,2,40,0.166538671200727,-0.137638258258557,22,3.30437847033385,0,-22.64517,3617,0.6,0,15,"both",0.166538671200727,-0.137638258258557
"876","session2",-20.5272862805543,2.63852717919787,1.42008008716343,0.000393795072615426,0.756673194834203,0.273647450730201,0.225679305437845,7,2,40,0.166538671200727,-0.137638258258557,22,2.62562134846856,1,-15.88508,3617,0.6,0,15,"both",0.166538671200727,-0.137638258258557
"877","session2",-20.5272862805543,2.63852717919787,1.42008008716343,0.000393795072615426,0.756673194834203,0.273647450730201,0.225679305437845,7,2,40,0.166538671200727,-0.137638258258557,22,2.48555466146733,1,-16.59733,3617,0.6,0,15,"both",0.166538671200727,-0.137638258258557
"878","session2",-20.5272862805543,2.63852717919787,1.42008008716343,0.000393795072615426,0.756673194834203,0.273647450730201,0.225679305437845,7,2,40,0.166538671200727,-0.137638258258557,22,2.46728034900853,1,-15.35158,3617,0.6,0,15,"both",0.166538671200727,-0.137638258258557
"879","session2",-20.5272862805543,2.63852717919787,1.42008008716343,0.000393795072615426,0.756673194834203,0.273647450730201,0.225679305437845,7,2,40,0.166538671200727,-0.137638258258557,22,3.04789798561559,0,-22.66796,3617,0.6,0,15,"both",0.166538671200727,-0.137638258258557
"880","session2",-20.5272862805543,2.63852717919787,1.42008008716343,0.000393795072615426,0.756673194834203,0.273647450730201,0.225679305437845,7,2,40,0.166538671200727,-0.137638258258557,22,3.8109531862167,1,-18.5593,3617,0.6,0,15,"both",0.166538671200727,-0.137638258258557
"881","session2",20.4164714060768,49.151623437342,3.37597062420766,0.0014612268808504,-0.256728690803675,0.544672553466017,0.646239386834533,8,2,40,0.166538671200727,-0.137638258258557,23,2.23561149393157,1,7.7853109623,3617,0.6,0,15,"both",0.166538671200727,-0.137638258258557
"882","session2",20.4164714060768,49.151623437342,3.37597062420766,0.0014612268808504,-0.256728690803675,0.544672553466017,0.646239386834533,8,2,40,0.166538671200727,-0.137638258258557,23,3.55673262626917,0,-7.3986233178,3617,0.6,0,15,"both",0.166538671200727,-0.137638258258557
"883","session2",20.4164714060768,49.151623437342,3.37597062420766,0.0014612268808504,-0.256728690803675,0.544672553466017,0.646239386834533,8,2,40,0.166538671200727,-0.137638258258557,23,3.34506008750097,0,2.42240612,3617,0.6,0,15,"both",0.166538671200727,-0.137638258258557
"884","session2",20.4164714060768,49.151623437342,3.37597062420766,0.0014612268808504,-0.256728690803675,0.544672553466017,0.646239386834533,8,2,40,0.166538671200727,-0.137638258258557,23,4.05383986664548,0,3.3436095106,3617,0.6,0,15,"both",0.166538671200727,-0.137638258258557
"885","session2",20.4164714060768,49.151623437342,3.37597062420766,0.0014612268808504,-0.256728690803675,0.544672553466017,0.646239386834533,8,2,40,0.166538671200727,-0.137638258258557,23,2.39625326524956,0,-5.27264,3617,0.6,0,15,"both",0.166538671200727,-0.137638258258557
"886","session2",20.4164714060768,49.151623437342,3.37597062420766,0.0014612268808504,-0.256728690803675,0.544672553466017,0.646239386834533,8,2,40,0.166538671200727,-0.137638258258557,23,2.85885468762642,1,4.50431,3617,0.6,0,15,"both",0.166538671200727,-0.137638258258557
"887","session2",20.4164714060768,49.151623437342,3.37597062420766,0.0014612268808504,-0.256728690803675,0.544672553466017,0.646239386834533,8,2,40,0.166538671200727,-0.137638258258557,23,4.33521217335557,1,7.94119,3617,0.6,0,15,"both",0.166538671200727,-0.137638258258557
"888","session2",20.4164714060768,49.151623437342,3.37597062420766,0.0014612268808504,-0.256728690803675,0.544672553466017,0.646239386834533,8,2,40,0.166538671200727,-0.137638258258557,23,2.27858476711231,0,-3.1219,3617,0.6,0,15,"both",0.166538671200727,-0.137638258258557
"889","session2",20.4164714060768,49.151623437342,3.37597062420766,0.0014612268808504,-0.256728690803675,0.544672553466017,0.646239386834533,8,2,40,0.166538671200727,-0.137638258258557,23,1.50890028355096,1,4.3735888813,3617,0.6,0,15,"both",0.166538671200727,-0.137638258258557
"890","session2",20.4164714060768,49.151623437342,3.37597062420766,0.0014612268808504,-0.256728690803675,0.544672553466017,0.646239386834533,8,2,40,0.166538671200727,-0.137638258258557,23,3.2997444409977,0,4.39122,3617,0.6,0,15,"both",0.166538671200727,-0.137638258258557
"891","session2",20.4164714060768,49.151623437342,3.37597062420766,0.0014612268808504,-0.256728690803675,0.544672553466017,0.646239386834533,8,2,40,0.166538671200727,-0.137638258258557,23,3.33477818330255,0,9.57746,3617,0.6,0,15,"both",0.166538671200727,-0.137638258258557
"892","session2",20.4164714060768,49.151623437342,3.37597062420766,0.0014612268808504,-0.256728690803675,0.544672553466017,0.646239386834533,8,2,40,0.166538671200727,-0.137638258258557,23,3.30601605077818,0,-6.90849,3617,0.6,0,15,"both",0.166538671200727,-0.137638258258557
"893","session2",20.4164714060768,49.151623437342,3.37597062420766,0.0014612268808504,-0.256728690803675,0.544672553466017,0.646239386834533,8,2,40,0.166538671200727,-0.137638258258557,23,3.87337551775344,1,27.69515,3617,0.6,0,15,"both",0.166538671200727,-0.137638258258557
"894","session2",20.4164714060768,49.151623437342,3.37597062420766,0.0014612268808504,-0.256728690803675,0.544672553466017,0.646239386834533,8,2,40,0.166538671200727,-0.137638258258557,23,1.60439249297323,0,-1.95413,3617,0.6,0,15,"both",0.166538671200727,-0.137638258258557
"895","session2",20.4164714060768,49.151623437342,3.37597062420766,0.0014612268808504,-0.256728690803675,0.544672553466017,0.646239386834533,8,2,40,0.166538671200727,-0.137638258258557,23,1.67764946110837,1,3.0046,3617,0.6,0,15,"both",0.166538671200727,-0.137638258258557
"896","session2",20.4164714060768,49.151623437342,3.37597062420766,0.0014612268808504,-0.256728690803675,0.544672553466017,0.646239386834533,8,2,40,0.166538671200727,-0.137638258258557,23,2.32020672566667,0,-2.139506,3617,0.6,0,15,"both",0.166538671200727,-0.137638258258557
"897","session2",20.4164714060768,49.151623437342,3.37597062420766,0.0014612268808504,-0.256728690803675,0.544672553466017,0.646239386834533,8,2,40,0.166538671200727,-0.137638258258557,23,1.99979621435657,0,16.75441,3617,0.6,0,15,"both",0.166538671200727,-0.137638258258557
"898","session2",20.4164714060768,49.151623437342,3.37597062420766,0.0014612268808504,-0.256728690803675,0.544672553466017,0.646239386834533,8,2,40,0.166538671200727,-0.137638258258557,23,1.62298859980991,1,2.37717,3617,0.6,0,15,"both",0.166538671200727,-0.137638258258557
"899","session2",20.4164714060768,49.151623437342,3.37597062420766,0.0014612268808504,-0.256728690803675,0.544672553466017,0.646239386834533,8,2,40,0.166538671200727,-0.137638258258557,23,2.35773176911247,0,7.32378,3617,0.6,0,15,"both",0.166538671200727,-0.137638258258557
"900","session2",20.4164714060768,49.151623437342,3.37597062420766,0.0014612268808504,-0.256728690803675,0.544672553466017,0.646239386834533,8,2,40,0.166538671200727,-0.137638258258557,23,1.99106769425789,0,-19.52906,3617,0.6,0,15,"both",0.166538671200727,-0.137638258258557
"901","session2",20.4164714060768,49.151623437342,3.37597062420766,0.0014612268808504,-0.256728690803675,0.544672553466017,0.646239386834533,8,2,40,0.166538671200727,-0.137638258258557,23,3.40604491244711,1,32.7182,3617,0.6,0,15,"both",0.166538671200727,-0.137638258258557
"902","session2",20.4164714060768,49.151623437342,3.37597062420766,0.0014612268808504,-0.256728690803675,0.544672553466017,0.646239386834533,8,2,40,0.166538671200727,-0.137638258258557,23,2.00986780719739,1,-8.66445,3617,0.6,0,15,"both",0.166538671200727,-0.137638258258557
"903","session2",20.4164714060768,49.151623437342,3.37597062420766,0.0014612268808504,-0.256728690803675,0.544672553466017,0.646239386834533,8,2,40,0.166538671200727,-0.137638258258557,23,1.58606916594676,0,32.623,3617,0.6,0,15,"both",0.166538671200727,-0.137638258258557
"904","session2",20.4164714060768,49.151623437342,3.37597062420766,0.0014612268808504,-0.256728690803675,0.544672553466017,0.646239386834533,8,2,40,0.166538671200727,-0.137638258258557,23,2.95167013738317,1,48.9875,3617,0.6,0,15,"both",0.166538671200727,-0.137638258258557
"905","session2",20.4164714060768,49.151623437342,3.37597062420766,0.0014612268808504,-0.256728690803675,0.544672553466017,0.646239386834533,8,2,40,0.166538671200727,-0.137638258258557,23,2.95327972851583,1,26.39797,3617,0.6,0,15,"both",0.166538671200727,-0.137638258258557
"906","session2",20.4164714060768,49.151623437342,3.37597062420766,0.0014612268808504,-0.256728690803675,0.544672553466017,0.646239386834533,8,2,40,0.166538671200727,-0.137638258258557,23,2.94431524520306,0,17.39297,3617,0.6,0,15,"both",0.166538671200727,-0.137638258258557
"907","session2",20.4164714060768,49.151623437342,3.37597062420766,0.0014612268808504,-0.256728690803675,0.544672553466017,0.646239386834533,8,2,40,0.166538671200727,-0.137638258258557,23,4.29243327376681,0,10.91847722247,3617,0.6,0,15,"both",0.166538671200727,-0.137638258258557
"908","session2",20.4164714060768,49.151623437342,3.37597062420766,0.0014612268808504,-0.256728690803675,0.544672553466017,0.646239386834533,8,2,40,0.166538671200727,-0.137638258258557,23,2.26744156237931,0,-45.88256,3617,0.6,0,15,"both",0.166538671200727,-0.137638258258557
"909","session2",20.4164714060768,49.151623437342,3.37597062420766,0.0014612268808504,-0.256728690803675,0.544672553466017,0.646239386834533,8,2,40,0.166538671200727,-0.137638258258557,23,4.23614601025408,0,-44.7851,3617,0.6,0,15,"both",0.166538671200727,-0.137638258258557
"910","session2",20.4164714060768,49.151623437342,3.37597062420766,0.0014612268808504,-0.256728690803675,0.544672553466017,0.646239386834533,8,2,40,0.166538671200727,-0.137638258258557,23,2.16586053273693,0,14.7938054989,3617,0.6,0,15,"both",0.166538671200727,-0.137638258258557
"911","session2",20.4164714060768,49.151623437342,3.37597062420766,0.0014612268808504,-0.256728690803675,0.544672553466017,0.646239386834533,8,2,40,0.166538671200727,-0.137638258258557,23,1.68405966541636,0,17.0516320102,3617,0.6,0,15,"both",0.166538671200727,-0.137638258258557
"912","session2",20.4164714060768,49.151623437342,3.37597062420766,0.0014612268808504,-0.256728690803675,0.544672553466017,0.646239386834533,8,2,40,0.166538671200727,-0.137638258258557,23,1.36384724135386,1,6.84163,3617,0.6,0,15,"both",0.166538671200727,-0.137638258258557
"913","session2",20.4164714060768,49.151623437342,3.37597062420766,0.0014612268808504,-0.256728690803675,0.544672553466017,0.646239386834533,8,2,40,0.166538671200727,-0.137638258258557,23,3.48679419830308,0,-11.2464,3617,0.6,0,15,"both",0.166538671200727,-0.137638258258557
"914","session2",20.4164714060768,49.151623437342,3.37597062420766,0.0014612268808504,-0.256728690803675,0.544672553466017,0.646239386834533,8,2,40,0.166538671200727,-0.137638258258557,23,1.98665173458067,0,48.11565,3617,0.6,0,15,"both",0.166538671200727,-0.137638258258557
"915","session2",20.4164714060768,49.151623437342,3.37597062420766,0.0014612268808504,-0.256728690803675,0.544672553466017,0.646239386834533,8,2,40,0.166538671200727,-0.137638258258557,23,1.8632611895438,0,-1.4643,3617,0.6,0,15,"both",0.166538671200727,-0.137638258258557
"916","session2",20.4164714060768,49.151623437342,3.37597062420766,0.0014612268808504,-0.256728690803675,0.544672553466017,0.646239386834533,8,2,40,0.166538671200727,-0.137638258258557,23,1.92296956317617,0,19.12778921,3617,0.6,0,15,"both",0.166538671200727,-0.137638258258557
"917","session2",20.4164714060768,49.151623437342,3.37597062420766,0.0014612268808504,-0.256728690803675,0.544672553466017,0.646239386834533,8,2,40,0.166538671200727,-0.137638258258557,23,2.85077754776399,0,-5.524,3617,0.6,0,15,"both",0.166538671200727,-0.137638258258557
"918","session2",20.4164714060768,49.151623437342,3.37597062420766,0.0014612268808504,-0.256728690803675,0.544672553466017,0.646239386834533,8,2,40,0.166538671200727,-0.137638258258557,23,1.34931212985816,0,-16.6504,3617,0.6,0,15,"both",0.166538671200727,-0.137638258258557
"919","session2",20.4164714060768,49.151623437342,3.37597062420766,0.0014612268808504,-0.256728690803675,0.544672553466017,0.646239386834533,8,2,40,0.166538671200727,-0.137638258258557,23,4.62437397247389,1,1.52604,3617,0.6,0,15,"both",0.166538671200727,-0.137638258258557
"920","session2",20.4164714060768,49.151623437342,3.37597062420766,0.0014612268808504,-0.256728690803675,0.544672553466017,0.646239386834533,8,2,40,0.166538671200727,-0.137638258258557,23,1.94445135950332,1,-28.1944,3617,0.6,0,15,"both",0.166538671200727,-0.137638258258557
"921","session2",-28.6691132380369,30.9857413207252,2.11584869753603,0.00051924772573876,0.0729826264313027,0.424658105295048,0.532539017572792,9,2,40,0.166538671200727,-0.137638258258557,24,2.70901623561867,0,-10.036722438,3617,0.6,0,15,"both",0.166538671200727,-0.137638258258557
"922","session2",-28.6691132380369,30.9857413207252,2.11584869753603,0.00051924772573876,0.0729826264313027,0.424658105295048,0.532539017572792,9,2,40,0.166538671200727,-0.137638258258557,24,1.25802391870394,1,4.4013573762,3617,0.6,0,15,"both",0.166538671200727,-0.137638258258557
"923","session2",-28.6691132380369,30.9857413207252,2.11584869753603,0.00051924772573876,0.0729826264313027,0.424658105295048,0.532539017572792,9,2,40,0.166538671200727,-0.137638258258557,24,2.96643775597928,1,-1.7201106528,3617,0.6,0,15,"both",0.166538671200727,-0.137638258258557
"924","session2",-28.6691132380369,30.9857413207252,2.11584869753603,0.00051924772573876,0.0729826264313027,0.424658105295048,0.532539017572792,9,2,40,0.166538671200727,-0.137638258258557,24,1.36661461697368,0,-7.1577519107,3617,0.6,0,15,"both",0.166538671200727,-0.137638258258557
"925","session2",-28.6691132380369,30.9857413207252,2.11584869753603,0.00051924772573876,0.0729826264313027,0.424658105295048,0.532539017572792,9,2,40,0.166538671200727,-0.137638258258557,24,3.10534251430666,0,-11.01428,3617,0.6,0,15,"both",0.166538671200727,-0.137638258258557
"926","session2",-28.6691132380369,30.9857413207252,2.11584869753603,0.00051924772573876,0.0729826264313027,0.424658105295048,0.532539017572792,9,2,40,0.166538671200727,-0.137638258258557,24,2.22368090948704,0,-10.31501,3617,0.6,0,15,"both",0.166538671200727,-0.137638258258557
"927","session2",-28.6691132380369,30.9857413207252,2.11584869753603,0.00051924772573876,0.0729826264313027,0.424658105295048,0.532539017572792,9,2,40,0.166538671200727,-0.137638258258557,24,1.6732905370806,1,-7.67297,3617,0.6,0,15,"both",0.166538671200727,-0.137638258258557
"928","session2",-28.6691132380369,30.9857413207252,2.11584869753603,0.00051924772573876,0.0729826264313027,0.424658105295048,0.532539017572792,9,2,40,0.166538671200727,-0.137638258258557,24,2.84906639878312,0,-3.82459,3617,0.6,0,15,"both",0.166538671200727,-0.137638258258557
"929","session2",-28.6691132380369,30.9857413207252,2.11584869753603,0.00051924772573876,0.0729826264313027,0.424658105295048,0.532539017572792,9,2,40,0.166538671200727,-0.137638258258557,24,5.3347087453467,0,-6.28728,3617,0.6,0,15,"both",0.166538671200727,-0.137638258258557
"930","session2",-28.6691132380369,30.9857413207252,2.11584869753603,0.00051924772573876,0.0729826264313027,0.424658105295048,0.532539017572792,9,2,40,0.166538671200727,-0.137638258258557,24,2.87493159704287,1,3.86481,3617,0.6,0,15,"both",0.166538671200727,-0.137638258258557
"931","session2",-28.6691132380369,30.9857413207252,2.11584869753603,0.00051924772573876,0.0729826264313027,0.424658105295048,0.532539017572792,9,2,40,0.166538671200727,-0.137638258258557,24,2.66118116537124,0,-2.80209,3617,0.6,0,15,"both",0.166538671200727,-0.137638258258557
"932","session2",-28.6691132380369,30.9857413207252,2.11584869753603,0.00051924772573876,0.0729826264313027,0.424658105295048,0.532539017572792,9,2,40,0.166538671200727,-0.137638258258557,24,1.77467717781532,1,18.78987,3617,0.6,0,15,"both",0.166538671200727,-0.137638258258557
"933","session2",-28.6691132380369,30.9857413207252,2.11584869753603,0.00051924772573876,0.0729826264313027,0.424658105295048,0.532539017572792,9,2,40,0.166538671200727,-0.137638258258557,24,1.73410657428436,1,1.87404,3617,0.6,0,15,"both",0.166538671200727,-0.137638258258557
"934","session2",-28.6691132380369,30.9857413207252,2.11584869753603,0.00051924772573876,0.0729826264313027,0.424658105295048,0.532539017572792,9,2,40,0.166538671200727,-0.137638258258557,24,2.1170189428651,1,-1.41393,3617,0.6,0,15,"both",0.166538671200727,-0.137638258258557
"935","session2",-28.6691132380369,30.9857413207252,2.11584869753603,0.00051924772573876,0.0729826264313027,0.424658105295048,0.532539017572792,9,2,40,0.166538671200727,-0.137638258258557,24,1.65949450859391,0,-23.21604,3617,0.6,0,15,"both",0.166538671200727,-0.137638258258557
"936","session2",-28.6691132380369,30.9857413207252,2.11584869753603,0.00051924772573876,0.0729826264313027,0.424658105295048,0.532539017572792,9,2,40,0.166538671200727,-0.137638258258557,24,1.75664252340471,0,-22.1192,3617,0.6,0,15,"both",0.166538671200727,-0.137638258258557
"937","session2",-28.6691132380369,30.9857413207252,2.11584869753603,0.00051924772573876,0.0729826264313027,0.424658105295048,0.532539017572792,9,2,40,0.166538671200727,-0.137638258258557,24,2.01136884513939,0,4.21457,3617,0.6,0,15,"both",0.166538671200727,-0.137638258258557
"938","session2",-28.6691132380369,30.9857413207252,2.11584869753603,0.00051924772573876,0.0729826264313027,0.424658105295048,0.532539017572792,9,2,40,0.166538671200727,-0.137638258258557,24,2.87551911095701,1,6.016225,3617,0.6,0,15,"both",0.166538671200727,-0.137638258258557
"939","session2",-28.6691132380369,30.9857413207252,2.11584869753603,0.00051924772573876,0.0729826264313027,0.424658105295048,0.532539017572792,9,2,40,0.166538671200727,-0.137638258258557,24,1.82764690473563,1,9.66344,3617,0.6,0,15,"both",0.166538671200727,-0.137638258258557
"940","session2",-28.6691132380369,30.9857413207252,2.11584869753603,0.00051924772573876,0.0729826264313027,0.424658105295048,0.532539017572792,9,2,40,0.166538671200727,-0.137638258258557,24,2.2258745531647,0,3.38552,3617,0.6,0,15,"both",0.166538671200727,-0.137638258258557
"941","session2",-28.6691132380369,30.9857413207252,2.11584869753603,0.00051924772573876,0.0729826264313027,0.424658105295048,0.532539017572792,9,2,40,0.166538671200727,-0.137638258258557,24,1.07257588209215,1,9.66013,3617,0.6,0,15,"both",0.166538671200727,-0.137638258258557
"942","session2",-28.6691132380369,30.9857413207252,2.11584869753603,0.00051924772573876,0.0729826264313027,0.424658105295048,0.532539017572792,9,2,40,0.166538671200727,-0.137638258258557,24,2.0649285144549,1,-16.54397,3617,0.6,0,15,"both",0.166538671200727,-0.137638258258557
"943","session2",-28.6691132380369,30.9857413207252,2.11584869753603,0.00051924772573876,0.0729826264313027,0.424658105295048,0.532539017572792,9,2,40,0.166538671200727,-0.137638258258557,24,3.63618070104505,0,-4.23212,3617,0.6,0,15,"both",0.166538671200727,-0.137638258258557
"944","session2",-28.6691132380369,30.9857413207252,2.11584869753603,0.00051924772573876,0.0729826264313027,0.424658105295048,0.532539017572792,9,2,40,0.166538671200727,-0.137638258258557,24,1.51716694300762,1,22.18726,3617,0.6,0,15,"both",0.166538671200727,-0.137638258258557
"945","session2",-28.6691132380369,30.9857413207252,2.11584869753603,0.00051924772573876,0.0729826264313027,0.424658105295048,0.532539017572792,9,2,40,0.166538671200727,-0.137638258258557,24,2.02913824248338,1,4.026953,3617,0.6,0,15,"both",0.166538671200727,-0.137638258258557
"946","session2",-28.6691132380369,30.9857413207252,2.11584869753603,0.00051924772573876,0.0729826264313027,0.424658105295048,0.532539017572792,9,2,40,0.166538671200727,-0.137638258258557,24,2.69767537871342,1,1.05049,3617,0.6,0,15,"both",0.166538671200727,-0.137638258258557
"947","session2",-28.6691132380369,30.9857413207252,2.11584869753603,0.00051924772573876,0.0729826264313027,0.424658105295048,0.532539017572792,9,2,40,0.166538671200727,-0.137638258258557,24,2.10188909945548,1,-3.07962,3617,0.6,0,15,"both",0.166538671200727,-0.137638258258557
"948","session2",-28.6691132380369,30.9857413207252,2.11584869753603,0.00051924772573876,0.0729826264313027,0.424658105295048,0.532539017572792,9,2,40,0.166538671200727,-0.137638258258557,24,2.32469138909343,0,-5.71259,3617,0.6,0,15,"both",0.166538671200727,-0.137638258258557
"949","session2",-28.6691132380369,30.9857413207252,2.11584869753603,0.00051924772573876,0.0729826264313027,0.424658105295048,0.532539017572792,9,2,40,0.166538671200727,-0.137638258258557,24,1.55902243168422,1,8.30504,3617,0.6,0,15,"both",0.166538671200727,-0.137638258258557
"950","session2",-28.6691132380369,30.9857413207252,2.11584869753603,0.00051924772573876,0.0729826264313027,0.424658105295048,0.532539017572792,9,2,40,0.166538671200727,-0.137638258258557,24,4.1023711563705,1,1.10945,3617,0.6,0,15,"both",0.166538671200727,-0.137638258258557
"951","session2",-28.6691132380369,30.9857413207252,2.11584869753603,0.00051924772573876,0.0729826264313027,0.424658105295048,0.532539017572792,9,2,40,0.166538671200727,-0.137638258258557,24,2.31858113812098,1,3.04331,3617,0.6,0,15,"both",0.166538671200727,-0.137638258258557
"952","session2",-28.6691132380369,30.9857413207252,2.11584869753603,0.00051924772573876,0.0729826264313027,0.424658105295048,0.532539017572792,9,2,40,0.166538671200727,-0.137638258258557,24,1.80184009712582,1,-1.97433,3617,0.6,0,15,"both",0.166538671200727,-0.137638258258557
"953","session2",-28.6691132380369,30.9857413207252,2.11584869753603,0.00051924772573876,0.0729826264313027,0.424658105295048,0.532539017572792,9,2,40,0.166538671200727,-0.137638258258557,24,1.60660675028093,0,-5.72478,3617,0.6,0,15,"both",0.166538671200727,-0.137638258258557
"954","session2",-28.6691132380369,30.9857413207252,2.11584869753603,0.00051924772573876,0.0729826264313027,0.424658105295048,0.532539017572792,9,2,40,0.166538671200727,-0.137638258258557,24,2.48752368746391,1,6.51017,3617,0.6,0,15,"both",0.166538671200727,-0.137638258258557
"955","session2",-28.6691132380369,30.9857413207252,2.11584869753603,0.00051924772573876,0.0729826264313027,0.424658105295048,0.532539017572792,9,2,40,0.166538671200727,-0.137638258258557,24,1.45224241846481,1,7.3932,3617,0.6,0,15,"both",0.166538671200727,-0.137638258258557
"956","session2",-28.6691132380369,30.9857413207252,2.11584869753603,0.00051924772573876,0.0729826264313027,0.424658105295048,0.532539017572792,9,2,40,0.166538671200727,-0.137638258258557,24,2.81339937602086,1,-5.21505,3617,0.6,0,15,"both",0.166538671200727,-0.137638258258557
"957","session2",-28.6691132380369,30.9857413207252,2.11584869753603,0.00051924772573876,0.0729826264313027,0.424658105295048,0.532539017572792,9,2,40,0.166538671200727,-0.137638258258557,24,1.26141134009163,0,1.82651,3617,0.6,0,15,"both",0.166538671200727,-0.137638258258557
"958","session2",-28.6691132380369,30.9857413207252,2.11584869753603,0.00051924772573876,0.0729826264313027,0.424658105295048,0.532539017572792,9,2,40,0.166538671200727,-0.137638258258557,24,3.01224470319942,1,-9.93023,3617,0.6,0,15,"both",0.166538671200727,-0.137638258258557
"959","session2",-28.6691132380369,30.9857413207252,2.11584869753603,0.00051924772573876,0.0729826264313027,0.424658105295048,0.532539017572792,9,2,40,0.166538671200727,-0.137638258258557,24,2.08673770413909,1,0.11002,3617,0.6,0,15,"both",0.166538671200727,-0.137638258258557
"960","session2",-28.6691132380369,30.9857413207252,2.11584869753603,0.00051924772573876,0.0729826264313027,0.424658105295048,0.532539017572792,9,2,40,0.166538671200727,-0.137638258258557,24,3.04386753527533,1,-6.874431,3617,0.6,0,15,"both",0.166538671200727,-0.137638258258557
"961","session2",-12.3862210896388,8.09629615874398,2.91408466690158,0.00130535312301742,-0.936954318700879,1.00268941933701,0.946545842445616,10,2,40,0.166538671200727,-0.137638258258557,25,1.46463803200688,1,-8.8727238798,3617,0.6,0,15,"both",0.166538671200727,-0.137638258258557
"962","session2",-12.3862210896388,8.09629615874398,2.91408466690158,0.00130535312301742,-0.936954318700879,1.00268941933701,0.946545842445616,10,2,40,0.166538671200727,-0.137638258258557,25,1.21448291248939,1,-12.748738411,3617,0.6,0,15,"both",0.166538671200727,-0.137638258258557
"963","session2",-12.3862210896388,8.09629615874398,2.91408466690158,0.00130535312301742,-0.936954318700879,1.00268941933701,0.946545842445616,10,2,40,0.166538671200727,-0.137638258258557,25,1.59579477642569,0,-16.4665360778,3617,0.6,0,15,"both",0.166538671200727,-0.137638258258557
"964","session2",-12.3862210896388,8.09629615874398,2.91408466690158,0.00130535312301742,-0.936954318700879,1.00268941933701,0.946545842445616,10,2,40,0.166538671200727,-0.137638258258557,25,1.51871436627434,1,-14.4304800972,3617,0.6,0,15,"both",0.166538671200727,-0.137638258258557
"965","session2",-12.3862210896388,8.09629615874398,2.91408466690158,0.00130535312301742,-0.936954318700879,1.00268941933701,0.946545842445616,10,2,40,0.166538671200727,-0.137638258258557,25,1.86776684528566,0,-20.51331,3617,0.6,0,15,"both",0.166538671200727,-0.137638258258557
"966","session2",-12.3862210896388,8.09629615874398,2.91408466690158,0.00130535312301742,-0.936954318700879,1.00268941933701,0.946545842445616,10,2,40,0.166538671200727,-0.137638258258557,25,1.36312528255678,1,-1.2015,3617,0.6,0,15,"both",0.166538671200727,-0.137638258258557
"967","session2",-12.3862210896388,8.09629615874398,2.91408466690158,0.00130535312301742,-0.936954318700879,1.00268941933701,0.946545842445616,10,2,40,0.166538671200727,-0.137638258258557,25,1.0796983062039,0,-22.98877,3617,0.6,0,15,"both",0.166538671200727,-0.137638258258557
"968","session2",-12.3862210896388,8.09629615874398,2.91408466690158,0.00130535312301742,-0.936954318700879,1.00268941933701,0.946545842445616,10,2,40,0.166538671200727,-0.137638258258557,25,1.99720428776811,0,-16.2024,3617,0.6,0,15,"both",0.166538671200727,-0.137638258258557
"969","session2",-12.3862210896388,8.09629615874398,2.91408466690158,0.00130535312301742,-0.936954318700879,1.00268941933701,0.946545842445616,10,2,40,0.166538671200727,-0.137638258258557,25,1.8011860076095,0,-15.0289,3617,0.6,0,15,"both",0.166538671200727,-0.137638258258557
"970","session2",-12.3862210896388,8.09629615874398,2.91408466690158,0.00130535312301742,-0.936954318700879,1.00268941933701,0.946545842445616,10,2,40,0.166538671200727,-0.137638258258557,25,3.99070239131944,0,-10.46916,3617,0.6,0,15,"both",0.166538671200727,-0.137638258258557
"971","session2",-12.3862210896388,8.09629615874398,2.91408466690158,0.00130535312301742,-0.936954318700879,1.00268941933701,0.946545842445616,10,2,40,0.166538671200727,-0.137638258258557,25,3.89466775504309,1,-4.05542,3617,0.6,0,15,"both",0.166538671200727,-0.137638258258557
"972","session2",-12.3862210896388,8.09629615874398,2.91408466690158,0.00130535312301742,-0.936954318700879,1.00268941933701,0.946545842445616,10,2,40,0.166538671200727,-0.137638258258557,25,1.13564824445215,1,-3.3988,3617,0.6,0,15,"both",0.166538671200727,-0.137638258258557
"973","session2",-12.3862210896388,8.09629615874398,2.91408466690158,0.00130535312301742,-0.936954318700879,1.00268941933701,0.946545842445616,10,2,40,0.166538671200727,-0.137638258258557,25,2.27072466513764,1,-5.95942,3617,0.6,0,15,"both",0.166538671200727,-0.137638258258557
"974","session2",-12.3862210896388,8.09629615874398,2.91408466690158,0.00130535312301742,-0.936954318700879,1.00268941933701,0.946545842445616,10,2,40,0.166538671200727,-0.137638258258557,25,3.38482673150943,1,-12.18643,3617,0.6,0,15,"both",0.166538671200727,-0.137638258258557
"975","session2",-12.3862210896388,8.09629615874398,2.91408466690158,0.00130535312301742,-0.936954318700879,1.00268941933701,0.946545842445616,10,2,40,0.166538671200727,-0.137638258258557,25,3.46276838524071,1,-15.17572,3617,0.6,0,15,"both",0.166538671200727,-0.137638258258557
"976","session2",-12.3862210896388,8.09629615874398,2.91408466690158,0.00130535312301742,-0.936954318700879,1.00268941933701,0.946545842445616,10,2,40,0.166538671200727,-0.137638258258557,25,1.22069523565871,1,23.17244,3617,0.6,0,15,"both",0.166538671200727,-0.137638258258557
"977","session2",-12.3862210896388,8.09629615874398,2.91408466690158,0.00130535312301742,-0.936954318700879,1.00268941933701,0.946545842445616,10,2,40,0.166538671200727,-0.137638258258557,25,1.05651143259385,0,-7.39259,3617,0.6,0,15,"both",0.166538671200727,-0.137638258258557
"978","session2",-12.3862210896388,8.09629615874398,2.91408466690158,0.00130535312301742,-0.936954318700879,1.00268941933701,0.946545842445616,10,2,40,0.166538671200727,-0.137638258258557,25,1.19702802849382,1,38.76506,3617,0.6,0,15,"both",0.166538671200727,-0.137638258258557
"979","session2",-12.3862210896388,8.09629615874398,2.91408466690158,0.00130535312301742,-0.936954318700879,1.00268941933701,0.946545842445616,10,2,40,0.166538671200727,-0.137638258258557,25,4.16359047320156,1,-9.17134,3617,0.6,0,15,"both",0.166538671200727,-0.137638258258557
"980","session2",-12.3862210896388,8.09629615874398,2.91408466690158,0.00130535312301742,-0.936954318700879,1.00268941933701,0.946545842445616,10,2,40,0.166538671200727,-0.137638258258557,25,1.87014160630974,0,-25.81057,3617,0.6,0,15,"both",0.166538671200727,-0.137638258258557
"981","session2",-12.3862210896388,8.09629615874398,2.91408466690158,0.00130535312301742,-0.936954318700879,1.00268941933701,0.946545842445616,10,2,40,0.166538671200727,-0.137638258258557,25,1.95516828926561,1,-2.2036,3617,0.6,0,15,"both",0.166538671200727,-0.137638258258557
"982","session2",-12.3862210896388,8.09629615874398,2.91408466690158,0.00130535312301742,-0.936954318700879,1.00268941933701,0.946545842445616,10,2,40,0.166538671200727,-0.137638258258557,25,1.14767587671263,0,-22.4971,3617,0.6,0,15,"both",0.166538671200727,-0.137638258258557
"983","session2",-12.3862210896388,8.09629615874398,2.91408466690158,0.00130535312301742,-0.936954318700879,1.00268941933701,0.946545842445616,10,2,40,0.166538671200727,-0.137638258258557,25,1.1768664761554,0,-13.90558691,3617,0.6,0,15,"both",0.166538671200727,-0.137638258258557
"984","session2",-12.3862210896388,8.09629615874398,2.91408466690158,0.00130535312301742,-0.936954318700879,1.00268941933701,0.946545842445616,10,2,40,0.166538671200727,-0.137638258258557,25,1.07673299243752,1,-3.00033,3617,0.6,0,15,"both",0.166538671200727,-0.137638258258557
"985","session2",-12.3862210896388,8.09629615874398,2.91408466690158,0.00130535312301742,-0.936954318700879,1.00268941933701,0.946545842445616,10,2,40,0.166538671200727,-0.137638258258557,25,1.14965288951346,0,-18.26548,3617,0.6,0,15,"both",0.166538671200727,-0.137638258258557
"986","session2",-12.3862210896388,8.09629615874398,2.91408466690158,0.00130535312301742,-0.936954318700879,1.00268941933701,0.946545842445616,10,2,40,0.166538671200727,-0.137638258258557,25,2.40778556654252,0,-18.22253,3617,0.6,0,15,"both",0.166538671200727,-0.137638258258557
"987","session2",-12.3862210896388,8.09629615874398,2.91408466690158,0.00130535312301742,-0.936954318700879,1.00268941933701,0.946545842445616,10,2,40,0.166538671200727,-0.137638258258557,25,1.09553416067338,0,-24.75294,3617,0.6,0,15,"both",0.166538671200727,-0.137638258258557
"988","session2",-12.3862210896388,8.09629615874398,2.91408466690158,0.00130535312301742,-0.936954318700879,1.00268941933701,0.946545842445616,10,2,40,0.166538671200727,-0.137638258258557,25,2.18476121929098,1,3.9157,3617,0.6,0,15,"both",0.166538671200727,-0.137638258258557
"989","session2",-12.3862210896388,8.09629615874398,2.91408466690158,0.00130535312301742,-0.936954318700879,1.00268941933701,0.946545842445616,10,2,40,0.166538671200727,-0.137638258258557,25,1.93626934878241,0,-13.61884,3617,0.6,0,15,"both",0.166538671200727,-0.137638258258557
"990","session2",-12.3862210896388,8.09629615874398,2.91408466690158,0.00130535312301742,-0.936954318700879,1.00268941933701,0.946545842445616,10,2,40,0.166538671200727,-0.137638258258557,25,1.34368535924749,1,-7.92,3617,0.6,0,15,"both",0.166538671200727,-0.137638258258557
"991","session2",-12.3862210896388,8.09629615874398,2.91408466690158,0.00130535312301742,-0.936954318700879,1.00268941933701,0.946545842445616,10,2,40,0.166538671200727,-0.137638258258557,25,2.36730226362999,0,-19.21935,3617,0.6,0,15,"both",0.166538671200727,-0.137638258258557
"992","session2",-12.3862210896388,8.09629615874398,2.91408466690158,0.00130535312301742,-0.936954318700879,1.00268941933701,0.946545842445616,10,2,40,0.166538671200727,-0.137638258258557,25,2.95841249892833,0,-21.00265,3617,0.6,0,15,"both",0.166538671200727,-0.137638258258557
"993","session2",-12.3862210896388,8.09629615874398,2.91408466690158,0.00130535312301742,-0.936954318700879,1.00268941933701,0.946545842445616,10,2,40,0.166538671200727,-0.137638258258557,25,1.51078911507004,0,-22.11,3617,0.6,0,15,"both",0.166538671200727,-0.137638258258557
"994","session2",-12.3862210896388,8.09629615874398,2.91408466690158,0.00130535312301742,-0.936954318700879,1.00268941933701,0.946545842445616,10,2,40,0.166538671200727,-0.137638258258557,25,1.33566236463724,0,-6.53138,3617,0.6,0,15,"both",0.166538671200727,-0.137638258258557
"995","session2",-12.3862210896388,8.09629615874398,2.91408466690158,0.00130535312301742,-0.936954318700879,1.00268941933701,0.946545842445616,10,2,40,0.166538671200727,-0.137638258258557,25,4.2925233307465,1,-13.41449,3617,0.6,0,15,"both",0.166538671200727,-0.137638258258557
"996","session2",-12.3862210896388,8.09629615874398,2.91408466690158,0.00130535312301742,-0.936954318700879,1.00268941933701,0.946545842445616,10,2,40,0.166538671200727,-0.137638258258557,25,1.37073701240729,1,-8.61331,3617,0.6,0,15,"both",0.166538671200727,-0.137638258258557
"997","session2",-12.3862210896388,8.09629615874398,2.91408466690158,0.00130535312301742,-0.936954318700879,1.00268941933701,0.946545842445616,10,2,40,0.166538671200727,-0.137638258258557,25,3.48460472634224,1,-15.35009,3617,0.6,0,15,"both",0.166538671200727,-0.137638258258557
"998","session2",-12.3862210896388,8.09629615874398,2.91408466690158,0.00130535312301742,-0.936954318700879,1.00268941933701,0.946545842445616,10,2,40,0.166538671200727,-0.137638258258557,25,4.98463507417161,0,-14.85202,3617,0.6,0,15,"both",0.166538671200727,-0.137638258258557
"999","session2",-12.3862210896388,8.09629615874398,2.91408466690158,0.00130535312301742,-0.936954318700879,1.00268941933701,0.946545842445616,10,2,40,0.166538671200727,-0.137638258258557,25,2.82463413016009,0,-6.26597,3617,0.6,0,15,"both",0.166538671200727,-0.137638258258557
"1000","session2",-12.3862210896388,8.09629615874398,2.91408466690158,0.00130535312301742,-0.936954318700879,1.00268941933701,0.946545842445616,10,2,40,0.166538671200727,-0.137638258258557,25,1.10528045601308,1,9.2269,3617,0.6,0,15,"both",0.166538671200727,-0.137638258258557
"1001","session2",47.9257248691981,7.61338068275981,3.03200876227037,6.66991380918151e-05,-0.301716646375567,0.604189825475946,0.808299514670526,11,2,40,0.166538671200727,-0.137638258258557,26,1.10952663638701,0,7.17408975843,3617,0.6,0,15,"both",0.166538671200727,-0.137638258258557
"1002","session2",47.9257248691981,7.61338068275981,3.03200876227037,6.66991380918151e-05,-0.301716646375567,0.604189825475946,0.808299514670526,11,2,40,0.166538671200727,-0.137638258258557,26,1.23745570624413,0,11.2658298122,3617,0.6,0,15,"both",0.166538671200727,-0.137638258258557
"1003","session2",47.9257248691981,7.61338068275981,3.03200876227037,6.66991380918151e-05,-0.301716646375567,0.604189825475946,0.808299514670526,11,2,40,0.166538671200727,-0.137638258258557,26,1.2430669447253,0,17.720520364,3617,0.6,0,15,"both",0.166538671200727,-0.137638258258557
"1004","session2",47.9257248691981,7.61338068275981,3.03200876227037,6.66991380918151e-05,-0.301716646375567,0.604189825475946,0.808299514670526,11,2,40,0.166538671200727,-0.137638258258557,26,3.0716927960965,0,26.1801357307,3617,0.6,0,15,"both",0.166538671200727,-0.137638258258557
"1005","session2",47.9257248691981,7.61338068275981,3.03200876227037,6.66991380918151e-05,-0.301716646375567,0.604189825475946,0.808299514670526,11,2,40,0.166538671200727,-0.137638258258557,26,1.34171227392556,0,15.97464,3617,0.6,0,15,"both",0.166538671200727,-0.137638258258557
"1006","session2",47.9257248691981,7.61338068275981,3.03200876227037,6.66991380918151e-05,-0.301716646375567,0.604189825475946,0.808299514670526,11,2,40,0.166538671200727,-0.137638258258557,26,1.0901030517699,0,31.67417239,3617,0.6,0,15,"both",0.166538671200727,-0.137638258258557
"1007","session2",47.9257248691981,7.61338068275981,3.03200876227037,6.66991380918151e-05,-0.301716646375567,0.604189825475946,0.808299514670526,11,2,40,0.166538671200727,-0.137638258258557,26,1.69302732100145,0,32.58806,3617,0.6,0,15,"both",0.166538671200727,-0.137638258258557
"1008","session2",47.9257248691981,7.61338068275981,3.03200876227037,6.66991380918151e-05,-0.301716646375567,0.604189825475946,0.808299514670526,11,2,40,0.166538671200727,-0.137638258258557,26,1.4725428116338,0,46.147,3617,0.6,0,15,"both",0.166538671200727,-0.137638258258557
"1009","session2",47.9257248691981,7.61338068275981,3.03200876227037,6.66991380918151e-05,-0.301716646375567,0.604189825475946,0.808299514670526,11,2,40,0.166538671200727,-0.137638258258557,26,2.30221899422338,0,39.39056,3617,0.6,0,15,"both",0.166538671200727,-0.137638258258557
"1010","session2",47.9257248691981,7.61338068275981,3.03200876227037,6.66991380918151e-05,-0.301716646375567,0.604189825475946,0.808299514670526,11,2,40,0.166538671200727,-0.137638258258557,26,5.07279790773935,1,47.949862586,3617,0.6,0,15,"both",0.166538671200727,-0.137638258258557
"1011","session2",47.9257248691981,7.61338068275981,3.03200876227037,6.66991380918151e-05,-0.301716646375567,0.604189825475946,0.808299514670526,11,2,40,0.166538671200727,-0.137638258258557,26,2.57913282585722,0,37.74934,3617,0.6,0,15,"both",0.166538671200727,-0.137638258258557
"1012","session2",47.9257248691981,7.61338068275981,3.03200876227037,6.66991380918151e-05,-0.301716646375567,0.604189825475946,0.808299514670526,11,2,40,0.166538671200727,-0.137638258258557,26,1.33094431692129,0,36.2877,3617,0.6,0,15,"both",0.166538671200727,-0.137638258258557
"1013","session2",47.9257248691981,7.61338068275981,3.03200876227037,6.66991380918151e-05,-0.301716646375567,0.604189825475946,0.808299514670526,11,2,40,0.166538671200727,-0.137638258258557,26,2.03686203478644,1,48.98404,3617,0.6,0,15,"both",0.166538671200727,-0.137638258258557
"1014","session2",47.9257248691981,7.61338068275981,3.03200876227037,6.66991380918151e-05,-0.301716646375567,0.604189825475946,0.808299514670526,11,2,40,0.166538671200727,-0.137638258258557,26,2.76387912468383,0,43.22347,3617,0.6,0,15,"both",0.166538671200727,-0.137638258258557
"1015","session2",47.9257248691981,7.61338068275981,3.03200876227037,6.66991380918151e-05,-0.301716646375567,0.604189825475946,0.808299514670526,11,2,40,0.166538671200727,-0.137638258258557,26,1.7014353698242,0,41.5583722458,3617,0.6,0,15,"both",0.166538671200727,-0.137638258258557
"1016","session2",47.9257248691981,7.61338068275981,3.03200876227037,6.66991380918151e-05,-0.301716646375567,0.604189825475946,0.808299514670526,11,2,40,0.166538671200727,-0.137638258258557,26,1.85117411646398,0,35.8551,3617,0.6,0,15,"both",0.166538671200727,-0.137638258258557
"1017","session2",47.9257248691981,7.61338068275981,3.03200876227037,6.66991380918151e-05,-0.301716646375567,0.604189825475946,0.808299514670526,11,2,40,0.166538671200727,-0.137638258258557,26,1.09607321711319,0,28.3873,3617,0.6,0,15,"both",0.166538671200727,-0.137638258258557
"1018","session2",47.9257248691981,7.61338068275981,3.03200876227037,6.66991380918151e-05,-0.301716646375567,0.604189825475946,0.808299514670526,11,2,40,0.166538671200727,-0.137638258258557,26,2.60972469532452,0,48.046363083,3617,0.6,0,15,"both",0.166538671200727,-0.137638258258557
"1019","session2",47.9257248691981,7.61338068275981,3.03200876227037,6.66991380918151e-05,-0.301716646375567,0.604189825475946,0.808299514670526,11,2,40,0.166538671200727,-0.137638258258557,26,2.05156310967958,0,39.2126,3617,0.6,0,15,"both",0.166538671200727,-0.137638258258557
"1020","session2",47.9257248691981,7.61338068275981,3.03200876227037,6.66991380918151e-05,-0.301716646375567,0.604189825475946,0.808299514670526,11,2,40,0.166538671200727,-0.137638258258557,26,2.17591588597293,0,48.280727252,3617,0.6,0,15,"both",0.166538671200727,-0.137638258258557
"1021","session2",47.9257248691981,7.61338068275981,3.03200876227037,6.66991380918151e-05,-0.301716646375567,0.604189825475946,0.808299514670526,11,2,40,0.166538671200727,-0.137638258258557,26,2.92430396405583,0,49.58882,3617,0.6,0,15,"both",0.166538671200727,-0.137638258258557
"1022","session2",47.9257248691981,7.61338068275981,3.03200876227037,6.66991380918151e-05,-0.301716646375567,0.604189825475946,0.808299514670526,11,2,40,0.166538671200727,-0.137638258258557,26,1.67668572391503,0,31.8992,3617,0.6,0,15,"both",0.166538671200727,-0.137638258258557
"1023","session2",47.9257248691981,7.61338068275981,3.03200876227037,6.66991380918151e-05,-0.301716646375567,0.604189825475946,0.808299514670526,11,2,40,0.166538671200727,-0.137638258258557,26,1.91255461342821,0,37.0595,3617,0.6,0,15,"both",0.166538671200727,-0.137638258258557
"1024","session2",47.9257248691981,7.61338068275981,3.03200876227037,6.66991380918151e-05,-0.301716646375567,0.604189825475946,0.808299514670526,11,2,40,0.166538671200727,-0.137638258258557,26,5.16363443433741,0,46.1261028441,3617,0.6,0,15,"both",0.166538671200727,-0.137638258258557
"1025","session2",47.9257248691981,7.61338068275981,3.03200876227037,6.66991380918151e-05,-0.301716646375567,0.604189825475946,0.808299514670526,11,2,40,0.166538671200727,-0.137638258258557,26,2.77622525910155,1,56.9151586897,3617,0.6,0,15,"both",0.166538671200727,-0.137638258258557
"1026","session2",47.9257248691981,7.61338068275981,3.03200876227037,6.66991380918151e-05,-0.301716646375567,0.604189825475946,0.808299514670526,11,2,40,0.166538671200727,-0.137638258258557,26,4.32160481664342,1,48.42166,3617,0.6,0,15,"both",0.166538671200727,-0.137638258258557
"1027","session2",47.9257248691981,7.61338068275981,3.03200876227037,6.66991380918151e-05,-0.301716646375567,0.604189825475946,0.808299514670526,11,2,40,0.166538671200727,-0.137638258258557,26,1.65033958918802,1,64.07987964,3617,0.6,0,15,"both",0.166538671200727,-0.137638258258557
"1028","session2",47.9257248691981,7.61338068275981,3.03200876227037,6.66991380918151e-05,-0.301716646375567,0.604189825475946,0.808299514670526,11,2,40,0.166538671200727,-0.137638258258557,26,2.30232268637409,1,53.5101937,3617,0.6,0,15,"both",0.166538671200727,-0.137638258258557
"1029","session2",47.9257248691981,7.61338068275981,3.03200876227037,6.66991380918151e-05,-0.301716646375567,0.604189825475946,0.808299514670526,11,2,40,0.166538671200727,-0.137638258258557,26,1.84614482597607,1,56.52780925,3617,0.6,0,15,"both",0.166538671200727,-0.137638258258557
"1030","session2",47.9257248691981,7.61338068275981,3.03200876227037,6.66991380918151e-05,-0.301716646375567,0.604189825475946,0.808299514670526,11,2,40,0.166538671200727,-0.137638258258557,26,1.37558111066065,0,39.4345,3617,0.6,0,15,"both",0.166538671200727,-0.137638258258557
"1031","session2",47.9257248691981,7.61338068275981,3.03200876227037,6.66991380918151e-05,-0.301716646375567,0.604189825475946,0.808299514670526,11,2,40,0.166538671200727,-0.137638258258557,26,2.97057807640785,1,50.97686996,3617,0.6,0,15,"both",0.166538671200727,-0.137638258258557
"1032","session2",47.9257248691981,7.61338068275981,3.03200876227037,6.66991380918151e-05,-0.301716646375567,0.604189825475946,0.808299514670526,11,2,40,0.166538671200727,-0.137638258258557,26,1.72453682285048,1,51.1720213,3617,0.6,0,15,"both",0.166538671200727,-0.137638258258557
"1033","session2",47.9257248691981,7.61338068275981,3.03200876227037,6.66991380918151e-05,-0.301716646375567,0.604189825475946,0.808299514670526,11,2,40,0.166538671200727,-0.137638258258557,26,2.22173869882473,0,45.10118,3617,0.6,0,15,"both",0.166538671200727,-0.137638258258557
"1034","session2",47.9257248691981,7.61338068275981,3.03200876227037,6.66991380918151e-05,-0.301716646375567,0.604189825475946,0.808299514670526,11,2,40,0.166538671200727,-0.137638258258557,26,2.86962620265655,1,48.5776351,3617,0.6,0,15,"both",0.166538671200727,-0.137638258258557
"1035","session2",47.9257248691981,7.61338068275981,3.03200876227037,6.66991380918151e-05,-0.301716646375567,0.604189825475946,0.808299514670526,11,2,40,0.166538671200727,-0.137638258258557,26,2.16798367991519,1,48.2224096,3617,0.6,0,15,"both",0.166538671200727,-0.137638258258557
"1036","session2",47.9257248691981,7.61338068275981,3.03200876227037,6.66991380918151e-05,-0.301716646375567,0.604189825475946,0.808299514670526,11,2,40,0.166538671200727,-0.137638258258557,26,3.48833321461218,0,45.57658,3617,0.6,0,15,"both",0.166538671200727,-0.137638258258557
"1037","session2",47.9257248691981,7.61338068275981,3.03200876227037,6.66991380918151e-05,-0.301716646375567,0.604189825475946,0.808299514670526,11,2,40,0.166538671200727,-0.137638258258557,26,2.0131644633629,0,45.42414,3617,0.6,0,15,"both",0.166538671200727,-0.137638258258557
"1038","session2",47.9257248691981,7.61338068275981,3.03200876227037,6.66991380918151e-05,-0.301716646375567,0.604189825475946,0.808299514670526,11,2,40,0.166538671200727,-0.137638258258557,26,2.11709291608456,0,48.0783586,3617,0.6,0,15,"both",0.166538671200727,-0.137638258258557
"1039","session2",47.9257248691981,7.61338068275981,3.03200876227037,6.66991380918151e-05,-0.301716646375567,0.604189825475946,0.808299514670526,11,2,40,0.166538671200727,-0.137638258258557,26,1.09232544918558,0,51.8756642,3617,0.6,0,15,"both",0.166538671200727,-0.137638258258557
"1040","session2",47.9257248691981,7.61338068275981,3.03200876227037,6.66991380918151e-05,-0.301716646375567,0.604189825475946,0.808299514670526,11,2,40,0.166538671200727,-0.137638258258557,26,1.52679374685663,1,51.2976981,3617,0.6,0,15,"both",0.166538671200727,-0.137638258258557
"1041","session2",-11.820639389428,3.44119169164834,2.14770271180829,0.000266294118122838,0.164206583119115,0.5156454118757,0.684020152744619,12,2,40,0.166538671200727,-0.137638258258557,27,2.51918992332445,1,-8.2470530327,3617,0.6,0,15,"both",0.166538671200727,-0.137638258258557
"1042","session2",-11.820639389428,3.44119169164834,2.14770271180829,0.000266294118122838,0.164206583119115,0.5156454118757,0.684020152744619,12,2,40,0.166538671200727,-0.137638258258557,27,2.03783660758508,1,-12.2217848321,3617,0.6,0,15,"both",0.166538671200727,-0.137638258258557
"1043","session2",-11.820639389428,3.44119169164834,2.14770271180829,0.000266294118122838,0.164206583119115,0.5156454118757,0.684020152744619,12,2,40,0.166538671200727,-0.137638258258557,27,1.4520513129509,0,-19.146119565,3617,0.6,0,15,"both",0.166538671200727,-0.137638258258557
"1044","session2",-11.820639389428,3.44119169164834,2.14770271180829,0.000266294118122838,0.164206583119115,0.5156454118757,0.684020152744619,12,2,40,0.166538671200727,-0.137638258258557,27,3.31864339223271,0,-14.2577302057,3617,0.6,0,15,"both",0.166538671200727,-0.137638258258557
"1045","session2",-11.820639389428,3.44119169164834,2.14770271180829,0.000266294118122838,0.164206583119115,0.5156454118757,0.684020152744619,12,2,40,0.166538671200727,-0.137638258258557,27,1.89508561557606,1,-10.977804243,3617,0.6,0,15,"both",0.166538671200727,-0.137638258258557
"1046","session2",-11.820639389428,3.44119169164834,2.14770271180829,0.000266294118122838,0.164206583119115,0.5156454118757,0.684020152744619,12,2,40,0.166538671200727,-0.137638258258557,27,3.69294073433778,1,3.01275,3617,0.6,0,15,"both",0.166538671200727,-0.137638258258557
"1047","session2",-11.820639389428,3.44119169164834,2.14770271180829,0.000266294118122838,0.164206583119115,0.5156454118757,0.684020152744619,12,2,40,0.166538671200727,-0.137638258258557,27,1.97250467933268,0,-45.9552,3617,0.6,0,15,"both",0.166538671200727,-0.137638258258557
"1048","session2",-11.820639389428,3.44119169164834,2.14770271180829,0.000266294118122838,0.164206583119115,0.5156454118757,0.684020152744619,12,2,40,0.166538671200727,-0.137638258258557,27,1.94902679349857,0,-15.24037,3617,0.6,0,15,"both",0.166538671200727,-0.137638258258557
"1049","session2",-11.820639389428,3.44119169164834,2.14770271180829,0.000266294118122838,0.164206583119115,0.5156454118757,0.684020152744619,12,2,40,0.166538671200727,-0.137638258258557,27,3.10896195110689,0,-15.89927,3617,0.6,0,15,"both",0.166538671200727,-0.137638258258557
"1050","session2",-11.820639389428,3.44119169164834,2.14770271180829,0.000266294118122838,0.164206583119115,0.5156454118757,0.684020152744619,12,2,40,0.166538671200727,-0.137638258258557,27,2.3054506285914,1,-6.7138,3617,0.6,0,15,"both",0.166538671200727,-0.137638258258557
"1051","session2",-11.820639389428,3.44119169164834,2.14770271180829,0.000266294118122838,0.164206583119115,0.5156454118757,0.684020152744619,12,2,40,0.166538671200727,-0.137638258258557,27,3.59458413801837,0,-13.32093,3617,0.6,0,15,"both",0.166538671200727,-0.137638258258557
"1052","session2",-11.820639389428,3.44119169164834,2.14770271180829,0.000266294118122838,0.164206583119115,0.5156454118757,0.684020152744619,12,2,40,0.166538671200727,-0.137638258258557,27,1.57410408214329,1,-15.45229,3617,0.6,0,15,"both",0.166538671200727,-0.137638258258557
"1053","session2",-11.820639389428,3.44119169164834,2.14770271180829,0.000266294118122838,0.164206583119115,0.5156454118757,0.684020152744619,12,2,40,0.166538671200727,-0.137638258258557,27,1.83418576445739,0,-16.02775,3617,0.6,0,15,"both",0.166538671200727,-0.137638258258557
"1054","session2",-11.820639389428,3.44119169164834,2.14770271180829,0.000266294118122838,0.164206583119115,0.5156454118757,0.684020152744619,12,2,40,0.166538671200727,-0.137638258258557,27,1.99735418818583,1,9.46898,3617,0.6,0,15,"both",0.166538671200727,-0.137638258258557
"1055","session2",-11.820639389428,3.44119169164834,2.14770271180829,0.000266294118122838,0.164206583119115,0.5156454118757,0.684020152744619,12,2,40,0.166538671200727,-0.137638258258557,27,1.02952289733989,1,-7.5904,3617,0.6,0,15,"both",0.166538671200727,-0.137638258258557
"1056","session2",-11.820639389428,3.44119169164834,2.14770271180829,0.000266294118122838,0.164206583119115,0.5156454118757,0.684020152744619,12,2,40,0.166538671200727,-0.137638258258557,27,1.74639296176456,0,-15.3212,3617,0.6,0,15,"both",0.166538671200727,-0.137638258258557
"1057","session2",-11.820639389428,3.44119169164834,2.14770271180829,0.000266294118122838,0.164206583119115,0.5156454118757,0.684020152744619,12,2,40,0.166538671200727,-0.137638258258557,27,1.60957917920788,0,-19.11465,3617,0.6,0,15,"both",0.166538671200727,-0.137638258258557
"1058","session2",-11.820639389428,3.44119169164834,2.14770271180829,0.000266294118122838,0.164206583119115,0.5156454118757,0.684020152744619,12,2,40,0.166538671200727,-0.137638258258557,27,1.67078469541686,1,-7.17575,3617,0.6,0,15,"both",0.166538671200727,-0.137638258258557
"1059","session2",-11.820639389428,3.44119169164834,2.14770271180829,0.000266294118122838,0.164206583119115,0.5156454118757,0.684020152744619,12,2,40,0.166538671200727,-0.137638258258557,27,1.84136587729002,0,-16.66383,3617,0.6,0,15,"both",0.166538671200727,-0.137638258258557
"1060","session2",-11.820639389428,3.44119169164834,2.14770271180829,0.000266294118122838,0.164206583119115,0.5156454118757,0.684020152744619,12,2,40,0.166538671200727,-0.137638258258557,27,3.83963113412888,0,-13.99676,3617,0.6,0,15,"both",0.166538671200727,-0.137638258258557
"1061","session2",-11.820639389428,3.44119169164834,2.14770271180829,0.000266294118122838,0.164206583119115,0.5156454118757,0.684020152744619,12,2,40,0.166538671200727,-0.137638258258557,27,4.83559305647303,0,-13.67027,3617,0.6,0,15,"both",0.166538671200727,-0.137638258258557
"1062","session2",-11.820639389428,3.44119169164834,2.14770271180829,0.000266294118122838,0.164206583119115,0.5156454118757,0.684020152744619,12,2,40,0.166538671200727,-0.137638258258557,27,2.70976084144228,0,-12.74916,3617,0.6,0,15,"both",0.166538671200727,-0.137638258258557
"1063","session2",-11.820639389428,3.44119169164834,2.14770271180829,0.000266294118122838,0.164206583119115,0.5156454118757,0.684020152744619,12,2,40,0.166538671200727,-0.137638258258557,27,2.47819242184037,0,-16.11908,3617,0.6,0,15,"both",0.166538671200727,-0.137638258258557
"1064","session2",-11.820639389428,3.44119169164834,2.14770271180829,0.000266294118122838,0.164206583119115,0.5156454118757,0.684020152744619,12,2,40,0.166538671200727,-0.137638258258557,27,3.11110071414102,1,-10.28994,3617,0.6,0,15,"both",0.166538671200727,-0.137638258258557
"1065","session2",-11.820639389428,3.44119169164834,2.14770271180829,0.000266294118122838,0.164206583119115,0.5156454118757,0.684020152744619,12,2,40,0.166538671200727,-0.137638258258557,27,2.90082428696752,1,-9.70778,3617,0.6,0,15,"both",0.166538671200727,-0.137638258258557
"1066","session2",-11.820639389428,3.44119169164834,2.14770271180829,0.000266294118122838,0.164206583119115,0.5156454118757,0.684020152744619,12,2,40,0.166538671200727,-0.137638258258557,27,3.4689063482109,1,-10.40165,3617,0.6,0,15,"both",0.166538671200727,-0.137638258258557
"1067","session2",-11.820639389428,3.44119169164834,2.14770271180829,0.000266294118122838,0.164206583119115,0.5156454118757,0.684020152744619,12,2,40,0.166538671200727,-0.137638258258557,27,3.30478932102923,1,-8.91243,3617,0.6,0,15,"both",0.166538671200727,-0.137638258258557
"1068","session2",-11.820639389428,3.44119169164834,2.14770271180829,0.000266294118122838,0.164206583119115,0.5156454118757,0.684020152744619,12,2,40,0.166538671200727,-0.137638258258557,27,1.85023826045527,0,-11.45595,3617,0.6,0,15,"both",0.166538671200727,-0.137638258258557
"1069","session2",-11.820639389428,3.44119169164834,2.14770271180829,0.000266294118122838,0.164206583119115,0.5156454118757,0.684020152744619,12,2,40,0.166538671200727,-0.137638258258557,27,2.49629311685923,1,-12.71969,3617,0.6,0,15,"both",0.166538671200727,-0.137638258258557
"1070","session2",-11.820639389428,3.44119169164834,2.14770271180829,0.000266294118122838,0.164206583119115,0.5156454118757,0.684020152744619,12,2,40,0.166538671200727,-0.137638258258557,27,1.7505225684057,0,-13.9767,3617,0.6,0,15,"both",0.166538671200727,-0.137638258258557
"1071","session2",-11.820639389428,3.44119169164834,2.14770271180829,0.000266294118122838,0.164206583119115,0.5156454118757,0.684020152744619,12,2,40,0.166538671200727,-0.137638258258557,27,1.58730030042065,0,-18.40344,3617,0.6,0,15,"both",0.166538671200727,-0.137638258258557
"1072","session2",-11.820639389428,3.44119169164834,2.14770271180829,0.000266294118122838,0.164206583119115,0.5156454118757,0.684020152744619,12,2,40,0.166538671200727,-0.137638258258557,27,2.56364756626123,0,-12.02977,3617,0.6,0,15,"both",0.166538671200727,-0.137638258258557
"1073","session2",-11.820639389428,3.44119169164834,2.14770271180829,0.000266294118122838,0.164206583119115,0.5156454118757,0.684020152744619,12,2,40,0.166538671200727,-0.137638258258557,27,2.93520375962674,0,-16.98749,3617,0.6,0,15,"both",0.166538671200727,-0.137638258258557
"1074","session2",-11.820639389428,3.44119169164834,2.14770271180829,0.000266294118122838,0.164206583119115,0.5156454118757,0.684020152744619,12,2,40,0.166538671200727,-0.137638258258557,27,4.37996140082319,1,-10.71449,3617,0.6,0,15,"both",0.166538671200727,-0.137638258258557
"1075","session2",-11.820639389428,3.44119169164834,2.14770271180829,0.000266294118122838,0.164206583119115,0.5156454118757,0.684020152744619,12,2,40,0.166538671200727,-0.137638258258557,27,4.41289614305433,1,-8.27058,3617,0.6,0,15,"both",0.166538671200727,-0.137638258258557
"1076","session2",-11.820639389428,3.44119169164834,2.14770271180829,0.000266294118122838,0.164206583119115,0.5156454118757,0.684020152744619,12,2,40,0.166538671200727,-0.137638258258557,27,5.70605807500388,0,-13.88525,3617,0.6,0,15,"both",0.166538671200727,-0.137638258258557
"1077","session2",-11.820639389428,3.44119169164834,2.14770271180829,0.000266294118122838,0.164206583119115,0.5156454118757,0.684020152744619,12,2,40,0.166538671200727,-0.137638258258557,27,2.69644303539636,1,-9.99734,3617,0.6,0,15,"both",0.166538671200727,-0.137638258258557
"1078","session2",-11.820639389428,3.44119169164834,2.14770271180829,0.000266294118122838,0.164206583119115,0.5156454118757,0.684020152744619,12,2,40,0.166538671200727,-0.137638258258557,27,2.15491256053573,1,-11.02166,3617,0.6,0,15,"both",0.166538671200727,-0.137638258258557
"1079","session2",-11.820639389428,3.44119169164834,2.14770271180829,0.000266294118122838,0.164206583119115,0.5156454118757,0.684020152744619,12,2,40,0.166538671200727,-0.137638258258557,27,3.83891101260463,0,-13.66233,3617,0.6,0,15,"both",0.166538671200727,-0.137638258258557
"1080","session2",-11.820639389428,3.44119169164834,2.14770271180829,0.000266294118122838,0.164206583119115,0.5156454118757,0.684020152744619,12,2,40,0.166538671200727,-0.137638258258557,27,2.14246408429567,1,-13.519,3617,0.6,0,15,"both",0.166538671200727,-0.137638258258557
"1081","session2",-2.05797998520893,31.5646445050705,1.9812689924444,0.000143961394051681,0.238337163681918,0.372274345010363,0.416392676853225,13,2,40,0.166538671200727,-0.137638258258557,28,1.86479694955846,0,9.9078362816,3617,0.6,0,15,"both",0.166538671200727,-0.137638258258557
"1082","session2",-2.05797998520893,31.5646445050705,1.9812689924444,0.000143961394051681,0.238337163681918,0.372274345010363,0.416392676853225,13,2,40,0.166538671200727,-0.137638258258557,28,1.34917377362868,0,10.30489714372,3617,0.6,0,15,"both",0.166538671200727,-0.137638258258557
"1083","session2",-2.05797998520893,31.5646445050705,1.9812689924444,0.000143961394051681,0.238337163681918,0.372274345010363,0.416392676853225,13,2,40,0.166538671200727,-0.137638258258557,28,2.0301053034989,1,17.9295526341,3617,0.6,0,15,"both",0.166538671200727,-0.137638258258557
"1084","session2",-2.05797998520893,31.5646445050705,1.9812689924444,0.000143961394051681,0.238337163681918,0.372274345010363,0.416392676853225,13,2,40,0.166538671200727,-0.137638258258557,28,1.93819021556302,1,11.578379048,3617,0.6,0,15,"both",0.166538671200727,-0.137638258258557
"1085","session2",-2.05797998520893,31.5646445050705,1.9812689924444,0.000143961394051681,0.238337163681918,0.372274345010363,0.416392676853225,13,2,40,0.166538671200727,-0.137638258258557,28,2.51624332550411,1,8.27718,3617,0.6,0,15,"both",0.166538671200727,-0.137638258258557
"1086","session2",-2.05797998520893,31.5646445050705,1.9812689924444,0.000143961394051681,0.238337163681918,0.372274345010363,0.416392676853225,13,2,40,0.166538671200727,-0.137638258258557,28,1.99702396169201,0,-13.056005,3617,0.6,0,15,"both",0.166538671200727,-0.137638258258557
"1087","session2",-2.05797998520893,31.5646445050705,1.9812689924444,0.000143961394051681,0.238337163681918,0.372274345010363,0.416392676853225,13,2,40,0.166538671200727,-0.137638258258557,28,2.23994929710916,0,3.8789365571,3617,0.6,0,15,"both",0.166538671200727,-0.137638258258557
"1088","session2",-2.05797998520893,31.5646445050705,1.9812689924444,0.000143961394051681,0.238337163681918,0.372274345010363,0.416392676853225,13,2,40,0.166538671200727,-0.137638258258557,28,1.45379259906601,1,15.19425,3617,0.6,0,15,"both",0.166538671200727,-0.137638258258557
"1089","session2",-2.05797998520893,31.5646445050705,1.9812689924444,0.000143961394051681,0.238337163681918,0.372274345010363,0.416392676853225,13,2,40,0.166538671200727,-0.137638258258557,28,2.3526044103851,1,3.1642,3617,0.6,0,15,"both",0.166538671200727,-0.137638258258557
"1090","session2",-2.05797998520893,31.5646445050705,1.9812689924444,0.000143961394051681,0.238337163681918,0.372274345010363,0.416392676853225,13,2,40,0.166538671200727,-0.137638258258557,28,2.61902186385688,1,-5.77855,3617,0.6,0,15,"both",0.166538671200727,-0.137638258258557
"1091","session2",-2.05797998520893,31.5646445050705,1.9812689924444,0.000143961394051681,0.238337163681918,0.372274345010363,0.416392676853225,13,2,40,0.166538671200727,-0.137638258258557,28,2.85710267514881,1,-3.4837541377,3617,0.6,0,15,"both",0.166538671200727,-0.137638258258557
"1092","session2",-2.05797998520893,31.5646445050705,1.9812689924444,0.000143961394051681,0.238337163681918,0.372274345010363,0.416392676853225,13,2,40,0.166538671200727,-0.137638258258557,28,2.63623771245507,1,-0.2181,3617,0.6,0,15,"both",0.166538671200727,-0.137638258258557
"1093","session2",-2.05797998520893,31.5646445050705,1.9812689924444,0.000143961394051681,0.238337163681918,0.372274345010363,0.416392676853225,13,2,40,0.166538671200727,-0.137638258258557,28,2.79903332410696,1,28.61244,3617,0.6,0,15,"both",0.166538671200727,-0.137638258258557
"1094","session2",-2.05797998520893,31.5646445050705,1.9812689924444,0.000143961394051681,0.238337163681918,0.372274345010363,0.416392676853225,13,2,40,0.166538671200727,-0.137638258258557,28,2.62965925127431,0,-10.7832661234,3617,0.6,0,15,"both",0.166538671200727,-0.137638258258557
"1095","session2",-2.05797998520893,31.5646445050705,1.9812689924444,0.000143961394051681,0.238337163681918,0.372274345010363,0.416392676853225,13,2,40,0.166538671200727,-0.137638258258557,28,1.67319234378976,1,44.5455,3617,0.6,0,15,"both",0.166538671200727,-0.137638258258557
"1096","session2",-2.05797998520893,31.5646445050705,1.9812689924444,0.000143961394051681,0.238337163681918,0.372274345010363,0.416392676853225,13,2,40,0.166538671200727,-0.137638258258557,28,2.34407398492973,0,-9.35642,3617,0.6,0,15,"both",0.166538671200727,-0.137638258258557
"1097","session2",-2.05797998520893,31.5646445050705,1.9812689924444,0.000143961394051681,0.238337163681918,0.372274345010363,0.416392676853225,13,2,40,0.166538671200727,-0.137638258258557,28,2.44944071128589,0,-6.4318,3617,0.6,0,15,"both",0.166538671200727,-0.137638258258557
"1098","session2",-2.05797998520893,31.5646445050705,1.9812689924444,0.000143961394051681,0.238337163681918,0.372274345010363,0.416392676853225,13,2,40,0.166538671200727,-0.137638258258557,28,2.05683652542272,1,-1.06880381733,3617,0.6,0,15,"both",0.166538671200727,-0.137638258258557
"1099","session2",-2.05797998520893,31.5646445050705,1.9812689924444,0.000143961394051681,0.238337163681918,0.372274345010363,0.416392676853225,13,2,40,0.166538671200727,-0.137638258258557,28,2.83315075738339,0,-24.85521,3617,0.6,0,15,"both",0.166538671200727,-0.137638258258557
"1100","session2",-2.05797998520893,31.5646445050705,1.9812689924444,0.000143961394051681,0.238337163681918,0.372274345010363,0.416392676853225,13,2,40,0.166538671200727,-0.137638258258557,28,1.54647221142294,1,4.246,3617,0.6,0,15,"both",0.166538671200727,-0.137638258258557
"1101","session2",-2.05797998520893,31.5646445050705,1.9812689924444,0.000143961394051681,0.238337163681918,0.372274345010363,0.416392676853225,13,2,40,0.166538671200727,-0.137638258258557,28,1.92573833585126,1,1.76599,3617,0.6,0,15,"both",0.166538671200727,-0.137638258258557
"1102","session2",-2.05797998520893,31.5646445050705,1.9812689924444,0.000143961394051681,0.238337163681918,0.372274345010363,0.416392676853225,13,2,40,0.166538671200727,-0.137638258258557,28,1.56884093866133,1,4.05372,3617,0.6,0,15,"both",0.166538671200727,-0.137638258258557
"1103","session2",-2.05797998520893,31.5646445050705,1.9812689924444,0.000143961394051681,0.238337163681918,0.372274345010363,0.416392676853225,13,2,40,0.166538671200727,-0.137638258258557,28,2.530185510802,0,-18.87186,3617,0.6,0,15,"both",0.166538671200727,-0.137638258258557
"1104","session2",-2.05797998520893,31.5646445050705,1.9812689924444,0.000143961394051681,0.238337163681918,0.372274345010363,0.416392676853225,13,2,40,0.166538671200727,-0.137638258258557,28,2.36742817289287,1,-2.725483,3617,0.6,0,15,"both",0.166538671200727,-0.137638258258557
"1105","session2",-2.05797998520893,31.5646445050705,1.9812689924444,0.000143961394051681,0.238337163681918,0.372274345010363,0.416392676853225,13,2,40,0.166538671200727,-0.137638258258557,28,4.04984393106545,0,-5.64739,3617,0.6,0,15,"both",0.166538671200727,-0.137638258258557
"1106","session2",-2.05797998520893,31.5646445050705,1.9812689924444,0.000143961394051681,0.238337163681918,0.372274345010363,0.416392676853225,13,2,40,0.166538671200727,-0.137638258258557,28,2.57572236076604,0,-12.37571,3617,0.6,0,15,"both",0.166538671200727,-0.137638258258557
"1107","session2",-2.05797998520893,31.5646445050705,1.9812689924444,0.000143961394051681,0.238337163681918,0.372274345010363,0.416392676853225,13,2,40,0.166538671200727,-0.137638258258557,28,2.44288268139674,0,0.82891,3617,0.6,0,15,"both",0.166538671200727,-0.137638258258557
"1108","session2",-2.05797998520893,31.5646445050705,1.9812689924444,0.000143961394051681,0.238337163681918,0.372274345010363,0.416392676853225,13,2,40,0.166538671200727,-0.137638258258557,28,1.76053050065154,0,-21.865217,3617,0.6,0,15,"both",0.166538671200727,-0.137638258258557
"1109","session2",-2.05797998520893,31.5646445050705,1.9812689924444,0.000143961394051681,0.238337163681918,0.372274345010363,0.416392676853225,13,2,40,0.166538671200727,-0.137638258258557,28,3.35120646194058,1,-5.82112,3617,0.6,0,15,"both",0.166538671200727,-0.137638258258557
"1110","session2",-2.05797998520893,31.5646445050705,1.9812689924444,0.000143961394051681,0.238337163681918,0.372274345010363,0.416392676853225,13,2,40,0.166538671200727,-0.137638258258557,28,2.56050273950424,0,8.74727,3617,0.6,0,15,"both",0.166538671200727,-0.137638258258557
"1111","session2",-2.05797998520893,31.5646445050705,1.9812689924444,0.000143961394051681,0.238337163681918,0.372274345010363,0.416392676853225,13,2,40,0.166538671200727,-0.137638258258557,28,2.71393750741408,1,7.0614,3617,0.6,0,15,"both",0.166538671200727,-0.137638258258557
"1112","session2",-2.05797998520893,31.5646445050705,1.9812689924444,0.000143961394051681,0.238337163681918,0.372274345010363,0.416392676853225,13,2,40,0.166538671200727,-0.137638258258557,28,2.49431223849834,1,16.43715,3617,0.6,0,15,"both",0.166538671200727,-0.137638258258557
"1113","session2",-2.05797998520893,31.5646445050705,1.9812689924444,0.000143961394051681,0.238337163681918,0.372274345010363,0.416392676853225,13,2,40,0.166538671200727,-0.137638258258557,28,1.63988850283184,1,9.6085,3617,0.6,0,15,"both",0.166538671200727,-0.137638258258557
"1114","session2",-2.05797998520893,31.5646445050705,1.9812689924444,0.000143961394051681,0.238337163681918,0.372274345010363,0.416392676853225,13,2,40,0.166538671200727,-0.137638258258557,28,2.27260151722272,1,3.28077,3617,0.6,0,15,"both",0.166538671200727,-0.137638258258557
"1115","session2",-2.05797998520893,31.5646445050705,1.9812689924444,0.000143961394051681,0.238337163681918,0.372274345010363,0.416392676853225,13,2,40,0.166538671200727,-0.137638258258557,28,2.42457331907958,1,-41.55811,3617,0.6,0,15,"both",0.166538671200727,-0.137638258258557
"1116","session2",-2.05797998520893,31.5646445050705,1.9812689924444,0.000143961394051681,0.238337163681918,0.372274345010363,0.416392676853225,13,2,40,0.166538671200727,-0.137638258258557,28,1.54734554993187,1,-15.01535,3617,0.6,0,15,"both",0.166538671200727,-0.137638258258557
"1117","session2",-2.05797998520893,31.5646445050705,1.9812689924444,0.000143961394051681,0.238337163681918,0.372274345010363,0.416392676853225,13,2,40,0.166538671200727,-0.137638258258557,28,2.05942993021133,0,2.5619,3617,0.6,0,15,"both",0.166538671200727,-0.137638258258557
"1118","session2",-2.05797998520893,31.5646445050705,1.9812689924444,0.000143961394051681,0.238337163681918,0.372274345010363,0.416392676853225,13,2,40,0.166538671200727,-0.137638258258557,28,2.79290985163886,1,2.97336,3617,0.6,0,15,"both",0.166538671200727,-0.137638258258557
"1119","session2",-2.05797998520893,31.5646445050705,1.9812689924444,0.000143961394051681,0.238337163681918,0.372274345010363,0.416392676853225,13,2,40,0.166538671200727,-0.137638258258557,28,2.2201765667734,0,-29.48121,3617,0.6,0,15,"both",0.166538671200727,-0.137638258258557
"1120","session2",-2.05797998520893,31.5646445050705,1.9812689924444,0.000143961394051681,0.238337163681918,0.372274345010363,0.416392676853225,13,2,40,0.166538671200727,-0.137638258258557,28,2.16211296294023,0,-33.81,3617,0.6,0,15,"both",0.166538671200727,-0.137638258258557
"1121","session2",-31.6220514859081,8.17295206112305,2.6655568512267,0.000181233658881586,0.99368796307364,0.284175645079568,0.132336098148197,14,2,40,0.166538671200727,-0.137638258258557,29,2.37936122395413,1,-8.6236483419,3617,0.6,0,15,"both",0.166538671200727,-0.137638258258557
"1122","session2",-31.6220514859081,8.17295206112305,2.6655568512267,0.000181233658881586,0.99368796307364,0.284175645079568,0.132336098148197,14,2,40,0.166538671200727,-0.137638258258557,29,2.08854706737716,1,-9.1644234688,3617,0.6,0,15,"both",0.166538671200727,-0.137638258258557
"1123","session2",-31.6220514859081,8.17295206112305,2.6655568512267,0.000181233658881586,0.99368796307364,0.284175645079568,0.132336098148197,14,2,40,0.166538671200727,-0.137638258258557,29,2.5276343615147,1,-17.7957081123,3617,0.6,0,15,"both",0.166538671200727,-0.137638258258557
"1124","session2",-31.6220514859081,8.17295206112305,2.6655568512267,0.000181233658881586,0.99368796307364,0.284175645079568,0.132336098148197,14,2,40,0.166538671200727,-0.137638258258557,29,3.88625391957045,1,-21.727325965,3617,0.6,0,15,"both",0.166538671200727,-0.137638258258557
"1125","session2",-31.6220514859081,8.17295206112305,2.6655568512267,0.000181233658881586,0.99368796307364,0.284175645079568,0.132336098148197,14,2,40,0.166538671200727,-0.137638258258557,29,5.99610448432974,1,-28.55353,3617,0.6,0,15,"both",0.166538671200727,-0.137638258258557
"1126","session2",-31.6220514859081,8.17295206112305,2.6655568512267,0.000181233658881586,0.99368796307364,0.284175645079568,0.132336098148197,14,2,40,0.166538671200727,-0.137638258258557,29,5.87857313607784,0,-34.44831989,3617,0.6,0,15,"both",0.166538671200727,-0.137638258258557
"1127","session2",-31.6220514859081,8.17295206112305,2.6655568512267,0.000181233658881586,0.99368796307364,0.284175645079568,0.132336098148197,14,2,40,0.166538671200727,-0.137638258258557,29,4.9988706140047,0,-26.97823,3617,0.6,0,15,"both",0.166538671200727,-0.137638258258557
"1128","session2",-31.6220514859081,8.17295206112305,2.6655568512267,0.000181233658881586,0.99368796307364,0.284175645079568,0.132336098148197,14,2,40,0.166538671200727,-0.137638258258557,29,3.65520793248855,1,10.4016,3617,0.6,0,15,"both",0.166538671200727,-0.137638258258557
"1129","session2",-31.6220514859081,8.17295206112305,2.6655568512267,0.000181233658881586,0.99368796307364,0.284175645079568,0.132336098148197,14,2,40,0.166538671200727,-0.137638258258557,29,3.72809656317852,0,-21.82355,3617,0.6,0,15,"both",0.166538671200727,-0.137638258258557
"1130","session2",-31.6220514859081,8.17295206112305,2.6655568512267,0.000181233658881586,0.99368796307364,0.284175645079568,0.132336098148197,14,2,40,0.166538671200727,-0.137638258258557,29,1.78933815956426,1,-16.38738,3617,0.6,0,15,"both",0.166538671200727,-0.137638258258557
"1131","session2",-31.6220514859081,8.17295206112305,2.6655568512267,0.000181233658881586,0.99368796307364,0.284175645079568,0.132336098148197,14,2,40,0.166538671200727,-0.137638258258557,29,3.2710709255807,1,-15.90823,3617,0.6,0,15,"both",0.166538671200727,-0.137638258258557
"1132","session2",-31.6220514859081,8.17295206112305,2.6655568512267,0.000181233658881586,0.99368796307364,0.284175645079568,0.132336098148197,14,2,40,0.166538671200727,-0.137638258258557,29,3.51973188730778,0,-26.96968,3617,0.6,0,15,"both",0.166538671200727,-0.137638258258557
"1133","session2",-31.6220514859081,8.17295206112305,2.6655568512267,0.000181233658881586,0.99368796307364,0.284175645079568,0.132336098148197,14,2,40,0.166538671200727,-0.137638258258557,29,4.25486124257158,1,-28.69643,3617,0.6,0,15,"both",0.166538671200727,-0.137638258258557
"1134","session2",-31.6220514859081,8.17295206112305,2.6655568512267,0.000181233658881586,0.99368796307364,0.284175645079568,0.132336098148197,14,2,40,0.166538671200727,-0.137638258258557,29,3.7933660799869,1,-25.26148,3617,0.6,0,15,"both",0.166538671200727,-0.137638258258557
"1135","session2",-31.6220514859081,8.17295206112305,2.6655568512267,0.000181233658881586,0.99368796307364,0.284175645079568,0.132336098148197,14,2,40,0.166538671200727,-0.137638258258557,29,2.42821507142267,1,-10.4978,3617,0.6,0,15,"both",0.166538671200727,-0.137638258258557
"1136","session2",-31.6220514859081,8.17295206112305,2.6655568512267,0.000181233658881586,0.99368796307364,0.284175645079568,0.132336098148197,14,2,40,0.166538671200727,-0.137638258258557,29,2.65718419960289,1,-23.15855,3617,0.6,0,15,"both",0.166538671200727,-0.137638258258557
"1137","session2",-31.6220514859081,8.17295206112305,2.6655568512267,0.000181233658881586,0.99368796307364,0.284175645079568,0.132336098148197,14,2,40,0.166538671200727,-0.137638258258557,29,6.32989438359929,1,-29.5345,3617,0.6,0,15,"both",0.166538671200727,-0.137638258258557
"1138","session2",-31.6220514859081,8.17295206112305,2.6655568512267,0.000181233658881586,0.99368796307364,0.284175645079568,0.132336098148197,14,2,40,0.166538671200727,-0.137638258258557,29,5.70436883812846,0,-32.09286,3617,0.6,0,15,"both",0.166538671200727,-0.137638258258557
"1139","session2",-31.6220514859081,8.17295206112305,2.6655568512267,0.000181233658881586,0.99368796307364,0.284175645079568,0.132336098148197,14,2,40,0.166538671200727,-0.137638258258557,29,4.08744808241978,0,-37.86439,3617,0.6,0,15,"both",0.166538671200727,-0.137638258258557
"1140","session2",-31.6220514859081,8.17295206112305,2.6655568512267,0.000181233658881586,0.99368796307364,0.284175645079568,0.132336098148197,14,2,40,0.166538671200727,-0.137638258258557,29,2.16412915718167,1,-22.10162,3617,0.6,0,15,"both",0.166538671200727,-0.137638258258557
"1141","session2",-31.6220514859081,8.17295206112305,2.6655568512267,0.000181233658881586,0.99368796307364,0.284175645079568,0.132336098148197,14,2,40,0.166538671200727,-0.137638258258557,29,6.80218249998472,0,-32.40123,3617,0.6,0,15,"both",0.166538671200727,-0.137638258258557
"1142","session2",-31.6220514859081,8.17295206112305,2.6655568512267,0.000181233658881586,0.99368796307364,0.284175645079568,0.132336098148197,14,2,40,0.166538671200727,-0.137638258258557,29,2.34011624949434,0,-42.3558,3617,0.6,0,15,"both",0.166538671200727,-0.137638258258557
"1143","session2",-31.6220514859081,8.17295206112305,2.6655568512267,0.000181233658881586,0.99368796307364,0.284175645079568,0.132336098148197,14,2,40,0.166538671200727,-0.137638258258557,29,6.10803380123798,1,-27.6779165,3617,0.6,0,15,"both",0.166538671200727,-0.137638258258557
"1144","session2",-31.6220514859081,8.17295206112305,2.6655568512267,0.000181233658881586,0.99368796307364,0.284175645079568,0.132336098148197,14,2,40,0.166538671200727,-0.137638258258557,29,3.48477945230261,1,-20.45624,3617,0.6,0,15,"both",0.166538671200727,-0.137638258258557
"1145","session2",-31.6220514859081,8.17295206112305,2.6655568512267,0.000181233658881586,0.99368796307364,0.284175645079568,0.132336098148197,14,2,40,0.166538671200727,-0.137638258258557,29,5.72462619084352,1,-23.10882,3617,0.6,0,15,"both",0.166538671200727,-0.137638258258557
"1146","session2",-31.6220514859081,8.17295206112305,2.6655568512267,0.000181233658881586,0.99368796307364,0.284175645079568,0.132336098148197,14,2,40,0.166538671200727,-0.137638258258557,29,5.09141549288702,0,-32.06839,3617,0.6,0,15,"both",0.166538671200727,-0.137638258258557
"1147","session2",-31.6220514859081,8.17295206112305,2.6655568512267,0.000181233658881586,0.99368796307364,0.284175645079568,0.132336098148197,14,2,40,0.166538671200727,-0.137638258258557,29,4.18190727325813,1,-31.01142,3617,0.6,0,15,"both",0.166538671200727,-0.137638258258557
"1148","session2",-31.6220514859081,8.17295206112305,2.6655568512267,0.000181233658881586,0.99368796307364,0.284175645079568,0.132336098148197,14,2,40,0.166538671200727,-0.137638258258557,29,3.95909484005891,0,-42.49438,3617,0.6,0,15,"both",0.166538671200727,-0.137638258258557
"1149","session2",-31.6220514859081,8.17295206112305,2.6655568512267,0.000181233658881586,0.99368796307364,0.284175645079568,0.132336098148197,14,2,40,0.166538671200727,-0.137638258258557,29,4.81139848699435,1,-34.95726,3617,0.6,0,15,"both",0.166538671200727,-0.137638258258557
"1150","session2",-31.6220514859081,8.17295206112305,2.6655568512267,0.000181233658881586,0.99368796307364,0.284175645079568,0.132336098148197,14,2,40,0.166538671200727,-0.137638258258557,29,3.04893335324201,1,-23.3799,3617,0.6,0,15,"both",0.166538671200727,-0.137638258258557
"1151","session2",-31.6220514859081,8.17295206112305,2.6655568512267,0.000181233658881586,0.99368796307364,0.284175645079568,0.132336098148197,14,2,40,0.166538671200727,-0.137638258258557,29,6.61098436007797,0,-36.18848,3617,0.6,0,15,"both",0.166538671200727,-0.137638258258557
"1152","session2",-31.6220514859081,8.17295206112305,2.6655568512267,0.000181233658881586,0.99368796307364,0.284175645079568,0.132336098148197,14,2,40,0.166538671200727,-0.137638258258557,29,8,1,-19.67391,3617,0.6,0,15,"both",0.166538671200727,-0.137638258258557
"1153","session2",-31.6220514859081,8.17295206112305,2.6655568512267,0.000181233658881586,0.99368796307364,0.284175645079568,0.132336098148197,14,2,40,0.166538671200727,-0.137638258258557,29,4.30356440473765,1,-28.59041,3617,0.6,0,15,"both",0.166538671200727,-0.137638258258557
"1154","session2",-31.6220514859081,8.17295206112305,2.6655568512267,0.000181233658881586,0.99368796307364,0.284175645079568,0.132336098148197,14,2,40,0.166538671200727,-0.137638258258557,29,4.81953189523078,1,-33.55505,3617,0.6,0,15,"both",0.166538671200727,-0.137638258258557
"1155","session2",-31.6220514859081,8.17295206112305,2.6655568512267,0.000181233658881586,0.99368796307364,0.284175645079568,0.132336098148197,14,2,40,0.166538671200727,-0.137638258258557,29,4.50865713182825,1,-32.40132,3617,0.6,0,15,"both",0.166538671200727,-0.137638258258557
"1156","session2",-31.6220514859081,8.17295206112305,2.6655568512267,0.000181233658881586,0.99368796307364,0.284175645079568,0.132336098148197,14,2,40,0.166538671200727,-0.137638258258557,29,3.20216272420816,0,-40.46056,3617,0.6,0,15,"both",0.166538671200727,-0.137638258258557
"1157","session2",-31.6220514859081,8.17295206112305,2.6655568512267,0.000181233658881586,0.99368796307364,0.284175645079568,0.132336098148197,14,2,40,0.166538671200727,-0.137638258258557,29,5.32415277432645,0,-41.3238,3617,0.6,0,15,"both",0.166538671200727,-0.137638258258557
"1158","session2",-31.6220514859081,8.17295206112305,2.6655568512267,0.000181233658881586,0.99368796307364,0.284175645079568,0.132336098148197,14,2,40,0.166538671200727,-0.137638258258557,29,2.07845708259974,1,-21.19224,3617,0.6,0,15,"both",0.166538671200727,-0.137638258258557
"1159","session2",-31.6220514859081,8.17295206112305,2.6655568512267,0.000181233658881586,0.99368796307364,0.284175645079568,0.132336098148197,14,2,40,0.166538671200727,-0.137638258258557,29,4.93855407411331,1,-39.36005,3617,0.6,0,15,"both",0.166538671200727,-0.137638258258557
"1160","session2",-31.6220514859081,8.17295206112305,2.6655568512267,0.000181233658881586,0.99368796307364,0.284175645079568,0.132336098148197,14,2,40,0.166538671200727,-0.137638258258557,29,6.58063046222891,0,-26.96989,3617,0.6,0,15,"both",0.166538671200727,-0.137638258258557
"1161","session2",-25.7033455108174,11.0441894532521,3.29763685081859,0.000212558598420811,0.308204303404511,0.394435581996464,0.347465645365185,15,2,40,0.166538671200727,-0.137638258258557,30,1.95730267034218,1,-7.4592063495,3617,0.6,0,15,"both",0.166538671200727,-0.137638258258557
"1162","session2",-25.7033455108174,11.0441894532521,3.29763685081859,0.000212558598420811,0.308204303404511,0.394435581996464,0.347465645365185,15,2,40,0.166538671200727,-0.137638258258557,30,1.9559304684726,1,-11.49611341249,3617,0.6,0,15,"both",0.166538671200727,-0.137638258258557
"1163","session2",-25.7033455108174,11.0441894532521,3.29763685081859,0.000212558598420811,0.308204303404511,0.394435581996464,0.347465645365185,15,2,40,0.166538671200727,-0.137638258258557,30,2.1497129454777,1,-18.2205143119,3617,0.6,0,15,"both",0.166538671200727,-0.137638258258557
"1164","session2",-25.7033455108174,11.0441894532521,3.29763685081859,0.000212558598420811,0.308204303404511,0.394435581996464,0.347465645365185,15,2,40,0.166538671200727,-0.137638258258557,30,3.31039407272959,1,-25.105554141,3617,0.6,0,15,"both",0.166538671200727,-0.137638258258557
"1165","session2",-25.7033455108174,11.0441894532521,3.29763685081859,0.000212558598420811,0.308204303404511,0.394435581996464,0.347465645365185,15,2,40,0.166538671200727,-0.137638258258557,30,5.84889703873898,0,-25.12697,3617,0.6,0,15,"both",0.166538671200727,-0.137638258258557
"1166","session2",-25.7033455108174,11.0441894532521,3.29763685081859,0.000212558598420811,0.308204303404511,0.394435581996464,0.347465645365185,15,2,40,0.166538671200727,-0.137638258258557,30,1.70917171489481,1,-5.9105,3617,0.6,0,15,"both",0.166538671200727,-0.137638258258557
"1167","session2",-25.7033455108174,11.0441894532521,3.29763685081859,0.000212558598420811,0.308204303404511,0.394435581996464,0.347465645365185,15,2,40,0.166538671200727,-0.137638258258557,30,4.28626339380406,0,-30.63635,3617,0.6,0,15,"both",0.166538671200727,-0.137638258258557
"1168","session2",-25.7033455108174,11.0441894532521,3.29763685081859,0.000212558598420811,0.308204303404511,0.394435581996464,0.347465645365185,15,2,40,0.166538671200727,-0.137638258258557,30,3.14506168569588,1,-23.79303,3617,0.6,0,15,"both",0.166538671200727,-0.137638258258557
"1169","session2",-25.7033455108174,11.0441894532521,3.29763685081859,0.000212558598420811,0.308204303404511,0.394435581996464,0.347465645365185,15,2,40,0.166538671200727,-0.137638258258557,30,2.4748086040471,1,-29.25312,3617,0.6,0,15,"both",0.166538671200727,-0.137638258258557
"1170","session2",-25.7033455108174,11.0441894532521,3.29763685081859,0.000212558598420811,0.308204303404511,0.394435581996464,0.347465645365185,15,2,40,0.166538671200727,-0.137638258258557,30,2.47331556441072,1,3.2777,3617,0.6,0,15,"both",0.166538671200727,-0.137638258258557
"1171","session2",-25.7033455108174,11.0441894532521,3.29763685081859,0.000212558598420811,0.308204303404511,0.394435581996464,0.347465645365185,15,2,40,0.166538671200727,-0.137638258258557,30,1.84646827730418,1,-22.31728,3617,0.6,0,15,"both",0.166538671200727,-0.137638258258557
"1172","session2",-25.7033455108174,11.0441894532521,3.29763685081859,0.000212558598420811,0.308204303404511,0.394435581996464,0.347465645365185,15,2,40,0.166538671200727,-0.137638258258557,30,1.6395341158927,0,-30.68724,3617,0.6,0,15,"both",0.166538671200727,-0.137638258258557
"1173","session2",-25.7033455108174,11.0441894532521,3.29763685081859,0.000212558598420811,0.308204303404511,0.394435581996464,0.347465645365185,15,2,40,0.166538671200727,-0.137638258258557,30,2.35164259108353,0,-15.0895,3617,0.6,0,15,"both",0.166538671200727,-0.137638258258557
"1174","session2",-25.7033455108174,11.0441894532521,3.29763685081859,0.000212558598420811,0.308204303404511,0.394435581996464,0.347465645365185,15,2,40,0.166538671200727,-0.137638258258557,30,1.23320988800232,1,-46.886,3617,0.6,0,15,"both",0.166538671200727,-0.137638258258557
"1175","session2",-25.7033455108174,11.0441894532521,3.29763685081859,0.000212558598420811,0.308204303404511,0.394435581996464,0.347465645365185,15,2,40,0.166538671200727,-0.137638258258557,30,5.34457658543771,0,-26.62047535,3617,0.6,0,15,"both",0.166538671200727,-0.137638258258557
"1176","session2",-25.7033455108174,11.0441894532521,3.29763685081859,0.000212558598420811,0.308204303404511,0.394435581996464,0.347465645365185,15,2,40,0.166538671200727,-0.137638258258557,30,2.0410890663376,1,28.77607,3617,0.6,0,15,"both",0.166538671200727,-0.137638258258557
"1177","session2",-25.7033455108174,11.0441894532521,3.29763685081859,0.000212558598420811,0.308204303404511,0.394435581996464,0.347465645365185,15,2,40,0.166538671200727,-0.137638258258557,30,2.41253169346605,0,-22.731846734,3617,0.6,0,15,"both",0.166538671200727,-0.137638258258557
"1178","session2",-25.7033455108174,11.0441894532521,3.29763685081859,0.000212558598420811,0.308204303404511,0.394435581996464,0.347465645365185,15,2,40,0.166538671200727,-0.137638258258557,30,2.43314553750815,1,-33.5527,3617,0.6,0,15,"both",0.166538671200727,-0.137638258258557
"1179","session2",-25.7033455108174,11.0441894532521,3.29763685081859,0.000212558598420811,0.308204303404511,0.394435581996464,0.347465645365185,15,2,40,0.166538671200727,-0.137638258258557,30,1.60695263741232,1,-17.5101412514,3617,0.6,0,15,"both",0.166538671200727,-0.137638258258557
"1180","session2",-25.7033455108174,11.0441894532521,3.29763685081859,0.000212558598420811,0.308204303404511,0.394435581996464,0.347465645365185,15,2,40,0.166538671200727,-0.137638258258557,30,1.40656387416159,1,15.3832,3617,0.6,0,15,"both",0.166538671200727,-0.137638258258557
"1181","session2",-25.7033455108174,11.0441894532521,3.29763685081859,0.000212558598420811,0.308204303404511,0.394435581996464,0.347465645365185,15,2,40,0.166538671200727,-0.137638258258557,30,3.18546460883165,0,-26.681388968,3617,0.6,0,15,"both",0.166538671200727,-0.137638258258557
"1182","session2",-25.7033455108174,11.0441894532521,3.29763685081859,0.000212558598420811,0.308204303404511,0.394435581996464,0.347465645365185,15,2,40,0.166538671200727,-0.137638258258557,30,1.97365539322006,1,26.4604,3617,0.6,0,15,"both",0.166538671200727,-0.137638258258557
"1183","session2",-25.7033455108174,11.0441894532521,3.29763685081859,0.000212558598420811,0.308204303404511,0.394435581996464,0.347465645365185,15,2,40,0.166538671200727,-0.137638258258557,30,6.05243377848921,0,-24.92629201,3617,0.6,0,15,"both",0.166538671200727,-0.137638258258557
"1184","session2",-25.7033455108174,11.0441894532521,3.29763685081859,0.000212558598420811,0.308204303404511,0.394435581996464,0.347465645365185,15,2,40,0.166538671200727,-0.137638258258557,30,4.27018598509778,0,-24.93733663,3617,0.6,0,15,"both",0.166538671200727,-0.137638258258557
"1185","session2",-25.7033455108174,11.0441894532521,3.29763685081859,0.000212558598420811,0.308204303404511,0.394435581996464,0.347465645365185,15,2,40,0.166538671200727,-0.137638258258557,30,3.05344951149443,1,-4.0402,3617,0.6,0,15,"both",0.166538671200727,-0.137638258258557
"1186","session2",-25.7033455108174,11.0441894532521,3.29763685081859,0.000212558598420811,0.308204303404511,0.394435581996464,0.347465645365185,15,2,40,0.166538671200727,-0.137638258258557,30,3.4929663328908,1,20.4058,3617,0.6,0,15,"both",0.166538671200727,-0.137638258258557
"1187","session2",-25.7033455108174,11.0441894532521,3.29763685081859,0.000212558598420811,0.308204303404511,0.394435581996464,0.347465645365185,15,2,40,0.166538671200727,-0.137638258258557,30,2.22912309706676,0,-23.62218683,3617,0.6,0,15,"both",0.166538671200727,-0.137638258258557
"1188","session2",-25.7033455108174,11.0441894532521,3.29763685081859,0.000212558598420811,0.308204303404511,0.394435581996464,0.347465645365185,15,2,40,0.166538671200727,-0.137638258258557,30,3.76786042022728,0,-37.9449,3617,0.6,0,15,"both",0.166538671200727,-0.137638258258557
"1189","session2",-25.7033455108174,11.0441894532521,3.29763685081859,0.000212558598420811,0.308204303404511,0.394435581996464,0.347465645365185,15,2,40,0.166538671200727,-0.137638258258557,30,2.47263467115603,1,-3.6851,3617,0.6,0,15,"both",0.166538671200727,-0.137638258258557
"1190","session2",-25.7033455108174,11.0441894532521,3.29763685081859,0.000212558598420811,0.308204303404511,0.394435581996464,0.347465645365185,15,2,40,0.166538671200727,-0.137638258258557,30,3.00066026013337,0,-39.6104,3617,0.6,0,15,"both",0.166538671200727,-0.137638258258557
"1191","session2",-25.7033455108174,11.0441894532521,3.29763685081859,0.000212558598420811,0.308204303404511,0.394435581996464,0.347465645365185,15,2,40,0.166538671200727,-0.137638258258557,30,1.85362133539387,1,-25.11234,3617,0.6,0,15,"both",0.166538671200727,-0.137638258258557
"1192","session2",-25.7033455108174,11.0441894532521,3.29763685081859,0.000212558598420811,0.308204303404511,0.394435581996464,0.347465645365185,15,2,40,0.166538671200727,-0.137638258258557,30,2.3621778697698,1,-13.25494,3617,0.6,0,15,"both",0.166538671200727,-0.137638258258557
"1193","session2",-25.7033455108174,11.0441894532521,3.29763685081859,0.000212558598420811,0.308204303404511,0.394435581996464,0.347465645365185,15,2,40,0.166538671200727,-0.137638258258557,30,3.34038712109376,0,-35.17789,3617,0.6,0,15,"both",0.166538671200727,-0.137638258258557
"1194","session2",-25.7033455108174,11.0441894532521,3.29763685081859,0.000212558598420811,0.308204303404511,0.394435581996464,0.347465645365185,15,2,40,0.166538671200727,-0.137638258258557,30,4.71220771740546,1,-22.17522,3617,0.6,0,15,"both",0.166538671200727,-0.137638258258557
"1195","session2",-25.7033455108174,11.0441894532521,3.29763685081859,0.000212558598420811,0.308204303404511,0.394435581996464,0.347465645365185,15,2,40,0.166538671200727,-0.137638258258557,30,1.52078480451722,0,-37.8994,3617,0.6,0,15,"both",0.166538671200727,-0.137638258258557
"1196","session2",-25.7033455108174,11.0441894532521,3.29763685081859,0.000212558598420811,0.308204303404511,0.394435581996464,0.347465645365185,15,2,40,0.166538671200727,-0.137638258258557,30,1.33333645892399,0,-44.6391,3617,0.6,0,15,"both",0.166538671200727,-0.137638258258557
"1197","session2",-25.7033455108174,11.0441894532521,3.29763685081859,0.000212558598420811,0.308204303404511,0.394435581996464,0.347465645365185,15,2,40,0.166538671200727,-0.137638258258557,30,2.92675757164386,1,-22.09808,3617,0.6,0,15,"both",0.166538671200727,-0.137638258258557
"1198","session2",-25.7033455108174,11.0441894532521,3.29763685081859,0.000212558598420811,0.308204303404511,0.394435581996464,0.347465645365185,15,2,40,0.166538671200727,-0.137638258258557,30,2.05977325887632,1,-21.77969,3617,0.6,0,15,"both",0.166538671200727,-0.137638258258557
"1199","session2",-25.7033455108174,11.0441894532521,3.29763685081859,0.000212558598420811,0.308204303404511,0.394435581996464,0.347465645365185,15,2,40,0.166538671200727,-0.137638258258557,30,1.75980040934232,1,-17.0025,3617,0.6,0,15,"both",0.166538671200727,-0.137638258258557
"1200","session2",-25.7033455108174,11.0441894532521,3.29763685081859,0.000212558598420811,0.308204303404511,0.394435581996464,0.347465645365185,15,2,40,0.166538671200727,-0.137638258258557,30,3.48371058690906,0,-30.87412,3617,0.6,0,15,"both",0.166538671200727,-0.137638258258557
