"","session","alpha","beta","betart","lapse","intercept","sigma","ndt","participant_id","sessions","trials","alpha_obs_power","beta_obs_power","n","rts","resp","X","iter","real_effectsize_alpha","real_effectsize_beta","subjects","parameter","observed_effectsize_alpha","observed_effectsize_beta"
"1","session1",-2.45276977897242,9.35469031449736,2.62084198853323,0.00194043815820701,0.0279857401133523,0.425145486255824,0.501306325028112,1,1,100,0.128923194576792,-0.0838759804360953,1,1.8172381069405,0,9.7313210153,256,0.2,0.2,20,"both",0.128923194576792,-0.0838759804360953
"2","session1",-2.45276977897242,9.35469031449736,2.62084198853323,0.00194043815820701,0.0279857401133523,0.425145486255824,0.501306325028112,1,1,100,0.128923194576792,-0.0838759804360953,1,2.13484661563498,1,11.5482742152,256,0.2,0.2,20,"both",0.128923194576792,-0.0838759804360953
"3","session1",-2.45276977897242,9.35469031449736,2.62084198853323,0.00194043815820701,0.0279857401133523,0.425145486255824,0.501306325028112,1,1,100,0.128923194576792,-0.0838759804360953,1,2.44090311565723,0,1.73591475781,256,0.2,0.2,20,"both",0.128923194576792,-0.0838759804360953
"4","session1",-2.45276977897242,9.35469031449736,2.62084198853323,0.00194043815820701,0.0279857401133523,0.425145486255824,0.501306325028112,1,1,100,0.128923194576792,-0.0838759804360953,1,2.56690837975418,1,8.74375699263,256,0.2,0.2,20,"both",0.128923194576792,-0.0838759804360953
"5","session1",-2.45276977897242,9.35469031449736,2.62084198853323,0.00194043815820701,0.0279857401133523,0.425145486255824,0.501306325028112,1,1,100,0.128923194576792,-0.0838759804360953,1,1.57970565909205,0,-22.84773,256,0.2,0.2,20,"both",0.128923194576792,-0.0838759804360953
"6","session1",-2.45276977897242,9.35469031449736,2.62084198853323,0.00194043815820701,0.0279857401133523,0.425145486255824,0.501306325028112,1,1,100,0.128923194576792,-0.0838759804360953,1,3.33476487296809,0,-44.23153,256,0.2,0.2,20,"both",0.128923194576792,-0.0838759804360953
"7","session1",-2.45276977897242,9.35469031449736,2.62084198853323,0.00194043815820701,0.0279857401133523,0.425145486255824,0.501306325028112,1,1,100,0.128923194576792,-0.0838759804360953,1,1.24921685237484,1,7.7004,256,0.2,0.2,20,"both",0.128923194576792,-0.0838759804360953
"8","session1",-2.45276977897242,9.35469031449736,2.62084198853323,0.00194043815820701,0.0279857401133523,0.425145486255824,0.501306325028112,1,1,100,0.128923194576792,-0.0838759804360953,1,1.16841072906896,1,4.5199320889,256,0.2,0.2,20,"both",0.128923194576792,-0.0838759804360953
"9","session1",-2.45276977897242,9.35469031449736,2.62084198853323,0.00194043815820701,0.0279857401133523,0.425145486255824,0.501306325028112,1,1,100,0.128923194576792,-0.0838759804360953,1,1.41540647324032,0,-33.39295,256,0.2,0.2,20,"both",0.128923194576792,-0.0838759804360953
"10","session1",-2.45276977897242,9.35469031449736,2.62084198853323,0.00194043815820701,0.0279857401133523,0.425145486255824,0.501306325028112,1,1,100,0.128923194576792,-0.0838759804360953,1,3.93426248898601,1,0.73703,256,0.2,0.2,20,"both",0.128923194576792,-0.0838759804360953
"11","session1",-2.45276977897242,9.35469031449736,2.62084198853323,0.00194043815820701,0.0279857401133523,0.425145486255824,0.501306325028112,1,1,100,0.128923194576792,-0.0838759804360953,1,1.58449581981506,1,-4.72256,256,0.2,0.2,20,"both",0.128923194576792,-0.0838759804360953
"12","session1",-2.45276977897242,9.35469031449736,2.62084198853323,0.00194043815820701,0.0279857401133523,0.425145486255824,0.501306325028112,1,1,100,0.128923194576792,-0.0838759804360953,1,2.80272017956525,0,-12.82762,256,0.2,0.2,20,"both",0.128923194576792,-0.0838759804360953
"13","session1",-2.45276977897242,9.35469031449736,2.62084198853323,0.00194043815820701,0.0279857401133523,0.425145486255824,0.501306325028112,1,1,100,0.128923194576792,-0.0838759804360953,1,1.71619176396873,0,-21.24501,256,0.2,0.2,20,"both",0.128923194576792,-0.0838759804360953
"14","session1",-2.45276977897242,9.35469031449736,2.62084198853323,0.00194043815820701,0.0279857401133523,0.425145486255824,0.501306325028112,1,1,100,0.128923194576792,-0.0838759804360953,1,2.84899090938768,0,-16.23768,256,0.2,0.2,20,"both",0.128923194576792,-0.0838759804360953
"15","session1",-2.45276977897242,9.35469031449736,2.62084198853323,0.00194043815820701,0.0279857401133523,0.425145486255824,0.501306325028112,1,1,100,0.128923194576792,-0.0838759804360953,1,3.10852458322339,0,-1.8853294384,256,0.2,0.2,20,"both",0.128923194576792,-0.0838759804360953
"16","session1",-2.45276977897242,9.35469031449736,2.62084198853323,0.00194043815820701,0.0279857401133523,0.425145486255824,0.501306325028112,1,1,100,0.128923194576792,-0.0838759804360953,1,1.63603142022894,0,3.54274,256,0.2,0.2,20,"both",0.128923194576792,-0.0838759804360953
"17","session1",-2.45276977897242,9.35469031449736,2.62084198853323,0.00194043815820701,0.0279857401133523,0.425145486255824,0.501306325028112,1,1,100,0.128923194576792,-0.0838759804360953,1,1.28883622437949,1,19.4986,256,0.2,0.2,20,"both",0.128923194576792,-0.0838759804360953
"18","session1",-2.45276977897242,9.35469031449736,2.62084198853323,0.00194043815820701,0.0279857401133523,0.425145486255824,0.501306325028112,1,1,100,0.128923194576792,-0.0838759804360953,1,1.58775193873803,1,3.09293,256,0.2,0.2,20,"both",0.128923194576792,-0.0838759804360953
"19","session1",-2.45276977897242,9.35469031449736,2.62084198853323,0.00194043815820701,0.0279857401133523,0.425145486255824,0.501306325028112,1,1,100,0.128923194576792,-0.0838759804360953,1,1.17296024770184,1,12.29355,256,0.2,0.2,20,"both",0.128923194576792,-0.0838759804360953
"20","session1",-2.45276977897242,9.35469031449736,2.62084198853323,0.00194043815820701,0.0279857401133523,0.425145486255824,0.501306325028112,1,1,100,0.128923194576792,-0.0838759804360953,1,2.51989404643333,1,-0.84402142258,256,0.2,0.2,20,"both",0.128923194576792,-0.0838759804360953
"21","session1",-2.45276977897242,9.35469031449736,2.62084198853323,0.00194043815820701,0.0279857401133523,0.425145486255824,0.501306325028112,1,1,100,0.128923194576792,-0.0838759804360953,1,1.19157980287119,1,15.04201,256,0.2,0.2,20,"both",0.128923194576792,-0.0838759804360953
"22","session1",-2.45276977897242,9.35469031449736,2.62084198853323,0.00194043815820701,0.0279857401133523,0.425145486255824,0.501306325028112,1,1,100,0.128923194576792,-0.0838759804360953,1,4.60693007742942,1,7.086498,256,0.2,0.2,20,"both",0.128923194576792,-0.0838759804360953
"23","session1",-2.45276977897242,9.35469031449736,2.62084198853323,0.00194043815820701,0.0279857401133523,0.425145486255824,0.501306325028112,1,1,100,0.128923194576792,-0.0838759804360953,1,1.98826185266339,0,-35.403199,256,0.2,0.2,20,"both",0.128923194576792,-0.0838759804360953
"24","session1",-2.45276977897242,9.35469031449736,2.62084198853323,0.00194043815820701,0.0279857401133523,0.425145486255824,0.501306325028112,1,1,100,0.128923194576792,-0.0838759804360953,1,1.54076198292691,1,3.54784,256,0.2,0.2,20,"both",0.128923194576792,-0.0838759804360953
"25","session1",-2.45276977897242,9.35469031449736,2.62084198853323,0.00194043815820701,0.0279857401133523,0.425145486255824,0.501306325028112,1,1,100,0.128923194576792,-0.0838759804360953,1,1.78734291830496,0,-20.685154,256,0.2,0.2,20,"both",0.128923194576792,-0.0838759804360953
"26","session1",-2.45276977897242,9.35469031449736,2.62084198853323,0.00194043815820701,0.0279857401133523,0.425145486255824,0.501306325028112,1,1,100,0.128923194576792,-0.0838759804360953,1,1.47615265691159,0,-21.69203,256,0.2,0.2,20,"both",0.128923194576792,-0.0838759804360953
"27","session1",-2.45276977897242,9.35469031449736,2.62084198853323,0.00194043815820701,0.0279857401133523,0.425145486255824,0.501306325028112,1,1,100,0.128923194576792,-0.0838759804360953,1,2.46336038880189,0,-14.26021,256,0.2,0.2,20,"both",0.128923194576792,-0.0838759804360953
"28","session1",-2.45276977897242,9.35469031449736,2.62084198853323,0.00194043815820701,0.0279857401133523,0.425145486255824,0.501306325028112,1,1,100,0.128923194576792,-0.0838759804360953,1,1.36613583729671,0,-4.230277,256,0.2,0.2,20,"both",0.128923194576792,-0.0838759804360953
"29","session1",-2.45276977897242,9.35469031449736,2.62084198853323,0.00194043815820701,0.0279857401133523,0.425145486255824,0.501306325028112,1,1,100,0.128923194576792,-0.0838759804360953,1,1.46938123075119,1,8.94814,256,0.2,0.2,20,"both",0.128923194576792,-0.0838759804360953
"30","session1",-2.45276977897242,9.35469031449736,2.62084198853323,0.00194043815820701,0.0279857401133523,0.425145486255824,0.501306325028112,1,1,100,0.128923194576792,-0.0838759804360953,1,2.01777915273101,0,-4.319366,256,0.2,0.2,20,"both",0.128923194576792,-0.0838759804360953
"31","session1",-2.45276977897242,9.35469031449736,2.62084198853323,0.00194043815820701,0.0279857401133523,0.425145486255824,0.501306325028112,1,1,100,0.128923194576792,-0.0838759804360953,1,2.55129941323801,1,13.56394,256,0.2,0.2,20,"both",0.128923194576792,-0.0838759804360953
"32","session1",-2.45276977897242,9.35469031449736,2.62084198853323,0.00194043815820701,0.0279857401133523,0.425145486255824,0.501306325028112,1,1,100,0.128923194576792,-0.0838759804360953,1,1.16309755741942,1,22.617083,256,0.2,0.2,20,"both",0.128923194576792,-0.0838759804360953
"33","session1",-2.45276977897242,9.35469031449736,2.62084198853323,0.00194043815820701,0.0279857401133523,0.425145486255824,0.501306325028112,1,1,100,0.128923194576792,-0.0838759804360953,1,4.20854809782387,0,-5.926787,256,0.2,0.2,20,"both",0.128923194576792,-0.0838759804360953
"34","session1",-2.45276977897242,9.35469031449736,2.62084198853323,0.00194043815820701,0.0279857401133523,0.425145486255824,0.501306325028112,1,1,100,0.128923194576792,-0.0838759804360953,1,2.64834693167823,1,-8.24777,256,0.2,0.2,20,"both",0.128923194576792,-0.0838759804360953
"35","session1",-2.45276977897242,9.35469031449736,2.62084198853323,0.00194043815820701,0.0279857401133523,0.425145486255824,0.501306325028112,1,1,100,0.128923194576792,-0.0838759804360953,1,3.27997159676133,0,-14.55119,256,0.2,0.2,20,"both",0.128923194576792,-0.0838759804360953
"36","session1",-2.45276977897242,9.35469031449736,2.62084198853323,0.00194043815820701,0.0279857401133523,0.425145486255824,0.501306325028112,1,1,100,0.128923194576792,-0.0838759804360953,1,1.51405056262525,0,-12.85743,256,0.2,0.2,20,"both",0.128923194576792,-0.0838759804360953
"37","session1",-2.45276977897242,9.35469031449736,2.62084198853323,0.00194043815820701,0.0279857401133523,0.425145486255824,0.501306325028112,1,1,100,0.128923194576792,-0.0838759804360953,1,1.36815827755221,1,11.22882,256,0.2,0.2,20,"both",0.128923194576792,-0.0838759804360953
"38","session1",-2.45276977897242,9.35469031449736,2.62084198853323,0.00194043815820701,0.0279857401133523,0.425145486255824,0.501306325028112,1,1,100,0.128923194576792,-0.0838759804360953,1,2.88126053157437,0,-3.743585,256,0.2,0.2,20,"both",0.128923194576792,-0.0838759804360953
"39","session1",-2.45276977897242,9.35469031449736,2.62084198853323,0.00194043815820701,0.0279857401133523,0.425145486255824,0.501306325028112,1,1,100,0.128923194576792,-0.0838759804360953,1,1.62007821605137,1,8.924306,256,0.2,0.2,20,"both",0.128923194576792,-0.0838759804360953
"40","session1",-2.45276977897242,9.35469031449736,2.62084198853323,0.00194043815820701,0.0279857401133523,0.425145486255824,0.501306325028112,1,1,100,0.128923194576792,-0.0838759804360953,1,3.31509747727427,0,-0.0374400000000001,256,0.2,0.2,20,"both",0.128923194576792,-0.0838759804360953
"41","session1",-2.45276977897242,9.35469031449736,2.62084198853323,0.00194043815820701,0.0279857401133523,0.425145486255824,0.501306325028112,1,1,100,0.128923194576792,-0.0838759804360953,1,1.61064312799236,0,-12.47522,256,0.2,0.2,20,"both",0.128923194576792,-0.0838759804360953
"42","session1",-2.45276977897242,9.35469031449736,2.62084198853323,0.00194043815820701,0.0279857401133523,0.425145486255824,0.501306325028112,1,1,100,0.128923194576792,-0.0838759804360953,1,2.28759547601602,1,7.95647,256,0.2,0.2,20,"both",0.128923194576792,-0.0838759804360953
"43","session1",-2.45276977897242,9.35469031449736,2.62084198853323,0.00194043815820701,0.0279857401133523,0.425145486255824,0.501306325028112,1,1,100,0.128923194576792,-0.0838759804360953,1,2.21245372815877,0,6.28245,256,0.2,0.2,20,"both",0.128923194576792,-0.0838759804360953
"44","session1",-2.45276977897242,9.35469031449736,2.62084198853323,0.00194043815820701,0.0279857401133523,0.425145486255824,0.501306325028112,1,1,100,0.128923194576792,-0.0838759804360953,1,3.29024171119053,0,-10.96676,256,0.2,0.2,20,"both",0.128923194576792,-0.0838759804360953
"45","session1",-2.45276977897242,9.35469031449736,2.62084198853323,0.00194043815820701,0.0279857401133523,0.425145486255824,0.501306325028112,1,1,100,0.128923194576792,-0.0838759804360953,1,3.01932138067416,0,-8.97335,256,0.2,0.2,20,"both",0.128923194576792,-0.0838759804360953
"46","session1",-2.45276977897242,9.35469031449736,2.62084198853323,0.00194043815820701,0.0279857401133523,0.425145486255824,0.501306325028112,1,1,100,0.128923194576792,-0.0838759804360953,1,1.21078568104488,1,17.3054,256,0.2,0.2,20,"both",0.128923194576792,-0.0838759804360953
"47","session1",-2.45276977897242,9.35469031449736,2.62084198853323,0.00194043815820701,0.0279857401133523,0.425145486255824,0.501306325028112,1,1,100,0.128923194576792,-0.0838759804360953,1,1.96463648714565,1,-5.446342,256,0.2,0.2,20,"both",0.128923194576792,-0.0838759804360953
"48","session1",-2.45276977897242,9.35469031449736,2.62084198853323,0.00194043815820701,0.0279857401133523,0.425145486255824,0.501306325028112,1,1,100,0.128923194576792,-0.0838759804360953,1,1.7761634557032,0,-12.65684,256,0.2,0.2,20,"both",0.128923194576792,-0.0838759804360953
"49","session1",-2.45276977897242,9.35469031449736,2.62084198853323,0.00194043815820701,0.0279857401133523,0.425145486255824,0.501306325028112,1,1,100,0.128923194576792,-0.0838759804360953,1,1.83941193032732,1,21.85647,256,0.2,0.2,20,"both",0.128923194576792,-0.0838759804360953
"50","session1",-2.45276977897242,9.35469031449736,2.62084198853323,0.00194043815820701,0.0279857401133523,0.425145486255824,0.501306325028112,1,1,100,0.128923194576792,-0.0838759804360953,1,1.47542733240719,0,-11.632168,256,0.2,0.2,20,"both",0.128923194576792,-0.0838759804360953
"51","session1",-2.45276977897242,9.35469031449736,2.62084198853323,0.00194043815820701,0.0279857401133523,0.425145486255824,0.501306325028112,1,1,100,0.128923194576792,-0.0838759804360953,1,1.95424644471436,1,-3.48689,256,0.2,0.2,20,"both",0.128923194576792,-0.0838759804360953
"52","session1",-2.45276977897242,9.35469031449736,2.62084198853323,0.00194043815820701,0.0279857401133523,0.425145486255824,0.501306325028112,1,1,100,0.128923194576792,-0.0838759804360953,1,1.77696850323233,1,7.162383,256,0.2,0.2,20,"both",0.128923194576792,-0.0838759804360953
"53","session1",-2.45276977897242,9.35469031449736,2.62084198853323,0.00194043815820701,0.0279857401133523,0.425145486255824,0.501306325028112,1,1,100,0.128923194576792,-0.0838759804360953,1,2.40594729732222,1,12.747734,256,0.2,0.2,20,"both",0.128923194576792,-0.0838759804360953
"54","session1",-2.45276977897242,9.35469031449736,2.62084198853323,0.00194043815820701,0.0279857401133523,0.425145486255824,0.501306325028112,1,1,100,0.128923194576792,-0.0838759804360953,1,2.27289920495283,0,-10.408964,256,0.2,0.2,20,"both",0.128923194576792,-0.0838759804360953
"55","session1",-2.45276977897242,9.35469031449736,2.62084198853323,0.00194043815820701,0.0279857401133523,0.425145486255824,0.501306325028112,1,1,100,0.128923194576792,-0.0838759804360953,1,1.94056618573238,0,-16.0919,256,0.2,0.2,20,"both",0.128923194576792,-0.0838759804360953
"56","session1",-2.45276977897242,9.35469031449736,2.62084198853323,0.00194043815820701,0.0279857401133523,0.425145486255824,0.501306325028112,1,1,100,0.128923194576792,-0.0838759804360953,1,1.65965214497102,1,-10.6473,256,0.2,0.2,20,"both",0.128923194576792,-0.0838759804360953
"57","session1",-2.45276977897242,9.35469031449736,2.62084198853323,0.00194043815820701,0.0279857401133523,0.425145486255824,0.501306325028112,1,1,100,0.128923194576792,-0.0838759804360953,1,1.95770632915234,1,8.44922,256,0.2,0.2,20,"both",0.128923194576792,-0.0838759804360953
"58","session1",-2.45276977897242,9.35469031449736,2.62084198853323,0.00194043815820701,0.0279857401133523,0.425145486255824,0.501306325028112,1,1,100,0.128923194576792,-0.0838759804360953,1,2.44934092942104,0,-10.598305,256,0.2,0.2,20,"both",0.128923194576792,-0.0838759804360953
"59","session1",-2.45276977897242,9.35469031449736,2.62084198853323,0.00194043815820701,0.0279857401133523,0.425145486255824,0.501306325028112,1,1,100,0.128923194576792,-0.0838759804360953,1,1.87138244519463,1,5.00052,256,0.2,0.2,20,"both",0.128923194576792,-0.0838759804360953
"60","session1",-2.45276977897242,9.35469031449736,2.62084198853323,0.00194043815820701,0.0279857401133523,0.425145486255824,0.501306325028112,1,1,100,0.128923194576792,-0.0838759804360953,1,1.88806079009462,1,-8.40417,256,0.2,0.2,20,"both",0.128923194576792,-0.0838759804360953
"61","session1",-2.45276977897242,9.35469031449736,2.62084198853323,0.00194043815820701,0.0279857401133523,0.425145486255824,0.501306325028112,1,1,100,0.128923194576792,-0.0838759804360953,1,2.03085636674683,1,3.74481,256,0.2,0.2,20,"both",0.128923194576792,-0.0838759804360953
"62","session1",-2.45276977897242,9.35469031449736,2.62084198853323,0.00194043815820701,0.0279857401133523,0.425145486255824,0.501306325028112,1,1,100,0.128923194576792,-0.0838759804360953,1,2.05730234773073,0,0.656289999999999,256,0.2,0.2,20,"both",0.128923194576792,-0.0838759804360953
"63","session1",-2.45276977897242,9.35469031449736,2.62084198853323,0.00194043815820701,0.0279857401133523,0.425145486255824,0.501306325028112,1,1,100,0.128923194576792,-0.0838759804360953,1,1.61934949381544,1,7.911902,256,0.2,0.2,20,"both",0.128923194576792,-0.0838759804360953
"64","session1",-2.45276977897242,9.35469031449736,2.62084198853323,0.00194043815820701,0.0279857401133523,0.425145486255824,0.501306325028112,1,1,100,0.128923194576792,-0.0838759804360953,1,1.38763703759795,1,6.03926,256,0.2,0.2,20,"both",0.128923194576792,-0.0838759804360953
"65","session1",-2.45276977897242,9.35469031449736,2.62084198853323,0.00194043815820701,0.0279857401133523,0.425145486255824,0.501306325028112,1,1,100,0.128923194576792,-0.0838759804360953,1,1.11206818791852,1,5.24153,256,0.2,0.2,20,"both",0.128923194576792,-0.0838759804360953
"66","session1",-2.45276977897242,9.35469031449736,2.62084198853323,0.00194043815820701,0.0279857401133523,0.425145486255824,0.501306325028112,1,1,100,0.128923194576792,-0.0838759804360953,1,1.61859969459323,1,7.38618,256,0.2,0.2,20,"both",0.128923194576792,-0.0838759804360953
"67","session1",-2.45276977897242,9.35469031449736,2.62084198853323,0.00194043815820701,0.0279857401133523,0.425145486255824,0.501306325028112,1,1,100,0.128923194576792,-0.0838759804360953,1,3.05937137838834,1,3.58613,256,0.2,0.2,20,"both",0.128923194576792,-0.0838759804360953
"68","session1",-2.45276977897242,9.35469031449736,2.62084198853323,0.00194043815820701,0.0279857401133523,0.425145486255824,0.501306325028112,1,1,100,0.128923194576792,-0.0838759804360953,1,3.86805668006654,0,6.96607,256,0.2,0.2,20,"both",0.128923194576792,-0.0838759804360953
"69","session1",-2.45276977897242,9.35469031449736,2.62084198853323,0.00194043815820701,0.0279857401133523,0.425145486255824,0.501306325028112,1,1,100,0.128923194576792,-0.0838759804360953,1,1.1658949261521,0,-15.62078,256,0.2,0.2,20,"both",0.128923194576792,-0.0838759804360953
"70","session1",-2.45276977897242,9.35469031449736,2.62084198853323,0.00194043815820701,0.0279857401133523,0.425145486255824,0.501306325028112,1,1,100,0.128923194576792,-0.0838759804360953,1,4.81020622502567,1,-7.771549,256,0.2,0.2,20,"both",0.128923194576792,-0.0838759804360953
"71","session1",-2.45276977897242,9.35469031449736,2.62084198853323,0.00194043815820701,0.0279857401133523,0.425145486255824,0.501306325028112,1,1,100,0.128923194576792,-0.0838759804360953,1,1.18394392544157,1,8.57048,256,0.2,0.2,20,"both",0.128923194576792,-0.0838759804360953
"72","session1",-2.45276977897242,9.35469031449736,2.62084198853323,0.00194043815820701,0.0279857401133523,0.425145486255824,0.501306325028112,1,1,100,0.128923194576792,-0.0838759804360953,1,2.53038738246549,0,-10.853285,256,0.2,0.2,20,"both",0.128923194576792,-0.0838759804360953
"73","session1",-2.45276977897242,9.35469031449736,2.62084198853323,0.00194043815820701,0.0279857401133523,0.425145486255824,0.501306325028112,1,1,100,0.128923194576792,-0.0838759804360953,1,4.02303066680384,1,7.628692,256,0.2,0.2,20,"both",0.128923194576792,-0.0838759804360953
"74","session1",-2.45276977897242,9.35469031449736,2.62084198853323,0.00194043815820701,0.0279857401133523,0.425145486255824,0.501306325028112,1,1,100,0.128923194576792,-0.0838759804360953,1,1.89566771978201,1,5.72012,256,0.2,0.2,20,"both",0.128923194576792,-0.0838759804360953
"75","session1",-2.45276977897242,9.35469031449736,2.62084198853323,0.00194043815820701,0.0279857401133523,0.425145486255824,0.501306325028112,1,1,100,0.128923194576792,-0.0838759804360953,1,1.69006206345606,1,10.46595,256,0.2,0.2,20,"both",0.128923194576792,-0.0838759804360953
"76","session1",-2.45276977897242,9.35469031449736,2.62084198853323,0.00194043815820701,0.0279857401133523,0.425145486255824,0.501306325028112,1,1,100,0.128923194576792,-0.0838759804360953,1,1.74578523082854,1,10.8321448,256,0.2,0.2,20,"both",0.128923194576792,-0.0838759804360953
"77","session1",-2.45276977897242,9.35469031449736,2.62084198853323,0.00194043815820701,0.0279857401133523,0.425145486255824,0.501306325028112,1,1,100,0.128923194576792,-0.0838759804360953,1,2.3867072978361,1,-9.481698,256,0.2,0.2,20,"both",0.128923194576792,-0.0838759804360953
"78","session1",-2.45276977897242,9.35469031449736,2.62084198853323,0.00194043815820701,0.0279857401133523,0.425145486255824,0.501306325028112,1,1,100,0.128923194576792,-0.0838759804360953,1,2.27251106700831,0,-13.00033,256,0.2,0.2,20,"both",0.128923194576792,-0.0838759804360953
"79","session1",-2.45276977897242,9.35469031449736,2.62084198853323,0.00194043815820701,0.0279857401133523,0.425145486255824,0.501306325028112,1,1,100,0.128923194576792,-0.0838759804360953,1,4.40606282935801,0,7.2566,256,0.2,0.2,20,"both",0.128923194576792,-0.0838759804360953
"80","session1",-2.45276977897242,9.35469031449736,2.62084198853323,0.00194043815820701,0.0279857401133523,0.425145486255824,0.501306325028112,1,1,100,0.128923194576792,-0.0838759804360953,1,2.02747383254859,0,-16.13282,256,0.2,0.2,20,"both",0.128923194576792,-0.0838759804360953
"81","session1",-2.45276977897242,9.35469031449736,2.62084198853323,0.00194043815820701,0.0279857401133523,0.425145486255824,0.501306325028112,1,1,100,0.128923194576792,-0.0838759804360953,1,1.32971651507426,1,14.10835,256,0.2,0.2,20,"both",0.128923194576792,-0.0838759804360953
"82","session1",-2.45276977897242,9.35469031449736,2.62084198853323,0.00194043815820701,0.0279857401133523,0.425145486255824,0.501306325028112,1,1,100,0.128923194576792,-0.0838759804360953,1,1.80920373983895,0,-11.08733,256,0.2,0.2,20,"both",0.128923194576792,-0.0838759804360953
"83","session1",-2.45276977897242,9.35469031449736,2.62084198853323,0.00194043815820701,0.0279857401133523,0.425145486255824,0.501306325028112,1,1,100,0.128923194576792,-0.0838759804360953,1,2.44388272492696,1,4.58913,256,0.2,0.2,20,"both",0.128923194576792,-0.0838759804360953
"84","session1",-2.45276977897242,9.35469031449736,2.62084198853323,0.00194043815820701,0.0279857401133523,0.425145486255824,0.501306325028112,1,1,100,0.128923194576792,-0.0838759804360953,1,1.01495857066532,0,-11.73458,256,0.2,0.2,20,"both",0.128923194576792,-0.0838759804360953
"85","session1",-2.45276977897242,9.35469031449736,2.62084198853323,0.00194043815820701,0.0279857401133523,0.425145486255824,0.501306325028112,1,1,100,0.128923194576792,-0.0838759804360953,1,2.03791709094323,1,-11.13517,256,0.2,0.2,20,"both",0.128923194576792,-0.0838759804360953
"86","session1",-2.45276977897242,9.35469031449736,2.62084198853323,0.00194043815820701,0.0279857401133523,0.425145486255824,0.501306325028112,1,1,100,0.128923194576792,-0.0838759804360953,1,1.53488474304778,1,4.15843,256,0.2,0.2,20,"both",0.128923194576792,-0.0838759804360953
"87","session1",-2.45276977897242,9.35469031449736,2.62084198853323,0.00194043815820701,0.0279857401133523,0.425145486255824,0.501306325028112,1,1,100,0.128923194576792,-0.0838759804360953,1,3.18343164101939,1,9.58441,256,0.2,0.2,20,"both",0.128923194576792,-0.0838759804360953
"88","session1",-2.45276977897242,9.35469031449736,2.62084198853323,0.00194043815820701,0.0279857401133523,0.425145486255824,0.501306325028112,1,1,100,0.128923194576792,-0.0838759804360953,1,3.91841370492298,1,2.77744,256,0.2,0.2,20,"both",0.128923194576792,-0.0838759804360953
"89","session1",-2.45276977897242,9.35469031449736,2.62084198853323,0.00194043815820701,0.0279857401133523,0.425145486255824,0.501306325028112,1,1,100,0.128923194576792,-0.0838759804360953,1,2.20612846958375,0,-15.67301,256,0.2,0.2,20,"both",0.128923194576792,-0.0838759804360953
"90","session1",-2.45276977897242,9.35469031449736,2.62084198853323,0.00194043815820701,0.0279857401133523,0.425145486255824,0.501306325028112,1,1,100,0.128923194576792,-0.0838759804360953,1,2.29318745245003,1,5.02519,256,0.2,0.2,20,"both",0.128923194576792,-0.0838759804360953
"91","session1",-2.45276977897242,9.35469031449736,2.62084198853323,0.00194043815820701,0.0279857401133523,0.425145486255824,0.501306325028112,1,1,100,0.128923194576792,-0.0838759804360953,1,1.68573739596222,1,7.83732,256,0.2,0.2,20,"both",0.128923194576792,-0.0838759804360953
"92","session1",-2.45276977897242,9.35469031449736,2.62084198853323,0.00194043815820701,0.0279857401133523,0.425145486255824,0.501306325028112,1,1,100,0.128923194576792,-0.0838759804360953,1,1.41076645810795,0,-16.06544,256,0.2,0.2,20,"both",0.128923194576792,-0.0838759804360953
"93","session1",-2.45276977897242,9.35469031449736,2.62084198853323,0.00194043815820701,0.0279857401133523,0.425145486255824,0.501306325028112,1,1,100,0.128923194576792,-0.0838759804360953,1,1.69143338365144,0,1.48632,256,0.2,0.2,20,"both",0.128923194576792,-0.0838759804360953
"94","session1",-2.45276977897242,9.35469031449736,2.62084198853323,0.00194043815820701,0.0279857401133523,0.425145486255824,0.501306325028112,1,1,100,0.128923194576792,-0.0838759804360953,1,1.83768795172443,0,-15.22173,256,0.2,0.2,20,"both",0.128923194576792,-0.0838759804360953
"95","session1",-2.45276977897242,9.35469031449736,2.62084198853323,0.00194043815820701,0.0279857401133523,0.425145486255824,0.501306325028112,1,1,100,0.128923194576792,-0.0838759804360953,1,2.29087843007558,0,3.75457,256,0.2,0.2,20,"both",0.128923194576792,-0.0838759804360953
"96","session1",-2.45276977897242,9.35469031449736,2.62084198853323,0.00194043815820701,0.0279857401133523,0.425145486255824,0.501306325028112,1,1,100,0.128923194576792,-0.0838759804360953,1,1.69014519708938,0,-11.72748,256,0.2,0.2,20,"both",0.128923194576792,-0.0838759804360953
"97","session1",-2.45276977897242,9.35469031449736,2.62084198853323,0.00194043815820701,0.0279857401133523,0.425145486255824,0.501306325028112,1,1,100,0.128923194576792,-0.0838759804360953,1,1.9689204508771,1,-11.42352,256,0.2,0.2,20,"both",0.128923194576792,-0.0838759804360953
"98","session1",-2.45276977897242,9.35469031449736,2.62084198853323,0.00194043815820701,0.0279857401133523,0.425145486255824,0.501306325028112,1,1,100,0.128923194576792,-0.0838759804360953,1,2.41008379400788,1,6.31841,256,0.2,0.2,20,"both",0.128923194576792,-0.0838759804360953
"99","session1",-2.45276977897242,9.35469031449736,2.62084198853323,0.00194043815820701,0.0279857401133523,0.425145486255824,0.501306325028112,1,1,100,0.128923194576792,-0.0838759804360953,1,2.76624701645032,1,6.75754,256,0.2,0.2,20,"both",0.128923194576792,-0.0838759804360953
"100","session1",-2.45276977897242,9.35469031449736,2.62084198853323,0.00194043815820701,0.0279857401133523,0.425145486255824,0.501306325028112,1,1,100,0.128923194576792,-0.0838759804360953,1,2.79054448403362,1,5.67232,256,0.2,0.2,20,"both",0.128923194576792,-0.0838759804360953
"101","session1",5.15568891142962,11.0782381353968,1.90217724046108,0.000209584084749284,0.685111667654253,0.394114997204611,0.152118882063282,2,1,100,0.128923194576792,-0.0838759804360953,2,3.2842295262697,1,8.5271562894,256,0.2,0.2,20,"both",0.128923194576792,-0.0838759804360953
"102","session1",5.15568891142962,11.0782381353968,1.90217724046108,0.000209584084749284,0.685111667654253,0.394114997204611,0.152118882063282,2,1,100,0.128923194576792,-0.0838759804360953,2,2.16761043528501,0,-7.5988743253,256,0.2,0.2,20,"both",0.128923194576792,-0.0838759804360953
"103","session1",5.15568891142962,11.0782381353968,1.90217724046108,0.000209584084749284,0.685111667654253,0.394114997204611,0.152118882063282,2,1,100,0.128923194576792,-0.0838759804360953,2,3.88412841633273,0,-1.85326846308,256,0.2,0.2,20,"both",0.128923194576792,-0.0838759804360953
"104","session1",5.15568891142962,11.0782381353968,1.90217724046108,0.000209584084749284,0.685111667654253,0.394114997204611,0.152118882063282,2,1,100,0.128923194576792,-0.0838759804360953,2,2.22206768326327,1,3.96774946842,256,0.2,0.2,20,"both",0.128923194576792,-0.0838759804360953
"105","session1",5.15568891142962,11.0782381353968,1.90217724046108,0.000209584084749284,0.685111667654253,0.394114997204611,0.152118882063282,2,1,100,0.128923194576792,-0.0838759804360953,2,5.5330378242968,0,2.0093,256,0.2,0.2,20,"both",0.128923194576792,-0.0838759804360953
"106","session1",5.15568891142962,11.0782381353968,1.90217724046108,0.000209584084749284,0.685111667654253,0.394114997204611,0.152118882063282,2,1,100,0.128923194576792,-0.0838759804360953,2,1.72829729614194,0,-7.6412415,256,0.2,0.2,20,"both",0.128923194576792,-0.0838759804360953
"107","session1",5.15568891142962,11.0782381353968,1.90217724046108,0.000209584084749284,0.685111667654253,0.394114997204611,0.152118882063282,2,1,100,0.128923194576792,-0.0838759804360953,2,1.32496523528841,1,14.57352,256,0.2,0.2,20,"both",0.128923194576792,-0.0838759804360953
"108","session1",5.15568891142962,11.0782381353968,1.90217724046108,0.000209584084749284,0.685111667654253,0.394114997204611,0.152118882063282,2,1,100,0.128923194576792,-0.0838759804360953,2,3.31762424237273,0,0.86105,256,0.2,0.2,20,"both",0.128923194576792,-0.0838759804360953
"109","session1",5.15568891142962,11.0782381353968,1.90217724046108,0.000209584084749284,0.685111667654253,0.394114997204611,0.152118882063282,2,1,100,0.128923194576792,-0.0838759804360953,2,3.12196781914534,1,-4.18757,256,0.2,0.2,20,"both",0.128923194576792,-0.0838759804360953
"110","session1",5.15568891142962,11.0782381353968,1.90217724046108,0.000209584084749284,0.685111667654253,0.394114997204611,0.152118882063282,2,1,100,0.128923194576792,-0.0838759804360953,2,2.94735724258238,0,8.02579,256,0.2,0.2,20,"both",0.128923194576792,-0.0838759804360953
"111","session1",5.15568891142962,11.0782381353968,1.90217724046108,0.000209584084749284,0.685111667654253,0.394114997204611,0.152118882063282,2,1,100,0.128923194576792,-0.0838759804360953,2,3.7075620481052,1,0.6555,256,0.2,0.2,20,"both",0.128923194576792,-0.0838759804360953
"112","session1",5.15568891142962,11.0782381353968,1.90217724046108,0.000209584084749284,0.685111667654253,0.394114997204611,0.152118882063282,2,1,100,0.128923194576792,-0.0838759804360953,2,2.81415717666225,0,2.50466058702,256,0.2,0.2,20,"both",0.128923194576792,-0.0838759804360953
"113","session1",5.15568891142962,11.0782381353968,1.90217724046108,0.000209584084749284,0.685111667654253,0.394114997204611,0.152118882063282,2,1,100,0.128923194576792,-0.0838759804360953,2,2.4831885334542,1,2.55544081232,256,0.2,0.2,20,"both",0.128923194576792,-0.0838759804360953
"114","session1",5.15568891142962,11.0782381353968,1.90217724046108,0.000209584084749284,0.685111667654253,0.394114997204611,0.152118882063282,2,1,100,0.128923194576792,-0.0838759804360953,2,2.91703970393128,0,2.5849309465,256,0.2,0.2,20,"both",0.128923194576792,-0.0838759804360953
"115","session1",5.15568891142962,11.0782381353968,1.90217724046108,0.000209584084749284,0.685111667654253,0.394114997204611,0.152118882063282,2,1,100,0.128923194576792,-0.0838759804360953,2,2.13727636335353,0,1.03709,256,0.2,0.2,20,"both",0.128923194576792,-0.0838759804360953
"116","session1",5.15568891142962,11.0782381353968,1.90217724046108,0.000209584084749284,0.685111667654253,0.394114997204611,0.152118882063282,2,1,100,0.128923194576792,-0.0838759804360953,2,3.15341133708284,1,6.0231778996,256,0.2,0.2,20,"both",0.128923194576792,-0.0838759804360953
"117","session1",5.15568891142962,11.0782381353968,1.90217724046108,0.000209584084749284,0.685111667654253,0.394114997204611,0.152118882063282,2,1,100,0.128923194576792,-0.0838759804360953,2,1.78614289904148,0,-17.94883,256,0.2,0.2,20,"both",0.128923194576792,-0.0838759804360953
"118","session1",5.15568891142962,11.0782381353968,1.90217724046108,0.000209584084749284,0.685111667654253,0.394114997204611,0.152118882063282,2,1,100,0.128923194576792,-0.0838759804360953,2,2.83005815898646,0,-0.9414,256,0.2,0.2,20,"both",0.128923194576792,-0.0838759804360953
"119","session1",5.15568891142962,11.0782381353968,1.90217724046108,0.000209584084749284,0.685111667654253,0.394114997204611,0.152118882063282,2,1,100,0.128923194576792,-0.0838759804360953,2,2.51344933321625,1,31.7482,256,0.2,0.2,20,"both",0.128923194576792,-0.0838759804360953
"120","session1",5.15568891142962,11.0782381353968,1.90217724046108,0.000209584084749284,0.685111667654253,0.394114997204611,0.152118882063282,2,1,100,0.128923194576792,-0.0838759804360953,2,2.79238477621843,0,4.3248530328,256,0.2,0.2,20,"both",0.128923194576792,-0.0838759804360953
"121","session1",5.15568891142962,11.0782381353968,1.90217724046108,0.000209584084749284,0.685111667654253,0.394114997204611,0.152118882063282,2,1,100,0.128923194576792,-0.0838759804360953,2,4.13454234344001,0,-5.5814,256,0.2,0.2,20,"both",0.128923194576792,-0.0838759804360953
"122","session1",5.15568891142962,11.0782381353968,1.90217724046108,0.000209584084749284,0.685111667654253,0.394114997204611,0.152118882063282,2,1,100,0.128923194576792,-0.0838759804360953,2,4.93970899478765,0,3.8488,256,0.2,0.2,20,"both",0.128923194576792,-0.0838759804360953
"123","session1",5.15568891142962,11.0782381353968,1.90217724046108,0.000209584084749284,0.685111667654253,0.394114997204611,0.152118882063282,2,1,100,0.128923194576792,-0.0838759804360953,2,3.14501749835104,1,7.252725,256,0.2,0.2,20,"both",0.128923194576792,-0.0838759804360953
"124","session1",5.15568891142962,11.0782381353968,1.90217724046108,0.000209584084749284,0.685111667654253,0.394114997204611,0.152118882063282,2,1,100,0.128923194576792,-0.0838759804360953,2,2.84298026510949,1,22.24374,256,0.2,0.2,20,"both",0.128923194576792,-0.0838759804360953
"125","session1",5.15568891142962,11.0782381353968,1.90217724046108,0.000209584084749284,0.685111667654253,0.394114997204611,0.152118882063282,2,1,100,0.128923194576792,-0.0838759804360953,2,3.697661337935,1,9.22733,256,0.2,0.2,20,"both",0.128923194576792,-0.0838759804360953
"126","session1",5.15568891142962,11.0782381353968,1.90217724046108,0.000209584084749284,0.685111667654253,0.394114997204611,0.152118882063282,2,1,100,0.128923194576792,-0.0838759804360953,2,4.74424845482136,1,7.81451,256,0.2,0.2,20,"both",0.128923194576792,-0.0838759804360953
"127","session1",5.15568891142962,11.0782381353968,1.90217724046108,0.000209584084749284,0.685111667654253,0.394114997204611,0.152118882063282,2,1,100,0.128923194576792,-0.0838759804360953,2,2.07725944913079,1,-6.00639,256,0.2,0.2,20,"both",0.128923194576792,-0.0838759804360953
"128","session1",5.15568891142962,11.0782381353968,1.90217724046108,0.000209584084749284,0.685111667654253,0.394114997204611,0.152118882063282,2,1,100,0.128923194576792,-0.0838759804360953,2,2.99541073888582,1,19.55912,256,0.2,0.2,20,"both",0.128923194576792,-0.0838759804360953
"129","session1",5.15568891142962,11.0782381353968,1.90217724046108,0.000209584084749284,0.685111667654253,0.394114997204611,0.152118882063282,2,1,100,0.128923194576792,-0.0838759804360953,2,2.69823666620568,0,-10.116085,256,0.2,0.2,20,"both",0.128923194576792,-0.0838759804360953
"130","session1",5.15568891142962,11.0782381353968,1.90217724046108,0.000209584084749284,0.685111667654253,0.394114997204611,0.152118882063282,2,1,100,0.128923194576792,-0.0838759804360953,2,3.00503401823695,0,-3.50813,256,0.2,0.2,20,"both",0.128923194576792,-0.0838759804360953
"131","session1",5.15568891142962,11.0782381353968,1.90217724046108,0.000209584084749284,0.685111667654253,0.394114997204611,0.152118882063282,2,1,100,0.128923194576792,-0.0838759804360953,2,2.03460231732545,0,13.3773,256,0.2,0.2,20,"both",0.128923194576792,-0.0838759804360953
"132","session1",5.15568891142962,11.0782381353968,1.90217724046108,0.000209584084749284,0.685111667654253,0.394114997204611,0.152118882063282,2,1,100,0.128923194576792,-0.0838759804360953,2,3.28175614762163,1,-0.36278,256,0.2,0.2,20,"both",0.128923194576792,-0.0838759804360953
"133","session1",5.15568891142962,11.0782381353968,1.90217724046108,0.000209584084749284,0.685111667654253,0.394114997204611,0.152118882063282,2,1,100,0.128923194576792,-0.0838759804360953,2,1.89922389101275,0,-24.536739,256,0.2,0.2,20,"both",0.128923194576792,-0.0838759804360953
"134","session1",5.15568891142962,11.0782381353968,1.90217724046108,0.000209584084749284,0.685111667654253,0.394114997204611,0.152118882063282,2,1,100,0.128923194576792,-0.0838759804360953,2,2.70982909759831,0,-42.42464,256,0.2,0.2,20,"both",0.128923194576792,-0.0838759804360953
"135","session1",5.15568891142962,11.0782381353968,1.90217724046108,0.000209584084749284,0.685111667654253,0.394114997204611,0.152118882063282,2,1,100,0.128923194576792,-0.0838759804360953,2,1.97499238886349,0,-21.66834,256,0.2,0.2,20,"both",0.128923194576792,-0.0838759804360953
"136","session1",5.15568891142962,11.0782381353968,1.90217724046108,0.000209584084749284,0.685111667654253,0.394114997204611,0.152118882063282,2,1,100,0.128923194576792,-0.0838759804360953,2,2.07598900332024,0,-1.88167,256,0.2,0.2,20,"both",0.128923194576792,-0.0838759804360953
"137","session1",5.15568891142962,11.0782381353968,1.90217724046108,0.000209584084749284,0.685111667654253,0.394114997204611,0.152118882063282,2,1,100,0.128923194576792,-0.0838759804360953,2,5.4542534064735,0,-4.743431,256,0.2,0.2,20,"both",0.128923194576792,-0.0838759804360953
"138","session1",5.15568891142962,11.0782381353968,1.90217724046108,0.000209584084749284,0.685111667654253,0.394114997204611,0.152118882063282,2,1,100,0.128923194576792,-0.0838759804360953,2,2.48421456541953,1,15.68984,256,0.2,0.2,20,"both",0.128923194576792,-0.0838759804360953
"139","session1",5.15568891142962,11.0782381353968,1.90217724046108,0.000209584084749284,0.685111667654253,0.394114997204611,0.152118882063282,2,1,100,0.128923194576792,-0.0838759804360953,2,4.36566769482001,0,-10.43525,256,0.2,0.2,20,"both",0.128923194576792,-0.0838759804360953
"140","session1",5.15568891142962,11.0782381353968,1.90217724046108,0.000209584084749284,0.685111667654253,0.394114997204611,0.152118882063282,2,1,100,0.128923194576792,-0.0838759804360953,2,1.88630402122916,1,33.73859,256,0.2,0.2,20,"both",0.128923194576792,-0.0838759804360953
"141","session1",5.15568891142962,11.0782381353968,1.90217724046108,0.000209584084749284,0.685111667654253,0.394114997204611,0.152118882063282,2,1,100,0.128923194576792,-0.0838759804360953,2,4.35562982199714,0,-2.84177,256,0.2,0.2,20,"both",0.128923194576792,-0.0838759804360953
"142","session1",5.15568891142962,11.0782381353968,1.90217724046108,0.000209584084749284,0.685111667654253,0.394114997204611,0.152118882063282,2,1,100,0.128923194576792,-0.0838759804360953,2,2.43716410725038,0,-2.08405,256,0.2,0.2,20,"both",0.128923194576792,-0.0838759804360953
"143","session1",5.15568891142962,11.0782381353968,1.90217724046108,0.000209584084749284,0.685111667654253,0.394114997204611,0.152118882063282,2,1,100,0.128923194576792,-0.0838759804360953,2,1.99096051798994,1,14.72569,256,0.2,0.2,20,"both",0.128923194576792,-0.0838759804360953
"144","session1",5.15568891142962,11.0782381353968,1.90217724046108,0.000209584084749284,0.685111667654253,0.394114997204611,0.152118882063282,2,1,100,0.128923194576792,-0.0838759804360953,2,3.70686965860276,0,-6.19517,256,0.2,0.2,20,"both",0.128923194576792,-0.0838759804360953
"145","session1",5.15568891142962,11.0782381353968,1.90217724046108,0.000209584084749284,0.685111667654253,0.394114997204611,0.152118882063282,2,1,100,0.128923194576792,-0.0838759804360953,2,4.28299032723793,0,-7.20834,256,0.2,0.2,20,"both",0.128923194576792,-0.0838759804360953
"146","session1",5.15568891142962,11.0782381353968,1.90217724046108,0.000209584084749284,0.685111667654253,0.394114997204611,0.152118882063282,2,1,100,0.128923194576792,-0.0838759804360953,2,3.00964112481954,1,19.26721,256,0.2,0.2,20,"both",0.128923194576792,-0.0838759804360953
"147","session1",5.15568891142962,11.0782381353968,1.90217724046108,0.000209584084749284,0.685111667654253,0.394114997204611,0.152118882063282,2,1,100,0.128923194576792,-0.0838759804360953,2,3.22418797195361,1,-1.29835,256,0.2,0.2,20,"both",0.128923194576792,-0.0838759804360953
"148","session1",5.15568891142962,11.0782381353968,1.90217724046108,0.000209584084749284,0.685111667654253,0.394114997204611,0.152118882063282,2,1,100,0.128923194576792,-0.0838759804360953,2,2.11021566628429,1,11.61911,256,0.2,0.2,20,"both",0.128923194576792,-0.0838759804360953
"149","session1",5.15568891142962,11.0782381353968,1.90217724046108,0.000209584084749284,0.685111667654253,0.394114997204611,0.152118882063282,2,1,100,0.128923194576792,-0.0838759804360953,2,3.86541943725836,0,11.91542,256,0.2,0.2,20,"both",0.128923194576792,-0.0838759804360953
"150","session1",5.15568891142962,11.0782381353968,1.90217724046108,0.000209584084749284,0.685111667654253,0.394114997204611,0.152118882063282,2,1,100,0.128923194576792,-0.0838759804360953,2,3.12896611080436,0,-5.3138,256,0.2,0.2,20,"both",0.128923194576792,-0.0838759804360953
"151","session1",5.15568891142962,11.0782381353968,1.90217724046108,0.000209584084749284,0.685111667654253,0.394114997204611,0.152118882063282,2,1,100,0.128923194576792,-0.0838759804360953,2,3.48735530745078,1,11.72073,256,0.2,0.2,20,"both",0.128923194576792,-0.0838759804360953
"152","session1",5.15568891142962,11.0782381353968,1.90217724046108,0.000209584084749284,0.685111667654253,0.394114997204611,0.152118882063282,2,1,100,0.128923194576792,-0.0838759804360953,2,1.77557587402799,0,-5.53976,256,0.2,0.2,20,"both",0.128923194576792,-0.0838759804360953
"153","session1",5.15568891142962,11.0782381353968,1.90217724046108,0.000209584084749284,0.685111667654253,0.394114997204611,0.152118882063282,2,1,100,0.128923194576792,-0.0838759804360953,2,2.92132056064213,1,13.3732,256,0.2,0.2,20,"both",0.128923194576792,-0.0838759804360953
"154","session1",5.15568891142962,11.0782381353968,1.90217724046108,0.000209584084749284,0.685111667654253,0.394114997204611,0.152118882063282,2,1,100,0.128923194576792,-0.0838759804360953,2,2.05100263160043,0,-3.28235,256,0.2,0.2,20,"both",0.128923194576792,-0.0838759804360953
"155","session1",5.15568891142962,11.0782381353968,1.90217724046108,0.000209584084749284,0.685111667654253,0.394114997204611,0.152118882063282,2,1,100,0.128923194576792,-0.0838759804360953,2,2.55128060002952,0,-0.164210000000001,256,0.2,0.2,20,"both",0.128923194576792,-0.0838759804360953
"156","session1",5.15568891142962,11.0782381353968,1.90217724046108,0.000209584084749284,0.685111667654253,0.394114997204611,0.152118882063282,2,1,100,0.128923194576792,-0.0838759804360953,2,3.13411380548001,1,6.09489,256,0.2,0.2,20,"both",0.128923194576792,-0.0838759804360953
"157","session1",5.15568891142962,11.0782381353968,1.90217724046108,0.000209584084749284,0.685111667654253,0.394114997204611,0.152118882063282,2,1,100,0.128923194576792,-0.0838759804360953,2,4.45030737831521,1,14.29348,256,0.2,0.2,20,"both",0.128923194576792,-0.0838759804360953
"158","session1",5.15568891142962,11.0782381353968,1.90217724046108,0.000209584084749284,0.685111667654253,0.394114997204611,0.152118882063282,2,1,100,0.128923194576792,-0.0838759804360953,2,4.50709772563904,1,11.6644,256,0.2,0.2,20,"both",0.128923194576792,-0.0838759804360953
"159","session1",5.15568891142962,11.0782381353968,1.90217724046108,0.000209584084749284,0.685111667654253,0.394114997204611,0.152118882063282,2,1,100,0.128923194576792,-0.0838759804360953,2,3.60370987399359,0,-6.64549,256,0.2,0.2,20,"both",0.128923194576792,-0.0838759804360953
"160","session1",5.15568891142962,11.0782381353968,1.90217724046108,0.000209584084749284,0.685111667654253,0.394114997204611,0.152118882063282,2,1,100,0.128923194576792,-0.0838759804360953,2,2.08226115423153,1,14.70716,256,0.2,0.2,20,"both",0.128923194576792,-0.0838759804360953
"161","session1",5.15568891142962,11.0782381353968,1.90217724046108,0.000209584084749284,0.685111667654253,0.394114997204611,0.152118882063282,2,1,100,0.128923194576792,-0.0838759804360953,2,2.53451890206211,0,10.49109,256,0.2,0.2,20,"both",0.128923194576792,-0.0838759804360953
"162","session1",5.15568891142962,11.0782381353968,1.90217724046108,0.000209584084749284,0.685111667654253,0.394114997204611,0.152118882063282,2,1,100,0.128923194576792,-0.0838759804360953,2,2.71361029732151,0,-4.21584,256,0.2,0.2,20,"both",0.128923194576792,-0.0838759804360953
"163","session1",5.15568891142962,11.0782381353968,1.90217724046108,0.000209584084749284,0.685111667654253,0.394114997204611,0.152118882063282,2,1,100,0.128923194576792,-0.0838759804360953,2,2.96258839129964,1,-3.48248,256,0.2,0.2,20,"both",0.128923194576792,-0.0838759804360953
"164","session1",5.15568891142962,11.0782381353968,1.90217724046108,0.000209584084749284,0.685111667654253,0.394114997204611,0.152118882063282,2,1,100,0.128923194576792,-0.0838759804360953,2,2.82419018925098,0,-6.7646,256,0.2,0.2,20,"both",0.128923194576792,-0.0838759804360953
"165","session1",5.15568891142962,11.0782381353968,1.90217724046108,0.000209584084749284,0.685111667654253,0.394114997204611,0.152118882063282,2,1,100,0.128923194576792,-0.0838759804360953,2,1.9381591720669,0,7.238041,256,0.2,0.2,20,"both",0.128923194576792,-0.0838759804360953
"166","session1",5.15568891142962,11.0782381353968,1.90217724046108,0.000209584084749284,0.685111667654253,0.394114997204611,0.152118882063282,2,1,100,0.128923194576792,-0.0838759804360953,2,1.85316744253795,0,-6.85303,256,0.2,0.2,20,"both",0.128923194576792,-0.0838759804360953
"167","session1",5.15568891142962,11.0782381353968,1.90217724046108,0.000209584084749284,0.685111667654253,0.394114997204611,0.152118882063282,2,1,100,0.128923194576792,-0.0838759804360953,2,3.24063335466349,1,9.65731,256,0.2,0.2,20,"both",0.128923194576792,-0.0838759804360953
"168","session1",5.15568891142962,11.0782381353968,1.90217724046108,0.000209584084749284,0.685111667654253,0.394114997204611,0.152118882063282,2,1,100,0.128923194576792,-0.0838759804360953,2,1.1273538614339,1,17.34831,256,0.2,0.2,20,"both",0.128923194576792,-0.0838759804360953
"169","session1",5.15568891142962,11.0782381353968,1.90217724046108,0.000209584084749284,0.685111667654253,0.394114997204611,0.152118882063282,2,1,100,0.128923194576792,-0.0838759804360953,2,4.94718095652857,1,11.175043,256,0.2,0.2,20,"both",0.128923194576792,-0.0838759804360953
"170","session1",5.15568891142962,11.0782381353968,1.90217724046108,0.000209584084749284,0.685111667654253,0.394114997204611,0.152118882063282,2,1,100,0.128923194576792,-0.0838759804360953,2,2.45211307239994,1,9.106333,256,0.2,0.2,20,"both",0.128923194576792,-0.0838759804360953
"171","session1",5.15568891142962,11.0782381353968,1.90217724046108,0.000209584084749284,0.685111667654253,0.394114997204611,0.152118882063282,2,1,100,0.128923194576792,-0.0838759804360953,2,2.06757258240426,1,14.49572,256,0.2,0.2,20,"both",0.128923194576792,-0.0838759804360953
"172","session1",5.15568891142962,11.0782381353968,1.90217724046108,0.000209584084749284,0.685111667654253,0.394114997204611,0.152118882063282,2,1,100,0.128923194576792,-0.0838759804360953,2,3.13520667791427,0,-1.47251,256,0.2,0.2,20,"both",0.128923194576792,-0.0838759804360953
"173","session1",5.15568891142962,11.0782381353968,1.90217724046108,0.000209584084749284,0.685111667654253,0.394114997204611,0.152118882063282,2,1,100,0.128923194576792,-0.0838759804360953,2,1.36757935041716,1,20.54198,256,0.2,0.2,20,"both",0.128923194576792,-0.0838759804360953
"174","session1",5.15568891142962,11.0782381353968,1.90217724046108,0.000209584084749284,0.685111667654253,0.394114997204611,0.152118882063282,2,1,100,0.128923194576792,-0.0838759804360953,2,2.32385455469205,0,-4.58743,256,0.2,0.2,20,"both",0.128923194576792,-0.0838759804360953
"175","session1",5.15568891142962,11.0782381353968,1.90217724046108,0.000209584084749284,0.685111667654253,0.394114997204611,0.152118882063282,2,1,100,0.128923194576792,-0.0838759804360953,2,1.77863883468038,1,13.38891,256,0.2,0.2,20,"both",0.128923194576792,-0.0838759804360953
"176","session1",5.15568891142962,11.0782381353968,1.90217724046108,0.000209584084749284,0.685111667654253,0.394114997204611,0.152118882063282,2,1,100,0.128923194576792,-0.0838759804360953,2,2.09117591349791,0,-5.17995,256,0.2,0.2,20,"both",0.128923194576792,-0.0838759804360953
"177","session1",5.15568891142962,11.0782381353968,1.90217724046108,0.000209584084749284,0.685111667654253,0.394114997204611,0.152118882063282,2,1,100,0.128923194576792,-0.0838759804360953,2,1.72786548143096,0,-12.94237,256,0.2,0.2,20,"both",0.128923194576792,-0.0838759804360953
"178","session1",5.15568891142962,11.0782381353968,1.90217724046108,0.000209584084749284,0.685111667654253,0.394114997204611,0.152118882063282,2,1,100,0.128923194576792,-0.0838759804360953,2,2.66385468034679,0,8.31365,256,0.2,0.2,20,"both",0.128923194576792,-0.0838759804360953
"179","session1",5.15568891142962,11.0782381353968,1.90217724046108,0.000209584084749284,0.685111667654253,0.394114997204611,0.152118882063282,2,1,100,0.128923194576792,-0.0838759804360953,2,5.15719932415406,0,13.82006,256,0.2,0.2,20,"both",0.128923194576792,-0.0838759804360953
"180","session1",5.15568891142962,11.0782381353968,1.90217724046108,0.000209584084749284,0.685111667654253,0.394114997204611,0.152118882063282,2,1,100,0.128923194576792,-0.0838759804360953,2,3.51083194828856,0,12.0025,256,0.2,0.2,20,"both",0.128923194576792,-0.0838759804360953
"181","session1",5.15568891142962,11.0782381353968,1.90217724046108,0.000209584084749284,0.685111667654253,0.394114997204611,0.152118882063282,2,1,100,0.128923194576792,-0.0838759804360953,2,1.57839627684378,1,16.13349,256,0.2,0.2,20,"both",0.128923194576792,-0.0838759804360953
"182","session1",5.15568891142962,11.0782381353968,1.90217724046108,0.000209584084749284,0.685111667654253,0.394114997204611,0.152118882063282,2,1,100,0.128923194576792,-0.0838759804360953,2,3.44155978621312,0,-9.52214,256,0.2,0.2,20,"both",0.128923194576792,-0.0838759804360953
"183","session1",5.15568891142962,11.0782381353968,1.90217724046108,0.000209584084749284,0.685111667654253,0.394114997204611,0.152118882063282,2,1,100,0.128923194576792,-0.0838759804360953,2,3.11854324693467,0,13.51652,256,0.2,0.2,20,"both",0.128923194576792,-0.0838759804360953
"184","session1",5.15568891142962,11.0782381353968,1.90217724046108,0.000209584084749284,0.685111667654253,0.394114997204611,0.152118882063282,2,1,100,0.128923194576792,-0.0838759804360953,2,4.70174133393135,1,15.23013,256,0.2,0.2,20,"both",0.128923194576792,-0.0838759804360953
"185","session1",5.15568891142962,11.0782381353968,1.90217724046108,0.000209584084749284,0.685111667654253,0.394114997204611,0.152118882063282,2,1,100,0.128923194576792,-0.0838759804360953,2,1.6755895388957,1,12.94813,256,0.2,0.2,20,"both",0.128923194576792,-0.0838759804360953
"186","session1",5.15568891142962,11.0782381353968,1.90217724046108,0.000209584084749284,0.685111667654253,0.394114997204611,0.152118882063282,2,1,100,0.128923194576792,-0.0838759804360953,2,5.25747942261151,1,17.2055,256,0.2,0.2,20,"both",0.128923194576792,-0.0838759804360953
"187","session1",5.15568891142962,11.0782381353968,1.90217724046108,0.000209584084749284,0.685111667654253,0.394114997204611,0.152118882063282,2,1,100,0.128923194576792,-0.0838759804360953,2,2.37659042481501,1,15.18598,256,0.2,0.2,20,"both",0.128923194576792,-0.0838759804360953
"188","session1",5.15568891142962,11.0782381353968,1.90217724046108,0.000209584084749284,0.685111667654253,0.394114997204611,0.152118882063282,2,1,100,0.128923194576792,-0.0838759804360953,2,3.06124391779787,1,14.46426,256,0.2,0.2,20,"both",0.128923194576792,-0.0838759804360953
"189","session1",5.15568891142962,11.0782381353968,1.90217724046108,0.000209584084749284,0.685111667654253,0.394114997204611,0.152118882063282,2,1,100,0.128923194576792,-0.0838759804360953,2,2.36615933535482,1,18.43257,256,0.2,0.2,20,"both",0.128923194576792,-0.0838759804360953
"190","session1",5.15568891142962,11.0782381353968,1.90217724046108,0.000209584084749284,0.685111667654253,0.394114997204611,0.152118882063282,2,1,100,0.128923194576792,-0.0838759804360953,2,2.10063669009288,1,18.03776,256,0.2,0.2,20,"both",0.128923194576792,-0.0838759804360953
"191","session1",5.15568891142962,11.0782381353968,1.90217724046108,0.000209584084749284,0.685111667654253,0.394114997204611,0.152118882063282,2,1,100,0.128923194576792,-0.0838759804360953,2,2.28509403003755,0,-1.30136,256,0.2,0.2,20,"both",0.128923194576792,-0.0838759804360953
"192","session1",5.15568891142962,11.0782381353968,1.90217724046108,0.000209584084749284,0.685111667654253,0.394114997204611,0.152118882063282,2,1,100,0.128923194576792,-0.0838759804360953,2,2.20520925096896,1,17.9908,256,0.2,0.2,20,"both",0.128923194576792,-0.0838759804360953
"193","session1",5.15568891142962,11.0782381353968,1.90217724046108,0.000209584084749284,0.685111667654253,0.394114997204611,0.152118882063282,2,1,100,0.128923194576792,-0.0838759804360953,2,1.38692292405097,0,-7.60176,256,0.2,0.2,20,"both",0.128923194576792,-0.0838759804360953
"194","session1",5.15568891142962,11.0782381353968,1.90217724046108,0.000209584084749284,0.685111667654253,0.394114997204611,0.152118882063282,2,1,100,0.128923194576792,-0.0838759804360953,2,1.19063983988254,0,12.31657,256,0.2,0.2,20,"both",0.128923194576792,-0.0838759804360953
"195","session1",5.15568891142962,11.0782381353968,1.90217724046108,0.000209584084749284,0.685111667654253,0.394114997204611,0.152118882063282,2,1,100,0.128923194576792,-0.0838759804360953,2,1.92662776202391,0,-3.56897,256,0.2,0.2,20,"both",0.128923194576792,-0.0838759804360953
"196","session1",5.15568891142962,11.0782381353968,1.90217724046108,0.000209584084749284,0.685111667654253,0.394114997204611,0.152118882063282,2,1,100,0.128923194576792,-0.0838759804360953,2,2.49548860832163,0,-6.26026,256,0.2,0.2,20,"both",0.128923194576792,-0.0838759804360953
"197","session1",5.15568891142962,11.0782381353968,1.90217724046108,0.000209584084749284,0.685111667654253,0.394114997204611,0.152118882063282,2,1,100,0.128923194576792,-0.0838759804360953,2,4.01355622596945,1,12.62629,256,0.2,0.2,20,"both",0.128923194576792,-0.0838759804360953
"198","session1",5.15568891142962,11.0782381353968,1.90217724046108,0.000209584084749284,0.685111667654253,0.394114997204611,0.152118882063282,2,1,100,0.128923194576792,-0.0838759804360953,2,1.8743319091385,1,12.38359,256,0.2,0.2,20,"both",0.128923194576792,-0.0838759804360953
"199","session1",5.15568891142962,11.0782381353968,1.90217724046108,0.000209584084749284,0.685111667654253,0.394114997204611,0.152118882063282,2,1,100,0.128923194576792,-0.0838759804360953,2,3.03779508317787,0,-4.38083,256,0.2,0.2,20,"both",0.128923194576792,-0.0838759804360953
"200","session1",5.15568891142962,11.0782381353968,1.90217724046108,0.000209584084749284,0.685111667654253,0.394114997204611,0.152118882063282,2,1,100,0.128923194576792,-0.0838759804360953,2,2.55477609453069,1,-0.3986,256,0.2,0.2,20,"both",0.128923194576792,-0.0838759804360953
"201","session1",-16.5818999087949,14.3443434383034,2.30144668105656,0.000446075011620636,-0.203371661527294,0.420207366083671,0.575828623550519,3,1,100,0.128923194576792,-0.0838759804360953,3,1.89830363619387,1,-9.7060002223,256,0.2,0.2,20,"both",0.128923194576792,-0.0838759804360953
"202","session1",-16.5818999087949,14.3443434383034,2.30144668105656,0.000446075011620636,-0.203371661527294,0.420207366083671,0.575828623550519,3,1,100,0.128923194576792,-0.0838759804360953,3,2.26536300106854,1,-11.367238345,256,0.2,0.2,20,"both",0.128923194576792,-0.0838759804360953
"203","session1",-16.5818999087949,14.3443434383034,2.30144668105656,0.000446075011620636,-0.203371661527294,0.420207366083671,0.575828623550519,3,1,100,0.128923194576792,-0.0838759804360953,3,1.21933710794087,0,-18.5160318466,256,0.2,0.2,20,"both",0.128923194576792,-0.0838759804360953
"204","session1",-16.5818999087949,14.3443434383034,2.30144668105656,0.000446075011620636,-0.203371661527294,0.420207366083671,0.575828623550519,3,1,100,0.128923194576792,-0.0838759804360953,3,3.09084464671676,0,-12.764888144,256,0.2,0.2,20,"both",0.128923194576792,-0.0838759804360953
"205","session1",-16.5818999087949,14.3443434383034,2.30144668105656,0.000446075011620636,-0.203371661527294,0.420207366083671,0.575828623550519,3,1,100,0.128923194576792,-0.0838759804360953,3,1.88361839157151,1,-11.5339928737,256,0.2,0.2,20,"both",0.128923194576792,-0.0838759804360953
"206","session1",-16.5818999087949,14.3443434383034,2.30144668105656,0.000446075011620636,-0.203371661527294,0.420207366083671,0.575828623550519,3,1,100,0.128923194576792,-0.0838759804360953,3,2.8045648030365,1,-7.71801,256,0.2,0.2,20,"both",0.128923194576792,-0.0838759804360953
"207","session1",-16.5818999087949,14.3443434383034,2.30144668105656,0.000446075011620636,-0.203371661527294,0.420207366083671,0.575828623550519,3,1,100,0.128923194576792,-0.0838759804360953,3,1.67683734545804,0,-16.68044,256,0.2,0.2,20,"both",0.128923194576792,-0.0838759804360953
"208","session1",-16.5818999087949,14.3443434383034,2.30144668105656,0.000446075011620636,-0.203371661527294,0.420207366083671,0.575828623550519,3,1,100,0.128923194576792,-0.0838759804360953,3,1.43959415700954,1,-14.91241,256,0.2,0.2,20,"both",0.128923194576792,-0.0838759804360953
"209","session1",-16.5818999087949,14.3443434383034,2.30144668105656,0.000446075011620636,-0.203371661527294,0.420207366083671,0.575828623550519,3,1,100,0.128923194576792,-0.0838759804360953,3,1.21561845442833,1,44.43466,256,0.2,0.2,20,"both",0.128923194576792,-0.0838759804360953
"210","session1",-16.5818999087949,14.3443434383034,2.30144668105656,0.000446075011620636,-0.203371661527294,0.420207366083671,0.575828623550519,3,1,100,0.128923194576792,-0.0838759804360953,3,1.94664351104293,0,-17.97164,256,0.2,0.2,20,"both",0.128923194576792,-0.0838759804360953
"211","session1",-16.5818999087949,14.3443434383034,2.30144668105656,0.000446075011620636,-0.203371661527294,0.420207366083671,0.575828623550519,3,1,100,0.128923194576792,-0.0838759804360953,3,1.78308372708762,1,-9.6507,256,0.2,0.2,20,"both",0.128923194576792,-0.0838759804360953
"212","session1",-16.5818999087949,14.3443434383034,2.30144668105656,0.000446075011620636,-0.203371661527294,0.420207366083671,0.575828623550519,3,1,100,0.128923194576792,-0.0838759804360953,3,2.32886700288872,0,-15.53433,256,0.2,0.2,20,"both",0.128923194576792,-0.0838759804360953
"213","session1",-16.5818999087949,14.3443434383034,2.30144668105656,0.000446075011620636,-0.203371661527294,0.420207366083671,0.575828623550519,3,1,100,0.128923194576792,-0.0838759804360953,3,1.91655123561509,0,-16.13437,256,0.2,0.2,20,"both",0.128923194576792,-0.0838759804360953
"214","session1",-16.5818999087949,14.3443434383034,2.30144668105656,0.000446075011620636,-0.203371661527294,0.420207366083671,0.575828623550519,3,1,100,0.128923194576792,-0.0838759804360953,3,1.60411016032327,1,-5.51463,256,0.2,0.2,20,"both",0.128923194576792,-0.0838759804360953
"215","session1",-16.5818999087949,14.3443434383034,2.30144668105656,0.000446075011620636,-0.203371661527294,0.420207366083671,0.575828623550519,3,1,100,0.128923194576792,-0.0838759804360953,3,2.66512047304896,1,-11.0149,256,0.2,0.2,20,"both",0.128923194576792,-0.0838759804360953
"216","session1",-16.5818999087949,14.3443434383034,2.30144668105656,0.000446075011620636,-0.203371661527294,0.420207366083671,0.575828623550519,3,1,100,0.128923194576792,-0.0838759804360953,3,2.26737738352929,0,-11.23235,256,0.2,0.2,20,"both",0.128923194576792,-0.0838759804360953
"217","session1",-16.5818999087949,14.3443434383034,2.30144668105656,0.000446075011620636,-0.203371661527294,0.420207366083671,0.575828623550519,3,1,100,0.128923194576792,-0.0838759804360953,3,3.66919014075452,1,-4.31165,256,0.2,0.2,20,"both",0.128923194576792,-0.0838759804360953
"218","session1",-16.5818999087949,14.3443434383034,2.30144668105656,0.000446075011620636,-0.203371661527294,0.420207366083671,0.575828623550519,3,1,100,0.128923194576792,-0.0838759804360953,3,1.58320048380809,1,-14.9484,256,0.2,0.2,20,"both",0.128923194576792,-0.0838759804360953
"219","session1",-16.5818999087949,14.3443434383034,2.30144668105656,0.000446075011620636,-0.203371661527294,0.420207366083671,0.575828623550519,3,1,100,0.128923194576792,-0.0838759804360953,3,3.34354773584883,0,-10.16386,256,0.2,0.2,20,"both",0.128923194576792,-0.0838759804360953
"220","session1",-16.5818999087949,14.3443434383034,2.30144668105656,0.000446075011620636,-0.203371661527294,0.420207366083671,0.575828623550519,3,1,100,0.128923194576792,-0.0838759804360953,3,1.51070841959657,1,-12.7625,256,0.2,0.2,20,"both",0.128923194576792,-0.0838759804360953
"221","session1",-16.5818999087949,14.3443434383034,2.30144668105656,0.000446075011620636,-0.203371661527294,0.420207366083671,0.575828623550519,3,1,100,0.128923194576792,-0.0838759804360953,3,2.14773661270383,1,-10.75345,256,0.2,0.2,20,"both",0.128923194576792,-0.0838759804360953
"222","session1",-16.5818999087949,14.3443434383034,2.30144668105656,0.000446075011620636,-0.203371661527294,0.420207366083671,0.575828623550519,3,1,100,0.128923194576792,-0.0838759804360953,3,2.28239882166282,1,-13.65741,256,0.2,0.2,20,"both",0.128923194576792,-0.0838759804360953
"223","session1",-16.5818999087949,14.3443434383034,2.30144668105656,0.000446075011620636,-0.203371661527294,0.420207366083671,0.575828623550519,3,1,100,0.128923194576792,-0.0838759804360953,3,1.22505970630152,0,-17.82542,256,0.2,0.2,20,"both",0.128923194576792,-0.0838759804360953
"224","session1",-16.5818999087949,14.3443434383034,2.30144668105656,0.000446075011620636,-0.203371661527294,0.420207366083671,0.575828623550519,3,1,100,0.128923194576792,-0.0838759804360953,3,2.17191455127186,0,-14.03296297,256,0.2,0.2,20,"both",0.128923194576792,-0.0838759804360953
"225","session1",-16.5818999087949,14.3443434383034,2.30144668105656,0.000446075011620636,-0.203371661527294,0.420207366083671,0.575828623550519,3,1,100,0.128923194576792,-0.0838759804360953,3,1.21109737498286,0,-18.12729,256,0.2,0.2,20,"both",0.128923194576792,-0.0838759804360953
"226","session1",-16.5818999087949,14.3443434383034,2.30144668105656,0.000446075011620636,-0.203371661527294,0.420207366083671,0.575828623550519,3,1,100,0.128923194576792,-0.0838759804360953,3,2.43597248961782,1,-8.06659,256,0.2,0.2,20,"both",0.128923194576792,-0.0838759804360953
"227","session1",-16.5818999087949,14.3443434383034,2.30144668105656,0.000446075011620636,-0.203371661527294,0.420207366083671,0.575828623550519,3,1,100,0.128923194576792,-0.0838759804360953,3,1.85528755297831,1,-10.88636,256,0.2,0.2,20,"both",0.128923194576792,-0.0838759804360953
"228","session1",-16.5818999087949,14.3443434383034,2.30144668105656,0.000446075011620636,-0.203371661527294,0.420207366083671,0.575828623550519,3,1,100,0.128923194576792,-0.0838759804360953,3,2.54102615320854,1,-17.6185,256,0.2,0.2,20,"both",0.128923194576792,-0.0838759804360953
"229","session1",-16.5818999087949,14.3443434383034,2.30144668105656,0.000446075011620636,-0.203371661527294,0.420207366083671,0.575828623550519,3,1,100,0.128923194576792,-0.0838759804360953,3,2.94706905331699,1,-17.25237,256,0.2,0.2,20,"both",0.128923194576792,-0.0838759804360953
"230","session1",-16.5818999087949,14.3443434383034,2.30144668105656,0.000446075011620636,-0.203371661527294,0.420207366083671,0.575828623550519,3,1,100,0.128923194576792,-0.0838759804360953,3,1.83153616903979,1,-4.73837,256,0.2,0.2,20,"both",0.128923194576792,-0.0838759804360953
"231","session1",-16.5818999087949,14.3443434383034,2.30144668105656,0.000446075011620636,-0.203371661527294,0.420207366083671,0.575828623550519,3,1,100,0.128923194576792,-0.0838759804360953,3,4.73643972216425,0,-23.32722,256,0.2,0.2,20,"both",0.128923194576792,-0.0838759804360953
"232","session1",-16.5818999087949,14.3443434383034,2.30144668105656,0.000446075011620636,-0.203371661527294,0.420207366083671,0.575828623550519,3,1,100,0.128923194576792,-0.0838759804360953,3,1.88689250377978,0,-11.3225,256,0.2,0.2,20,"both",0.128923194576792,-0.0838759804360953
"233","session1",-16.5818999087949,14.3443434383034,2.30144668105656,0.000446075011620636,-0.203371661527294,0.420207366083671,0.575828623550519,3,1,100,0.128923194576792,-0.0838759804360953,3,1.37755408729394,0,-39.3976,256,0.2,0.2,20,"both",0.128923194576792,-0.0838759804360953
"234","session1",-16.5818999087949,14.3443434383034,2.30144668105656,0.000446075011620636,-0.203371661527294,0.420207366083671,0.575828623550519,3,1,100,0.128923194576792,-0.0838759804360953,3,1.20937770615226,1,-16.80092,256,0.2,0.2,20,"both",0.128923194576792,-0.0838759804360953
"235","session1",-16.5818999087949,14.3443434383034,2.30144668105656,0.000446075011620636,-0.203371661527294,0.420207366083671,0.575828623550519,3,1,100,0.128923194576792,-0.0838759804360953,3,2.43919376913975,1,-20.4533,256,0.2,0.2,20,"both",0.128923194576792,-0.0838759804360953
"236","session1",-16.5818999087949,14.3443434383034,2.30144668105656,0.000446075011620636,-0.203371661527294,0.420207366083671,0.575828623550519,3,1,100,0.128923194576792,-0.0838759804360953,3,1.14121556873898,1,-31.6126,256,0.2,0.2,20,"both",0.128923194576792,-0.0838759804360953
"237","session1",-16.5818999087949,14.3443434383034,2.30144668105656,0.000446075011620636,-0.203371661527294,0.420207366083671,0.575828623550519,3,1,100,0.128923194576792,-0.0838759804360953,3,1.25492978341766,1,-7.74995,256,0.2,0.2,20,"both",0.128923194576792,-0.0838759804360953
"238","session1",-16.5818999087949,14.3443434383034,2.30144668105656,0.000446075011620636,-0.203371661527294,0.420207366083671,0.575828623550519,3,1,100,0.128923194576792,-0.0838759804360953,3,2.19474600947656,0,-17.22209166,256,0.2,0.2,20,"both",0.128923194576792,-0.0838759804360953
"239","session1",-16.5818999087949,14.3443434383034,2.30144668105656,0.000446075011620636,-0.203371661527294,0.420207366083671,0.575828623550519,3,1,100,0.128923194576792,-0.0838759804360953,3,3.24299430908776,1,-21.41128,256,0.2,0.2,20,"both",0.128923194576792,-0.0838759804360953
"240","session1",-16.5818999087949,14.3443434383034,2.30144668105656,0.000446075011620636,-0.203371661527294,0.420207366083671,0.575828623550519,3,1,100,0.128923194576792,-0.0838759804360953,3,1.76827784359442,1,28.7255,256,0.2,0.2,20,"both",0.128923194576792,-0.0838759804360953
"241","session1",-16.5818999087949,14.3443434383034,2.30144668105656,0.000446075011620636,-0.203371661527294,0.420207366083671,0.575828623550519,3,1,100,0.128923194576792,-0.0838759804360953,3,1.06381168512215,1,22.7659,256,0.2,0.2,20,"both",0.128923194576792,-0.0838759804360953
"242","session1",-16.5818999087949,14.3443434383034,2.30144668105656,0.000446075011620636,-0.203371661527294,0.420207366083671,0.575828623550519,3,1,100,0.128923194576792,-0.0838759804360953,3,1.21015874478262,1,-0.7098,256,0.2,0.2,20,"both",0.128923194576792,-0.0838759804360953
"243","session1",-16.5818999087949,14.3443434383034,2.30144668105656,0.000446075011620636,-0.203371661527294,0.420207366083671,0.575828623550519,3,1,100,0.128923194576792,-0.0838759804360953,3,2.34370853305531,1,-0.742599999999999,256,0.2,0.2,20,"both",0.128923194576792,-0.0838759804360953
"244","session1",-16.5818999087949,14.3443434383034,2.30144668105656,0.000446075011620636,-0.203371661527294,0.420207366083671,0.575828623550519,3,1,100,0.128923194576792,-0.0838759804360953,3,2.12335108369685,1,-2.5132,256,0.2,0.2,20,"both",0.128923194576792,-0.0838759804360953
"245","session1",-16.5818999087949,14.3443434383034,2.30144668105656,0.000446075011620636,-0.203371661527294,0.420207366083671,0.575828623550519,3,1,100,0.128923194576792,-0.0838759804360953,3,2.56967305176954,1,-10.45962,256,0.2,0.2,20,"both",0.128923194576792,-0.0838759804360953
"246","session1",-16.5818999087949,14.3443434383034,2.30144668105656,0.000446075011620636,-0.203371661527294,0.420207366083671,0.575828623550519,3,1,100,0.128923194576792,-0.0838759804360953,3,1.49584220547408,1,-3.2992,256,0.2,0.2,20,"both",0.128923194576792,-0.0838759804360953
"247","session1",-16.5818999087949,14.3443434383034,2.30144668105656,0.000446075011620636,-0.203371661527294,0.420207366083671,0.575828623550519,3,1,100,0.128923194576792,-0.0838759804360953,3,1.05923398302256,1,-0.7547,256,0.2,0.2,20,"both",0.128923194576792,-0.0838759804360953
"248","session1",-16.5818999087949,14.3443434383034,2.30144668105656,0.000446075011620636,-0.203371661527294,0.420207366083671,0.575828623550519,3,1,100,0.128923194576792,-0.0838759804360953,3,1.85084206372561,0,-26.03897,256,0.2,0.2,20,"both",0.128923194576792,-0.0838759804360953
"249","session1",-16.5818999087949,14.3443434383034,2.30144668105656,0.000446075011620636,-0.203371661527294,0.420207366083671,0.575828623550519,3,1,100,0.128923194576792,-0.0838759804360953,3,2.10577626647022,0,-32.87116,256,0.2,0.2,20,"both",0.128923194576792,-0.0838759804360953
"250","session1",-16.5818999087949,14.3443434383034,2.30144668105656,0.000446075011620636,-0.203371661527294,0.420207366083671,0.575828623550519,3,1,100,0.128923194576792,-0.0838759804360953,3,1.4733980008358,0,-8.59049,256,0.2,0.2,20,"both",0.128923194576792,-0.0838759804360953
"251","session1",-16.5818999087949,14.3443434383034,2.30144668105656,0.000446075011620636,-0.203371661527294,0.420207366083671,0.575828623550519,3,1,100,0.128923194576792,-0.0838759804360953,3,1.65059052316997,0,-33.5226,256,0.2,0.2,20,"both",0.128923194576792,-0.0838759804360953
"252","session1",-16.5818999087949,14.3443434383034,2.30144668105656,0.000446075011620636,-0.203371661527294,0.420207366083671,0.575828623550519,3,1,100,0.128923194576792,-0.0838759804360953,3,1.56975665738985,0,-6.0042,256,0.2,0.2,20,"both",0.128923194576792,-0.0838759804360953
"253","session1",-16.5818999087949,14.3443434383034,2.30144668105656,0.000446075011620636,-0.203371661527294,0.420207366083671,0.575828623550519,3,1,100,0.128923194576792,-0.0838759804360953,3,1.29244480678307,0,-37.2516,256,0.2,0.2,20,"both",0.128923194576792,-0.0838759804360953
"254","session1",-16.5818999087949,14.3443434383034,2.30144668105656,0.000446075011620636,-0.203371661527294,0.420207366083671,0.575828623550519,3,1,100,0.128923194576792,-0.0838759804360953,3,1.28002372885386,1,-11.18748,256,0.2,0.2,20,"both",0.128923194576792,-0.0838759804360953
"255","session1",-16.5818999087949,14.3443434383034,2.30144668105656,0.000446075011620636,-0.203371661527294,0.420207366083671,0.575828623550519,3,1,100,0.128923194576792,-0.0838759804360953,3,2.16660796523312,0,-22.91447,256,0.2,0.2,20,"both",0.128923194576792,-0.0838759804360953
"256","session1",-16.5818999087949,14.3443434383034,2.30144668105656,0.000446075011620636,-0.203371661527294,0.420207366083671,0.575828623550519,3,1,100,0.128923194576792,-0.0838759804360953,3,1.97509611418186,0,-29.9558,256,0.2,0.2,20,"both",0.128923194576792,-0.0838759804360953
"257","session1",-16.5818999087949,14.3443434383034,2.30144668105656,0.000446075011620636,-0.203371661527294,0.420207366083671,0.575828623550519,3,1,100,0.128923194576792,-0.0838759804360953,3,2.42411145504797,1,-5.873,256,0.2,0.2,20,"both",0.128923194576792,-0.0838759804360953
"258","session1",-16.5818999087949,14.3443434383034,2.30144668105656,0.000446075011620636,-0.203371661527294,0.420207366083671,0.575828623550519,3,1,100,0.128923194576792,-0.0838759804360953,3,2.06011493399083,0,-21.09345,256,0.2,0.2,20,"both",0.128923194576792,-0.0838759804360953
"259","session1",-16.5818999087949,14.3443434383034,2.30144668105656,0.000446075011620636,-0.203371661527294,0.420207366083671,0.575828623550519,3,1,100,0.128923194576792,-0.0838759804360953,3,2.37020551005296,0,-21.52158,256,0.2,0.2,20,"both",0.128923194576792,-0.0838759804360953
"260","session1",-16.5818999087949,14.3443434383034,2.30144668105656,0.000446075011620636,-0.203371661527294,0.420207366083671,0.575828623550519,3,1,100,0.128923194576792,-0.0838759804360953,3,2.55043693672958,0,-36.1337,256,0.2,0.2,20,"both",0.128923194576792,-0.0838759804360953
"261","session1",-16.5818999087949,14.3443434383034,2.30144668105656,0.000446075011620636,-0.203371661527294,0.420207366083671,0.575828623550519,3,1,100,0.128923194576792,-0.0838759804360953,3,2.84572389482761,0,-19.06615,256,0.2,0.2,20,"both",0.128923194576792,-0.0838759804360953
"262","session1",-16.5818999087949,14.3443434383034,2.30144668105656,0.000446075011620636,-0.203371661527294,0.420207366083671,0.575828623550519,3,1,100,0.128923194576792,-0.0838759804360953,3,1.60260906010515,0,-2.1794,256,0.2,0.2,20,"both",0.128923194576792,-0.0838759804360953
"263","session1",-16.5818999087949,14.3443434383034,2.30144668105656,0.000446075011620636,-0.203371661527294,0.420207366083671,0.575828623550519,3,1,100,0.128923194576792,-0.0838759804360953,3,1.84826119951307,1,-7.21826,256,0.2,0.2,20,"both",0.128923194576792,-0.0838759804360953
"264","session1",-16.5818999087949,14.3443434383034,2.30144668105656,0.000446075011620636,-0.203371661527294,0.420207366083671,0.575828623550519,3,1,100,0.128923194576792,-0.0838759804360953,3,1.75070824193535,0,-27.6403,256,0.2,0.2,20,"both",0.128923194576792,-0.0838759804360953
"265","session1",-16.5818999087949,14.3443434383034,2.30144668105656,0.000446075011620636,-0.203371661527294,0.420207366083671,0.575828623550519,3,1,100,0.128923194576792,-0.0838759804360953,3,2.09280701970835,0,-22.8481,256,0.2,0.2,20,"both",0.128923194576792,-0.0838759804360953
"266","session1",-16.5818999087949,14.3443434383034,2.30144668105656,0.000446075011620636,-0.203371661527294,0.420207366083671,0.575828623550519,3,1,100,0.128923194576792,-0.0838759804360953,3,2.73217428233792,0,-24.3497,256,0.2,0.2,20,"both",0.128923194576792,-0.0838759804360953
"267","session1",-16.5818999087949,14.3443434383034,2.30144668105656,0.000446075011620636,-0.203371661527294,0.420207366083671,0.575828623550519,3,1,100,0.128923194576792,-0.0838759804360953,3,1.20286332446145,1,-14.32966,256,0.2,0.2,20,"both",0.128923194576792,-0.0838759804360953
"268","session1",-16.5818999087949,14.3443434383034,2.30144668105656,0.000446075011620636,-0.203371661527294,0.420207366083671,0.575828623550519,3,1,100,0.128923194576792,-0.0838759804360953,3,1.65087823017425,1,-21.06022,256,0.2,0.2,20,"both",0.128923194576792,-0.0838759804360953
"269","session1",-16.5818999087949,14.3443434383034,2.30144668105656,0.000446075011620636,-0.203371661527294,0.420207366083671,0.575828623550519,3,1,100,0.128923194576792,-0.0838759804360953,3,1.56127051558407,1,-7.99503,256,0.2,0.2,20,"both",0.128923194576792,-0.0838759804360953
"270","session1",-16.5818999087949,14.3443434383034,2.30144668105656,0.000446075011620636,-0.203371661527294,0.420207366083671,0.575828623550519,3,1,100,0.128923194576792,-0.0838759804360953,3,3.85945393583273,0,-15.0659,256,0.2,0.2,20,"both",0.128923194576792,-0.0838759804360953
"271","session1",-16.5818999087949,14.3443434383034,2.30144668105656,0.000446075011620636,-0.203371661527294,0.420207366083671,0.575828623550519,3,1,100,0.128923194576792,-0.0838759804360953,3,1.57361323159025,1,-2.48831,256,0.2,0.2,20,"both",0.128923194576792,-0.0838759804360953
"272","session1",-16.5818999087949,14.3443434383034,2.30144668105656,0.000446075011620636,-0.203371661527294,0.420207366083671,0.575828623550519,3,1,100,0.128923194576792,-0.0838759804360953,3,2.09890152427825,0,-25.28347,256,0.2,0.2,20,"both",0.128923194576792,-0.0838759804360953
"273","session1",-16.5818999087949,14.3443434383034,2.30144668105656,0.000446075011620636,-0.203371661527294,0.420207366083671,0.575828623550519,3,1,100,0.128923194576792,-0.0838759804360953,3,1.44981980526748,1,-5.7343,256,0.2,0.2,20,"both",0.128923194576792,-0.0838759804360953
"274","session1",-16.5818999087949,14.3443434383034,2.30144668105656,0.000446075011620636,-0.203371661527294,0.420207366083671,0.575828623550519,3,1,100,0.128923194576792,-0.0838759804360953,3,2.63462056193629,0,-20.36992,256,0.2,0.2,20,"both",0.128923194576792,-0.0838759804360953
"275","session1",-16.5818999087949,14.3443434383034,2.30144668105656,0.000446075011620636,-0.203371661527294,0.420207366083671,0.575828623550519,3,1,100,0.128923194576792,-0.0838759804360953,3,1.95792323096008,0,-11.0539,256,0.2,0.2,20,"both",0.128923194576792,-0.0838759804360953
"276","session1",-16.5818999087949,14.3443434383034,2.30144668105656,0.000446075011620636,-0.203371661527294,0.420207366083671,0.575828623550519,3,1,100,0.128923194576792,-0.0838759804360953,3,1.80849973749761,1,-24.46075,256,0.2,0.2,20,"both",0.128923194576792,-0.0838759804360953
"277","session1",-16.5818999087949,14.3443434383034,2.30144668105656,0.000446075011620636,-0.203371661527294,0.420207366083671,0.575828623550519,3,1,100,0.128923194576792,-0.0838759804360953,3,1.7062727514588,1,-7.4287,256,0.2,0.2,20,"both",0.128923194576792,-0.0838759804360953
"278","session1",-16.5818999087949,14.3443434383034,2.30144668105656,0.000446075011620636,-0.203371661527294,0.420207366083671,0.575828623550519,3,1,100,0.128923194576792,-0.0838759804360953,3,1.53249652834935,0,-24.8186,256,0.2,0.2,20,"both",0.128923194576792,-0.0838759804360953
"279","session1",-16.5818999087949,14.3443434383034,2.30144668105656,0.000446075011620636,-0.203371661527294,0.420207366083671,0.575828623550519,3,1,100,0.128923194576792,-0.0838759804360953,3,2.1076396006752,1,-14.12368,256,0.2,0.2,20,"both",0.128923194576792,-0.0838759804360953
"280","session1",-16.5818999087949,14.3443434383034,2.30144668105656,0.000446075011620636,-0.203371661527294,0.420207366083671,0.575828623550519,3,1,100,0.128923194576792,-0.0838759804360953,3,3.23072073063932,1,-14.36929,256,0.2,0.2,20,"both",0.128923194576792,-0.0838759804360953
"281","session1",-16.5818999087949,14.3443434383034,2.30144668105656,0.000446075011620636,-0.203371661527294,0.420207366083671,0.575828623550519,3,1,100,0.128923194576792,-0.0838759804360953,3,2.50994134108779,1,-21.41396,256,0.2,0.2,20,"both",0.128923194576792,-0.0838759804360953
"282","session1",-16.5818999087949,14.3443434383034,2.30144668105656,0.000446075011620636,-0.203371661527294,0.420207366083671,0.575828623550519,3,1,100,0.128923194576792,-0.0838759804360953,3,1.54526040085741,1,-6.47836,256,0.2,0.2,20,"both",0.128923194576792,-0.0838759804360953
"283","session1",-16.5818999087949,14.3443434383034,2.30144668105656,0.000446075011620636,-0.203371661527294,0.420207366083671,0.575828623550519,3,1,100,0.128923194576792,-0.0838759804360953,3,2.04963879623973,0,-22.30972,256,0.2,0.2,20,"both",0.128923194576792,-0.0838759804360953
"284","session1",-16.5818999087949,14.3443434383034,2.30144668105656,0.000446075011620636,-0.203371661527294,0.420207366083671,0.575828623550519,3,1,100,0.128923194576792,-0.0838759804360953,3,2.70875385727911,0,-19.88315,256,0.2,0.2,20,"both",0.128923194576792,-0.0838759804360953
"285","session1",-16.5818999087949,14.3443434383034,2.30144668105656,0.000446075011620636,-0.203371661527294,0.420207366083671,0.575828623550519,3,1,100,0.128923194576792,-0.0838759804360953,3,1.87370565016562,0,-27.6719,256,0.2,0.2,20,"both",0.128923194576792,-0.0838759804360953
"286","session1",-16.5818999087949,14.3443434383034,2.30144668105656,0.000446075011620636,-0.203371661527294,0.420207366083671,0.575828623550519,3,1,100,0.128923194576792,-0.0838759804360953,3,1.73921804836926,0,-14.33956,256,0.2,0.2,20,"both",0.128923194576792,-0.0838759804360953
"287","session1",-16.5818999087949,14.3443434383034,2.30144668105656,0.000446075011620636,-0.203371661527294,0.420207366083671,0.575828623550519,3,1,100,0.128923194576792,-0.0838759804360953,3,2.14269476332517,0,-28.74172,256,0.2,0.2,20,"both",0.128923194576792,-0.0838759804360953
"288","session1",-16.5818999087949,14.3443434383034,2.30144668105656,0.000446075011620636,-0.203371661527294,0.420207366083671,0.575828623550519,3,1,100,0.128923194576792,-0.0838759804360953,3,1.31076307724965,1,-7.14558,256,0.2,0.2,20,"both",0.128923194576792,-0.0838759804360953
"289","session1",-16.5818999087949,14.3443434383034,2.30144668105656,0.000446075011620636,-0.203371661527294,0.420207366083671,0.575828623550519,3,1,100,0.128923194576792,-0.0838759804360953,3,1.95508356012364,1,-23.69699,256,0.2,0.2,20,"both",0.128923194576792,-0.0838759804360953
"290","session1",-16.5818999087949,14.3443434383034,2.30144668105656,0.000446075011620636,-0.203371661527294,0.420207366083671,0.575828623550519,3,1,100,0.128923194576792,-0.0838759804360953,3,1.26086019157357,1,-15.80233,256,0.2,0.2,20,"both",0.128923194576792,-0.0838759804360953
"291","session1",-16.5818999087949,14.3443434383034,2.30144668105656,0.000446075011620636,-0.203371661527294,0.420207366083671,0.575828623550519,3,1,100,0.128923194576792,-0.0838759804360953,3,1.22852664585977,1,-2.9345,256,0.2,0.2,20,"both",0.128923194576792,-0.0838759804360953
"292","session1",-16.5818999087949,14.3443434383034,2.30144668105656,0.000446075011620636,-0.203371661527294,0.420207366083671,0.575828623550519,3,1,100,0.128923194576792,-0.0838759804360953,3,1.60561517913006,1,-1.9076,256,0.2,0.2,20,"both",0.128923194576792,-0.0838759804360953
"293","session1",-16.5818999087949,14.3443434383034,2.30144668105656,0.000446075011620636,-0.203371661527294,0.420207366083671,0.575828623550519,3,1,100,0.128923194576792,-0.0838759804360953,3,2.18150768321679,0,-27.09303,256,0.2,0.2,20,"both",0.128923194576792,-0.0838759804360953
"294","session1",-16.5818999087949,14.3443434383034,2.30144668105656,0.000446075011620636,-0.203371661527294,0.420207366083671,0.575828623550519,3,1,100,0.128923194576792,-0.0838759804360953,3,2.54656760947146,1,-5.6687,256,0.2,0.2,20,"both",0.128923194576792,-0.0838759804360953
"295","session1",-16.5818999087949,14.3443434383034,2.30144668105656,0.000446075011620636,-0.203371661527294,0.420207366083671,0.575828623550519,3,1,100,0.128923194576792,-0.0838759804360953,3,1.32725934900099,0,-24.98155,256,0.2,0.2,20,"both",0.128923194576792,-0.0838759804360953
"296","session1",-16.5818999087949,14.3443434383034,2.30144668105656,0.000446075011620636,-0.203371661527294,0.420207366083671,0.575828623550519,3,1,100,0.128923194576792,-0.0838759804360953,3,1.80809748256311,0,-27.76306,256,0.2,0.2,20,"both",0.128923194576792,-0.0838759804360953
"297","session1",-16.5818999087949,14.3443434383034,2.30144668105656,0.000446075011620636,-0.203371661527294,0.420207366083671,0.575828623550519,3,1,100,0.128923194576792,-0.0838759804360953,3,2.39323069794421,0,-22.25274,256,0.2,0.2,20,"both",0.128923194576792,-0.0838759804360953
"298","session1",-16.5818999087949,14.3443434383034,2.30144668105656,0.000446075011620636,-0.203371661527294,0.420207366083671,0.575828623550519,3,1,100,0.128923194576792,-0.0838759804360953,3,1.56638897220194,1,-8.52218,256,0.2,0.2,20,"both",0.128923194576792,-0.0838759804360953
"299","session1",-16.5818999087949,14.3443434383034,2.30144668105656,0.000446075011620636,-0.203371661527294,0.420207366083671,0.575828623550519,3,1,100,0.128923194576792,-0.0838759804360953,3,2.13108485424351,0,-28.256,256,0.2,0.2,20,"both",0.128923194576792,-0.0838759804360953
"300","session1",-16.5818999087949,14.3443434383034,2.30144668105656,0.000446075011620636,-0.203371661527294,0.420207366083671,0.575828623550519,3,1,100,0.128923194576792,-0.0838759804360953,3,1.34486965636085,0,-17.83808,256,0.2,0.2,20,"both",0.128923194576792,-0.0838759804360953
"301","session1",-13.288503952901,9.89124877714788,3.31845275281181,0.000468777780099411,0.124346122686399,0.510118860625362,0.70097027985448,4,1,100,0.128923194576792,-0.0838759804360953,4,2.63380553059893,1,-7.94770295858,256,0.2,0.2,20,"both",0.128923194576792,-0.0838759804360953
"302","session1",-13.288503952901,9.89124877714788,3.31845275281181,0.000468777780099411,0.124346122686399,0.510118860625362,0.70097027985448,4,1,100,0.128923194576792,-0.0838759804360953,4,4.11739864356132,0,-9.3082951274,256,0.2,0.2,20,"both",0.128923194576792,-0.0838759804360953
"303","session1",-13.288503952901,9.89124877714788,3.31845275281181,0.000468777780099411,0.124346122686399,0.510118860625362,0.70097027985448,4,1,100,0.128923194576792,-0.0838759804360953,4,4.09945151665674,1,-3.5230784791,256,0.2,0.2,20,"both",0.128923194576792,-0.0838759804360953
"304","session1",-13.288503952901,9.89124877714788,3.31845275281181,0.000468777780099411,0.124346122686399,0.510118860625362,0.70097027985448,4,1,100,0.128923194576792,-0.0838759804360953,4,2.5352972837641,0,-9.16479538063,256,0.2,0.2,20,"both",0.128923194576792,-0.0838759804360953
"305","session1",-13.288503952901,9.89124877714788,3.31845275281181,0.000468777780099411,0.124346122686399,0.510118860625362,0.70097027985448,4,1,100,0.128923194576792,-0.0838759804360953,4,2.66490833308056,1,-5.02284,256,0.2,0.2,20,"both",0.128923194576792,-0.0838759804360953
"306","session1",-13.288503952901,9.89124877714788,3.31845275281181,0.000468777780099411,0.124346122686399,0.510118860625362,0.70097027985448,4,1,100,0.128923194576792,-0.0838759804360953,4,2.13081517427041,1,14.09702,256,0.2,0.2,20,"both",0.128923194576792,-0.0838759804360953
"307","session1",-13.288503952901,9.89124877714788,3.31845275281181,0.000468777780099411,0.124346122686399,0.510118860625362,0.70097027985448,4,1,100,0.128923194576792,-0.0838759804360953,4,6.49902235881053,1,-5.5886,256,0.2,0.2,20,"both",0.128923194576792,-0.0838759804360953
"308","session1",-13.288503952901,9.89124877714788,3.31845275281181,0.000468777780099411,0.124346122686399,0.510118860625362,0.70097027985448,4,1,100,0.128923194576792,-0.0838759804360953,4,1.8151992313713,0,-32.62038,256,0.2,0.2,20,"both",0.128923194576792,-0.0838759804360953
"309","session1",-13.288503952901,9.89124877714788,3.31845275281181,0.000468777780099411,0.124346122686399,0.510118860625362,0.70097027985448,4,1,100,0.128923194576792,-0.0838759804360953,4,2.15644095599417,1,-9.319487831,256,0.2,0.2,20,"both",0.128923194576792,-0.0838759804360953
"310","session1",-13.288503952901,9.89124877714788,3.31845275281181,0.000468777780099411,0.124346122686399,0.510118860625362,0.70097027985448,4,1,100,0.128923194576792,-0.0838759804360953,4,1.96017800556415,1,-20.42808,256,0.2,0.2,20,"both",0.128923194576792,-0.0838759804360953
"311","session1",-13.288503952901,9.89124877714788,3.31845275281181,0.000468777780099411,0.124346122686399,0.510118860625362,0.70097027985448,4,1,100,0.128923194576792,-0.0838759804360953,4,3.23190292684205,0,-22.029140506,256,0.2,0.2,20,"both",0.128923194576792,-0.0838759804360953
"312","session1",-13.288503952901,9.89124877714788,3.31845275281181,0.000468777780099411,0.124346122686399,0.510118860625362,0.70097027985448,4,1,100,0.128923194576792,-0.0838759804360953,4,2.28468004590992,1,-12.78446,256,0.2,0.2,20,"both",0.128923194576792,-0.0838759804360953
"313","session1",-13.288503952901,9.89124877714788,3.31845275281181,0.000468777780099411,0.124346122686399,0.510118860625362,0.70097027985448,4,1,100,0.128923194576792,-0.0838759804360953,4,1.29678170314032,1,13.9739,256,0.2,0.2,20,"both",0.128923194576792,-0.0838759804360953
"314","session1",-13.288503952901,9.89124877714788,3.31845275281181,0.000468777780099411,0.124346122686399,0.510118860625362,0.70097027985448,4,1,100,0.128923194576792,-0.0838759804360953,4,3.1171966613431,1,-6.970766,256,0.2,0.2,20,"both",0.128923194576792,-0.0838759804360953
"315","session1",-13.288503952901,9.89124877714788,3.31845275281181,0.000468777780099411,0.124346122686399,0.510118860625362,0.70097027985448,4,1,100,0.128923194576792,-0.0838759804360953,4,1.50537805198242,0,-25.3257,256,0.2,0.2,20,"both",0.128923194576792,-0.0838759804360953
"316","session1",-13.288503952901,9.89124877714788,3.31845275281181,0.000468777780099411,0.124346122686399,0.510118860625362,0.70097027985448,4,1,100,0.128923194576792,-0.0838759804360953,4,1.42407282697738,1,12.4616,256,0.2,0.2,20,"both",0.128923194576792,-0.0838759804360953
"317","session1",-13.288503952901,9.89124877714788,3.31845275281181,0.000468777780099411,0.124346122686399,0.510118860625362,0.70097027985448,4,1,100,0.128923194576792,-0.0838759804360953,4,2.12034034803705,0,-17.506695069,256,0.2,0.2,20,"both",0.128923194576792,-0.0838759804360953
"318","session1",-13.288503952901,9.89124877714788,3.31845275281181,0.000468777780099411,0.124346122686399,0.510118860625362,0.70097027985448,4,1,100,0.128923194576792,-0.0838759804360953,4,1.46924679058339,1,-4.36686,256,0.2,0.2,20,"both",0.128923194576792,-0.0838759804360953
"319","session1",-13.288503952901,9.89124877714788,3.31845275281181,0.000468777780099411,0.124346122686399,0.510118860625362,0.70097027985448,4,1,100,0.128923194576792,-0.0838759804360953,4,1.97800592546441,1,-7.03359,256,0.2,0.2,20,"both",0.128923194576792,-0.0838759804360953
"320","session1",-13.288503952901,9.89124877714788,3.31845275281181,0.000468777780099411,0.124346122686399,0.510118860625362,0.70097027985448,4,1,100,0.128923194576792,-0.0838759804360953,4,3.31534363145849,1,-14.96050404,256,0.2,0.2,20,"both",0.128923194576792,-0.0838759804360953
"321","session1",-13.288503952901,9.89124877714788,3.31845275281181,0.000468777780099411,0.124346122686399,0.510118860625362,0.70097027985448,4,1,100,0.128923194576792,-0.0838759804360953,4,2.20651396999901,0,-27.6943,256,0.2,0.2,20,"both",0.128923194576792,-0.0838759804360953
"322","session1",-13.288503952901,9.89124877714788,3.31845275281181,0.000468777780099411,0.124346122686399,0.510118860625362,0.70097027985448,4,1,100,0.128923194576792,-0.0838759804360953,4,2.48873526912867,1,-13.49065,256,0.2,0.2,20,"both",0.128923194576792,-0.0838759804360953
"323","session1",-13.288503952901,9.89124877714788,3.31845275281181,0.000468777780099411,0.124346122686399,0.510118860625362,0.70097027985448,4,1,100,0.128923194576792,-0.0838759804360953,4,6.52325953694238,0,-9.83335,256,0.2,0.2,20,"both",0.128923194576792,-0.0838759804360953
"324","session1",-13.288503952901,9.89124877714788,3.31845275281181,0.000468777780099411,0.124346122686399,0.510118860625362,0.70097027985448,4,1,100,0.128923194576792,-0.0838759804360953,4,3.09150099390492,0,-27.77725,256,0.2,0.2,20,"both",0.128923194576792,-0.0838759804360953
"325","session1",-13.288503952901,9.89124877714788,3.31845275281181,0.000468777780099411,0.124346122686399,0.510118860625362,0.70097027985448,4,1,100,0.128923194576792,-0.0838759804360953,4,6.39908077183965,0,-7.49205,256,0.2,0.2,20,"both",0.128923194576792,-0.0838759804360953
"326","session1",-13.288503952901,9.89124877714788,3.31845275281181,0.000468777780099411,0.124346122686399,0.510118860625362,0.70097027985448,4,1,100,0.128923194576792,-0.0838759804360953,4,2.48872158380332,0,-21.15969,256,0.2,0.2,20,"both",0.128923194576792,-0.0838759804360953
"327","session1",-13.288503952901,9.89124877714788,3.31845275281181,0.000468777780099411,0.124346122686399,0.510118860625362,0.70097027985448,4,1,100,0.128923194576792,-0.0838759804360953,4,1.9809283121337,1,-21.73429,256,0.2,0.2,20,"both",0.128923194576792,-0.0838759804360953
"328","session1",-13.288503952901,9.89124877714788,3.31845275281181,0.000468777780099411,0.124346122686399,0.510118860625362,0.70097027985448,4,1,100,0.128923194576792,-0.0838759804360953,4,3.95147317423582,0,-29.779,256,0.2,0.2,20,"both",0.128923194576792,-0.0838759804360953
"329","session1",-13.288503952901,9.89124877714788,3.31845275281181,0.000468777780099411,0.124346122686399,0.510118860625362,0.70097027985448,4,1,100,0.128923194576792,-0.0838759804360953,4,1.56934689335069,1,-4.33683,256,0.2,0.2,20,"both",0.128923194576792,-0.0838759804360953
"330","session1",-13.288503952901,9.89124877714788,3.31845275281181,0.000468777780099411,0.124346122686399,0.510118860625362,0.70097027985448,4,1,100,0.128923194576792,-0.0838759804360953,4,2.32124275692543,0,-31.3754,256,0.2,0.2,20,"both",0.128923194576792,-0.0838759804360953
"331","session1",-13.288503952901,9.89124877714788,3.31845275281181,0.000468777780099411,0.124346122686399,0.510118860625362,0.70097027985448,4,1,100,0.128923194576792,-0.0838759804360953,4,2.8029941312149,0,-23.90358,256,0.2,0.2,20,"both",0.128923194576792,-0.0838759804360953
"332","session1",-13.288503952901,9.89124877714788,3.31845275281181,0.000468777780099411,0.124346122686399,0.510118860625362,0.70097027985448,4,1,100,0.128923194576792,-0.0838759804360953,4,2.03452232449564,0,-20.53174,256,0.2,0.2,20,"both",0.128923194576792,-0.0838759804360953
"333","session1",-13.288503952901,9.89124877714788,3.31845275281181,0.000468777780099411,0.124346122686399,0.510118860625362,0.70097027985448,4,1,100,0.128923194576792,-0.0838759804360953,4,5.85706591645244,0,-6.2383,256,0.2,0.2,20,"both",0.128923194576792,-0.0838759804360953
"334","session1",-13.288503952901,9.89124877714788,3.31845275281181,0.000468777780099411,0.124346122686399,0.510118860625362,0.70097027985448,4,1,100,0.128923194576792,-0.0838759804360953,4,1.16931316454993,0,-40.84248,256,0.2,0.2,20,"both",0.128923194576792,-0.0838759804360953
"335","session1",-13.288503952901,9.89124877714788,3.31845275281181,0.000468777780099411,0.124346122686399,0.510118860625362,0.70097027985448,4,1,100,0.128923194576792,-0.0838759804360953,4,2.24402796083971,0,-27.57483,256,0.2,0.2,20,"both",0.128923194576792,-0.0838759804360953
"336","session1",-13.288503952901,9.89124877714788,3.31845275281181,0.000468777780099411,0.124346122686399,0.510118860625362,0.70097027985448,4,1,100,0.128923194576792,-0.0838759804360953,4,1.82673982934389,0,-23.71415,256,0.2,0.2,20,"both",0.128923194576792,-0.0838759804360953
"337","session1",-13.288503952901,9.89124877714788,3.31845275281181,0.000468777780099411,0.124346122686399,0.510118860625362,0.70097027985448,4,1,100,0.128923194576792,-0.0838759804360953,4,1.29588568751621,0,-27.27157,256,0.2,0.2,20,"both",0.128923194576792,-0.0838759804360953
"338","session1",-13.288503952901,9.89124877714788,3.31845275281181,0.000468777780099411,0.124346122686399,0.510118860625362,0.70097027985448,4,1,100,0.128923194576792,-0.0838759804360953,4,1.60155579809246,0,-20.94089,256,0.2,0.2,20,"both",0.128923194576792,-0.0838759804360953
"339","session1",-13.288503952901,9.89124877714788,3.31845275281181,0.000468777780099411,0.124346122686399,0.510118860625362,0.70097027985448,4,1,100,0.128923194576792,-0.0838759804360953,4,3.51302174777566,0,-9.09155,256,0.2,0.2,20,"both",0.128923194576792,-0.0838759804360953
"340","session1",-13.288503952901,9.89124877714788,3.31845275281181,0.000468777780099411,0.124346122686399,0.510118860625362,0.70097027985448,4,1,100,0.128923194576792,-0.0838759804360953,4,3.65365917082745,0,-29.0259,256,0.2,0.2,20,"both",0.128923194576792,-0.0838759804360953
"341","session1",-13.288503952901,9.89124877714788,3.31845275281181,0.000468777780099411,0.124346122686399,0.510118860625362,0.70097027985448,4,1,100,0.128923194576792,-0.0838759804360953,4,2.17633080318601,1,-0.5192,256,0.2,0.2,20,"both",0.128923194576792,-0.0838759804360953
"342","session1",-13.288503952901,9.89124877714788,3.31845275281181,0.000468777780099411,0.124346122686399,0.510118860625362,0.70097027985448,4,1,100,0.128923194576792,-0.0838759804360953,4,1.95660952153726,0,-24.11121,256,0.2,0.2,20,"both",0.128923194576792,-0.0838759804360953
"343","session1",-13.288503952901,9.89124877714788,3.31845275281181,0.000468777780099411,0.124346122686399,0.510118860625362,0.70097027985448,4,1,100,0.128923194576792,-0.0838759804360953,4,2.67106908249806,0,-20.5727,256,0.2,0.2,20,"both",0.128923194576792,-0.0838759804360953
"344","session1",-13.288503952901,9.89124877714788,3.31845275281181,0.000468777780099411,0.124346122686399,0.510118860625362,0.70097027985448,4,1,100,0.128923194576792,-0.0838759804360953,4,3.21916726623099,0,-20.43421,256,0.2,0.2,20,"both",0.128923194576792,-0.0838759804360953
"345","session1",-13.288503952901,9.89124877714788,3.31845275281181,0.000468777780099411,0.124346122686399,0.510118860625362,0.70097027985448,4,1,100,0.128923194576792,-0.0838759804360953,4,2.08072123997792,1,0.023200000000001,256,0.2,0.2,20,"both",0.128923194576792,-0.0838759804360953
"346","session1",-13.288503952901,9.89124877714788,3.31845275281181,0.000468777780099411,0.124346122686399,0.510118860625362,0.70097027985448,4,1,100,0.128923194576792,-0.0838759804360953,4,2.83775721533269,1,-3.64621,256,0.2,0.2,20,"both",0.128923194576792,-0.0838759804360953
"347","session1",-13.288503952901,9.89124877714788,3.31845275281181,0.000468777780099411,0.124346122686399,0.510118860625362,0.70097027985448,4,1,100,0.128923194576792,-0.0838759804360953,4,3.03065974308089,0,-18.44369,256,0.2,0.2,20,"both",0.128923194576792,-0.0838759804360953
"348","session1",-13.288503952901,9.89124877714788,3.31845275281181,0.000468777780099411,0.124346122686399,0.510118860625362,0.70097027985448,4,1,100,0.128923194576792,-0.0838759804360953,4,1.58189482811491,1,-3.06485,256,0.2,0.2,20,"both",0.128923194576792,-0.0838759804360953
"349","session1",-13.288503952901,9.89124877714788,3.31845275281181,0.000468777780099411,0.124346122686399,0.510118860625362,0.70097027985448,4,1,100,0.128923194576792,-0.0838759804360953,4,2.16462159483642,1,-5.18938,256,0.2,0.2,20,"both",0.128923194576792,-0.0838759804360953
"350","session1",-13.288503952901,9.89124877714788,3.31845275281181,0.000468777780099411,0.124346122686399,0.510118860625362,0.70097027985448,4,1,100,0.128923194576792,-0.0838759804360953,4,2.67395770087249,1,-11.52238,256,0.2,0.2,20,"both",0.128923194576792,-0.0838759804360953
"351","session1",-13.288503952901,9.89124877714788,3.31845275281181,0.000468777780099411,0.124346122686399,0.510118860625362,0.70097027985448,4,1,100,0.128923194576792,-0.0838759804360953,4,3.337835526884,0,-23.5538,256,0.2,0.2,20,"both",0.128923194576792,-0.0838759804360953
"352","session1",-13.288503952901,9.89124877714788,3.31845275281181,0.000468777780099411,0.124346122686399,0.510118860625362,0.70097027985448,4,1,100,0.128923194576792,-0.0838759804360953,4,4.00281537958791,1,-12.71379,256,0.2,0.2,20,"both",0.128923194576792,-0.0838759804360953
"353","session1",-13.288503952901,9.89124877714788,3.31845275281181,0.000468777780099411,0.124346122686399,0.510118860625362,0.70097027985448,4,1,100,0.128923194576792,-0.0838759804360953,4,2.04689236687352,1,-1.79003,256,0.2,0.2,20,"both",0.128923194576792,-0.0838759804360953
"354","session1",-13.288503952901,9.89124877714788,3.31845275281181,0.000468777780099411,0.124346122686399,0.510118860625362,0.70097027985448,4,1,100,0.128923194576792,-0.0838759804360953,4,2.85631765924855,1,-5.11456,256,0.2,0.2,20,"both",0.128923194576792,-0.0838759804360953
"355","session1",-13.288503952901,9.89124877714788,3.31845275281181,0.000468777780099411,0.124346122686399,0.510118860625362,0.70097027985448,4,1,100,0.128923194576792,-0.0838759804360953,4,7.19224222072157,0,-18.27205,256,0.2,0.2,20,"both",0.128923194576792,-0.0838759804360953
"356","session1",-13.288503952901,9.89124877714788,3.31845275281181,0.000468777780099411,0.124346122686399,0.510118860625362,0.70097027985448,4,1,100,0.128923194576792,-0.0838759804360953,4,2.13370791095054,1,-5.92246,256,0.2,0.2,20,"both",0.128923194576792,-0.0838759804360953
"357","session1",-13.288503952901,9.89124877714788,3.31845275281181,0.000468777780099411,0.124346122686399,0.510118860625362,0.70097027985448,4,1,100,0.128923194576792,-0.0838759804360953,4,2.25092423644828,0,-14.13503,256,0.2,0.2,20,"both",0.128923194576792,-0.0838759804360953
"358","session1",-13.288503952901,9.89124877714788,3.31845275281181,0.000468777780099411,0.124346122686399,0.510118860625362,0.70097027985448,4,1,100,0.128923194576792,-0.0838759804360953,4,2.44653662027628,0,-9.40225,256,0.2,0.2,20,"both",0.128923194576792,-0.0838759804360953
"359","session1",-13.288503952901,9.89124877714788,3.31845275281181,0.000468777780099411,0.124346122686399,0.510118860625362,0.70097027985448,4,1,100,0.128923194576792,-0.0838759804360953,4,2.5445759288687,1,-7.23593,256,0.2,0.2,20,"both",0.128923194576792,-0.0838759804360953
"360","session1",-13.288503952901,9.89124877714788,3.31845275281181,0.000468777780099411,0.124346122686399,0.510118860625362,0.70097027985448,4,1,100,0.128923194576792,-0.0838759804360953,4,2.49823145669209,0,-20.36121,256,0.2,0.2,20,"both",0.128923194576792,-0.0838759804360953
"361","session1",-13.288503952901,9.89124877714788,3.31845275281181,0.000468777780099411,0.124346122686399,0.510118860625362,0.70097027985448,4,1,100,0.128923194576792,-0.0838759804360953,4,4.37309768933973,1,-18.26759,256,0.2,0.2,20,"both",0.128923194576792,-0.0838759804360953
"362","session1",-13.288503952901,9.89124877714788,3.31845275281181,0.000468777780099411,0.124346122686399,0.510118860625362,0.70097027985448,4,1,100,0.128923194576792,-0.0838759804360953,4,5.47001336503782,0,-17.85002,256,0.2,0.2,20,"both",0.128923194576792,-0.0838759804360953
"363","session1",-13.288503952901,9.89124877714788,3.31845275281181,0.000468777780099411,0.124346122686399,0.510118860625362,0.70097027985448,4,1,100,0.128923194576792,-0.0838759804360953,4,3.16101593698235,1,-7.88323,256,0.2,0.2,20,"both",0.128923194576792,-0.0838759804360953
"364","session1",-13.288503952901,9.89124877714788,3.31845275281181,0.000468777780099411,0.124346122686399,0.510118860625362,0.70097027985448,4,1,100,0.128923194576792,-0.0838759804360953,4,3.42733200397186,0,-18.55829,256,0.2,0.2,20,"both",0.128923194576792,-0.0838759804360953
"365","session1",-13.288503952901,9.89124877714788,3.31845275281181,0.000468777780099411,0.124346122686399,0.510118860625362,0.70097027985448,4,1,100,0.128923194576792,-0.0838759804360953,4,2.57856305772702,0,-19.89737,256,0.2,0.2,20,"both",0.128923194576792,-0.0838759804360953
"366","session1",-13.288503952901,9.89124877714788,3.31845275281181,0.000468777780099411,0.124346122686399,0.510118860625362,0.70097027985448,4,1,100,0.128923194576792,-0.0838759804360953,4,2.83569145619185,0,-20.72764,256,0.2,0.2,20,"both",0.128923194576792,-0.0838759804360953
"367","session1",-13.288503952901,9.89124877714788,3.31845275281181,0.000468777780099411,0.124346122686399,0.510118860625362,0.70097027985448,4,1,100,0.128923194576792,-0.0838759804360953,4,2.70260606448463,0,-5.73924,256,0.2,0.2,20,"both",0.128923194576792,-0.0838759804360953
"368","session1",-13.288503952901,9.89124877714788,3.31845275281181,0.000468777780099411,0.124346122686399,0.510118860625362,0.70097027985448,4,1,100,0.128923194576792,-0.0838759804360953,4,3.05386581259606,0,-19.38449,256,0.2,0.2,20,"both",0.128923194576792,-0.0838759804360953
"369","session1",-13.288503952901,9.89124877714788,3.31845275281181,0.000468777780099411,0.124346122686399,0.510118860625362,0.70097027985448,4,1,100,0.128923194576792,-0.0838759804360953,4,2.79890456691664,1,-5.29273,256,0.2,0.2,20,"both",0.128923194576792,-0.0838759804360953
"370","session1",-13.288503952901,9.89124877714788,3.31845275281181,0.000468777780099411,0.124346122686399,0.510118860625362,0.70097027985448,4,1,100,0.128923194576792,-0.0838759804360953,4,2.45379003914047,0,-22.3515,256,0.2,0.2,20,"both",0.128923194576792,-0.0838759804360953
"371","session1",-13.288503952901,9.89124877714788,3.31845275281181,0.000468777780099411,0.124346122686399,0.510118860625362,0.70097027985448,4,1,100,0.128923194576792,-0.0838759804360953,4,5.43844535441078,0,-6.30741,256,0.2,0.2,20,"both",0.128923194576792,-0.0838759804360953
"372","session1",-13.288503952901,9.89124877714788,3.31845275281181,0.000468777780099411,0.124346122686399,0.510118860625362,0.70097027985448,4,1,100,0.128923194576792,-0.0838759804360953,4,3.20243934495121,0,-6.99224,256,0.2,0.2,20,"both",0.128923194576792,-0.0838759804360953
"373","session1",-13.288503952901,9.89124877714788,3.31845275281181,0.000468777780099411,0.124346122686399,0.510118860625362,0.70097027985448,4,1,100,0.128923194576792,-0.0838759804360953,4,2.76892188150075,1,-5.17052,256,0.2,0.2,20,"both",0.128923194576792,-0.0838759804360953
"374","session1",-13.288503952901,9.89124877714788,3.31845275281181,0.000468777780099411,0.124346122686399,0.510118860625362,0.70097027985448,4,1,100,0.128923194576792,-0.0838759804360953,4,1.81647481480566,1,0.335700000000001,256,0.2,0.2,20,"both",0.128923194576792,-0.0838759804360953
"375","session1",-13.288503952901,9.89124877714788,3.31845275281181,0.000468777780099411,0.124346122686399,0.510118860625362,0.70097027985448,4,1,100,0.128923194576792,-0.0838759804360953,4,2.83542250968496,1,-3.54346,256,0.2,0.2,20,"both",0.128923194576792,-0.0838759804360953
"376","session1",-13.288503952901,9.89124877714788,3.31845275281181,0.000468777780099411,0.124346122686399,0.510118860625362,0.70097027985448,4,1,100,0.128923194576792,-0.0838759804360953,4,1.88544420910434,0,-7.3315,256,0.2,0.2,20,"both",0.128923194576792,-0.0838759804360953
"377","session1",-13.288503952901,9.89124877714788,3.31845275281181,0.000468777780099411,0.124346122686399,0.510118860625362,0.70097027985448,4,1,100,0.128923194576792,-0.0838759804360953,4,1.84938607995439,1,-3.77494,256,0.2,0.2,20,"both",0.128923194576792,-0.0838759804360953
"378","session1",-13.288503952901,9.89124877714788,3.31845275281181,0.000468777780099411,0.124346122686399,0.510118860625362,0.70097027985448,4,1,100,0.128923194576792,-0.0838759804360953,4,2.48694871724792,1,-19.45588,256,0.2,0.2,20,"both",0.128923194576792,-0.0838759804360953
"379","session1",-13.288503952901,9.89124877714788,3.31845275281181,0.000468777780099411,0.124346122686399,0.510118860625362,0.70097027985448,4,1,100,0.128923194576792,-0.0838759804360953,4,4.99119469525686,0,-19.9471,256,0.2,0.2,20,"both",0.128923194576792,-0.0838759804360953
"380","session1",-13.288503952901,9.89124877714788,3.31845275281181,0.000468777780099411,0.124346122686399,0.510118860625362,0.70097027985448,4,1,100,0.128923194576792,-0.0838759804360953,4,4.56607623506339,0,-4.76087,256,0.2,0.2,20,"both",0.128923194576792,-0.0838759804360953
"381","session1",-13.288503952901,9.89124877714788,3.31845275281181,0.000468777780099411,0.124346122686399,0.510118860625362,0.70097027985448,4,1,100,0.128923194576792,-0.0838759804360953,4,4.80948436169161,1,-20.63754,256,0.2,0.2,20,"both",0.128923194576792,-0.0838759804360953
"382","session1",-13.288503952901,9.89124877714788,3.31845275281181,0.000468777780099411,0.124346122686399,0.510118860625362,0.70097027985448,4,1,100,0.128923194576792,-0.0838759804360953,4,5.0715896610738,0,-21.61418,256,0.2,0.2,20,"both",0.128923194576792,-0.0838759804360953
"383","session1",-13.288503952901,9.89124877714788,3.31845275281181,0.000468777780099411,0.124346122686399,0.510118860625362,0.70097027985448,4,1,100,0.128923194576792,-0.0838759804360953,4,7.7775553139496,1,-17.8564,256,0.2,0.2,20,"both",0.128923194576792,-0.0838759804360953
"384","session1",-13.288503952901,9.89124877714788,3.31845275281181,0.000468777780099411,0.124346122686399,0.510118860625362,0.70097027985448,4,1,100,0.128923194576792,-0.0838759804360953,4,1.17774738659348,1,-7.2366,256,0.2,0.2,20,"both",0.128923194576792,-0.0838759804360953
"385","session1",-13.288503952901,9.89124877714788,3.31845275281181,0.000468777780099411,0.124346122686399,0.510118860625362,0.70097027985448,4,1,100,0.128923194576792,-0.0838759804360953,4,4.10633704404135,0,-21.87144,256,0.2,0.2,20,"both",0.128923194576792,-0.0838759804360953
"386","session1",-13.288503952901,9.89124877714788,3.31845275281181,0.000468777780099411,0.124346122686399,0.510118860625362,0.70097027985448,4,1,100,0.128923194576792,-0.0838759804360953,4,2.33312775872527,1,-1.20654,256,0.2,0.2,20,"both",0.128923194576792,-0.0838759804360953
"387","session1",-13.288503952901,9.89124877714788,3.31845275281181,0.000468777780099411,0.124346122686399,0.510118860625362,0.70097027985448,4,1,100,0.128923194576792,-0.0838759804360953,4,2.2040422998472,0,-21.23755,256,0.2,0.2,20,"both",0.128923194576792,-0.0838759804360953
"388","session1",-13.288503952901,9.89124877714788,3.31845275281181,0.000468777780099411,0.124346122686399,0.510118860625362,0.70097027985448,4,1,100,0.128923194576792,-0.0838759804360953,4,8,1,-3.06442,256,0.2,0.2,20,"both",0.128923194576792,-0.0838759804360953
"389","session1",-13.288503952901,9.89124877714788,3.31845275281181,0.000468777780099411,0.124346122686399,0.510118860625362,0.70097027985448,4,1,100,0.128923194576792,-0.0838759804360953,4,3.19917960847879,1,-14.57531,256,0.2,0.2,20,"both",0.128923194576792,-0.0838759804360953
"390","session1",-13.288503952901,9.89124877714788,3.31845275281181,0.000468777780099411,0.124346122686399,0.510118860625362,0.70097027985448,4,1,100,0.128923194576792,-0.0838759804360953,4,3.46270114603235,1,-4.47524,256,0.2,0.2,20,"both",0.128923194576792,-0.0838759804360953
"391","session1",-13.288503952901,9.89124877714788,3.31845275281181,0.000468777780099411,0.124346122686399,0.510118860625362,0.70097027985448,4,1,100,0.128923194576792,-0.0838759804360953,4,2.05216753673913,1,-4.97707,256,0.2,0.2,20,"both",0.128923194576792,-0.0838759804360953
"392","session1",-13.288503952901,9.89124877714788,3.31845275281181,0.000468777780099411,0.124346122686399,0.510118860625362,0.70097027985448,4,1,100,0.128923194576792,-0.0838759804360953,4,4.09895457539859,1,-20.36265,256,0.2,0.2,20,"both",0.128923194576792,-0.0838759804360953
"393","session1",-13.288503952901,9.89124877714788,3.31845275281181,0.000468777780099411,0.124346122686399,0.510118860625362,0.70097027985448,4,1,100,0.128923194576792,-0.0838759804360953,4,2.56472815665698,1,-5.86225,256,0.2,0.2,20,"both",0.128923194576792,-0.0838759804360953
"394","session1",-13.288503952901,9.89124877714788,3.31845275281181,0.000468777780099411,0.124346122686399,0.510118860625362,0.70097027985448,4,1,100,0.128923194576792,-0.0838759804360953,4,3.50890246020935,0,-24.3658,256,0.2,0.2,20,"both",0.128923194576792,-0.0838759804360953
"395","session1",-13.288503952901,9.89124877714788,3.31845275281181,0.000468777780099411,0.124346122686399,0.510118860625362,0.70097027985448,4,1,100,0.128923194576792,-0.0838759804360953,4,3.73826471941998,0,-21.10061,256,0.2,0.2,20,"both",0.128923194576792,-0.0838759804360953
"396","session1",-13.288503952901,9.89124877714788,3.31845275281181,0.000468777780099411,0.124346122686399,0.510118860625362,0.70097027985448,4,1,100,0.128923194576792,-0.0838759804360953,4,2.13574762519482,1,-2.981,256,0.2,0.2,20,"both",0.128923194576792,-0.0838759804360953
"397","session1",-13.288503952901,9.89124877714788,3.31845275281181,0.000468777780099411,0.124346122686399,0.510118860625362,0.70097027985448,4,1,100,0.128923194576792,-0.0838759804360953,4,3.12707218621482,0,-19.60259,256,0.2,0.2,20,"both",0.128923194576792,-0.0838759804360953
"398","session1",-13.288503952901,9.89124877714788,3.31845275281181,0.000468777780099411,0.124346122686399,0.510118860625362,0.70097027985448,4,1,100,0.128923194576792,-0.0838759804360953,4,3.89528957315622,0,-16.46369,256,0.2,0.2,20,"both",0.128923194576792,-0.0838759804360953
"399","session1",-13.288503952901,9.89124877714788,3.31845275281181,0.000468777780099411,0.124346122686399,0.510118860625362,0.70097027985448,4,1,100,0.128923194576792,-0.0838759804360953,4,3.77595616373791,0,-19.8222,256,0.2,0.2,20,"both",0.128923194576792,-0.0838759804360953
"400","session1",-13.288503952901,9.89124877714788,3.31845275281181,0.000468777780099411,0.124346122686399,0.510118860625362,0.70097027985448,4,1,100,0.128923194576792,-0.0838759804360953,4,2.44367385165579,1,0.00479999999999947,256,0.2,0.2,20,"both",0.128923194576792,-0.0838759804360953
"401","session1",-11.8922129433375,12.9470009989061,2.75003344006097,7.08593681374784e-05,0.47248331184313,0.460546950991339,0.458737143351089,5,1,100,0.128923194576792,-0.0838759804360953,5,2.63666996120423,1,-10.4557865313,256,0.2,0.2,20,"both",0.128923194576792,-0.0838759804360953
"402","session1",-11.8922129433375,12.9470009989061,2.75003344006097,7.08593681374784e-05,0.47248331184313,0.460546950991339,0.458737143351089,5,1,100,0.128923194576792,-0.0838759804360953,5,2.48271373927233,1,-8.7513222322,256,0.2,0.2,20,"both",0.128923194576792,-0.0838759804360953
"403","session1",-11.8922129433375,12.9470009989061,2.75003344006097,7.08593681374784e-05,0.47248331184313,0.460546950991339,0.458737143351089,5,1,100,0.128923194576792,-0.0838759804360953,5,2.48612482133038,0,-18.038157142,256,0.2,0.2,20,"both",0.128923194576792,-0.0838759804360953
"404","session1",-11.8922129433375,12.9470009989061,2.75003344006097,7.08593681374784e-05,0.47248331184313,0.460546950991339,0.458737143351089,5,1,100,0.128923194576792,-0.0838759804360953,5,3.32805033740677,0,-12.8389521888,256,0.2,0.2,20,"both",0.128923194576792,-0.0838759804360953
"405","session1",-11.8922129433375,12.9470009989061,2.75003344006097,7.08593681374784e-05,0.47248331184313,0.460546950991339,0.458737143351089,5,1,100,0.128923194576792,-0.0838759804360953,5,3.30973566172626,0,-16.13063,256,0.2,0.2,20,"both",0.128923194576792,-0.0838759804360953
"406","session1",-11.8922129433375,12.9470009989061,2.75003344006097,7.08593681374784e-05,0.47248331184313,0.460546950991339,0.458737143351089,5,1,100,0.128923194576792,-0.0838759804360953,5,2.92240506060764,1,-4.1354,256,0.2,0.2,20,"both",0.128923194576792,-0.0838759804360953
"407","session1",-11.8922129433375,12.9470009989061,2.75003344006097,7.08593681374784e-05,0.47248331184313,0.460546950991339,0.458737143351089,5,1,100,0.128923194576792,-0.0838759804360953,5,2.70804976063466,0,-15.76561,256,0.2,0.2,20,"both",0.128923194576792,-0.0838759804360953
"408","session1",-11.8922129433375,12.9470009989061,2.75003344006097,7.08593681374784e-05,0.47248331184313,0.460546950991339,0.458737143351089,5,1,100,0.128923194576792,-0.0838759804360953,5,2.23894513177732,1,-9.82941,256,0.2,0.2,20,"both",0.128923194576792,-0.0838759804360953
"409","session1",-11.8922129433375,12.9470009989061,2.75003344006097,7.08593681374784e-05,0.47248331184313,0.460546950991339,0.458737143351089,5,1,100,0.128923194576792,-0.0838759804360953,5,2.370218662814,0,-33.6629,256,0.2,0.2,20,"both",0.128923194576792,-0.0838759804360953
"410","session1",-11.8922129433375,12.9470009989061,2.75003344006097,7.08593681374784e-05,0.47248331184313,0.460546950991339,0.458737143351089,5,1,100,0.128923194576792,-0.0838759804360953,5,1.13329147171997,0,-33.4177,256,0.2,0.2,20,"both",0.128923194576792,-0.0838759804360953
"411","session1",-11.8922129433375,12.9470009989061,2.75003344006097,7.08593681374784e-05,0.47248331184313,0.460546950991339,0.458737143351089,5,1,100,0.128923194576792,-0.0838759804360953,5,1.7537146754201,1,30.5219,256,0.2,0.2,20,"both",0.128923194576792,-0.0838759804360953
"412","session1",-11.8922129433375,12.9470009989061,2.75003344006097,7.08593681374784e-05,0.47248331184313,0.460546950991339,0.458737143351089,5,1,100,0.128923194576792,-0.0838759804360953,5,3.30890025388619,0,-21.60698,256,0.2,0.2,20,"both",0.128923194576792,-0.0838759804360953
"413","session1",-11.8922129433375,12.9470009989061,2.75003344006097,7.08593681374784e-05,0.47248331184313,0.460546950991339,0.458737143351089,5,1,100,0.128923194576792,-0.0838759804360953,5,3.1763622832632,0,-21.13262,256,0.2,0.2,20,"both",0.128923194576792,-0.0838759804360953
"414","session1",-11.8922129433375,12.9470009989061,2.75003344006097,7.08593681374784e-05,0.47248331184313,0.460546950991339,0.458737143351089,5,1,100,0.128923194576792,-0.0838759804360953,5,2.92140518391714,1,-7.35198,256,0.2,0.2,20,"both",0.128923194576792,-0.0838759804360953
"415","session1",-11.8922129433375,12.9470009989061,2.75003344006097,7.08593681374784e-05,0.47248331184313,0.460546950991339,0.458737143351089,5,1,100,0.128923194576792,-0.0838759804360953,5,5.08711998704302,1,-9.9814,256,0.2,0.2,20,"both",0.128923194576792,-0.0838759804360953
"416","session1",-11.8922129433375,12.9470009989061,2.75003344006097,7.08593681374784e-05,0.47248331184313,0.460546950991339,0.458737143351089,5,1,100,0.128923194576792,-0.0838759804360953,5,2.47866126559529,0,-18.27569,256,0.2,0.2,20,"both",0.128923194576792,-0.0838759804360953
"417","session1",-11.8922129433375,12.9470009989061,2.75003344006097,7.08593681374784e-05,0.47248331184313,0.460546950991339,0.458737143351089,5,1,100,0.128923194576792,-0.0838759804360953,5,5.2179022736076,0,-10.29787,256,0.2,0.2,20,"both",0.128923194576792,-0.0838759804360953
"418","session1",-11.8922129433375,12.9470009989061,2.75003344006097,7.08593681374784e-05,0.47248331184313,0.460546950991339,0.458737143351089,5,1,100,0.128923194576792,-0.0838759804360953,5,7.30027680378797,1,-11.21091,256,0.2,0.2,20,"both",0.128923194576792,-0.0838759804360953
"419","session1",-11.8922129433375,12.9470009989061,2.75003344006097,7.08593681374784e-05,0.47248331184313,0.460546950991339,0.458737143351089,5,1,100,0.128923194576792,-0.0838759804360953,5,4.57303617246882,1,-15.9443,256,0.2,0.2,20,"both",0.128923194576792,-0.0838759804360953
"420","session1",-11.8922129433375,12.9470009989061,2.75003344006097,7.08593681374784e-05,0.47248331184313,0.460546950991339,0.458737143351089,5,1,100,0.128923194576792,-0.0838759804360953,5,2.24596448413249,0,-15.76767,256,0.2,0.2,20,"both",0.128923194576792,-0.0838759804360953
"421","session1",-11.8922129433375,12.9470009989061,2.75003344006097,7.08593681374784e-05,0.47248331184313,0.460546950991339,0.458737143351089,5,1,100,0.128923194576792,-0.0838759804360953,5,3.86977665841365,1,-0.94704,256,0.2,0.2,20,"both",0.128923194576792,-0.0838759804360953
"422","session1",-11.8922129433375,12.9470009989061,2.75003344006097,7.08593681374784e-05,0.47248331184313,0.460546950991339,0.458737143351089,5,1,100,0.128923194576792,-0.0838759804360953,5,7.43122806747842,1,-8.29456,256,0.2,0.2,20,"both",0.128923194576792,-0.0838759804360953
"423","session1",-11.8922129433375,12.9470009989061,2.75003344006097,7.08593681374784e-05,0.47248331184313,0.460546950991339,0.458737143351089,5,1,100,0.128923194576792,-0.0838759804360953,5,3.76148653741688,0,-17.30631,256,0.2,0.2,20,"both",0.128923194576792,-0.0838759804360953
"424","session1",-11.8922129433375,12.9470009989061,2.75003344006097,7.08593681374784e-05,0.47248331184313,0.460546950991339,0.458737143351089,5,1,100,0.128923194576792,-0.0838759804360953,5,2.43259215221438,0,-11.56672,256,0.2,0.2,20,"both",0.128923194576792,-0.0838759804360953
"425","session1",-11.8922129433375,12.9470009989061,2.75003344006097,7.08593681374784e-05,0.47248331184313,0.460546950991339,0.458737143351089,5,1,100,0.128923194576792,-0.0838759804360953,5,2.88093852753738,0,-17.03792,256,0.2,0.2,20,"both",0.128923194576792,-0.0838759804360953
"426","session1",-11.8922129433375,12.9470009989061,2.75003344006097,7.08593681374784e-05,0.47248331184313,0.460546950991339,0.458737143351089,5,1,100,0.128923194576792,-0.0838759804360953,5,4.36691385810344,1,-13.79663,256,0.2,0.2,20,"both",0.128923194576792,-0.0838759804360953
"427","session1",-11.8922129433375,12.9470009989061,2.75003344006097,7.08593681374784e-05,0.47248331184313,0.460546950991339,0.458737143351089,5,1,100,0.128923194576792,-0.0838759804360953,5,5.64905329877226,1,-5.80949,256,0.2,0.2,20,"both",0.128923194576792,-0.0838759804360953
"428","session1",-11.8922129433375,12.9470009989061,2.75003344006097,7.08593681374784e-05,0.47248331184313,0.460546950991339,0.458737143351089,5,1,100,0.128923194576792,-0.0838759804360953,5,3.20673049323153,1,2.0702,256,0.2,0.2,20,"both",0.128923194576792,-0.0838759804360953
"429","session1",-11.8922129433375,12.9470009989061,2.75003344006097,7.08593681374784e-05,0.47248331184313,0.460546950991339,0.458737143351089,5,1,100,0.128923194576792,-0.0838759804360953,5,2.65764135550765,1,-8.84099,256,0.2,0.2,20,"both",0.128923194576792,-0.0838759804360953
"430","session1",-11.8922129433375,12.9470009989061,2.75003344006097,7.08593681374784e-05,0.47248331184313,0.460546950991339,0.458737143351089,5,1,100,0.128923194576792,-0.0838759804360953,5,1.38145511715468,0,-21.06074,256,0.2,0.2,20,"both",0.128923194576792,-0.0838759804360953
"431","session1",-11.8922129433375,12.9470009989061,2.75003344006097,7.08593681374784e-05,0.47248331184313,0.460546950991339,0.458737143351089,5,1,100,0.128923194576792,-0.0838759804360953,5,2.02512998188007,0,-25.0493,256,0.2,0.2,20,"both",0.128923194576792,-0.0838759804360953
"432","session1",-11.8922129433375,12.9470009989061,2.75003344006097,7.08593681374784e-05,0.47248331184313,0.460546950991339,0.458737143351089,5,1,100,0.128923194576792,-0.0838759804360953,5,3.2080040974942,0,-17.98964,256,0.2,0.2,20,"both",0.128923194576792,-0.0838759804360953
"433","session1",-11.8922129433375,12.9470009989061,2.75003344006097,7.08593681374784e-05,0.47248331184313,0.460546950991339,0.458737143351089,5,1,100,0.128923194576792,-0.0838759804360953,5,3.83674957205063,1,-16.56259,256,0.2,0.2,20,"both",0.128923194576792,-0.0838759804360953
"434","session1",-11.8922129433375,12.9470009989061,2.75003344006097,7.08593681374784e-05,0.47248331184313,0.460546950991339,0.458737143351089,5,1,100,0.128923194576792,-0.0838759804360953,5,3.94404544294897,1,-7.15482,256,0.2,0.2,20,"both",0.128923194576792,-0.0838759804360953
"435","session1",-11.8922129433375,12.9470009989061,2.75003344006097,7.08593681374784e-05,0.47248331184313,0.460546950991339,0.458737143351089,5,1,100,0.128923194576792,-0.0838759804360953,5,2.60108316165325,1,-9.4334,256,0.2,0.2,20,"both",0.128923194576792,-0.0838759804360953
"436","session1",-11.8922129433375,12.9470009989061,2.75003344006097,7.08593681374784e-05,0.47248331184313,0.460546950991339,0.458737143351089,5,1,100,0.128923194576792,-0.0838759804360953,5,3.25103053294589,0,-23.8065,256,0.2,0.2,20,"both",0.128923194576792,-0.0838759804360953
"437","session1",-11.8922129433375,12.9470009989061,2.75003344006097,7.08593681374784e-05,0.47248331184313,0.460546950991339,0.458737143351089,5,1,100,0.128923194576792,-0.0838759804360953,5,4.28053206250209,1,-13.03739,256,0.2,0.2,20,"both",0.128923194576792,-0.0838759804360953
"438","session1",-11.8922129433375,12.9470009989061,2.75003344006097,7.08593681374784e-05,0.47248331184313,0.460546950991339,0.458737143351089,5,1,100,0.128923194576792,-0.0838759804360953,5,3.56736288314502,0,-25.1923,256,0.2,0.2,20,"both",0.128923194576792,-0.0838759804360953
"439","session1",-11.8922129433375,12.9470009989061,2.75003344006097,7.08593681374784e-05,0.47248331184313,0.460546950991339,0.458737143351089,5,1,100,0.128923194576792,-0.0838759804360953,5,3.74640272906213,0,-18.44437,256,0.2,0.2,20,"both",0.128923194576792,-0.0838759804360953
"440","session1",-11.8922129433375,12.9470009989061,2.75003344006097,7.08593681374784e-05,0.47248331184313,0.460546950991339,0.458737143351089,5,1,100,0.128923194576792,-0.0838759804360953,5,5.19472359562037,0,-10.01705,256,0.2,0.2,20,"both",0.128923194576792,-0.0838759804360953
"441","session1",-11.8922129433375,12.9470009989061,2.75003344006097,7.08593681374784e-05,0.47248331184313,0.460546950991339,0.458737143351089,5,1,100,0.128923194576792,-0.0838759804360953,5,1.90694108054918,0,-10.57765,256,0.2,0.2,20,"both",0.128923194576792,-0.0838759804360953
"442","session1",-11.8922129433375,12.9470009989061,2.75003344006097,7.08593681374784e-05,0.47248331184313,0.460546950991339,0.458737143351089,5,1,100,0.128923194576792,-0.0838759804360953,5,1.91319058659961,0,-12.63755,256,0.2,0.2,20,"both",0.128923194576792,-0.0838759804360953
"443","session1",-11.8922129433375,12.9470009989061,2.75003344006097,7.08593681374784e-05,0.47248331184313,0.460546950991339,0.458737143351089,5,1,100,0.128923194576792,-0.0838759804360953,5,6.36709952257351,0,-8.22189,256,0.2,0.2,20,"both",0.128923194576792,-0.0838759804360953
"444","session1",-11.8922129433375,12.9470009989061,2.75003344006097,7.08593681374784e-05,0.47248331184313,0.460546950991339,0.458737143351089,5,1,100,0.128923194576792,-0.0838759804360953,5,2.28386337222089,1,-17.22091,256,0.2,0.2,20,"both",0.128923194576792,-0.0838759804360953
"445","session1",-11.8922129433375,12.9470009989061,2.75003344006097,7.08593681374784e-05,0.47248331184313,0.460546950991339,0.458737143351089,5,1,100,0.128923194576792,-0.0838759804360953,5,1.92057726279289,0,-18.68393,256,0.2,0.2,20,"both",0.128923194576792,-0.0838759804360953
"446","session1",-11.8922129433375,12.9470009989061,2.75003344006097,7.08593681374784e-05,0.47248331184313,0.460546950991339,0.458737143351089,5,1,100,0.128923194576792,-0.0838759804360953,5,3.38376195903269,1,-6.33353,256,0.2,0.2,20,"both",0.128923194576792,-0.0838759804360953
"447","session1",-11.8922129433375,12.9470009989061,2.75003344006097,7.08593681374784e-05,0.47248331184313,0.460546950991339,0.458737143351089,5,1,100,0.128923194576792,-0.0838759804360953,5,2.76439582669324,1,-9.66679,256,0.2,0.2,20,"both",0.128923194576792,-0.0838759804360953
"448","session1",-11.8922129433375,12.9470009989061,2.75003344006097,7.08593681374784e-05,0.47248331184313,0.460546950991339,0.458737143351089,5,1,100,0.128923194576792,-0.0838759804360953,5,6.31759841311446,0,-19.73721,256,0.2,0.2,20,"both",0.128923194576792,-0.0838759804360953
"449","session1",-11.8922129433375,12.9470009989061,2.75003344006097,7.08593681374784e-05,0.47248331184313,0.460546950991339,0.458737143351089,5,1,100,0.128923194576792,-0.0838759804360953,5,4.46525680931797,1,-6.664,256,0.2,0.2,20,"both",0.128923194576792,-0.0838759804360953
"450","session1",-11.8922129433375,12.9470009989061,2.75003344006097,7.08593681374784e-05,0.47248331184313,0.460546950991339,0.458737143351089,5,1,100,0.128923194576792,-0.0838759804360953,5,2.51686352305703,0,-18.12815,256,0.2,0.2,20,"both",0.128923194576792,-0.0838759804360953
"451","session1",-11.8922129433375,12.9470009989061,2.75003344006097,7.08593681374784e-05,0.47248331184313,0.460546950991339,0.458737143351089,5,1,100,0.128923194576792,-0.0838759804360953,5,5.71609102488312,0,-7.3238,256,0.2,0.2,20,"both",0.128923194576792,-0.0838759804360953
"452","session1",-11.8922129433375,12.9470009989061,2.75003344006097,7.08593681374784e-05,0.47248331184313,0.460546950991339,0.458737143351089,5,1,100,0.128923194576792,-0.0838759804360953,5,4.72661590494349,0,-6.62559,256,0.2,0.2,20,"both",0.128923194576792,-0.0838759804360953
"453","session1",-11.8922129433375,12.9470009989061,2.75003344006097,7.08593681374784e-05,0.47248331184313,0.460546950991339,0.458737143351089,5,1,100,0.128923194576792,-0.0838759804360953,5,8,1,-4.75143,256,0.2,0.2,20,"both",0.128923194576792,-0.0838759804360953
"454","session1",-11.8922129433375,12.9470009989061,2.75003344006097,7.08593681374784e-05,0.47248331184313,0.460546950991339,0.458737143351089,5,1,100,0.128923194576792,-0.0838759804360953,5,2.16564573531641,1,-9.17226,256,0.2,0.2,20,"both",0.128923194576792,-0.0838759804360953
"455","session1",-11.8922129433375,12.9470009989061,2.75003344006097,7.08593681374784e-05,0.47248331184313,0.460546950991339,0.458737143351089,5,1,100,0.128923194576792,-0.0838759804360953,5,2.41908635603113,1,-3.2422,256,0.2,0.2,20,"both",0.128923194576792,-0.0838759804360953
"456","session1",-11.8922129433375,12.9470009989061,2.75003344006097,7.08593681374784e-05,0.47248331184313,0.460546950991339,0.458737143351089,5,1,100,0.128923194576792,-0.0838759804360953,5,1.9244567119883,1,1.03247,256,0.2,0.2,20,"both",0.128923194576792,-0.0838759804360953
"457","session1",-11.8922129433375,12.9470009989061,2.75003344006097,7.08593681374784e-05,0.47248331184313,0.460546950991339,0.458737143351089,5,1,100,0.128923194576792,-0.0838759804360953,5,2.78010553947813,0,-7.62619,256,0.2,0.2,20,"both",0.128923194576792,-0.0838759804360953
"458","session1",-11.8922129433375,12.9470009989061,2.75003344006097,7.08593681374784e-05,0.47248331184313,0.460546950991339,0.458737143351089,5,1,100,0.128923194576792,-0.0838759804360953,5,4.97647090944393,0,-2.58347,256,0.2,0.2,20,"both",0.128923194576792,-0.0838759804360953
"459","session1",-11.8922129433375,12.9470009989061,2.75003344006097,7.08593681374784e-05,0.47248331184313,0.460546950991339,0.458737143351089,5,1,100,0.128923194576792,-0.0838759804360953,5,1.67556586571747,1,-4.78044,256,0.2,0.2,20,"both",0.128923194576792,-0.0838759804360953
"460","session1",-11.8922129433375,12.9470009989061,2.75003344006097,7.08593681374784e-05,0.47248331184313,0.460546950991339,0.458737143351089,5,1,100,0.128923194576792,-0.0838759804360953,5,2.69248997874646,1,-2.82792,256,0.2,0.2,20,"both",0.128923194576792,-0.0838759804360953
"461","session1",-11.8922129433375,12.9470009989061,2.75003344006097,7.08593681374784e-05,0.47248331184313,0.460546950991339,0.458737143351089,5,1,100,0.128923194576792,-0.0838759804360953,5,3.15569068532529,0,-17.20089,256,0.2,0.2,20,"both",0.128923194576792,-0.0838759804360953
"462","session1",-11.8922129433375,12.9470009989061,2.75003344006097,7.08593681374784e-05,0.47248331184313,0.460546950991339,0.458737143351089,5,1,100,0.128923194576792,-0.0838759804360953,5,2.78053650171487,1,-15.24305,256,0.2,0.2,20,"both",0.128923194576792,-0.0838759804360953
"463","session1",-11.8922129433375,12.9470009989061,2.75003344006097,7.08593681374784e-05,0.47248331184313,0.460546950991339,0.458737143351089,5,1,100,0.128923194576792,-0.0838759804360953,5,3.15221823066891,0,-16.6519,256,0.2,0.2,20,"both",0.128923194576792,-0.0838759804360953
"464","session1",-11.8922129433375,12.9470009989061,2.75003344006097,7.08593681374784e-05,0.47248331184313,0.460546950991339,0.458737143351089,5,1,100,0.128923194576792,-0.0838759804360953,5,2.55003778949877,0,-17.06481,256,0.2,0.2,20,"both",0.128923194576792,-0.0838759804360953
"465","session1",-11.8922129433375,12.9470009989061,2.75003344006097,7.08593681374784e-05,0.47248331184313,0.460546950991339,0.458737143351089,5,1,100,0.128923194576792,-0.0838759804360953,5,3.03123978787852,1,-4.48884,256,0.2,0.2,20,"both",0.128923194576792,-0.0838759804360953
"466","session1",-11.8922129433375,12.9470009989061,2.75003344006097,7.08593681374784e-05,0.47248331184313,0.460546950991339,0.458737143351089,5,1,100,0.128923194576792,-0.0838759804360953,5,2.21259929610563,1,-15.00414,256,0.2,0.2,20,"both",0.128923194576792,-0.0838759804360953
"467","session1",-11.8922129433375,12.9470009989061,2.75003344006097,7.08593681374784e-05,0.47248331184313,0.460546950991339,0.458737143351089,5,1,100,0.128923194576792,-0.0838759804360953,5,4.02259927939634,1,-8.21405,256,0.2,0.2,20,"both",0.128923194576792,-0.0838759804360953
"468","session1",-11.8922129433375,12.9470009989061,2.75003344006097,7.08593681374784e-05,0.47248331184313,0.460546950991339,0.458737143351089,5,1,100,0.128923194576792,-0.0838759804360953,5,7.17118781277112,0,-14.48992,256,0.2,0.2,20,"both",0.128923194576792,-0.0838759804360953
"469","session1",-11.8922129433375,12.9470009989061,2.75003344006097,7.08593681374784e-05,0.47248331184313,0.460546950991339,0.458737143351089,5,1,100,0.128923194576792,-0.0838759804360953,5,3.8323246165836,0,-19.5246,256,0.2,0.2,20,"both",0.128923194576792,-0.0838759804360953
"470","session1",-11.8922129433375,12.9470009989061,2.75003344006097,7.08593681374784e-05,0.47248331184313,0.460546950991339,0.458737143351089,5,1,100,0.128923194576792,-0.0838759804360953,5,2.92208072039419,0,-18.70414,256,0.2,0.2,20,"both",0.128923194576792,-0.0838759804360953
"471","session1",-11.8922129433375,12.9470009989061,2.75003344006097,7.08593681374784e-05,0.47248331184313,0.460546950991339,0.458737143351089,5,1,100,0.128923194576792,-0.0838759804360953,5,1.27209737314199,1,-18.31076,256,0.2,0.2,20,"both",0.128923194576792,-0.0838759804360953
"472","session1",-11.8922129433375,12.9470009989061,2.75003344006097,7.08593681374784e-05,0.47248331184313,0.460546950991339,0.458737143351089,5,1,100,0.128923194576792,-0.0838759804360953,5,3.20640600568714,1,-0.518939999999999,256,0.2,0.2,20,"both",0.128923194576792,-0.0838759804360953
"473","session1",-11.8922129433375,12.9470009989061,2.75003344006097,7.08593681374784e-05,0.47248331184313,0.460546950991339,0.458737143351089,5,1,100,0.128923194576792,-0.0838759804360953,5,2.47825062073309,0,-16.23096,256,0.2,0.2,20,"both",0.128923194576792,-0.0838759804360953
"474","session1",-11.8922129433375,12.9470009989061,2.75003344006097,7.08593681374784e-05,0.47248331184313,0.460546950991339,0.458737143351089,5,1,100,0.128923194576792,-0.0838759804360953,5,3.46348974395177,0,-4.66675,256,0.2,0.2,20,"both",0.128923194576792,-0.0838759804360953
"475","session1",-11.8922129433375,12.9470009989061,2.75003344006097,7.08593681374784e-05,0.47248331184313,0.460546950991339,0.458737143351089,5,1,100,0.128923194576792,-0.0838759804360953,5,4.1841651911787,1,-22.5166,256,0.2,0.2,20,"both",0.128923194576792,-0.0838759804360953
"476","session1",-11.8922129433375,12.9470009989061,2.75003344006097,7.08593681374784e-05,0.47248331184313,0.460546950991339,0.458737143351089,5,1,100,0.128923194576792,-0.0838759804360953,5,4.17170864191731,1,-2.8519,256,0.2,0.2,20,"both",0.128923194576792,-0.0838759804360953
"477","session1",-11.8922129433375,12.9470009989061,2.75003344006097,7.08593681374784e-05,0.47248331184313,0.460546950991339,0.458737143351089,5,1,100,0.128923194576792,-0.0838759804360953,5,3.28150654269531,0,-19.38881,256,0.2,0.2,20,"both",0.128923194576792,-0.0838759804360953
"478","session1",-11.8922129433375,12.9470009989061,2.75003344006097,7.08593681374784e-05,0.47248331184313,0.460546950991339,0.458737143351089,5,1,100,0.128923194576792,-0.0838759804360953,5,2.99376667243832,0,-14.47352,256,0.2,0.2,20,"both",0.128923194576792,-0.0838759804360953
"479","session1",-11.8922129433375,12.9470009989061,2.75003344006097,7.08593681374784e-05,0.47248331184313,0.460546950991339,0.458737143351089,5,1,100,0.128923194576792,-0.0838759804360953,5,4.03896574428563,1,-19.70302,256,0.2,0.2,20,"both",0.128923194576792,-0.0838759804360953
"480","session1",-11.8922129433375,12.9470009989061,2.75003344006097,7.08593681374784e-05,0.47248331184313,0.460546950991339,0.458737143351089,5,1,100,0.128923194576792,-0.0838759804360953,5,2.55514161309382,0,-19.22015,256,0.2,0.2,20,"both",0.128923194576792,-0.0838759804360953
"481","session1",-11.8922129433375,12.9470009989061,2.75003344006097,7.08593681374784e-05,0.47248331184313,0.460546950991339,0.458737143351089,5,1,100,0.128923194576792,-0.0838759804360953,5,2.58740212631963,0,-18.29969,256,0.2,0.2,20,"both",0.128923194576792,-0.0838759804360953
"482","session1",-11.8922129433375,12.9470009989061,2.75003344006097,7.08593681374784e-05,0.47248331184313,0.460546950991339,0.458737143351089,5,1,100,0.128923194576792,-0.0838759804360953,5,2.86014486213301,1,-3.13551,256,0.2,0.2,20,"both",0.128923194576792,-0.0838759804360953
"483","session1",-11.8922129433375,12.9470009989061,2.75003344006097,7.08593681374784e-05,0.47248331184313,0.460546950991339,0.458737143351089,5,1,100,0.128923194576792,-0.0838759804360953,5,3.30222811640536,1,-1.78549,256,0.2,0.2,20,"both",0.128923194576792,-0.0838759804360953
"484","session1",-11.8922129433375,12.9470009989061,2.75003344006097,7.08593681374784e-05,0.47248331184313,0.460546950991339,0.458737143351089,5,1,100,0.128923194576792,-0.0838759804360953,5,1.88128838944006,0,-15.64191,256,0.2,0.2,20,"both",0.128923194576792,-0.0838759804360953
"485","session1",-11.8922129433375,12.9470009989061,2.75003344006097,7.08593681374784e-05,0.47248331184313,0.460546950991339,0.458737143351089,5,1,100,0.128923194576792,-0.0838759804360953,5,2.85475338521765,0,-13.45162,256,0.2,0.2,20,"both",0.128923194576792,-0.0838759804360953
"486","session1",-11.8922129433375,12.9470009989061,2.75003344006097,7.08593681374784e-05,0.47248331184313,0.460546950991339,0.458737143351089,5,1,100,0.128923194576792,-0.0838759804360953,5,2.68324388216696,0,-19.8343,256,0.2,0.2,20,"both",0.128923194576792,-0.0838759804360953
"487","session1",-11.8922129433375,12.9470009989061,2.75003344006097,7.08593681374784e-05,0.47248331184313,0.460546950991339,0.458737143351089,5,1,100,0.128923194576792,-0.0838759804360953,5,5.12132163398693,0,-6.8876,256,0.2,0.2,20,"both",0.128923194576792,-0.0838759804360953
"488","session1",-11.8922129433375,12.9470009989061,2.75003344006097,7.08593681374784e-05,0.47248331184313,0.460546950991339,0.458737143351089,5,1,100,0.128923194576792,-0.0838759804360953,5,1.90155384051831,0,-17.75609,256,0.2,0.2,20,"both",0.128923194576792,-0.0838759804360953
"489","session1",-11.8922129433375,12.9470009989061,2.75003344006097,7.08593681374784e-05,0.47248331184313,0.460546950991339,0.458737143351089,5,1,100,0.128923194576792,-0.0838759804360953,5,3.38771902913562,1,-2.24957,256,0.2,0.2,20,"both",0.128923194576792,-0.0838759804360953
"490","session1",-11.8922129433375,12.9470009989061,2.75003344006097,7.08593681374784e-05,0.47248331184313,0.460546950991339,0.458737143351089,5,1,100,0.128923194576792,-0.0838759804360953,5,4.9371455312744,0,-15.66102,256,0.2,0.2,20,"both",0.128923194576792,-0.0838759804360953
"491","session1",-11.8922129433375,12.9470009989061,2.75003344006097,7.08593681374784e-05,0.47248331184313,0.460546950991339,0.458737143351089,5,1,100,0.128923194576792,-0.0838759804360953,5,1.64713789517102,1,4.9803,256,0.2,0.2,20,"both",0.128923194576792,-0.0838759804360953
"492","session1",-11.8922129433375,12.9470009989061,2.75003344006097,7.08593681374784e-05,0.47248331184313,0.460546950991339,0.458737143351089,5,1,100,0.128923194576792,-0.0838759804360953,5,2.4966855638254,1,-6.67516,256,0.2,0.2,20,"both",0.128923194576792,-0.0838759804360953
"493","session1",-11.8922129433375,12.9470009989061,2.75003344006097,7.08593681374784e-05,0.47248331184313,0.460546950991339,0.458737143351089,5,1,100,0.128923194576792,-0.0838759804360953,5,4.94684852049667,1,-8.70075,256,0.2,0.2,20,"both",0.128923194576792,-0.0838759804360953
"494","session1",-11.8922129433375,12.9470009989061,2.75003344006097,7.08593681374784e-05,0.47248331184313,0.460546950991339,0.458737143351089,5,1,100,0.128923194576792,-0.0838759804360953,5,2.04815014141546,0,2.0023,256,0.2,0.2,20,"both",0.128923194576792,-0.0838759804360953
"495","session1",-11.8922129433375,12.9470009989061,2.75003344006097,7.08593681374784e-05,0.47248331184313,0.460546950991339,0.458737143351089,5,1,100,0.128923194576792,-0.0838759804360953,5,2.39146731084745,1,-5.81521,256,0.2,0.2,20,"both",0.128923194576792,-0.0838759804360953
"496","session1",-11.8922129433375,12.9470009989061,2.75003344006097,7.08593681374784e-05,0.47248331184313,0.460546950991339,0.458737143351089,5,1,100,0.128923194576792,-0.0838759804360953,5,3.48572499749866,1,-6.31198,256,0.2,0.2,20,"both",0.128923194576792,-0.0838759804360953
"497","session1",-11.8922129433375,12.9470009989061,2.75003344006097,7.08593681374784e-05,0.47248331184313,0.460546950991339,0.458737143351089,5,1,100,0.128923194576792,-0.0838759804360953,5,7.94120419414286,0,-16.59266,256,0.2,0.2,20,"both",0.128923194576792,-0.0838759804360953
"498","session1",-11.8922129433375,12.9470009989061,2.75003344006097,7.08593681374784e-05,0.47248331184313,0.460546950991339,0.458737143351089,5,1,100,0.128923194576792,-0.0838759804360953,5,3.31500786700802,0,-15.06149,256,0.2,0.2,20,"both",0.128923194576792,-0.0838759804360953
"499","session1",-11.8922129433375,12.9470009989061,2.75003344006097,7.08593681374784e-05,0.47248331184313,0.460546950991339,0.458737143351089,5,1,100,0.128923194576792,-0.0838759804360953,5,3.61241435088706,1,-2.64776,256,0.2,0.2,20,"both",0.128923194576792,-0.0838759804360953
"500","session1",-11.8922129433375,12.9470009989061,2.75003344006097,7.08593681374784e-05,0.47248331184313,0.460546950991339,0.458737143351089,5,1,100,0.128923194576792,-0.0838759804360953,5,5.81651186953807,1,-9.13154,256,0.2,0.2,20,"both",0.128923194576792,-0.0838759804360953
"501","session1",-8.36787230540591,10.9305978208772,1.98918737197772,0.00043927129064859,0.0304907059049058,0.498835680440043,0.711664838127582,6,1,100,0.128923194576792,-0.0838759804360953,6,1.55545677899525,1,-8.4119846955,256,0.2,0.2,20,"both",0.128923194576792,-0.0838759804360953
"502","session1",-8.36787230540591,10.9305978208772,1.98918737197772,0.00043927129064859,0.0304907059049058,0.498835680440043,0.711664838127582,6,1,100,0.128923194576792,-0.0838759804360953,6,1.6830203063969,1,-10.5050194168,256,0.2,0.2,20,"both",0.128923194576792,-0.0838759804360953
"503","session1",-8.36787230540591,10.9305978208772,1.98918737197772,0.00043927129064859,0.0304907059049058,0.498835680440043,0.711664838127582,6,1,100,0.128923194576792,-0.0838759804360953,6,3.1578680646492,1,-11.834487058,256,0.2,0.2,20,"both",0.128923194576792,-0.0838759804360953
"504","session1",-8.36787230540591,10.9305978208772,1.98918737197772,0.00043927129064859,0.0304907059049058,0.498835680440043,0.711664838127582,6,1,100,0.128923194576792,-0.0838759804360953,6,1.96843222036127,0,-22.078823862,256,0.2,0.2,20,"both",0.128923194576792,-0.0838759804360953
"505","session1",-8.36787230540591,10.9305978208772,1.98918737197772,0.00043927129064859,0.0304907059049058,0.498835680440043,0.711664838127582,6,1,100,0.128923194576792,-0.0838759804360953,6,1.68853703011078,0,-24.52125,256,0.2,0.2,20,"both",0.128923194576792,-0.0838759804360953
"506","session1",-8.36787230540591,10.9305978208772,1.98918737197772,0.00043927129064859,0.0304907059049058,0.498835680440043,0.711664838127582,6,1,100,0.128923194576792,-0.0838759804360953,6,3.41228257253625,0,-11.87692,256,0.2,0.2,20,"both",0.128923194576792,-0.0838759804360953
"507","session1",-8.36787230540591,10.9305978208772,1.98918737197772,0.00043927129064859,0.0304907059049058,0.498835680440043,0.711664838127582,6,1,100,0.128923194576792,-0.0838759804360953,6,2.3863709471251,1,-9.29669,256,0.2,0.2,20,"both",0.128923194576792,-0.0838759804360953
"508","session1",-8.36787230540591,10.9305978208772,1.98918737197772,0.00043927129064859,0.0304907059049058,0.498835680440043,0.711664838127582,6,1,100,0.128923194576792,-0.0838759804360953,6,2.25137150641058,1,15.6025,256,0.2,0.2,20,"both",0.128923194576792,-0.0838759804360953
"509","session1",-8.36787230540591,10.9305978208772,1.98918737197772,0.00043927129064859,0.0304907059049058,0.498835680440043,0.711664838127582,6,1,100,0.128923194576792,-0.0838759804360953,6,2.59972889876604,0,-20.90751,256,0.2,0.2,20,"both",0.128923194576792,-0.0838759804360953
"510","session1",-8.36787230540591,10.9305978208772,1.98918737197772,0.00043927129064859,0.0304907059049058,0.498835680440043,0.711664838127582,6,1,100,0.128923194576792,-0.0838759804360953,6,2.04898579323461,0,-17.5641,256,0.2,0.2,20,"both",0.128923194576792,-0.0838759804360953
"511","session1",-8.36787230540591,10.9305978208772,1.98918737197772,0.00043927129064859,0.0304907059049058,0.498835680440043,0.711664838127582,6,1,100,0.128923194576792,-0.0838759804360953,6,2.59173260401126,1,-13.37373,256,0.2,0.2,20,"both",0.128923194576792,-0.0838759804360953
"512","session1",-8.36787230540591,10.9305978208772,1.98918737197772,0.00043927129064859,0.0304907059049058,0.498835680440043,0.711664838127582,6,1,100,0.128923194576792,-0.0838759804360953,6,1.56384979659527,0,-19.44808,256,0.2,0.2,20,"both",0.128923194576792,-0.0838759804360953
"513","session1",-8.36787230540591,10.9305978208772,1.98918737197772,0.00043927129064859,0.0304907059049058,0.498835680440043,0.711664838127582,6,1,100,0.128923194576792,-0.0838759804360953,6,2.11444633103966,0,-13.2764,256,0.2,0.2,20,"both",0.128923194576792,-0.0838759804360953
"514","session1",-8.36787230540591,10.9305978208772,1.98918737197772,0.00043927129064859,0.0304907059049058,0.498835680440043,0.711664838127582,6,1,100,0.128923194576792,-0.0838759804360953,6,2.27702989002037,0,-12.31059,256,0.2,0.2,20,"both",0.128923194576792,-0.0838759804360953
"515","session1",-8.36787230540591,10.9305978208772,1.98918737197772,0.00043927129064859,0.0304907059049058,0.498835680440043,0.711664838127582,6,1,100,0.128923194576792,-0.0838759804360953,6,1.96132732642,0,-22.91279,256,0.2,0.2,20,"both",0.128923194576792,-0.0838759804360953
"516","session1",-8.36787230540591,10.9305978208772,1.98918737197772,0.00043927129064859,0.0304907059049058,0.498835680440043,0.711664838127582,6,1,100,0.128923194576792,-0.0838759804360953,6,2.12508459162122,0,-12.76452,256,0.2,0.2,20,"both",0.128923194576792,-0.0838759804360953
"517","session1",-8.36787230540591,10.9305978208772,1.98918737197772,0.00043927129064859,0.0304907059049058,0.498835680440043,0.711664838127582,6,1,100,0.128923194576792,-0.0838759804360953,6,1.57251288490791,0,-4.26183,256,0.2,0.2,20,"both",0.128923194576792,-0.0838759804360953
"518","session1",-8.36787230540591,10.9305978208772,1.98918737197772,0.00043927129064859,0.0304907059049058,0.498835680440043,0.711664838127582,6,1,100,0.128923194576792,-0.0838759804360953,6,2.6235464658167,0,-20.22286,256,0.2,0.2,20,"both",0.128923194576792,-0.0838759804360953
"519","session1",-8.36787230540591,10.9305978208772,1.98918737197772,0.00043927129064859,0.0304907059049058,0.498835680440043,0.711664838127582,6,1,100,0.128923194576792,-0.0838759804360953,6,1.33678577508503,1,-15.82494,256,0.2,0.2,20,"both",0.128923194576792,-0.0838759804360953
"520","session1",-8.36787230540591,10.9305978208772,1.98918737197772,0.00043927129064859,0.0304907059049058,0.498835680440043,0.711664838127582,6,1,100,0.128923194576792,-0.0838759804360953,6,3.38806999213223,0,-11.14931,256,0.2,0.2,20,"both",0.128923194576792,-0.0838759804360953
"521","session1",-8.36787230540591,10.9305978208772,1.98918737197772,0.00043927129064859,0.0304907059049058,0.498835680440043,0.711664838127582,6,1,100,0.128923194576792,-0.0838759804360953,6,1.39108910903938,0,-26.7961,256,0.2,0.2,20,"both",0.128923194576792,-0.0838759804360953
"522","session1",-8.36787230540591,10.9305978208772,1.98918737197772,0.00043927129064859,0.0304907059049058,0.498835680440043,0.711664838127582,6,1,100,0.128923194576792,-0.0838759804360953,6,2.72571325393003,0,-10.48805,256,0.2,0.2,20,"both",0.128923194576792,-0.0838759804360953
"523","session1",-8.36787230540591,10.9305978208772,1.98918737197772,0.00043927129064859,0.0304907059049058,0.498835680440043,0.711664838127582,6,1,100,0.128923194576792,-0.0838759804360953,6,1.69712844895224,0,1.19728,256,0.2,0.2,20,"both",0.128923194576792,-0.0838759804360953
"524","session1",-8.36787230540591,10.9305978208772,1.98918737197772,0.00043927129064859,0.0304907059049058,0.498835680440043,0.711664838127582,6,1,100,0.128923194576792,-0.0838759804360953,6,1.91958159310947,1,1.48313,256,0.2,0.2,20,"both",0.128923194576792,-0.0838759804360953
"525","session1",-8.36787230540591,10.9305978208772,1.98918737197772,0.00043927129064859,0.0304907059049058,0.498835680440043,0.711664838127582,6,1,100,0.128923194576792,-0.0838759804360953,6,3.95181391840851,1,-3.0908,256,0.2,0.2,20,"both",0.128923194576792,-0.0838759804360953
"526","session1",-8.36787230540591,10.9305978208772,1.98918737197772,0.00043927129064859,0.0304907059049058,0.498835680440043,0.711664838127582,6,1,100,0.128923194576792,-0.0838759804360953,6,1.16718569128427,0,-41.9927,256,0.2,0.2,20,"both",0.128923194576792,-0.0838759804360953
"527","session1",-8.36787230540591,10.9305978208772,1.98918737197772,0.00043927129064859,0.0304907059049058,0.498835680440043,0.711664838127582,6,1,100,0.128923194576792,-0.0838759804360953,6,1.79611527636006,1,9.0253,256,0.2,0.2,20,"both",0.128923194576792,-0.0838759804360953
"528","session1",-8.36787230540591,10.9305978208772,1.98918737197772,0.00043927129064859,0.0304907059049058,0.498835680440043,0.711664838127582,6,1,100,0.128923194576792,-0.0838759804360953,6,1.34362320346061,0,-5.47591892698,256,0.2,0.2,20,"both",0.128923194576792,-0.0838759804360953
"529","session1",-8.36787230540591,10.9305978208772,1.98918737197772,0.00043927129064859,0.0304907059049058,0.498835680440043,0.711664838127582,6,1,100,0.128923194576792,-0.0838759804360953,6,1.41346618262935,1,15.81504,256,0.2,0.2,20,"both",0.128923194576792,-0.0838759804360953
"530","session1",-8.36787230540591,10.9305978208772,1.98918737197772,0.00043927129064859,0.0304907059049058,0.498835680440043,0.711664838127582,6,1,100,0.128923194576792,-0.0838759804360953,6,2.55767288817957,0,-3.50661,256,0.2,0.2,20,"both",0.128923194576792,-0.0838759804360953
"531","session1",-8.36787230540591,10.9305978208772,1.98918737197772,0.00043927129064859,0.0304907059049058,0.498835680440043,0.711664838127582,6,1,100,0.128923194576792,-0.0838759804360953,6,1.18813404225963,1,16.36208,256,0.2,0.2,20,"both",0.128923194576792,-0.0838759804360953
"532","session1",-8.36787230540591,10.9305978208772,1.98918737197772,0.00043927129064859,0.0304907059049058,0.498835680440043,0.711664838127582,6,1,100,0.128923194576792,-0.0838759804360953,6,3.05876364861576,1,8.6478,256,0.2,0.2,20,"both",0.128923194576792,-0.0838759804360953
"533","session1",-8.36787230540591,10.9305978208772,1.98918737197772,0.00043927129064859,0.0304907059049058,0.498835680440043,0.711664838127582,6,1,100,0.128923194576792,-0.0838759804360953,6,2.80512264875033,0,-19.41157,256,0.2,0.2,20,"both",0.128923194576792,-0.0838759804360953
"534","session1",-8.36787230540591,10.9305978208772,1.98918737197772,0.00043927129064859,0.0304907059049058,0.498835680440043,0.711664838127582,6,1,100,0.128923194576792,-0.0838759804360953,6,1.70621226851972,1,10.61097,256,0.2,0.2,20,"both",0.128923194576792,-0.0838759804360953
"535","session1",-8.36787230540591,10.9305978208772,1.98918737197772,0.00043927129064859,0.0304907059049058,0.498835680440043,0.711664838127582,6,1,100,0.128923194576792,-0.0838759804360953,6,2.38640743619837,1,6.30872,256,0.2,0.2,20,"both",0.128923194576792,-0.0838759804360953
"536","session1",-8.36787230540591,10.9305978208772,1.98918737197772,0.00043927129064859,0.0304907059049058,0.498835680440043,0.711664838127582,6,1,100,0.128923194576792,-0.0838759804360953,6,2.78138825302081,1,4.012915,256,0.2,0.2,20,"both",0.128923194576792,-0.0838759804360953
"537","session1",-8.36787230540591,10.9305978208772,1.98918737197772,0.00043927129064859,0.0304907059049058,0.498835680440043,0.711664838127582,6,1,100,0.128923194576792,-0.0838759804360953,6,3.84705929454945,0,-19.83216,256,0.2,0.2,20,"both",0.128923194576792,-0.0838759804360953
"538","session1",-8.36787230540591,10.9305978208772,1.98918737197772,0.00043927129064859,0.0304907059049058,0.498835680440043,0.711664838127582,6,1,100,0.128923194576792,-0.0838759804360953,6,1.24338236173193,0,-29.652,256,0.2,0.2,20,"both",0.128923194576792,-0.0838759804360953
"539","session1",-8.36787230540591,10.9305978208772,1.98918737197772,0.00043927129064859,0.0304907059049058,0.498835680440043,0.711664838127582,6,1,100,0.128923194576792,-0.0838759804360953,6,1.49936760246195,1,8.37395,256,0.2,0.2,20,"both",0.128923194576792,-0.0838759804360953
"540","session1",-8.36787230540591,10.9305978208772,1.98918737197772,0.00043927129064859,0.0304907059049058,0.498835680440043,0.711664838127582,6,1,100,0.128923194576792,-0.0838759804360953,6,1.61967531860638,1,3.03298,256,0.2,0.2,20,"both",0.128923194576792,-0.0838759804360953
"541","session1",-8.36787230540591,10.9305978208772,1.98918737197772,0.00043927129064859,0.0304907059049058,0.498835680440043,0.711664838127582,6,1,100,0.128923194576792,-0.0838759804360953,6,2.00376598353693,1,3.37388,256,0.2,0.2,20,"both",0.128923194576792,-0.0838759804360953
"542","session1",-8.36787230540591,10.9305978208772,1.98918737197772,0.00043927129064859,0.0304907059049058,0.498835680440043,0.711664838127582,6,1,100,0.128923194576792,-0.0838759804360953,6,2.38389323745179,0,-23.79545,256,0.2,0.2,20,"both",0.128923194576792,-0.0838759804360953
"543","session1",-8.36787230540591,10.9305978208772,1.98918737197772,0.00043927129064859,0.0304907059049058,0.498835680440043,0.711664838127582,6,1,100,0.128923194576792,-0.0838759804360953,6,3.02257681626135,1,-0.0253000000000014,256,0.2,0.2,20,"both",0.128923194576792,-0.0838759804360953
"544","session1",-8.36787230540591,10.9305978208772,1.98918737197772,0.00043927129064859,0.0304907059049058,0.498835680440043,0.711664838127582,6,1,100,0.128923194576792,-0.0838759804360953,6,3.50122248212266,0,-11.37937,256,0.2,0.2,20,"both",0.128923194576792,-0.0838759804360953
"545","session1",-8.36787230540591,10.9305978208772,1.98918737197772,0.00043927129064859,0.0304907059049058,0.498835680440043,0.711664838127582,6,1,100,0.128923194576792,-0.0838759804360953,6,4.60215421369691,1,3.94746,256,0.2,0.2,20,"both",0.128923194576792,-0.0838759804360953
"546","session1",-8.36787230540591,10.9305978208772,1.98918737197772,0.00043927129064859,0.0304907059049058,0.498835680440043,0.711664838127582,6,1,100,0.128923194576792,-0.0838759804360953,6,3.10114544139355,0,-4.41078,256,0.2,0.2,20,"both",0.128923194576792,-0.0838759804360953
"547","session1",-8.36787230540591,10.9305978208772,1.98918737197772,0.00043927129064859,0.0304907059049058,0.498835680440043,0.711664838127582,6,1,100,0.128923194576792,-0.0838759804360953,6,1.76589751834396,0,-13.96184,256,0.2,0.2,20,"both",0.128923194576792,-0.0838759804360953
"548","session1",-8.36787230540591,10.9305978208772,1.98918737197772,0.00043927129064859,0.0304907059049058,0.498835680440043,0.711664838127582,6,1,100,0.128923194576792,-0.0838759804360953,6,3.47707921224493,1,5.18423,256,0.2,0.2,20,"both",0.128923194576792,-0.0838759804360953
"549","session1",-8.36787230540591,10.9305978208772,1.98918737197772,0.00043927129064859,0.0304907059049058,0.498835680440043,0.711664838127582,6,1,100,0.128923194576792,-0.0838759804360953,6,2.98737767947938,1,-5.20343,256,0.2,0.2,20,"both",0.128923194576792,-0.0838759804360953
"550","session1",-8.36787230540591,10.9305978208772,1.98918737197772,0.00043927129064859,0.0304907059049058,0.498835680440043,0.711664838127582,6,1,100,0.128923194576792,-0.0838759804360953,6,2.64852842526588,1,-3.86287,256,0.2,0.2,20,"both",0.128923194576792,-0.0838759804360953
"551","session1",-8.36787230540591,10.9305978208772,1.98918737197772,0.00043927129064859,0.0304907059049058,0.498835680440043,0.711664838127582,6,1,100,0.128923194576792,-0.0838759804360953,6,1.7569637351395,1,3.69797,256,0.2,0.2,20,"both",0.128923194576792,-0.0838759804360953
"552","session1",-8.36787230540591,10.9305978208772,1.98918737197772,0.00043927129064859,0.0304907059049058,0.498835680440043,0.711664838127582,6,1,100,0.128923194576792,-0.0838759804360953,6,3.28175966922427,0,-24.43896,256,0.2,0.2,20,"both",0.128923194576792,-0.0838759804360953
"553","session1",-8.36787230540591,10.9305978208772,1.98918737197772,0.00043927129064859,0.0304907059049058,0.498835680440043,0.711664838127582,6,1,100,0.128923194576792,-0.0838759804360953,6,2.42945539017922,0,2.35618,256,0.2,0.2,20,"both",0.128923194576792,-0.0838759804360953
"554","session1",-8.36787230540591,10.9305978208772,1.98918737197772,0.00043927129064859,0.0304907059049058,0.498835680440043,0.711664838127582,6,1,100,0.128923194576792,-0.0838759804360953,6,1.95578955958415,1,2.25628,256,0.2,0.2,20,"both",0.128923194576792,-0.0838759804360953
"555","session1",-8.36787230540591,10.9305978208772,1.98918737197772,0.00043927129064859,0.0304907059049058,0.498835680440043,0.711664838127582,6,1,100,0.128923194576792,-0.0838759804360953,6,3.52289753292892,1,-7.290586,256,0.2,0.2,20,"both",0.128923194576792,-0.0838759804360953
"556","session1",-8.36787230540591,10.9305978208772,1.98918737197772,0.00043927129064859,0.0304907059049058,0.498835680440043,0.711664838127582,6,1,100,0.128923194576792,-0.0838759804360953,6,2.27820307242755,0,-14.63877,256,0.2,0.2,20,"both",0.128923194576792,-0.0838759804360953
"557","session1",-8.36787230540591,10.9305978208772,1.98918737197772,0.00043927129064859,0.0304907059049058,0.498835680440043,0.711664838127582,6,1,100,0.128923194576792,-0.0838759804360953,6,2.28637091944022,1,-3.68059,256,0.2,0.2,20,"both",0.128923194576792,-0.0838759804360953
"558","session1",-8.36787230540591,10.9305978208772,1.98918737197772,0.00043927129064859,0.0304907059049058,0.498835680440043,0.711664838127582,6,1,100,0.128923194576792,-0.0838759804360953,6,3.15276579128648,0,-12.49695,256,0.2,0.2,20,"both",0.128923194576792,-0.0838759804360953
"559","session1",-8.36787230540591,10.9305978208772,1.98918737197772,0.00043927129064859,0.0304907059049058,0.498835680440043,0.711664838127582,6,1,100,0.128923194576792,-0.0838759804360953,6,2.07032024504912,0,-18.03509,256,0.2,0.2,20,"both",0.128923194576792,-0.0838759804360953
"560","session1",-8.36787230540591,10.9305978208772,1.98918737197772,0.00043927129064859,0.0304907059049058,0.498835680440043,0.711664838127582,6,1,100,0.128923194576792,-0.0838759804360953,6,8,1,0.557300000000001,256,0.2,0.2,20,"both",0.128923194576792,-0.0838759804360953
"561","session1",-8.36787230540591,10.9305978208772,1.98918737197772,0.00043927129064859,0.0304907059049058,0.498835680440043,0.711664838127582,6,1,100,0.128923194576792,-0.0838759804360953,6,1.97617828955459,1,-16.60666,256,0.2,0.2,20,"both",0.128923194576792,-0.0838759804360953
"562","session1",-8.36787230540591,10.9305978208772,1.98918737197772,0.00043927129064859,0.0304907059049058,0.498835680440043,0.711664838127582,6,1,100,0.128923194576792,-0.0838759804360953,6,3.05497219373214,0,-17.10487,256,0.2,0.2,20,"both",0.128923194576792,-0.0838759804360953
"563","session1",-8.36787230540591,10.9305978208772,1.98918737197772,0.00043927129064859,0.0304907059049058,0.498835680440043,0.711664838127582,6,1,100,0.128923194576792,-0.0838759804360953,6,3.58696033878285,0,-2.26479,256,0.2,0.2,20,"both",0.128923194576792,-0.0838759804360953
"564","session1",-8.36787230540591,10.9305978208772,1.98918737197772,0.00043927129064859,0.0304907059049058,0.498835680440043,0.711664838127582,6,1,100,0.128923194576792,-0.0838759804360953,6,2.14361937153027,0,-18.32767,256,0.2,0.2,20,"both",0.128923194576792,-0.0838759804360953
"565","session1",-8.36787230540591,10.9305978208772,1.98918737197772,0.00043927129064859,0.0304907059049058,0.498835680440043,0.711664838127582,6,1,100,0.128923194576792,-0.0838759804360953,6,1.87366108317733,0,-20.4182,256,0.2,0.2,20,"both",0.128923194576792,-0.0838759804360953
"566","session1",-8.36787230540591,10.9305978208772,1.98918737197772,0.00043927129064859,0.0304907059049058,0.498835680440043,0.711664838127582,6,1,100,0.128923194576792,-0.0838759804360953,6,2.595614898744,1,6.13594,256,0.2,0.2,20,"both",0.128923194576792,-0.0838759804360953
"567","session1",-8.36787230540591,10.9305978208772,1.98918737197772,0.00043927129064859,0.0304907059049058,0.498835680440043,0.711664838127582,6,1,100,0.128923194576792,-0.0838759804360953,6,3.49138484778527,1,-14.26544,256,0.2,0.2,20,"both",0.128923194576792,-0.0838759804360953
"568","session1",-8.36787230540591,10.9305978208772,1.98918737197772,0.00043927129064859,0.0304907059049058,0.498835680440043,0.711664838127582,6,1,100,0.128923194576792,-0.0838759804360953,6,2.03828607744008,0,2.36386,256,0.2,0.2,20,"both",0.128923194576792,-0.0838759804360953
"569","session1",-8.36787230540591,10.9305978208772,1.98918737197772,0.00043927129064859,0.0304907059049058,0.498835680440043,0.711664838127582,6,1,100,0.128923194576792,-0.0838759804360953,6,1.98104231348951,1,14.62618,256,0.2,0.2,20,"both",0.128923194576792,-0.0838759804360953
"570","session1",-8.36787230540591,10.9305978208772,1.98918737197772,0.00043927129064859,0.0304907059049058,0.498835680440043,0.711664838127582,6,1,100,0.128923194576792,-0.0838759804360953,6,4.52804571020429,0,-17.68753,256,0.2,0.2,20,"both",0.128923194576792,-0.0838759804360953
"571","session1",-8.36787230540591,10.9305978208772,1.98918737197772,0.00043927129064859,0.0304907059049058,0.498835680440043,0.711664838127582,6,1,100,0.128923194576792,-0.0838759804360953,6,3.23005475244366,1,1.31624,256,0.2,0.2,20,"both",0.128923194576792,-0.0838759804360953
"572","session1",-8.36787230540591,10.9305978208772,1.98918737197772,0.00043927129064859,0.0304907059049058,0.498835680440043,0.711664838127582,6,1,100,0.128923194576792,-0.0838759804360953,6,1.3269946360745,0,-15.18379,256,0.2,0.2,20,"both",0.128923194576792,-0.0838759804360953
"573","session1",-8.36787230540591,10.9305978208772,1.98918737197772,0.00043927129064859,0.0304907059049058,0.498835680440043,0.711664838127582,6,1,100,0.128923194576792,-0.0838759804360953,6,1.90599588066882,1,-0.2959,256,0.2,0.2,20,"both",0.128923194576792,-0.0838759804360953
"574","session1",-8.36787230540591,10.9305978208772,1.98918737197772,0.00043927129064859,0.0304907059049058,0.498835680440043,0.711664838127582,6,1,100,0.128923194576792,-0.0838759804360953,6,1.54634704628073,0,-17.7835,256,0.2,0.2,20,"both",0.128923194576792,-0.0838759804360953
"575","session1",-8.36787230540591,10.9305978208772,1.98918737197772,0.00043927129064859,0.0304907059049058,0.498835680440043,0.711664838127582,6,1,100,0.128923194576792,-0.0838759804360953,6,1.25378863581811,1,-16.36981,256,0.2,0.2,20,"both",0.128923194576792,-0.0838759804360953
"576","session1",-8.36787230540591,10.9305978208772,1.98918737197772,0.00043927129064859,0.0304907059049058,0.498835680440043,0.711664838127582,6,1,100,0.128923194576792,-0.0838759804360953,6,6.02711574780535,0,-14.7457,256,0.2,0.2,20,"both",0.128923194576792,-0.0838759804360953
"577","session1",-8.36787230540591,10.9305978208772,1.98918737197772,0.00043927129064859,0.0304907059049058,0.498835680440043,0.711664838127582,6,1,100,0.128923194576792,-0.0838759804360953,6,2.38505863338711,0,2.67047,256,0.2,0.2,20,"both",0.128923194576792,-0.0838759804360953
"578","session1",-8.36787230540591,10.9305978208772,1.98918737197772,0.00043927129064859,0.0304907059049058,0.498835680440043,0.711664838127582,6,1,100,0.128923194576792,-0.0838759804360953,6,1.64200339224826,1,-1.42546,256,0.2,0.2,20,"both",0.128923194576792,-0.0838759804360953
"579","session1",-8.36787230540591,10.9305978208772,1.98918737197772,0.00043927129064859,0.0304907059049058,0.498835680440043,0.711664838127582,6,1,100,0.128923194576792,-0.0838759804360953,6,3.3573409399703,1,-21.0294,256,0.2,0.2,20,"both",0.128923194576792,-0.0838759804360953
"580","session1",-8.36787230540591,10.9305978208772,1.98918737197772,0.00043927129064859,0.0304907059049058,0.498835680440043,0.711664838127582,6,1,100,0.128923194576792,-0.0838759804360953,6,1.3251802647613,1,1.37511,256,0.2,0.2,20,"both",0.128923194576792,-0.0838759804360953
"581","session1",-8.36787230540591,10.9305978208772,1.98918737197772,0.00043927129064859,0.0304907059049058,0.498835680440043,0.711664838127582,6,1,100,0.128923194576792,-0.0838759804360953,6,3.59489126842539,1,6.44959,256,0.2,0.2,20,"both",0.128923194576792,-0.0838759804360953
"582","session1",-8.36787230540591,10.9305978208772,1.98918737197772,0.00043927129064859,0.0304907059049058,0.498835680440043,0.711664838127582,6,1,100,0.128923194576792,-0.0838759804360953,6,2.41373473655319,0,3.55985,256,0.2,0.2,20,"both",0.128923194576792,-0.0838759804360953
"583","session1",-8.36787230540591,10.9305978208772,1.98918737197772,0.00043927129064859,0.0304907059049058,0.498835680440043,0.711664838127582,6,1,100,0.128923194576792,-0.0838759804360953,6,1.30100603354584,0,0.78776,256,0.2,0.2,20,"both",0.128923194576792,-0.0838759804360953
"584","session1",-8.36787230540591,10.9305978208772,1.98918737197772,0.00043927129064859,0.0304907059049058,0.498835680440043,0.711664838127582,6,1,100,0.128923194576792,-0.0838759804360953,6,2.75630090539984,1,5.69317,256,0.2,0.2,20,"both",0.128923194576792,-0.0838759804360953
"585","session1",-8.36787230540591,10.9305978208772,1.98918737197772,0.00043927129064859,0.0304907059049058,0.498835680440043,0.711664838127582,6,1,100,0.128923194576792,-0.0838759804360953,6,1.71860124154579,1,3.14857,256,0.2,0.2,20,"both",0.128923194576792,-0.0838759804360953
"586","session1",-8.36787230540591,10.9305978208772,1.98918737197772,0.00043927129064859,0.0304907059049058,0.498835680440043,0.711664838127582,6,1,100,0.128923194576792,-0.0838759804360953,6,1.44913792845865,0,-18.65983,256,0.2,0.2,20,"both",0.128923194576792,-0.0838759804360953
"587","session1",-8.36787230540591,10.9305978208772,1.98918737197772,0.00043927129064859,0.0304907059049058,0.498835680440043,0.711664838127582,6,1,100,0.128923194576792,-0.0838759804360953,6,1.33737277722441,0,-17.41973,256,0.2,0.2,20,"both",0.128923194576792,-0.0838759804360953
"588","session1",-8.36787230540591,10.9305978208772,1.98918737197772,0.00043927129064859,0.0304907059049058,0.498835680440043,0.711664838127582,6,1,100,0.128923194576792,-0.0838759804360953,6,1.93258104422958,0,-14.53882,256,0.2,0.2,20,"both",0.128923194576792,-0.0838759804360953
"589","session1",-8.36787230540591,10.9305978208772,1.98918737197772,0.00043927129064859,0.0304907059049058,0.498835680440043,0.711664838127582,6,1,100,0.128923194576792,-0.0838759804360953,6,2.02991530907936,1,-0.0920799999999993,256,0.2,0.2,20,"both",0.128923194576792,-0.0838759804360953
"590","session1",-8.36787230540591,10.9305978208772,1.98918737197772,0.00043927129064859,0.0304907059049058,0.498835680440043,0.711664838127582,6,1,100,0.128923194576792,-0.0838759804360953,6,1.79312943175478,0,-11.84162,256,0.2,0.2,20,"both",0.128923194576792,-0.0838759804360953
"591","session1",-8.36787230540591,10.9305978208772,1.98918737197772,0.00043927129064859,0.0304907059049058,0.498835680440043,0.711664838127582,6,1,100,0.128923194576792,-0.0838759804360953,6,2.03661253031593,1,-23.114,256,0.2,0.2,20,"both",0.128923194576792,-0.0838759804360953
"592","session1",-8.36787230540591,10.9305978208772,1.98918737197772,0.00043927129064859,0.0304907059049058,0.498835680440043,0.711664838127582,6,1,100,0.128923194576792,-0.0838759804360953,6,1.64776195106859,1,-2.57224,256,0.2,0.2,20,"both",0.128923194576792,-0.0838759804360953
"593","session1",-8.36787230540591,10.9305978208772,1.98918737197772,0.00043927129064859,0.0304907059049058,0.498835680440043,0.711664838127582,6,1,100,0.128923194576792,-0.0838759804360953,6,2.00596543460223,0,-17.44998,256,0.2,0.2,20,"both",0.128923194576792,-0.0838759804360953
"594","session1",-8.36787230540591,10.9305978208772,1.98918737197772,0.00043927129064859,0.0304907059049058,0.498835680440043,0.711664838127582,6,1,100,0.128923194576792,-0.0838759804360953,6,2.93489416784799,1,3.1562,256,0.2,0.2,20,"both",0.128923194576792,-0.0838759804360953
"595","session1",-8.36787230540591,10.9305978208772,1.98918737197772,0.00043927129064859,0.0304907059049058,0.498835680440043,0.711664838127582,6,1,100,0.128923194576792,-0.0838759804360953,6,2.60180109364209,1,7.82952,256,0.2,0.2,20,"both",0.128923194576792,-0.0838759804360953
"596","session1",-8.36787230540591,10.9305978208772,1.98918737197772,0.00043927129064859,0.0304907059049058,0.498835680440043,0.711664838127582,6,1,100,0.128923194576792,-0.0838759804360953,6,2.52965929600613,0,-12.67666,256,0.2,0.2,20,"both",0.128923194576792,-0.0838759804360953
"597","session1",-8.36787230540591,10.9305978208772,1.98918737197772,0.00043927129064859,0.0304907059049058,0.498835680440043,0.711664838127582,6,1,100,0.128923194576792,-0.0838759804360953,6,2.44863295299602,1,10.16031,256,0.2,0.2,20,"both",0.128923194576792,-0.0838759804360953
"598","session1",-8.36787230540591,10.9305978208772,1.98918737197772,0.00043927129064859,0.0304907059049058,0.498835680440043,0.711664838127582,6,1,100,0.128923194576792,-0.0838759804360953,6,2.22239263611646,1,-3.28981,256,0.2,0.2,20,"both",0.128923194576792,-0.0838759804360953
"599","session1",-8.36787230540591,10.9305978208772,1.98918737197772,0.00043927129064859,0.0304907059049058,0.498835680440043,0.711664838127582,6,1,100,0.128923194576792,-0.0838759804360953,6,1.81015028526397,0,1.20773,256,0.2,0.2,20,"both",0.128923194576792,-0.0838759804360953
"600","session1",-8.36787230540591,10.9305978208772,1.98918737197772,0.00043927129064859,0.0304907059049058,0.498835680440043,0.711664838127582,6,1,100,0.128923194576792,-0.0838759804360953,6,1.17579283734768,1,4.16769,256,0.2,0.2,20,"both",0.128923194576792,-0.0838759804360953
"601","session1",-5.65886282256699,13.8587678984309,1.89900530666864,0.000316195232747969,0.409599520352659,0.35185534446845,0.603820816923858,7,1,100,0.128923194576792,-0.0838759804360953,7,4.49295809437256,1,-9.263387584256,256,0.2,0.2,20,"both",0.128923194576792,-0.0838759804360953
"602","session1",-5.65886282256699,13.8587678984309,1.89900530666864,0.000316195232747969,0.409599520352659,0.35185534446845,0.603820816923858,7,1,100,0.128923194576792,-0.0838759804360953,7,3.34919231451567,0,-12.0448596977,256,0.2,0.2,20,"both",0.128923194576792,-0.0838759804360953
"603","session1",-5.65886282256699,13.8587678984309,1.89900530666864,0.000316195232747969,0.409599520352659,0.35185534446845,0.603820816923858,7,1,100,0.128923194576792,-0.0838759804360953,7,2.44066829271954,1,-3.8482704482,256,0.2,0.2,20,"both",0.128923194576792,-0.0838759804360953
"604","session1",-5.65886282256699,13.8587678984309,1.89900530666864,0.000316195232747969,0.409599520352659,0.35185534446845,0.603820816923858,7,1,100,0.128923194576792,-0.0838759804360953,7,5.32172699383702,0,-9.6097222367,256,0.2,0.2,20,"both",0.128923194576792,-0.0838759804360953
"605","session1",-5.65886282256699,13.8587678984309,1.89900530666864,0.000316195232747969,0.409599520352659,0.35185534446845,0.603820816923858,7,1,100,0.128923194576792,-0.0838759804360953,7,3.68689512831737,1,7.210243,256,0.2,0.2,20,"both",0.128923194576792,-0.0838759804360953
"606","session1",-5.65886282256699,13.8587678984309,1.89900530666864,0.000316195232747969,0.409599520352659,0.35185534446845,0.603820816923858,7,1,100,0.128923194576792,-0.0838759804360953,7,3.97082010048889,0,-17.81808,256,0.2,0.2,20,"both",0.128923194576792,-0.0838759804360953
"607","session1",-5.65886282256699,13.8587678984309,1.89900530666864,0.000316195232747969,0.409599520352659,0.35185534446845,0.603820816923858,7,1,100,0.128923194576792,-0.0838759804360953,7,3.48454104816129,0,-18.07071,256,0.2,0.2,20,"both",0.128923194576792,-0.0838759804360953
"608","session1",-5.65886282256699,13.8587678984309,1.89900530666864,0.000316195232747969,0.409599520352659,0.35185534446845,0.603820816923858,7,1,100,0.128923194576792,-0.0838759804360953,7,2.3572661930185,0,-12.67094,256,0.2,0.2,20,"both",0.128923194576792,-0.0838759804360953
"609","session1",-5.65886282256699,13.8587678984309,1.89900530666864,0.000316195232747969,0.409599520352659,0.35185534446845,0.603820816923858,7,1,100,0.128923194576792,-0.0838759804360953,7,2.46583732683502,0,-14.56035,256,0.2,0.2,20,"both",0.128923194576792,-0.0838759804360953
"610","session1",-5.65886282256699,13.8587678984309,1.89900530666864,0.000316195232747969,0.409599520352659,0.35185534446845,0.603820816923858,7,1,100,0.128923194576792,-0.0838759804360953,7,3.0013697232151,1,-4.01491,256,0.2,0.2,20,"both",0.128923194576792,-0.0838759804360953
"611","session1",-5.65886282256699,13.8587678984309,1.89900530666864,0.000316195232747969,0.409599520352659,0.35185534446845,0.603820816923858,7,1,100,0.128923194576792,-0.0838759804360953,7,3.25625337243688,0,-12.01078,256,0.2,0.2,20,"both",0.128923194576792,-0.0838759804360953
"612","session1",-5.65886282256699,13.8587678984309,1.89900530666864,0.000316195232747969,0.409599520352659,0.35185534446845,0.603820816923858,7,1,100,0.128923194576792,-0.0838759804360953,7,2.56279299975523,0,-10.88229,256,0.2,0.2,20,"both",0.128923194576792,-0.0838759804360953
"613","session1",-5.65886282256699,13.8587678984309,1.89900530666864,0.000316195232747969,0.409599520352659,0.35185534446845,0.603820816923858,7,1,100,0.128923194576792,-0.0838759804360953,7,3.54688663021722,0,-8.34021,256,0.2,0.2,20,"both",0.128923194576792,-0.0838759804360953
"614","session1",-5.65886282256699,13.8587678984309,1.89900530666864,0.000316195232747969,0.409599520352659,0.35185534446845,0.603820816923858,7,1,100,0.128923194576792,-0.0838759804360953,7,4.0306583501067,1,-7.09752,256,0.2,0.2,20,"both",0.128923194576792,-0.0838759804360953
"615","session1",-5.65886282256699,13.8587678984309,1.89900530666864,0.000316195232747969,0.409599520352659,0.35185534446845,0.603820816923858,7,1,100,0.128923194576792,-0.0838759804360953,7,2.72877325134608,1,-6.17704,256,0.2,0.2,20,"both",0.128923194576792,-0.0838759804360953
"616","session1",-5.65886282256699,13.8587678984309,1.89900530666864,0.000316195232747969,0.409599520352659,0.35185534446845,0.603820816923858,7,1,100,0.128923194576792,-0.0838759804360953,7,2.1011180541088,0,-10.58989,256,0.2,0.2,20,"both",0.128923194576792,-0.0838759804360953
"617","session1",-5.65886282256699,13.8587678984309,1.89900530666864,0.000316195232747969,0.409599520352659,0.35185534446845,0.603820816923858,7,1,100,0.128923194576792,-0.0838759804360953,7,1.85806420815426,1,-7.92508,256,0.2,0.2,20,"both",0.128923194576792,-0.0838759804360953
"618","session1",-5.65886282256699,13.8587678984309,1.89900530666864,0.000316195232747969,0.409599520352659,0.35185534446845,0.603820816923858,7,1,100,0.128923194576792,-0.0838759804360953,7,1.8331993125698,0,-10.04072,256,0.2,0.2,20,"both",0.128923194576792,-0.0838759804360953
"619","session1",-5.65886282256699,13.8587678984309,1.89900530666864,0.000316195232747969,0.409599520352659,0.35185534446845,0.603820816923858,7,1,100,0.128923194576792,-0.0838759804360953,7,2.53932267466718,1,-2.10859,256,0.2,0.2,20,"both",0.128923194576792,-0.0838759804360953
"620","session1",-5.65886282256699,13.8587678984309,1.89900530666864,0.000316195232747969,0.409599520352659,0.35185534446845,0.603820816923858,7,1,100,0.128923194576792,-0.0838759804360953,7,2.82155967404382,1,-8.31927,256,0.2,0.2,20,"both",0.128923194576792,-0.0838759804360953
"621","session1",-5.65886282256699,13.8587678984309,1.89900530666864,0.000316195232747969,0.409599520352659,0.35185534446845,0.603820816923858,7,1,100,0.128923194576792,-0.0838759804360953,7,1.96191336455219,1,-3.45867,256,0.2,0.2,20,"both",0.128923194576792,-0.0838759804360953
"622","session1",-5.65886282256699,13.8587678984309,1.89900530666864,0.000316195232747969,0.409599520352659,0.35185534446845,0.603820816923858,7,1,100,0.128923194576792,-0.0838759804360953,7,3.48426844122531,0,-10.56439,256,0.2,0.2,20,"both",0.128923194576792,-0.0838759804360953
"623","session1",-5.65886282256699,13.8587678984309,1.89900530666864,0.000316195232747969,0.409599520352659,0.35185534446845,0.603820816923858,7,1,100,0.128923194576792,-0.0838759804360953,7,2.14874556508836,0,-11.14032,256,0.2,0.2,20,"both",0.128923194576792,-0.0838759804360953
"624","session1",-5.65886282256699,13.8587678984309,1.89900530666864,0.000316195232747969,0.409599520352659,0.35185534446845,0.603820816923858,7,1,100,0.128923194576792,-0.0838759804360953,7,2.35777903583369,0,-9.64262,256,0.2,0.2,20,"both",0.128923194576792,-0.0838759804360953
"625","session1",-5.65886282256699,13.8587678984309,1.89900530666864,0.000316195232747969,0.409599520352659,0.35185534446845,0.603820816923858,7,1,100,0.128923194576792,-0.0838759804360953,7,2.8541219751211,1,-6.31037,256,0.2,0.2,20,"both",0.128923194576792,-0.0838759804360953
"626","session1",-5.65886282256699,13.8587678984309,1.89900530666864,0.000316195232747969,0.409599520352659,0.35185534446845,0.603820816923858,7,1,100,0.128923194576792,-0.0838759804360953,7,2.00277698102291,0,-11.36541,256,0.2,0.2,20,"both",0.128923194576792,-0.0838759804360953
"627","session1",-5.65886282256699,13.8587678984309,1.89900530666864,0.000316195232747969,0.409599520352659,0.35185534446845,0.603820816923858,7,1,100,0.128923194576792,-0.0838759804360953,7,2.95498683390277,1,-7.94448,256,0.2,0.2,20,"both",0.128923194576792,-0.0838759804360953
"628","session1",-5.65886282256699,13.8587678984309,1.89900530666864,0.000316195232747969,0.409599520352659,0.35185534446845,0.603820816923858,7,1,100,0.128923194576792,-0.0838759804360953,7,3.22287813917228,1,-10.9636,256,0.2,0.2,20,"both",0.128923194576792,-0.0838759804360953
"629","session1",-5.65886282256699,13.8587678984309,1.89900530666864,0.000316195232747969,0.409599520352659,0.35185534446845,0.603820816923858,7,1,100,0.128923194576792,-0.0838759804360953,7,2.24394051355868,1,-5.53073,256,0.2,0.2,20,"both",0.128923194576792,-0.0838759804360953
"630","session1",-5.65886282256699,13.8587678984309,1.89900530666864,0.000316195232747969,0.409599520352659,0.35185534446845,0.603820816923858,7,1,100,0.128923194576792,-0.0838759804360953,7,2.41081399877209,1,-6.52821,256,0.2,0.2,20,"both",0.128923194576792,-0.0838759804360953
"631","session1",-5.65886282256699,13.8587678984309,1.89900530666864,0.000316195232747969,0.409599520352659,0.35185534446845,0.603820816923858,7,1,100,0.128923194576792,-0.0838759804360953,7,3.01043197574145,0,-11.05727,256,0.2,0.2,20,"both",0.128923194576792,-0.0838759804360953
"632","session1",-5.65886282256699,13.8587678984309,1.89900530666864,0.000316195232747969,0.409599520352659,0.35185534446845,0.603820816923858,7,1,100,0.128923194576792,-0.0838759804360953,7,2.11962411153629,0,-7.71976,256,0.2,0.2,20,"both",0.128923194576792,-0.0838759804360953
"633","session1",-5.65886282256699,13.8587678984309,1.89900530666864,0.000316195232747969,0.409599520352659,0.35185534446845,0.603820816923858,7,1,100,0.128923194576792,-0.0838759804360953,7,2.47197644837952,1,-15.46856,256,0.2,0.2,20,"both",0.128923194576792,-0.0838759804360953
"634","session1",-5.65886282256699,13.8587678984309,1.89900530666864,0.000316195232747969,0.409599520352659,0.35185534446845,0.603820816923858,7,1,100,0.128923194576792,-0.0838759804360953,7,2.73678287376573,0,-6.9598,256,0.2,0.2,20,"both",0.128923194576792,-0.0838759804360953
"635","session1",-5.65886282256699,13.8587678984309,1.89900530666864,0.000316195232747969,0.409599520352659,0.35185534446845,0.603820816923858,7,1,100,0.128923194576792,-0.0838759804360953,7,2.76673538487233,0,-7.24757,256,0.2,0.2,20,"both",0.128923194576792,-0.0838759804360953
"636","session1",-5.65886282256699,13.8587678984309,1.89900530666864,0.000316195232747969,0.409599520352659,0.35185534446845,0.603820816923858,7,1,100,0.128923194576792,-0.0838759804360953,7,2.9297232680459,0,-7.5329,256,0.2,0.2,20,"both",0.128923194576792,-0.0838759804360953
"637","session1",-5.65886282256699,13.8587678984309,1.89900530666864,0.000316195232747969,0.409599520352659,0.35185534446845,0.603820816923858,7,1,100,0.128923194576792,-0.0838759804360953,7,2.95074155573299,0,-6.89203,256,0.2,0.2,20,"both",0.128923194576792,-0.0838759804360953
"638","session1",-5.65886282256699,13.8587678984309,1.89900530666864,0.000316195232747969,0.409599520352659,0.35185534446845,0.603820816923858,7,1,100,0.128923194576792,-0.0838759804360953,7,4.37420469947511,1,-6.81836,256,0.2,0.2,20,"both",0.128923194576792,-0.0838759804360953
"639","session1",-5.65886282256699,13.8587678984309,1.89900530666864,0.000316195232747969,0.409599520352659,0.35185534446845,0.603820816923858,7,1,100,0.128923194576792,-0.0838759804360953,7,3.65287058167724,1,-7.01975,256,0.2,0.2,20,"both",0.128923194576792,-0.0838759804360953
"640","session1",-5.65886282256699,13.8587678984309,1.89900530666864,0.000316195232747969,0.409599520352659,0.35185534446845,0.603820816923858,7,1,100,0.128923194576792,-0.0838759804360953,7,2.64126140202898,1,-4.80184,256,0.2,0.2,20,"both",0.128923194576792,-0.0838759804360953
"641","session1",-5.65886282256699,13.8587678984309,1.89900530666864,0.000316195232747969,0.409599520352659,0.35185534446845,0.603820816923858,7,1,100,0.128923194576792,-0.0838759804360953,7,1.78032940206006,0,-12.26299,256,0.2,0.2,20,"both",0.128923194576792,-0.0838759804360953
"642","session1",-5.65886282256699,13.8587678984309,1.89900530666864,0.000316195232747969,0.409599520352659,0.35185534446845,0.603820816923858,7,1,100,0.128923194576792,-0.0838759804360953,7,1.95252558327624,0,-8.70335,256,0.2,0.2,20,"both",0.128923194576792,-0.0838759804360953
"643","session1",-5.65886282256699,13.8587678984309,1.89900530666864,0.000316195232747969,0.409599520352659,0.35185534446845,0.603820816923858,7,1,100,0.128923194576792,-0.0838759804360953,7,4.11564733890985,0,-5.36174,256,0.2,0.2,20,"both",0.128923194576792,-0.0838759804360953
"644","session1",-5.65886282256699,13.8587678984309,1.89900530666864,0.000316195232747969,0.409599520352659,0.35185534446845,0.603820816923858,7,1,100,0.128923194576792,-0.0838759804360953,7,5.01181382506284,1,-4.88863,256,0.2,0.2,20,"both",0.128923194576792,-0.0838759804360953
"645","session1",-5.65886282256699,13.8587678984309,1.89900530666864,0.000316195232747969,0.409599520352659,0.35185534446845,0.603820816923858,7,1,100,0.128923194576792,-0.0838759804360953,7,2.95065402492932,0,-2.37585,256,0.2,0.2,20,"both",0.128923194576792,-0.0838759804360953
"646","session1",-5.65886282256699,13.8587678984309,1.89900530666864,0.000316195232747969,0.409599520352659,0.35185534446845,0.603820816923858,7,1,100,0.128923194576792,-0.0838759804360953,7,4.14951666809033,0,-3.58446,256,0.2,0.2,20,"both",0.128923194576792,-0.0838759804360953
"647","session1",-5.65886282256699,13.8587678984309,1.89900530666864,0.000316195232747969,0.409599520352659,0.35185534446845,0.603820816923858,7,1,100,0.128923194576792,-0.0838759804360953,7,2.95740887720561,0,-8.52541,256,0.2,0.2,20,"both",0.128923194576792,-0.0838759804360953
"648","session1",-5.65886282256699,13.8587678984309,1.89900530666864,0.000316195232747969,0.409599520352659,0.35185534446845,0.603820816923858,7,1,100,0.128923194576792,-0.0838759804360953,7,2.1558515766547,1,-7.09868161,256,0.2,0.2,20,"both",0.128923194576792,-0.0838759804360953
"649","session1",-5.65886282256699,13.8587678984309,1.89900530666864,0.000316195232747969,0.409599520352659,0.35185534446845,0.603820816923858,7,1,100,0.128923194576792,-0.0838759804360953,7,2.25638632484125,1,-0.60752,256,0.2,0.2,20,"both",0.128923194576792,-0.0838759804360953
"650","session1",-5.65886282256699,13.8587678984309,1.89900530666864,0.000316195232747969,0.409599520352659,0.35185534446845,0.603820816923858,7,1,100,0.128923194576792,-0.0838759804360953,7,4.25923973033956,1,-4.11068,256,0.2,0.2,20,"both",0.128923194576792,-0.0838759804360953
"651","session1",-5.65886282256699,13.8587678984309,1.89900530666864,0.000316195232747969,0.409599520352659,0.35185534446845,0.603820816923858,7,1,100,0.128923194576792,-0.0838759804360953,7,2.8604618738034,1,-9.25669,256,0.2,0.2,20,"both",0.128923194576792,-0.0838759804360953
"652","session1",-5.65886282256699,13.8587678984309,1.89900530666864,0.000316195232747969,0.409599520352659,0.35185534446845,0.603820816923858,7,1,100,0.128923194576792,-0.0838759804360953,7,2.54398095639717,0,-11.52066,256,0.2,0.2,20,"both",0.128923194576792,-0.0838759804360953
"653","session1",-5.65886282256699,13.8587678984309,1.89900530666864,0.000316195232747969,0.409599520352659,0.35185534446845,0.603820816923858,7,1,100,0.128923194576792,-0.0838759804360953,7,2.85902097998789,1,-12.52615,256,0.2,0.2,20,"both",0.128923194576792,-0.0838759804360953
"654","session1",-5.65886282256699,13.8587678984309,1.89900530666864,0.000316195232747969,0.409599520352659,0.35185534446845,0.603820816923858,7,1,100,0.128923194576792,-0.0838759804360953,7,6.48304675613655,1,-6.61175,256,0.2,0.2,20,"both",0.128923194576792,-0.0838759804360953
"655","session1",-5.65886282256699,13.8587678984309,1.89900530666864,0.000316195232747969,0.409599520352659,0.35185534446845,0.603820816923858,7,1,100,0.128923194576792,-0.0838759804360953,7,1.83715014122308,0,-14.22271,256,0.2,0.2,20,"both",0.128923194576792,-0.0838759804360953
"656","session1",-5.65886282256699,13.8587678984309,1.89900530666864,0.000316195232747969,0.409599520352659,0.35185534446845,0.603820816923858,7,1,100,0.128923194576792,-0.0838759804360953,7,2.64528205159323,0,-14.24756,256,0.2,0.2,20,"both",0.128923194576792,-0.0838759804360953
"657","session1",-5.65886282256699,13.8587678984309,1.89900530666864,0.000316195232747969,0.409599520352659,0.35185534446845,0.603820816923858,7,1,100,0.128923194576792,-0.0838759804360953,7,4.60703237241433,0,-11.85773,256,0.2,0.2,20,"both",0.128923194576792,-0.0838759804360953
"658","session1",-5.65886282256699,13.8587678984309,1.89900530666864,0.000316195232747969,0.409599520352659,0.35185534446845,0.603820816923858,7,1,100,0.128923194576792,-0.0838759804360953,7,2.35097523076179,1,-16.07969,256,0.2,0.2,20,"both",0.128923194576792,-0.0838759804360953
"659","session1",-5.65886282256699,13.8587678984309,1.89900530666864,0.000316195232747969,0.409599520352659,0.35185534446845,0.603820816923858,7,1,100,0.128923194576792,-0.0838759804360953,7,3.40716282416555,1,-10.74365,256,0.2,0.2,20,"both",0.128923194576792,-0.0838759804360953
"660","session1",-5.65886282256699,13.8587678984309,1.89900530666864,0.000316195232747969,0.409599520352659,0.35185534446845,0.603820816923858,7,1,100,0.128923194576792,-0.0838759804360953,7,2.7210286835354,1,2.43206,256,0.2,0.2,20,"both",0.128923194576792,-0.0838759804360953
"661","session1",-5.65886282256699,13.8587678984309,1.89900530666864,0.000316195232747969,0.409599520352659,0.35185534446845,0.603820816923858,7,1,100,0.128923194576792,-0.0838759804360953,7,3.38528687816971,0,-27.8046,256,0.2,0.2,20,"both",0.128923194576792,-0.0838759804360953
"662","session1",-5.65886282256699,13.8587678984309,1.89900530666864,0.000316195232747969,0.409599520352659,0.35185534446845,0.603820816923858,7,1,100,0.128923194576792,-0.0838759804360953,7,3.41728924325827,0,-11.0716,256,0.2,0.2,20,"both",0.128923194576792,-0.0838759804360953
"663","session1",-5.65886282256699,13.8587678984309,1.89900530666864,0.000316195232747969,0.409599520352659,0.35185534446845,0.603820816923858,7,1,100,0.128923194576792,-0.0838759804360953,7,2.0896139914342,0,-9.65743,256,0.2,0.2,20,"both",0.128923194576792,-0.0838759804360953
"664","session1",-5.65886282256699,13.8587678984309,1.89900530666864,0.000316195232747969,0.409599520352659,0.35185534446845,0.603820816923858,7,1,100,0.128923194576792,-0.0838759804360953,7,3.09637870919129,1,-8.5987,256,0.2,0.2,20,"both",0.128923194576792,-0.0838759804360953
"665","session1",-5.65886282256699,13.8587678984309,1.89900530666864,0.000316195232747969,0.409599520352659,0.35185534446845,0.603820816923858,7,1,100,0.128923194576792,-0.0838759804360953,7,2.28461728779673,0,-6.71422,256,0.2,0.2,20,"both",0.128923194576792,-0.0838759804360953
"666","session1",-5.65886282256699,13.8587678984309,1.89900530666864,0.000316195232747969,0.409599520352659,0.35185534446845,0.603820816923858,7,1,100,0.128923194576792,-0.0838759804360953,7,2.28958626435819,0,-10.78781,256,0.2,0.2,20,"both",0.128923194576792,-0.0838759804360953
"667","session1",-5.65886282256699,13.8587678984309,1.89900530666864,0.000316195232747969,0.409599520352659,0.35185534446845,0.603820816923858,7,1,100,0.128923194576792,-0.0838759804360953,7,2.30191992518285,0,-9.27869,256,0.2,0.2,20,"both",0.128923194576792,-0.0838759804360953
"668","session1",-5.65886282256699,13.8587678984309,1.89900530666864,0.000316195232747969,0.409599520352659,0.35185534446845,0.603820816923858,7,1,100,0.128923194576792,-0.0838759804360953,7,3.71520261347762,1,-6.2291,256,0.2,0.2,20,"both",0.128923194576792,-0.0838759804360953
"669","session1",-5.65886282256699,13.8587678984309,1.89900530666864,0.000316195232747969,0.409599520352659,0.35185534446845,0.603820816923858,7,1,100,0.128923194576792,-0.0838759804360953,7,2.435264338641,0,-10.19987,256,0.2,0.2,20,"both",0.128923194576792,-0.0838759804360953
"670","session1",-5.65886282256699,13.8587678984309,1.89900530666864,0.000316195232747969,0.409599520352659,0.35185534446845,0.603820816923858,7,1,100,0.128923194576792,-0.0838759804360953,7,3.01688275742738,0,-9.89701,256,0.2,0.2,20,"both",0.128923194576792,-0.0838759804360953
"671","session1",-5.65886282256699,13.8587678984309,1.89900530666864,0.000316195232747969,0.409599520352659,0.35185534446845,0.603820816923858,7,1,100,0.128923194576792,-0.0838759804360953,7,2.38497256243307,1,-6.61966,256,0.2,0.2,20,"both",0.128923194576792,-0.0838759804360953
"672","session1",-5.65886282256699,13.8587678984309,1.89900530666864,0.000316195232747969,0.409599520352659,0.35185534446845,0.603820816923858,7,1,100,0.128923194576792,-0.0838759804360953,7,5.02413917991394,1,-3.90563,256,0.2,0.2,20,"both",0.128923194576792,-0.0838759804360953
"673","session1",-5.65886282256699,13.8587678984309,1.89900530666864,0.000316195232747969,0.409599520352659,0.35185534446845,0.603820816923858,7,1,100,0.128923194576792,-0.0838759804360953,7,2.96730463073286,0,-9.37569,256,0.2,0.2,20,"both",0.128923194576792,-0.0838759804360953
"674","session1",-5.65886282256699,13.8587678984309,1.89900530666864,0.000316195232747969,0.409599520352659,0.35185534446845,0.603820816923858,7,1,100,0.128923194576792,-0.0838759804360953,7,2.48174537152601,0,-2.58725,256,0.2,0.2,20,"both",0.128923194576792,-0.0838759804360953
"675","session1",-5.65886282256699,13.8587678984309,1.89900530666864,0.000316195232747969,0.409599520352659,0.35185534446845,0.603820816923858,7,1,100,0.128923194576792,-0.0838759804360953,7,3.95507459738466,0,-5.32193,256,0.2,0.2,20,"both",0.128923194576792,-0.0838759804360953
"676","session1",-5.65886282256699,13.8587678984309,1.89900530666864,0.000316195232747969,0.409599520352659,0.35185534446845,0.603820816923858,7,1,100,0.128923194576792,-0.0838759804360953,7,2.80397872818303,1,4.56147,256,0.2,0.2,20,"both",0.128923194576792,-0.0838759804360953
"677","session1",-5.65886282256699,13.8587678984309,1.89900530666864,0.000316195232747969,0.409599520352659,0.35185534446845,0.603820816923858,7,1,100,0.128923194576792,-0.0838759804360953,7,3.74505053884498,0,-10.96681,256,0.2,0.2,20,"both",0.128923194576792,-0.0838759804360953
"678","session1",-5.65886282256699,13.8587678984309,1.89900530666864,0.000316195232747969,0.409599520352659,0.35185534446845,0.603820816923858,7,1,100,0.128923194576792,-0.0838759804360953,7,4.22680892166549,0,-9.93354,256,0.2,0.2,20,"both",0.128923194576792,-0.0838759804360953
"679","session1",-5.65886282256699,13.8587678984309,1.89900530666864,0.000316195232747969,0.409599520352659,0.35185534446845,0.603820816923858,7,1,100,0.128923194576792,-0.0838759804360953,7,3.3907426142575,1,-1.49854,256,0.2,0.2,20,"both",0.128923194576792,-0.0838759804360953
"680","session1",-5.65886282256699,13.8587678984309,1.89900530666864,0.000316195232747969,0.409599520352659,0.35185534446845,0.603820816923858,7,1,100,0.128923194576792,-0.0838759804360953,7,5.16098487503561,1,-10.21322,256,0.2,0.2,20,"both",0.128923194576792,-0.0838759804360953
"681","session1",-5.65886282256699,13.8587678984309,1.89900530666864,0.000316195232747969,0.409599520352659,0.35185534446845,0.603820816923858,7,1,100,0.128923194576792,-0.0838759804360953,7,2.98937339823203,1,35.82788,256,0.2,0.2,20,"both",0.128923194576792,-0.0838759804360953
"682","session1",-5.65886282256699,13.8587678984309,1.89900530666864,0.000316195232747969,0.409599520352659,0.35185534446845,0.603820816923858,7,1,100,0.128923194576792,-0.0838759804360953,7,3.01379276665576,0,-15.282,256,0.2,0.2,20,"both",0.128923194576792,-0.0838759804360953
"683","session1",-5.65886282256699,13.8587678984309,1.89900530666864,0.000316195232747969,0.409599520352659,0.35185534446845,0.603820816923858,7,1,100,0.128923194576792,-0.0838759804360953,7,2.63795317222373,1,-8.10007,256,0.2,0.2,20,"both",0.128923194576792,-0.0838759804360953
"684","session1",-5.65886282256699,13.8587678984309,1.89900530666864,0.000316195232747969,0.409599520352659,0.35185534446845,0.603820816923858,7,1,100,0.128923194576792,-0.0838759804360953,7,2.79460878749519,0,-6.5282,256,0.2,0.2,20,"both",0.128923194576792,-0.0838759804360953
"685","session1",-5.65886282256699,13.8587678984309,1.89900530666864,0.000316195232747969,0.409599520352659,0.35185534446845,0.603820816923858,7,1,100,0.128923194576792,-0.0838759804360953,7,3.11568120944149,0,-9.77712,256,0.2,0.2,20,"both",0.128923194576792,-0.0838759804360953
"686","session1",-5.65886282256699,13.8587678984309,1.89900530666864,0.000316195232747969,0.409599520352659,0.35185534446845,0.603820816923858,7,1,100,0.128923194576792,-0.0838759804360953,7,2.61585015924682,1,-10.64427,256,0.2,0.2,20,"both",0.128923194576792,-0.0838759804360953
"687","session1",-5.65886282256699,13.8587678984309,1.89900530666864,0.000316195232747969,0.409599520352659,0.35185534446845,0.603820816923858,7,1,100,0.128923194576792,-0.0838759804360953,7,2.12101597951843,1,-6.20452,256,0.2,0.2,20,"both",0.128923194576792,-0.0838759804360953
"688","session1",-5.65886282256699,13.8587678984309,1.89900530666864,0.000316195232747969,0.409599520352659,0.35185534446845,0.603820816923858,7,1,100,0.128923194576792,-0.0838759804360953,7,5.69021260500389,1,-11.87319,256,0.2,0.2,20,"both",0.128923194576792,-0.0838759804360953
"689","session1",-5.65886282256699,13.8587678984309,1.89900530666864,0.000316195232747969,0.409599520352659,0.35185534446845,0.603820816923858,7,1,100,0.128923194576792,-0.0838759804360953,7,2.93632681418315,0,-4.40244,256,0.2,0.2,20,"both",0.128923194576792,-0.0838759804360953
"690","session1",-5.65886282256699,13.8587678984309,1.89900530666864,0.000316195232747969,0.409599520352659,0.35185534446845,0.603820816923858,7,1,100,0.128923194576792,-0.0838759804360953,7,5.47430870265566,1,-14.46393,256,0.2,0.2,20,"both",0.128923194576792,-0.0838759804360953
"691","session1",-5.65886282256699,13.8587678984309,1.89900530666864,0.000316195232747969,0.409599520352659,0.35185534446845,0.603820816923858,7,1,100,0.128923194576792,-0.0838759804360953,7,2.39495300444525,1,0.83819,256,0.2,0.2,20,"both",0.128923194576792,-0.0838759804360953
"692","session1",-5.65886282256699,13.8587678984309,1.89900530666864,0.000316195232747969,0.409599520352659,0.35185534446845,0.603820816923858,7,1,100,0.128923194576792,-0.0838759804360953,7,3.2841570937385,0,-20.72259,256,0.2,0.2,20,"both",0.128923194576792,-0.0838759804360953
"693","session1",-5.65886282256699,13.8587678984309,1.89900530666864,0.000316195232747969,0.409599520352659,0.35185534446845,0.603820816923858,7,1,100,0.128923194576792,-0.0838759804360953,7,2.21271947754585,0,-22.69371,256,0.2,0.2,20,"both",0.128923194576792,-0.0838759804360953
"694","session1",-5.65886282256699,13.8587678984309,1.89900530666864,0.000316195232747969,0.409599520352659,0.35185534446845,0.603820816923858,7,1,100,0.128923194576792,-0.0838759804360953,7,2.91901132907168,0,1.20813,256,0.2,0.2,20,"both",0.128923194576792,-0.0838759804360953
"695","session1",-5.65886282256699,13.8587678984309,1.89900530666864,0.000316195232747969,0.409599520352659,0.35185534446845,0.603820816923858,7,1,100,0.128923194576792,-0.0838759804360953,7,2.22544472321395,1,-12.98185,256,0.2,0.2,20,"both",0.128923194576792,-0.0838759804360953
"696","session1",-5.65886282256699,13.8587678984309,1.89900530666864,0.000316195232747969,0.409599520352659,0.35185534446845,0.603820816923858,7,1,100,0.128923194576792,-0.0838759804360953,7,1.88638070932057,1,-1.37821,256,0.2,0.2,20,"both",0.128923194576792,-0.0838759804360953
"697","session1",-5.65886282256699,13.8587678984309,1.89900530666864,0.000316195232747969,0.409599520352659,0.35185534446845,0.603820816923858,7,1,100,0.128923194576792,-0.0838759804360953,7,3.62412476787832,0,-7.73879,256,0.2,0.2,20,"both",0.128923194576792,-0.0838759804360953
"698","session1",-5.65886282256699,13.8587678984309,1.89900530666864,0.000316195232747969,0.409599520352659,0.35185534446845,0.603820816923858,7,1,100,0.128923194576792,-0.0838759804360953,7,2.2437684513861,0,0.146190000000001,256,0.2,0.2,20,"both",0.128923194576792,-0.0838759804360953
"699","session1",-5.65886282256699,13.8587678984309,1.89900530666864,0.000316195232747969,0.409599520352659,0.35185534446845,0.603820816923858,7,1,100,0.128923194576792,-0.0838759804360953,7,3.09301567474659,1,-6.28341,256,0.2,0.2,20,"both",0.128923194576792,-0.0838759804360953
"700","session1",-5.65886282256699,13.8587678984309,1.89900530666864,0.000316195232747969,0.409599520352659,0.35185534446845,0.603820816923858,7,1,100,0.128923194576792,-0.0838759804360953,7,2.02832127592659,1,5.59041,256,0.2,0.2,20,"both",0.128923194576792,-0.0838759804360953
"701","session1",-21.2857502213758,17.6587424202956,2.61461557103022,0.000168388722878852,0.530457417680174,0.318542827563615,0.0976691607724649,8,1,100,0.128923194576792,-0.0838759804360953,8,2.08565979687208,1,-8.73527105071,256,0.2,0.2,20,"both",0.128923194576792,-0.0838759804360953
"702","session1",-21.2857502213758,17.6587424202956,2.61461557103022,0.000168388722878852,0.530457417680174,0.318542827563615,0.0976691607724649,8,1,100,0.128923194576792,-0.0838759804360953,8,1.72601972723824,1,-11.675074466,256,0.2,0.2,20,"both",0.128923194576792,-0.0838759804360953
"703","session1",-21.2857502213758,17.6587424202956,2.61461557103022,0.000168388722878852,0.530457417680174,0.318542827563615,0.0976691607724649,8,1,100,0.128923194576792,-0.0838759804360953,8,3.20872461162517,0,-17.57964937078,256,0.2,0.2,20,"both",0.128923194576792,-0.0838759804360953
"704","session1",-21.2857502213758,17.6587424202956,2.61461557103022,0.000168388722878852,0.530457417680174,0.318542827563615,0.0976691607724649,8,1,100,0.128923194576792,-0.0838759804360953,8,4.13840584251967,1,-13.49070858,256,0.2,0.2,20,"both",0.128923194576792,-0.0838759804360953
"705","session1",-21.2857502213758,17.6587424202956,2.61461557103022,0.000168388722878852,0.530457417680174,0.318542827563615,0.0976691607724649,8,1,100,0.128923194576792,-0.0838759804360953,8,3.44543724632352,1,-18.86644,256,0.2,0.2,20,"both",0.128923194576792,-0.0838759804360953
"706","session1",-21.2857502213758,17.6587424202956,2.61461557103022,0.000168388722878852,0.530457417680174,0.318542827563615,0.0976691607724649,8,1,100,0.128923194576792,-0.0838759804360953,8,2.44115841592266,0,-34.37562,256,0.2,0.2,20,"both",0.128923194576792,-0.0838759804360953
"707","session1",-21.2857502213758,17.6587424202956,2.61461557103022,0.000168388722878852,0.530457417680174,0.318542827563615,0.0976691607724649,8,1,100,0.128923194576792,-0.0838759804360953,8,1.88270345162987,1,4.5631,256,0.2,0.2,20,"both",0.128923194576792,-0.0838759804360953
"708","session1",-21.2857502213758,17.6587424202956,2.61461557103022,0.000168388722878852,0.530457417680174,0.318542827563615,0.0976691607724649,8,1,100,0.128923194576792,-0.0838759804360953,8,2.13070956911262,0,-19.39526571,256,0.2,0.2,20,"both",0.128923194576792,-0.0838759804360953
"709","session1",-21.2857502213758,17.6587424202956,2.61461557103022,0.000168388722878852,0.530457417680174,0.318542827563615,0.0976691607724649,8,1,100,0.128923194576792,-0.0838759804360953,8,3.37145506987748,1,-15.41293,256,0.2,0.2,20,"both",0.128923194576792,-0.0838759804360953
"710","session1",-21.2857502213758,17.6587424202956,2.61461557103022,0.000168388722878852,0.530457417680174,0.318542827563615,0.0976691607724649,8,1,100,0.128923194576792,-0.0838759804360953,8,2.64165045977319,1,-14.03713,256,0.2,0.2,20,"both",0.128923194576792,-0.0838759804360953
"711","session1",-21.2857502213758,17.6587424202956,2.61461557103022,0.000168388722878852,0.530457417680174,0.318542827563615,0.0976691607724649,8,1,100,0.128923194576792,-0.0838759804360953,8,2.6720182105596,1,-19.6551,256,0.2,0.2,20,"both",0.128923194576792,-0.0838759804360953
"712","session1",-21.2857502213758,17.6587424202956,2.61461557103022,0.000168388722878852,0.530457417680174,0.318542827563615,0.0976691607724649,8,1,100,0.128923194576792,-0.0838759804360953,8,1.62098108872667,0,-44.3253,256,0.2,0.2,20,"both",0.128923194576792,-0.0838759804360953
"713","session1",-21.2857502213758,17.6587424202956,2.61461557103022,0.000168388722878852,0.530457417680174,0.318542827563615,0.0976691607724649,8,1,100,0.128923194576792,-0.0838759804360953,8,3.33037051341503,1,-21.28103,256,0.2,0.2,20,"both",0.128923194576792,-0.0838759804360953
"714","session1",-21.2857502213758,17.6587424202956,2.61461557103022,0.000168388722878852,0.530457417680174,0.318542827563615,0.0976691607724649,8,1,100,0.128923194576792,-0.0838759804360953,8,2.44074102164291,0,-20.18592,256,0.2,0.2,20,"both",0.128923194576792,-0.0838759804360953
"715","session1",-21.2857502213758,17.6587424202956,2.61461557103022,0.000168388722878852,0.530457417680174,0.318542827563615,0.0976691607724649,8,1,100,0.128923194576792,-0.0838759804360953,8,2.54168184468453,0,-22.68543,256,0.2,0.2,20,"both",0.128923194576792,-0.0838759804360953
"716","session1",-21.2857502213758,17.6587424202956,2.61461557103022,0.000168388722878852,0.530457417680174,0.318542827563615,0.0976691607724649,8,1,100,0.128923194576792,-0.0838759804360953,8,3.74592222470611,0,-23.56809,256,0.2,0.2,20,"both",0.128923194576792,-0.0838759804360953
"717","session1",-21.2857502213758,17.6587424202956,2.61461557103022,0.000168388722878852,0.530457417680174,0.318542827563615,0.0976691607724649,8,1,100,0.128923194576792,-0.0838759804360953,8,3.52074515134334,1,-22.17443,256,0.2,0.2,20,"both",0.128923194576792,-0.0838759804360953
"718","session1",-21.2857502213758,17.6587424202956,2.61461557103022,0.000168388722878852,0.530457417680174,0.318542827563615,0.0976691607724649,8,1,100,0.128923194576792,-0.0838759804360953,8,2.53209335700336,0,-19.13215,256,0.2,0.2,20,"both",0.128923194576792,-0.0838759804360953
"719","session1",-21.2857502213758,17.6587424202956,2.61461557103022,0.000168388722878852,0.530457417680174,0.318542827563615,0.0976691607724649,8,1,100,0.128923194576792,-0.0838759804360953,8,3.05361592590043,0,-36.8445,256,0.2,0.2,20,"both",0.128923194576792,-0.0838759804360953
"720","session1",-21.2857502213758,17.6587424202956,2.61461557103022,0.000168388722878852,0.530457417680174,0.318542827563615,0.0976691607724649,8,1,100,0.128923194576792,-0.0838759804360953,8,3.6884914327476,0,-21.43807,256,0.2,0.2,20,"both",0.128923194576792,-0.0838759804360953
"721","session1",-21.2857502213758,17.6587424202956,2.61461557103022,0.000168388722878852,0.530457417680174,0.318542827563615,0.0976691607724649,8,1,100,0.128923194576792,-0.0838759804360953,8,3.54099296447784,0,-27.9189,256,0.2,0.2,20,"both",0.128923194576792,-0.0838759804360953
"722","session1",-21.2857502213758,17.6587424202956,2.61461557103022,0.000168388722878852,0.530457417680174,0.318542827563615,0.0976691607724649,8,1,100,0.128923194576792,-0.0838759804360953,8,3.71402833984789,0,-35.2772,256,0.2,0.2,20,"both",0.128923194576792,-0.0838759804360953
"723","session1",-21.2857502213758,17.6587424202956,2.61461557103022,0.000168388722878852,0.530457417680174,0.318542827563615,0.0976691607724649,8,1,100,0.128923194576792,-0.0838759804360953,8,3.9361046427783,0,-22.02886,256,0.2,0.2,20,"both",0.128923194576792,-0.0838759804360953
"724","session1",-21.2857502213758,17.6587424202956,2.61461557103022,0.000168388722878852,0.530457417680174,0.318542827563615,0.0976691607724649,8,1,100,0.128923194576792,-0.0838759804360953,8,3.11720508602367,0,-21.397,256,0.2,0.2,20,"both",0.128923194576792,-0.0838759804360953
"725","session1",-21.2857502213758,17.6587424202956,2.61461557103022,0.000168388722878852,0.530457417680174,0.318542827563615,0.0976691607724649,8,1,100,0.128923194576792,-0.0838759804360953,8,2.38901058054451,0,-13.27599,256,0.2,0.2,20,"both",0.128923194576792,-0.0838759804360953
"726","session1",-21.2857502213758,17.6587424202956,2.61461557103022,0.000168388722878852,0.530457417680174,0.318542827563615,0.0976691607724649,8,1,100,0.128923194576792,-0.0838759804360953,8,2.66516546909162,0,-17.87632,256,0.2,0.2,20,"both",0.128923194576792,-0.0838759804360953
"727","session1",-21.2857502213758,17.6587424202956,2.61461557103022,0.000168388722878852,0.530457417680174,0.318542827563615,0.0976691607724649,8,1,100,0.128923194576792,-0.0838759804360953,8,3.03116095929821,1,-4.0883,256,0.2,0.2,20,"both",0.128923194576792,-0.0838759804360953
"728","session1",-21.2857502213758,17.6587424202956,2.61461557103022,0.000168388722878852,0.530457417680174,0.318542827563615,0.0976691607724649,8,1,100,0.128923194576792,-0.0838759804360953,8,2.00703155963906,1,-10.02511,256,0.2,0.2,20,"both",0.128923194576792,-0.0838759804360953
"729","session1",-21.2857502213758,17.6587424202956,2.61461557103022,0.000168388722878852,0.530457417680174,0.318542827563615,0.0976691607724649,8,1,100,0.128923194576792,-0.0838759804360953,8,1.45781113673772,0,-14.93044,256,0.2,0.2,20,"both",0.128923194576792,-0.0838759804360953
"730","session1",-21.2857502213758,17.6587424202956,2.61461557103022,0.000168388722878852,0.530457417680174,0.318542827563615,0.0976691607724649,8,1,100,0.128923194576792,-0.0838759804360953,8,2.50075673464051,1,-28.17984,256,0.2,0.2,20,"both",0.128923194576792,-0.0838759804360953
"731","session1",-21.2857502213758,17.6587424202956,2.61461557103022,0.000168388722878852,0.530457417680174,0.318542827563615,0.0976691607724649,8,1,100,0.128923194576792,-0.0838759804360953,8,2.58602798812207,1,-8.12799,256,0.2,0.2,20,"both",0.128923194576792,-0.0838759804360953
"732","session1",-21.2857502213758,17.6587424202956,2.61461557103022,0.000168388722878852,0.530457417680174,0.318542827563615,0.0976691607724649,8,1,100,0.128923194576792,-0.0838759804360953,8,3.17871310431336,0,-13.30085,256,0.2,0.2,20,"both",0.128923194576792,-0.0838759804360953
"733","session1",-21.2857502213758,17.6587424202956,2.61461557103022,0.000168388722878852,0.530457417680174,0.318542827563615,0.0976691607724649,8,1,100,0.128923194576792,-0.0838759804360953,8,1.58154229229977,1,-0.0237000000000016,256,0.2,0.2,20,"both",0.128923194576792,-0.0838759804360953
"734","session1",-21.2857502213758,17.6587424202956,2.61461557103022,0.000168388722878852,0.530457417680174,0.318542827563615,0.0976691607724649,8,1,100,0.128923194576792,-0.0838759804360953,8,2.82867188260373,0,-25.01858,256,0.2,0.2,20,"both",0.128923194576792,-0.0838759804360953
"735","session1",-21.2857502213758,17.6587424202956,2.61461557103022,0.000168388722878852,0.530457417680174,0.318542827563615,0.0976691607724649,8,1,100,0.128923194576792,-0.0838759804360953,8,3.16189053239271,1,-22.86686,256,0.2,0.2,20,"both",0.128923194576792,-0.0838759804360953
"736","session1",-21.2857502213758,17.6587424202956,2.61461557103022,0.000168388722878852,0.530457417680174,0.318542827563615,0.0976691607724649,8,1,100,0.128923194576792,-0.0838759804360953,8,2.67017514012993,0,-19.98479,256,0.2,0.2,20,"both",0.128923194576792,-0.0838759804360953
"737","session1",-21.2857502213758,17.6587424202956,2.61461557103022,0.000168388722878852,0.530457417680174,0.318542827563615,0.0976691607724649,8,1,100,0.128923194576792,-0.0838759804360953,8,3.29184856221001,1,-20.31155,256,0.2,0.2,20,"both",0.128923194576792,-0.0838759804360953
"738","session1",-21.2857502213758,17.6587424202956,2.61461557103022,0.000168388722878852,0.530457417680174,0.318542827563615,0.0976691607724649,8,1,100,0.128923194576792,-0.0838759804360953,8,2.10710986215731,1,-32.9784,256,0.2,0.2,20,"both",0.128923194576792,-0.0838759804360953
"739","session1",-21.2857502213758,17.6587424202956,2.61461557103022,0.000168388722878852,0.530457417680174,0.318542827563615,0.0976691607724649,8,1,100,0.128923194576792,-0.0838759804360953,8,3.15516671791412,1,-9.13533,256,0.2,0.2,20,"both",0.128923194576792,-0.0838759804360953
"740","session1",-21.2857502213758,17.6587424202956,2.61461557103022,0.000168388722878852,0.530457417680174,0.318542827563615,0.0976691607724649,8,1,100,0.128923194576792,-0.0838759804360953,8,4.42015930477592,0,-35.304,256,0.2,0.2,20,"both",0.128923194576792,-0.0838759804360953
"741","session1",-21.2857502213758,17.6587424202956,2.61461557103022,0.000168388722878852,0.530457417680174,0.318542827563615,0.0976691607724649,8,1,100,0.128923194576792,-0.0838759804360953,8,1.7983603645615,0,-17.18098328,256,0.2,0.2,20,"both",0.128923194576792,-0.0838759804360953
"742","session1",-21.2857502213758,17.6587424202956,2.61461557103022,0.000168388722878852,0.530457417680174,0.318542827563615,0.0976691607724649,8,1,100,0.128923194576792,-0.0838759804360953,8,4.21260996566615,1,-15.78181,256,0.2,0.2,20,"both",0.128923194576792,-0.0838759804360953
"743","session1",-21.2857502213758,17.6587424202956,2.61461557103022,0.000168388722878852,0.530457417680174,0.318542827563615,0.0976691607724649,8,1,100,0.128923194576792,-0.0838759804360953,8,3.13757041645646,0,-22.44514,256,0.2,0.2,20,"both",0.128923194576792,-0.0838759804360953
"744","session1",-21.2857502213758,17.6587424202956,2.61461557103022,0.000168388722878852,0.530457417680174,0.318542827563615,0.0976691607724649,8,1,100,0.128923194576792,-0.0838759804360953,8,6.62926048408336,0,-25.9586,256,0.2,0.2,20,"both",0.128923194576792,-0.0838759804360953
"745","session1",-21.2857502213758,17.6587424202956,2.61461557103022,0.000168388722878852,0.530457417680174,0.318542827563615,0.0976691607724649,8,1,100,0.128923194576792,-0.0838759804360953,8,3.15153186052212,0,-21.44067,256,0.2,0.2,20,"both",0.128923194576792,-0.0838759804360953
"746","session1",-21.2857502213758,17.6587424202956,2.61461557103022,0.000168388722878852,0.530457417680174,0.318542827563615,0.0976691607724649,8,1,100,0.128923194576792,-0.0838759804360953,8,3.43023448925372,0,-27.4151,256,0.2,0.2,20,"both",0.128923194576792,-0.0838759804360953
"747","session1",-21.2857502213758,17.6587424202956,2.61461557103022,0.000168388722878852,0.530457417680174,0.318542827563615,0.0976691607724649,8,1,100,0.128923194576792,-0.0838759804360953,8,1.46213563638216,1,11.5131,256,0.2,0.2,20,"both",0.128923194576792,-0.0838759804360953
"748","session1",-21.2857502213758,17.6587424202956,2.61461557103022,0.000168388722878852,0.530457417680174,0.318542827563615,0.0976691607724649,8,1,100,0.128923194576792,-0.0838759804360953,8,4.28107116038359,0,-33.1426,256,0.2,0.2,20,"both",0.128923194576792,-0.0838759804360953
"749","session1",-21.2857502213758,17.6587424202956,2.61461557103022,0.000168388722878852,0.530457417680174,0.318542827563615,0.0976691607724649,8,1,100,0.128923194576792,-0.0838759804360953,8,1.95409094382866,1,-12.28657,256,0.2,0.2,20,"both",0.128923194576792,-0.0838759804360953
"750","session1",-21.2857502213758,17.6587424202956,2.61461557103022,0.000168388722878852,0.530457417680174,0.318542827563615,0.0976691607724649,8,1,100,0.128923194576792,-0.0838759804360953,8,2.36831394985123,0,-10.25834,256,0.2,0.2,20,"both",0.128923194576792,-0.0838759804360953
"751","session1",-21.2857502213758,17.6587424202956,2.61461557103022,0.000168388722878852,0.530457417680174,0.318542827563615,0.0976691607724649,8,1,100,0.128923194576792,-0.0838759804360953,8,2.18475597773495,1,-15.51079242,256,0.2,0.2,20,"both",0.128923194576792,-0.0838759804360953
"752","session1",-21.2857502213758,17.6587424202956,2.61461557103022,0.000168388722878852,0.530457417680174,0.318542827563615,0.0976691607724649,8,1,100,0.128923194576792,-0.0838759804360953,8,4.78795202514868,0,-32.1592,256,0.2,0.2,20,"both",0.128923194576792,-0.0838759804360953
"753","session1",-21.2857502213758,17.6587424202956,2.61461557103022,0.000168388722878852,0.530457417680174,0.318542827563615,0.0976691607724649,8,1,100,0.128923194576792,-0.0838759804360953,8,4.37431931700347,0,-16.30753191,256,0.2,0.2,20,"both",0.128923194576792,-0.0838759804360953
"754","session1",-21.2857502213758,17.6587424202956,2.61461557103022,0.000168388722878852,0.530457417680174,0.318542827563615,0.0976691607724649,8,1,100,0.128923194576792,-0.0838759804360953,8,2.99511874263356,1,0.142099999999999,256,0.2,0.2,20,"both",0.128923194576792,-0.0838759804360953
"755","session1",-21.2857502213758,17.6587424202956,2.61461557103022,0.000168388722878852,0.530457417680174,0.318542827563615,0.0976691607724649,8,1,100,0.128923194576792,-0.0838759804360953,8,5.40777806084882,0,-26.86686,256,0.2,0.2,20,"both",0.128923194576792,-0.0838759804360953
"756","session1",-21.2857502213758,17.6587424202956,2.61461557103022,0.000168388722878852,0.530457417680174,0.318542827563615,0.0976691607724649,8,1,100,0.128923194576792,-0.0838759804360953,8,2.16222474096336,1,-1.2309,256,0.2,0.2,20,"both",0.128923194576792,-0.0838759804360953
"757","session1",-21.2857502213758,17.6587424202956,2.61461557103022,0.000168388722878852,0.530457417680174,0.318542827563615,0.0976691607724649,8,1,100,0.128923194576792,-0.0838759804360953,8,2.94249166980793,1,-6.79578,256,0.2,0.2,20,"both",0.128923194576792,-0.0838759804360953
"758","session1",-21.2857502213758,17.6587424202956,2.61461557103022,0.000168388722878852,0.530457417680174,0.318542827563615,0.0976691607724649,8,1,100,0.128923194576792,-0.0838759804360953,8,2.10690502346394,1,-8.09362,256,0.2,0.2,20,"both",0.128923194576792,-0.0838759804360953
"759","session1",-21.2857502213758,17.6587424202956,2.61461557103022,0.000168388722878852,0.530457417680174,0.318542827563615,0.0976691607724649,8,1,100,0.128923194576792,-0.0838759804360953,8,4.68457118327798,0,-23.15777,256,0.2,0.2,20,"both",0.128923194576792,-0.0838759804360953
"760","session1",-21.2857502213758,17.6587424202956,2.61461557103022,0.000168388722878852,0.530457417680174,0.318542827563615,0.0976691607724649,8,1,100,0.128923194576792,-0.0838759804360953,8,1.61720621834564,1,-2.8673,256,0.2,0.2,20,"both",0.128923194576792,-0.0838759804360953
"761","session1",-21.2857502213758,17.6587424202956,2.61461557103022,0.000168388722878852,0.530457417680174,0.318542827563615,0.0976691607724649,8,1,100,0.128923194576792,-0.0838759804360953,8,3.69882968196641,0,-26.58388,256,0.2,0.2,20,"both",0.128923194576792,-0.0838759804360953
"762","session1",-21.2857502213758,17.6587424202956,2.61461557103022,0.000168388722878852,0.530457417680174,0.318542827563615,0.0976691607724649,8,1,100,0.128923194576792,-0.0838759804360953,8,2.80993497860604,1,-9.16066,256,0.2,0.2,20,"both",0.128923194576792,-0.0838759804360953
"763","session1",-21.2857502213758,17.6587424202956,2.61461557103022,0.000168388722878852,0.530457417680174,0.318542827563615,0.0976691607724649,8,1,100,0.128923194576792,-0.0838759804360953,8,4.22610029646232,1,-20.37624,256,0.2,0.2,20,"both",0.128923194576792,-0.0838759804360953
"764","session1",-21.2857502213758,17.6587424202956,2.61461557103022,0.000168388722878852,0.530457417680174,0.318542827563615,0.0976691607724649,8,1,100,0.128923194576792,-0.0838759804360953,8,3.49569229068807,0,-12.81974,256,0.2,0.2,20,"both",0.128923194576792,-0.0838759804360953
"765","session1",-21.2857502213758,17.6587424202956,2.61461557103022,0.000168388722878852,0.530457417680174,0.318542827563615,0.0976691607724649,8,1,100,0.128923194576792,-0.0838759804360953,8,2.36706480804759,0,-3.77958,256,0.2,0.2,20,"both",0.128923194576792,-0.0838759804360953
"766","session1",-21.2857502213758,17.6587424202956,2.61461557103022,0.000168388722878852,0.530457417680174,0.318542827563615,0.0976691607724649,8,1,100,0.128923194576792,-0.0838759804360953,8,1.93895406670673,1,-6.90703,256,0.2,0.2,20,"both",0.128923194576792,-0.0838759804360953
"767","session1",-21.2857502213758,17.6587424202956,2.61461557103022,0.000168388722878852,0.530457417680174,0.318542827563615,0.0976691607724649,8,1,100,0.128923194576792,-0.0838759804360953,8,2.15449705318022,1,-8.60704,256,0.2,0.2,20,"both",0.128923194576792,-0.0838759804360953
"768","session1",-21.2857502213758,17.6587424202956,2.61461557103022,0.000168388722878852,0.530457417680174,0.318542827563615,0.0976691607724649,8,1,100,0.128923194576792,-0.0838759804360953,8,2.2587909747925,0,-29.2937,256,0.2,0.2,20,"both",0.128923194576792,-0.0838759804360953
"769","session1",-21.2857502213758,17.6587424202956,2.61461557103022,0.000168388722878852,0.530457417680174,0.318542827563615,0.0976691607724649,8,1,100,0.128923194576792,-0.0838759804360953,8,3.30820976266746,1,-20.55272,256,0.2,0.2,20,"both",0.128923194576792,-0.0838759804360953
"770","session1",-21.2857502213758,17.6587424202956,2.61461557103022,0.000168388722878852,0.530457417680174,0.318542827563615,0.0976691607724649,8,1,100,0.128923194576792,-0.0838759804360953,8,2.91841813795816,0,-20.41153,256,0.2,0.2,20,"both",0.128923194576792,-0.0838759804360953
"771","session1",-21.2857502213758,17.6587424202956,2.61461557103022,0.000168388722878852,0.530457417680174,0.318542827563615,0.0976691607724649,8,1,100,0.128923194576792,-0.0838759804360953,8,6.24393030515795,0,-14.46934,256,0.2,0.2,20,"both",0.128923194576792,-0.0838759804360953
"772","session1",-21.2857502213758,17.6587424202956,2.61461557103022,0.000168388722878852,0.530457417680174,0.318542827563615,0.0976691607724649,8,1,100,0.128923194576792,-0.0838759804360953,8,2.85610810452424,1,-6.8779,256,0.2,0.2,20,"both",0.128923194576792,-0.0838759804360953
"773","session1",-21.2857502213758,17.6587424202956,2.61461557103022,0.000168388722878852,0.530457417680174,0.318542827563615,0.0976691607724649,8,1,100,0.128923194576792,-0.0838759804360953,8,1.7596227385275,1,-7.74067,256,0.2,0.2,20,"both",0.128923194576792,-0.0838759804360953
"774","session1",-21.2857502213758,17.6587424202956,2.61461557103022,0.000168388722878852,0.530457417680174,0.318542827563615,0.0976691607724649,8,1,100,0.128923194576792,-0.0838759804360953,8,4.37551988178615,1,-10.0324,256,0.2,0.2,20,"both",0.128923194576792,-0.0838759804360953
"775","session1",-21.2857502213758,17.6587424202956,2.61461557103022,0.000168388722878852,0.530457417680174,0.318542827563615,0.0976691607724649,8,1,100,0.128923194576792,-0.0838759804360953,8,1.8006237473345,0,-4.7294,256,0.2,0.2,20,"both",0.128923194576792,-0.0838759804360953
"776","session1",-21.2857502213758,17.6587424202956,2.61461557103022,0.000168388722878852,0.530457417680174,0.318542827563615,0.0976691607724649,8,1,100,0.128923194576792,-0.0838759804360953,8,2.48697076999861,0,-9.04097,256,0.2,0.2,20,"both",0.128923194576792,-0.0838759804360953
"777","session1",-21.2857502213758,17.6587424202956,2.61461557103022,0.000168388722878852,0.530457417680174,0.318542827563615,0.0976691607724649,8,1,100,0.128923194576792,-0.0838759804360953,8,2.07320822682483,0,-12.73301,256,0.2,0.2,20,"both",0.128923194576792,-0.0838759804360953
"778","session1",-21.2857502213758,17.6587424202956,2.61461557103022,0.000168388722878852,0.530457417680174,0.318542827563615,0.0976691607724649,8,1,100,0.128923194576792,-0.0838759804360953,8,3.86615477699926,0,-24.06201,256,0.2,0.2,20,"both",0.128923194576792,-0.0838759804360953
"779","session1",-21.2857502213758,17.6587424202956,2.61461557103022,0.000168388722878852,0.530457417680174,0.318542827563615,0.0976691607724649,8,1,100,0.128923194576792,-0.0838759804360953,8,3.69824653182123,0,-28.0716,256,0.2,0.2,20,"both",0.128923194576792,-0.0838759804360953
"780","session1",-21.2857502213758,17.6587424202956,2.61461557103022,0.000168388722878852,0.530457417680174,0.318542827563615,0.0976691607724649,8,1,100,0.128923194576792,-0.0838759804360953,8,3.55248530143405,1,6.94411,256,0.2,0.2,20,"both",0.128923194576792,-0.0838759804360953
"781","session1",-21.2857502213758,17.6587424202956,2.61461557103022,0.000168388722878852,0.530457417680174,0.318542827563615,0.0976691607724649,8,1,100,0.128923194576792,-0.0838759804360953,8,1.48262665777443,1,4.2493,256,0.2,0.2,20,"both",0.128923194576792,-0.0838759804360953
"782","session1",-21.2857502213758,17.6587424202956,2.61461557103022,0.000168388722878852,0.530457417680174,0.318542827563615,0.0976691607724649,8,1,100,0.128923194576792,-0.0838759804360953,8,2.97711522214008,0,-24.0882,256,0.2,0.2,20,"both",0.128923194576792,-0.0838759804360953
"783","session1",-21.2857502213758,17.6587424202956,2.61461557103022,0.000168388722878852,0.530457417680174,0.318542827563615,0.0976691607724649,8,1,100,0.128923194576792,-0.0838759804360953,8,3.83432883964062,1,-8.73033,256,0.2,0.2,20,"both",0.128923194576792,-0.0838759804360953
"784","session1",-21.2857502213758,17.6587424202956,2.61461557103022,0.000168388722878852,0.530457417680174,0.318542827563615,0.0976691607724649,8,1,100,0.128923194576792,-0.0838759804360953,8,4.21921169159369,0,-25.3514,256,0.2,0.2,20,"both",0.128923194576792,-0.0838759804360953
"785","session1",-21.2857502213758,17.6587424202956,2.61461557103022,0.000168388722878852,0.530457417680174,0.318542827563615,0.0976691607724649,8,1,100,0.128923194576792,-0.0838759804360953,8,2.18430714163588,0,-25.7157,256,0.2,0.2,20,"both",0.128923194576792,-0.0838759804360953
"786","session1",-21.2857502213758,17.6587424202956,2.61461557103022,0.000168388722878852,0.530457417680174,0.318542827563615,0.0976691607724649,8,1,100,0.128923194576792,-0.0838759804360953,8,3.57994769520477,0,-19.83169,256,0.2,0.2,20,"both",0.128923194576792,-0.0838759804360953
"787","session1",-21.2857502213758,17.6587424202956,2.61461557103022,0.000168388722878852,0.530457417680174,0.318542827563615,0.0976691607724649,8,1,100,0.128923194576792,-0.0838759804360953,8,2.9684257571938,1,-21.32284,256,0.2,0.2,20,"both",0.128923194576792,-0.0838759804360953
"788","session1",-21.2857502213758,17.6587424202956,2.61461557103022,0.000168388722878852,0.530457417680174,0.318542827563615,0.0976691607724649,8,1,100,0.128923194576792,-0.0838759804360953,8,1.22895643917593,1,3.2335,256,0.2,0.2,20,"both",0.128923194576792,-0.0838759804360953
"789","session1",-21.2857502213758,17.6587424202956,2.61461557103022,0.000168388722878852,0.530457417680174,0.318542827563615,0.0976691607724649,8,1,100,0.128923194576792,-0.0838759804360953,8,3.34891751090154,1,-22.23709,256,0.2,0.2,20,"both",0.128923194576792,-0.0838759804360953
"790","session1",-21.2857502213758,17.6587424202956,2.61461557103022,0.000168388722878852,0.530457417680174,0.318542827563615,0.0976691607724649,8,1,100,0.128923194576792,-0.0838759804360953,8,4.62483105333294,0,-17.1989,256,0.2,0.2,20,"both",0.128923194576792,-0.0838759804360953
"791","session1",-21.2857502213758,17.6587424202956,2.61461557103022,0.000168388722878852,0.530457417680174,0.318542827563615,0.0976691607724649,8,1,100,0.128923194576792,-0.0838759804360953,8,3.51864031112427,1,-13.42637,256,0.2,0.2,20,"both",0.128923194576792,-0.0838759804360953
"792","session1",-21.2857502213758,17.6587424202956,2.61461557103022,0.000168388722878852,0.530457417680174,0.318542827563615,0.0976691607724649,8,1,100,0.128923194576792,-0.0838759804360953,8,2.99599164166981,0,-32.6074,256,0.2,0.2,20,"both",0.128923194576792,-0.0838759804360953
"793","session1",-21.2857502213758,17.6587424202956,2.61461557103022,0.000168388722878852,0.530457417680174,0.318542827563615,0.0976691607724649,8,1,100,0.128923194576792,-0.0838759804360953,8,4.42148316988944,1,-18.86336,256,0.2,0.2,20,"both",0.128923194576792,-0.0838759804360953
"794","session1",-21.2857502213758,17.6587424202956,2.61461557103022,0.000168388722878852,0.530457417680174,0.318542827563615,0.0976691607724649,8,1,100,0.128923194576792,-0.0838759804360953,8,1.98657677118203,1,-2.2675,256,0.2,0.2,20,"both",0.128923194576792,-0.0838759804360953
"795","session1",-21.2857502213758,17.6587424202956,2.61461557103022,0.000168388722878852,0.530457417680174,0.318542827563615,0.0976691607724649,8,1,100,0.128923194576792,-0.0838759804360953,8,2.89404692892758,0,-25.11546,256,0.2,0.2,20,"both",0.128923194576792,-0.0838759804360953
"796","session1",-21.2857502213758,17.6587424202956,2.61461557103022,0.000168388722878852,0.530457417680174,0.318542827563615,0.0976691607724649,8,1,100,0.128923194576792,-0.0838759804360953,8,2.6883042110506,1,-3.6709,256,0.2,0.2,20,"both",0.128923194576792,-0.0838759804360953
"797","session1",-21.2857502213758,17.6587424202956,2.61461557103022,0.000168388722878852,0.530457417680174,0.318542827563615,0.0976691607724649,8,1,100,0.128923194576792,-0.0838759804360953,8,1.50816607535083,1,-4.64017,256,0.2,0.2,20,"both",0.128923194576792,-0.0838759804360953
"798","session1",-21.2857502213758,17.6587424202956,2.61461557103022,0.000168388722878852,0.530457417680174,0.318542827563615,0.0976691607724649,8,1,100,0.128923194576792,-0.0838759804360953,8,2.65062253643748,1,-23.77053,256,0.2,0.2,20,"both",0.128923194576792,-0.0838759804360953
"799","session1",-21.2857502213758,17.6587424202956,2.61461557103022,0.000168388722878852,0.530457417680174,0.318542827563615,0.0976691607724649,8,1,100,0.128923194576792,-0.0838759804360953,8,2.48770618707716,1,-24.61256,256,0.2,0.2,20,"both",0.128923194576792,-0.0838759804360953
"800","session1",-21.2857502213758,17.6587424202956,2.61461557103022,0.000168388722878852,0.530457417680174,0.318542827563615,0.0976691607724649,8,1,100,0.128923194576792,-0.0838759804360953,8,2.94547206954976,0,-26.9333,256,0.2,0.2,20,"both",0.128923194576792,-0.0838759804360953
"801","session1",-7.91133890605262,11.0661193914988,3.77301850088761,0.000137157507225518,-0.450950596012731,0.502573460429935,0.548476218601186,9,1,100,0.128923194576792,-0.0838759804360953,9,1.18178315945455,1,7.2945765525,256,0.2,0.2,20,"both",0.128923194576792,-0.0838759804360953
"802","session1",-7.91133890605262,11.0661193914988,3.77301850088761,0.000137157507225518,-0.450950596012731,0.502573460429935,0.548476218601186,9,1,100,0.128923194576792,-0.0838759804360953,9,1.928986955863,0,-4.90255044426,256,0.2,0.2,20,"both",0.128923194576792,-0.0838759804360953
"803","session1",-7.91133890605262,11.0661193914988,3.77301850088761,0.000137157507225518,-0.450950596012731,0.502573460429935,0.548476218601186,9,1,100,0.128923194576792,-0.0838759804360953,9,2.56889794827496,0,-0.8574005064,256,0.2,0.2,20,"both",0.128923194576792,-0.0838759804360953
"804","session1",-7.91133890605262,11.0661193914988,3.77301850088761,0.000137157507225518,-0.450950596012731,0.502573460429935,0.548476218601186,9,1,100,0.128923194576792,-0.0838759804360953,9,0.980179328526749,1,2.885590301,256,0.2,0.2,20,"both",0.128923194576792,-0.0838759804360953
"805","session1",-7.91133890605262,11.0661193914988,3.77301850088761,0.000137157507225518,-0.450950596012731,0.502573460429935,0.548476218601186,9,1,100,0.128923194576792,-0.0838759804360953,9,1.60906802852664,1,4.046508,256,0.2,0.2,20,"both",0.128923194576792,-0.0838759804360953
"806","session1",-7.91133890605262,11.0661193914988,3.77301850088761,0.000137157507225518,-0.450950596012731,0.502573460429935,0.548476218601186,9,1,100,0.128923194576792,-0.0838759804360953,9,1.28283748843761,0,-15.97375,256,0.2,0.2,20,"both",0.128923194576792,-0.0838759804360953
"807","session1",-7.91133890605262,11.0661193914988,3.77301850088761,0.000137157507225518,-0.450950596012731,0.502573460429935,0.548476218601186,9,1,100,0.128923194576792,-0.0838759804360953,9,1.00637799872696,1,4.24163,256,0.2,0.2,20,"both",0.128923194576792,-0.0838759804360953
"808","session1",-7.91133890605262,11.0661193914988,3.77301850088761,0.000137157507225518,-0.450950596012731,0.502573460429935,0.548476218601186,9,1,100,0.128923194576792,-0.0838759804360953,9,1.47225671687097,1,3.46556,256,0.2,0.2,20,"both",0.128923194576792,-0.0838759804360953
"809","session1",-7.91133890605262,11.0661193914988,3.77301850088761,0.000137157507225518,-0.450950596012731,0.502573460429935,0.548476218601186,9,1,100,0.128923194576792,-0.0838759804360953,9,4.08775022715382,0,-2.481907,256,0.2,0.2,20,"both",0.128923194576792,-0.0838759804360953
"810","session1",-7.91133890605262,11.0661193914988,3.77301850088761,0.000137157507225518,-0.450950596012731,0.502573460429935,0.548476218601186,9,1,100,0.128923194576792,-0.0838759804360953,9,1.16858440366848,1,3.01053,256,0.2,0.2,20,"both",0.128923194576792,-0.0838759804360953
"811","session1",-7.91133890605262,11.0661193914988,3.77301850088761,0.000137157507225518,-0.450950596012731,0.502573460429935,0.548476218601186,9,1,100,0.128923194576792,-0.0838759804360953,9,1.55484929570034,1,0.29234,256,0.2,0.2,20,"both",0.128923194576792,-0.0838759804360953
"812","session1",-7.91133890605262,11.0661193914988,3.77301850088761,0.000137157507225518,-0.450950596012731,0.502573460429935,0.548476218601186,9,1,100,0.128923194576792,-0.0838759804360953,9,0.999807040519975,1,5.814528,256,0.2,0.2,20,"both",0.128923194576792,-0.0838759804360953
"813","session1",-7.91133890605262,11.0661193914988,3.77301850088761,0.000137157507225518,-0.450950596012731,0.502573460429935,0.548476218601186,9,1,100,0.128923194576792,-0.0838759804360953,9,2.3303777929883,1,3.10198,256,0.2,0.2,20,"both",0.128923194576792,-0.0838759804360953
"814","session1",-7.91133890605262,11.0661193914988,3.77301850088761,0.000137157507225518,-0.450950596012731,0.502573460429935,0.548476218601186,9,1,100,0.128923194576792,-0.0838759804360953,9,1.67496240315888,1,-1.834545,256,0.2,0.2,20,"both",0.128923194576792,-0.0838759804360953
"815","session1",-7.91133890605262,11.0661193914988,3.77301850088761,0.000137157507225518,-0.450950596012731,0.502573460429935,0.548476218601186,9,1,100,0.128923194576792,-0.0838759804360953,9,2.57638655600414,1,1.060932,256,0.2,0.2,20,"both",0.128923194576792,-0.0838759804360953
"816","session1",-7.91133890605262,11.0661193914988,3.77301850088761,0.000137157507225518,-0.450950596012731,0.502573460429935,0.548476218601186,9,1,100,0.128923194576792,-0.0838759804360953,9,2.07066053781617,1,-0.95562,256,0.2,0.2,20,"both",0.128923194576792,-0.0838759804360953
"817","session1",-7.91133890605262,11.0661193914988,3.77301850088761,0.000137157507225518,-0.450950596012731,0.502573460429935,0.548476218601186,9,1,100,0.128923194576792,-0.0838759804360953,9,3.75961788772246,1,0.748348,256,0.2,0.2,20,"both",0.128923194576792,-0.0838759804360953
"818","session1",-7.91133890605262,11.0661193914988,3.77301850088761,0.000137157507225518,-0.450950596012731,0.502573460429935,0.548476218601186,9,1,100,0.128923194576792,-0.0838759804360953,9,1.59095460782401,0,-8.21326,256,0.2,0.2,20,"both",0.128923194576792,-0.0838759804360953
"819","session1",-7.91133890605262,11.0661193914988,3.77301850088761,0.000137157507225518,-0.450950596012731,0.502573460429935,0.548476218601186,9,1,100,0.128923194576792,-0.0838759804360953,9,1.85315259113426,1,0.5663,256,0.2,0.2,20,"both",0.128923194576792,-0.0838759804360953
"820","session1",-7.91133890605262,11.0661193914988,3.77301850088761,0.000137157507225518,-0.450950596012731,0.502573460429935,0.548476218601186,9,1,100,0.128923194576792,-0.0838759804360953,9,3.10167042064054,0,-1.8313,256,0.2,0.2,20,"both",0.128923194576792,-0.0838759804360953
"821","session1",-7.91133890605262,11.0661193914988,3.77301850088761,0.000137157507225518,-0.450950596012731,0.502573460429935,0.548476218601186,9,1,100,0.128923194576792,-0.0838759804360953,9,2.15386018986339,1,1.67045,256,0.2,0.2,20,"both",0.128923194576792,-0.0838759804360953
"822","session1",-7.91133890605262,11.0661193914988,3.77301850088761,0.000137157507225518,-0.450950596012731,0.502573460429935,0.548476218601186,9,1,100,0.128923194576792,-0.0838759804360953,9,1.14036385608214,0,-0.3918,256,0.2,0.2,20,"both",0.128923194576792,-0.0838759804360953
"823","session1",-7.91133890605262,11.0661193914988,3.77301850088761,0.000137157507225518,-0.450950596012731,0.502573460429935,0.548476218601186,9,1,100,0.128923194576792,-0.0838759804360953,9,1.88278510391307,1,0.426631,256,0.2,0.2,20,"both",0.128923194576792,-0.0838759804360953
"824","session1",-7.91133890605262,11.0661193914988,3.77301850088761,0.000137157507225518,-0.450950596012731,0.502573460429935,0.548476218601186,9,1,100,0.128923194576792,-0.0838759804360953,9,1.62768993738728,0,-3.025155,256,0.2,0.2,20,"both",0.128923194576792,-0.0838759804360953
"825","session1",-7.91133890605262,11.0661193914988,3.77301850088761,0.000137157507225518,-0.450950596012731,0.502573460429935,0.548476218601186,9,1,100,0.128923194576792,-0.0838759804360953,9,2.24389424042682,1,0.0919099999999999,256,0.2,0.2,20,"both",0.128923194576792,-0.0838759804360953
"826","session1",-7.91133890605262,11.0661193914988,3.77301850088761,0.000137157507225518,-0.450950596012731,0.502573460429935,0.548476218601186,9,1,100,0.128923194576792,-0.0838759804360953,9,1.00886890440752,1,1.2536894,256,0.2,0.2,20,"both",0.128923194576792,-0.0838759804360953
"827","session1",-7.91133890605262,11.0661193914988,3.77301850088761,0.000137157507225518,-0.450950596012731,0.502573460429935,0.548476218601186,9,1,100,0.128923194576792,-0.0838759804360953,9,2.79026958219954,1,-0.26994,256,0.2,0.2,20,"both",0.128923194576792,-0.0838759804360953
"828","session1",-7.91133890605262,11.0661193914988,3.77301850088761,0.000137157507225518,-0.450950596012731,0.502573460429935,0.548476218601186,9,1,100,0.128923194576792,-0.0838759804360953,9,1.85686610683668,0,-3.42795,256,0.2,0.2,20,"both",0.128923194576792,-0.0838759804360953
"829","session1",-7.91133890605262,11.0661193914988,3.77301850088761,0.000137157507225518,-0.450950596012731,0.502573460429935,0.548476218601186,9,1,100,0.128923194576792,-0.0838759804360953,9,2.4575243990101,1,1.110703,256,0.2,0.2,20,"both",0.128923194576792,-0.0838759804360953
"830","session1",-7.91133890605262,11.0661193914988,3.77301850088761,0.000137157507225518,-0.450950596012731,0.502573460429935,0.548476218601186,9,1,100,0.128923194576792,-0.0838759804360953,9,1.21782383675635,0,0.176229,256,0.2,0.2,20,"both",0.128923194576792,-0.0838759804360953
"831","session1",-7.91133890605262,11.0661193914988,3.77301850088761,0.000137157507225518,-0.450950596012731,0.502573460429935,0.548476218601186,9,1,100,0.128923194576792,-0.0838759804360953,9,1.35997506494296,0,1.966281,256,0.2,0.2,20,"both",0.128923194576792,-0.0838759804360953
"832","session1",-7.91133890605262,11.0661193914988,3.77301850088761,0.000137157507225518,-0.450950596012731,0.502573460429935,0.548476218601186,9,1,100,0.128923194576792,-0.0838759804360953,9,3.1690240787402,1,-2.401621,256,0.2,0.2,20,"both",0.128923194576792,-0.0838759804360953
"833","session1",-7.91133890605262,11.0661193914988,3.77301850088761,0.000137157507225518,-0.450950596012731,0.502573460429935,0.548476218601186,9,1,100,0.128923194576792,-0.0838759804360953,9,0.973847888649194,1,-3.36527,256,0.2,0.2,20,"both",0.128923194576792,-0.0838759804360953
"834","session1",-7.91133890605262,11.0661193914988,3.77301850088761,0.000137157507225518,-0.450950596012731,0.502573460429935,0.548476218601186,9,1,100,0.128923194576792,-0.0838759804360953,9,1.2147598545944,0,3.471568,256,0.2,0.2,20,"both",0.128923194576792,-0.0838759804360953
"835","session1",-7.91133890605262,11.0661193914988,3.77301850088761,0.000137157507225518,-0.450950596012731,0.502573460429935,0.548476218601186,9,1,100,0.128923194576792,-0.0838759804360953,9,1.84475532084373,1,-6.16217,256,0.2,0.2,20,"both",0.128923194576792,-0.0838759804360953
"836","session1",-7.91133890605262,11.0661193914988,3.77301850088761,0.000137157507225518,-0.450950596012731,0.502573460429935,0.548476218601186,9,1,100,0.128923194576792,-0.0838759804360953,9,1.56506069236258,0,-11.05336,256,0.2,0.2,20,"both",0.128923194576792,-0.0838759804360953
"837","session1",-7.91133890605262,11.0661193914988,3.77301850088761,0.000137157507225518,-0.450950596012731,0.502573460429935,0.548476218601186,9,1,100,0.128923194576792,-0.0838759804360953,9,2.01461697014918,1,-12.24758,256,0.2,0.2,20,"both",0.128923194576792,-0.0838759804360953
"838","session1",-7.91133890605262,11.0661193914988,3.77301850088761,0.000137157507225518,-0.450950596012731,0.502573460429935,0.548476218601186,9,1,100,0.128923194576792,-0.0838759804360953,9,2.6332385817975,0,6.78518,256,0.2,0.2,20,"both",0.128923194576792,-0.0838759804360953
"839","session1",-7.91133890605262,11.0661193914988,3.77301850088761,0.000137157507225518,-0.450950596012731,0.502573460429935,0.548476218601186,9,1,100,0.128923194576792,-0.0838759804360953,9,2.79278031431041,1,-10.05965,256,0.2,0.2,20,"both",0.128923194576792,-0.0838759804360953
"840","session1",-7.91133890605262,11.0661193914988,3.77301850088761,0.000137157507225518,-0.450950596012731,0.502573460429935,0.548476218601186,9,1,100,0.128923194576792,-0.0838759804360953,9,1.55432543581785,1,-10.29773,256,0.2,0.2,20,"both",0.128923194576792,-0.0838759804360953
"841","session1",-7.91133890605262,11.0661193914988,3.77301850088761,0.000137157507225518,-0.450950596012731,0.502573460429935,0.548476218601186,9,1,100,0.128923194576792,-0.0838759804360953,9,2.46415990477034,0,3.44584,256,0.2,0.2,20,"both",0.128923194576792,-0.0838759804360953
"842","session1",-7.91133890605262,11.0661193914988,3.77301850088761,0.000137157507225518,-0.450950596012731,0.502573460429935,0.548476218601186,9,1,100,0.128923194576792,-0.0838759804360953,9,1.20509095442477,1,36.312357,256,0.2,0.2,20,"both",0.128923194576792,-0.0838759804360953
"843","session1",-7.91133890605262,11.0661193914988,3.77301850088761,0.000137157507225518,-0.450950596012731,0.502573460429935,0.548476218601186,9,1,100,0.128923194576792,-0.0838759804360953,9,1.2279489699779,0,-12.76946,256,0.2,0.2,20,"both",0.128923194576792,-0.0838759804360953
"844","session1",-7.91133890605262,11.0661193914988,3.77301850088761,0.000137157507225518,-0.450950596012731,0.502573460429935,0.548476218601186,9,1,100,0.128923194576792,-0.0838759804360953,9,1.38967801969216,1,6.06706,256,0.2,0.2,20,"both",0.128923194576792,-0.0838759804360953
"845","session1",-7.91133890605262,11.0661193914988,3.77301850088761,0.000137157507225518,-0.450950596012731,0.502573460429935,0.548476218601186,9,1,100,0.128923194576792,-0.0838759804360953,9,1.97898478004035,1,-3.6464,256,0.2,0.2,20,"both",0.128923194576792,-0.0838759804360953
"846","session1",-7.91133890605262,11.0661193914988,3.77301850088761,0.000137157507225518,-0.450950596012731,0.502573460429935,0.548476218601186,9,1,100,0.128923194576792,-0.0838759804360953,9,0.89066540408958,1,6.6203,256,0.2,0.2,20,"both",0.128923194576792,-0.0838759804360953
"847","session1",-7.91133890605262,11.0661193914988,3.77301850088761,0.000137157507225518,-0.450950596012731,0.502573460429935,0.548476218601186,9,1,100,0.128923194576792,-0.0838759804360953,9,1.29175270022149,1,21.3662,256,0.2,0.2,20,"both",0.128923194576792,-0.0838759804360953
"848","session1",-7.91133890605262,11.0661193914988,3.77301850088761,0.000137157507225518,-0.450950596012731,0.502573460429935,0.548476218601186,9,1,100,0.128923194576792,-0.0838759804360953,9,1.66233998050688,0,-31.2693,256,0.2,0.2,20,"both",0.128923194576792,-0.0838759804360953
"849","session1",-7.91133890605262,11.0661193914988,3.77301850088761,0.000137157507225518,-0.450950596012731,0.502573460429935,0.548476218601186,9,1,100,0.128923194576792,-0.0838759804360953,9,0.953595197407618,1,37.35528,256,0.2,0.2,20,"both",0.128923194576792,-0.0838759804360953
"850","session1",-7.91133890605262,11.0661193914988,3.77301850088761,0.000137157507225518,-0.450950596012731,0.502573460429935,0.548476218601186,9,1,100,0.128923194576792,-0.0838759804360953,9,1.26982897322685,1,13.49133,256,0.2,0.2,20,"both",0.128923194576792,-0.0838759804360953
"851","session1",-7.91133890605262,11.0661193914988,3.77301850088761,0.000137157507225518,-0.450950596012731,0.502573460429935,0.548476218601186,9,1,100,0.128923194576792,-0.0838759804360953,9,1.21105730218303,1,3.49704,256,0.2,0.2,20,"both",0.128923194576792,-0.0838759804360953
"852","session1",-7.91133890605262,11.0661193914988,3.77301850088761,0.000137157507225518,-0.450950596012731,0.502573460429935,0.548476218601186,9,1,100,0.128923194576792,-0.0838759804360953,9,2.17484156365461,0,-16.4367,256,0.2,0.2,20,"both",0.128923194576792,-0.0838759804360953
"853","session1",-7.91133890605262,11.0661193914988,3.77301850088761,0.000137157507225518,-0.450950596012731,0.502573460429935,0.548476218601186,9,1,100,0.128923194576792,-0.0838759804360953,9,2.05585489991793,0,-19.38268,256,0.2,0.2,20,"both",0.128923194576792,-0.0838759804360953
"854","session1",-7.91133890605262,11.0661193914988,3.77301850088761,0.000137157507225518,-0.450950596012731,0.502573460429935,0.548476218601186,9,1,100,0.128923194576792,-0.0838759804360953,9,2.50490498178161,0,-15.53947,256,0.2,0.2,20,"both",0.128923194576792,-0.0838759804360953
"855","session1",-7.91133890605262,11.0661193914988,3.77301850088761,0.000137157507225518,-0.450950596012731,0.502573460429935,0.548476218601186,9,1,100,0.128923194576792,-0.0838759804360953,9,1.96885561441321,0,-23.81789,256,0.2,0.2,20,"both",0.128923194576792,-0.0838759804360953
"856","session1",-7.91133890605262,11.0661193914988,3.77301850088761,0.000137157507225518,-0.450950596012731,0.502573460429935,0.548476218601186,9,1,100,0.128923194576792,-0.0838759804360953,9,1.81662212836201,1,1.9237,256,0.2,0.2,20,"both",0.128923194576792,-0.0838759804360953
"857","session1",-7.91133890605262,11.0661193914988,3.77301850088761,0.000137157507225518,-0.450950596012731,0.502573460429935,0.548476218601186,9,1,100,0.128923194576792,-0.0838759804360953,9,1.32704123238517,0,-32.84217,256,0.2,0.2,20,"both",0.128923194576792,-0.0838759804360953
"858","session1",-7.91133890605262,11.0661193914988,3.77301850088761,0.000137157507225518,-0.450950596012731,0.502573460429935,0.548476218601186,9,1,100,0.128923194576792,-0.0838759804360953,9,2.1452985882624,1,6.95504,256,0.2,0.2,20,"both",0.128923194576792,-0.0838759804360953
"859","session1",-7.91133890605262,11.0661193914988,3.77301850088761,0.000137157507225518,-0.450950596012731,0.502573460429935,0.548476218601186,9,1,100,0.128923194576792,-0.0838759804360953,9,1.3412676862258,0,-12.72364,256,0.2,0.2,20,"both",0.128923194576792,-0.0838759804360953
"860","session1",-7.91133890605262,11.0661193914988,3.77301850088761,0.000137157507225518,-0.450950596012731,0.502573460429935,0.548476218601186,9,1,100,0.128923194576792,-0.0838759804360953,9,3.21717093341131,0,-13.15193,256,0.2,0.2,20,"both",0.128923194576792,-0.0838759804360953
"861","session1",-7.91133890605262,11.0661193914988,3.77301850088761,0.000137157507225518,-0.450950596012731,0.502573460429935,0.548476218601186,9,1,100,0.128923194576792,-0.0838759804360953,9,1.74517496082533,1,-12.49318,256,0.2,0.2,20,"both",0.128923194576792,-0.0838759804360953
"862","session1",-7.91133890605262,11.0661193914988,3.77301850088761,0.000137157507225518,-0.450950596012731,0.502573460429935,0.548476218601186,9,1,100,0.128923194576792,-0.0838759804360953,9,1.2890589884686,1,11.50926,256,0.2,0.2,20,"both",0.128923194576792,-0.0838759804360953
"863","session1",-7.91133890605262,11.0661193914988,3.77301850088761,0.000137157507225518,-0.450950596012731,0.502573460429935,0.548476218601186,9,1,100,0.128923194576792,-0.0838759804360953,9,1.65014355859453,0,-17.3713,256,0.2,0.2,20,"both",0.128923194576792,-0.0838759804360953
"864","session1",-7.91133890605262,11.0661193914988,3.77301850088761,0.000137157507225518,-0.450950596012731,0.502573460429935,0.548476218601186,9,1,100,0.128923194576792,-0.0838759804360953,9,0.903710309067691,0,2.48062,256,0.2,0.2,20,"both",0.128923194576792,-0.0838759804360953
"865","session1",-7.91133890605262,11.0661193914988,3.77301850088761,0.000137157507225518,-0.450950596012731,0.502573460429935,0.548476218601186,9,1,100,0.128923194576792,-0.0838759804360953,9,1.58262852734992,0,-15.56668,256,0.2,0.2,20,"both",0.128923194576792,-0.0838759804360953
"866","session1",-7.91133890605262,11.0661193914988,3.77301850088761,0.000137157507225518,-0.450950596012731,0.502573460429935,0.548476218601186,9,1,100,0.128923194576792,-0.0838759804360953,9,1.12151376087524,0,-20.4465,256,0.2,0.2,20,"both",0.128923194576792,-0.0838759804360953
"867","session1",-7.91133890605262,11.0661193914988,3.77301850088761,0.000137157507225518,-0.450950596012731,0.502573460429935,0.548476218601186,9,1,100,0.128923194576792,-0.0838759804360953,9,1.38658149661751,1,5.22904,256,0.2,0.2,20,"both",0.128923194576792,-0.0838759804360953
"868","session1",-7.91133890605262,11.0661193914988,3.77301850088761,0.000137157507225518,-0.450950596012731,0.502573460429935,0.548476218601186,9,1,100,0.128923194576792,-0.0838759804360953,9,1.78308342265664,1,0.55018,256,0.2,0.2,20,"both",0.128923194576792,-0.0838759804360953
"869","session1",-7.91133890605262,11.0661193914988,3.77301850088761,0.000137157507225518,-0.450950596012731,0.502573460429935,0.548476218601186,9,1,100,0.128923194576792,-0.0838759804360953,9,1.03508366985679,1,19.387653,256,0.2,0.2,20,"both",0.128923194576792,-0.0838759804360953
"870","session1",-7.91133890605262,11.0661193914988,3.77301850088761,0.000137157507225518,-0.450950596012731,0.502573460429935,0.548476218601186,9,1,100,0.128923194576792,-0.0838759804360953,9,1.356141877528,1,10.14242,256,0.2,0.2,20,"both",0.128923194576792,-0.0838759804360953
"871","session1",-7.91133890605262,11.0661193914988,3.77301850088761,0.000137157507225518,-0.450950596012731,0.502573460429935,0.548476218601186,9,1,100,0.128923194576792,-0.0838759804360953,9,1.00809027231158,1,7.65123,256,0.2,0.2,20,"both",0.128923194576792,-0.0838759804360953
"872","session1",-7.91133890605262,11.0661193914988,3.77301850088761,0.000137157507225518,-0.450950596012731,0.502573460429935,0.548476218601186,9,1,100,0.128923194576792,-0.0838759804360953,9,1.64082315141979,1,8.14773,256,0.2,0.2,20,"both",0.128923194576792,-0.0838759804360953
"873","session1",-7.91133890605262,11.0661193914988,3.77301850088761,0.000137157507225518,-0.450950596012731,0.502573460429935,0.548476218601186,9,1,100,0.128923194576792,-0.0838759804360953,9,1.40621810180115,1,2.83868,256,0.2,0.2,20,"both",0.128923194576792,-0.0838759804360953
"874","session1",-7.91133890605262,11.0661193914988,3.77301850088761,0.000137157507225518,-0.450950596012731,0.502573460429935,0.548476218601186,9,1,100,0.128923194576792,-0.0838759804360953,9,3.1319571521757,0,-14.74961,256,0.2,0.2,20,"both",0.128923194576792,-0.0838759804360953
"875","session1",-7.91133890605262,11.0661193914988,3.77301850088761,0.000137157507225518,-0.450950596012731,0.502573460429935,0.548476218601186,9,1,100,0.128923194576792,-0.0838759804360953,9,1.87249572979977,0,-13.6668,256,0.2,0.2,20,"both",0.128923194576792,-0.0838759804360953
"876","session1",-7.91133890605262,11.0661193914988,3.77301850088761,0.000137157507225518,-0.450950596012731,0.502573460429935,0.548476218601186,9,1,100,0.128923194576792,-0.0838759804360953,9,1.42240262903094,1,1.07921,256,0.2,0.2,20,"both",0.128923194576792,-0.0838759804360953
"877","session1",-7.91133890605262,11.0661193914988,3.77301850088761,0.000137157507225518,-0.450950596012731,0.502573460429935,0.548476218601186,9,1,100,0.128923194576792,-0.0838759804360953,9,1.52364228552272,0,3.41766,256,0.2,0.2,20,"both",0.128923194576792,-0.0838759804360953
"878","session1",-7.91133890605262,11.0661193914988,3.77301850088761,0.000137157507225518,-0.450950596012731,0.502573460429935,0.548476218601186,9,1,100,0.128923194576792,-0.0838759804360953,9,1.2598429824729,0,5.88898,256,0.2,0.2,20,"both",0.128923194576792,-0.0838759804360953
"879","session1",-7.91133890605262,11.0661193914988,3.77301850088761,0.000137157507225518,-0.450950596012731,0.502573460429935,0.548476218601186,9,1,100,0.128923194576792,-0.0838759804360953,9,2.30155607823807,0,-9.20667,256,0.2,0.2,20,"both",0.128923194576792,-0.0838759804360953
"880","session1",-7.91133890605262,11.0661193914988,3.77301850088761,0.000137157507225518,-0.450950596012731,0.502573460429935,0.548476218601186,9,1,100,0.128923194576792,-0.0838759804360953,9,1.28273016584754,0,-13.37017,256,0.2,0.2,20,"both",0.128923194576792,-0.0838759804360953
"881","session1",-7.91133890605262,11.0661193914988,3.77301850088761,0.000137157507225518,-0.450950596012731,0.502573460429935,0.548476218601186,9,1,100,0.128923194576792,-0.0838759804360953,9,0.865381142236567,1,10.07191,256,0.2,0.2,20,"both",0.128923194576792,-0.0838759804360953
"882","session1",-7.91133890605262,11.0661193914988,3.77301850088761,0.000137157507225518,-0.450950596012731,0.502573460429935,0.548476218601186,9,1,100,0.128923194576792,-0.0838759804360953,9,1.17657418583167,1,6.10743,256,0.2,0.2,20,"both",0.128923194576792,-0.0838759804360953
"883","session1",-7.91133890605262,11.0661193914988,3.77301850088761,0.000137157507225518,-0.450950596012731,0.502573460429935,0.548476218601186,9,1,100,0.128923194576792,-0.0838759804360953,9,1.69869221167621,0,-0.0904199999999999,256,0.2,0.2,20,"both",0.128923194576792,-0.0838759804360953
"884","session1",-7.91133890605262,11.0661193914988,3.77301850088761,0.000137157507225518,-0.450950596012731,0.502573460429935,0.548476218601186,9,1,100,0.128923194576792,-0.0838759804360953,9,1.24891448788174,0,3.21879,256,0.2,0.2,20,"both",0.128923194576792,-0.0838759804360953
"885","session1",-7.91133890605262,11.0661193914988,3.77301850088761,0.000137157507225518,-0.450950596012731,0.502573460429935,0.548476218601186,9,1,100,0.128923194576792,-0.0838759804360953,9,0.991727394341958,1,8.32565,256,0.2,0.2,20,"both",0.128923194576792,-0.0838759804360953
"886","session1",-7.91133890605262,11.0661193914988,3.77301850088761,0.000137157507225518,-0.450950596012731,0.502573460429935,0.548476218601186,9,1,100,0.128923194576792,-0.0838759804360953,9,1.11621072686238,1,5.30207,256,0.2,0.2,20,"both",0.128923194576792,-0.0838759804360953
"887","session1",-7.91133890605262,11.0661193914988,3.77301850088761,0.000137157507225518,-0.450950596012731,0.502573460429935,0.548476218601186,9,1,100,0.128923194576792,-0.0838759804360953,9,1.58439313973928,1,7.146573,256,0.2,0.2,20,"both",0.128923194576792,-0.0838759804360953
"888","session1",-7.91133890605262,11.0661193914988,3.77301850088761,0.000137157507225518,-0.450950596012731,0.502573460429935,0.548476218601186,9,1,100,0.128923194576792,-0.0838759804360953,9,1.93078071551812,0,-13.86824,256,0.2,0.2,20,"both",0.128923194576792,-0.0838759804360953
"889","session1",-7.91133890605262,11.0661193914988,3.77301850088761,0.000137157507225518,-0.450950596012731,0.502573460429935,0.548476218601186,9,1,100,0.128923194576792,-0.0838759804360953,9,2.07893235400368,0,-10.63473,256,0.2,0.2,20,"both",0.128923194576792,-0.0838759804360953
"890","session1",-7.91133890605262,11.0661193914988,3.77301850088761,0.000137157507225518,-0.450950596012731,0.502573460429935,0.548476218601186,9,1,100,0.128923194576792,-0.0838759804360953,9,3.66136232715583,1,-9.71851,256,0.2,0.2,20,"both",0.128923194576792,-0.0838759804360953
"891","session1",-7.91133890605262,11.0661193914988,3.77301850088761,0.000137157507225518,-0.450950596012731,0.502573460429935,0.548476218601186,9,1,100,0.128923194576792,-0.0838759804360953,9,2.65462713727217,0,-9.96205,256,0.2,0.2,20,"both",0.128923194576792,-0.0838759804360953
"892","session1",-7.91133890605262,11.0661193914988,3.77301850088761,0.000137157507225518,-0.450950596012731,0.502573460429935,0.548476218601186,9,1,100,0.128923194576792,-0.0838759804360953,9,1.04616098730277,0,-20.17989,256,0.2,0.2,20,"both",0.128923194576792,-0.0838759804360953
"893","session1",-7.91133890605262,11.0661193914988,3.77301850088761,0.000137157507225518,-0.450950596012731,0.502573460429935,0.548476218601186,9,1,100,0.128923194576792,-0.0838759804360953,9,1.29395643570334,1,0.56227,256,0.2,0.2,20,"both",0.128923194576792,-0.0838759804360953
"894","session1",-7.91133890605262,11.0661193914988,3.77301850088761,0.000137157507225518,-0.450950596012731,0.502573460429935,0.548476218601186,9,1,100,0.128923194576792,-0.0838759804360953,9,2.70375745898502,1,-12.38135,256,0.2,0.2,20,"both",0.128923194576792,-0.0838759804360953
"895","session1",-7.91133890605262,11.0661193914988,3.77301850088761,0.000137157507225518,-0.450950596012731,0.502573460429935,0.548476218601186,9,1,100,0.128923194576792,-0.0838759804360953,9,1.18767785799553,1,5.92651,256,0.2,0.2,20,"both",0.128923194576792,-0.0838759804360953
"896","session1",-7.91133890605262,11.0661193914988,3.77301850088761,0.000137157507225518,-0.450950596012731,0.502573460429935,0.548476218601186,9,1,100,0.128923194576792,-0.0838759804360953,9,1.10119465987563,0,-21.49905,256,0.2,0.2,20,"both",0.128923194576792,-0.0838759804360953
"897","session1",-7.91133890605262,11.0661193914988,3.77301850088761,0.000137157507225518,-0.450950596012731,0.502573460429935,0.548476218601186,9,1,100,0.128923194576792,-0.0838759804360953,9,1.58348456547653,1,9.29627,256,0.2,0.2,20,"both",0.128923194576792,-0.0838759804360953
"898","session1",-7.91133890605262,11.0661193914988,3.77301850088761,0.000137157507225518,-0.450950596012731,0.502573460429935,0.548476218601186,9,1,100,0.128923194576792,-0.0838759804360953,9,2.17124322911524,1,6.63424,256,0.2,0.2,20,"both",0.128923194576792,-0.0838759804360953
"899","session1",-7.91133890605262,11.0661193914988,3.77301850088761,0.000137157507225518,-0.450950596012731,0.502573460429935,0.548476218601186,9,1,100,0.128923194576792,-0.0838759804360953,9,1.99685884100827,1,3.56667,256,0.2,0.2,20,"both",0.128923194576792,-0.0838759804360953
"900","session1",-7.91133890605262,11.0661193914988,3.77301850088761,0.000137157507225518,-0.450950596012731,0.502573460429935,0.548476218601186,9,1,100,0.128923194576792,-0.0838759804360953,9,1.65600899066232,1,2.07783,256,0.2,0.2,20,"both",0.128923194576792,-0.0838759804360953
"901","session1",-15.1278360891543,12.6896912382159,2.50414762386012,0.00044285478143869,0.0992323488369948,0.465557503186173,0.358767861486601,10,1,100,0.128923194576792,-0.0838759804360953,10,1.34023523611773,1,9.7227881948,256,0.2,0.2,20,"both",0.128923194576792,-0.0838759804360953
"902","session1",-15.1278360891543,12.6896912382159,2.50414762386012,0.00044285478143869,0.0992323488369948,0.465557503186173,0.358767861486601,10,1,100,0.128923194576792,-0.0838759804360953,10,1.22373105339042,1,-5.2286805314,256,0.2,0.2,20,"both",0.128923194576792,-0.0838759804360953
"903","session1",-15.1278360891543,12.6896912382159,2.50414762386012,0.00044285478143869,0.0992323488369948,0.465557503186173,0.358767861486601,10,1,100,0.128923194576792,-0.0838759804360953,10,4.57722251034394,1,-12.3692180432,256,0.2,0.2,20,"both",0.128923194576792,-0.0838759804360953
"904","session1",-15.1278360891543,12.6896912382159,2.50414762386012,0.00044285478143869,0.0992323488369948,0.465557503186173,0.358767861486601,10,1,100,0.128923194576792,-0.0838759804360953,10,3.4779586763472,0,-20.1080804798,256,0.2,0.2,20,"both",0.128923194576792,-0.0838759804360953
"905","session1",-15.1278360891543,12.6896912382159,2.50414762386012,0.00044285478143869,0.0992323488369948,0.465557503186173,0.358767861486601,10,1,100,0.128923194576792,-0.0838759804360953,10,1.66993537414567,1,4.0733,256,0.2,0.2,20,"both",0.128923194576792,-0.0838759804360953
"906","session1",-15.1278360891543,12.6896912382159,2.50414762386012,0.00044285478143869,0.0992323488369948,0.465557503186173,0.358767861486601,10,1,100,0.128923194576792,-0.0838759804360953,10,1.5749866080641,0,-34.3093,256,0.2,0.2,20,"both",0.128923194576792,-0.0838759804360953
"907","session1",-15.1278360891543,12.6896912382159,2.50414762386012,0.00044285478143869,0.0992323488369948,0.465557503186173,0.358767861486601,10,1,100,0.128923194576792,-0.0838759804360953,10,2.95701070773139,1,-14.38991,256,0.2,0.2,20,"both",0.128923194576792,-0.0838759804360953
"908","session1",-15.1278360891543,12.6896912382159,2.50414762386012,0.00044285478143869,0.0992323488369948,0.465557503186173,0.358767861486601,10,1,100,0.128923194576792,-0.0838759804360953,10,2.25815132622561,0,-32.53697,256,0.2,0.2,20,"both",0.128923194576792,-0.0838759804360953
"909","session1",-15.1278360891543,12.6896912382159,2.50414762386012,0.00044285478143869,0.0992323488369948,0.465557503186173,0.358767861486601,10,1,100,0.128923194576792,-0.0838759804360953,10,3.69931412386914,1,-24.15924,256,0.2,0.2,20,"both",0.128923194576792,-0.0838759804360953
"910","session1",-15.1278360891543,12.6896912382159,2.50414762386012,0.00044285478143869,0.0992323488369948,0.465557503186173,0.358767861486601,10,1,100,0.128923194576792,-0.0838759804360953,10,3.61474213291662,0,-22.69773,256,0.2,0.2,20,"both",0.128923194576792,-0.0838759804360953
"911","session1",-15.1278360891543,12.6896912382159,2.50414762386012,0.00044285478143869,0.0992323488369948,0.465557503186173,0.358767861486601,10,1,100,0.128923194576792,-0.0838759804360953,10,2.14506079766198,0,-23.36105,256,0.2,0.2,20,"both",0.128923194576792,-0.0838759804360953
"912","session1",-15.1278360891543,12.6896912382159,2.50414762386012,0.00044285478143869,0.0992323488369948,0.465557503186173,0.358767861486601,10,1,100,0.128923194576792,-0.0838759804360953,10,1.2096718649682,0,-24.51895,256,0.2,0.2,20,"both",0.128923194576792,-0.0838759804360953
"913","session1",-15.1278360891543,12.6896912382159,2.50414762386012,0.00044285478143869,0.0992323488369948,0.465557503186173,0.358767861486601,10,1,100,0.128923194576792,-0.0838759804360953,10,1.11062164117962,0,-33.9232,256,0.2,0.2,20,"both",0.128923194576792,-0.0838759804360953
"914","session1",-15.1278360891543,12.6896912382159,2.50414762386012,0.00044285478143869,0.0992323488369948,0.465557503186173,0.358767861486601,10,1,100,0.128923194576792,-0.0838759804360953,10,1.62309226538493,1,-12.56787,256,0.2,0.2,20,"both",0.128923194576792,-0.0838759804360953
"915","session1",-15.1278360891543,12.6896912382159,2.50414762386012,0.00044285478143869,0.0992323488369948,0.465557503186173,0.358767861486601,10,1,100,0.128923194576792,-0.0838759804360953,10,3.52160621875264,0,-28.28366,256,0.2,0.2,20,"both",0.128923194576792,-0.0838759804360953
"916","session1",-15.1278360891543,12.6896912382159,2.50414762386012,0.00044285478143869,0.0992323488369948,0.465557503186173,0.358767861486601,10,1,100,0.128923194576792,-0.0838759804360953,10,1.74107077796212,0,-22.08236,256,0.2,0.2,20,"both",0.128923194576792,-0.0838759804360953
"917","session1",-15.1278360891543,12.6896912382159,2.50414762386012,0.00044285478143869,0.0992323488369948,0.465557503186173,0.358767861486601,10,1,100,0.128923194576792,-0.0838759804360953,10,2.00459116118813,1,-12.56586,256,0.2,0.2,20,"both",0.128923194576792,-0.0838759804360953
"918","session1",-15.1278360891543,12.6896912382159,2.50414762386012,0.00044285478143869,0.0992323488369948,0.465557503186173,0.358767861486601,10,1,100,0.128923194576792,-0.0838759804360953,10,3.26721024165,1,-7.63457,256,0.2,0.2,20,"both",0.128923194576792,-0.0838759804360953
"919","session1",-15.1278360891543,12.6896912382159,2.50414762386012,0.00044285478143869,0.0992323488369948,0.465557503186173,0.358767861486601,10,1,100,0.128923194576792,-0.0838759804360953,10,2.23832797551337,0,-13.88466,256,0.2,0.2,20,"both",0.128923194576792,-0.0838759804360953
"920","session1",-15.1278360891543,12.6896912382159,2.50414762386012,0.00044285478143869,0.0992323488369948,0.465557503186173,0.358767861486601,10,1,100,0.128923194576792,-0.0838759804360953,10,2.44862583357534,0,-24.61936,256,0.2,0.2,20,"both",0.128923194576792,-0.0838759804360953
"921","session1",-15.1278360891543,12.6896912382159,2.50414762386012,0.00044285478143869,0.0992323488369948,0.465557503186173,0.358767861486601,10,1,100,0.128923194576792,-0.0838759804360953,10,2.21261494630879,0,-11.21736,256,0.2,0.2,20,"both",0.128923194576792,-0.0838759804360953
"922","session1",-15.1278360891543,12.6896912382159,2.50414762386012,0.00044285478143869,0.0992323488369948,0.465557503186173,0.358767861486601,10,1,100,0.128923194576792,-0.0838759804360953,10,2.28896746152376,0,-18.27014,256,0.2,0.2,20,"both",0.128923194576792,-0.0838759804360953
"923","session1",-15.1278360891543,12.6896912382159,2.50414762386012,0.00044285478143869,0.0992323488369948,0.465557503186173,0.358767861486601,10,1,100,0.128923194576792,-0.0838759804360953,10,3.33808481318487,0,-12.12107,256,0.2,0.2,20,"both",0.128923194576792,-0.0838759804360953
"924","session1",-15.1278360891543,12.6896912382159,2.50414762386012,0.00044285478143869,0.0992323488369948,0.465557503186173,0.358767861486601,10,1,100,0.128923194576792,-0.0838759804360953,10,2.22465845746258,1,-8.87007,256,0.2,0.2,20,"both",0.128923194576792,-0.0838759804360953
"925","session1",-15.1278360891543,12.6896912382159,2.50414762386012,0.00044285478143869,0.0992323488369948,0.465557503186173,0.358767861486601,10,1,100,0.128923194576792,-0.0838759804360953,10,1.74853462984135,0,-26.8024,256,0.2,0.2,20,"both",0.128923194576792,-0.0838759804360953
"926","session1",-15.1278360891543,12.6896912382159,2.50414762386012,0.00044285478143869,0.0992323488369948,0.465557503186173,0.358767861486601,10,1,100,0.128923194576792,-0.0838759804360953,10,2.37895234971764,1,-17.26884,256,0.2,0.2,20,"both",0.128923194576792,-0.0838759804360953
"927","session1",-15.1278360891543,12.6896912382159,2.50414762386012,0.00044285478143869,0.0992323488369948,0.465557503186173,0.358767861486601,10,1,100,0.128923194576792,-0.0838759804360953,10,4.22002439194477,1,-2.0744,256,0.2,0.2,20,"both",0.128923194576792,-0.0838759804360953
"928","session1",-15.1278360891543,12.6896912382159,2.50414762386012,0.00044285478143869,0.0992323488369948,0.465557503186173,0.358767861486601,10,1,100,0.128923194576792,-0.0838759804360953,10,3.6429063099906,1,-8.00545,256,0.2,0.2,20,"both",0.128923194576792,-0.0838759804360953
"929","session1",-15.1278360891543,12.6896912382159,2.50414762386012,0.00044285478143869,0.0992323488369948,0.465557503186173,0.358767861486601,10,1,100,0.128923194576792,-0.0838759804360953,10,1.41114242566883,0,-8.376,256,0.2,0.2,20,"both",0.128923194576792,-0.0838759804360953
"930","session1",-15.1278360891543,12.6896912382159,2.50414762386012,0.00044285478143869,0.0992323488369948,0.465557503186173,0.358767861486601,10,1,100,0.128923194576792,-0.0838759804360953,10,1.54189376283729,1,-5.594,256,0.2,0.2,20,"both",0.128923194576792,-0.0838759804360953
"931","session1",-15.1278360891543,12.6896912382159,2.50414762386012,0.00044285478143869,0.0992323488369948,0.465557503186173,0.358767861486601,10,1,100,0.128923194576792,-0.0838759804360953,10,2.03811767137521,1,-10.16907,256,0.2,0.2,20,"both",0.128923194576792,-0.0838759804360953
"932","session1",-15.1278360891543,12.6896912382159,2.50414762386012,0.00044285478143869,0.0992323488369948,0.465557503186173,0.358767861486601,10,1,100,0.128923194576792,-0.0838759804360953,10,2.92276390164839,1,-13.40829,256,0.2,0.2,20,"both",0.128923194576792,-0.0838759804360953
"933","session1",-15.1278360891543,12.6896912382159,2.50414762386012,0.00044285478143869,0.0992323488369948,0.465557503186173,0.358767861486601,10,1,100,0.128923194576792,-0.0838759804360953,10,1.41296552196089,1,-18.88464,256,0.2,0.2,20,"both",0.128923194576792,-0.0838759804360953
"934","session1",-15.1278360891543,12.6896912382159,2.50414762386012,0.00044285478143869,0.0992323488369948,0.465557503186173,0.358767861486601,10,1,100,0.128923194576792,-0.0838759804360953,10,5.50781440501746,0,-20.58884,256,0.2,0.2,20,"both",0.128923194576792,-0.0838759804360953
"935","session1",-15.1278360891543,12.6896912382159,2.50414762386012,0.00044285478143869,0.0992323488369948,0.465557503186173,0.358767861486601,10,1,100,0.128923194576792,-0.0838759804360953,10,1.27268382085823,0,-21.71011,256,0.2,0.2,20,"both",0.128923194576792,-0.0838759804360953
"936","session1",-15.1278360891543,12.6896912382159,2.50414762386012,0.00044285478143869,0.0992323488369948,0.465557503186173,0.358767861486601,10,1,100,0.128923194576792,-0.0838759804360953,10,2.87106892580173,1,-6.30372,256,0.2,0.2,20,"both",0.128923194576792,-0.0838759804360953
"937","session1",-15.1278360891543,12.6896912382159,2.50414762386012,0.00044285478143869,0.0992323488369948,0.465557503186173,0.358767861486601,10,1,100,0.128923194576792,-0.0838759804360953,10,1.21068384084295,1,-24.44819,256,0.2,0.2,20,"both",0.128923194576792,-0.0838759804360953
"938","session1",-15.1278360891543,12.6896912382159,2.50414762386012,0.00044285478143869,0.0992323488369948,0.465557503186173,0.358767861486601,10,1,100,0.128923194576792,-0.0838759804360953,10,2.08540333993016,0,-24.79233,256,0.2,0.2,20,"both",0.128923194576792,-0.0838759804360953
"939","session1",-15.1278360891543,12.6896912382159,2.50414762386012,0.00044285478143869,0.0992323488369948,0.465557503186173,0.358767861486601,10,1,100,0.128923194576792,-0.0838759804360953,10,1.29027320053599,1,-20.01584,256,0.2,0.2,20,"both",0.128923194576792,-0.0838759804360953
"940","session1",-15.1278360891543,12.6896912382159,2.50414762386012,0.00044285478143869,0.0992323488369948,0.465557503186173,0.358767861486601,10,1,100,0.128923194576792,-0.0838759804360953,10,1.19466104089892,1,-23.47347,256,0.2,0.2,20,"both",0.128923194576792,-0.0838759804360953
"941","session1",-15.1278360891543,12.6896912382159,2.50414762386012,0.00044285478143869,0.0992323488369948,0.465557503186173,0.358767861486601,10,1,100,0.128923194576792,-0.0838759804360953,10,6.81090845674977,1,-10.2071,256,0.2,0.2,20,"both",0.128923194576792,-0.0838759804360953
"942","session1",-15.1278360891543,12.6896912382159,2.50414762386012,0.00044285478143869,0.0992323488369948,0.465557503186173,0.358767861486601,10,1,100,0.128923194576792,-0.0838759804360953,10,2.08101464993429,0,-32.515,256,0.2,0.2,20,"both",0.128923194576792,-0.0838759804360953
"943","session1",-15.1278360891543,12.6896912382159,2.50414762386012,0.00044285478143869,0.0992323488369948,0.465557503186173,0.358767861486601,10,1,100,0.128923194576792,-0.0838759804360953,10,3.18149266840533,0,-26.70338,256,0.2,0.2,20,"both",0.128923194576792,-0.0838759804360953
"944","session1",-15.1278360891543,12.6896912382159,2.50414762386012,0.00044285478143869,0.0992323488369948,0.465557503186173,0.358767861486601,10,1,100,0.128923194576792,-0.0838759804360953,10,5.20150803528838,1,-15.4855,256,0.2,0.2,20,"both",0.128923194576792,-0.0838759804360953
"945","session1",-15.1278360891543,12.6896912382159,2.50414762386012,0.00044285478143869,0.0992323488369948,0.465557503186173,0.358767861486601,10,1,100,0.128923194576792,-0.0838759804360953,10,1.48936538334792,0,-16.16116,256,0.2,0.2,20,"both",0.128923194576792,-0.0838759804360953
"946","session1",-15.1278360891543,12.6896912382159,2.50414762386012,0.00044285478143869,0.0992323488369948,0.465557503186173,0.358767861486601,10,1,100,0.128923194576792,-0.0838759804360953,10,1.59383515227547,1,-8.0796,256,0.2,0.2,20,"both",0.128923194576792,-0.0838759804360953
"947","session1",-15.1278360891543,12.6896912382159,2.50414762386012,0.00044285478143869,0.0992323488369948,0.465557503186173,0.358767861486601,10,1,100,0.128923194576792,-0.0838759804360953,10,1.59756343849224,0,-34.8897,256,0.2,0.2,20,"both",0.128923194576792,-0.0838759804360953
"948","session1",-15.1278360891543,12.6896912382159,2.50414762386012,0.00044285478143869,0.0992323488369948,0.465557503186173,0.358767861486601,10,1,100,0.128923194576792,-0.0838759804360953,10,3.33177272598641,1,-11.2088,256,0.2,0.2,20,"both",0.128923194576792,-0.0838759804360953
"949","session1",-15.1278360891543,12.6896912382159,2.50414762386012,0.00044285478143869,0.0992323488369948,0.465557503186173,0.358767861486601,10,1,100,0.128923194576792,-0.0838759804360953,10,2.10396362605864,0,-23.4313,256,0.2,0.2,20,"both",0.128923194576792,-0.0838759804360953
"950","session1",-15.1278360891543,12.6896912382159,2.50414762386012,0.00044285478143869,0.0992323488369948,0.465557503186173,0.358767861486601,10,1,100,0.128923194576792,-0.0838759804360953,10,1.19288444267976,0,-26.92882,256,0.2,0.2,20,"both",0.128923194576792,-0.0838759804360953
"951","session1",-15.1278360891543,12.6896912382159,2.50414762386012,0.00044285478143869,0.0992323488369948,0.465557503186173,0.358767861486601,10,1,100,0.128923194576792,-0.0838759804360953,10,1.32713176745549,0,-26.1652,256,0.2,0.2,20,"both",0.128923194576792,-0.0838759804360953
"952","session1",-15.1278360891543,12.6896912382159,2.50414762386012,0.00044285478143869,0.0992323488369948,0.465557503186173,0.358767861486601,10,1,100,0.128923194576792,-0.0838759804360953,10,2.14340608604535,0,-21.27898,256,0.2,0.2,20,"both",0.128923194576792,-0.0838759804360953
"953","session1",-15.1278360891543,12.6896912382159,2.50414762386012,0.00044285478143869,0.0992323488369948,0.465557503186173,0.358767861486601,10,1,100,0.128923194576792,-0.0838759804360953,10,1.23909404241211,0,-21.50872,256,0.2,0.2,20,"both",0.128923194576792,-0.0838759804360953
"954","session1",-15.1278360891543,12.6896912382159,2.50414762386012,0.00044285478143869,0.0992323488369948,0.465557503186173,0.358767861486601,10,1,100,0.128923194576792,-0.0838759804360953,10,1.85473171213791,1,-12.06381,256,0.2,0.2,20,"both",0.128923194576792,-0.0838759804360953
"955","session1",-15.1278360891543,12.6896912382159,2.50414762386012,0.00044285478143869,0.0992323488369948,0.465557503186173,0.358767861486601,10,1,100,0.128923194576792,-0.0838759804360953,10,1.90425239510859,0,-23.58656,256,0.2,0.2,20,"both",0.128923194576792,-0.0838759804360953
"956","session1",-15.1278360891543,12.6896912382159,2.50414762386012,0.00044285478143869,0.0992323488369948,0.465557503186173,0.358767861486601,10,1,100,0.128923194576792,-0.0838759804360953,10,3.05124724080781,1,-8.10624,256,0.2,0.2,20,"both",0.128923194576792,-0.0838759804360953
"957","session1",-15.1278360891543,12.6896912382159,2.50414762386012,0.00044285478143869,0.0992323488369948,0.465557503186173,0.358767861486601,10,1,100,0.128923194576792,-0.0838759804360953,10,2.37596930024732,1,-19.51372,256,0.2,0.2,20,"both",0.128923194576792,-0.0838759804360953
"958","session1",-15.1278360891543,12.6896912382159,2.50414762386012,0.00044285478143869,0.0992323488369948,0.465557503186173,0.358767861486601,10,1,100,0.128923194576792,-0.0838759804360953,10,1.8453428010699,0,-25.3879,256,0.2,0.2,20,"both",0.128923194576792,-0.0838759804360953
"959","session1",-15.1278360891543,12.6896912382159,2.50414762386012,0.00044285478143869,0.0992323488369948,0.465557503186173,0.358767861486601,10,1,100,0.128923194576792,-0.0838759804360953,10,3.24975988357422,0,-26.59526,256,0.2,0.2,20,"both",0.128923194576792,-0.0838759804360953
"960","session1",-15.1278360891543,12.6896912382159,2.50414762386012,0.00044285478143869,0.0992323488369948,0.465557503186173,0.358767861486601,10,1,100,0.128923194576792,-0.0838759804360953,10,2.17937223311496,0,-12.93891,256,0.2,0.2,20,"both",0.128923194576792,-0.0838759804360953
"961","session1",-15.1278360891543,12.6896912382159,2.50414762386012,0.00044285478143869,0.0992323488369948,0.465557503186173,0.358767861486601,10,1,100,0.128923194576792,-0.0838759804360953,10,2.40306852803554,0,-22.63025,256,0.2,0.2,20,"both",0.128923194576792,-0.0838759804360953
"962","session1",-15.1278360891543,12.6896912382159,2.50414762386012,0.00044285478143869,0.0992323488369948,0.465557503186173,0.358767861486601,10,1,100,0.128923194576792,-0.0838759804360953,10,2.21670799505733,0,-28.15575,256,0.2,0.2,20,"both",0.128923194576792,-0.0838759804360953
"963","session1",-15.1278360891543,12.6896912382159,2.50414762386012,0.00044285478143869,0.0992323488369948,0.465557503186173,0.358767861486601,10,1,100,0.128923194576792,-0.0838759804360953,10,2.92013516024791,1,-26.19871,256,0.2,0.2,20,"both",0.128923194576792,-0.0838759804360953
"964","session1",-15.1278360891543,12.6896912382159,2.50414762386012,0.00044285478143869,0.0992323488369948,0.465557503186173,0.358767861486601,10,1,100,0.128923194576792,-0.0838759804360953,10,3.21801797245337,0,-23.82616,256,0.2,0.2,20,"both",0.128923194576792,-0.0838759804360953
"965","session1",-15.1278360891543,12.6896912382159,2.50414762386012,0.00044285478143869,0.0992323488369948,0.465557503186173,0.358767861486601,10,1,100,0.128923194576792,-0.0838759804360953,10,0.878150147122757,0,-26.16965,256,0.2,0.2,20,"both",0.128923194576792,-0.0838759804360953
"966","session1",-15.1278360891543,12.6896912382159,2.50414762386012,0.00044285478143869,0.0992323488369948,0.465557503186173,0.358767861486601,10,1,100,0.128923194576792,-0.0838759804360953,10,3.25308969265529,0,-13.63735,256,0.2,0.2,20,"both",0.128923194576792,-0.0838759804360953
"967","session1",-15.1278360891543,12.6896912382159,2.50414762386012,0.00044285478143869,0.0992323488369948,0.465557503186173,0.358767861486601,10,1,100,0.128923194576792,-0.0838759804360953,10,3.22620892773772,0,-8.33786,256,0.2,0.2,20,"both",0.128923194576792,-0.0838759804360953
"968","session1",-15.1278360891543,12.6896912382159,2.50414762386012,0.00044285478143869,0.0992323488369948,0.465557503186173,0.358767861486601,10,1,100,0.128923194576792,-0.0838759804360953,10,1.39171055768246,1,-19.88914,256,0.2,0.2,20,"both",0.128923194576792,-0.0838759804360953
"969","session1",-15.1278360891543,12.6896912382159,2.50414762386012,0.00044285478143869,0.0992323488369948,0.465557503186173,0.358767861486601,10,1,100,0.128923194576792,-0.0838759804360953,10,4.03240199249317,0,-6.98984,256,0.2,0.2,20,"both",0.128923194576792,-0.0838759804360953
"970","session1",-15.1278360891543,12.6896912382159,2.50414762386012,0.00044285478143869,0.0992323488369948,0.465557503186173,0.358767861486601,10,1,100,0.128923194576792,-0.0838759804360953,10,2.85573195680936,0,-14.8365,256,0.2,0.2,20,"both",0.128923194576792,-0.0838759804360953
"971","session1",-15.1278360891543,12.6896912382159,2.50414762386012,0.00044285478143869,0.0992323488369948,0.465557503186173,0.358767861486601,10,1,100,0.128923194576792,-0.0838759804360953,10,2.40258395909553,1,-4.6338,256,0.2,0.2,20,"both",0.128923194576792,-0.0838759804360953
"972","session1",-15.1278360891543,12.6896912382159,2.50414762386012,0.00044285478143869,0.0992323488369948,0.465557503186173,0.358767861486601,10,1,100,0.128923194576792,-0.0838759804360953,10,2.01671801493504,1,-8.84292,256,0.2,0.2,20,"both",0.128923194576792,-0.0838759804360953
"973","session1",-15.1278360891543,12.6896912382159,2.50414762386012,0.00044285478143869,0.0992323488369948,0.465557503186173,0.358767861486601,10,1,100,0.128923194576792,-0.0838759804360953,10,1.84162674813212,0,-24.97904,256,0.2,0.2,20,"both",0.128923194576792,-0.0838759804360953
"974","session1",-15.1278360891543,12.6896912382159,2.50414762386012,0.00044285478143869,0.0992323488369948,0.465557503186173,0.358767861486601,10,1,100,0.128923194576792,-0.0838759804360953,10,1.60051791884953,1,-7.76047,256,0.2,0.2,20,"both",0.128923194576792,-0.0838759804360953
"975","session1",-15.1278360891543,12.6896912382159,2.50414762386012,0.00044285478143869,0.0992323488369948,0.465557503186173,0.358767861486601,10,1,100,0.128923194576792,-0.0838759804360953,10,2.66056572887818,0,-10.86424,256,0.2,0.2,20,"both",0.128923194576792,-0.0838759804360953
"976","session1",-15.1278360891543,12.6896912382159,2.50414762386012,0.00044285478143869,0.0992323488369948,0.465557503186173,0.358767861486601,10,1,100,0.128923194576792,-0.0838759804360953,10,2.6532284824768,0,-5.80049,256,0.2,0.2,20,"both",0.128923194576792,-0.0838759804360953
"977","session1",-15.1278360891543,12.6896912382159,2.50414762386012,0.00044285478143869,0.0992323488369948,0.465557503186173,0.358767861486601,10,1,100,0.128923194576792,-0.0838759804360953,10,2.02856245012698,1,-2.0686,256,0.2,0.2,20,"both",0.128923194576792,-0.0838759804360953
"978","session1",-15.1278360891543,12.6896912382159,2.50414762386012,0.00044285478143869,0.0992323488369948,0.465557503186173,0.358767861486601,10,1,100,0.128923194576792,-0.0838759804360953,10,1.45061138806468,1,-24.74585,256,0.2,0.2,20,"both",0.128923194576792,-0.0838759804360953
"979","session1",-15.1278360891543,12.6896912382159,2.50414762386012,0.00044285478143869,0.0992323488369948,0.465557503186173,0.358767861486601,10,1,100,0.128923194576792,-0.0838759804360953,10,1.96020432415193,1,-2.5585,256,0.2,0.2,20,"both",0.128923194576792,-0.0838759804360953
"980","session1",-15.1278360891543,12.6896912382159,2.50414762386012,0.00044285478143869,0.0992323488369948,0.465557503186173,0.358767861486601,10,1,100,0.128923194576792,-0.0838759804360953,10,1.49538984214476,0,-29.3934,256,0.2,0.2,20,"both",0.128923194576792,-0.0838759804360953
"981","session1",-15.1278360891543,12.6896912382159,2.50414762386012,0.00044285478143869,0.0992323488369948,0.465557503186173,0.358767861486601,10,1,100,0.128923194576792,-0.0838759804360953,10,1.14063860621188,0,-28.7179,256,0.2,0.2,20,"both",0.128923194576792,-0.0838759804360953
"982","session1",-15.1278360891543,12.6896912382159,2.50414762386012,0.00044285478143869,0.0992323488369948,0.465557503186173,0.358767861486601,10,1,100,0.128923194576792,-0.0838759804360953,10,1.80368176102237,0,-22.424,256,0.2,0.2,20,"both",0.128923194576792,-0.0838759804360953
"983","session1",-15.1278360891543,12.6896912382159,2.50414762386012,0.00044285478143869,0.0992323488369948,0.465557503186173,0.358767861486601,10,1,100,0.128923194576792,-0.0838759804360953,10,2.28254526195905,0,-23.26433,256,0.2,0.2,20,"both",0.128923194576792,-0.0838759804360953
"984","session1",-15.1278360891543,12.6896912382159,2.50414762386012,0.00044285478143869,0.0992323488369948,0.465557503186173,0.358767861486601,10,1,100,0.128923194576792,-0.0838759804360953,10,3.10191107683866,1,-23.85813,256,0.2,0.2,20,"both",0.128923194576792,-0.0838759804360953
"985","session1",-15.1278360891543,12.6896912382159,2.50414762386012,0.00044285478143869,0.0992323488369948,0.465557503186173,0.358767861486601,10,1,100,0.128923194576792,-0.0838759804360953,10,4.49556687546641,0,-6.8117,256,0.2,0.2,20,"both",0.128923194576792,-0.0838759804360953
"986","session1",-15.1278360891543,12.6896912382159,2.50414762386012,0.00044285478143869,0.0992323488369948,0.465557503186173,0.358767861486601,10,1,100,0.128923194576792,-0.0838759804360953,10,1.59971192946298,1,-8.06333,256,0.2,0.2,20,"both",0.128923194576792,-0.0838759804360953
"987","session1",-15.1278360891543,12.6896912382159,2.50414762386012,0.00044285478143869,0.0992323488369948,0.465557503186173,0.358767861486601,10,1,100,0.128923194576792,-0.0838759804360953,10,1.59128378892921,0,-3.5577,256,0.2,0.2,20,"both",0.128923194576792,-0.0838759804360953
"988","session1",-15.1278360891543,12.6896912382159,2.50414762386012,0.00044285478143869,0.0992323488369948,0.465557503186173,0.358767861486601,10,1,100,0.128923194576792,-0.0838759804360953,10,2.51504920865899,0,-21.4511,256,0.2,0.2,20,"both",0.128923194576792,-0.0838759804360953
"989","session1",-15.1278360891543,12.6896912382159,2.50414762386012,0.00044285478143869,0.0992323488369948,0.465557503186173,0.358767861486601,10,1,100,0.128923194576792,-0.0838759804360953,10,2.45933641969994,1,-3.83112,256,0.2,0.2,20,"both",0.128923194576792,-0.0838759804360953
"990","session1",-15.1278360891543,12.6896912382159,2.50414762386012,0.00044285478143869,0.0992323488369948,0.465557503186173,0.358767861486601,10,1,100,0.128923194576792,-0.0838759804360953,10,2.24460656686217,1,-3.4773,256,0.2,0.2,20,"both",0.128923194576792,-0.0838759804360953
"991","session1",-15.1278360891543,12.6896912382159,2.50414762386012,0.00044285478143869,0.0992323488369948,0.465557503186173,0.358767861486601,10,1,100,0.128923194576792,-0.0838759804360953,10,1.768017893439,1,-4.7825,256,0.2,0.2,20,"both",0.128923194576792,-0.0838759804360953
"992","session1",-15.1278360891543,12.6896912382159,2.50414762386012,0.00044285478143869,0.0992323488369948,0.465557503186173,0.358767861486601,10,1,100,0.128923194576792,-0.0838759804360953,10,2.78083391192288,1,-9.74069,256,0.2,0.2,20,"both",0.128923194576792,-0.0838759804360953
"993","session1",-15.1278360891543,12.6896912382159,2.50414762386012,0.00044285478143869,0.0992323488369948,0.465557503186173,0.358767861486601,10,1,100,0.128923194576792,-0.0838759804360953,10,1.83849459897785,1,-23.85497,256,0.2,0.2,20,"both",0.128923194576792,-0.0838759804360953
"994","session1",-15.1278360891543,12.6896912382159,2.50414762386012,0.00044285478143869,0.0992323488369948,0.465557503186173,0.358767861486601,10,1,100,0.128923194576792,-0.0838759804360953,10,2.22611904287228,0,-26.07372,256,0.2,0.2,20,"both",0.128923194576792,-0.0838759804360953
"995","session1",-15.1278360891543,12.6896912382159,2.50414762386012,0.00044285478143869,0.0992323488369948,0.465557503186173,0.358767861486601,10,1,100,0.128923194576792,-0.0838759804360953,10,1.96838726280015,1,-12.01444,256,0.2,0.2,20,"both",0.128923194576792,-0.0838759804360953
"996","session1",-15.1278360891543,12.6896912382159,2.50414762386012,0.00044285478143869,0.0992323488369948,0.465557503186173,0.358767861486601,10,1,100,0.128923194576792,-0.0838759804360953,10,1.83745341736442,1,-1.1404,256,0.2,0.2,20,"both",0.128923194576792,-0.0838759804360953
"997","session1",-15.1278360891543,12.6896912382159,2.50414762386012,0.00044285478143869,0.0992323488369948,0.465557503186173,0.358767861486601,10,1,100,0.128923194576792,-0.0838759804360953,10,2.86925544821836,0,-32.0843,256,0.2,0.2,20,"both",0.128923194576792,-0.0838759804360953
"998","session1",-15.1278360891543,12.6896912382159,2.50414762386012,0.00044285478143869,0.0992323488369948,0.465557503186173,0.358767861486601,10,1,100,0.128923194576792,-0.0838759804360953,10,1.85292888416644,0,-23.89426,256,0.2,0.2,20,"both",0.128923194576792,-0.0838759804360953
"999","session1",-15.1278360891543,12.6896912382159,2.50414762386012,0.00044285478143869,0.0992323488369948,0.465557503186173,0.358767861486601,10,1,100,0.128923194576792,-0.0838759804360953,10,1.71924892918086,1,-1.0352,256,0.2,0.2,20,"both",0.128923194576792,-0.0838759804360953
"1000","session1",-15.1278360891543,12.6896912382159,2.50414762386012,0.00044285478143869,0.0992323488369948,0.465557503186173,0.358767861486601,10,1,100,0.128923194576792,-0.0838759804360953,10,2.93842282117122,0,-22.03967,256,0.2,0.2,20,"both",0.128923194576792,-0.0838759804360953
"1001","session1",-2.25165344456252,13.5979090280541,2.39646395210008,0.000558388730997655,-0.0124789383427136,0.623112618850582,0.523651247691513,11,1,100,0.128923194576792,-0.0838759804360953,11,1.41708828877122,0,-8.05059981778,256,0.2,0.2,20,"both",0.128923194576792,-0.0838759804360953
"1002","session1",-2.25165344456252,13.5979090280541,2.39646395210008,0.000558388730997655,-0.0124789383427136,0.623112618850582,0.523651247691513,11,1,100,0.128923194576792,-0.0838759804360953,11,1.30716364180409,0,5.6475433402,256,0.2,0.2,20,"both",0.128923194576792,-0.0838759804360953
"1003","session1",-2.25165344456252,13.5979090280541,2.39646395210008,0.000558388730997655,-0.0124789383427136,0.623112618850582,0.523651247691513,11,1,100,0.128923194576792,-0.0838759804360953,11,1.80564873100796,1,14.352450005,256,0.2,0.2,20,"both",0.128923194576792,-0.0838759804360953
"1004","session1",-2.25165344456252,13.5979090280541,2.39646395210008,0.000558388730997655,-0.0124789383427136,0.623112618850582,0.523651247691513,11,1,100,0.128923194576792,-0.0838759804360953,11,1.98808087522606,1,7.0620177656,256,0.2,0.2,20,"both",0.128923194576792,-0.0838759804360953
"1005","session1",-2.25165344456252,13.5979090280541,2.39646395210008,0.000558388730997655,-0.0124789383427136,0.623112618850582,0.523651247691513,11,1,100,0.128923194576792,-0.0838759804360953,11,1.91116278638967,0,0.0699799999999993,256,0.2,0.2,20,"both",0.128923194576792,-0.0838759804360953
"1006","session1",-2.25165344456252,13.5979090280541,2.39646395210008,0.000558388730997655,-0.0124789383427136,0.623112618850582,0.523651247691513,11,1,100,0.128923194576792,-0.0838759804360953,11,1.1876595120333,0,-18.80093,256,0.2,0.2,20,"both",0.128923194576792,-0.0838759804360953
"1007","session1",-2.25165344456252,13.5979090280541,2.39646395210008,0.000558388730997655,-0.0124789383427136,0.623112618850582,0.523651247691513,11,1,100,0.128923194576792,-0.0838759804360953,11,2.27457468503531,1,19.49814,256,0.2,0.2,20,"both",0.128923194576792,-0.0838759804360953
"1008","session1",-2.25165344456252,13.5979090280541,2.39646395210008,0.000558388730997655,-0.0124789383427136,0.623112618850582,0.523651247691513,11,1,100,0.128923194576792,-0.0838759804360953,11,3.48469022396248,1,7.00733,256,0.2,0.2,20,"both",0.128923194576792,-0.0838759804360953
"1009","session1",-2.25165344456252,13.5979090280541,2.39646395210008,0.000558388730997655,-0.0124789383427136,0.623112618850582,0.523651247691513,11,1,100,0.128923194576792,-0.0838759804360953,11,1.21068640947516,0,-7.44348,256,0.2,0.2,20,"both",0.128923194576792,-0.0838759804360953
"1010","session1",-2.25165344456252,13.5979090280541,2.39646395210008,0.000558388730997655,-0.0124789383427136,0.623112618850582,0.523651247691513,11,1,100,0.128923194576792,-0.0838759804360953,11,2.6280288087405,1,6.71488,256,0.2,0.2,20,"both",0.128923194576792,-0.0838759804360953
"1011","session1",-2.25165344456252,13.5979090280541,2.39646395210008,0.000558388730997655,-0.0124789383427136,0.623112618850582,0.523651247691513,11,1,100,0.128923194576792,-0.0838759804360953,11,2.61090258531673,0,-0.35483,256,0.2,0.2,20,"both",0.128923194576792,-0.0838759804360953
"1012","session1",-2.25165344456252,13.5979090280541,2.39646395210008,0.000558388730997655,-0.0124789383427136,0.623112618850582,0.523651247691513,11,1,100,0.128923194576792,-0.0838759804360953,11,1.62657321455535,1,4.86489,256,0.2,0.2,20,"both",0.128923194576792,-0.0838759804360953
"1013","session1",-2.25165344456252,13.5979090280541,2.39646395210008,0.000558388730997655,-0.0124789383427136,0.623112618850582,0.523651247691513,11,1,100,0.128923194576792,-0.0838759804360953,11,1.39887214518171,0,-5.74333,256,0.2,0.2,20,"both",0.128923194576792,-0.0838759804360953
"1014","session1",-2.25165344456252,13.5979090280541,2.39646395210008,0.000558388730997655,-0.0124789383427136,0.623112618850582,0.523651247691513,11,1,100,0.128923194576792,-0.0838759804360953,11,2.80077510246688,1,6.13834,256,0.2,0.2,20,"both",0.128923194576792,-0.0838759804360953
"1015","session1",-2.25165344456252,13.5979090280541,2.39646395210008,0.000558388730997655,-0.0124789383427136,0.623112618850582,0.523651247691513,11,1,100,0.128923194576792,-0.0838759804360953,11,4.30384271862162,0,-1.71649,256,0.2,0.2,20,"both",0.128923194576792,-0.0838759804360953
"1016","session1",-2.25165344456252,13.5979090280541,2.39646395210008,0.000558388730997655,-0.0124789383427136,0.623112618850582,0.523651247691513,11,1,100,0.128923194576792,-0.0838759804360953,11,1.10818514589214,1,6.62892,256,0.2,0.2,20,"both",0.128923194576792,-0.0838759804360953
"1017","session1",-2.25165344456252,13.5979090280541,2.39646395210008,0.000558388730997655,-0.0124789383427136,0.623112618850582,0.523651247691513,11,1,100,0.128923194576792,-0.0838759804360953,11,1.61791167446309,0,2.02014,256,0.2,0.2,20,"both",0.128923194576792,-0.0838759804360953
"1018","session1",-2.25165344456252,13.5979090280541,2.39646395210008,0.000558388730997655,-0.0124789383427136,0.623112618850582,0.523651247691513,11,1,100,0.128923194576792,-0.0838759804360953,11,3.21301960462169,1,2.4855941,256,0.2,0.2,20,"both",0.128923194576792,-0.0838759804360953
"1019","session1",-2.25165344456252,13.5979090280541,2.39646395210008,0.000558388730997655,-0.0124789383427136,0.623112618850582,0.523651247691513,11,1,100,0.128923194576792,-0.0838759804360953,11,4.15485013021103,1,11.52811,256,0.2,0.2,20,"both",0.128923194576792,-0.0838759804360953
"1020","session1",-2.25165344456252,13.5979090280541,2.39646395210008,0.000558388730997655,-0.0124789383427136,0.623112618850582,0.523651247691513,11,1,100,0.128923194576792,-0.0838759804360953,11,1.71984769820982,0,0.0874899999999998,256,0.2,0.2,20,"both",0.128923194576792,-0.0838759804360953
"1021","session1",-2.25165344456252,13.5979090280541,2.39646395210008,0.000558388730997655,-0.0124789383427136,0.623112618850582,0.523651247691513,11,1,100,0.128923194576792,-0.0838759804360953,11,2.24189459765476,1,1.69721,256,0.2,0.2,20,"both",0.128923194576792,-0.0838759804360953
"1022","session1",-2.25165344456252,13.5979090280541,2.39646395210008,0.000558388730997655,-0.0124789383427136,0.623112618850582,0.523651247691513,11,1,100,0.128923194576792,-0.0838759804360953,11,1.98353199289937,1,3.13911,256,0.2,0.2,20,"both",0.128923194576792,-0.0838759804360953
"1023","session1",-2.25165344456252,13.5979090280541,2.39646395210008,0.000558388730997655,-0.0124789383427136,0.623112618850582,0.523651247691513,11,1,100,0.128923194576792,-0.0838759804360953,11,1.45145902252273,1,9.20252,256,0.2,0.2,20,"both",0.128923194576792,-0.0838759804360953
"1024","session1",-2.25165344456252,13.5979090280541,2.39646395210008,0.000558388730997655,-0.0124789383427136,0.623112618850582,0.523651247691513,11,1,100,0.128923194576792,-0.0838759804360953,11,2.27220150640502,1,5.16879,256,0.2,0.2,20,"both",0.128923194576792,-0.0838759804360953
"1025","session1",-2.25165344456252,13.5979090280541,2.39646395210008,0.000558388730997655,-0.0124789383427136,0.623112618850582,0.523651247691513,11,1,100,0.128923194576792,-0.0838759804360953,11,2.70760013913258,1,1.24059682,256,0.2,0.2,20,"both",0.128923194576792,-0.0838759804360953
"1026","session1",-2.25165344456252,13.5979090280541,2.39646395210008,0.000558388730997655,-0.0124789383427136,0.623112618850582,0.523651247691513,11,1,100,0.128923194576792,-0.0838759804360953,11,8,0,-1.510132,256,0.2,0.2,20,"both",0.128923194576792,-0.0838759804360953
"1027","session1",-2.25165344456252,13.5979090280541,2.39646395210008,0.000558388730997655,-0.0124789383427136,0.623112618850582,0.523651247691513,11,1,100,0.128923194576792,-0.0838759804360953,11,1.31166966039359,0,-1.827927,256,0.2,0.2,20,"both",0.128923194576792,-0.0838759804360953
"1028","session1",-2.25165344456252,13.5979090280541,2.39646395210008,0.000558388730997655,-0.0124789383427136,0.623112618850582,0.523651247691513,11,1,100,0.128923194576792,-0.0838759804360953,11,0.975306772427335,0,-0.591659,256,0.2,0.2,20,"both",0.128923194576792,-0.0838759804360953
"1029","session1",-2.25165344456252,13.5979090280541,2.39646395210008,0.000558388730997655,-0.0124789383427136,0.623112618850582,0.523651247691513,11,1,100,0.128923194576792,-0.0838759804360953,11,6.03161639298501,0,-0.348339,256,0.2,0.2,20,"both",0.128923194576792,-0.0838759804360953
"1030","session1",-2.25165344456252,13.5979090280541,2.39646395210008,0.000558388730997655,-0.0124789383427136,0.623112618850582,0.523651247691513,11,1,100,0.128923194576792,-0.0838759804360953,11,3.3687915952275,1,1.57996,256,0.2,0.2,20,"both",0.128923194576792,-0.0838759804360953
"1031","session1",-2.25165344456252,13.5979090280541,2.39646395210008,0.000558388730997655,-0.0124789383427136,0.623112618850582,0.523651247691513,11,1,100,0.128923194576792,-0.0838759804360953,11,6.78822344163506,0,4.42334,256,0.2,0.2,20,"both",0.128923194576792,-0.0838759804360953
"1032","session1",-2.25165344456252,13.5979090280541,2.39646395210008,0.000558388730997655,-0.0124789383427136,0.623112618850582,0.523651247691513,11,1,100,0.128923194576792,-0.0838759804360953,11,2.04785515367044,1,-3.096013,256,0.2,0.2,20,"both",0.128923194576792,-0.0838759804360953
"1033","session1",-2.25165344456252,13.5979090280541,2.39646395210008,0.000558388730997655,-0.0124789383427136,0.623112618850582,0.523651247691513,11,1,100,0.128923194576792,-0.0838759804360953,11,5.77412380095838,1,-4.25392,256,0.2,0.2,20,"both",0.128923194576792,-0.0838759804360953
"1034","session1",-2.25165344456252,13.5979090280541,2.39646395210008,0.000558388730997655,-0.0124789383427136,0.623112618850582,0.523651247691513,11,1,100,0.128923194576792,-0.0838759804360953,11,1.42306080270594,0,6.906407,256,0.2,0.2,20,"both",0.128923194576792,-0.0838759804360953
"1035","session1",-2.25165344456252,13.5979090280541,2.39646395210008,0.000558388730997655,-0.0124789383427136,0.623112618850582,0.523651247691513,11,1,100,0.128923194576792,-0.0838759804360953,11,1.05951732066813,1,12.74766,256,0.2,0.2,20,"both",0.128923194576792,-0.0838759804360953
"1036","session1",-2.25165344456252,13.5979090280541,2.39646395210008,0.000558388730997655,-0.0124789383427136,0.623112618850582,0.523651247691513,11,1,100,0.128923194576792,-0.0838759804360953,11,2.3343462465236,0,-3.70834,256,0.2,0.2,20,"both",0.128923194576792,-0.0838759804360953
"1037","session1",-2.25165344456252,13.5979090280541,2.39646395210008,0.000558388730997655,-0.0124789383427136,0.623112618850582,0.523651247691513,11,1,100,0.128923194576792,-0.0838759804360953,11,2.87290395071412,0,0.0133399999999999,256,0.2,0.2,20,"both",0.128923194576792,-0.0838759804360953
"1038","session1",-2.25165344456252,13.5979090280541,2.39646395210008,0.000558388730997655,-0.0124789383427136,0.623112618850582,0.523651247691513,11,1,100,0.128923194576792,-0.0838759804360953,11,2.59012683858194,0,-0.607620000000001,256,0.2,0.2,20,"both",0.128923194576792,-0.0838759804360953
"1039","session1",-2.25165344456252,13.5979090280541,2.39646395210008,0.000558388730997655,-0.0124789383427136,0.623112618850582,0.523651247691513,11,1,100,0.128923194576792,-0.0838759804360953,11,1.1666503367381,1,1.12403,256,0.2,0.2,20,"both",0.128923194576792,-0.0838759804360953
"1040","session1",-2.25165344456252,13.5979090280541,2.39646395210008,0.000558388730997655,-0.0124789383427136,0.623112618850582,0.523651247691513,11,1,100,0.128923194576792,-0.0838759804360953,11,5.55578513476933,1,0.18785,256,0.2,0.2,20,"both",0.128923194576792,-0.0838759804360953
"1041","session1",-2.25165344456252,13.5979090280541,2.39646395210008,0.000558388730997655,-0.0124789383427136,0.623112618850582,0.523651247691513,11,1,100,0.128923194576792,-0.0838759804360953,11,1.63289995628113,0,-7.270971,256,0.2,0.2,20,"both",0.128923194576792,-0.0838759804360953
"1042","session1",-2.25165344456252,13.5979090280541,2.39646395210008,0.000558388730997655,-0.0124789383427136,0.623112618850582,0.523651247691513,11,1,100,0.128923194576792,-0.0838759804360953,11,1.41722927427686,1,-7.47186,256,0.2,0.2,20,"both",0.128923194576792,-0.0838759804360953
"1043","session1",-2.25165344456252,13.5979090280541,2.39646395210008,0.000558388730997655,-0.0124789383427136,0.623112618850582,0.523651247691513,11,1,100,0.128923194576792,-0.0838759804360953,11,1.66924136353758,1,8.08748,256,0.2,0.2,20,"both",0.128923194576792,-0.0838759804360953
"1044","session1",-2.25165344456252,13.5979090280541,2.39646395210008,0.000558388730997655,-0.0124789383427136,0.623112618850582,0.523651247691513,11,1,100,0.128923194576792,-0.0838759804360953,11,1.0416073478698,1,8.46858,256,0.2,0.2,20,"both",0.128923194576792,-0.0838759804360953
"1045","session1",-2.25165344456252,13.5979090280541,2.39646395210008,0.000558388730997655,-0.0124789383427136,0.623112618850582,0.523651247691513,11,1,100,0.128923194576792,-0.0838759804360953,11,3.044020547104,0,-4.348791,256,0.2,0.2,20,"both",0.128923194576792,-0.0838759804360953
"1046","session1",-2.25165344456252,13.5979090280541,2.39646395210008,0.000558388730997655,-0.0124789383427136,0.623112618850582,0.523651247691513,11,1,100,0.128923194576792,-0.0838759804360953,11,3.36849767157195,1,7.96761,256,0.2,0.2,20,"both",0.128923194576792,-0.0838759804360953
"1047","session1",-2.25165344456252,13.5979090280541,2.39646395210008,0.000558388730997655,-0.0124789383427136,0.623112618850582,0.523651247691513,11,1,100,0.128923194576792,-0.0838759804360953,11,3.62237331252561,1,-3.711138,256,0.2,0.2,20,"both",0.128923194576792,-0.0838759804360953
"1048","session1",-2.25165344456252,13.5979090280541,2.39646395210008,0.000558388730997655,-0.0124789383427136,0.623112618850582,0.523651247691513,11,1,100,0.128923194576792,-0.0838759804360953,11,3.87245476666601,1,-5.97935,256,0.2,0.2,20,"both",0.128923194576792,-0.0838759804360953
"1049","session1",-2.25165344456252,13.5979090280541,2.39646395210008,0.000558388730997655,-0.0124789383427136,0.623112618850582,0.523651247691513,11,1,100,0.128923194576792,-0.0838759804360953,11,2.36853937378262,0,9.04632,256,0.2,0.2,20,"both",0.128923194576792,-0.0838759804360953
"1050","session1",-2.25165344456252,13.5979090280541,2.39646395210008,0.000558388730997655,-0.0124789383427136,0.623112618850582,0.523651247691513,11,1,100,0.128923194576792,-0.0838759804360953,11,3.6446030843736,0,-3.082423,256,0.2,0.2,20,"both",0.128923194576792,-0.0838759804360953
"1051","session1",-2.25165344456252,13.5979090280541,2.39646395210008,0.000558388730997655,-0.0124789383427136,0.623112618850582,0.523651247691513,11,1,100,0.128923194576792,-0.0838759804360953,11,1.85172265335216,1,5.33115,256,0.2,0.2,20,"both",0.128923194576792,-0.0838759804360953
"1052","session1",-2.25165344456252,13.5979090280541,2.39646395210008,0.000558388730997655,-0.0124789383427136,0.623112618850582,0.523651247691513,11,1,100,0.128923194576792,-0.0838759804360953,11,3.65115865544388,0,-9.8773,256,0.2,0.2,20,"both",0.128923194576792,-0.0838759804360953
"1053","session1",-2.25165344456252,13.5979090280541,2.39646395210008,0.000558388730997655,-0.0124789383427136,0.623112618850582,0.523651247691513,11,1,100,0.128923194576792,-0.0838759804360953,11,1.08428819150833,0,-9.6513842,256,0.2,0.2,20,"both",0.128923194576792,-0.0838759804360953
"1054","session1",-2.25165344456252,13.5979090280541,2.39646395210008,0.000558388730997655,-0.0124789383427136,0.623112618850582,0.523651247691513,11,1,100,0.128923194576792,-0.0838759804360953,11,2.9640488928527,1,-3.83271,256,0.2,0.2,20,"both",0.128923194576792,-0.0838759804360953
"1055","session1",-2.25165344456252,13.5979090280541,2.39646395210008,0.000558388730997655,-0.0124789383427136,0.623112618850582,0.523651247691513,11,1,100,0.128923194576792,-0.0838759804360953,11,0.881973733123794,0,-25.45959,256,0.2,0.2,20,"both",0.128923194576792,-0.0838759804360953
"1056","session1",-2.25165344456252,13.5979090280541,2.39646395210008,0.000558388730997655,-0.0124789383427136,0.623112618850582,0.523651247691513,11,1,100,0.128923194576792,-0.0838759804360953,11,1.73987428646797,1,-9.38076,256,0.2,0.2,20,"both",0.128923194576792,-0.0838759804360953
"1057","session1",-2.25165344456252,13.5979090280541,2.39646395210008,0.000558388730997655,-0.0124789383427136,0.623112618850582,0.523651247691513,11,1,100,0.128923194576792,-0.0838759804360953,11,1.85485095215852,0,-30.92926,256,0.2,0.2,20,"both",0.128923194576792,-0.0838759804360953
"1058","session1",-2.25165344456252,13.5979090280541,2.39646395210008,0.000558388730997655,-0.0124789383427136,0.623112618850582,0.523651247691513,11,1,100,0.128923194576792,-0.0838759804360953,11,2.21392272108165,1,5.28665,256,0.2,0.2,20,"both",0.128923194576792,-0.0838759804360953
"1059","session1",-2.25165344456252,13.5979090280541,2.39646395210008,0.000558388730997655,-0.0124789383427136,0.623112618850582,0.523651247691513,11,1,100,0.128923194576792,-0.0838759804360953,11,0.970974374078026,0,-44.3653,256,0.2,0.2,20,"both",0.128923194576792,-0.0838759804360953
"1060","session1",-2.25165344456252,13.5979090280541,2.39646395210008,0.000558388730997655,-0.0124789383427136,0.623112618850582,0.523651247691513,11,1,100,0.128923194576792,-0.0838759804360953,11,2.48144852185582,0,28.553935,256,0.2,0.2,20,"both",0.128923194576792,-0.0838759804360953
"1061","session1",-2.25165344456252,13.5979090280541,2.39646395210008,0.000558388730997655,-0.0124789383427136,0.623112618850582,0.523651247691513,11,1,100,0.128923194576792,-0.0838759804360953,11,1.8355798626615,1,-12.05827,256,0.2,0.2,20,"both",0.128923194576792,-0.0838759804360953
"1062","session1",-2.25165344456252,13.5979090280541,2.39646395210008,0.000558388730997655,-0.0124789383427136,0.623112618850582,0.523651247691513,11,1,100,0.128923194576792,-0.0838759804360953,11,1.11483480493615,1,9.035963,256,0.2,0.2,20,"both",0.128923194576792,-0.0838759804360953
"1063","session1",-2.25165344456252,13.5979090280541,2.39646395210008,0.000558388730997655,-0.0124789383427136,0.623112618850582,0.523651247691513,11,1,100,0.128923194576792,-0.0838759804360953,11,4.11646867330245,0,-1.645164,256,0.2,0.2,20,"both",0.128923194576792,-0.0838759804360953
"1064","session1",-2.25165344456252,13.5979090280541,2.39646395210008,0.000558388730997655,-0.0124789383427136,0.623112618850582,0.523651247691513,11,1,100,0.128923194576792,-0.0838759804360953,11,1.79540537721246,1,8.74906,256,0.2,0.2,20,"both",0.128923194576792,-0.0838759804360953
"1065","session1",-2.25165344456252,13.5979090280541,2.39646395210008,0.000558388730997655,-0.0124789383427136,0.623112618850582,0.523651247691513,11,1,100,0.128923194576792,-0.0838759804360953,11,2.82070473359683,1,-0.375310000000001,256,0.2,0.2,20,"both",0.128923194576792,-0.0838759804360953
"1066","session1",-2.25165344456252,13.5979090280541,2.39646395210008,0.000558388730997655,-0.0124789383427136,0.623112618850582,0.523651247691513,11,1,100,0.128923194576792,-0.0838759804360953,11,1.13248259751453,0,-12.46529,256,0.2,0.2,20,"both",0.128923194576792,-0.0838759804360953
"1067","session1",-2.25165344456252,13.5979090280541,2.39646395210008,0.000558388730997655,-0.0124789383427136,0.623112618850582,0.523651247691513,11,1,100,0.128923194576792,-0.0838759804360953,11,1.17346884831481,1,7.39854,256,0.2,0.2,20,"both",0.128923194576792,-0.0838759804360953
"1068","session1",-2.25165344456252,13.5979090280541,2.39646395210008,0.000558388730997655,-0.0124789383427136,0.623112618850582,0.523651247691513,11,1,100,0.128923194576792,-0.0838759804360953,11,2.67979975890534,1,-8.347179,256,0.2,0.2,20,"both",0.128923194576792,-0.0838759804360953
"1069","session1",-2.25165344456252,13.5979090280541,2.39646395210008,0.000558388730997655,-0.0124789383427136,0.623112618850582,0.523651247691513,11,1,100,0.128923194576792,-0.0838759804360953,11,2.03476036754142,1,-13.24094,256,0.2,0.2,20,"both",0.128923194576792,-0.0838759804360953
"1070","session1",-2.25165344456252,13.5979090280541,2.39646395210008,0.000558388730997655,-0.0124789383427136,0.623112618850582,0.523651247691513,11,1,100,0.128923194576792,-0.0838759804360953,11,1.37056349479848,0,-7.738907,256,0.2,0.2,20,"both",0.128923194576792,-0.0838759804360953
"1071","session1",-2.25165344456252,13.5979090280541,2.39646395210008,0.000558388730997655,-0.0124789383427136,0.623112618850582,0.523651247691513,11,1,100,0.128923194576792,-0.0838759804360953,11,3.46674782164413,0,-7.11033,256,0.2,0.2,20,"both",0.128923194576792,-0.0838759804360953
"1072","session1",-2.25165344456252,13.5979090280541,2.39646395210008,0.000558388730997655,-0.0124789383427136,0.623112618850582,0.523651247691513,11,1,100,0.128923194576792,-0.0838759804360953,11,1.30166388598234,0,3.70402,256,0.2,0.2,20,"both",0.128923194576792,-0.0838759804360953
"1073","session1",-2.25165344456252,13.5979090280541,2.39646395210008,0.000558388730997655,-0.0124789383427136,0.623112618850582,0.523651247691513,11,1,100,0.128923194576792,-0.0838759804360953,11,1.48218843143531,0,-12.679829,256,0.2,0.2,20,"both",0.128923194576792,-0.0838759804360953
"1074","session1",-2.25165344456252,13.5979090280541,2.39646395210008,0.000558388730997655,-0.0124789383427136,0.623112618850582,0.523651247691513,11,1,100,0.128923194576792,-0.0838759804360953,11,3.18475190071261,1,-2.791657,256,0.2,0.2,20,"both",0.128923194576792,-0.0838759804360953
"1075","session1",-2.25165344456252,13.5979090280541,2.39646395210008,0.000558388730997655,-0.0124789383427136,0.623112618850582,0.523651247691513,11,1,100,0.128923194576792,-0.0838759804360953,11,0.812615796703404,1,16.27094,256,0.2,0.2,20,"both",0.128923194576792,-0.0838759804360953
"1076","session1",-2.25165344456252,13.5979090280541,2.39646395210008,0.000558388730997655,-0.0124789383427136,0.623112618850582,0.523651247691513,11,1,100,0.128923194576792,-0.0838759804360953,11,1.83386612127486,1,10.00083,256,0.2,0.2,20,"both",0.128923194576792,-0.0838759804360953
"1077","session1",-2.25165344456252,13.5979090280541,2.39646395210008,0.000558388730997655,-0.0124789383427136,0.623112618850582,0.523651247691513,11,1,100,0.128923194576792,-0.0838759804360953,11,2.62399566640566,0,3.08161,256,0.2,0.2,20,"both",0.128923194576792,-0.0838759804360953
"1078","session1",-2.25165344456252,13.5979090280541,2.39646395210008,0.000558388730997655,-0.0124789383427136,0.623112618850582,0.523651247691513,11,1,100,0.128923194576792,-0.0838759804360953,11,1.32135113807355,1,-14.616539,256,0.2,0.2,20,"both",0.128923194576792,-0.0838759804360953
"1079","session1",-2.25165344456252,13.5979090280541,2.39646395210008,0.000558388730997655,-0.0124789383427136,0.623112618850582,0.523651247691513,11,1,100,0.128923194576792,-0.0838759804360953,11,1.29587988399946,0,-9.98328,256,0.2,0.2,20,"both",0.128923194576792,-0.0838759804360953
"1080","session1",-2.25165344456252,13.5979090280541,2.39646395210008,0.000558388730997655,-0.0124789383427136,0.623112618850582,0.523651247691513,11,1,100,0.128923194576792,-0.0838759804360953,11,1.09124824456321,0,-11.81187,256,0.2,0.2,20,"both",0.128923194576792,-0.0838759804360953
"1081","session1",-2.25165344456252,13.5979090280541,2.39646395210008,0.000558388730997655,-0.0124789383427136,0.623112618850582,0.523651247691513,11,1,100,0.128923194576792,-0.0838759804360953,11,1.62228413253149,0,7.479406,256,0.2,0.2,20,"both",0.128923194576792,-0.0838759804360953
"1082","session1",-2.25165344456252,13.5979090280541,2.39646395210008,0.000558388730997655,-0.0124789383427136,0.623112618850582,0.523651247691513,11,1,100,0.128923194576792,-0.0838759804360953,11,2.13962153282419,1,19.24573,256,0.2,0.2,20,"both",0.128923194576792,-0.0838759804360953
"1083","session1",-2.25165344456252,13.5979090280541,2.39646395210008,0.000558388730997655,-0.0124789383427136,0.623112618850582,0.523651247691513,11,1,100,0.128923194576792,-0.0838759804360953,11,2.67063031482967,0,-5.408943,256,0.2,0.2,20,"both",0.128923194576792,-0.0838759804360953
"1084","session1",-2.25165344456252,13.5979090280541,2.39646395210008,0.000558388730997655,-0.0124789383427136,0.623112618850582,0.523651247691513,11,1,100,0.128923194576792,-0.0838759804360953,11,4.94073351505655,0,-3.87532,256,0.2,0.2,20,"both",0.128923194576792,-0.0838759804360953
"1085","session1",-2.25165344456252,13.5979090280541,2.39646395210008,0.000558388730997655,-0.0124789383427136,0.623112618850582,0.523651247691513,11,1,100,0.128923194576792,-0.0838759804360953,11,1.95337601919374,0,-9.69861,256,0.2,0.2,20,"both",0.128923194576792,-0.0838759804360953
"1086","session1",-2.25165344456252,13.5979090280541,2.39646395210008,0.000558388730997655,-0.0124789383427136,0.623112618850582,0.523651247691513,11,1,100,0.128923194576792,-0.0838759804360953,11,5.9616764253772,0,1.01477,256,0.2,0.2,20,"both",0.128923194576792,-0.0838759804360953
"1087","session1",-2.25165344456252,13.5979090280541,2.39646395210008,0.000558388730997655,-0.0124789383427136,0.623112618850582,0.523651247691513,11,1,100,0.128923194576792,-0.0838759804360953,11,4.86605195143536,1,-4.36706,256,0.2,0.2,20,"both",0.128923194576792,-0.0838759804360953
"1088","session1",-2.25165344456252,13.5979090280541,2.39646395210008,0.000558388730997655,-0.0124789383427136,0.623112618850582,0.523651247691513,11,1,100,0.128923194576792,-0.0838759804360953,11,1.03457883699478,0,8.08723,256,0.2,0.2,20,"both",0.128923194576792,-0.0838759804360953
"1089","session1",-2.25165344456252,13.5979090280541,2.39646395210008,0.000558388730997655,-0.0124789383427136,0.623112618850582,0.523651247691513,11,1,100,0.128923194576792,-0.0838759804360953,11,2.34259669113918,0,-9.50465,256,0.2,0.2,20,"both",0.128923194576792,-0.0838759804360953
"1090","session1",-2.25165344456252,13.5979090280541,2.39646395210008,0.000558388730997655,-0.0124789383427136,0.623112618850582,0.523651247691513,11,1,100,0.128923194576792,-0.0838759804360953,11,1.31787515639961,0,6.06263,256,0.2,0.2,20,"both",0.128923194576792,-0.0838759804360953
"1091","session1",-2.25165344456252,13.5979090280541,2.39646395210008,0.000558388730997655,-0.0124789383427136,0.623112618850582,0.523651247691513,11,1,100,0.128923194576792,-0.0838759804360953,11,2.43102410761437,0,-30.14357,256,0.2,0.2,20,"both",0.128923194576792,-0.0838759804360953
"1092","session1",-2.25165344456252,13.5979090280541,2.39646395210008,0.000558388730997655,-0.0124789383427136,0.623112618850582,0.523651247691513,11,1,100,0.128923194576792,-0.0838759804360953,11,3.41020889875327,1,5.61754,256,0.2,0.2,20,"both",0.128923194576792,-0.0838759804360953
"1093","session1",-2.25165344456252,13.5979090280541,2.39646395210008,0.000558388730997655,-0.0124789383427136,0.623112618850582,0.523651247691513,11,1,100,0.128923194576792,-0.0838759804360953,11,2.32784120166172,0,-6.28378,256,0.2,0.2,20,"both",0.128923194576792,-0.0838759804360953
"1094","session1",-2.25165344456252,13.5979090280541,2.39646395210008,0.000558388730997655,-0.0124789383427136,0.623112618850582,0.523651247691513,11,1,100,0.128923194576792,-0.0838759804360953,11,2.03412194542941,0,-12.21558,256,0.2,0.2,20,"both",0.128923194576792,-0.0838759804360953
"1095","session1",-2.25165344456252,13.5979090280541,2.39646395210008,0.000558388730997655,-0.0124789383427136,0.623112618850582,0.523651247691513,11,1,100,0.128923194576792,-0.0838759804360953,11,2.7941443966126,0,-16.936025,256,0.2,0.2,20,"both",0.128923194576792,-0.0838759804360953
"1096","session1",-2.25165344456252,13.5979090280541,2.39646395210008,0.000558388730997655,-0.0124789383427136,0.623112618850582,0.523651247691513,11,1,100,0.128923194576792,-0.0838759804360953,11,1.54919799930459,0,-5.466359,256,0.2,0.2,20,"both",0.128923194576792,-0.0838759804360953
"1097","session1",-2.25165344456252,13.5979090280541,2.39646395210008,0.000558388730997655,-0.0124789383427136,0.623112618850582,0.523651247691513,11,1,100,0.128923194576792,-0.0838759804360953,11,1.22622285591885,1,8.30273,256,0.2,0.2,20,"both",0.128923194576792,-0.0838759804360953
"1098","session1",-2.25165344456252,13.5979090280541,2.39646395210008,0.000558388730997655,-0.0124789383427136,0.623112618850582,0.523651247691513,11,1,100,0.128923194576792,-0.0838759804360953,11,1.90435084708699,1,31.89944,256,0.2,0.2,20,"both",0.128923194576792,-0.0838759804360953
"1099","session1",-2.25165344456252,13.5979090280541,2.39646395210008,0.000558388730997655,-0.0124789383427136,0.623112618850582,0.523651247691513,11,1,100,0.128923194576792,-0.0838759804360953,11,4.76903454427653,1,-15.04997,256,0.2,0.2,20,"both",0.128923194576792,-0.0838759804360953
"1100","session1",-2.25165344456252,13.5979090280541,2.39646395210008,0.000558388730997655,-0.0124789383427136,0.623112618850582,0.523651247691513,11,1,100,0.128923194576792,-0.0838759804360953,11,1.99666740591653,0,-13.59504,256,0.2,0.2,20,"both",0.128923194576792,-0.0838759804360953
"1101","session1",-17.0151238061285,11.370718805657,3.14930898077056,0.000193808231233437,-0.0458615257501674,0.41934315018793,0.411994496518693,12,1,100,0.128923194576792,-0.0838759804360953,12,2.43846918155756,1,-10.133842187,256,0.2,0.2,20,"both",0.128923194576792,-0.0838759804360953
"1102","session1",-17.0151238061285,11.370718805657,3.14930898077056,0.000193808231233437,-0.0458615257501674,0.41934315018793,0.411994496518693,12,1,100,0.128923194576792,-0.0838759804360953,12,3.90943995431897,0,-11.7909570083,256,0.2,0.2,20,"both",0.128923194576792,-0.0838759804360953
"1103","session1",-17.0151238061285,11.370718805657,3.14930898077056,0.000193808231233437,-0.0458615257501674,0.41934315018793,0.411994496518693,12,1,100,0.128923194576792,-0.0838759804360953,12,3.24531262120107,1,-2.9058322933,256,0.2,0.2,20,"both",0.128923194576792,-0.0838759804360953
"1104","session1",-17.0151238061285,11.370718805657,3.14930898077056,0.000193808231233437,-0.0458615257501674,0.41934315018793,0.411994496518693,12,1,100,0.128923194576792,-0.0838759804360953,12,1.81733520272753,1,-7.6679388855,256,0.2,0.2,20,"both",0.128923194576792,-0.0838759804360953
"1105","session1",-17.0151238061285,11.370718805657,3.14930898077056,0.000193808231233437,-0.0458615257501674,0.41934315018793,0.411994496518693,12,1,100,0.128923194576792,-0.0838759804360953,12,1.25225598104663,0,-32.1413,256,0.2,0.2,20,"both",0.128923194576792,-0.0838759804360953
"1106","session1",-17.0151238061285,11.370718805657,3.14930898077056,0.000193808231233437,-0.0458615257501674,0.41934315018793,0.411994496518693,12,1,100,0.128923194576792,-0.0838759804360953,12,4.36090994399454,1,-8.97906,256,0.2,0.2,20,"both",0.128923194576792,-0.0838759804360953
"1107","session1",-17.0151238061285,11.370718805657,3.14930898077056,0.000193808231233437,-0.0458615257501674,0.41934315018793,0.411994496518693,12,1,100,0.128923194576792,-0.0838759804360953,12,1.37084241311596,0,-38.4872,256,0.2,0.2,20,"both",0.128923194576792,-0.0838759804360953
"1108","session1",-17.0151238061285,11.370718805657,3.14930898077056,0.000193808231233437,-0.0458615257501674,0.41934315018793,0.411994496518693,12,1,100,0.128923194576792,-0.0838759804360953,12,2.70421640438628,1,-9.70639,256,0.2,0.2,20,"both",0.128923194576792,-0.0838759804360953
"1109","session1",-17.0151238061285,11.370718805657,3.14930898077056,0.000193808231233437,-0.0458615257501674,0.41934315018793,0.411994496518693,12,1,100,0.128923194576792,-0.0838759804360953,12,2.00696331219903,1,-10.96956,256,0.2,0.2,20,"both",0.128923194576792,-0.0838759804360953
"1110","session1",-17.0151238061285,11.370718805657,3.14930898077056,0.000193808231233437,-0.0458615257501674,0.41934315018793,0.411994496518693,12,1,100,0.128923194576792,-0.0838759804360953,12,1.23737895646202,1,-9.93549,256,0.2,0.2,20,"both",0.128923194576792,-0.0838759804360953
"1111","session1",-17.0151238061285,11.370718805657,3.14930898077056,0.000193808231233437,-0.0458615257501674,0.41934315018793,0.411994496518693,12,1,100,0.128923194576792,-0.0838759804360953,12,4.10118934223156,0,-21.59005,256,0.2,0.2,20,"both",0.128923194576792,-0.0838759804360953
"1112","session1",-17.0151238061285,11.370718805657,3.14930898077056,0.000193808231233437,-0.0458615257501674,0.41934315018793,0.411994496518693,12,1,100,0.128923194576792,-0.0838759804360953,12,1.38454324562454,0,-12.63041,256,0.2,0.2,20,"both",0.128923194576792,-0.0838759804360953
"1113","session1",-17.0151238061285,11.370718805657,3.14930898077056,0.000193808231233437,-0.0458615257501674,0.41934315018793,0.411994496518693,12,1,100,0.128923194576792,-0.0838759804360953,12,3.00522808125881,0,-12.6266,256,0.2,0.2,20,"both",0.128923194576792,-0.0838759804360953
"1114","session1",-17.0151238061285,11.370718805657,3.14930898077056,0.000193808231233437,-0.0458615257501674,0.41934315018793,0.411994496518693,12,1,100,0.128923194576792,-0.0838759804360953,12,2.12056233821415,0,-13.78036,256,0.2,0.2,20,"both",0.128923194576792,-0.0838759804360953
"1115","session1",-17.0151238061285,11.370718805657,3.14930898077056,0.000193808231233437,-0.0458615257501674,0.41934315018793,0.411994496518693,12,1,100,0.128923194576792,-0.0838759804360953,12,2.19665023222309,1,-6.95675,256,0.2,0.2,20,"both",0.128923194576792,-0.0838759804360953
"1116","session1",-17.0151238061285,11.370718805657,3.14930898077056,0.000193808231233437,-0.0458615257501674,0.41934315018793,0.411994496518693,12,1,100,0.128923194576792,-0.0838759804360953,12,2.17941901567877,0,-9.06719,256,0.2,0.2,20,"both",0.128923194576792,-0.0838759804360953
"1117","session1",-17.0151238061285,11.370718805657,3.14930898077056,0.000193808231233437,-0.0458615257501674,0.41934315018793,0.411994496518693,12,1,100,0.128923194576792,-0.0838759804360953,12,1.81273762370531,1,-18.96471,256,0.2,0.2,20,"both",0.128923194576792,-0.0838759804360953
"1118","session1",-17.0151238061285,11.370718805657,3.14930898077056,0.000193808231233437,-0.0458615257501674,0.41934315018793,0.411994496518693,12,1,100,0.128923194576792,-0.0838759804360953,12,2.09346755825871,0,-10.77929,256,0.2,0.2,20,"both",0.128923194576792,-0.0838759804360953
"1119","session1",-17.0151238061285,11.370718805657,3.14930898077056,0.000193808231233437,-0.0458615257501674,0.41934315018793,0.411994496518693,12,1,100,0.128923194576792,-0.0838759804360953,12,2.73565537940308,1,-17.58553,256,0.2,0.2,20,"both",0.128923194576792,-0.0838759804360953
"1120","session1",-17.0151238061285,11.370718805657,3.14930898077056,0.000193808231233437,-0.0458615257501674,0.41934315018793,0.411994496518693,12,1,100,0.128923194576792,-0.0838759804360953,12,1.29239116796199,1,1.6915,256,0.2,0.2,20,"both",0.128923194576792,-0.0838759804360953
"1121","session1",-17.0151238061285,11.370718805657,3.14930898077056,0.000193808231233437,-0.0458615257501674,0.41934315018793,0.411994496518693,12,1,100,0.128923194576792,-0.0838759804360953,12,2.9332476438764,1,-14.36782,256,0.2,0.2,20,"both",0.128923194576792,-0.0838759804360953
"1122","session1",-17.0151238061285,11.370718805657,3.14930898077056,0.000193808231233437,-0.0458615257501674,0.41934315018793,0.411994496518693,12,1,100,0.128923194576792,-0.0838759804360953,12,2.70548830276989,0,-19.97689,256,0.2,0.2,20,"both",0.128923194576792,-0.0838759804360953
"1123","session1",-17.0151238061285,11.370718805657,3.14930898077056,0.000193808231233437,-0.0458615257501674,0.41934315018793,0.411994496518693,12,1,100,0.128923194576792,-0.0838759804360953,12,2.34848352374243,1,-17.07337,256,0.2,0.2,20,"both",0.128923194576792,-0.0838759804360953
"1124","session1",-17.0151238061285,11.370718805657,3.14930898077056,0.000193808231233437,-0.0458615257501674,0.41934315018793,0.411994496518693,12,1,100,0.128923194576792,-0.0838759804360953,12,3.6006233561352,1,-10.69819,256,0.2,0.2,20,"both",0.128923194576792,-0.0838759804360953
"1125","session1",-17.0151238061285,11.370718805657,3.14930898077056,0.000193808231233437,-0.0458615257501674,0.41934315018793,0.411994496518693,12,1,100,0.128923194576792,-0.0838759804360953,12,2.26278423388701,0,-19.09314,256,0.2,0.2,20,"both",0.128923194576792,-0.0838759804360953
"1126","session1",-17.0151238061285,11.370718805657,3.14930898077056,0.000193808231233437,-0.0458615257501674,0.41934315018793,0.411994496518693,12,1,100,0.128923194576792,-0.0838759804360953,12,1.26060365258706,1,5.0282,256,0.2,0.2,20,"both",0.128923194576792,-0.0838759804360953
"1127","session1",-17.0151238061285,11.370718805657,3.14930898077056,0.000193808231233437,-0.0458615257501674,0.41934315018793,0.411994496518693,12,1,100,0.128923194576792,-0.0838759804360953,12,1.97450239457962,1,-0.3583,256,0.2,0.2,20,"both",0.128923194576792,-0.0838759804360953
"1128","session1",-17.0151238061285,11.370718805657,3.14930898077056,0.000193808231233437,-0.0458615257501674,0.41934315018793,0.411994496518693,12,1,100,0.128923194576792,-0.0838759804360953,12,3.09423038686702,1,-22.02129,256,0.2,0.2,20,"both",0.128923194576792,-0.0838759804360953
"1129","session1",-17.0151238061285,11.370718805657,3.14930898077056,0.000193808231233437,-0.0458615257501674,0.41934315018793,0.411994496518693,12,1,100,0.128923194576792,-0.0838759804360953,12,2.92006313831168,1,-21.93058,256,0.2,0.2,20,"both",0.128923194576792,-0.0838759804360953
"1130","session1",-17.0151238061285,11.370718805657,3.14930898077056,0.000193808231233437,-0.0458615257501674,0.41934315018793,0.411994496518693,12,1,100,0.128923194576792,-0.0838759804360953,12,2.04703257755175,1,-0.352,256,0.2,0.2,20,"both",0.128923194576792,-0.0838759804360953
"1131","session1",-17.0151238061285,11.370718805657,3.14930898077056,0.000193808231233437,-0.0458615257501674,0.41934315018793,0.411994496518693,12,1,100,0.128923194576792,-0.0838759804360953,12,3.21744396584572,0,-23.64932,256,0.2,0.2,20,"both",0.128923194576792,-0.0838759804360953
"1132","session1",-17.0151238061285,11.370718805657,3.14930898077056,0.000193808231233437,-0.0458615257501674,0.41934315018793,0.411994496518693,12,1,100,0.128923194576792,-0.0838759804360953,12,2.64900117180957,0,-29.886,256,0.2,0.2,20,"both",0.128923194576792,-0.0838759804360953
"1133","session1",-17.0151238061285,11.370718805657,3.14930898077056,0.000193808231233437,-0.0458615257501674,0.41934315018793,0.411994496518693,12,1,100,0.128923194576792,-0.0838759804360953,12,2.97439159626604,1,-25.56151,256,0.2,0.2,20,"both",0.128923194576792,-0.0838759804360953
"1134","session1",-17.0151238061285,11.370718805657,3.14930898077056,0.000193808231233437,-0.0458615257501674,0.41934315018793,0.411994496518693,12,1,100,0.128923194576792,-0.0838759804360953,12,2.00977239301253,1,-4.19096,256,0.2,0.2,20,"both",0.128923194576792,-0.0838759804360953
"1135","session1",-17.0151238061285,11.370718805657,3.14930898077056,0.000193808231233437,-0.0458615257501674,0.41934315018793,0.411994496518693,12,1,100,0.128923194576792,-0.0838759804360953,12,1.7748558235292,1,-2.7159,256,0.2,0.2,20,"both",0.128923194576792,-0.0838759804360953
"1136","session1",-17.0151238061285,11.370718805657,3.14930898077056,0.000193808231233437,-0.0458615257501674,0.41934315018793,0.411994496518693,12,1,100,0.128923194576792,-0.0838759804360953,12,2.24632371793343,1,-10.05262,256,0.2,0.2,20,"both",0.128923194576792,-0.0838759804360953
"1137","session1",-17.0151238061285,11.370718805657,3.14930898077056,0.000193808231233437,-0.0458615257501674,0.41934315018793,0.411994496518693,12,1,100,0.128923194576792,-0.0838759804360953,12,4.61921485170605,1,-13.45776,256,0.2,0.2,20,"both",0.128923194576792,-0.0838759804360953
"1138","session1",-17.0151238061285,11.370718805657,3.14930898077056,0.000193808231233437,-0.0458615257501674,0.41934315018793,0.411994496518693,12,1,100,0.128923194576792,-0.0838759804360953,12,5.37569380242264,1,-14.19786,256,0.2,0.2,20,"both",0.128923194576792,-0.0838759804360953
"1139","session1",-17.0151238061285,11.370718805657,3.14930898077056,0.000193808231233437,-0.0458615257501674,0.41934315018793,0.411994496518693,12,1,100,0.128923194576792,-0.0838759804360953,12,2.04920268999824,1,-17.78289,256,0.2,0.2,20,"both",0.128923194576792,-0.0838759804360953
"1140","session1",-17.0151238061285,11.370718805657,3.14930898077056,0.000193808231233437,-0.0458615257501674,0.41934315018793,0.411994496518693,12,1,100,0.128923194576792,-0.0838759804360953,12,2.00843896251852,0,-16.4787,256,0.2,0.2,20,"both",0.128923194576792,-0.0838759804360953
"1141","session1",-17.0151238061285,11.370718805657,3.14930898077056,0.000193808231233437,-0.0458615257501674,0.41934315018793,0.411994496518693,12,1,100,0.128923194576792,-0.0838759804360953,12,1.19765189207684,0,-30.8838,256,0.2,0.2,20,"both",0.128923194576792,-0.0838759804360953
"1142","session1",-17.0151238061285,11.370718805657,3.14930898077056,0.000193808231233437,-0.0458615257501674,0.41934315018793,0.411994496518693,12,1,100,0.128923194576792,-0.0838759804360953,12,2.5114067392922,0,-19.1420325,256,0.2,0.2,20,"both",0.128923194576792,-0.0838759804360953
"1143","session1",-17.0151238061285,11.370718805657,3.14930898077056,0.000193808231233437,-0.0458615257501674,0.41934315018793,0.411994496518693,12,1,100,0.128923194576792,-0.0838759804360953,12,3.09184040788305,0,-24.05725,256,0.2,0.2,20,"both",0.128923194576792,-0.0838759804360953
"1144","session1",-17.0151238061285,11.370718805657,3.14930898077056,0.000193808231233437,-0.0458615257501674,0.41934315018793,0.411994496518693,12,1,100,0.128923194576792,-0.0838759804360953,12,1.51349004404622,0,-22.3111,256,0.2,0.2,20,"both",0.128923194576792,-0.0838759804360953
"1145","session1",-17.0151238061285,11.370718805657,3.14930898077056,0.000193808231233437,-0.0458615257501674,0.41934315018793,0.411994496518693,12,1,100,0.128923194576792,-0.0838759804360953,12,2.42244852297919,0,-35.7398,256,0.2,0.2,20,"both",0.128923194576792,-0.0838759804360953
"1146","session1",-17.0151238061285,11.370718805657,3.14930898077056,0.000193808231233437,-0.0458615257501674,0.41934315018793,0.411994496518693,12,1,100,0.128923194576792,-0.0838759804360953,12,1.16244776605234,0,-31.9944,256,0.2,0.2,20,"both",0.128923194576792,-0.0838759804360953
"1147","session1",-17.0151238061285,11.370718805657,3.14930898077056,0.000193808231233437,-0.0458615257501674,0.41934315018793,0.411994496518693,12,1,100,0.128923194576792,-0.0838759804360953,12,1.22178980477182,1,-1.9882,256,0.2,0.2,20,"both",0.128923194576792,-0.0838759804360953
"1148","session1",-17.0151238061285,11.370718805657,3.14930898077056,0.000193808231233437,-0.0458615257501674,0.41934315018793,0.411994496518693,12,1,100,0.128923194576792,-0.0838759804360953,12,1.90671867998264,1,10.0855,256,0.2,0.2,20,"both",0.128923194576792,-0.0838759804360953
"1149","session1",-17.0151238061285,11.370718805657,3.14930898077056,0.000193808231233437,-0.0458615257501674,0.41934315018793,0.411994496518693,12,1,100,0.128923194576792,-0.0838759804360953,12,1.87781787091785,1,4.8599,256,0.2,0.2,20,"both",0.128923194576792,-0.0838759804360953
"1150","session1",-17.0151238061285,11.370718805657,3.14930898077056,0.000193808231233437,-0.0458615257501674,0.41934315018793,0.411994496518693,12,1,100,0.128923194576792,-0.0838759804360953,12,1.84223426870754,1,-11.99559,256,0.2,0.2,20,"both",0.128923194576792,-0.0838759804360953
"1151","session1",-17.0151238061285,11.370718805657,3.14930898077056,0.000193808231233437,-0.0458615257501674,0.41934315018793,0.411994496518693,12,1,100,0.128923194576792,-0.0838759804360953,12,1.74419738734327,1,-11.59144,256,0.2,0.2,20,"both",0.128923194576792,-0.0838759804360953
"1152","session1",-17.0151238061285,11.370718805657,3.14930898077056,0.000193808231233437,-0.0458615257501674,0.41934315018793,0.411994496518693,12,1,100,0.128923194576792,-0.0838759804360953,12,1.7594746148762,0,-22.90038,256,0.2,0.2,20,"both",0.128923194576792,-0.0838759804360953
"1153","session1",-17.0151238061285,11.370718805657,3.14930898077056,0.000193808231233437,-0.0458615257501674,0.41934315018793,0.411994496518693,12,1,100,0.128923194576792,-0.0838759804360953,12,2.34017610151511,1,-4.8788,256,0.2,0.2,20,"both",0.128923194576792,-0.0838759804360953
"1154","session1",-17.0151238061285,11.370718805657,3.14930898077056,0.000193808231233437,-0.0458615257501674,0.41934315018793,0.411994496518693,12,1,100,0.128923194576792,-0.0838759804360953,12,2.53551247965925,0,-23.16442,256,0.2,0.2,20,"both",0.128923194576792,-0.0838759804360953
"1155","session1",-17.0151238061285,11.370718805657,3.14930898077056,0.000193808231233437,-0.0458615257501674,0.41934315018793,0.411994496518693,12,1,100,0.128923194576792,-0.0838759804360953,12,2.60609604494209,0,-24.62711,256,0.2,0.2,20,"both",0.128923194576792,-0.0838759804360953
"1156","session1",-17.0151238061285,11.370718805657,3.14930898077056,0.000193808231233437,-0.0458615257501674,0.41934315018793,0.411994496518693,12,1,100,0.128923194576792,-0.0838759804360953,12,1.71871538978263,1,-5.0017,256,0.2,0.2,20,"both",0.128923194576792,-0.0838759804360953
"1157","session1",-17.0151238061285,11.370718805657,3.14930898077056,0.000193808231233437,-0.0458615257501674,0.41934315018793,0.411994496518693,12,1,100,0.128923194576792,-0.0838759804360953,12,2.05734981018026,0,-27.43187,256,0.2,0.2,20,"both",0.128923194576792,-0.0838759804360953
"1158","session1",-17.0151238061285,11.370718805657,3.14930898077056,0.000193808231233437,-0.0458615257501674,0.41934315018793,0.411994496518693,12,1,100,0.128923194576792,-0.0838759804360953,12,1.18971216833948,1,-26.88511,256,0.2,0.2,20,"both",0.128923194576792,-0.0838759804360953
"1159","session1",-17.0151238061285,11.370718805657,3.14930898077056,0.000193808231233437,-0.0458615257501674,0.41934315018793,0.411994496518693,12,1,100,0.128923194576792,-0.0838759804360953,12,2.0096067477772,1,-9.20186,256,0.2,0.2,20,"both",0.128923194576792,-0.0838759804360953
"1160","session1",-17.0151238061285,11.370718805657,3.14930898077056,0.000193808231233437,-0.0458615257501674,0.41934315018793,0.411994496518693,12,1,100,0.128923194576792,-0.0838759804360953,12,0.921880516959322,1,-1.8396,256,0.2,0.2,20,"both",0.128923194576792,-0.0838759804360953
"1161","session1",-17.0151238061285,11.370718805657,3.14930898077056,0.000193808231233437,-0.0458615257501674,0.41934315018793,0.411994496518693,12,1,100,0.128923194576792,-0.0838759804360953,12,2.05269113269427,1,-5.8762,256,0.2,0.2,20,"both",0.128923194576792,-0.0838759804360953
"1162","session1",-17.0151238061285,11.370718805657,3.14930898077056,0.000193808231233437,-0.0458615257501674,0.41934315018793,0.411994496518693,12,1,100,0.128923194576792,-0.0838759804360953,12,2.01308802991578,0,-22.20475,256,0.2,0.2,20,"both",0.128923194576792,-0.0838759804360953
"1163","session1",-17.0151238061285,11.370718805657,3.14930898077056,0.000193808231233437,-0.0458615257501674,0.41934315018793,0.411994496518693,12,1,100,0.128923194576792,-0.0838759804360953,12,2.10381994168597,0,-10.53035,256,0.2,0.2,20,"both",0.128923194576792,-0.0838759804360953
"1164","session1",-17.0151238061285,11.370718805657,3.14930898077056,0.000193808231233437,-0.0458615257501674,0.41934315018793,0.411994496518693,12,1,100,0.128923194576792,-0.0838759804360953,12,1.62717686275954,0,-32.8187,256,0.2,0.2,20,"both",0.128923194576792,-0.0838759804360953
"1165","session1",-17.0151238061285,11.370718805657,3.14930898077056,0.000193808231233437,-0.0458615257501674,0.41934315018793,0.411994496518693,12,1,100,0.128923194576792,-0.0838759804360953,12,1.32995786686033,0,-23.21007,256,0.2,0.2,20,"both",0.128923194576792,-0.0838759804360953
"1166","session1",-17.0151238061285,11.370718805657,3.14930898077056,0.000193808231233437,-0.0458615257501674,0.41934315018793,0.411994496518693,12,1,100,0.128923194576792,-0.0838759804360953,12,1.67805229141403,1,-9.8383,256,0.2,0.2,20,"both",0.128923194576792,-0.0838759804360953
"1167","session1",-17.0151238061285,11.370718805657,3.14930898077056,0.000193808231233437,-0.0458615257501674,0.41934315018793,0.411994496518693,12,1,100,0.128923194576792,-0.0838759804360953,12,2.18034752893322,1,-6.87414,256,0.2,0.2,20,"both",0.128923194576792,-0.0838759804360953
"1168","session1",-17.0151238061285,11.370718805657,3.14930898077056,0.000193808231233437,-0.0458615257501674,0.41934315018793,0.411994496518693,12,1,100,0.128923194576792,-0.0838759804360953,12,3.35724927682021,1,-8.36636,256,0.2,0.2,20,"both",0.128923194576792,-0.0838759804360953
"1169","session1",-17.0151238061285,11.370718805657,3.14930898077056,0.000193808231233437,-0.0458615257501674,0.41934315018793,0.411994496518693,12,1,100,0.128923194576792,-0.0838759804360953,12,1.97531774062317,1,-23.69243,256,0.2,0.2,20,"both",0.128923194576792,-0.0838759804360953
"1170","session1",-17.0151238061285,11.370718805657,3.14930898077056,0.000193808231233437,-0.0458615257501674,0.41934315018793,0.411994496518693,12,1,100,0.128923194576792,-0.0838759804360953,12,4.28229634198817,1,-12.13994,256,0.2,0.2,20,"both",0.128923194576792,-0.0838759804360953
"1171","session1",-17.0151238061285,11.370718805657,3.14930898077056,0.000193808231233437,-0.0458615257501674,0.41934315018793,0.411994496518693,12,1,100,0.128923194576792,-0.0838759804360953,12,1.84491654983379,0,-6.4869,256,0.2,0.2,20,"both",0.128923194576792,-0.0838759804360953
"1172","session1",-17.0151238061285,11.370718805657,3.14930898077056,0.000193808231233437,-0.0458615257501674,0.41934315018793,0.411994496518693,12,1,100,0.128923194576792,-0.0838759804360953,12,5.07103410206766,1,-26.32794,256,0.2,0.2,20,"both",0.128923194576792,-0.0838759804360953
"1173","session1",-17.0151238061285,11.370718805657,3.14930898077056,0.000193808231233437,-0.0458615257501674,0.41934315018793,0.411994496518693,12,1,100,0.128923194576792,-0.0838759804360953,12,2.07131152516958,1,-5.6388,256,0.2,0.2,20,"both",0.128923194576792,-0.0838759804360953
"1174","session1",-17.0151238061285,11.370718805657,3.14930898077056,0.000193808231233437,-0.0458615257501674,0.41934315018793,0.411994496518693,12,1,100,0.128923194576792,-0.0838759804360953,12,1.59264678540136,1,-6.5205,256,0.2,0.2,20,"both",0.128923194576792,-0.0838759804360953
"1175","session1",-17.0151238061285,11.370718805657,3.14930898077056,0.000193808231233437,-0.0458615257501674,0.41934315018793,0.411994496518693,12,1,100,0.128923194576792,-0.0838759804360953,12,2.29971061771699,1,-9.99247,256,0.2,0.2,20,"both",0.128923194576792,-0.0838759804360953
"1176","session1",-17.0151238061285,11.370718805657,3.14930898077056,0.000193808231233437,-0.0458615257501674,0.41934315018793,0.411994496518693,12,1,100,0.128923194576792,-0.0838759804360953,12,1.52005349637786,0,-8.1297,256,0.2,0.2,20,"both",0.128923194576792,-0.0838759804360953
"1177","session1",-17.0151238061285,11.370718805657,3.14930898077056,0.000193808231233437,-0.0458615257501674,0.41934315018793,0.411994496518693,12,1,100,0.128923194576792,-0.0838759804360953,12,1.16516480218243,0,-26.51473,256,0.2,0.2,20,"both",0.128923194576792,-0.0838759804360953
"1178","session1",-17.0151238061285,11.370718805657,3.14930898077056,0.000193808231233437,-0.0458615257501674,0.41934315018793,0.411994496518693,12,1,100,0.128923194576792,-0.0838759804360953,12,1.5711253658944,0,-40.5774,256,0.2,0.2,20,"both",0.128923194576792,-0.0838759804360953
"1179","session1",-17.0151238061285,11.370718805657,3.14930898077056,0.000193808231233437,-0.0458615257501674,0.41934315018793,0.411994496518693,12,1,100,0.128923194576792,-0.0838759804360953,12,3.41708769659945,0,-13.30821,256,0.2,0.2,20,"both",0.128923194576792,-0.0838759804360953
"1180","session1",-17.0151238061285,11.370718805657,3.14930898077056,0.000193808231233437,-0.0458615257501674,0.41934315018793,0.411994496518693,12,1,100,0.128923194576792,-0.0838759804360953,12,1.84445832430761,1,-8.4123,256,0.2,0.2,20,"both",0.128923194576792,-0.0838759804360953
"1181","session1",-17.0151238061285,11.370718805657,3.14930898077056,0.000193808231233437,-0.0458615257501674,0.41934315018793,0.411994496518693,12,1,100,0.128923194576792,-0.0838759804360953,12,1.32159555880075,1,-6.86566,256,0.2,0.2,20,"both",0.128923194576792,-0.0838759804360953
"1182","session1",-17.0151238061285,11.370718805657,3.14930898077056,0.000193808231233437,-0.0458615257501674,0.41934315018793,0.411994496518693,12,1,100,0.128923194576792,-0.0838759804360953,12,2.40307489518439,1,-8.5914,256,0.2,0.2,20,"both",0.128923194576792,-0.0838759804360953
"1183","session1",-17.0151238061285,11.370718805657,3.14930898077056,0.000193808231233437,-0.0458615257501674,0.41934315018793,0.411994496518693,12,1,100,0.128923194576792,-0.0838759804360953,12,1.73357826476431,0,-24.9876,256,0.2,0.2,20,"both",0.128923194576792,-0.0838759804360953
"1184","session1",-17.0151238061285,11.370718805657,3.14930898077056,0.000193808231233437,-0.0458615257501674,0.41934315018793,0.411994496518693,12,1,100,0.128923194576792,-0.0838759804360953,12,2.71232372085755,1,-6.0943,256,0.2,0.2,20,"both",0.128923194576792,-0.0838759804360953
"1185","session1",-17.0151238061285,11.370718805657,3.14930898077056,0.000193808231233437,-0.0458615257501674,0.41934315018793,0.411994496518693,12,1,100,0.128923194576792,-0.0838759804360953,12,0.9579055519415,0,-34.2159,256,0.2,0.2,20,"both",0.128923194576792,-0.0838759804360953
"1186","session1",-17.0151238061285,11.370718805657,3.14930898077056,0.000193808231233437,-0.0458615257501674,0.41934315018793,0.411994496518693,12,1,100,0.128923194576792,-0.0838759804360953,12,2.7508575731751,1,-5.2662,256,0.2,0.2,20,"both",0.128923194576792,-0.0838759804360953
"1187","session1",-17.0151238061285,11.370718805657,3.14930898077056,0.000193808231233437,-0.0458615257501674,0.41934315018793,0.411994496518693,12,1,100,0.128923194576792,-0.0838759804360953,12,2.57618297298911,0,-10.91392,256,0.2,0.2,20,"both",0.128923194576792,-0.0838759804360953
"1188","session1",-17.0151238061285,11.370718805657,3.14930898077056,0.000193808231233437,-0.0458615257501674,0.41934315018793,0.411994496518693,12,1,100,0.128923194576792,-0.0838759804360953,12,1.31819289658704,1,-33.0483,256,0.2,0.2,20,"both",0.128923194576792,-0.0838759804360953
"1189","session1",-17.0151238061285,11.370718805657,3.14930898077056,0.000193808231233437,-0.0458615257501674,0.41934315018793,0.411994496518693,12,1,100,0.128923194576792,-0.0838759804360953,12,2.17239512201921,1,-12.33335,256,0.2,0.2,20,"both",0.128923194576792,-0.0838759804360953
"1190","session1",-17.0151238061285,11.370718805657,3.14930898077056,0.000193808231233437,-0.0458615257501674,0.41934315018793,0.411994496518693,12,1,100,0.128923194576792,-0.0838759804360953,12,2.79337639747186,0,-12.95213,256,0.2,0.2,20,"both",0.128923194576792,-0.0838759804360953
"1191","session1",-17.0151238061285,11.370718805657,3.14930898077056,0.000193808231233437,-0.0458615257501674,0.41934315018793,0.411994496518693,12,1,100,0.128923194576792,-0.0838759804360953,12,3.65747471754787,1,-9.0677,256,0.2,0.2,20,"both",0.128923194576792,-0.0838759804360953
"1192","session1",-17.0151238061285,11.370718805657,3.14930898077056,0.000193808231233437,-0.0458615257501674,0.41934315018793,0.411994496518693,12,1,100,0.128923194576792,-0.0838759804360953,12,2.2171711216815,1,-4.3389,256,0.2,0.2,20,"both",0.128923194576792,-0.0838759804360953
"1193","session1",-17.0151238061285,11.370718805657,3.14930898077056,0.000193808231233437,-0.0458615257501674,0.41934315018793,0.411994496518693,12,1,100,0.128923194576792,-0.0838759804360953,12,2.00111521894483,0,-30.488,256,0.2,0.2,20,"both",0.128923194576792,-0.0838759804360953
"1194","session1",-17.0151238061285,11.370718805657,3.14930898077056,0.000193808231233437,-0.0458615257501674,0.41934315018793,0.411994496518693,12,1,100,0.128923194576792,-0.0838759804360953,12,1.50505958027786,1,-24.9582,256,0.2,0.2,20,"both",0.128923194576792,-0.0838759804360953
"1195","session1",-17.0151238061285,11.370718805657,3.14930898077056,0.000193808231233437,-0.0458615257501674,0.41934315018793,0.411994496518693,12,1,100,0.128923194576792,-0.0838759804360953,12,1.97956437177304,1,-7.3144,256,0.2,0.2,20,"both",0.128923194576792,-0.0838759804360953
"1196","session1",-17.0151238061285,11.370718805657,3.14930898077056,0.000193808231233437,-0.0458615257501674,0.41934315018793,0.411994496518693,12,1,100,0.128923194576792,-0.0838759804360953,12,1.53271292422218,0,-35.8114,256,0.2,0.2,20,"both",0.128923194576792,-0.0838759804360953
"1197","session1",-17.0151238061285,11.370718805657,3.14930898077056,0.000193808231233437,-0.0458615257501674,0.41934315018793,0.411994496518693,12,1,100,0.128923194576792,-0.0838759804360953,12,0.982994523995693,0,-31.7477,256,0.2,0.2,20,"both",0.128923194576792,-0.0838759804360953
"1198","session1",-17.0151238061285,11.370718805657,3.14930898077056,0.000193808231233437,-0.0458615257501674,0.41934315018793,0.411994496518693,12,1,100,0.128923194576792,-0.0838759804360953,12,1.71142151261981,0,-33.5671,256,0.2,0.2,20,"both",0.128923194576792,-0.0838759804360953
"1199","session1",-17.0151238061285,11.370718805657,3.14930898077056,0.000193808231233437,-0.0458615257501674,0.41934315018793,0.411994496518693,12,1,100,0.128923194576792,-0.0838759804360953,12,2.85729692915522,1,-2.4635,256,0.2,0.2,20,"both",0.128923194576792,-0.0838759804360953
"1200","session1",-17.0151238061285,11.370718805657,3.14930898077056,0.000193808231233437,-0.0458615257501674,0.41934315018793,0.411994496518693,12,1,100,0.128923194576792,-0.0838759804360953,12,1.39004870977749,1,-26.55597,256,0.2,0.2,20,"both",0.128923194576792,-0.0838759804360953
"1201","session1",-13.6547469605139,12.9201613824846,2.19740652953643,0.000634687844353455,-0.095676597344932,0.643294860514341,0.628635176477874,13,1,100,0.128923194576792,-0.0838759804360953,13,1.14139505210467,1,8.4451161912,256,0.2,0.2,20,"both",0.128923194576792,-0.0838759804360953
"1202","session1",-13.6547469605139,12.9201613824846,2.19740652953643,0.000634687844353455,-0.095676597344932,0.643294860514341,0.628635176477874,13,1,100,0.128923194576792,-0.0838759804360953,13,1.42292287066812,1,-7.8102650241,256,0.2,0.2,20,"both",0.128923194576792,-0.0838759804360953
"1203","session1",-13.6547469605139,12.9201613824846,2.19740652953643,0.000634687844353455,-0.095676597344932,0.643294860514341,0.628635176477874,13,1,100,0.128923194576792,-0.0838759804360953,13,1.40132634914566,1,-14.308261071696,256,0.2,0.2,20,"both",0.128923194576792,-0.0838759804360953
"1204","session1",-13.6547469605139,12.9201613824846,2.19740652953643,0.000634687844353455,-0.095676597344932,0.643294860514341,0.628635176477874,13,1,100,0.128923194576792,-0.0838759804360953,13,2.24224398271427,0,-21.9474212193,256,0.2,0.2,20,"both",0.128923194576792,-0.0838759804360953
"1205","session1",-13.6547469605139,12.9201613824846,2.19740652953643,0.000634687844353455,-0.095676597344932,0.643294860514341,0.628635176477874,13,1,100,0.128923194576792,-0.0838759804360953,13,3.25508411677458,0,-12.69743,256,0.2,0.2,20,"both",0.128923194576792,-0.0838759804360953
"1206","session1",-13.6547469605139,12.9201613824846,2.19740652953643,0.000634687844353455,-0.095676597344932,0.643294860514341,0.628635176477874,13,1,100,0.128923194576792,-0.0838759804360953,13,1.27990493059818,1,-1.08039,256,0.2,0.2,20,"both",0.128923194576792,-0.0838759804360953
"1207","session1",-13.6547469605139,12.9201613824846,2.19740652953643,0.000634687844353455,-0.095676597344932,0.643294860514341,0.628635176477874,13,1,100,0.128923194576792,-0.0838759804360953,13,3.26370332039148,1,-5.163819,256,0.2,0.2,20,"both",0.128923194576792,-0.0838759804360953
"1208","session1",-13.6547469605139,12.9201613824846,2.19740652953643,0.000634687844353455,-0.095676597344932,0.643294860514341,0.628635176477874,13,1,100,0.128923194576792,-0.0838759804360953,13,1.41009108343653,1,-8.9738,256,0.2,0.2,20,"both",0.128923194576792,-0.0838759804360953
"1209","session1",-13.6547469605139,12.9201613824846,2.19740652953643,0.000634687844353455,-0.095676597344932,0.643294860514341,0.628635176477874,13,1,100,0.128923194576792,-0.0838759804360953,13,1.24876496268649,1,-10.26651,256,0.2,0.2,20,"both",0.128923194576792,-0.0838759804360953
"1210","session1",-13.6547469605139,12.9201613824846,2.19740652953643,0.000634687844353455,-0.095676597344932,0.643294860514341,0.628635176477874,13,1,100,0.128923194576792,-0.0838759804360953,13,1.21534939134269,1,-19.38516,256,0.2,0.2,20,"both",0.128923194576792,-0.0838759804360953
"1211","session1",-13.6547469605139,12.9201613824846,2.19740652953643,0.000634687844353455,-0.095676597344932,0.643294860514341,0.628635176477874,13,1,100,0.128923194576792,-0.0838759804360953,13,1.06273248694145,1,7.38614,256,0.2,0.2,20,"both",0.128923194576792,-0.0838759804360953
"1212","session1",-13.6547469605139,12.9201613824846,2.19740652953643,0.000634687844353455,-0.095676597344932,0.643294860514341,0.628635176477874,13,1,100,0.128923194576792,-0.0838759804360953,13,1.5238280308904,0,-16.11886,256,0.2,0.2,20,"both",0.128923194576792,-0.0838759804360953
"1213","session1",-13.6547469605139,12.9201613824846,2.19740652953643,0.000634687844353455,-0.095676597344932,0.643294860514341,0.628635176477874,13,1,100,0.128923194576792,-0.0838759804360953,13,1.53829753516261,1,-3.963,256,0.2,0.2,20,"both",0.128923194576792,-0.0838759804360953
"1214","session1",-13.6547469605139,12.9201613824846,2.19740652953643,0.000634687844353455,-0.095676597344932,0.643294860514341,0.628635176477874,13,1,100,0.128923194576792,-0.0838759804360953,13,0.959771509636922,1,-9.0512,256,0.2,0.2,20,"both",0.128923194576792,-0.0838759804360953
"1215","session1",-13.6547469605139,12.9201613824846,2.19740652953643,0.000634687844353455,-0.095676597344932,0.643294860514341,0.628635176477874,13,1,100,0.128923194576792,-0.0838759804360953,13,2.82659378087497,1,4.6146,256,0.2,0.2,20,"both",0.128923194576792,-0.0838759804360953
"1216","session1",-13.6547469605139,12.9201613824846,2.19740652953643,0.000634687844353455,-0.095676597344932,0.643294860514341,0.628635176477874,13,1,100,0.128923194576792,-0.0838759804360953,13,1.57904615149311,0,-41.6693,256,0.2,0.2,20,"both",0.128923194576792,-0.0838759804360953
"1217","session1",-13.6547469605139,12.9201613824846,2.19740652953643,0.000634687844353455,-0.095676597344932,0.643294860514341,0.628635176477874,13,1,100,0.128923194576792,-0.0838759804360953,13,3.20594586485947,0,-16.56857,256,0.2,0.2,20,"both",0.128923194576792,-0.0838759804360953
"1218","session1",-13.6547469605139,12.9201613824846,2.19740652953643,0.000634687844353455,-0.095676597344932,0.643294860514341,0.628635176477874,13,1,100,0.128923194576792,-0.0838759804360953,13,1.47120941573871,0,-15.68786,256,0.2,0.2,20,"both",0.128923194576792,-0.0838759804360953
"1219","session1",-13.6547469605139,12.9201613824846,2.19740652953643,0.000634687844353455,-0.095676597344932,0.643294860514341,0.628635176477874,13,1,100,0.128923194576792,-0.0838759804360953,13,1.62967914292148,1,-9.51045,256,0.2,0.2,20,"both",0.128923194576792,-0.0838759804360953
"1220","session1",-13.6547469605139,12.9201613824846,2.19740652953643,0.000634687844353455,-0.095676597344932,0.643294860514341,0.628635176477874,13,1,100,0.128923194576792,-0.0838759804360953,13,1.87441351417373,1,-23.28216,256,0.2,0.2,20,"both",0.128923194576792,-0.0838759804360953
"1221","session1",-13.6547469605139,12.9201613824846,2.19740652953643,0.000634687844353455,-0.095676597344932,0.643294860514341,0.628635176477874,13,1,100,0.128923194576792,-0.0838759804360953,13,3.63865120809171,1,-14.25094,256,0.2,0.2,20,"both",0.128923194576792,-0.0838759804360953
"1222","session1",-13.6547469605139,12.9201613824846,2.19740652953643,0.000634687844353455,-0.095676597344932,0.643294860514341,0.628635176477874,13,1,100,0.128923194576792,-0.0838759804360953,13,1.17343117379748,0,-27.61638,256,0.2,0.2,20,"both",0.128923194576792,-0.0838759804360953
"1223","session1",-13.6547469605139,12.9201613824846,2.19740652953643,0.000634687844353455,-0.095676597344932,0.643294860514341,0.628635176477874,13,1,100,0.128923194576792,-0.0838759804360953,13,2.51077082045141,0,-30.22,256,0.2,0.2,20,"both",0.128923194576792,-0.0838759804360953
"1224","session1",-13.6547469605139,12.9201613824846,2.19740652953643,0.000634687844353455,-0.095676597344932,0.643294860514341,0.628635176477874,13,1,100,0.128923194576792,-0.0838759804360953,13,1.60294664840755,0,-21.56077,256,0.2,0.2,20,"both",0.128923194576792,-0.0838759804360953
"1225","session1",-13.6547469605139,12.9201613824846,2.19740652953643,0.000634687844353455,-0.095676597344932,0.643294860514341,0.628635176477874,13,1,100,0.128923194576792,-0.0838759804360953,13,5.94461205158241,0,-14.9579,256,0.2,0.2,20,"both",0.128923194576792,-0.0838759804360953
"1226","session1",-13.6547469605139,12.9201613824846,2.19740652953643,0.000634687844353455,-0.095676597344932,0.643294860514341,0.628635176477874,13,1,100,0.128923194576792,-0.0838759804360953,13,1.97861926458715,0,-17.99997,256,0.2,0.2,20,"both",0.128923194576792,-0.0838759804360953
"1227","session1",-13.6547469605139,12.9201613824846,2.19740652953643,0.000634687844353455,-0.095676597344932,0.643294860514341,0.628635176477874,13,1,100,0.128923194576792,-0.0838759804360953,13,4.54798942805803,1,-6.93363,256,0.2,0.2,20,"both",0.128923194576792,-0.0838759804360953
"1228","session1",-13.6547469605139,12.9201613824846,2.19740652953643,0.000634687844353455,-0.095676597344932,0.643294860514341,0.628635176477874,13,1,100,0.128923194576792,-0.0838759804360953,13,1.42126686218312,1,-16.66665,256,0.2,0.2,20,"both",0.128923194576792,-0.0838759804360953
"1229","session1",-13.6547469605139,12.9201613824846,2.19740652953643,0.000634687844353455,-0.095676597344932,0.643294860514341,0.628635176477874,13,1,100,0.128923194576792,-0.0838759804360953,13,1.78816819123255,1,-6.20584,256,0.2,0.2,20,"both",0.128923194576792,-0.0838759804360953
"1230","session1",-13.6547469605139,12.9201613824846,2.19740652953643,0.000634687844353455,-0.095676597344932,0.643294860514341,0.628635176477874,13,1,100,0.128923194576792,-0.0838759804360953,13,1.21378169527792,0,-18.25969,256,0.2,0.2,20,"both",0.128923194576792,-0.0838759804360953
"1231","session1",-13.6547469605139,12.9201613824846,2.19740652953643,0.000634687844353455,-0.095676597344932,0.643294860514341,0.628635176477874,13,1,100,0.128923194576792,-0.0838759804360953,13,2.4253669780952,1,-22.57192,256,0.2,0.2,20,"both",0.128923194576792,-0.0838759804360953
"1232","session1",-13.6547469605139,12.9201613824846,2.19740652953643,0.000634687844353455,-0.095676597344932,0.643294860514341,0.628635176477874,13,1,100,0.128923194576792,-0.0838759804360953,13,1.6086579333106,1,-16.73106874,256,0.2,0.2,20,"both",0.128923194576792,-0.0838759804360953
"1233","session1",-13.6547469605139,12.9201613824846,2.19740652953643,0.000634687844353455,-0.095676597344932,0.643294860514341,0.628635176477874,13,1,100,0.128923194576792,-0.0838759804360953,13,3.86919911214408,0,-2.2247,256,0.2,0.2,20,"both",0.128923194576792,-0.0838759804360953
"1234","session1",-13.6547469605139,12.9201613824846,2.19740652953643,0.000634687844353455,-0.095676597344932,0.643294860514341,0.628635176477874,13,1,100,0.128923194576792,-0.0838759804360953,13,2.78249803258513,0,0.0175999999999998,256,0.2,0.2,20,"both",0.128923194576792,-0.0838759804360953
"1235","session1",-13.6547469605139,12.9201613824846,2.19740652953643,0.000634687844353455,-0.095676597344932,0.643294860514341,0.628635176477874,13,1,100,0.128923194576792,-0.0838759804360953,13,1.86235603700624,1,0.1374,256,0.2,0.2,20,"both",0.128923194576792,-0.0838759804360953
"1236","session1",-13.6547469605139,12.9201613824846,2.19740652953643,0.000634687844353455,-0.095676597344932,0.643294860514341,0.628635176477874,13,1,100,0.128923194576792,-0.0838759804360953,13,0.901146999172708,0,-18.59496,256,0.2,0.2,20,"both",0.128923194576792,-0.0838759804360953
"1237","session1",-13.6547469605139,12.9201613824846,2.19740652953643,0.000634687844353455,-0.095676597344932,0.643294860514341,0.628635176477874,13,1,100,0.128923194576792,-0.0838759804360953,13,1.38505998724303,0,-24.6164,256,0.2,0.2,20,"both",0.128923194576792,-0.0838759804360953
"1238","session1",-13.6547469605139,12.9201613824846,2.19740652953643,0.000634687844353455,-0.095676597344932,0.643294860514341,0.628635176477874,13,1,100,0.128923194576792,-0.0838759804360953,13,1.52372863583345,0,-28.0251,256,0.2,0.2,20,"both",0.128923194576792,-0.0838759804360953
"1239","session1",-13.6547469605139,12.9201613824846,2.19740652953643,0.000634687844353455,-0.095676597344932,0.643294860514341,0.628635176477874,13,1,100,0.128923194576792,-0.0838759804360953,13,1.2750375048534,0,-12.22864,256,0.2,0.2,20,"both",0.128923194576792,-0.0838759804360953
"1240","session1",-13.6547469605139,12.9201613824846,2.19740652953643,0.000634687844353455,-0.095676597344932,0.643294860514341,0.628635176477874,13,1,100,0.128923194576792,-0.0838759804360953,13,1.89294941691651,1,-9.8267,256,0.2,0.2,20,"both",0.128923194576792,-0.0838759804360953
"1241","session1",-13.6547469605139,12.9201613824846,2.19740652953643,0.000634687844353455,-0.095676597344932,0.643294860514341,0.628635176477874,13,1,100,0.128923194576792,-0.0838759804360953,13,0.934694392780727,0,1.2494,256,0.2,0.2,20,"both",0.128923194576792,-0.0838759804360953
"1242","session1",-13.6547469605139,12.9201613824846,2.19740652953643,0.000634687844353455,-0.095676597344932,0.643294860514341,0.628635176477874,13,1,100,0.128923194576792,-0.0838759804360953,13,3.02511750540141,0,-18.49498,256,0.2,0.2,20,"both",0.128923194576792,-0.0838759804360953
"1243","session1",-13.6547469605139,12.9201613824846,2.19740652953643,0.000634687844353455,-0.095676597344932,0.643294860514341,0.628635176477874,13,1,100,0.128923194576792,-0.0838759804360953,13,1.18990783998249,0,-46.1262,256,0.2,0.2,20,"both",0.128923194576792,-0.0838759804360953
"1244","session1",-13.6547469605139,12.9201613824846,2.19740652953643,0.000634687844353455,-0.095676597344932,0.643294860514341,0.628635176477874,13,1,100,0.128923194576792,-0.0838759804360953,13,1.8917599528781,0,-22.16831,256,0.2,0.2,20,"both",0.128923194576792,-0.0838759804360953
"1245","session1",-13.6547469605139,12.9201613824846,2.19740652953643,0.000634687844353455,-0.095676597344932,0.643294860514341,0.628635176477874,13,1,100,0.128923194576792,-0.0838759804360953,13,1.41488065778438,1,7.6331,256,0.2,0.2,20,"both",0.128923194576792,-0.0838759804360953
"1246","session1",-13.6547469605139,12.9201613824846,2.19740652953643,0.000634687844353455,-0.095676597344932,0.643294860514341,0.628635176477874,13,1,100,0.128923194576792,-0.0838759804360953,13,1.35363020286447,0,-46.8543,256,0.2,0.2,20,"both",0.128923194576792,-0.0838759804360953
"1247","session1",-13.6547469605139,12.9201613824846,2.19740652953643,0.000634687844353455,-0.095676597344932,0.643294860514341,0.628635176477874,13,1,100,0.128923194576792,-0.0838759804360953,13,0.907255934645086,0,-18.35171,256,0.2,0.2,20,"both",0.128923194576792,-0.0838759804360953
"1248","session1",-13.6547469605139,12.9201613824846,2.19740652953643,0.000634687844353455,-0.095676597344932,0.643294860514341,0.628635176477874,13,1,100,0.128923194576792,-0.0838759804360953,13,2.81731242242954,1,9.14922,256,0.2,0.2,20,"both",0.128923194576792,-0.0838759804360953
"1249","session1",-13.6547469605139,12.9201613824846,2.19740652953643,0.000634687844353455,-0.095676597344932,0.643294860514341,0.628635176477874,13,1,100,0.128923194576792,-0.0838759804360953,13,7.1601075771501,1,4.6401,256,0.2,0.2,20,"both",0.128923194576792,-0.0838759804360953
"1250","session1",-13.6547469605139,12.9201613824846,2.19740652953643,0.000634687844353455,-0.095676597344932,0.643294860514341,0.628635176477874,13,1,100,0.128923194576792,-0.0838759804360953,13,1.20509535362292,1,-6.0504,256,0.2,0.2,20,"both",0.128923194576792,-0.0838759804360953
"1251","session1",-13.6547469605139,12.9201613824846,2.19740652953643,0.000634687844353455,-0.095676597344932,0.643294860514341,0.628635176477874,13,1,100,0.128923194576792,-0.0838759804360953,13,2.53966170162247,0,-28.0723,256,0.2,0.2,20,"both",0.128923194576792,-0.0838759804360953
"1252","session1",-13.6547469605139,12.9201613824846,2.19740652953643,0.000634687844353455,-0.095676597344932,0.643294860514341,0.628635176477874,13,1,100,0.128923194576792,-0.0838759804360953,13,4.14149591548363,1,-19.95053,256,0.2,0.2,20,"both",0.128923194576792,-0.0838759804360953
"1253","session1",-13.6547469605139,12.9201613824846,2.19740652953643,0.000634687844353455,-0.095676597344932,0.643294860514341,0.628635176477874,13,1,100,0.128923194576792,-0.0838759804360953,13,2.29224267039948,0,-3.9964,256,0.2,0.2,20,"both",0.128923194576792,-0.0838759804360953
"1254","session1",-13.6547469605139,12.9201613824846,2.19740652953643,0.000634687844353455,-0.095676597344932,0.643294860514341,0.628635176477874,13,1,100,0.128923194576792,-0.0838759804360953,13,2.22501555823878,0,-28.4757,256,0.2,0.2,20,"both",0.128923194576792,-0.0838759804360953
"1255","session1",-13.6547469605139,12.9201613824846,2.19740652953643,0.000634687844353455,-0.095676597344932,0.643294860514341,0.628635176477874,13,1,100,0.128923194576792,-0.0838759804360953,13,2.65504110912142,1,-20.67202,256,0.2,0.2,20,"both",0.128923194576792,-0.0838759804360953
"1256","session1",-13.6547469605139,12.9201613824846,2.19740652953643,0.000634687844353455,-0.095676597344932,0.643294860514341,0.628635176477874,13,1,100,0.128923194576792,-0.0838759804360953,13,2.28397395385223,0,-33.3152,256,0.2,0.2,20,"both",0.128923194576792,-0.0838759804360953
"1257","session1",-13.6547469605139,12.9201613824846,2.19740652953643,0.000634687844353455,-0.095676597344932,0.643294860514341,0.628635176477874,13,1,100,0.128923194576792,-0.0838759804360953,13,1.74745288972117,0,-11.88009,256,0.2,0.2,20,"both",0.128923194576792,-0.0838759804360953
"1258","session1",-13.6547469605139,12.9201613824846,2.19740652953643,0.000634687844353455,-0.095676597344932,0.643294860514341,0.628635176477874,13,1,100,0.128923194576792,-0.0838759804360953,13,1.74111331542338,1,-4.14867,256,0.2,0.2,20,"both",0.128923194576792,-0.0838759804360953
"1259","session1",-13.6547469605139,12.9201613824846,2.19740652953643,0.000634687844353455,-0.095676597344932,0.643294860514341,0.628635176477874,13,1,100,0.128923194576792,-0.0838759804360953,13,1.84703960722425,1,-6.0065,256,0.2,0.2,20,"both",0.128923194576792,-0.0838759804360953
"1260","session1",-13.6547469605139,12.9201613824846,2.19740652953643,0.000634687844353455,-0.095676597344932,0.643294860514341,0.628635176477874,13,1,100,0.128923194576792,-0.0838759804360953,13,2.06425781576688,0,-25.70255,256,0.2,0.2,20,"both",0.128923194576792,-0.0838759804360953
"1261","session1",-13.6547469605139,12.9201613824846,2.19740652953643,0.000634687844353455,-0.095676597344932,0.643294860514341,0.628635176477874,13,1,100,0.128923194576792,-0.0838759804360953,13,1.8392567414671,1,-32.2639,256,0.2,0.2,20,"both",0.128923194576792,-0.0838759804360953
"1262","session1",-13.6547469605139,12.9201613824846,2.19740652953643,0.000634687844353455,-0.095676597344932,0.643294860514341,0.628635176477874,13,1,100,0.128923194576792,-0.0838759804360953,13,1.26152721823492,1,-13.81924,256,0.2,0.2,20,"both",0.128923194576792,-0.0838759804360953
"1263","session1",-13.6547469605139,12.9201613824846,2.19740652953643,0.000634687844353455,-0.095676597344932,0.643294860514341,0.628635176477874,13,1,100,0.128923194576792,-0.0838759804360953,13,3.00730544252145,0,-32.30576,256,0.2,0.2,20,"both",0.128923194576792,-0.0838759804360953
"1264","session1",-13.6547469605139,12.9201613824846,2.19740652953643,0.000634687844353455,-0.095676597344932,0.643294860514341,0.628635176477874,13,1,100,0.128923194576792,-0.0838759804360953,13,2.55799633770848,1,4.9709,256,0.2,0.2,20,"both",0.128923194576792,-0.0838759804360953
"1265","session1",-13.6547469605139,12.9201613824846,2.19740652953643,0.000634687844353455,-0.095676597344932,0.643294860514341,0.628635176477874,13,1,100,0.128923194576792,-0.0838759804360953,13,1.6348011805633,1,-23.0164,256,0.2,0.2,20,"both",0.128923194576792,-0.0838759804360953
"1266","session1",-13.6547469605139,12.9201613824846,2.19740652953643,0.000634687844353455,-0.095676597344932,0.643294860514341,0.628635176477874,13,1,100,0.128923194576792,-0.0838759804360953,13,3.3701535057165,1,-3.4726,256,0.2,0.2,20,"both",0.128923194576792,-0.0838759804360953
"1267","session1",-13.6547469605139,12.9201613824846,2.19740652953643,0.000634687844353455,-0.095676597344932,0.643294860514341,0.628635176477874,13,1,100,0.128923194576792,-0.0838759804360953,13,8,0,-27.1298,256,0.2,0.2,20,"both",0.128923194576792,-0.0838759804360953
"1268","session1",-13.6547469605139,12.9201613824846,2.19740652953643,0.000634687844353455,-0.095676597344932,0.643294860514341,0.628635176477874,13,1,100,0.128923194576792,-0.0838759804360953,13,1.61738206487119,1,26.866,256,0.2,0.2,20,"both",0.128923194576792,-0.0838759804360953
"1269","session1",-13.6547469605139,12.9201613824846,2.19740652953643,0.000634687844353455,-0.095676597344932,0.643294860514341,0.628635176477874,13,1,100,0.128923194576792,-0.0838759804360953,13,2.98110764486658,1,-23.363,256,0.2,0.2,20,"both",0.128923194576792,-0.0838759804360953
"1270","session1",-13.6547469605139,12.9201613824846,2.19740652953643,0.000634687844353455,-0.095676597344932,0.643294860514341,0.628635176477874,13,1,100,0.128923194576792,-0.0838759804360953,13,2.81490212085256,0,-22.56155,256,0.2,0.2,20,"both",0.128923194576792,-0.0838759804360953
"1271","session1",-13.6547469605139,12.9201613824846,2.19740652953643,0.000634687844353455,-0.095676597344932,0.643294860514341,0.628635176477874,13,1,100,0.128923194576792,-0.0838759804360953,13,4.31324991522725,0,-7.25718,256,0.2,0.2,20,"both",0.128923194576792,-0.0838759804360953
"1272","session1",-13.6547469605139,12.9201613824846,2.19740652953643,0.000634687844353455,-0.095676597344932,0.643294860514341,0.628635176477874,13,1,100,0.128923194576792,-0.0838759804360953,13,1.63806426585377,0,-26.9721,256,0.2,0.2,20,"both",0.128923194576792,-0.0838759804360953
"1273","session1",-13.6547469605139,12.9201613824846,2.19740652953643,0.000634687844353455,-0.095676597344932,0.643294860514341,0.628635176477874,13,1,100,0.128923194576792,-0.0838759804360953,13,2.39679566034896,0,-28.3158,256,0.2,0.2,20,"both",0.128923194576792,-0.0838759804360953
"1274","session1",-13.6547469605139,12.9201613824846,2.19740652953643,0.000634687844353455,-0.095676597344932,0.643294860514341,0.628635176477874,13,1,100,0.128923194576792,-0.0838759804360953,13,2.01049726644045,1,-0.809099999999999,256,0.2,0.2,20,"both",0.128923194576792,-0.0838759804360953
"1275","session1",-13.6547469605139,12.9201613824846,2.19740652953643,0.000634687844353455,-0.095676597344932,0.643294860514341,0.628635176477874,13,1,100,0.128923194576792,-0.0838759804360953,13,0.818403782193633,0,9.31221,256,0.2,0.2,20,"both",0.128923194576792,-0.0838759804360953
"1276","session1",-13.6547469605139,12.9201613824846,2.19740652953643,0.000634687844353455,-0.095676597344932,0.643294860514341,0.628635176477874,13,1,100,0.128923194576792,-0.0838759804360953,13,1.96660162616524,1,-34.2414,256,0.2,0.2,20,"both",0.128923194576792,-0.0838759804360953
"1277","session1",-13.6547469605139,12.9201613824846,2.19740652953643,0.000634687844353455,-0.095676597344932,0.643294860514341,0.628635176477874,13,1,100,0.128923194576792,-0.0838759804360953,13,2.12001246195668,1,-8.92524,256,0.2,0.2,20,"both",0.128923194576792,-0.0838759804360953
"1278","session1",-13.6547469605139,12.9201613824846,2.19740652953643,0.000634687844353455,-0.095676597344932,0.643294860514341,0.628635176477874,13,1,100,0.128923194576792,-0.0838759804360953,13,2.84679140107327,1,3.2306,256,0.2,0.2,20,"both",0.128923194576792,-0.0838759804360953
"1279","session1",-13.6547469605139,12.9201613824846,2.19740652953643,0.000634687844353455,-0.095676597344932,0.643294860514341,0.628635176477874,13,1,100,0.128923194576792,-0.0838759804360953,13,1.18660263728739,0,-24.8177,256,0.2,0.2,20,"both",0.128923194576792,-0.0838759804360953
"1280","session1",-13.6547469605139,12.9201613824846,2.19740652953643,0.000634687844353455,-0.095676597344932,0.643294860514341,0.628635176477874,13,1,100,0.128923194576792,-0.0838759804360953,13,2.2574848375567,0,-24.97743,256,0.2,0.2,20,"both",0.128923194576792,-0.0838759804360953
"1281","session1",-13.6547469605139,12.9201613824846,2.19740652953643,0.000634687844353455,-0.095676597344932,0.643294860514341,0.628635176477874,13,1,100,0.128923194576792,-0.0838759804360953,13,1.94820247662288,1,-7.66484,256,0.2,0.2,20,"both",0.128923194576792,-0.0838759804360953
"1282","session1",-13.6547469605139,12.9201613824846,2.19740652953643,0.000634687844353455,-0.095676597344932,0.643294860514341,0.628635176477874,13,1,100,0.128923194576792,-0.0838759804360953,13,4.72882888007223,0,-25.27996,256,0.2,0.2,20,"both",0.128923194576792,-0.0838759804360953
"1283","session1",-13.6547469605139,12.9201613824846,2.19740652953643,0.000634687844353455,-0.095676597344932,0.643294860514341,0.628635176477874,13,1,100,0.128923194576792,-0.0838759804360953,13,2.99434485238351,1,4.9193,256,0.2,0.2,20,"both",0.128923194576792,-0.0838759804360953
"1284","session1",-13.6547469605139,12.9201613824846,2.19740652953643,0.000634687844353455,-0.095676597344932,0.643294860514341,0.628635176477874,13,1,100,0.128923194576792,-0.0838759804360953,13,0.959446441609149,1,3.6838,256,0.2,0.2,20,"both",0.128923194576792,-0.0838759804360953
"1285","session1",-13.6547469605139,12.9201613824846,2.19740652953643,0.000634687844353455,-0.095676597344932,0.643294860514341,0.628635176477874,13,1,100,0.128923194576792,-0.0838759804360953,13,2.74900889786996,1,-21.71892,256,0.2,0.2,20,"both",0.128923194576792,-0.0838759804360953
"1286","session1",-13.6547469605139,12.9201613824846,2.19740652953643,0.000634687844353455,-0.095676597344932,0.643294860514341,0.628635176477874,13,1,100,0.128923194576792,-0.0838759804360953,13,1.95900020305531,0,-30.7552,256,0.2,0.2,20,"both",0.128923194576792,-0.0838759804360953
"1287","session1",-13.6547469605139,12.9201613824846,2.19740652953643,0.000634687844353455,-0.095676597344932,0.643294860514341,0.628635176477874,13,1,100,0.128923194576792,-0.0838759804360953,13,1.79844245054916,0,-28.622,256,0.2,0.2,20,"both",0.128923194576792,-0.0838759804360953
"1288","session1",-13.6547469605139,12.9201613824846,2.19740652953643,0.000634687844353455,-0.095676597344932,0.643294860514341,0.628635176477874,13,1,100,0.128923194576792,-0.0838759804360953,13,2.18582526164733,0,-33.7388,256,0.2,0.2,20,"both",0.128923194576792,-0.0838759804360953
"1289","session1",-13.6547469605139,12.9201613824846,2.19740652953643,0.000634687844353455,-0.095676597344932,0.643294860514341,0.628635176477874,13,1,100,0.128923194576792,-0.0838759804360953,13,2.16549872343019,0,-24.22104,256,0.2,0.2,20,"both",0.128923194576792,-0.0838759804360953
"1290","session1",-13.6547469605139,12.9201613824846,2.19740652953643,0.000634687844353455,-0.095676597344932,0.643294860514341,0.628635176477874,13,1,100,0.128923194576792,-0.0838759804360953,13,1.84995822739826,1,4.0077,256,0.2,0.2,20,"both",0.128923194576792,-0.0838759804360953
"1291","session1",-13.6547469605139,12.9201613824846,2.19740652953643,0.000634687844353455,-0.095676597344932,0.643294860514341,0.628635176477874,13,1,100,0.128923194576792,-0.0838759804360953,13,1.27757025009105,0,-28.6108,256,0.2,0.2,20,"both",0.128923194576792,-0.0838759804360953
"1292","session1",-13.6547469605139,12.9201613824846,2.19740652953643,0.000634687844353455,-0.095676597344932,0.643294860514341,0.628635176477874,13,1,100,0.128923194576792,-0.0838759804360953,13,1.0590454889653,0,-22.58528,256,0.2,0.2,20,"both",0.128923194576792,-0.0838759804360953
"1293","session1",-13.6547469605139,12.9201613824846,2.19740652953643,0.000634687844353455,-0.095676597344932,0.643294860514341,0.628635176477874,13,1,100,0.128923194576792,-0.0838759804360953,13,1.90137582454158,0,-32.887,256,0.2,0.2,20,"both",0.128923194576792,-0.0838759804360953
"1294","session1",-13.6547469605139,12.9201613824846,2.19740652953643,0.000634687844353455,-0.095676597344932,0.643294860514341,0.628635176477874,13,1,100,0.128923194576792,-0.0838759804360953,13,1.74983955073831,0,-12.04271,256,0.2,0.2,20,"both",0.128923194576792,-0.0838759804360953
"1295","session1",-13.6547469605139,12.9201613824846,2.19740652953643,0.000634687844353455,-0.095676597344932,0.643294860514341,0.628635176477874,13,1,100,0.128923194576792,-0.0838759804360953,13,1.2965687777191,1,2.4988,256,0.2,0.2,20,"both",0.128923194576792,-0.0838759804360953
"1296","session1",-13.6547469605139,12.9201613824846,2.19740652953643,0.000634687844353455,-0.095676597344932,0.643294860514341,0.628635176477874,13,1,100,0.128923194576792,-0.0838759804360953,13,2.03263479322179,0,-8.02232,256,0.2,0.2,20,"both",0.128923194576792,-0.0838759804360953
"1297","session1",-13.6547469605139,12.9201613824846,2.19740652953643,0.000634687844353455,-0.095676597344932,0.643294860514341,0.628635176477874,13,1,100,0.128923194576792,-0.0838759804360953,13,1.75436401716742,0,-26.2597,256,0.2,0.2,20,"both",0.128923194576792,-0.0838759804360953
"1298","session1",-13.6547469605139,12.9201613824846,2.19740652953643,0.000634687844353455,-0.095676597344932,0.643294860514341,0.628635176477874,13,1,100,0.128923194576792,-0.0838759804360953,13,1.2273237193501,1,7.2441,256,0.2,0.2,20,"both",0.128923194576792,-0.0838759804360953
"1299","session1",-13.6547469605139,12.9201613824846,2.19740652953643,0.000634687844353455,-0.095676597344932,0.643294860514341,0.628635176477874,13,1,100,0.128923194576792,-0.0838759804360953,13,1.49001493824484,0,-21.61702,256,0.2,0.2,20,"both",0.128923194576792,-0.0838759804360953
"1300","session1",-13.6547469605139,12.9201613824846,2.19740652953643,0.000634687844353455,-0.095676597344932,0.643294860514341,0.628635176477874,13,1,100,0.128923194576792,-0.0838759804360953,13,1.63250338574672,1,-5.73827,256,0.2,0.2,20,"both",0.128923194576792,-0.0838759804360953
"1301","session1",-22.5496696502144,11.6603820253596,4.49882841477225,0.0016861048319937,-0.0831110196362451,0.498545033390468,0.756736335061374,14,1,100,0.128923194576792,-0.0838759804360953,14,1.36011333705706,1,-9.31269605306,256,0.2,0.2,20,"both",0.128923194576792,-0.0838759804360953
"1302","session1",-22.5496696502144,11.6603820253596,4.49882841477225,0.0016861048319937,-0.0831110196362451,0.498545033390468,0.756736335061374,14,1,100,0.128923194576792,-0.0838759804360953,14,1.92820561179749,1,-9.0805320261,256,0.2,0.2,20,"both",0.128923194576792,-0.0838759804360953
"1303","session1",-22.5496696502144,11.6603820253596,4.49882841477225,0.0016861048319937,-0.0831110196362451,0.498545033390468,0.756736335061374,14,1,100,0.128923194576792,-0.0838759804360953,14,2.88669353062363,0,-18.2722992371,256,0.2,0.2,20,"both",0.128923194576792,-0.0838759804360953
"1304","session1",-22.5496696502144,11.6603820253596,4.49882841477225,0.0016861048319937,-0.0831110196362451,0.498545033390468,0.756736335061374,14,1,100,0.128923194576792,-0.0838759804360953,14,2.70716535965259,0,-12.674525123,256,0.2,0.2,20,"both",0.128923194576792,-0.0838759804360953
"1305","session1",-22.5496696502144,11.6603820253596,4.49882841477225,0.0016861048319937,-0.0831110196362451,0.498545033390468,0.756736335061374,14,1,100,0.128923194576792,-0.0838759804360953,14,2.00511903352869,1,-6.20714,256,0.2,0.2,20,"both",0.128923194576792,-0.0838759804360953
"1306","session1",-22.5496696502144,11.6603820253596,4.49882841477225,0.0016861048319937,-0.0831110196362451,0.498545033390468,0.756736335061374,14,1,100,0.128923194576792,-0.0838759804360953,14,2.50391726305746,1,-8.52562,256,0.2,0.2,20,"both",0.128923194576792,-0.0838759804360953
"1307","session1",-22.5496696502144,11.6603820253596,4.49882841477225,0.0016861048319937,-0.0831110196362451,0.498545033390468,0.756736335061374,14,1,100,0.128923194576792,-0.0838759804360953,14,2.32330735621445,0,-12.7579,256,0.2,0.2,20,"both",0.128923194576792,-0.0838759804360953
"1308","session1",-22.5496696502144,11.6603820253596,4.49882841477225,0.0016861048319937,-0.0831110196362451,0.498545033390468,0.756736335061374,14,1,100,0.128923194576792,-0.0838759804360953,14,1.67799957249859,1,-10.36604,256,0.2,0.2,20,"both",0.128923194576792,-0.0838759804360953
"1309","session1",-22.5496696502144,11.6603820253596,4.49882841477225,0.0016861048319937,-0.0831110196362451,0.498545033390468,0.756736335061374,14,1,100,0.128923194576792,-0.0838759804360953,14,1.72050137595619,1,-1.0037,256,0.2,0.2,20,"both",0.128923194576792,-0.0838759804360953
"1310","session1",-22.5496696502144,11.6603820253596,4.49882841477225,0.0016861048319937,-0.0831110196362451,0.498545033390468,0.756736335061374,14,1,100,0.128923194576792,-0.0838759804360953,14,2.03197755341668,1,-19.22115,256,0.2,0.2,20,"both",0.128923194576792,-0.0838759804360953
"1311","session1",-22.5496696502144,11.6603820253596,4.49882841477225,0.0016861048319937,-0.0831110196362451,0.498545033390468,0.756736335061374,14,1,100,0.128923194576792,-0.0838759804360953,14,1.72920127674202,0,-45.342,256,0.2,0.2,20,"both",0.128923194576792,-0.0838759804360953
"1312","session1",-22.5496696502144,11.6603820253596,4.49882841477225,0.0016861048319937,-0.0831110196362451,0.498545033390468,0.756736335061374,14,1,100,0.128923194576792,-0.0838759804360953,14,4.99560661165918,1,-11.63171,256,0.2,0.2,20,"both",0.128923194576792,-0.0838759804360953
"1313","session1",-22.5496696502144,11.6603820253596,4.49882841477225,0.0016861048319937,-0.0831110196362451,0.498545033390468,0.756736335061374,14,1,100,0.128923194576792,-0.0838759804360953,14,1.96136347741007,1,-15.74985,256,0.2,0.2,20,"both",0.128923194576792,-0.0838759804360953
"1314","session1",-22.5496696502144,11.6603820253596,4.49882841477225,0.0016861048319937,-0.0831110196362451,0.498545033390468,0.756736335061374,14,1,100,0.128923194576792,-0.0838759804360953,14,3.02193203732458,1,-24.68114,256,0.2,0.2,20,"both",0.128923194576792,-0.0838759804360953
"1315","session1",-22.5496696502144,11.6603820253596,4.49882841477225,0.0016861048319937,-0.0831110196362451,0.498545033390468,0.756736335061374,14,1,100,0.128923194576792,-0.0838759804360953,14,4.05976666933584,1,-23.38232728,256,0.2,0.2,20,"both",0.128923194576792,-0.0838759804360953
"1316","session1",-22.5496696502144,11.6603820253596,4.49882841477225,0.0016861048319937,-0.0831110196362451,0.498545033390468,0.756736335061374,14,1,100,0.128923194576792,-0.0838759804360953,14,1.90869599301874,0,-47.3126,256,0.2,0.2,20,"both",0.128923194576792,-0.0838759804360953
"1317","session1",-22.5496696502144,11.6603820253596,4.49882841477225,0.0016861048319937,-0.0831110196362451,0.498545033390468,0.756736335061374,14,1,100,0.128923194576792,-0.0838759804360953,14,1.63587493872427,1,1.592,256,0.2,0.2,20,"both",0.128923194576792,-0.0838759804360953
"1318","session1",-22.5496696502144,11.6603820253596,4.49882841477225,0.0016861048319937,-0.0831110196362451,0.498545033390468,0.756736335061374,14,1,100,0.128923194576792,-0.0838759804360953,14,1.71775877421917,1,-8.4994,256,0.2,0.2,20,"both",0.128923194576792,-0.0838759804360953
"1319","session1",-22.5496696502144,11.6603820253596,4.49882841477225,0.0016861048319937,-0.0831110196362451,0.498545033390468,0.756736335061374,14,1,100,0.128923194576792,-0.0838759804360953,14,3.07363165885008,1,-17.45935,256,0.2,0.2,20,"both",0.128923194576792,-0.0838759804360953
"1320","session1",-22.5496696502144,11.6603820253596,4.49882841477225,0.0016861048319937,-0.0831110196362451,0.498545033390468,0.756736335061374,14,1,100,0.128923194576792,-0.0838759804360953,14,3.22658881045615,0,-37.1416,256,0.2,0.2,20,"both",0.128923194576792,-0.0838759804360953
"1321","session1",-22.5496696502144,11.6603820253596,4.49882841477225,0.0016861048319937,-0.0831110196362451,0.498545033390468,0.756736335061374,14,1,100,0.128923194576792,-0.0838759804360953,14,1.88371578173329,0,-30.6364,256,0.2,0.2,20,"both",0.128923194576792,-0.0838759804360953
"1322","session1",-22.5496696502144,11.6603820253596,4.49882841477225,0.0016861048319937,-0.0831110196362451,0.498545033390468,0.756736335061374,14,1,100,0.128923194576792,-0.0838759804360953,14,2.0491209055509,0,-41.3631,256,0.2,0.2,20,"both",0.128923194576792,-0.0838759804360953
"1323","session1",-22.5496696502144,11.6603820253596,4.49882841477225,0.0016861048319937,-0.0831110196362451,0.498545033390468,0.756736335061374,14,1,100,0.128923194576792,-0.0838759804360953,14,2.03090903162649,0,-32.8387,256,0.2,0.2,20,"both",0.128923194576792,-0.0838759804360953
"1324","session1",-22.5496696502144,11.6603820253596,4.49882841477225,0.0016861048319937,-0.0831110196362451,0.498545033390468,0.756736335061374,14,1,100,0.128923194576792,-0.0838759804360953,14,2.03718452216549,1,-0.108899999999998,256,0.2,0.2,20,"both",0.128923194576792,-0.0838759804360953
"1325","session1",-22.5496696502144,11.6603820253596,4.49882841477225,0.0016861048319937,-0.0831110196362451,0.498545033390468,0.756736335061374,14,1,100,0.128923194576792,-0.0838759804360953,14,2.14839715797853,0,-41.4657,256,0.2,0.2,20,"both",0.128923194576792,-0.0838759804360953
"1326","session1",-22.5496696502144,11.6603820253596,4.49882841477225,0.0016861048319937,-0.0831110196362451,0.498545033390468,0.756736335061374,14,1,100,0.128923194576792,-0.0838759804360953,14,2.32629555185264,0,-35.267,256,0.2,0.2,20,"both",0.128923194576792,-0.0838759804360953
"1327","session1",-22.5496696502144,11.6603820253596,4.49882841477225,0.0016861048319937,-0.0831110196362451,0.498545033390468,0.756736335061374,14,1,100,0.128923194576792,-0.0838759804360953,14,3.00300598775398,1,-12.59605,256,0.2,0.2,20,"both",0.128923194576792,-0.0838759804360953
"1328","session1",-22.5496696502144,11.6603820253596,4.49882841477225,0.0016861048319937,-0.0831110196362451,0.498545033390468,0.756736335061374,14,1,100,0.128923194576792,-0.0838759804360953,14,2.83518670765404,0,-35.73621,256,0.2,0.2,20,"both",0.128923194576792,-0.0838759804360953
"1329","session1",-22.5496696502144,11.6603820253596,4.49882841477225,0.0016861048319937,-0.0831110196362451,0.498545033390468,0.756736335061374,14,1,100,0.128923194576792,-0.0838759804360953,14,2.32210621392902,0,-34.66951,256,0.2,0.2,20,"both",0.128923194576792,-0.0838759804360953
"1330","session1",-22.5496696502144,11.6603820253596,4.49882841477225,0.0016861048319937,-0.0831110196362451,0.498545033390468,0.756736335061374,14,1,100,0.128923194576792,-0.0838759804360953,14,1.35606450452251,0,-38.2838,256,0.2,0.2,20,"both",0.128923194576792,-0.0838759804360953
"1331","session1",-22.5496696502144,11.6603820253596,4.49882841477225,0.0016861048319937,-0.0831110196362451,0.498545033390468,0.756736335061374,14,1,100,0.128923194576792,-0.0838759804360953,14,3.65924036601189,1,-7.1116,256,0.2,0.2,20,"both",0.128923194576792,-0.0838759804360953
"1332","session1",-22.5496696502144,11.6603820253596,4.49882841477225,0.0016861048319937,-0.0831110196362451,0.498545033390468,0.756736335061374,14,1,100,0.128923194576792,-0.0838759804360953,14,4.158601327462,0,-27.61517,256,0.2,0.2,20,"both",0.128923194576792,-0.0838759804360953
"1333","session1",-22.5496696502144,11.6603820253596,4.49882841477225,0.0016861048319937,-0.0831110196362451,0.498545033390468,0.756736335061374,14,1,100,0.128923194576792,-0.0838759804360953,14,2.82039736898063,1,-12.94926,256,0.2,0.2,20,"both",0.128923194576792,-0.0838759804360953
"1334","session1",-22.5496696502144,11.6603820253596,4.49882841477225,0.0016861048319937,-0.0831110196362451,0.498545033390468,0.756736335061374,14,1,100,0.128923194576792,-0.0838759804360953,14,6.7714802251153,1,-14.72858,256,0.2,0.2,20,"both",0.128923194576792,-0.0838759804360953
"1335","session1",-22.5496696502144,11.6603820253596,4.49882841477225,0.0016861048319937,-0.0831110196362451,0.498545033390468,0.756736335061374,14,1,100,0.128923194576792,-0.0838759804360953,14,2.32058343153054,1,-13.07519,256,0.2,0.2,20,"both",0.128923194576792,-0.0838759804360953
"1336","session1",-22.5496696502144,11.6603820253596,4.49882841477225,0.0016861048319937,-0.0831110196362451,0.498545033390468,0.756736335061374,14,1,100,0.128923194576792,-0.0838759804360953,14,8,1,-20.33256,256,0.2,0.2,20,"both",0.128923194576792,-0.0838759804360953
"1337","session1",-22.5496696502144,11.6603820253596,4.49882841477225,0.0016861048319937,-0.0831110196362451,0.498545033390468,0.756736335061374,14,1,100,0.128923194576792,-0.0838759804360953,14,1.41667282330929,1,-17.33934,256,0.2,0.2,20,"both",0.128923194576792,-0.0838759804360953
"1338","session1",-22.5496696502144,11.6603820253596,4.49882841477225,0.0016861048319937,-0.0831110196362451,0.498545033390468,0.756736335061374,14,1,100,0.128923194576792,-0.0838759804360953,14,2.93326365376927,0,-26.98208,256,0.2,0.2,20,"both",0.128923194576792,-0.0838759804360953
"1339","session1",-22.5496696502144,11.6603820253596,4.49882841477225,0.0016861048319937,-0.0831110196362451,0.498545033390468,0.756736335061374,14,1,100,0.128923194576792,-0.0838759804360953,14,1.93352628378295,1,-10.51461,256,0.2,0.2,20,"both",0.128923194576792,-0.0838759804360953
"1340","session1",-22.5496696502144,11.6603820253596,4.49882841477225,0.0016861048319937,-0.0831110196362451,0.498545033390468,0.756736335061374,14,1,100,0.128923194576792,-0.0838759804360953,14,2.74328043987334,0,-26.32578,256,0.2,0.2,20,"both",0.128923194576792,-0.0838759804360953
"1341","session1",-22.5496696502144,11.6603820253596,4.49882841477225,0.0016861048319937,-0.0831110196362451,0.498545033390468,0.756736335061374,14,1,100,0.128923194576792,-0.0838759804360953,14,3.59419443270727,0,-31.08606,256,0.2,0.2,20,"both",0.128923194576792,-0.0838759804360953
"1342","session1",-22.5496696502144,11.6603820253596,4.49882841477225,0.0016861048319937,-0.0831110196362451,0.498545033390468,0.756736335061374,14,1,100,0.128923194576792,-0.0838759804360953,14,3.15676086323736,1,-13.10058,256,0.2,0.2,20,"both",0.128923194576792,-0.0838759804360953
"1343","session1",-22.5496696502144,11.6603820253596,4.49882841477225,0.0016861048319937,-0.0831110196362451,0.498545033390468,0.756736335061374,14,1,100,0.128923194576792,-0.0838759804360953,14,3.71456235934566,0,-18.70784,256,0.2,0.2,20,"both",0.128923194576792,-0.0838759804360953
"1344","session1",-22.5496696502144,11.6603820253596,4.49882841477225,0.0016861048319937,-0.0831110196362451,0.498545033390468,0.756736335061374,14,1,100,0.128923194576792,-0.0838759804360953,14,3.14255473118636,0,-10.40923,256,0.2,0.2,20,"both",0.128923194576792,-0.0838759804360953
"1345","session1",-22.5496696502144,11.6603820253596,4.49882841477225,0.0016861048319937,-0.0831110196362451,0.498545033390468,0.756736335061374,14,1,100,0.128923194576792,-0.0838759804360953,14,4.38413018144133,1,-10.4294,256,0.2,0.2,20,"both",0.128923194576792,-0.0838759804360953
"1346","session1",-22.5496696502144,11.6603820253596,4.49882841477225,0.0016861048319937,-0.0831110196362451,0.498545033390468,0.756736335061374,14,1,100,0.128923194576792,-0.0838759804360953,14,2.50296353201114,0,-18.57082,256,0.2,0.2,20,"both",0.128923194576792,-0.0838759804360953
"1347","session1",-22.5496696502144,11.6603820253596,4.49882841477225,0.0016861048319937,-0.0831110196362451,0.498545033390468,0.756736335061374,14,1,100,0.128923194576792,-0.0838759804360953,14,2.49002109418876,1,-13.81878,256,0.2,0.2,20,"both",0.128923194576792,-0.0838759804360953
"1348","session1",-22.5496696502144,11.6603820253596,4.49882841477225,0.0016861048319937,-0.0831110196362451,0.498545033390468,0.756736335061374,14,1,100,0.128923194576792,-0.0838759804360953,14,4.49110700518372,0,-27.62625,256,0.2,0.2,20,"both",0.128923194576792,-0.0838759804360953
"1349","session1",-22.5496696502144,11.6603820253596,4.49882841477225,0.0016861048319937,-0.0831110196362451,0.498545033390468,0.756736335061374,14,1,100,0.128923194576792,-0.0838759804360953,14,2.78006700361827,1,-24.93632,256,0.2,0.2,20,"both",0.128923194576792,-0.0838759804360953
"1350","session1",-22.5496696502144,11.6603820253596,4.49882841477225,0.0016861048319937,-0.0831110196362451,0.498545033390468,0.756736335061374,14,1,100,0.128923194576792,-0.0838759804360953,14,2.21769920478745,0,-30.56652,256,0.2,0.2,20,"both",0.128923194576792,-0.0838759804360953
"1351","session1",-22.5496696502144,11.6603820253596,4.49882841477225,0.0016861048319937,-0.0831110196362451,0.498545033390468,0.756736335061374,14,1,100,0.128923194576792,-0.0838759804360953,14,2.91580174592972,0,-16.40665,256,0.2,0.2,20,"both",0.128923194576792,-0.0838759804360953
"1352","session1",-22.5496696502144,11.6603820253596,4.49882841477225,0.0016861048319937,-0.0831110196362451,0.498545033390468,0.756736335061374,14,1,100,0.128923194576792,-0.0838759804360953,14,3.12151259820586,1,-10.27973,256,0.2,0.2,20,"both",0.128923194576792,-0.0838759804360953
"1353","session1",-22.5496696502144,11.6603820253596,4.49882841477225,0.0016861048319937,-0.0831110196362451,0.498545033390468,0.756736335061374,14,1,100,0.128923194576792,-0.0838759804360953,14,3.66997660638629,0,-26.76554,256,0.2,0.2,20,"both",0.128923194576792,-0.0838759804360953
"1354","session1",-22.5496696502144,11.6603820253596,4.49882841477225,0.0016861048319937,-0.0831110196362451,0.498545033390468,0.756736335061374,14,1,100,0.128923194576792,-0.0838759804360953,14,4.60610207264801,1,-30.14333,256,0.2,0.2,20,"both",0.128923194576792,-0.0838759804360953
"1355","session1",-22.5496696502144,11.6603820253596,4.49882841477225,0.0016861048319937,-0.0831110196362451,0.498545033390468,0.756736335061374,14,1,100,0.128923194576792,-0.0838759804360953,14,1.76194148774478,1,-7.8326,256,0.2,0.2,20,"both",0.128923194576792,-0.0838759804360953
"1356","session1",-22.5496696502144,11.6603820253596,4.49882841477225,0.0016861048319937,-0.0831110196362451,0.498545033390468,0.756736335061374,14,1,100,0.128923194576792,-0.0838759804360953,14,1.99329846818028,1,-17.38606,256,0.2,0.2,20,"both",0.128923194576792,-0.0838759804360953
"1357","session1",-22.5496696502144,11.6603820253596,4.49882841477225,0.0016861048319937,-0.0831110196362451,0.498545033390468,0.756736335061374,14,1,100,0.128923194576792,-0.0838759804360953,14,2.27286446145228,1,-16.3967,256,0.2,0.2,20,"both",0.128923194576792,-0.0838759804360953
"1358","session1",-22.5496696502144,11.6603820253596,4.49882841477225,0.0016861048319937,-0.0831110196362451,0.498545033390468,0.756736335061374,14,1,100,0.128923194576792,-0.0838759804360953,14,2.80648708215348,0,-26.81891,256,0.2,0.2,20,"both",0.128923194576792,-0.0838759804360953
"1359","session1",-22.5496696502144,11.6603820253596,4.49882841477225,0.0016861048319937,-0.0831110196362451,0.498545033390468,0.756736335061374,14,1,100,0.128923194576792,-0.0838759804360953,14,7.18360531112609,0,-29.76158,256,0.2,0.2,20,"both",0.128923194576792,-0.0838759804360953
"1360","session1",-22.5496696502144,11.6603820253596,4.49882841477225,0.0016861048319937,-0.0831110196362451,0.498545033390468,0.756736335061374,14,1,100,0.128923194576792,-0.0838759804360953,14,4.766873016318,1,-20.39526,256,0.2,0.2,20,"both",0.128923194576792,-0.0838759804360953
"1361","session1",-22.5496696502144,11.6603820253596,4.49882841477225,0.0016861048319937,-0.0831110196362451,0.498545033390468,0.756736335061374,14,1,100,0.128923194576792,-0.0838759804360953,14,2.06655500040409,1,-9.9102,256,0.2,0.2,20,"both",0.128923194576792,-0.0838759804360953
"1362","session1",-22.5496696502144,11.6603820253596,4.49882841477225,0.0016861048319937,-0.0831110196362451,0.498545033390468,0.756736335061374,14,1,100,0.128923194576792,-0.0838759804360953,14,1.33916653298799,1,-12.10862,256,0.2,0.2,20,"both",0.128923194576792,-0.0838759804360953
"1363","session1",-22.5496696502144,11.6603820253596,4.49882841477225,0.0016861048319937,-0.0831110196362451,0.498545033390468,0.756736335061374,14,1,100,0.128923194576792,-0.0838759804360953,14,4.99801072019399,0,-17.62644,256,0.2,0.2,20,"both",0.128923194576792,-0.0838759804360953
"1364","session1",-22.5496696502144,11.6603820253596,4.49882841477225,0.0016861048319937,-0.0831110196362451,0.498545033390468,0.756736335061374,14,1,100,0.128923194576792,-0.0838759804360953,14,1.78973961765516,1,-8.5568,256,0.2,0.2,20,"both",0.128923194576792,-0.0838759804360953
"1365","session1",-22.5496696502144,11.6603820253596,4.49882841477225,0.0016861048319937,-0.0831110196362451,0.498545033390468,0.756736335061374,14,1,100,0.128923194576792,-0.0838759804360953,14,2.11257276082609,1,-8.7231,256,0.2,0.2,20,"both",0.128923194576792,-0.0838759804360953
"1366","session1",-22.5496696502144,11.6603820253596,4.49882841477225,0.0016861048319937,-0.0831110196362451,0.498545033390468,0.756736335061374,14,1,100,0.128923194576792,-0.0838759804360953,14,1.95228889141593,0,-13.62103,256,0.2,0.2,20,"both",0.128923194576792,-0.0838759804360953
"1367","session1",-22.5496696502144,11.6603820253596,4.49882841477225,0.0016861048319937,-0.0831110196362451,0.498545033390468,0.756736335061374,14,1,100,0.128923194576792,-0.0838759804360953,14,3.26812327814866,1,-18.91618,256,0.2,0.2,20,"both",0.128923194576792,-0.0838759804360953
"1368","session1",-22.5496696502144,11.6603820253596,4.49882841477225,0.0016861048319937,-0.0831110196362451,0.498545033390468,0.756736335061374,14,1,100,0.128923194576792,-0.0838759804360953,14,2.77113896086634,1,-14.72042,256,0.2,0.2,20,"both",0.128923194576792,-0.0838759804360953
"1369","session1",-22.5496696502144,11.6603820253596,4.49882841477225,0.0016861048319937,-0.0831110196362451,0.498545033390468,0.756736335061374,14,1,100,0.128923194576792,-0.0838759804360953,14,2.83965064903039,1,-12.08962,256,0.2,0.2,20,"both",0.128923194576792,-0.0838759804360953
"1370","session1",-22.5496696502144,11.6603820253596,4.49882841477225,0.0016861048319937,-0.0831110196362451,0.498545033390468,0.756736335061374,14,1,100,0.128923194576792,-0.0838759804360953,14,2.52948489157862,1,-27.7794,256,0.2,0.2,20,"both",0.128923194576792,-0.0838759804360953
"1371","session1",-22.5496696502144,11.6603820253596,4.49882841477225,0.0016861048319937,-0.0831110196362451,0.498545033390468,0.756736335061374,14,1,100,0.128923194576792,-0.0838759804360953,14,3.38823655975768,1,-13.68934,256,0.2,0.2,20,"both",0.128923194576792,-0.0838759804360953
"1372","session1",-22.5496696502144,11.6603820253596,4.49882841477225,0.0016861048319937,-0.0831110196362451,0.498545033390468,0.756736335061374,14,1,100,0.128923194576792,-0.0838759804360953,14,1.56335521115939,0,-31.11579,256,0.2,0.2,20,"both",0.128923194576792,-0.0838759804360953
"1373","session1",-22.5496696502144,11.6603820253596,4.49882841477225,0.0016861048319937,-0.0831110196362451,0.498545033390468,0.756736335061374,14,1,100,0.128923194576792,-0.0838759804360953,14,3.77392772465613,1,-15.64798,256,0.2,0.2,20,"both",0.128923194576792,-0.0838759804360953
"1374","session1",-22.5496696502144,11.6603820253596,4.49882841477225,0.0016861048319937,-0.0831110196362451,0.498545033390468,0.756736335061374,14,1,100,0.128923194576792,-0.0838759804360953,14,3.58220068240814,1,-17.10835,256,0.2,0.2,20,"both",0.128923194576792,-0.0838759804360953
"1375","session1",-22.5496696502144,11.6603820253596,4.49882841477225,0.0016861048319937,-0.0831110196362451,0.498545033390468,0.756736335061374,14,1,100,0.128923194576792,-0.0838759804360953,14,4.19839248426708,1,-31.32265,256,0.2,0.2,20,"both",0.128923194576792,-0.0838759804360953
"1376","session1",-22.5496696502144,11.6603820253596,4.49882841477225,0.0016861048319937,-0.0831110196362451,0.498545033390468,0.756736335061374,14,1,100,0.128923194576792,-0.0838759804360953,14,2.19215194641787,1,-13.5307,256,0.2,0.2,20,"both",0.128923194576792,-0.0838759804360953
"1377","session1",-22.5496696502144,11.6603820253596,4.49882841477225,0.0016861048319937,-0.0831110196362451,0.498545033390468,0.756736335061374,14,1,100,0.128923194576792,-0.0838759804360953,14,4.61382504869101,0,-16.09404,256,0.2,0.2,20,"both",0.128923194576792,-0.0838759804360953
"1378","session1",-22.5496696502144,11.6603820253596,4.49882841477225,0.0016861048319937,-0.0831110196362451,0.498545033390468,0.756736335061374,14,1,100,0.128923194576792,-0.0838759804360953,14,3.15227165914105,1,-15.16972,256,0.2,0.2,20,"both",0.128923194576792,-0.0838759804360953
"1379","session1",-22.5496696502144,11.6603820253596,4.49882841477225,0.0016861048319937,-0.0831110196362451,0.498545033390468,0.756736335061374,14,1,100,0.128923194576792,-0.0838759804360953,14,3.15501649503378,0,-27.87606,256,0.2,0.2,20,"both",0.128923194576792,-0.0838759804360953
"1380","session1",-22.5496696502144,11.6603820253596,4.49882841477225,0.0016861048319937,-0.0831110196362451,0.498545033390468,0.756736335061374,14,1,100,0.128923194576792,-0.0838759804360953,14,2.19935177984648,0,-32.6039,256,0.2,0.2,20,"both",0.128923194576792,-0.0838759804360953
"1381","session1",-22.5496696502144,11.6603820253596,4.49882841477225,0.0016861048319937,-0.0831110196362451,0.498545033390468,0.756736335061374,14,1,100,0.128923194576792,-0.0838759804360953,14,2.47786781365707,0,-31.64298,256,0.2,0.2,20,"both",0.128923194576792,-0.0838759804360953
"1382","session1",-22.5496696502144,11.6603820253596,4.49882841477225,0.0016861048319937,-0.0831110196362451,0.498545033390468,0.756736335061374,14,1,100,0.128923194576792,-0.0838759804360953,14,1.54160571253467,1,-10.2213,256,0.2,0.2,20,"both",0.128923194576792,-0.0838759804360953
"1383","session1",-22.5496696502144,11.6603820253596,4.49882841477225,0.0016861048319937,-0.0831110196362451,0.498545033390468,0.756736335061374,14,1,100,0.128923194576792,-0.0838759804360953,14,1.48311789104167,0,-27.28133,256,0.2,0.2,20,"both",0.128923194576792,-0.0838759804360953
"1384","session1",-22.5496696502144,11.6603820253596,4.49882841477225,0.0016861048319937,-0.0831110196362451,0.498545033390468,0.756736335061374,14,1,100,0.128923194576792,-0.0838759804360953,14,2.99398721135306,0,-26.10881,256,0.2,0.2,20,"both",0.128923194576792,-0.0838759804360953
"1385","session1",-22.5496696502144,11.6603820253596,4.49882841477225,0.0016861048319937,-0.0831110196362451,0.498545033390468,0.756736335061374,14,1,100,0.128923194576792,-0.0838759804360953,14,2.3428024984891,1,-11.54905,256,0.2,0.2,20,"both",0.128923194576792,-0.0838759804360953
"1386","session1",-22.5496696502144,11.6603820253596,4.49882841477225,0.0016861048319937,-0.0831110196362451,0.498545033390468,0.756736335061374,14,1,100,0.128923194576792,-0.0838759804360953,14,3.38804369330731,1,-17.53637,256,0.2,0.2,20,"both",0.128923194576792,-0.0838759804360953
"1387","session1",-22.5496696502144,11.6603820253596,4.49882841477225,0.0016861048319937,-0.0831110196362451,0.498545033390468,0.756736335061374,14,1,100,0.128923194576792,-0.0838759804360953,14,6.0347578985542,1,-16.16572,256,0.2,0.2,20,"both",0.128923194576792,-0.0838759804360953
"1388","session1",-22.5496696502144,11.6603820253596,4.49882841477225,0.0016861048319937,-0.0831110196362451,0.498545033390468,0.756736335061374,14,1,100,0.128923194576792,-0.0838759804360953,14,1.57315475323163,0,-14.85237,256,0.2,0.2,20,"both",0.128923194576792,-0.0838759804360953
"1389","session1",-22.5496696502144,11.6603820253596,4.49882841477225,0.0016861048319937,-0.0831110196362451,0.498545033390468,0.756736335061374,14,1,100,0.128923194576792,-0.0838759804360953,14,1.48899962861219,1,-11.80012,256,0.2,0.2,20,"both",0.128923194576792,-0.0838759804360953
"1390","session1",-22.5496696502144,11.6603820253596,4.49882841477225,0.0016861048319937,-0.0831110196362451,0.498545033390468,0.756736335061374,14,1,100,0.128923194576792,-0.0838759804360953,14,3.25140835628551,1,-15.63995,256,0.2,0.2,20,"both",0.128923194576792,-0.0838759804360953
"1391","session1",-22.5496696502144,11.6603820253596,4.49882841477225,0.0016861048319937,-0.0831110196362451,0.498545033390468,0.756736335061374,14,1,100,0.128923194576792,-0.0838759804360953,14,1.2900016437927,1,-10.5552,256,0.2,0.2,20,"both",0.128923194576792,-0.0838759804360953
"1392","session1",-22.5496696502144,11.6603820253596,4.49882841477225,0.0016861048319937,-0.0831110196362451,0.498545033390468,0.756736335061374,14,1,100,0.128923194576792,-0.0838759804360953,14,2.51383535969633,1,-14.46347,256,0.2,0.2,20,"both",0.128923194576792,-0.0838759804360953
"1393","session1",-22.5496696502144,11.6603820253596,4.49882841477225,0.0016861048319937,-0.0831110196362451,0.498545033390468,0.756736335061374,14,1,100,0.128923194576792,-0.0838759804360953,14,2.257673763274,1,-31.78059,256,0.2,0.2,20,"both",0.128923194576792,-0.0838759804360953
"1394","session1",-22.5496696502144,11.6603820253596,4.49882841477225,0.0016861048319937,-0.0831110196362451,0.498545033390468,0.756736335061374,14,1,100,0.128923194576792,-0.0838759804360953,14,4.92999881399046,1,-28.0534,256,0.2,0.2,20,"both",0.128923194576792,-0.0838759804360953
"1395","session1",-22.5496696502144,11.6603820253596,4.49882841477225,0.0016861048319937,-0.0831110196362451,0.498545033390468,0.756736335061374,14,1,100,0.128923194576792,-0.0838759804360953,14,2.22466499341489,0,-33.9268,256,0.2,0.2,20,"both",0.128923194576792,-0.0838759804360953
"1396","session1",-22.5496696502144,11.6603820253596,4.49882841477225,0.0016861048319937,-0.0831110196362451,0.498545033390468,0.756736335061374,14,1,100,0.128923194576792,-0.0838759804360953,14,3.09165343235282,0,-33.0045,256,0.2,0.2,20,"both",0.128923194576792,-0.0838759804360953
"1397","session1",-22.5496696502144,11.6603820253596,4.49882841477225,0.0016861048319937,-0.0831110196362451,0.498545033390468,0.756736335061374,14,1,100,0.128923194576792,-0.0838759804360953,14,1.81009024312546,0,-31.94697,256,0.2,0.2,20,"both",0.128923194576792,-0.0838759804360953
"1398","session1",-22.5496696502144,11.6603820253596,4.49882841477225,0.0016861048319937,-0.0831110196362451,0.498545033390468,0.756736335061374,14,1,100,0.128923194576792,-0.0838759804360953,14,3.15306372929869,1,-12.49112,256,0.2,0.2,20,"both",0.128923194576792,-0.0838759804360953
"1399","session1",-22.5496696502144,11.6603820253596,4.49882841477225,0.0016861048319937,-0.0831110196362451,0.498545033390468,0.756736335061374,14,1,100,0.128923194576792,-0.0838759804360953,14,1.57955165214171,0,-39.1568,256,0.2,0.2,20,"both",0.128923194576792,-0.0838759804360953
"1400","session1",-22.5496696502144,11.6603820253596,4.49882841477225,0.0016861048319937,-0.0831110196362451,0.498545033390468,0.756736335061374,14,1,100,0.128923194576792,-0.0838759804360953,14,2.95194776815306,1,-28.40964,256,0.2,0.2,20,"both",0.128923194576792,-0.0838759804360953
"1401","session1",-21.4029173507768,13.6565495705286,3.8379209235923,7.33794708904672e-05,-0.00398002454352761,0.559053091236567,0.442403077069271,15,1,100,0.128923194576792,-0.0838759804360953,15,4.71266397534072,1,-7.5950821598,256,0.2,0.2,20,"both",0.128923194576792,-0.0838759804360953
"1402","session1",-21.4029173507768,13.6565495705286,3.8379209235923,7.33794708904672e-05,-0.00398002454352761,0.559053091236567,0.442403077069271,15,1,100,0.128923194576792,-0.0838759804360953,15,1.69713436654446,1,-11.56646298876,256,0.2,0.2,20,"both",0.128923194576792,-0.0838759804360953
"1403","session1",-21.4029173507768,13.6565495705286,3.8379209235923,7.33794708904672e-05,-0.00398002454352761,0.559053091236567,0.442403077069271,15,1,100,0.128923194576792,-0.0838759804360953,15,4.19514699712113,1,-16.6358391981,256,0.2,0.2,20,"both",0.128923194576792,-0.0838759804360953
"1404","session1",-21.4029173507768,13.6565495705286,3.8379209235923,7.33794708904672e-05,-0.00398002454352761,0.559053091236567,0.442403077069271,15,1,100,0.128923194576792,-0.0838759804360953,15,4.13676817372632,1,-23.531882051,256,0.2,0.2,20,"both",0.128923194576792,-0.0838759804360953
"1405","session1",-21.4029173507768,13.6565495705286,3.8379209235923,7.33794708904672e-05,-0.00398002454352761,0.559053091236567,0.442403077069271,15,1,100,0.128923194576792,-0.0838759804360953,15,8,0,-29.51198906,256,0.2,0.2,20,"both",0.128923194576792,-0.0838759804360953
"1406","session1",-21.4029173507768,13.6565495705286,3.8379209235923,7.33794708904672e-05,-0.00398002454352761,0.559053091236567,0.442403077069271,15,1,100,0.128923194576792,-0.0838759804360953,15,2.99191620195905,1,-8.3945,256,0.2,0.2,20,"both",0.128923194576792,-0.0838759804360953
"1407","session1",-21.4029173507768,13.6565495705286,3.8379209235923,7.33794708904672e-05,-0.00398002454352761,0.559053091236567,0.442403077069271,15,1,100,0.128923194576792,-0.0838759804360953,15,1.8808312989916,0,-34.1672,256,0.2,0.2,20,"both",0.128923194576792,-0.0838759804360953
"1408","session1",-21.4029173507768,13.6565495705286,3.8379209235923,7.33794708904672e-05,-0.00398002454352761,0.559053091236567,0.442403077069271,15,1,100,0.128923194576792,-0.0838759804360953,15,2.40635413233599,1,17.8352,256,0.2,0.2,20,"both",0.128923194576792,-0.0838759804360953
"1409","session1",-21.4029173507768,13.6565495705286,3.8379209235923,7.33794708904672e-05,-0.00398002454352761,0.559053091236567,0.442403077069271,15,1,100,0.128923194576792,-0.0838759804360953,15,2.39096348208716,0,-37.5878,256,0.2,0.2,20,"both",0.128923194576792,-0.0838759804360953
"1410","session1",-21.4029173507768,13.6565495705286,3.8379209235923,7.33794708904672e-05,-0.00398002454352761,0.559053091236567,0.442403077069271,15,1,100,0.128923194576792,-0.0838759804360953,15,2.59533493596717,0,-20.41096,256,0.2,0.2,20,"both",0.128923194576792,-0.0838759804360953
"1411","session1",-21.4029173507768,13.6565495705286,3.8379209235923,7.33794708904672e-05,-0.00398002454352761,0.559053091236567,0.442403077069271,15,1,100,0.128923194576792,-0.0838759804360953,15,3.10339750402619,0,-41.9552,256,0.2,0.2,20,"both",0.128923194576792,-0.0838759804360953
"1412","session1",-21.4029173507768,13.6565495705286,3.8379209235923,7.33794708904672e-05,-0.00398002454352761,0.559053091236567,0.442403077069271,15,1,100,0.128923194576792,-0.0838759804360953,15,2.08942951371557,0,-23.48765,256,0.2,0.2,20,"both",0.128923194576792,-0.0838759804360953
"1413","session1",-21.4029173507768,13.6565495705286,3.8379209235923,7.33794708904672e-05,-0.00398002454352761,0.559053091236567,0.442403077069271,15,1,100,0.128923194576792,-0.0838759804360953,15,2.02558138447538,1,-9.88656,256,0.2,0.2,20,"both",0.128923194576792,-0.0838759804360953
"1414","session1",-21.4029173507768,13.6565495705286,3.8379209235923,7.33794708904672e-05,-0.00398002454352761,0.559053091236567,0.442403077069271,15,1,100,0.128923194576792,-0.0838759804360953,15,3.99022745589058,1,-16.75521,256,0.2,0.2,20,"both",0.128923194576792,-0.0838759804360953
"1415","session1",-21.4029173507768,13.6565495705286,3.8379209235923,7.33794708904672e-05,-0.00398002454352761,0.559053091236567,0.442403077069271,15,1,100,0.128923194576792,-0.0838759804360953,15,2.81568166158626,1,-18.09289,256,0.2,0.2,20,"both",0.128923194576792,-0.0838759804360953
"1416","session1",-21.4029173507768,13.6565495705286,3.8379209235923,7.33794708904672e-05,-0.00398002454352761,0.559053091236567,0.442403077069271,15,1,100,0.128923194576792,-0.0838759804360953,15,2.22337710829811,1,-14.86968,256,0.2,0.2,20,"both",0.128923194576792,-0.0838759804360953
"1417","session1",-21.4029173507768,13.6565495705286,3.8379209235923,7.33794708904672e-05,-0.00398002454352761,0.559053091236567,0.442403077069271,15,1,100,0.128923194576792,-0.0838759804360953,15,2.43397934569649,0,-25.8728,256,0.2,0.2,20,"both",0.128923194576792,-0.0838759804360953
"1418","session1",-21.4029173507768,13.6565495705286,3.8379209235923,7.33794708904672e-05,-0.00398002454352761,0.559053091236567,0.442403077069271,15,1,100,0.128923194576792,-0.0838759804360953,15,2.03601055184841,0,-28.71663,256,0.2,0.2,20,"both",0.128923194576792,-0.0838759804360953
"1419","session1",-21.4029173507768,13.6565495705286,3.8379209235923,7.33794708904672e-05,-0.00398002454352761,0.559053091236567,0.442403077069271,15,1,100,0.128923194576792,-0.0838759804360953,15,2.37183188305499,0,-21.03282,256,0.2,0.2,20,"both",0.128923194576792,-0.0838759804360953
"1420","session1",-21.4029173507768,13.6565495705286,3.8379209235923,7.33794708904672e-05,-0.00398002454352761,0.559053091236567,0.442403077069271,15,1,100,0.128923194576792,-0.0838759804360953,15,0.870513862995314,1,-8.0646,256,0.2,0.2,20,"both",0.128923194576792,-0.0838759804360953
"1421","session1",-21.4029173507768,13.6565495705286,3.8379209235923,7.33794708904672e-05,-0.00398002454352761,0.559053091236567,0.442403077069271,15,1,100,0.128923194576792,-0.0838759804360953,15,1.74532556395582,1,-23.63825,256,0.2,0.2,20,"both",0.128923194576792,-0.0838759804360953
"1422","session1",-21.4029173507768,13.6565495705286,3.8379209235923,7.33794708904672e-05,-0.00398002454352761,0.559053091236567,0.442403077069271,15,1,100,0.128923194576792,-0.0838759804360953,15,1.37694235114731,0,-26.0926,256,0.2,0.2,20,"both",0.128923194576792,-0.0838759804360953
"1423","session1",-21.4029173507768,13.6565495705286,3.8379209235923,7.33794708904672e-05,-0.00398002454352761,0.559053091236567,0.442403077069271,15,1,100,0.128923194576792,-0.0838759804360953,15,1.70057587021985,0,-11.1073,256,0.2,0.2,20,"both",0.128923194576792,-0.0838759804360953
"1424","session1",-21.4029173507768,13.6565495705286,3.8379209235923,7.33794708904672e-05,-0.00398002454352761,0.559053091236567,0.442403077069271,15,1,100,0.128923194576792,-0.0838759804360953,15,2.59271665357165,0,-33.2678,256,0.2,0.2,20,"both",0.128923194576792,-0.0838759804360953
"1425","session1",-21.4029173507768,13.6565495705286,3.8379209235923,7.33794708904672e-05,-0.00398002454352761,0.559053091236567,0.442403077069271,15,1,100,0.128923194576792,-0.0838759804360953,15,2.61867283189278,0,-11.3882,256,0.2,0.2,20,"both",0.128923194576792,-0.0838759804360953
"1426","session1",-21.4029173507768,13.6565495705286,3.8379209235923,7.33794708904672e-05,-0.00398002454352761,0.559053091236567,0.442403077069271,15,1,100,0.128923194576792,-0.0838759804360953,15,2.75470025392131,1,-17.05089,256,0.2,0.2,20,"both",0.128923194576792,-0.0838759804360953
"1427","session1",-21.4029173507768,13.6565495705286,3.8379209235923,7.33794708904672e-05,-0.00398002454352761,0.559053091236567,0.442403077069271,15,1,100,0.128923194576792,-0.0838759804360953,15,1.38826196982469,1,-15.49019,256,0.2,0.2,20,"both",0.128923194576792,-0.0838759804360953
"1428","session1",-21.4029173507768,13.6565495705286,3.8379209235923,7.33794708904672e-05,-0.00398002454352761,0.559053091236567,0.442403077069271,15,1,100,0.128923194576792,-0.0838759804360953,15,2.33734181544907,0,-11.99569,256,0.2,0.2,20,"both",0.128923194576792,-0.0838759804360953
"1429","session1",-21.4029173507768,13.6565495705286,3.8379209235923,7.33794708904672e-05,-0.00398002454352761,0.559053091236567,0.442403077069271,15,1,100,0.128923194576792,-0.0838759804360953,15,3.39245703047204,0,-32.4754,256,0.2,0.2,20,"both",0.128923194576792,-0.0838759804360953
"1430","session1",-21.4029173507768,13.6565495705286,3.8379209235923,7.33794708904672e-05,-0.00398002454352761,0.559053091236567,0.442403077069271,15,1,100,0.128923194576792,-0.0838759804360953,15,1.49947745423988,1,-8.70859,256,0.2,0.2,20,"both",0.128923194576792,-0.0838759804360953
"1431","session1",-21.4029173507768,13.6565495705286,3.8379209235923,7.33794708904672e-05,-0.00398002454352761,0.559053091236567,0.442403077069271,15,1,100,0.128923194576792,-0.0838759804360953,15,2.48192810978844,1,-6.347,256,0.2,0.2,20,"both",0.128923194576792,-0.0838759804360953
"1432","session1",-21.4029173507768,13.6565495705286,3.8379209235923,7.33794708904672e-05,-0.00398002454352761,0.559053091236567,0.442403077069271,15,1,100,0.128923194576792,-0.0838759804360953,15,3.54077317636504,1,-11.42154,256,0.2,0.2,20,"both",0.128923194576792,-0.0838759804360953
"1433","session1",-21.4029173507768,13.6565495705286,3.8379209235923,7.33794708904672e-05,-0.00398002454352761,0.559053091236567,0.442403077069271,15,1,100,0.128923194576792,-0.0838759804360953,15,2.960664104259,0,-27.5351,256,0.2,0.2,20,"both",0.128923194576792,-0.0838759804360953
"1434","session1",-21.4029173507768,13.6565495705286,3.8379209235923,7.33794708904672e-05,-0.00398002454352761,0.559053091236567,0.442403077069271,15,1,100,0.128923194576792,-0.0838759804360953,15,5.31663870306584,1,-16.09067,256,0.2,0.2,20,"both",0.128923194576792,-0.0838759804360953
"1435","session1",-21.4029173507768,13.6565495705286,3.8379209235923,7.33794708904672e-05,-0.00398002454352761,0.559053091236567,0.442403077069271,15,1,100,0.128923194576792,-0.0838759804360953,15,1.49681432790766,1,-16.11336,256,0.2,0.2,20,"both",0.128923194576792,-0.0838759804360953
"1436","session1",-21.4029173507768,13.6565495705286,3.8379209235923,7.33794708904672e-05,-0.00398002454352761,0.559053091236567,0.442403077069271,15,1,100,0.128923194576792,-0.0838759804360953,15,4.11439327423029,0,-26.81695,256,0.2,0.2,20,"both",0.128923194576792,-0.0838759804360953
"1437","session1",-21.4029173507768,13.6565495705286,3.8379209235923,7.33794708904672e-05,-0.00398002454352761,0.559053091236567,0.442403077069271,15,1,100,0.128923194576792,-0.0838759804360953,15,0.904083740185474,1,1.937,256,0.2,0.2,20,"both",0.128923194576792,-0.0838759804360953
"1438","session1",-21.4029173507768,13.6565495705286,3.8379209235923,7.33794708904672e-05,-0.00398002454352761,0.559053091236567,0.442403077069271,15,1,100,0.128923194576792,-0.0838759804360953,15,2.74195983132714,1,-11.85764,256,0.2,0.2,20,"both",0.128923194576792,-0.0838759804360953
"1439","session1",-21.4029173507768,13.6565495705286,3.8379209235923,7.33794708904672e-05,-0.00398002454352761,0.559053091236567,0.442403077069271,15,1,100,0.128923194576792,-0.0838759804360953,15,2.07438874807082,0,-19.9201,256,0.2,0.2,20,"both",0.128923194576792,-0.0838759804360953
"1440","session1",-21.4029173507768,13.6565495705286,3.8379209235923,7.33794708904672e-05,-0.00398002454352761,0.559053091236567,0.442403077069271,15,1,100,0.128923194576792,-0.0838759804360953,15,1.38059784881375,1,-13.91848,256,0.2,0.2,20,"both",0.128923194576792,-0.0838759804360953
"1441","session1",-21.4029173507768,13.6565495705286,3.8379209235923,7.33794708904672e-05,-0.00398002454352761,0.559053091236567,0.442403077069271,15,1,100,0.128923194576792,-0.0838759804360953,15,2.76748268321574,1,-25.89928,256,0.2,0.2,20,"both",0.128923194576792,-0.0838759804360953
"1442","session1",-21.4029173507768,13.6565495705286,3.8379209235923,7.33794708904672e-05,-0.00398002454352761,0.559053091236567,0.442403077069271,15,1,100,0.128923194576792,-0.0838759804360953,15,1.4778337261431,1,-1.1142,256,0.2,0.2,20,"both",0.128923194576792,-0.0838759804360953
"1443","session1",-21.4029173507768,13.6565495705286,3.8379209235923,7.33794708904672e-05,-0.00398002454352761,0.559053091236567,0.442403077069271,15,1,100,0.128923194576792,-0.0838759804360953,15,1.62081073822541,1,-22.24618,256,0.2,0.2,20,"both",0.128923194576792,-0.0838759804360953
"1444","session1",-21.4029173507768,13.6565495705286,3.8379209235923,7.33794708904672e-05,-0.00398002454352761,0.559053091236567,0.442403077069271,15,1,100,0.128923194576792,-0.0838759804360953,15,2.42911430615101,0,-25.76644,256,0.2,0.2,20,"both",0.128923194576792,-0.0838759804360953
"1445","session1",-21.4029173507768,13.6565495705286,3.8379209235923,7.33794708904672e-05,-0.00398002454352761,0.559053091236567,0.442403077069271,15,1,100,0.128923194576792,-0.0838759804360953,15,5.94106550751794,1,-28.19129,256,0.2,0.2,20,"both",0.128923194576792,-0.0838759804360953
"1446","session1",-21.4029173507768,13.6565495705286,3.8379209235923,7.33794708904672e-05,-0.00398002454352761,0.559053091236567,0.442403077069271,15,1,100,0.128923194576792,-0.0838759804360953,15,2.17803264406139,0,-33.2367,256,0.2,0.2,20,"both",0.128923194576792,-0.0838759804360953
"1447","session1",-21.4029173507768,13.6565495705286,3.8379209235923,7.33794708904672e-05,-0.00398002454352761,0.559053091236567,0.442403077069271,15,1,100,0.128923194576792,-0.0838759804360953,15,3.60494854183783,0,-25.39599,256,0.2,0.2,20,"both",0.128923194576792,-0.0838759804360953
"1448","session1",-21.4029173507768,13.6565495705286,3.8379209235923,7.33794708904672e-05,-0.00398002454352761,0.559053091236567,0.442403077069271,15,1,100,0.128923194576792,-0.0838759804360953,15,2.13566078557808,0,-32.853,256,0.2,0.2,20,"both",0.128923194576792,-0.0838759804360953
"1449","session1",-21.4029173507768,13.6565495705286,3.8379209235923,7.33794708904672e-05,-0.00398002454352761,0.559053091236567,0.442403077069271,15,1,100,0.128923194576792,-0.0838759804360953,15,4.73421602467606,1,-17.65492,256,0.2,0.2,20,"both",0.128923194576792,-0.0838759804360953
"1450","session1",-21.4029173507768,13.6565495705286,3.8379209235923,7.33794708904672e-05,-0.00398002454352761,0.559053091236567,0.442403077069271,15,1,100,0.128923194576792,-0.0838759804360953,15,2.25724842031522,0,-26.48903,256,0.2,0.2,20,"both",0.128923194576792,-0.0838759804360953
"1451","session1",-21.4029173507768,13.6565495705286,3.8379209235923,7.33794708904672e-05,-0.00398002454352761,0.559053091236567,0.442403077069271,15,1,100,0.128923194576792,-0.0838759804360953,15,3.24546040529489,0,-25.70145,256,0.2,0.2,20,"both",0.128923194576792,-0.0838759804360953
"1452","session1",-21.4029173507768,13.6565495705286,3.8379209235923,7.33794708904672e-05,-0.00398002454352761,0.559053091236567,0.442403077069271,15,1,100,0.128923194576792,-0.0838759804360953,15,2.7477696066742,0,-24.70193,256,0.2,0.2,20,"both",0.128923194576792,-0.0838759804360953
"1453","session1",-21.4029173507768,13.6565495705286,3.8379209235923,7.33794708904672e-05,-0.00398002454352761,0.559053091236567,0.442403077069271,15,1,100,0.128923194576792,-0.0838759804360953,15,1.7561211632291,0,-32.027,256,0.2,0.2,20,"both",0.128923194576792,-0.0838759804360953
"1454","session1",-21.4029173507768,13.6565495705286,3.8379209235923,7.33794708904672e-05,-0.00398002454352761,0.559053091236567,0.442403077069271,15,1,100,0.128923194576792,-0.0838759804360953,15,1.47509526960857,0,-12.85855,256,0.2,0.2,20,"both",0.128923194576792,-0.0838759804360953
"1455","session1",-21.4029173507768,13.6565495705286,3.8379209235923,7.33794708904672e-05,-0.00398002454352761,0.559053091236567,0.442403077069271,15,1,100,0.128923194576792,-0.0838759804360953,15,3.45087905087271,1,-24.58807,256,0.2,0.2,20,"both",0.128923194576792,-0.0838759804360953
"1456","session1",-21.4029173507768,13.6565495705286,3.8379209235923,7.33794708904672e-05,-0.00398002454352761,0.559053091236567,0.442403077069271,15,1,100,0.128923194576792,-0.0838759804360953,15,3.21360018620273,0,-16.84327,256,0.2,0.2,20,"both",0.128923194576792,-0.0838759804360953
"1457","session1",-21.4029173507768,13.6565495705286,3.8379209235923,7.33794708904672e-05,-0.00398002454352761,0.559053091236567,0.442403077069271,15,1,100,0.128923194576792,-0.0838759804360953,15,1.65213093101247,1,-3.9101,256,0.2,0.2,20,"both",0.128923194576792,-0.0838759804360953
"1458","session1",-21.4029173507768,13.6565495705286,3.8379209235923,7.33794708904672e-05,-0.00398002454352761,0.559053091236567,0.442403077069271,15,1,100,0.128923194576792,-0.0838759804360953,15,2.08489161317033,0,-30.515,256,0.2,0.2,20,"both",0.128923194576792,-0.0838759804360953
"1459","session1",-21.4029173507768,13.6565495705286,3.8379209235923,7.33794708904672e-05,-0.00398002454352761,0.559053091236567,0.442403077069271,15,1,100,0.128923194576792,-0.0838759804360953,15,2.04625399243617,1,-13.33017,256,0.2,0.2,20,"both",0.128923194576792,-0.0838759804360953
"1460","session1",-21.4029173507768,13.6565495705286,3.8379209235923,7.33794708904672e-05,-0.00398002454352761,0.559053091236567,0.442403077069271,15,1,100,0.128923194576792,-0.0838759804360953,15,2.85645182495581,0,-30.12087,256,0.2,0.2,20,"both",0.128923194576792,-0.0838759804360953
"1461","session1",-21.4029173507768,13.6565495705286,3.8379209235923,7.33794708904672e-05,-0.00398002454352761,0.559053091236567,0.442403077069271,15,1,100,0.128923194576792,-0.0838759804360953,15,1.68820570543274,1,-12.95819,256,0.2,0.2,20,"both",0.128923194576792,-0.0838759804360953
"1462","session1",-21.4029173507768,13.6565495705286,3.8379209235923,7.33794708904672e-05,-0.00398002454352761,0.559053091236567,0.442403077069271,15,1,100,0.128923194576792,-0.0838759804360953,15,2.15286154357317,0,-27.10969,256,0.2,0.2,20,"both",0.128923194576792,-0.0838759804360953
"1463","session1",-21.4029173507768,13.6565495705286,3.8379209235923,7.33794708904672e-05,-0.00398002454352761,0.559053091236567,0.442403077069271,15,1,100,0.128923194576792,-0.0838759804360953,15,1.62284587462848,1,-39.553,256,0.2,0.2,20,"both",0.128923194576792,-0.0838759804360953
"1464","session1",-21.4029173507768,13.6565495705286,3.8379209235923,7.33794708904672e-05,-0.00398002454352761,0.559053091236567,0.442403077069271,15,1,100,0.128923194576792,-0.0838759804360953,15,1.65720023972263,0,-28.86188,256,0.2,0.2,20,"both",0.128923194576792,-0.0838759804360953
"1465","session1",-21.4029173507768,13.6565495705286,3.8379209235923,7.33794708904672e-05,-0.00398002454352761,0.559053091236567,0.442403077069271,15,1,100,0.128923194576792,-0.0838759804360953,15,3.87567651281023,0,-14.98634,256,0.2,0.2,20,"both",0.128923194576792,-0.0838759804360953
"1466","session1",-21.4029173507768,13.6565495705286,3.8379209235923,7.33794708904672e-05,-0.00398002454352761,0.559053091236567,0.442403077069271,15,1,100,0.128923194576792,-0.0838759804360953,15,3.6555061731885,1,-29.17471,256,0.2,0.2,20,"both",0.128923194576792,-0.0838759804360953
"1467","session1",-21.4029173507768,13.6565495705286,3.8379209235923,7.33794708904672e-05,-0.00398002454352761,0.559053091236567,0.442403077069271,15,1,100,0.128923194576792,-0.0838759804360953,15,3.89586183834564,1,-10.08519,256,0.2,0.2,20,"both",0.128923194576792,-0.0838759804360953
"1468","session1",-21.4029173507768,13.6565495705286,3.8379209235923,7.33794708904672e-05,-0.00398002454352761,0.559053091236567,0.442403077069271,15,1,100,0.128923194576792,-0.0838759804360953,15,2.91472644878195,0,-32.7175,256,0.2,0.2,20,"both",0.128923194576792,-0.0838759804360953
"1469","session1",-21.4029173507768,13.6565495705286,3.8379209235923,7.33794708904672e-05,-0.00398002454352761,0.559053091236567,0.442403077069271,15,1,100,0.128923194576792,-0.0838759804360953,15,8,0,-27.89978,256,0.2,0.2,20,"both",0.128923194576792,-0.0838759804360953
"1470","session1",-21.4029173507768,13.6565495705286,3.8379209235923,7.33794708904672e-05,-0.00398002454352761,0.559053091236567,0.442403077069271,15,1,100,0.128923194576792,-0.0838759804360953,15,1.35746562340769,0,-35.4135,256,0.2,0.2,20,"both",0.128923194576792,-0.0838759804360953
"1471","session1",-21.4029173507768,13.6565495705286,3.8379209235923,7.33794708904672e-05,-0.00398002454352761,0.559053091236567,0.442403077069271,15,1,100,0.128923194576792,-0.0838759804360953,15,3.25093051321963,1,-7.1952,256,0.2,0.2,20,"both",0.128923194576792,-0.0838759804360953
"1472","session1",-21.4029173507768,13.6565495705286,3.8379209235923,7.33794708904672e-05,-0.00398002454352761,0.559053091236567,0.442403077069271,15,1,100,0.128923194576792,-0.0838759804360953,15,1.60716060198419,1,-9.91034,256,0.2,0.2,20,"both",0.128923194576792,-0.0838759804360953
"1473","session1",-21.4029173507768,13.6565495705286,3.8379209235923,7.33794708904672e-05,-0.00398002454352761,0.559053091236567,0.442403077069271,15,1,100,0.128923194576792,-0.0838759804360953,15,1.86338134781716,0,-29.66474,256,0.2,0.2,20,"both",0.128923194576792,-0.0838759804360953
"1474","session1",-21.4029173507768,13.6565495705286,3.8379209235923,7.33794708904672e-05,-0.00398002454352761,0.559053091236567,0.442403077069271,15,1,100,0.128923194576792,-0.0838759804360953,15,3.58801879168249,1,-25.47612,256,0.2,0.2,20,"both",0.128923194576792,-0.0838759804360953
"1475","session1",-21.4029173507768,13.6565495705286,3.8379209235923,7.33794708904672e-05,-0.00398002454352761,0.559053091236567,0.442403077069271,15,1,100,0.128923194576792,-0.0838759804360953,15,3.79412976398561,1,-14.25101,256,0.2,0.2,20,"both",0.128923194576792,-0.0838759804360953
"1476","session1",-21.4029173507768,13.6565495705286,3.8379209235923,7.33794708904672e-05,-0.00398002454352761,0.559053091236567,0.442403077069271,15,1,100,0.128923194576792,-0.0838759804360953,15,1.69451910774158,0,-26.67508,256,0.2,0.2,20,"both",0.128923194576792,-0.0838759804360953
"1477","session1",-21.4029173507768,13.6565495705286,3.8379209235923,7.33794708904672e-05,-0.00398002454352761,0.559053091236567,0.442403077069271,15,1,100,0.128923194576792,-0.0838759804360953,15,3.40399905152317,1,-28.37968,256,0.2,0.2,20,"both",0.128923194576792,-0.0838759804360953
"1478","session1",-21.4029173507768,13.6565495705286,3.8379209235923,7.33794708904672e-05,-0.00398002454352761,0.559053091236567,0.442403077069271,15,1,100,0.128923194576792,-0.0838759804360953,15,3.7359538379386,0,-14.00767,256,0.2,0.2,20,"both",0.128923194576792,-0.0838759804360953
"1479","session1",-21.4029173507768,13.6565495705286,3.8379209235923,7.33794708904672e-05,-0.00398002454352761,0.559053091236567,0.442403077069271,15,1,100,0.128923194576792,-0.0838759804360953,15,3.01278765207002,1,-7.9772,256,0.2,0.2,20,"both",0.128923194576792,-0.0838759804360953
"1480","session1",-21.4029173507768,13.6565495705286,3.8379209235923,7.33794708904672e-05,-0.00398002454352761,0.559053091236567,0.442403077069271,15,1,100,0.128923194576792,-0.0838759804360953,15,1.49538412192738,1,-34.04017,256,0.2,0.2,20,"both",0.128923194576792,-0.0838759804360953
"1481","session1",-21.4029173507768,13.6565495705286,3.8379209235923,7.33794708904672e-05,-0.00398002454352761,0.559053091236567,0.442403077069271,15,1,100,0.128923194576792,-0.0838759804360953,15,1.65994001324788,0,-41.107,256,0.2,0.2,20,"both",0.128923194576792,-0.0838759804360953
"1482","session1",-21.4029173507768,13.6565495705286,3.8379209235923,7.33794708904672e-05,-0.00398002454352761,0.559053091236567,0.442403077069271,15,1,100,0.128923194576792,-0.0838759804360953,15,6.12918262902809,0,-29.3632,256,0.2,0.2,20,"both",0.128923194576792,-0.0838759804360953
"1483","session1",-21.4029173507768,13.6565495705286,3.8379209235923,7.33794708904672e-05,-0.00398002454352761,0.559053091236567,0.442403077069271,15,1,100,0.128923194576792,-0.0838759804360953,15,2.99104215701085,1,-10.0525,256,0.2,0.2,20,"both",0.128923194576792,-0.0838759804360953
"1484","session1",-21.4029173507768,13.6565495705286,3.8379209235923,7.33794708904672e-05,-0.00398002454352761,0.559053091236567,0.442403077069271,15,1,100,0.128923194576792,-0.0838759804360953,15,1.65503047928688,1,-4.2557,256,0.2,0.2,20,"both",0.128923194576792,-0.0838759804360953
"1485","session1",-21.4029173507768,13.6565495705286,3.8379209235923,7.33794708904672e-05,-0.00398002454352761,0.559053091236567,0.442403077069271,15,1,100,0.128923194576792,-0.0838759804360953,15,2.15852840459608,0,-30.9415,256,0.2,0.2,20,"both",0.128923194576792,-0.0838759804360953
"1486","session1",-21.4029173507768,13.6565495705286,3.8379209235923,7.33794708904672e-05,-0.00398002454352761,0.559053091236567,0.442403077069271,15,1,100,0.128923194576792,-0.0838759804360953,15,3.12381456981131,1,-19.58251,256,0.2,0.2,20,"both",0.128923194576792,-0.0838759804360953
"1487","session1",-21.4029173507768,13.6565495705286,3.8379209235923,7.33794708904672e-05,-0.00398002454352761,0.559053091236567,0.442403077069271,15,1,100,0.128923194576792,-0.0838759804360953,15,2.18729061486157,1,-10.7305,256,0.2,0.2,20,"both",0.128923194576792,-0.0838759804360953
"1488","session1",-21.4029173507768,13.6565495705286,3.8379209235923,7.33794708904672e-05,-0.00398002454352761,0.559053091236567,0.442403077069271,15,1,100,0.128923194576792,-0.0838759804360953,15,3.04806687585533,0,-32.58355,256,0.2,0.2,20,"both",0.128923194576792,-0.0838759804360953
"1489","session1",-21.4029173507768,13.6565495705286,3.8379209235923,7.33794708904672e-05,-0.00398002454352761,0.559053091236567,0.442403077069271,15,1,100,0.128923194576792,-0.0838759804360953,15,5.01018892225226,1,-10.3819,256,0.2,0.2,20,"both",0.128923194576792,-0.0838759804360953
"1490","session1",-21.4029173507768,13.6565495705286,3.8379209235923,7.33794708904672e-05,-0.00398002454352761,0.559053091236567,0.442403077069271,15,1,100,0.128923194576792,-0.0838759804360953,15,3.49830746047077,1,-9.64243,256,0.2,0.2,20,"both",0.128923194576792,-0.0838759804360953
"1491","session1",-21.4029173507768,13.6565495705286,3.8379209235923,7.33794708904672e-05,-0.00398002454352761,0.559053091236567,0.442403077069271,15,1,100,0.128923194576792,-0.0838759804360953,15,1.38582464334249,0,-17.30506,256,0.2,0.2,20,"both",0.128923194576792,-0.0838759804360953
"1492","session1",-21.4029173507768,13.6565495705286,3.8379209235923,7.33794708904672e-05,-0.00398002454352761,0.559053091236567,0.442403077069271,15,1,100,0.128923194576792,-0.0838759804360953,15,2.11660843856673,0,-15.13678,256,0.2,0.2,20,"both",0.128923194576792,-0.0838759804360953
"1493","session1",-21.4029173507768,13.6565495705286,3.8379209235923,7.33794708904672e-05,-0.00398002454352761,0.559053091236567,0.442403077069271,15,1,100,0.128923194576792,-0.0838759804360953,15,1.72518602184251,0,-11.29707,256,0.2,0.2,20,"both",0.128923194576792,-0.0838759804360953
"1494","session1",-21.4029173507768,13.6565495705286,3.8379209235923,7.33794708904672e-05,-0.00398002454352761,0.559053091236567,0.442403077069271,15,1,100,0.128923194576792,-0.0838759804360953,15,3.20634998409235,1,-12.41107,256,0.2,0.2,20,"both",0.128923194576792,-0.0838759804360953
"1495","session1",-21.4029173507768,13.6565495705286,3.8379209235923,7.33794708904672e-05,-0.00398002454352761,0.559053091236567,0.442403077069271,15,1,100,0.128923194576792,-0.0838759804360953,15,1.36094029257683,1,-28.31449,256,0.2,0.2,20,"both",0.128923194576792,-0.0838759804360953
"1496","session1",-21.4029173507768,13.6565495705286,3.8379209235923,7.33794708904672e-05,-0.00398002454352761,0.559053091236567,0.442403077069271,15,1,100,0.128923194576792,-0.0838759804360953,15,8,1,-27.73132,256,0.2,0.2,20,"both",0.128923194576792,-0.0838759804360953
"1497","session1",-21.4029173507768,13.6565495705286,3.8379209235923,7.33794708904672e-05,-0.00398002454352761,0.559053091236567,0.442403077069271,15,1,100,0.128923194576792,-0.0838759804360953,15,1.96625079882348,0,-25.7374,256,0.2,0.2,20,"both",0.128923194576792,-0.0838759804360953
"1498","session1",-21.4029173507768,13.6565495705286,3.8379209235923,7.33794708904672e-05,-0.00398002454352761,0.559053091236567,0.442403077069271,15,1,100,0.128923194576792,-0.0838759804360953,15,3.22061109984113,1,-5.9299,256,0.2,0.2,20,"both",0.128923194576792,-0.0838759804360953
"1499","session1",-21.4029173507768,13.6565495705286,3.8379209235923,7.33794708904672e-05,-0.00398002454352761,0.559053091236567,0.442403077069271,15,1,100,0.128923194576792,-0.0838759804360953,15,6.34692281422226,0,-32.7061,256,0.2,0.2,20,"both",0.128923194576792,-0.0838759804360953
"1500","session1",-21.4029173507768,13.6565495705286,3.8379209235923,7.33794708904672e-05,-0.00398002454352761,0.559053091236567,0.442403077069271,15,1,100,0.128923194576792,-0.0838759804360953,15,8,0,-32.128,256,0.2,0.2,20,"both",0.128923194576792,-0.0838759804360953
"1501","session1",-3.0950026595673,11.7159226775659,2.35054253165816,0.000147380059258865,0.427249919297102,0.418639408844399,0.538223545051518,16,1,100,0.128923194576792,-0.0838759804360953,16,2.5028730626942,1,8.4081554683,256,0.2,0.2,20,"both",0.128923194576792,-0.0838759804360953
"1502","session1",-3.0950026595673,11.7159226775659,2.35054253165816,0.000147380059258865,0.427249919297102,0.418639408844399,0.538223545051518,16,1,100,0.128923194576792,-0.0838759804360953,16,2.82714083446044,0,-5.2434237816,256,0.2,0.2,20,"both",0.128923194576792,-0.0838759804360953
"1503","session1",-3.0950026595673,11.7159226775659,2.35054253165816,0.000147380059258865,0.427249919297102,0.418639408844399,0.538223545051518,16,1,100,0.128923194576792,-0.0838759804360953,16,2.87270354975066,0,-1.8525697016,256,0.2,0.2,20,"both",0.128923194576792,-0.0838759804360953
"1504","session1",-3.0950026595673,11.7159226775659,2.35054253165816,0.000147380059258865,0.427249919297102,0.418639408844399,0.538223545051518,16,1,100,0.128923194576792,-0.0838759804360953,16,2.36794440076271,0,4.69792586876,256,0.2,0.2,20,"both",0.128923194576792,-0.0838759804360953
"1505","session1",-3.0950026595673,11.7159226775659,2.35054253165816,0.000147380059258865,0.427249919297102,0.418639408844399,0.538223545051518,16,1,100,0.128923194576792,-0.0838759804360953,16,3.18509082255718,1,-0.24531,256,0.2,0.2,20,"both",0.128923194576792,-0.0838759804360953
"1506","session1",-3.0950026595673,11.7159226775659,2.35054253165816,0.000147380059258865,0.427249919297102,0.418639408844399,0.538223545051518,16,1,100,0.128923194576792,-0.0838759804360953,16,2.60243727306532,1,33.93461,256,0.2,0.2,20,"both",0.128923194576792,-0.0838759804360953
"1507","session1",-3.0950026595673,11.7159226775659,2.35054253165816,0.000147380059258865,0.427249919297102,0.418639408844399,0.538223545051518,16,1,100,0.128923194576792,-0.0838759804360953,16,3.10875990635586,1,3.62483887432,256,0.2,0.2,20,"both",0.128923194576792,-0.0838759804360953
"1508","session1",-3.0950026595673,11.7159226775659,2.35054253165816,0.000147380059258865,0.427249919297102,0.418639408844399,0.538223545051518,16,1,100,0.128923194576792,-0.0838759804360953,16,2.3005529372386,0,1.82916630089,256,0.2,0.2,20,"both",0.128923194576792,-0.0838759804360953
"1509","session1",-3.0950026595673,11.7159226775659,2.35054253165816,0.000147380059258865,0.427249919297102,0.418639408844399,0.538223545051518,16,1,100,0.128923194576792,-0.0838759804360953,16,3.40027033711256,0,3.2294791939,256,0.2,0.2,20,"both",0.128923194576792,-0.0838759804360953
"1510","session1",-3.0950026595673,11.7159226775659,2.35054253165816,0.000147380059258865,0.427249919297102,0.418639408844399,0.538223545051518,16,1,100,0.128923194576792,-0.0838759804360953,16,1.22535298322171,1,15.33837,256,0.2,0.2,20,"both",0.128923194576792,-0.0838759804360953
"1511","session1",-3.0950026595673,11.7159226775659,2.35054253165816,0.000147380059258865,0.427249919297102,0.418639408844399,0.538223545051518,16,1,100,0.128923194576792,-0.0838759804360953,16,3.23872955427537,0,-12.16535,256,0.2,0.2,20,"both",0.128923194576792,-0.0838759804360953
"1512","session1",-3.0950026595673,11.7159226775659,2.35054253165816,0.000147380059258865,0.427249919297102,0.418639408844399,0.538223545051518,16,1,100,0.128923194576792,-0.0838759804360953,16,2.18706811460733,0,16.26952,256,0.2,0.2,20,"both",0.128923194576792,-0.0838759804360953
"1513","session1",-3.0950026595673,11.7159226775659,2.35054253165816,0.000147380059258865,0.427249919297102,0.418639408844399,0.538223545051518,16,1,100,0.128923194576792,-0.0838759804360953,16,1.94994200493857,1,-10.82997,256,0.2,0.2,20,"both",0.128923194576792,-0.0838759804360953
"1514","session1",-3.0950026595673,11.7159226775659,2.35054253165816,0.000147380059258865,0.427249919297102,0.418639408844399,0.538223545051518,16,1,100,0.128923194576792,-0.0838759804360953,16,3.30873944419055,0,-7.82372,256,0.2,0.2,20,"both",0.128923194576792,-0.0838759804360953
"1515","session1",-3.0950026595673,11.7159226775659,2.35054253165816,0.000147380059258865,0.427249919297102,0.418639408844399,0.538223545051518,16,1,100,0.128923194576792,-0.0838759804360953,16,2.15975174687458,0,-42.7173,256,0.2,0.2,20,"both",0.128923194576792,-0.0838759804360953
"1516","session1",-3.0950026595673,11.7159226775659,2.35054253165816,0.000147380059258865,0.427249919297102,0.418639408844399,0.538223545051518,16,1,100,0.128923194576792,-0.0838759804360953,16,1.92869730214941,1,23.44413,256,0.2,0.2,20,"both",0.128923194576792,-0.0838759804360953
"1517","session1",-3.0950026595673,11.7159226775659,2.35054253165816,0.000147380059258865,0.427249919297102,0.418639408844399,0.538223545051518,16,1,100,0.128923194576792,-0.0838759804360953,16,1.34073465922614,1,46.0695,256,0.2,0.2,20,"both",0.128923194576792,-0.0838759804360953
"1518","session1",-3.0950026595673,11.7159226775659,2.35054253165816,0.000147380059258865,0.427249919297102,0.418639408844399,0.538223545051518,16,1,100,0.128923194576792,-0.0838759804360953,16,5.25734642102418,1,11.2654,256,0.2,0.2,20,"both",0.128923194576792,-0.0838759804360953
"1519","session1",-3.0950026595673,11.7159226775659,2.35054253165816,0.000147380059258865,0.427249919297102,0.418639408844399,0.538223545051518,16,1,100,0.128923194576792,-0.0838759804360953,16,1.12534351618854,1,32.6273,256,0.2,0.2,20,"both",0.128923194576792,-0.0838759804360953
"1520","session1",-3.0950026595673,11.7159226775659,2.35054253165816,0.000147380059258865,0.427249919297102,0.418639408844399,0.538223545051518,16,1,100,0.128923194576792,-0.0838759804360953,16,1.62346920897454,1,5.27972,256,0.2,0.2,20,"both",0.128923194576792,-0.0838759804360953
"1521","session1",-3.0950026595673,11.7159226775659,2.35054253165816,0.000147380059258865,0.427249919297102,0.418639408844399,0.538223545051518,16,1,100,0.128923194576792,-0.0838759804360953,16,2.37950417392955,1,-4.28552,256,0.2,0.2,20,"both",0.128923194576792,-0.0838759804360953
"1522","session1",-3.0950026595673,11.7159226775659,2.35054253165816,0.000147380059258865,0.427249919297102,0.418639408844399,0.538223545051518,16,1,100,0.128923194576792,-0.0838759804360953,16,1.77744919607514,1,17.33296,256,0.2,0.2,20,"both",0.128923194576792,-0.0838759804360953
"1523","session1",-3.0950026595673,11.7159226775659,2.35054253165816,0.000147380059258865,0.427249919297102,0.418639408844399,0.538223545051518,16,1,100,0.128923194576792,-0.0838759804360953,16,2.42553720561157,0,-7.78596,256,0.2,0.2,20,"both",0.128923194576792,-0.0838759804360953
"1524","session1",-3.0950026595673,11.7159226775659,2.35054253165816,0.000147380059258865,0.427249919297102,0.418639408844399,0.538223545051518,16,1,100,0.128923194576792,-0.0838759804360953,16,3.0615242662206,0,-12.33312,256,0.2,0.2,20,"both",0.128923194576792,-0.0838759804360953
"1525","session1",-3.0950026595673,11.7159226775659,2.35054253165816,0.000147380059258865,0.427249919297102,0.418639408844399,0.538223545051518,16,1,100,0.128923194576792,-0.0838759804360953,16,2.46849135227376,1,10.3293,256,0.2,0.2,20,"both",0.128923194576792,-0.0838759804360953
"1526","session1",-3.0950026595673,11.7159226775659,2.35054253165816,0.000147380059258865,0.427249919297102,0.418639408844399,0.538223545051518,16,1,100,0.128923194576792,-0.0838759804360953,16,2.92327005098261,0,-24.57354,256,0.2,0.2,20,"both",0.128923194576792,-0.0838759804360953
"1527","session1",-3.0950026595673,11.7159226775659,2.35054253165816,0.000147380059258865,0.427249919297102,0.418639408844399,0.538223545051518,16,1,100,0.128923194576792,-0.0838759804360953,16,3.20569080647621,0,-24.3050049,256,0.2,0.2,20,"both",0.128923194576792,-0.0838759804360953
"1528","session1",-3.0950026595673,11.7159226775659,2.35054253165816,0.000147380059258865,0.427249919297102,0.418639408844399,0.538223545051518,16,1,100,0.128923194576792,-0.0838759804360953,16,4.14443727026724,0,-3.58682,256,0.2,0.2,20,"both",0.128923194576792,-0.0838759804360953
"1529","session1",-3.0950026595673,11.7159226775659,2.35054253165816,0.000147380059258865,0.427249919297102,0.418639408844399,0.538223545051518,16,1,100,0.128923194576792,-0.0838759804360953,16,2.80127703132809,1,11.14159,256,0.2,0.2,20,"both",0.128923194576792,-0.0838759804360953
"1530","session1",-3.0950026595673,11.7159226775659,2.35054253165816,0.000147380059258865,0.427249919297102,0.418639408844399,0.538223545051518,16,1,100,0.128923194576792,-0.0838759804360953,16,2.32121345786576,1,5.14735,256,0.2,0.2,20,"both",0.128923194576792,-0.0838759804360953
"1531","session1",-3.0950026595673,11.7159226775659,2.35054253165816,0.000147380059258865,0.427249919297102,0.418639408844399,0.538223545051518,16,1,100,0.128923194576792,-0.0838759804360953,16,1.76980057949643,0,-17.558862,256,0.2,0.2,20,"both",0.128923194576792,-0.0838759804360953
"1532","session1",-3.0950026595673,11.7159226775659,2.35054253165816,0.000147380059258865,0.427249919297102,0.418639408844399,0.538223545051518,16,1,100,0.128923194576792,-0.0838759804360953,16,2.34135818718439,1,-7.19794,256,0.2,0.2,20,"both",0.128923194576792,-0.0838759804360953
"1533","session1",-3.0950026595673,11.7159226775659,2.35054253165816,0.000147380059258865,0.427249919297102,0.418639408844399,0.538223545051518,16,1,100,0.128923194576792,-0.0838759804360953,16,1.72277187866004,1,20.95593,256,0.2,0.2,20,"both",0.128923194576792,-0.0838759804360953
"1534","session1",-3.0950026595673,11.7159226775659,2.35054253165816,0.000147380059258865,0.427249919297102,0.418639408844399,0.538223545051518,16,1,100,0.128923194576792,-0.0838759804360953,16,1.14232642241971,1,15.060165,256,0.2,0.2,20,"both",0.128923194576792,-0.0838759804360953
"1535","session1",-3.0950026595673,11.7159226775659,2.35054253165816,0.000147380059258865,0.427249919297102,0.418639408844399,0.538223545051518,16,1,100,0.128923194576792,-0.0838759804360953,16,3.69926719188525,1,-4.65588,256,0.2,0.2,20,"both",0.128923194576792,-0.0838759804360953
"1536","session1",-3.0950026595673,11.7159226775659,2.35054253165816,0.000147380059258865,0.427249919297102,0.418639408844399,0.538223545051518,16,1,100,0.128923194576792,-0.0838759804360953,16,1.4448044456639,1,16.53039,256,0.2,0.2,20,"both",0.128923194576792,-0.0838759804360953
"1537","session1",-3.0950026595673,11.7159226775659,2.35054253165816,0.000147380059258865,0.427249919297102,0.418639408844399,0.538223545051518,16,1,100,0.128923194576792,-0.0838759804360953,16,2.94948016193747,0,-11.690494,256,0.2,0.2,20,"both",0.128923194576792,-0.0838759804360953
"1538","session1",-3.0950026595673,11.7159226775659,2.35054253165816,0.000147380059258865,0.427249919297102,0.418639408844399,0.538223545051518,16,1,100,0.128923194576792,-0.0838759804360953,16,4.79515193382594,1,-4.6955,256,0.2,0.2,20,"both",0.128923194576792,-0.0838759804360953
"1539","session1",-3.0950026595673,11.7159226775659,2.35054253165816,0.000147380059258865,0.427249919297102,0.418639408844399,0.538223545051518,16,1,100,0.128923194576792,-0.0838759804360953,16,4.12598308583414,0,-2.325351,256,0.2,0.2,20,"both",0.128923194576792,-0.0838759804360953
"1540","session1",-3.0950026595673,11.7159226775659,2.35054253165816,0.000147380059258865,0.427249919297102,0.418639408844399,0.538223545051518,16,1,100,0.128923194576792,-0.0838759804360953,16,1.96781938601286,1,18.90451,256,0.2,0.2,20,"both",0.128923194576792,-0.0838759804360953
"1541","session1",-3.0950026595673,11.7159226775659,2.35054253165816,0.000147380059258865,0.427249919297102,0.418639408844399,0.538223545051518,16,1,100,0.128923194576792,-0.0838759804360953,16,2.51651817352559,1,13.1613,256,0.2,0.2,20,"both",0.128923194576792,-0.0838759804360953
"1542","session1",-3.0950026595673,11.7159226775659,2.35054253165816,0.000147380059258865,0.427249919297102,0.418639408844399,0.538223545051518,16,1,100,0.128923194576792,-0.0838759804360953,16,1.80712232493779,0,-17.30419,256,0.2,0.2,20,"both",0.128923194576792,-0.0838759804360953
"1543","session1",-3.0950026595673,11.7159226775659,2.35054253165816,0.000147380059258865,0.427249919297102,0.418639408844399,0.538223545051518,16,1,100,0.128923194576792,-0.0838759804360953,16,2.78774820772003,0,-17.91358,256,0.2,0.2,20,"both",0.128923194576792,-0.0838759804360953
"1544","session1",-3.0950026595673,11.7159226775659,2.35054253165816,0.000147380059258865,0.427249919297102,0.418639408844399,0.538223545051518,16,1,100,0.128923194576792,-0.0838759804360953,16,3.34002967202369,0,0.741599999999998,256,0.2,0.2,20,"both",0.128923194576792,-0.0838759804360953
"1545","session1",-3.0950026595673,11.7159226775659,2.35054253165816,0.000147380059258865,0.427249919297102,0.418639408844399,0.538223545051518,16,1,100,0.128923194576792,-0.0838759804360953,16,1.36330690513221,0,-18.57082,256,0.2,0.2,20,"both",0.128923194576792,-0.0838759804360953
"1546","session1",-3.0950026595673,11.7159226775659,2.35054253165816,0.000147380059258865,0.427249919297102,0.418639408844399,0.538223545051518,16,1,100,0.128923194576792,-0.0838759804360953,16,2.21343142277705,1,-12.16106,256,0.2,0.2,20,"both",0.128923194576792,-0.0838759804360953
"1547","session1",-3.0950026595673,11.7159226775659,2.35054253165816,0.000147380059258865,0.427249919297102,0.418639408844399,0.538223545051518,16,1,100,0.128923194576792,-0.0838759804360953,16,2.06402184175855,0,-17.89574,256,0.2,0.2,20,"both",0.128923194576792,-0.0838759804360953
"1548","session1",-3.0950026595673,11.7159226775659,2.35054253165816,0.000147380059258865,0.427249919297102,0.418639408844399,0.538223545051518,16,1,100,0.128923194576792,-0.0838759804360953,16,2.59074432128068,0,0.87494,256,0.2,0.2,20,"both",0.128923194576792,-0.0838759804360953
"1549","session1",-3.0950026595673,11.7159226775659,2.35054253165816,0.000147380059258865,0.427249919297102,0.418639408844399,0.538223545051518,16,1,100,0.128923194576792,-0.0838759804360953,16,2.4285306569153,1,-15.758504,256,0.2,0.2,20,"both",0.128923194576792,-0.0838759804360953
"1550","session1",-3.0950026595673,11.7159226775659,2.35054253165816,0.000147380059258865,0.427249919297102,0.418639408844399,0.538223545051518,16,1,100,0.128923194576792,-0.0838759804360953,16,3.20398483123918,0,-17.28797,256,0.2,0.2,20,"both",0.128923194576792,-0.0838759804360953
"1551","session1",-3.0950026595673,11.7159226775659,2.35054253165816,0.000147380059258865,0.427249919297102,0.418639408844399,0.538223545051518,16,1,100,0.128923194576792,-0.0838759804360953,16,1.47887972631202,0,-20.12759,256,0.2,0.2,20,"both",0.128923194576792,-0.0838759804360953
"1552","session1",-3.0950026595673,11.7159226775659,2.35054253165816,0.000147380059258865,0.427249919297102,0.418639408844399,0.538223545051518,16,1,100,0.128923194576792,-0.0838759804360953,16,2.0586013305577,1,12.64103,256,0.2,0.2,20,"both",0.128923194576792,-0.0838759804360953
"1553","session1",-3.0950026595673,11.7159226775659,2.35054253165816,0.000147380059258865,0.427249919297102,0.418639408844399,0.538223545051518,16,1,100,0.128923194576792,-0.0838759804360953,16,1.5822013661659,0,-16.10913,256,0.2,0.2,20,"both",0.128923194576792,-0.0838759804360953
"1554","session1",-3.0950026595673,11.7159226775659,2.35054253165816,0.000147380059258865,0.427249919297102,0.418639408844399,0.538223545051518,16,1,100,0.128923194576792,-0.0838759804360953,16,2.55459331501008,1,-12.01788,256,0.2,0.2,20,"both",0.128923194576792,-0.0838759804360953
"1555","session1",-3.0950026595673,11.7159226775659,2.35054253165816,0.000147380059258865,0.427249919297102,0.418639408844399,0.538223545051518,16,1,100,0.128923194576792,-0.0838759804360953,16,2.82256895682214,1,-12.25787,256,0.2,0.2,20,"both",0.128923194576792,-0.0838759804360953
"1556","session1",-3.0950026595673,11.7159226775659,2.35054253165816,0.000147380059258865,0.427249919297102,0.418639408844399,0.538223545051518,16,1,100,0.128923194576792,-0.0838759804360953,16,3.06204482916293,0,-23.20449,256,0.2,0.2,20,"both",0.128923194576792,-0.0838759804360953
"1557","session1",-3.0950026595673,11.7159226775659,2.35054253165816,0.000147380059258865,0.427249919297102,0.418639408844399,0.538223545051518,16,1,100,0.128923194576792,-0.0838759804360953,16,3.20707074791463,0,-16.12915,256,0.2,0.2,20,"both",0.128923194576792,-0.0838759804360953
"1558","session1",-3.0950026595673,11.7159226775659,2.35054253165816,0.000147380059258865,0.427249919297102,0.418639408844399,0.538223545051518,16,1,100,0.128923194576792,-0.0838759804360953,16,2.63017760087362,0,-18.26524,256,0.2,0.2,20,"both",0.128923194576792,-0.0838759804360953
"1559","session1",-3.0950026595673,11.7159226775659,2.35054253165816,0.000147380059258865,0.427249919297102,0.418639408844399,0.538223545051518,16,1,100,0.128923194576792,-0.0838759804360953,16,2.15735312828709,0,-14.763228,256,0.2,0.2,20,"both",0.128923194576792,-0.0838759804360953
"1560","session1",-3.0950026595673,11.7159226775659,2.35054253165816,0.000147380059258865,0.427249919297102,0.418639408844399,0.538223545051518,16,1,100,0.128923194576792,-0.0838759804360953,16,1.94048718160537,1,9.504574,256,0.2,0.2,20,"both",0.128923194576792,-0.0838759804360953
"1561","session1",-3.0950026595673,11.7159226775659,2.35054253165816,0.000147380059258865,0.427249919297102,0.418639408844399,0.538223545051518,16,1,100,0.128923194576792,-0.0838759804360953,16,2.2889187490913,0,-13.49916,256,0.2,0.2,20,"both",0.128923194576792,-0.0838759804360953
"1562","session1",-3.0950026595673,11.7159226775659,2.35054253165816,0.000147380059258865,0.427249919297102,0.418639408844399,0.538223545051518,16,1,100,0.128923194576792,-0.0838759804360953,16,1.46257840157286,0,-20.26373,256,0.2,0.2,20,"both",0.128923194576792,-0.0838759804360953
"1563","session1",-3.0950026595673,11.7159226775659,2.35054253165816,0.000147380059258865,0.427249919297102,0.418639408844399,0.538223545051518,16,1,100,0.128923194576792,-0.0838759804360953,16,3.20376326738182,0,-17.52719,256,0.2,0.2,20,"both",0.128923194576792,-0.0838759804360953
"1564","session1",-3.0950026595673,11.7159226775659,2.35054253165816,0.000147380059258865,0.427249919297102,0.418639408844399,0.538223545051518,16,1,100,0.128923194576792,-0.0838759804360953,16,3.39499083359826,0,8.541276,256,0.2,0.2,20,"both",0.128923194576792,-0.0838759804360953
"1565","session1",-3.0950026595673,11.7159226775659,2.35054253165816,0.000147380059258865,0.427249919297102,0.418639408844399,0.538223545051518,16,1,100,0.128923194576792,-0.0838759804360953,16,2.71820169666877,0,-18.03253,256,0.2,0.2,20,"both",0.128923194576792,-0.0838759804360953
"1566","session1",-3.0950026595673,11.7159226775659,2.35054253165816,0.000147380059258865,0.427249919297102,0.418639408844399,0.538223545051518,16,1,100,0.128923194576792,-0.0838759804360953,16,2.1613421763411,0,9.55255,256,0.2,0.2,20,"both",0.128923194576792,-0.0838759804360953
"1567","session1",-3.0950026595673,11.7159226775659,2.35054253165816,0.000147380059258865,0.427249919297102,0.418639408844399,0.538223545051518,16,1,100,0.128923194576792,-0.0838759804360953,16,3.47848915857965,0,-12.49476,256,0.2,0.2,20,"both",0.128923194576792,-0.0838759804360953
"1568","session1",-3.0950026595673,11.7159226775659,2.35054253165816,0.000147380059258865,0.427249919297102,0.418639408844399,0.538223545051518,16,1,100,0.128923194576792,-0.0838759804360953,16,2.41639599185832,1,12.994562,256,0.2,0.2,20,"both",0.128923194576792,-0.0838759804360953
"1569","session1",-3.0950026595673,11.7159226775659,2.35054253165816,0.000147380059258865,0.427249919297102,0.418639408844399,0.538223545051518,16,1,100,0.128923194576792,-0.0838759804360953,16,4.88538996890856,0,-0.97405,256,0.2,0.2,20,"both",0.128923194576792,-0.0838759804360953
"1570","session1",-3.0950026595673,11.7159226775659,2.35054253165816,0.000147380059258865,0.427249919297102,0.418639408844399,0.538223545051518,16,1,100,0.128923194576792,-0.0838759804360953,16,2.78755332547021,0,-11.14857,256,0.2,0.2,20,"both",0.128923194576792,-0.0838759804360953
"1571","session1",-3.0950026595673,11.7159226775659,2.35054253165816,0.000147380059258865,0.427249919297102,0.418639408844399,0.538223545051518,16,1,100,0.128923194576792,-0.0838759804360953,16,2.91670966580151,1,7.18293,256,0.2,0.2,20,"both",0.128923194576792,-0.0838759804360953
"1572","session1",-3.0950026595673,11.7159226775659,2.35054253165816,0.000147380059258865,0.427249919297102,0.418639408844399,0.538223545051518,16,1,100,0.128923194576792,-0.0838759804360953,16,2.25490572192536,1,17.62649,256,0.2,0.2,20,"both",0.128923194576792,-0.0838759804360953
"1573","session1",-3.0950026595673,11.7159226775659,2.35054253165816,0.000147380059258865,0.427249919297102,0.418639408844399,0.538223545051518,16,1,100,0.128923194576792,-0.0838759804360953,16,4.96409785459688,1,9.874504,256,0.2,0.2,20,"both",0.128923194576792,-0.0838759804360953
"1574","session1",-3.0950026595673,11.7159226775659,2.35054253165816,0.000147380059258865,0.427249919297102,0.418639408844399,0.538223545051518,16,1,100,0.128923194576792,-0.0838759804360953,16,2.30456201676475,1,15.96607,256,0.2,0.2,20,"both",0.128923194576792,-0.0838759804360953
"1575","session1",-3.0950026595673,11.7159226775659,2.35054253165816,0.000147380059258865,0.427249919297102,0.418639408844399,0.538223545051518,16,1,100,0.128923194576792,-0.0838759804360953,16,2.9293685320752,0,-16.09316,256,0.2,0.2,20,"both",0.128923194576792,-0.0838759804360953
"1576","session1",-3.0950026595673,11.7159226775659,2.35054253165816,0.000147380059258865,0.427249919297102,0.418639408844399,0.538223545051518,16,1,100,0.128923194576792,-0.0838759804360953,16,2.609646247787,0,-16.3609,256,0.2,0.2,20,"both",0.128923194576792,-0.0838759804360953
"1577","session1",-3.0950026595673,11.7159226775659,2.35054253165816,0.000147380059258865,0.427249919297102,0.418639408844399,0.538223545051518,16,1,100,0.128923194576792,-0.0838759804360953,16,4.11805344267122,0,-9.85525,256,0.2,0.2,20,"both",0.128923194576792,-0.0838759804360953
"1578","session1",-3.0950026595673,11.7159226775659,2.35054253165816,0.000147380059258865,0.427249919297102,0.418639408844399,0.538223545051518,16,1,100,0.128923194576792,-0.0838759804360953,16,1.65347120916154,1,39.178027,256,0.2,0.2,20,"both",0.128923194576792,-0.0838759804360953
"1579","session1",-3.0950026595673,11.7159226775659,2.35054253165816,0.000147380059258865,0.427249919297102,0.418639408844399,0.538223545051518,16,1,100,0.128923194576792,-0.0838759804360953,16,1.92312021609342,0,-12.76296,256,0.2,0.2,20,"both",0.128923194576792,-0.0838759804360953
"1580","session1",-3.0950026595673,11.7159226775659,2.35054253165816,0.000147380059258865,0.427249919297102,0.418639408844399,0.538223545051518,16,1,100,0.128923194576792,-0.0838759804360953,16,1.69085436570962,0,13.66146,256,0.2,0.2,20,"both",0.128923194576792,-0.0838759804360953
"1581","session1",-3.0950026595673,11.7159226775659,2.35054253165816,0.000147380059258865,0.427249919297102,0.418639408844399,0.538223545051518,16,1,100,0.128923194576792,-0.0838759804360953,16,2.90375223310842,1,13.975688,256,0.2,0.2,20,"both",0.128923194576792,-0.0838759804360953
"1582","session1",-3.0950026595673,11.7159226775659,2.35054253165816,0.000147380059258865,0.427249919297102,0.418639408844399,0.538223545051518,16,1,100,0.128923194576792,-0.0838759804360953,16,2.78738181892307,0,-11.8170909,256,0.2,0.2,20,"both",0.128923194576792,-0.0838759804360953
"1583","session1",-3.0950026595673,11.7159226775659,2.35054253165816,0.000147380059258865,0.427249919297102,0.418639408844399,0.538223545051518,16,1,100,0.128923194576792,-0.0838759804360953,16,2.02935606103287,1,16.34242,256,0.2,0.2,20,"both",0.128923194576792,-0.0838759804360953
"1584","session1",-3.0950026595673,11.7159226775659,2.35054253165816,0.000147380059258865,0.427249919297102,0.418639408844399,0.538223545051518,16,1,100,0.128923194576792,-0.0838759804360953,16,3.73837356229752,0,-19.02347,256,0.2,0.2,20,"both",0.128923194576792,-0.0838759804360953
"1585","session1",-3.0950026595673,11.7159226775659,2.35054253165816,0.000147380059258865,0.427249919297102,0.418639408844399,0.538223545051518,16,1,100,0.128923194576792,-0.0838759804360953,16,2.82880127347718,0,-12.002244,256,0.2,0.2,20,"both",0.128923194576792,-0.0838759804360953
"1586","session1",-3.0950026595673,11.7159226775659,2.35054253165816,0.000147380059258865,0.427249919297102,0.418639408844399,0.538223545051518,16,1,100,0.128923194576792,-0.0838759804360953,16,1.6036393850544,1,10.16256,256,0.2,0.2,20,"both",0.128923194576792,-0.0838759804360953
"1587","session1",-3.0950026595673,11.7159226775659,2.35054253165816,0.000147380059258865,0.427249919297102,0.418639408844399,0.538223545051518,16,1,100,0.128923194576792,-0.0838759804360953,16,1.87972009744311,1,11.72183,256,0.2,0.2,20,"both",0.128923194576792,-0.0838759804360953
"1588","session1",-3.0950026595673,11.7159226775659,2.35054253165816,0.000147380059258865,0.427249919297102,0.418639408844399,0.538223545051518,16,1,100,0.128923194576792,-0.0838759804360953,16,3.13993062493063,1,12.06634,256,0.2,0.2,20,"both",0.128923194576792,-0.0838759804360953
"1589","session1",-3.0950026595673,11.7159226775659,2.35054253165816,0.000147380059258865,0.427249919297102,0.418639408844399,0.538223545051518,16,1,100,0.128923194576792,-0.0838759804360953,16,3.96512538494246,0,-14.10663,256,0.2,0.2,20,"both",0.128923194576792,-0.0838759804360953
"1590","session1",-3.0950026595673,11.7159226775659,2.35054253165816,0.000147380059258865,0.427249919297102,0.418639408844399,0.538223545051518,16,1,100,0.128923194576792,-0.0838759804360953,16,1.90791865832663,1,18.258239,256,0.2,0.2,20,"both",0.128923194576792,-0.0838759804360953
"1591","session1",-3.0950026595673,11.7159226775659,2.35054253165816,0.000147380059258865,0.427249919297102,0.418639408844399,0.538223545051518,16,1,100,0.128923194576792,-0.0838759804360953,16,3.77391639775657,1,-12.47831,256,0.2,0.2,20,"both",0.128923194576792,-0.0838759804360953
"1592","session1",-3.0950026595673,11.7159226775659,2.35054253165816,0.000147380059258865,0.427249919297102,0.418639408844399,0.538223545051518,16,1,100,0.128923194576792,-0.0838759804360953,16,1.93245349016994,1,10.86431,256,0.2,0.2,20,"both",0.128923194576792,-0.0838759804360953
"1593","session1",-3.0950026595673,11.7159226775659,2.35054253165816,0.000147380059258865,0.427249919297102,0.418639408844399,0.538223545051518,16,1,100,0.128923194576792,-0.0838759804360953,16,1.56483816375074,1,16.291795,256,0.2,0.2,20,"both",0.128923194576792,-0.0838759804360953
"1594","session1",-3.0950026595673,11.7159226775659,2.35054253165816,0.000147380059258865,0.427249919297102,0.418639408844399,0.538223545051518,16,1,100,0.128923194576792,-0.0838759804360953,16,3.82705680920892,1,17.11404,256,0.2,0.2,20,"both",0.128923194576792,-0.0838759804360953
"1595","session1",-3.0950026595673,11.7159226775659,2.35054253165816,0.000147380059258865,0.427249919297102,0.418639408844399,0.538223545051518,16,1,100,0.128923194576792,-0.0838759804360953,16,1.63220276179757,1,15.729382,256,0.2,0.2,20,"both",0.128923194576792,-0.0838759804360953
"1596","session1",-3.0950026595673,11.7159226775659,2.35054253165816,0.000147380059258865,0.427249919297102,0.418639408844399,0.538223545051518,16,1,100,0.128923194576792,-0.0838759804360953,16,2.71335918908302,1,9.715025,256,0.2,0.2,20,"both",0.128923194576792,-0.0838759804360953
"1597","session1",-3.0950026595673,11.7159226775659,2.35054253165816,0.000147380059258865,0.427249919297102,0.418639408844399,0.538223545051518,16,1,100,0.128923194576792,-0.0838759804360953,16,2.17084762405563,0,-9.420111,256,0.2,0.2,20,"both",0.128923194576792,-0.0838759804360953
"1598","session1",-3.0950026595673,11.7159226775659,2.35054253165816,0.000147380059258865,0.427249919297102,0.418639408844399,0.538223545051518,16,1,100,0.128923194576792,-0.0838759804360953,16,2.66840192673919,0,-7.00387,256,0.2,0.2,20,"both",0.128923194576792,-0.0838759804360953
"1599","session1",-3.0950026595673,11.7159226775659,2.35054253165816,0.000147380059258865,0.427249919297102,0.418639408844399,0.538223545051518,16,1,100,0.128923194576792,-0.0838759804360953,16,4.41912213427604,0,-11.89821,256,0.2,0.2,20,"both",0.128923194576792,-0.0838759804360953
"1600","session1",-3.0950026595673,11.7159226775659,2.35054253165816,0.000147380059258865,0.427249919297102,0.418639408844399,0.538223545051518,16,1,100,0.128923194576792,-0.0838759804360953,16,2.23304830661337,1,10.00337,256,0.2,0.2,20,"both",0.128923194576792,-0.0838759804360953
"1601","session1",-16.7568657728357,12.4236321185186,1.84856251103628,0.00013112269214839,-0.194354416995473,0.524189020525132,0.670304548083539,17,1,100,0.128923194576792,-0.0838759804360953,17,1.92941809560402,0,-9.84717806554,256,0.2,0.2,20,"both",0.128923194576792,-0.0838759804360953
"1602","session1",-16.7568657728357,12.4236321185186,1.84856251103628,0.00013112269214839,-0.194354416995473,0.524189020525132,0.670304548083539,17,1,100,0.128923194576792,-0.0838759804360953,17,1.72692594250138,1,5.3682303445,256,0.2,0.2,20,"both",0.128923194576792,-0.0838759804360953
"1603","session1",-16.7568657728357,12.4236321185186,1.84856251103628,0.00013112269214839,-0.194354416995473,0.524189020525132,0.670304548083539,17,1,100,0.128923194576792,-0.0838759804360953,17,2.03572724206436,1,-0.92479944787,256,0.2,0.2,20,"both",0.128923194576792,-0.0838759804360953
"1604","session1",-16.7568657728357,12.4236321185186,1.84856251103628,0.00013112269214839,-0.194354416995473,0.524189020525132,0.670304548083539,17,1,100,0.128923194576792,-0.0838759804360953,17,1.08042162145889,1,-5.7459396254,256,0.2,0.2,20,"both",0.128923194576792,-0.0838759804360953
"1605","session1",-16.7568657728357,12.4236321185186,1.84856251103628,0.00013112269214839,-0.194354416995473,0.524189020525132,0.670304548083539,17,1,100,0.128923194576792,-0.0838759804360953,17,1.56146486465582,0,0.897209999999999,256,0.2,0.2,20,"both",0.128923194576792,-0.0838759804360953
"1606","session1",-16.7568657728357,12.4236321185186,1.84856251103628,0.00013112269214839,-0.194354416995473,0.524189020525132,0.670304548083539,17,1,100,0.128923194576792,-0.0838759804360953,17,1.29899079058843,1,-4.0543704717006,256,0.2,0.2,20,"both",0.128923194576792,-0.0838759804360953
"1607","session1",-16.7568657728357,12.4236321185186,1.84856251103628,0.00013112269214839,-0.194354416995473,0.524189020525132,0.670304548083539,17,1,100,0.128923194576792,-0.0838759804360953,17,0.976527992596795,0,-48.618,256,0.2,0.2,20,"both",0.128923194576792,-0.0838759804360953
"1608","session1",-16.7568657728357,12.4236321185186,1.84856251103628,0.00013112269214839,-0.194354416995473,0.524189020525132,0.670304548083539,17,1,100,0.128923194576792,-0.0838759804360953,17,2.05813591250141,1,-12.4109,256,0.2,0.2,20,"both",0.128923194576792,-0.0838759804360953
"1609","session1",-16.7568657728357,12.4236321185186,1.84856251103628,0.00013112269214839,-0.194354416995473,0.524189020525132,0.670304548083539,17,1,100,0.128923194576792,-0.0838759804360953,17,1.08263734540974,0,-30.5445,256,0.2,0.2,20,"both",0.128923194576792,-0.0838759804360953
"1610","session1",-16.7568657728357,12.4236321185186,1.84856251103628,0.00013112269214839,-0.194354416995473,0.524189020525132,0.670304548083539,17,1,100,0.128923194576792,-0.0838759804360953,17,2.05102989142361,1,-11.5046488625,256,0.2,0.2,20,"both",0.128923194576792,-0.0838759804360953
"1611","session1",-16.7568657728357,12.4236321185186,1.84856251103628,0.00013112269214839,-0.194354416995473,0.524189020525132,0.670304548083539,17,1,100,0.128923194576792,-0.0838759804360953,17,1.80466663873353,0,-14.5274749544,256,0.2,0.2,20,"both",0.128923194576792,-0.0838759804360953
"1612","session1",-16.7568657728357,12.4236321185186,1.84856251103628,0.00013112269214839,-0.194354416995473,0.524189020525132,0.670304548083539,17,1,100,0.128923194576792,-0.0838759804360953,17,2.19529488155182,0,-36.7265,256,0.2,0.2,20,"both",0.128923194576792,-0.0838759804360953
"1613","session1",-16.7568657728357,12.4236321185186,1.84856251103628,0.00013112269214839,-0.194354416995473,0.524189020525132,0.670304548083539,17,1,100,0.128923194576792,-0.0838759804360953,17,1.39228377526342,1,2.4916,256,0.2,0.2,20,"both",0.128923194576792,-0.0838759804360953
"1614","session1",-16.7568657728357,12.4236321185186,1.84856251103628,0.00013112269214839,-0.194354416995473,0.524189020525132,0.670304548083539,17,1,100,0.128923194576792,-0.0838759804360953,17,1.37455888621221,1,-18.66074,256,0.2,0.2,20,"both",0.128923194576792,-0.0838759804360953
"1615","session1",-16.7568657728357,12.4236321185186,1.84856251103628,0.00013112269214839,-0.194354416995473,0.524189020525132,0.670304548083539,17,1,100,0.128923194576792,-0.0838759804360953,17,1.95064930371471,1,-14.3496,256,0.2,0.2,20,"both",0.128923194576792,-0.0838759804360953
"1616","session1",-16.7568657728357,12.4236321185186,1.84856251103628,0.00013112269214839,-0.194354416995473,0.524189020525132,0.670304548083539,17,1,100,0.128923194576792,-0.0838759804360953,17,2.75018503230125,1,-20.00936,256,0.2,0.2,20,"both",0.128923194576792,-0.0838759804360953
"1617","session1",-16.7568657728357,12.4236321185186,1.84856251103628,0.00013112269214839,-0.194354416995473,0.524189020525132,0.670304548083539,17,1,100,0.128923194576792,-0.0838759804360953,17,5.87829850819126,0,-14.0203,256,0.2,0.2,20,"both",0.128923194576792,-0.0838759804360953
"1618","session1",-16.7568657728357,12.4236321185186,1.84856251103628,0.00013112269214839,-0.194354416995473,0.524189020525132,0.670304548083539,17,1,100,0.128923194576792,-0.0838759804360953,17,4.13031942330744,1,-18.127474265,256,0.2,0.2,20,"both",0.128923194576792,-0.0838759804360953
"1619","session1",-16.7568657728357,12.4236321185186,1.84856251103628,0.00013112269214839,-0.194354416995473,0.524189020525132,0.670304548083539,17,1,100,0.128923194576792,-0.0838759804360953,17,1.31080382530787,0,-39.5015,256,0.2,0.2,20,"both",0.128923194576792,-0.0838759804360953
"1620","session1",-16.7568657728357,12.4236321185186,1.84856251103628,0.00013112269214839,-0.194354416995473,0.524189020525132,0.670304548083539,17,1,100,0.128923194576792,-0.0838759804360953,17,1.69398199583148,1,17.5089,256,0.2,0.2,20,"both",0.128923194576792,-0.0838759804360953
"1621","session1",-16.7568657728357,12.4236321185186,1.84856251103628,0.00013112269214839,-0.194354416995473,0.524189020525132,0.670304548083539,17,1,100,0.128923194576792,-0.0838759804360953,17,1.75889100439153,1,-26.29548,256,0.2,0.2,20,"both",0.128923194576792,-0.0838759804360953
"1622","session1",-16.7568657728357,12.4236321185186,1.84856251103628,0.00013112269214839,-0.194354416995473,0.524189020525132,0.670304548083539,17,1,100,0.128923194576792,-0.0838759804360953,17,1.40765780177673,0,-13.1093,256,0.2,0.2,20,"both",0.128923194576792,-0.0838759804360953
"1623","session1",-16.7568657728357,12.4236321185186,1.84856251103628,0.00013112269214839,-0.194354416995473,0.524189020525132,0.670304548083539,17,1,100,0.128923194576792,-0.0838759804360953,17,1.65943590736108,0,-15.57846,256,0.2,0.2,20,"both",0.128923194576792,-0.0838759804360953
"1624","session1",-16.7568657728357,12.4236321185186,1.84856251103628,0.00013112269214839,-0.194354416995473,0.524189020525132,0.670304548083539,17,1,100,0.128923194576792,-0.0838759804360953,17,1.22997395734713,1,-6.39598,256,0.2,0.2,20,"both",0.128923194576792,-0.0838759804360953
"1625","session1",-16.7568657728357,12.4236321185186,1.84856251103628,0.00013112269214839,-0.194354416995473,0.524189020525132,0.670304548083539,17,1,100,0.128923194576792,-0.0838759804360953,17,1.30605657361395,1,38.4725,256,0.2,0.2,20,"both",0.128923194576792,-0.0838759804360953
"1626","session1",-16.7568657728357,12.4236321185186,1.84856251103628,0.00013112269214839,-0.194354416995473,0.524189020525132,0.670304548083539,17,1,100,0.128923194576792,-0.0838759804360953,17,1.23961922555378,0,-8.1067,256,0.2,0.2,20,"both",0.128923194576792,-0.0838759804360953
"1627","session1",-16.7568657728357,12.4236321185186,1.84856251103628,0.00013112269214839,-0.194354416995473,0.524189020525132,0.670304548083539,17,1,100,0.128923194576792,-0.0838759804360953,17,1.33711968351473,1,13.67111,256,0.2,0.2,20,"both",0.128923194576792,-0.0838759804360953
"1628","session1",-16.7568657728357,12.4236321185186,1.84856251103628,0.00013112269214839,-0.194354416995473,0.524189020525132,0.670304548083539,17,1,100,0.128923194576792,-0.0838759804360953,17,1.44934562717919,1,37.79016,256,0.2,0.2,20,"both",0.128923194576792,-0.0838759804360953
"1629","session1",-16.7568657728357,12.4236321185186,1.84856251103628,0.00013112269214839,-0.194354416995473,0.524189020525132,0.670304548083539,17,1,100,0.128923194576792,-0.0838759804360953,17,1.59685871563149,1,-3.7972,256,0.2,0.2,20,"both",0.128923194576792,-0.0838759804360953
"1630","session1",-16.7568657728357,12.4236321185186,1.84856251103628,0.00013112269214839,-0.194354416995473,0.524189020525132,0.670304548083539,17,1,100,0.128923194576792,-0.0838759804360953,17,1.33399147161662,0,-1.03313,256,0.2,0.2,20,"both",0.128923194576792,-0.0838759804360953
"1631","session1",-16.7568657728357,12.4236321185186,1.84856251103628,0.00013112269214839,-0.194354416995473,0.524189020525132,0.670304548083539,17,1,100,0.128923194576792,-0.0838759804360953,17,2.9331756983678,1,-16.594092955,256,0.2,0.2,20,"both",0.128923194576792,-0.0838759804360953
"1632","session1",-16.7568657728357,12.4236321185186,1.84856251103628,0.00013112269214839,-0.194354416995473,0.524189020525132,0.670304548083539,17,1,100,0.128923194576792,-0.0838759804360953,17,1.57810905583528,1,-21.0766,256,0.2,0.2,20,"both",0.128923194576792,-0.0838759804360953
"1633","session1",-16.7568657728357,12.4236321185186,1.84856251103628,0.00013112269214839,-0.194354416995473,0.524189020525132,0.670304548083539,17,1,100,0.128923194576792,-0.0838759804360953,17,0.990155925883993,1,6.9434,256,0.2,0.2,20,"both",0.128923194576792,-0.0838759804360953
"1634","session1",-16.7568657728357,12.4236321185186,1.84856251103628,0.00013112269214839,-0.194354416995473,0.524189020525132,0.670304548083539,17,1,100,0.128923194576792,-0.0838759804360953,17,1.86790380558293,0,-44.3274,256,0.2,0.2,20,"both",0.128923194576792,-0.0838759804360953
"1635","session1",-16.7568657728357,12.4236321185186,1.84856251103628,0.00013112269214839,-0.194354416995473,0.524189020525132,0.670304548083539,17,1,100,0.128923194576792,-0.0838759804360953,17,2.31203942084051,1,-0.48603,256,0.2,0.2,20,"both",0.128923194576792,-0.0838759804360953
"1636","session1",-16.7568657728357,12.4236321185186,1.84856251103628,0.00013112269214839,-0.194354416995473,0.524189020525132,0.670304548083539,17,1,100,0.128923194576792,-0.0838759804360953,17,1.21225129496205,0,-5.6139,256,0.2,0.2,20,"both",0.128923194576792,-0.0838759804360953
"1637","session1",-16.7568657728357,12.4236321185186,1.84856251103628,0.00013112269214839,-0.194354416995473,0.524189020525132,0.670304548083539,17,1,100,0.128923194576792,-0.0838759804360953,17,1.94995000641567,0,-42.919,256,0.2,0.2,20,"both",0.128923194576792,-0.0838759804360953
"1638","session1",-16.7568657728357,12.4236321185186,1.84856251103628,0.00013112269214839,-0.194354416995473,0.524189020525132,0.670304548083539,17,1,100,0.128923194576792,-0.0838759804360953,17,1.96992529154522,1,-12.9432,256,0.2,0.2,20,"both",0.128923194576792,-0.0838759804360953
"1639","session1",-16.7568657728357,12.4236321185186,1.84856251103628,0.00013112269214839,-0.194354416995473,0.524189020525132,0.670304548083539,17,1,100,0.128923194576792,-0.0838759804360953,17,1.96165752327704,1,-6.9557,256,0.2,0.2,20,"both",0.128923194576792,-0.0838759804360953
"1640","session1",-16.7568657728357,12.4236321185186,1.84856251103628,0.00013112269214839,-0.194354416995473,0.524189020525132,0.670304548083539,17,1,100,0.128923194576792,-0.0838759804360953,17,1.6767706832421,1,7.2663,256,0.2,0.2,20,"both",0.128923194576792,-0.0838759804360953
"1641","session1",-16.7568657728357,12.4236321185186,1.84856251103628,0.00013112269214839,-0.194354416995473,0.524189020525132,0.670304548083539,17,1,100,0.128923194576792,-0.0838759804360953,17,1.5719362884763,1,-4.6875,256,0.2,0.2,20,"both",0.128923194576792,-0.0838759804360953
"1642","session1",-16.7568657728357,12.4236321185186,1.84856251103628,0.00013112269214839,-0.194354416995473,0.524189020525132,0.670304548083539,17,1,100,0.128923194576792,-0.0838759804360953,17,1.48828828751872,0,-34.5272,256,0.2,0.2,20,"both",0.128923194576792,-0.0838759804360953
"1643","session1",-16.7568657728357,12.4236321185186,1.84856251103628,0.00013112269214839,-0.194354416995473,0.524189020525132,0.670304548083539,17,1,100,0.128923194576792,-0.0838759804360953,17,3.0046580996136,1,-5.8435,256,0.2,0.2,20,"both",0.128923194576792,-0.0838759804360953
"1644","session1",-16.7568657728357,12.4236321185186,1.84856251103628,0.00013112269214839,-0.194354416995473,0.524189020525132,0.670304548083539,17,1,100,0.128923194576792,-0.0838759804360953,17,2.01306984710089,1,0.749599999999997,256,0.2,0.2,20,"both",0.128923194576792,-0.0838759804360953
"1645","session1",-16.7568657728357,12.4236321185186,1.84856251103628,0.00013112269214839,-0.194354416995473,0.524189020525132,0.670304548083539,17,1,100,0.128923194576792,-0.0838759804360953,17,1.82237781438637,0,-19.61448642,256,0.2,0.2,20,"both",0.128923194576792,-0.0838759804360953
"1646","session1",-16.7568657728357,12.4236321185186,1.84856251103628,0.00013112269214839,-0.194354416995473,0.524189020525132,0.670304548083539,17,1,100,0.128923194576792,-0.0838759804360953,17,2.57751575166249,0,-28.8915,256,0.2,0.2,20,"both",0.128923194576792,-0.0838759804360953
"1647","session1",-16.7568657728357,12.4236321185186,1.84856251103628,0.00013112269214839,-0.194354416995473,0.524189020525132,0.670304548083539,17,1,100,0.128923194576792,-0.0838759804360953,17,1.49884973969324,1,3.1595,256,0.2,0.2,20,"both",0.128923194576792,-0.0838759804360953
"1648","session1",-16.7568657728357,12.4236321185186,1.84856251103628,0.00013112269214839,-0.194354416995473,0.524189020525132,0.670304548083539,17,1,100,0.128923194576792,-0.0838759804360953,17,2.95695130298124,0,-30.0712,256,0.2,0.2,20,"both",0.128923194576792,-0.0838759804360953
"1649","session1",-16.7568657728357,12.4236321185186,1.84856251103628,0.00013112269214839,-0.194354416995473,0.524189020525132,0.670304548083539,17,1,100,0.128923194576792,-0.0838759804360953,17,1.51757883817318,0,0.8118,256,0.2,0.2,20,"both",0.128923194576792,-0.0838759804360953
"1650","session1",-16.7568657728357,12.4236321185186,1.84856251103628,0.00013112269214839,-0.194354416995473,0.524189020525132,0.670304548083539,17,1,100,0.128923194576792,-0.0838759804360953,17,1.34186873129978,1,4.5936,256,0.2,0.2,20,"both",0.128923194576792,-0.0838759804360953
"1651","session1",-16.7568657728357,12.4236321185186,1.84856251103628,0.00013112269214839,-0.194354416995473,0.524189020525132,0.670304548083539,17,1,100,0.128923194576792,-0.0838759804360953,17,1.08922996565831,1,-3.3857,256,0.2,0.2,20,"both",0.128923194576792,-0.0838759804360953
"1652","session1",-16.7568657728357,12.4236321185186,1.84856251103628,0.00013112269214839,-0.194354416995473,0.524189020525132,0.670304548083539,17,1,100,0.128923194576792,-0.0838759804360953,17,1.34928561536027,0,-29.1353,256,0.2,0.2,20,"both",0.128923194576792,-0.0838759804360953
"1653","session1",-16.7568657728357,12.4236321185186,1.84856251103628,0.00013112269214839,-0.194354416995473,0.524189020525132,0.670304548083539,17,1,100,0.128923194576792,-0.0838759804360953,17,1.13361360168013,0,-37.0046,256,0.2,0.2,20,"both",0.128923194576792,-0.0838759804360953
"1654","session1",-16.7568657728357,12.4236321185186,1.84856251103628,0.00013112269214839,-0.194354416995473,0.524189020525132,0.670304548083539,17,1,100,0.128923194576792,-0.0838759804360953,17,1.51614181536461,1,-6.897,256,0.2,0.2,20,"both",0.128923194576792,-0.0838759804360953
"1655","session1",-16.7568657728357,12.4236321185186,1.84856251103628,0.00013112269214839,-0.194354416995473,0.524189020525132,0.670304548083539,17,1,100,0.128923194576792,-0.0838759804360953,17,1.60067222883157,1,-2.3522,256,0.2,0.2,20,"both",0.128923194576792,-0.0838759804360953
"1656","session1",-16.7568657728357,12.4236321185186,1.84856251103628,0.00013112269214839,-0.194354416995473,0.524189020525132,0.670304548083539,17,1,100,0.128923194576792,-0.0838759804360953,17,2.37590587275213,1,-9.9595,256,0.2,0.2,20,"both",0.128923194576792,-0.0838759804360953
"1657","session1",-16.7568657728357,12.4236321185186,1.84856251103628,0.00013112269214839,-0.194354416995473,0.524189020525132,0.670304548083539,17,1,100,0.128923194576792,-0.0838759804360953,17,1.52364047874356,0,-28.4909,256,0.2,0.2,20,"both",0.128923194576792,-0.0838759804360953
"1658","session1",-16.7568657728357,12.4236321185186,1.84856251103628,0.00013112269214839,-0.194354416995473,0.524189020525132,0.670304548083539,17,1,100,0.128923194576792,-0.0838759804360953,17,1.31681485270267,0,-37.5239,256,0.2,0.2,20,"both",0.128923194576792,-0.0838759804360953
"1659","session1",-16.7568657728357,12.4236321185186,1.84856251103628,0.00013112269214839,-0.194354416995473,0.524189020525132,0.670304548083539,17,1,100,0.128923194576792,-0.0838759804360953,17,1.54911229951802,0,-4.0542,256,0.2,0.2,20,"both",0.128923194576792,-0.0838759804360953
"1660","session1",-16.7568657728357,12.4236321185186,1.84856251103628,0.00013112269214839,-0.194354416995473,0.524189020525132,0.670304548083539,17,1,100,0.128923194576792,-0.0838759804360953,17,2.60101661091173,0,-9.0365,256,0.2,0.2,20,"both",0.128923194576792,-0.0838759804360953
"1661","session1",-16.7568657728357,12.4236321185186,1.84856251103628,0.00013112269214839,-0.194354416995473,0.524189020525132,0.670304548083539,17,1,100,0.128923194576792,-0.0838759804360953,17,1.25323399641655,0,-27.1339,256,0.2,0.2,20,"both",0.128923194576792,-0.0838759804360953
"1662","session1",-16.7568657728357,12.4236321185186,1.84856251103628,0.00013112269214839,-0.194354416995473,0.524189020525132,0.670304548083539,17,1,100,0.128923194576792,-0.0838759804360953,17,4.26447977613238,1,2.1092,256,0.2,0.2,20,"both",0.128923194576792,-0.0838759804360953
"1663","session1",-16.7568657728357,12.4236321185186,1.84856251103628,0.00013112269214839,-0.194354416995473,0.524189020525132,0.670304548083539,17,1,100,0.128923194576792,-0.0838759804360953,17,1.87968057470292,1,10.4283,256,0.2,0.2,20,"both",0.128923194576792,-0.0838759804360953
"1664","session1",-16.7568657728357,12.4236321185186,1.84856251103628,0.00013112269214839,-0.194354416995473,0.524189020525132,0.670304548083539,17,1,100,0.128923194576792,-0.0838759804360953,17,1.27633515420894,1,13.22601,256,0.2,0.2,20,"both",0.128923194576792,-0.0838759804360953
"1665","session1",-16.7568657728357,12.4236321185186,1.84856251103628,0.00013112269214839,-0.194354416995473,0.524189020525132,0.670304548083539,17,1,100,0.128923194576792,-0.0838759804360953,17,1.51182465672007,0,-34.4079,256,0.2,0.2,20,"both",0.128923194576792,-0.0838759804360953
"1666","session1",-16.7568657728357,12.4236321185186,1.84856251103628,0.00013112269214839,-0.194354416995473,0.524189020525132,0.670304548083539,17,1,100,0.128923194576792,-0.0838759804360953,17,2.24320714327654,0,-39.9974,256,0.2,0.2,20,"both",0.128923194576792,-0.0838759804360953
"1667","session1",-16.7568657728357,12.4236321185186,1.84856251103628,0.00013112269214839,-0.194354416995473,0.524189020525132,0.670304548083539,17,1,100,0.128923194576792,-0.0838759804360953,17,0.879217772836093,1,4.8483,256,0.2,0.2,20,"both",0.128923194576792,-0.0838759804360953
"1668","session1",-16.7568657728357,12.4236321185186,1.84856251103628,0.00013112269214839,-0.194354416995473,0.524189020525132,0.670304548083539,17,1,100,0.128923194576792,-0.0838759804360953,17,1.53734127557821,1,3.9009,256,0.2,0.2,20,"both",0.128923194576792,-0.0838759804360953
"1669","session1",-16.7568657728357,12.4236321185186,1.84856251103628,0.00013112269214839,-0.194354416995473,0.524189020525132,0.670304548083539,17,1,100,0.128923194576792,-0.0838759804360953,17,4.32385289121167,1,-21.65704,256,0.2,0.2,20,"both",0.128923194576792,-0.0838759804360953
"1670","session1",-16.7568657728357,12.4236321185186,1.84856251103628,0.00013112269214839,-0.194354416995473,0.524189020525132,0.670304548083539,17,1,100,0.128923194576792,-0.0838759804360953,17,2.4211383058017,0,-9.4551,256,0.2,0.2,20,"both",0.128923194576792,-0.0838759804360953
"1671","session1",-16.7568657728357,12.4236321185186,1.84856251103628,0.00013112269214839,-0.194354416995473,0.524189020525132,0.670304548083539,17,1,100,0.128923194576792,-0.0838759804360953,17,1.91579117357831,0,-35.4585,256,0.2,0.2,20,"both",0.128923194576792,-0.0838759804360953
"1672","session1",-16.7568657728357,12.4236321185186,1.84856251103628,0.00013112269214839,-0.194354416995473,0.524189020525132,0.670304548083539,17,1,100,0.128923194576792,-0.0838759804360953,17,1.45348764446895,1,6.3405,256,0.2,0.2,20,"both",0.128923194576792,-0.0838759804360953
"1673","session1",-16.7568657728357,12.4236321185186,1.84856251103628,0.00013112269214839,-0.194354416995473,0.524189020525132,0.670304548083539,17,1,100,0.128923194576792,-0.0838759804360953,17,1.45736894107912,0,-22.89193,256,0.2,0.2,20,"both",0.128923194576792,-0.0838759804360953
"1674","session1",-16.7568657728357,12.4236321185186,1.84856251103628,0.00013112269214839,-0.194354416995473,0.524189020525132,0.670304548083539,17,1,100,0.128923194576792,-0.0838759804360953,17,2.13911625444709,0,-23.53609,256,0.2,0.2,20,"both",0.128923194576792,-0.0838759804360953
"1675","session1",-16.7568657728357,12.4236321185186,1.84856251103628,0.00013112269214839,-0.194354416995473,0.524189020525132,0.670304548083539,17,1,100,0.128923194576792,-0.0838759804360953,17,1.23698321141043,0,1.9374,256,0.2,0.2,20,"both",0.128923194576792,-0.0838759804360953
"1676","session1",-16.7568657728357,12.4236321185186,1.84856251103628,0.00013112269214839,-0.194354416995473,0.524189020525132,0.670304548083539,17,1,100,0.128923194576792,-0.0838759804360953,17,2.26741665234512,1,1.6369,256,0.2,0.2,20,"both",0.128923194576792,-0.0838759804360953
"1677","session1",-16.7568657728357,12.4236321185186,1.84856251103628,0.00013112269214839,-0.194354416995473,0.524189020525132,0.670304548083539,17,1,100,0.128923194576792,-0.0838759804360953,17,1.40604518551191,0,-35.0301,256,0.2,0.2,20,"both",0.128923194576792,-0.0838759804360953
"1678","session1",-16.7568657728357,12.4236321185186,1.84856251103628,0.00013112269214839,-0.194354416995473,0.524189020525132,0.670304548083539,17,1,100,0.128923194576792,-0.0838759804360953,17,2.3243916406038,0,-29.2936,256,0.2,0.2,20,"both",0.128923194576792,-0.0838759804360953
"1679","session1",-16.7568657728357,12.4236321185186,1.84856251103628,0.00013112269214839,-0.194354416995473,0.524189020525132,0.670304548083539,17,1,100,0.128923194576792,-0.0838759804360953,17,1.66837629423589,1,-28.5138,256,0.2,0.2,20,"both",0.128923194576792,-0.0838759804360953
"1680","session1",-16.7568657728357,12.4236321185186,1.84856251103628,0.00013112269214839,-0.194354416995473,0.524189020525132,0.670304548083539,17,1,100,0.128923194576792,-0.0838759804360953,17,1.99691196910661,0,-35.7347,256,0.2,0.2,20,"both",0.128923194576792,-0.0838759804360953
"1681","session1",-16.7568657728357,12.4236321185186,1.84856251103628,0.00013112269214839,-0.194354416995473,0.524189020525132,0.670304548083539,17,1,100,0.128923194576792,-0.0838759804360953,17,0.979526492878059,1,-1.4233,256,0.2,0.2,20,"both",0.128923194576792,-0.0838759804360953
"1682","session1",-16.7568657728357,12.4236321185186,1.84856251103628,0.00013112269214839,-0.194354416995473,0.524189020525132,0.670304548083539,17,1,100,0.128923194576792,-0.0838759804360953,17,1.65815124830905,1,1.9061,256,0.2,0.2,20,"both",0.128923194576792,-0.0838759804360953
"1683","session1",-16.7568657728357,12.4236321185186,1.84856251103628,0.00013112269214839,-0.194354416995473,0.524189020525132,0.670304548083539,17,1,100,0.128923194576792,-0.0838759804360953,17,1.3376240662065,0,-33.7731,256,0.2,0.2,20,"both",0.128923194576792,-0.0838759804360953
"1684","session1",-16.7568657728357,12.4236321185186,1.84856251103628,0.00013112269214839,-0.194354416995473,0.524189020525132,0.670304548083539,17,1,100,0.128923194576792,-0.0838759804360953,17,1.06394269927804,0,-37.0388,256,0.2,0.2,20,"both",0.128923194576792,-0.0838759804360953
"1685","session1",-16.7568657728357,12.4236321185186,1.84856251103628,0.00013112269214839,-0.194354416995473,0.524189020525132,0.670304548083539,17,1,100,0.128923194576792,-0.0838759804360953,17,1.53522465987449,1,-1.01375,256,0.2,0.2,20,"both",0.128923194576792,-0.0838759804360953
"1686","session1",-16.7568657728357,12.4236321185186,1.84856251103628,0.00013112269214839,-0.194354416995473,0.524189020525132,0.670304548083539,17,1,100,0.128923194576792,-0.0838759804360953,17,2.75465665068011,0,-0.751100000000001,256,0.2,0.2,20,"both",0.128923194576792,-0.0838759804360953
"1687","session1",-16.7568657728357,12.4236321185186,1.84856251103628,0.00013112269214839,-0.194354416995473,0.524189020525132,0.670304548083539,17,1,100,0.128923194576792,-0.0838759804360953,17,2.17831032943899,1,2.431,256,0.2,0.2,20,"both",0.128923194576792,-0.0838759804360953
"1688","session1",-16.7568657728357,12.4236321185186,1.84856251103628,0.00013112269214839,-0.194354416995473,0.524189020525132,0.670304548083539,17,1,100,0.128923194576792,-0.0838759804360953,17,1.34760182122864,0,-30.71502,256,0.2,0.2,20,"both",0.128923194576792,-0.0838759804360953
"1689","session1",-16.7568657728357,12.4236321185186,1.84856251103628,0.00013112269214839,-0.194354416995473,0.524189020525132,0.670304548083539,17,1,100,0.128923194576792,-0.0838759804360953,17,1.68235944044772,0,-29.7222,256,0.2,0.2,20,"both",0.128923194576792,-0.0838759804360953
"1690","session1",-16.7568657728357,12.4236321185186,1.84856251103628,0.00013112269214839,-0.194354416995473,0.524189020525132,0.670304548083539,17,1,100,0.128923194576792,-0.0838759804360953,17,1.28544968468326,1,-31.0546,256,0.2,0.2,20,"both",0.128923194576792,-0.0838759804360953
"1691","session1",-16.7568657728357,12.4236321185186,1.84856251103628,0.00013112269214839,-0.194354416995473,0.524189020525132,0.670304548083539,17,1,100,0.128923194576792,-0.0838759804360953,17,2.02142426118735,0,-4.0815,256,0.2,0.2,20,"both",0.128923194576792,-0.0838759804360953
"1692","session1",-16.7568657728357,12.4236321185186,1.84856251103628,0.00013112269214839,-0.194354416995473,0.524189020525132,0.670304548083539,17,1,100,0.128923194576792,-0.0838759804360953,17,1.14695402540825,1,9.4719,256,0.2,0.2,20,"both",0.128923194576792,-0.0838759804360953
"1693","session1",-16.7568657728357,12.4236321185186,1.84856251103628,0.00013112269214839,-0.194354416995473,0.524189020525132,0.670304548083539,17,1,100,0.128923194576792,-0.0838759804360953,17,1.38236719454338,0,-3.1107,256,0.2,0.2,20,"both",0.128923194576792,-0.0838759804360953
"1694","session1",-16.7568657728357,12.4236321185186,1.84856251103628,0.00013112269214839,-0.194354416995473,0.524189020525132,0.670304548083539,17,1,100,0.128923194576792,-0.0838759804360953,17,1.46106717820339,1,4.9336,256,0.2,0.2,20,"both",0.128923194576792,-0.0838759804360953
"1695","session1",-16.7568657728357,12.4236321185186,1.84856251103628,0.00013112269214839,-0.194354416995473,0.524189020525132,0.670304548083539,17,1,100,0.128923194576792,-0.0838759804360953,17,1.5035424680629,0,-31.6358,256,0.2,0.2,20,"both",0.128923194576792,-0.0838759804360953
"1696","session1",-16.7568657728357,12.4236321185186,1.84856251103628,0.00013112269214839,-0.194354416995473,0.524189020525132,0.670304548083539,17,1,100,0.128923194576792,-0.0838759804360953,17,1.5037695251481,0,-0.4468,256,0.2,0.2,20,"both",0.128923194576792,-0.0838759804360953
"1697","session1",-16.7568657728357,12.4236321185186,1.84856251103628,0.00013112269214839,-0.194354416995473,0.524189020525132,0.670304548083539,17,1,100,0.128923194576792,-0.0838759804360953,17,1.79421640402103,1,-4.24065,256,0.2,0.2,20,"both",0.128923194576792,-0.0838759804360953
"1698","session1",-16.7568657728357,12.4236321185186,1.84856251103628,0.00013112269214839,-0.194354416995473,0.524189020525132,0.670304548083539,17,1,100,0.128923194576792,-0.0838759804360953,17,2.49258380744814,1,-3.64156,256,0.2,0.2,20,"both",0.128923194576792,-0.0838759804360953
"1699","session1",-16.7568657728357,12.4236321185186,1.84856251103628,0.00013112269214839,-0.194354416995473,0.524189020525132,0.670304548083539,17,1,100,0.128923194576792,-0.0838759804360953,17,1.17244170860395,1,6.5611,256,0.2,0.2,20,"both",0.128923194576792,-0.0838759804360953
"1700","session1",-16.7568657728357,12.4236321185186,1.84856251103628,0.00013112269214839,-0.194354416995473,0.524189020525132,0.670304548083539,17,1,100,0.128923194576792,-0.0838759804360953,17,1.75041333328873,0,-27.7664,256,0.2,0.2,20,"both",0.128923194576792,-0.0838759804360953
"1701","session1",-15.655558967973,13.2965321271473,2.05856135195473,0.00048022917999137,0.163837386404676,0.458024042957519,0.4546762192113,18,1,100,0.128923194576792,-0.0838759804360953,18,1.72340806543217,1,-10.1056646751,256,0.2,0.2,20,"both",0.128923194576792,-0.0838759804360953
"1702","session1",-15.655558967973,13.2965321271473,2.05856135195473,0.00048022917999137,0.163837386404676,0.458024042957519,0.4546762192113,18,1,100,0.128923194576792,-0.0838759804360953,18,1.97453331416423,0,-12.28272733924,256,0.2,0.2,20,"both",0.128923194576792,-0.0838759804360953
"1703","session1",-15.655558967973,13.2965321271473,2.05856135195473,0.00048022917999137,0.163837386404676,0.458024042957519,0.4546762192113,18,1,100,0.128923194576792,-0.0838759804360953,18,1.80995881625397,1,-1.423258483,256,0.2,0.2,20,"both",0.128923194576792,-0.0838759804360953
"1704","session1",-15.655558967973,13.2965321271473,2.05856135195473,0.00048022917999137,0.163837386404676,0.458024042957519,0.4546762192113,18,1,100,0.128923194576792,-0.0838759804360953,18,2.38755713348135,0,-8.2274680598,256,0.2,0.2,20,"both",0.128923194576792,-0.0838759804360953
"1705","session1",-15.655558967973,13.2965321271473,2.05856135195473,0.00048022917999137,0.163837386404676,0.458024042957519,0.4546762192113,18,1,100,0.128923194576792,-0.0838759804360953,18,1.89167425405601,1,-3.02876448876,256,0.2,0.2,20,"both",0.128923194576792,-0.0838759804360953
"1706","session1",-15.655558967973,13.2965321271473,2.05856135195473,0.00048022917999137,0.163837386404676,0.458024042957519,0.4546762192113,18,1,100,0.128923194576792,-0.0838759804360953,18,1.07639340996147,1,0.47207,256,0.2,0.2,20,"both",0.128923194576792,-0.0838759804360953
"1707","session1",-15.655558967973,13.2965321271473,2.05856135195473,0.00048022917999137,0.163837386404676,0.458024042957519,0.4546762192113,18,1,100,0.128923194576792,-0.0838759804360953,18,4.52326078513141,0,-9.76291,256,0.2,0.2,20,"both",0.128923194576792,-0.0838759804360953
"1708","session1",-15.655558967973,13.2965321271473,2.05856135195473,0.00048022917999137,0.163837386404676,0.458024042957519,0.4546762192113,18,1,100,0.128923194576792,-0.0838759804360953,18,3.18735992377037,0,-29.95791,256,0.2,0.2,20,"both",0.128923194576792,-0.0838759804360953
"1709","session1",-15.655558967973,13.2965321271473,2.05856135195473,0.00048022917999137,0.163837386404676,0.458024042957519,0.4546762192113,18,1,100,0.128923194576792,-0.0838759804360953,18,1.32227750223161,1,1.62534,256,0.2,0.2,20,"both",0.128923194576792,-0.0838759804360953
"1710","session1",-15.655558967973,13.2965321271473,2.05856135195473,0.00048022917999137,0.163837386404676,0.458024042957519,0.4546762192113,18,1,100,0.128923194576792,-0.0838759804360953,18,1.33139995506073,1,3.13538,256,0.2,0.2,20,"both",0.128923194576792,-0.0838759804360953
"1711","session1",-15.655558967973,13.2965321271473,2.05856135195473,0.00048022917999137,0.163837386404676,0.458024042957519,0.4546762192113,18,1,100,0.128923194576792,-0.0838759804360953,18,2.65080108736266,1,-11.78937,256,0.2,0.2,20,"both",0.128923194576792,-0.0838759804360953
"1712","session1",-15.655558967973,13.2965321271473,2.05856135195473,0.00048022917999137,0.163837386404676,0.458024042957519,0.4546762192113,18,1,100,0.128923194576792,-0.0838759804360953,18,1.61966690478167,1,2.70214,256,0.2,0.2,20,"both",0.128923194576792,-0.0838759804360953
"1713","session1",-15.655558967973,13.2965321271473,2.05856135195473,0.00048022917999137,0.163837386404676,0.458024042957519,0.4546762192113,18,1,100,0.128923194576792,-0.0838759804360953,18,3.72756497909253,0,-17.10377,256,0.2,0.2,20,"both",0.128923194576792,-0.0838759804360953
"1714","session1",-15.655558967973,13.2965321271473,2.05856135195473,0.00048022917999137,0.163837386404676,0.458024042957519,0.4546762192113,18,1,100,0.128923194576792,-0.0838759804360953,18,1.49881516170739,1,-4.41603,256,0.2,0.2,20,"both",0.128923194576792,-0.0838759804360953
"1715","session1",-15.655558967973,13.2965321271473,2.05856135195473,0.00048022917999137,0.163837386404676,0.458024042957519,0.4546762192113,18,1,100,0.128923194576792,-0.0838759804360953,18,4.82885598309401,1,-3.56893,256,0.2,0.2,20,"both",0.128923194576792,-0.0838759804360953
"1716","session1",-15.655558967973,13.2965321271473,2.05856135195473,0.00048022917999137,0.163837386404676,0.458024042957519,0.4546762192113,18,1,100,0.128923194576792,-0.0838759804360953,18,2.89161571403576,1,-16.37697,256,0.2,0.2,20,"both",0.128923194576792,-0.0838759804360953
"1717","session1",-15.655558967973,13.2965321271473,2.05856135195473,0.00048022917999137,0.163837386404676,0.458024042957519,0.4546762192113,18,1,100,0.128923194576792,-0.0838759804360953,18,5.40236482765737,1,-18.48572,256,0.2,0.2,20,"both",0.128923194576792,-0.0838759804360953
"1718","session1",-15.655558967973,13.2965321271473,2.05856135195473,0.00048022917999137,0.163837386404676,0.458024042957519,0.4546762192113,18,1,100,0.128923194576792,-0.0838759804360953,18,3.43745809786991,1,-0.96694,256,0.2,0.2,20,"both",0.128923194576792,-0.0838759804360953
"1719","session1",-15.655558967973,13.2965321271473,2.05856135195473,0.00048022917999137,0.163837386404676,0.458024042957519,0.4546762192113,18,1,100,0.128923194576792,-0.0838759804360953,18,2.49324712449202,1,-20.31123,256,0.2,0.2,20,"both",0.128923194576792,-0.0838759804360953
"1720","session1",-15.655558967973,13.2965321271473,2.05856135195473,0.00048022917999137,0.163837386404676,0.458024042957519,0.4546762192113,18,1,100,0.128923194576792,-0.0838759804360953,18,1.13313699711481,1,8.319,256,0.2,0.2,20,"both",0.128923194576792,-0.0838759804360953
"1721","session1",-15.655558967973,13.2965321271473,2.05856135195473,0.00048022917999137,0.163837386404676,0.458024042957519,0.4546762192113,18,1,100,0.128923194576792,-0.0838759804360953,18,4.24663830440356,1,-9.42337,256,0.2,0.2,20,"both",0.128923194576792,-0.0838759804360953
"1722","session1",-15.655558967973,13.2965321271473,2.05856135195473,0.00048022917999137,0.163837386404676,0.458024042957519,0.4546762192113,18,1,100,0.128923194576792,-0.0838759804360953,18,1.88282166938632,0,-32.63476,256,0.2,0.2,20,"both",0.128923194576792,-0.0838759804360953
"1723","session1",-15.655558967973,13.2965321271473,2.05856135195473,0.00048022917999137,0.163837386404676,0.458024042957519,0.4546762192113,18,1,100,0.128923194576792,-0.0838759804360953,18,1.67469292094446,1,-10.5991,256,0.2,0.2,20,"both",0.128923194576792,-0.0838759804360953
"1724","session1",-15.655558967973,13.2965321271473,2.05856135195473,0.00048022917999137,0.163837386404676,0.458024042957519,0.4546762192113,18,1,100,0.128923194576792,-0.0838759804360953,18,3.20673861043322,1,-9.1132,256,0.2,0.2,20,"both",0.128923194576792,-0.0838759804360953
"1725","session1",-15.655558967973,13.2965321271473,2.05856135195473,0.00048022917999137,0.163837386404676,0.458024042957519,0.4546762192113,18,1,100,0.128923194576792,-0.0838759804360953,18,1.87763647657019,0,-24.17717,256,0.2,0.2,20,"both",0.128923194576792,-0.0838759804360953
"1726","session1",-15.655558967973,13.2965321271473,2.05856135195473,0.00048022917999137,0.163837386404676,0.458024042957519,0.4546762192113,18,1,100,0.128923194576792,-0.0838759804360953,18,2.19451897551283,1,-7.7484,256,0.2,0.2,20,"both",0.128923194576792,-0.0838759804360953
"1727","session1",-15.655558967973,13.2965321271473,2.05856135195473,0.00048022917999137,0.163837386404676,0.458024042957519,0.4546762192113,18,1,100,0.128923194576792,-0.0838759804360953,18,2.52972988936,0,-33.2233,256,0.2,0.2,20,"both",0.128923194576792,-0.0838759804360953
"1728","session1",-15.655558967973,13.2965321271473,2.05856135195473,0.00048022917999137,0.163837386404676,0.458024042957519,0.4546762192113,18,1,100,0.128923194576792,-0.0838759804360953,18,3.41975282347829,1,-24.27697,256,0.2,0.2,20,"both",0.128923194576792,-0.0838759804360953
"1729","session1",-15.655558967973,13.2965321271473,2.05856135195473,0.00048022917999137,0.163837386404676,0.458024042957519,0.4546762192113,18,1,100,0.128923194576792,-0.0838759804360953,18,1.5676560042232,0,-25.16278,256,0.2,0.2,20,"both",0.128923194576792,-0.0838759804360953
"1730","session1",-15.655558967973,13.2965321271473,2.05856135195473,0.00048022917999137,0.163837386404676,0.458024042957519,0.4546762192113,18,1,100,0.128923194576792,-0.0838759804360953,18,2.02082642138783,0,-23.52967,256,0.2,0.2,20,"both",0.128923194576792,-0.0838759804360953
"1731","session1",-15.655558967973,13.2965321271473,2.05856135195473,0.00048022917999137,0.163837386404676,0.458024042957519,0.4546762192113,18,1,100,0.128923194576792,-0.0838759804360953,18,2.83834289224247,1,-21.61611,256,0.2,0.2,20,"both",0.128923194576792,-0.0838759804360953
"1732","session1",-15.655558967973,13.2965321271473,2.05856135195473,0.00048022917999137,0.163837386404676,0.458024042957519,0.4546762192113,18,1,100,0.128923194576792,-0.0838759804360953,18,2.49738560181569,0,-12.03619,256,0.2,0.2,20,"both",0.128923194576792,-0.0838759804360953
"1733","session1",-15.655558967973,13.2965321271473,2.05856135195473,0.00048022917999137,0.163837386404676,0.458024042957519,0.4546762192113,18,1,100,0.128923194576792,-0.0838759804360953,18,1.76923387524249,1,2.8755,256,0.2,0.2,20,"both",0.128923194576792,-0.0838759804360953
"1734","session1",-15.655558967973,13.2965321271473,2.05856135195473,0.00048022917999137,0.163837386404676,0.458024042957519,0.4546762192113,18,1,100,0.128923194576792,-0.0838759804360953,18,1.76541325678982,1,-29.09,256,0.2,0.2,20,"both",0.128923194576792,-0.0838759804360953
"1735","session1",-15.655558967973,13.2965321271473,2.05856135195473,0.00048022917999137,0.163837386404676,0.458024042957519,0.4546762192113,18,1,100,0.128923194576792,-0.0838759804360953,18,2.07304535744346,0,-11.05017,256,0.2,0.2,20,"both",0.128923194576792,-0.0838759804360953
"1736","session1",-15.655558967973,13.2965321271473,2.05856135195473,0.00048022917999137,0.163837386404676,0.458024042957519,0.4546762192113,18,1,100,0.128923194576792,-0.0838759804360953,18,1.52076688075502,1,-0.978400000000001,256,0.2,0.2,20,"both",0.128923194576792,-0.0838759804360953
"1737","session1",-15.655558967973,13.2965321271473,2.05856135195473,0.00048022917999137,0.163837386404676,0.458024042957519,0.4546762192113,18,1,100,0.128923194576792,-0.0838759804360953,18,2.37400562468462,0,-8.7474,256,0.2,0.2,20,"both",0.128923194576792,-0.0838759804360953
"1738","session1",-15.655558967973,13.2965321271473,2.05856135195473,0.00048022917999137,0.163837386404676,0.458024042957519,0.4546762192113,18,1,100,0.128923194576792,-0.0838759804360953,18,1.84375451630829,0,-37.2673,256,0.2,0.2,20,"both",0.128923194576792,-0.0838759804360953
"1739","session1",-15.655558967973,13.2965321271473,2.05856135195473,0.00048022917999137,0.163837386404676,0.458024042957519,0.4546762192113,18,1,100,0.128923194576792,-0.0838759804360953,18,3.32260099361577,0,-32.7982,256,0.2,0.2,20,"both",0.128923194576792,-0.0838759804360953
"1740","session1",-15.655558967973,13.2965321271473,2.05856135195473,0.00048022917999137,0.163837386404676,0.458024042957519,0.4546762192113,18,1,100,0.128923194576792,-0.0838759804360953,18,3.96554798855936,0,-28.8908,256,0.2,0.2,20,"both",0.128923194576792,-0.0838759804360953
"1741","session1",-15.655558967973,13.2965321271473,2.05856135195473,0.00048022917999137,0.163837386404676,0.458024042957519,0.4546762192113,18,1,100,0.128923194576792,-0.0838759804360953,18,1.626423774083,1,-6.5623,256,0.2,0.2,20,"both",0.128923194576792,-0.0838759804360953
"1742","session1",-15.655558967973,13.2965321271473,2.05856135195473,0.00048022917999137,0.163837386404676,0.458024042957519,0.4546762192113,18,1,100,0.128923194576792,-0.0838759804360953,18,1.34989211756142,1,-7.9026,256,0.2,0.2,20,"both",0.128923194576792,-0.0838759804360953
"1743","session1",-15.655558967973,13.2965321271473,2.05856135195473,0.00048022917999137,0.163837386404676,0.458024042957519,0.4546762192113,18,1,100,0.128923194576792,-0.0838759804360953,18,1.88623428417619,0,-40.1569,256,0.2,0.2,20,"both",0.128923194576792,-0.0838759804360953
"1744","session1",-15.655558967973,13.2965321271473,2.05856135195473,0.00048022917999137,0.163837386404676,0.458024042957519,0.4546762192113,18,1,100,0.128923194576792,-0.0838759804360953,18,2.52893826828456,1,-12.5191,256,0.2,0.2,20,"both",0.128923194576792,-0.0838759804360953
"1745","session1",-15.655558967973,13.2965321271473,2.05856135195473,0.00048022917999137,0.163837386404676,0.458024042957519,0.4546762192113,18,1,100,0.128923194576792,-0.0838759804360953,18,4.3182284502674,0,-7.70378,256,0.2,0.2,20,"both",0.128923194576792,-0.0838759804360953
"1746","session1",-15.655558967973,13.2965321271473,2.05856135195473,0.00048022917999137,0.163837386404676,0.458024042957519,0.4546762192113,18,1,100,0.128923194576792,-0.0838759804360953,18,5.97438538428324,0,-29.452,256,0.2,0.2,20,"both",0.128923194576792,-0.0838759804360953
"1747","session1",-15.655558967973,13.2965321271473,2.05856135195473,0.00048022917999137,0.163837386404676,0.458024042957519,0.4546762192113,18,1,100,0.128923194576792,-0.0838759804360953,18,1.43927447968182,0,-23.63871,256,0.2,0.2,20,"both",0.128923194576792,-0.0838759804360953
"1748","session1",-15.655558967973,13.2965321271473,2.05856135195473,0.00048022917999137,0.163837386404676,0.458024042957519,0.4546762192113,18,1,100,0.128923194576792,-0.0838759804360953,18,1.65964921145959,1,-1.3528,256,0.2,0.2,20,"both",0.128923194576792,-0.0838759804360953
"1749","session1",-15.655558967973,13.2965321271473,2.05856135195473,0.00048022917999137,0.163837386404676,0.458024042957519,0.4546762192113,18,1,100,0.128923194576792,-0.0838759804360953,18,3.41287739950297,0,-28.5003,256,0.2,0.2,20,"both",0.128923194576792,-0.0838759804360953
"1750","session1",-15.655558967973,13.2965321271473,2.05856135195473,0.00048022917999137,0.163837386404676,0.458024042957519,0.4546762192113,18,1,100,0.128923194576792,-0.0838759804360953,18,0.938815178156868,1,1.6995,256,0.2,0.2,20,"both",0.128923194576792,-0.0838759804360953
"1751","session1",-15.655558967973,13.2965321271473,2.05856135195473,0.00048022917999137,0.163837386404676,0.458024042957519,0.4546762192113,18,1,100,0.128923194576792,-0.0838759804360953,18,1.2396236243562,1,-27.1977,256,0.2,0.2,20,"both",0.128923194576792,-0.0838759804360953
"1752","session1",-15.655558967973,13.2965321271473,2.05856135195473,0.00048022917999137,0.163837386404676,0.458024042957519,0.4546762192113,18,1,100,0.128923194576792,-0.0838759804360953,18,1.83774641598503,0,-35.9464,256,0.2,0.2,20,"both",0.128923194576792,-0.0838759804360953
"1753","session1",-15.655558967973,13.2965321271473,2.05856135195473,0.00048022917999137,0.163837386404676,0.458024042957519,0.4546762192113,18,1,100,0.128923194576792,-0.0838759804360953,18,1.54497476739818,1,1.1991,256,0.2,0.2,20,"both",0.128923194576792,-0.0838759804360953
"1754","session1",-15.655558967973,13.2965321271473,2.05856135195473,0.00048022917999137,0.163837386404676,0.458024042957519,0.4546762192113,18,1,100,0.128923194576792,-0.0838759804360953,18,1.96962906287161,0,-33.8441,256,0.2,0.2,20,"both",0.128923194576792,-0.0838759804360953
"1755","session1",-15.655558967973,13.2965321271473,2.05856135195473,0.00048022917999137,0.163837386404676,0.458024042957519,0.4546762192113,18,1,100,0.128923194576792,-0.0838759804360953,18,1.63534465366689,1,1.1455,256,0.2,0.2,20,"both",0.128923194576792,-0.0838759804360953
"1756","session1",-15.655558967973,13.2965321271473,2.05856135195473,0.00048022917999137,0.163837386404676,0.458024042957519,0.4546762192113,18,1,100,0.128923194576792,-0.0838759804360953,18,1.84181190156759,0,-9.86069,256,0.2,0.2,20,"both",0.128923194576792,-0.0838759804360953
"1757","session1",-15.655558967973,13.2965321271473,2.05856135195473,0.00048022917999137,0.163837386404676,0.458024042957519,0.4546762192113,18,1,100,0.128923194576792,-0.0838759804360953,18,2.0784356993798,0,-10.2097,256,0.2,0.2,20,"both",0.128923194576792,-0.0838759804360953
"1758","session1",-15.655558967973,13.2965321271473,2.05856135195473,0.00048022917999137,0.163837386404676,0.458024042957519,0.4546762192113,18,1,100,0.128923194576792,-0.0838759804360953,18,4.3497925828199,1,-2.1997,256,0.2,0.2,20,"both",0.128923194576792,-0.0838759804360953
"1759","session1",-15.655558967973,13.2965321271473,2.05856135195473,0.00048022917999137,0.163837386404676,0.458024042957519,0.4546762192113,18,1,100,0.128923194576792,-0.0838759804360953,18,2.06819071499502,0,-29.0463,256,0.2,0.2,20,"both",0.128923194576792,-0.0838759804360953
"1760","session1",-15.655558967973,13.2965321271473,2.05856135195473,0.00048022917999137,0.163837386404676,0.458024042957519,0.4546762192113,18,1,100,0.128923194576792,-0.0838759804360953,18,1.86353148580597,0,-21.03168,256,0.2,0.2,20,"both",0.128923194576792,-0.0838759804360953
"1761","session1",-15.655558967973,13.2965321271473,2.05856135195473,0.00048022917999137,0.163837386404676,0.458024042957519,0.4546762192113,18,1,100,0.128923194576792,-0.0838759804360953,18,1.97453471004877,1,-2.6073,256,0.2,0.2,20,"both",0.128923194576792,-0.0838759804360953
"1762","session1",-15.655558967973,13.2965321271473,2.05856135195473,0.00048022917999137,0.163837386404676,0.458024042957519,0.4546762192113,18,1,100,0.128923194576792,-0.0838759804360953,18,2.11586723210538,0,-28.7638,256,0.2,0.2,20,"both",0.128923194576792,-0.0838759804360953
"1763","session1",-15.655558967973,13.2965321271473,2.05856135195473,0.00048022917999137,0.163837386404676,0.458024042957519,0.4546762192113,18,1,100,0.128923194576792,-0.0838759804360953,18,2.62107633716907,1,-1.4722,256,0.2,0.2,20,"both",0.128923194576792,-0.0838759804360953
"1764","session1",-15.655558967973,13.2965321271473,2.05856135195473,0.00048022917999137,0.163837386404676,0.458024042957519,0.4546762192113,18,1,100,0.128923194576792,-0.0838759804360953,18,1.86815788574571,0,-33.1094,256,0.2,0.2,20,"both",0.128923194576792,-0.0838759804360953
"1765","session1",-15.655558967973,13.2965321271473,2.05856135195473,0.00048022917999137,0.163837386404676,0.458024042957519,0.4546762192113,18,1,100,0.128923194576792,-0.0838759804360953,18,2.24619031904136,1,-4.0923,256,0.2,0.2,20,"both",0.128923194576792,-0.0838759804360953
"1766","session1",-15.655558967973,13.2965321271473,2.05856135195473,0.00048022917999137,0.163837386404676,0.458024042957519,0.4546762192113,18,1,100,0.128923194576792,-0.0838759804360953,18,1.27368403959339,1,-6.01438,256,0.2,0.2,20,"both",0.128923194576792,-0.0838759804360953
"1767","session1",-15.655558967973,13.2965321271473,2.05856135195473,0.00048022917999137,0.163837386404676,0.458024042957519,0.4546762192113,18,1,100,0.128923194576792,-0.0838759804360953,18,2.31027160337324,0,-6.34076,256,0.2,0.2,20,"both",0.128923194576792,-0.0838759804360953
"1768","session1",-15.655558967973,13.2965321271473,2.05856135195473,0.00048022917999137,0.163837386404676,0.458024042957519,0.4546762192113,18,1,100,0.128923194576792,-0.0838759804360953,18,1.98368685176714,1,-24.5,256,0.2,0.2,20,"both",0.128923194576792,-0.0838759804360953
"1769","session1",-15.655558967973,13.2965321271473,2.05856135195473,0.00048022917999137,0.163837386404676,0.458024042957519,0.4546762192113,18,1,100,0.128923194576792,-0.0838759804360953,18,2.70713521418054,1,-35.2291,256,0.2,0.2,20,"both",0.128923194576792,-0.0838759804360953
"1770","session1",-15.655558967973,13.2965321271473,2.05856135195473,0.00048022917999137,0.163837386404676,0.458024042957519,0.4546762192113,18,1,100,0.128923194576792,-0.0838759804360953,18,2.59988698139342,0,-31.7029,256,0.2,0.2,20,"both",0.128923194576792,-0.0838759804360953
"1771","session1",-15.655558967973,13.2965321271473,2.05856135195473,0.00048022917999137,0.163837386404676,0.458024042957519,0.4546762192113,18,1,100,0.128923194576792,-0.0838759804360953,18,1.78907718500376,0,-33.9819,256,0.2,0.2,20,"both",0.128923194576792,-0.0838759804360953
"1772","session1",-15.655558967973,13.2965321271473,2.05856135195473,0.00048022917999137,0.163837386404676,0.458024042957519,0.4546762192113,18,1,100,0.128923194576792,-0.0838759804360953,18,1.91941736433833,1,-3.386,256,0.2,0.2,20,"both",0.128923194576792,-0.0838759804360953
"1773","session1",-15.655558967973,13.2965321271473,2.05856135195473,0.00048022917999137,0.163837386404676,0.458024042957519,0.4546762192113,18,1,100,0.128923194576792,-0.0838759804360953,18,1.50864817814779,1,-5.9711,256,0.2,0.2,20,"both",0.128923194576792,-0.0838759804360953
"1774","session1",-15.655558967973,13.2965321271473,2.05856135195473,0.00048022917999137,0.163837386404676,0.458024042957519,0.4546762192113,18,1,100,0.128923194576792,-0.0838759804360953,18,3.41668757538374,0,-25.67511,256,0.2,0.2,20,"both",0.128923194576792,-0.0838759804360953
"1775","session1",-15.655558967973,13.2965321271473,2.05856135195473,0.00048022917999137,0.163837386404676,0.458024042957519,0.4546762192113,18,1,100,0.128923194576792,-0.0838759804360953,18,1.17188149111115,0,-28.2091,256,0.2,0.2,20,"both",0.128923194576792,-0.0838759804360953
"1776","session1",-15.655558967973,13.2965321271473,2.05856135195473,0.00048022917999137,0.163837386404676,0.458024042957519,0.4546762192113,18,1,100,0.128923194576792,-0.0838759804360953,18,1.32038804612612,1,-7.1155,256,0.2,0.2,20,"both",0.128923194576792,-0.0838759804360953
"1777","session1",-15.655558967973,13.2965321271473,2.05856135195473,0.00048022917999137,0.163837386404676,0.458024042957519,0.4546762192113,18,1,100,0.128923194576792,-0.0838759804360953,18,1.62541221825755,1,-9.83275,256,0.2,0.2,20,"both",0.128923194576792,-0.0838759804360953
"1778","session1",-15.655558967973,13.2965321271473,2.05856135195473,0.00048022917999137,0.163837386404676,0.458024042957519,0.4546762192113,18,1,100,0.128923194576792,-0.0838759804360953,18,2.66524118007046,1,-5.6335,256,0.2,0.2,20,"both",0.128923194576792,-0.0838759804360953
"1779","session1",-15.655558967973,13.2965321271473,2.05856135195473,0.00048022917999137,0.163837386404676,0.458024042957519,0.4546762192113,18,1,100,0.128923194576792,-0.0838759804360953,18,1.64051245990744,1,0.0982000000000003,256,0.2,0.2,20,"both",0.128923194576792,-0.0838759804360953
"1780","session1",-15.655558967973,13.2965321271473,2.05856135195473,0.00048022917999137,0.163837386404676,0.458024042957519,0.4546762192113,18,1,100,0.128923194576792,-0.0838759804360953,18,2.09430816550576,0,4.9537,256,0.2,0.2,20,"both",0.128923194576792,-0.0838759804360953
"1781","session1",-15.655558967973,13.2965321271473,2.05856135195473,0.00048022917999137,0.163837386404676,0.458024042957519,0.4546762192113,18,1,100,0.128923194576792,-0.0838759804360953,18,2.83098728620697,0,-23.80441,256,0.2,0.2,20,"both",0.128923194576792,-0.0838759804360953
"1782","session1",-15.655558967973,13.2965321271473,2.05856135195473,0.00048022917999137,0.163837386404676,0.458024042957519,0.4546762192113,18,1,100,0.128923194576792,-0.0838759804360953,18,1.31362616882552,1,-5.1133,256,0.2,0.2,20,"both",0.128923194576792,-0.0838759804360953
"1783","session1",-15.655558967973,13.2965321271473,2.05856135195473,0.00048022917999137,0.163837386404676,0.458024042957519,0.4546762192113,18,1,100,0.128923194576792,-0.0838759804360953,18,2.20458408133017,1,-22.54758,256,0.2,0.2,20,"both",0.128923194576792,-0.0838759804360953
"1784","session1",-15.655558967973,13.2965321271473,2.05856135195473,0.00048022917999137,0.163837386404676,0.458024042957519,0.4546762192113,18,1,100,0.128923194576792,-0.0838759804360953,18,4.05361762374481,0,-5.84744,256,0.2,0.2,20,"both",0.128923194576792,-0.0838759804360953
"1785","session1",-15.655558967973,13.2965321271473,2.05856135195473,0.00048022917999137,0.163837386404676,0.458024042957519,0.4546762192113,18,1,100,0.128923194576792,-0.0838759804360953,18,1.78638514968234,0,-27.8832,256,0.2,0.2,20,"both",0.128923194576792,-0.0838759804360953
"1786","session1",-15.655558967973,13.2965321271473,2.05856135195473,0.00048022917999137,0.163837386404676,0.458024042957519,0.4546762192113,18,1,100,0.128923194576792,-0.0838759804360953,18,2.01112835869156,1,-1.5126,256,0.2,0.2,20,"both",0.128923194576792,-0.0838759804360953
"1787","session1",-15.655558967973,13.2965321271473,2.05856135195473,0.00048022917999137,0.163837386404676,0.458024042957519,0.4546762192113,18,1,100,0.128923194576792,-0.0838759804360953,18,1.99633177487283,0,-34.1797,256,0.2,0.2,20,"both",0.128923194576792,-0.0838759804360953
"1788","session1",-15.655558967973,13.2965321271473,2.05856135195473,0.00048022917999137,0.163837386404676,0.458024042957519,0.4546762192113,18,1,100,0.128923194576792,-0.0838759804360953,18,1.96343320459574,1,-3.0228,256,0.2,0.2,20,"both",0.128923194576792,-0.0838759804360953
"1789","session1",-15.655558967973,13.2965321271473,2.05856135195473,0.00048022917999137,0.163837386404676,0.458024042957519,0.4546762192113,18,1,100,0.128923194576792,-0.0838759804360953,18,1.96581648469912,1,7.1156,256,0.2,0.2,20,"both",0.128923194576792,-0.0838759804360953
"1790","session1",-15.655558967973,13.2965321271473,2.05856135195473,0.00048022917999137,0.163837386404676,0.458024042957519,0.4546762192113,18,1,100,0.128923194576792,-0.0838759804360953,18,1.22980648183702,0,-4.3928,256,0.2,0.2,20,"both",0.128923194576792,-0.0838759804360953
"1791","session1",-15.655558967973,13.2965321271473,2.05856135195473,0.00048022917999137,0.163837386404676,0.458024042957519,0.4546762192113,18,1,100,0.128923194576792,-0.0838759804360953,18,2.42937199319787,0,-25.37342,256,0.2,0.2,20,"both",0.128923194576792,-0.0838759804360953
"1792","session1",-15.655558967973,13.2965321271473,2.05856135195473,0.00048022917999137,0.163837386404676,0.458024042957519,0.4546762192113,18,1,100,0.128923194576792,-0.0838759804360953,18,3.20766908246237,0,-29.1012,256,0.2,0.2,20,"both",0.128923194576792,-0.0838759804360953
"1793","session1",-15.655558967973,13.2965321271473,2.05856135195473,0.00048022917999137,0.163837386404676,0.458024042957519,0.4546762192113,18,1,100,0.128923194576792,-0.0838759804360953,18,1.44906006894229,0,-895.617406,256,0.2,0.2,20,"both",0.128923194576792,-0.0838759804360953
"1794","session1",-15.655558967973,13.2965321271473,2.05856135195473,0.00048022917999137,0.163837386404676,0.458024042957519,0.4546762192113,18,1,100,0.128923194576792,-0.0838759804360953,18,1.49520681945242,0,-29.0644,256,0.2,0.2,20,"both",0.128923194576792,-0.0838759804360953
"1795","session1",-15.655558967973,13.2965321271473,2.05856135195473,0.00048022917999137,0.163837386404676,0.458024042957519,0.4546762192113,18,1,100,0.128923194576792,-0.0838759804360953,18,1.38913732759645,0,-32.1204,256,0.2,0.2,20,"both",0.128923194576792,-0.0838759804360953
"1796","session1",-15.655558967973,13.2965321271473,2.05856135195473,0.00048022917999137,0.163837386404676,0.458024042957519,0.4546762192113,18,1,100,0.128923194576792,-0.0838759804360953,18,3.36396309544934,0,-29.5673,256,0.2,0.2,20,"both",0.128923194576792,-0.0838759804360953
"1797","session1",-15.655558967973,13.2965321271473,2.05856135195473,0.00048022917999137,0.163837386404676,0.458024042957519,0.4546762192113,18,1,100,0.128923194576792,-0.0838759804360953,18,2.08980953530063,0,-27.2199,256,0.2,0.2,20,"both",0.128923194576792,-0.0838759804360953
"1798","session1",-15.655558967973,13.2965321271473,2.05856135195473,0.00048022917999137,0.163837386404676,0.458024042957519,0.4546762192113,18,1,100,0.128923194576792,-0.0838759804360953,18,4.04641900939329,1,-5.1411,256,0.2,0.2,20,"both",0.128923194576792,-0.0838759804360953
"1799","session1",-15.655558967973,13.2965321271473,2.05856135195473,0.00048022917999137,0.163837386404676,0.458024042957519,0.4546762192113,18,1,100,0.128923194576792,-0.0838759804360953,18,1.55270499132625,0,-3.3726,256,0.2,0.2,20,"both",0.128923194576792,-0.0838759804360953
"1800","session1",-15.655558967973,13.2965321271473,2.05856135195473,0.00048022917999137,0.163837386404676,0.458024042957519,0.4546762192113,18,1,100,0.128923194576792,-0.0838759804360953,18,1.98262929295365,0,-6.42507,256,0.2,0.2,20,"both",0.128923194576792,-0.0838759804360953
"1801","session1",-3.16781107897547,9.85969436990936,2.6313211392818,0.000996964572084464,0.504419905112466,0.570111194529323,0.677252637642949,19,1,100,0.128923194576792,-0.0838759804360953,19,3.40173634885093,0,-7.44296091968,256,0.2,0.2,20,"both",0.128923194576792,-0.0838759804360953
"1802","session1",-3.16781107897547,9.85969436990936,2.6313211392818,0.000996964572084464,0.504419905112466,0.570111194529323,0.677252637642949,19,1,100,0.128923194576792,-0.0838759804360953,19,1.32325541725183,1,4.32541091724,256,0.2,0.2,20,"both",0.128923194576792,-0.0838759804360953
"1803","session1",-3.16781107897547,9.85969436990936,2.6313211392818,0.000996964572084464,0.504419905112466,0.570111194529323,0.677252637642949,19,1,100,0.128923194576792,-0.0838759804360953,19,3.05741449527926,1,-0.35900442818,256,0.2,0.2,20,"both",0.128923194576792,-0.0838759804360953
"1804","session1",-3.16781107897547,9.85969436990936,2.6313211392818,0.000996964572084464,0.504419905112466,0.570111194529323,0.677252637642949,19,1,100,0.128923194576792,-0.0838759804360953,19,5.08420616579662,1,-3.99786954835,256,0.2,0.2,20,"both",0.128923194576792,-0.0838759804360953
"1805","session1",-3.16781107897547,9.85969436990936,2.6313211392818,0.000996964572084464,0.504419905112466,0.570111194529323,0.677252637642949,19,1,100,0.128923194576792,-0.0838759804360953,19,4.54171549649435,0,-12.87973,256,0.2,0.2,20,"both",0.128923194576792,-0.0838759804360953
"1806","session1",-3.16781107897547,9.85969436990936,2.6313211392818,0.000996964572084464,0.504419905112466,0.570111194529323,0.677252637642949,19,1,100,0.128923194576792,-0.0838759804360953,19,6.24842626680508,0,-5.47665,256,0.2,0.2,20,"both",0.128923194576792,-0.0838759804360953
"1807","session1",-3.16781107897547,9.85969436990936,2.6313211392818,0.000996964572084464,0.504419905112466,0.570111194529323,0.677252637642949,19,1,100,0.128923194576792,-0.0838759804360953,19,3.79632266745118,0,-2.90383,256,0.2,0.2,20,"both",0.128923194576792,-0.0838759804360953
"1808","session1",-3.16781107897547,9.85969436990936,2.6313211392818,0.000996964572084464,0.504419905112466,0.570111194529323,0.677252637642949,19,1,100,0.128923194576792,-0.0838759804360953,19,2.13462076695677,1,11.03491,256,0.2,0.2,20,"both",0.128923194576792,-0.0838759804360953
"1809","session1",-3.16781107897547,9.85969436990936,2.6313211392818,0.000996964572084464,0.504419905112466,0.570111194529323,0.677252637642949,19,1,100,0.128923194576792,-0.0838759804360953,19,5.77011960984696,0,-5.09171,256,0.2,0.2,20,"both",0.128923194576792,-0.0838759804360953
"1810","session1",-3.16781107897547,9.85969436990936,2.6313211392818,0.000996964572084464,0.504419905112466,0.570111194529323,0.677252637642949,19,1,100,0.128923194576792,-0.0838759804360953,19,3.28819502469023,0,-9.43559,256,0.2,0.2,20,"both",0.128923194576792,-0.0838759804360953
"1811","session1",-3.16781107897547,9.85969436990936,2.6313211392818,0.000996964572084464,0.504419905112466,0.570111194529323,0.677252637642949,19,1,100,0.128923194576792,-0.0838759804360953,19,4.57854442177594,0,-3.20956,256,0.2,0.2,20,"both",0.128923194576792,-0.0838759804360953
"1812","session1",-3.16781107897547,9.85969436990936,2.6313211392818,0.000996964572084464,0.504419905112466,0.570111194529323,0.677252637642949,19,1,100,0.128923194576792,-0.0838759804360953,19,4.2459249612998,0,-5.87585,256,0.2,0.2,20,"both",0.128923194576792,-0.0838759804360953
"1813","session1",-3.16781107897547,9.85969436990936,2.6313211392818,0.000996964572084464,0.504419905112466,0.570111194529323,0.677252637642949,19,1,100,0.128923194576792,-0.0838759804360953,19,3.23047559760659,1,10.39812,256,0.2,0.2,20,"both",0.128923194576792,-0.0838759804360953
"1814","session1",-3.16781107897547,9.85969436990936,2.6313211392818,0.000996964572084464,0.504419905112466,0.570111194529323,0.677252637642949,19,1,100,0.128923194576792,-0.0838759804360953,19,3.06107644574165,0,5.31051,256,0.2,0.2,20,"both",0.128923194576792,-0.0838759804360953
"1815","session1",-3.16781107897547,9.85969436990936,2.6313211392818,0.000996964572084464,0.504419905112466,0.570111194529323,0.677252637642949,19,1,100,0.128923194576792,-0.0838759804360953,19,4.68534190102697,1,0.3144,256,0.2,0.2,20,"both",0.128923194576792,-0.0838759804360953
"1816","session1",-3.16781107897547,9.85969436990936,2.6313211392818,0.000996964572084464,0.504419905112466,0.570111194529323,0.677252637642949,19,1,100,0.128923194576792,-0.0838759804360953,19,1.58618524388354,1,2.1258528,256,0.2,0.2,20,"both",0.128923194576792,-0.0838759804360953
"1817","session1",-3.16781107897547,9.85969436990936,2.6313211392818,0.000996964572084464,0.504419905112466,0.570111194529323,0.677252637642949,19,1,100,0.128923194576792,-0.0838759804360953,19,2.53884521515867,1,-0.20463,256,0.2,0.2,20,"both",0.128923194576792,-0.0838759804360953
"1818","session1",-3.16781107897547,9.85969436990936,2.6313211392818,0.000996964572084464,0.504419905112466,0.570111194529323,0.677252637642949,19,1,100,0.128923194576792,-0.0838759804360953,19,1.89693937511446,1,-0.5568,256,0.2,0.2,20,"both",0.128923194576792,-0.0838759804360953
"1819","session1",-3.16781107897547,9.85969436990936,2.6313211392818,0.000996964572084464,0.504419905112466,0.570111194529323,0.677252637642949,19,1,100,0.128923194576792,-0.0838759804360953,19,4.08629291199543,1,7.44091,256,0.2,0.2,20,"both",0.128923194576792,-0.0838759804360953
"1820","session1",-3.16781107897547,9.85969436990936,2.6313211392818,0.000996964572084464,0.504419905112466,0.570111194529323,0.677252637642949,19,1,100,0.128923194576792,-0.0838759804360953,19,2.59619812939006,0,-6.09324,256,0.2,0.2,20,"both",0.128923194576792,-0.0838759804360953
"1821","session1",-3.16781107897547,9.85969436990936,2.6313211392818,0.000996964572084464,0.504419905112466,0.570111194529323,0.677252637642949,19,1,100,0.128923194576792,-0.0838759804360953,19,4.40915598581404,0,-3.9904,256,0.2,0.2,20,"both",0.128923194576792,-0.0838759804360953
"1822","session1",-3.16781107897547,9.85969436990936,2.6313211392818,0.000996964572084464,0.504419905112466,0.570111194529323,0.677252637642949,19,1,100,0.128923194576792,-0.0838759804360953,19,2.4596392374367,1,1.8449811,256,0.2,0.2,20,"both",0.128923194576792,-0.0838759804360953
"1823","session1",-3.16781107897547,9.85969436990936,2.6313211392818,0.000996964572084464,0.504419905112466,0.570111194529323,0.677252637642949,19,1,100,0.128923194576792,-0.0838759804360953,19,1.68470864920156,1,-0.90213,256,0.2,0.2,20,"both",0.128923194576792,-0.0838759804360953
"1824","session1",-3.16781107897547,9.85969436990936,2.6313211392818,0.000996964572084464,0.504419905112466,0.570111194529323,0.677252637642949,19,1,100,0.128923194576792,-0.0838759804360953,19,4.10970729946187,1,4.03988,256,0.2,0.2,20,"both",0.128923194576792,-0.0838759804360953
"1825","session1",-3.16781107897547,9.85969436990936,2.6313211392818,0.000996964572084464,0.504419905112466,0.570111194529323,0.677252637642949,19,1,100,0.128923194576792,-0.0838759804360953,19,2.68291362915619,1,-4.32938,256,0.2,0.2,20,"both",0.128923194576792,-0.0838759804360953
"1826","session1",-3.16781107897547,9.85969436990936,2.6313211392818,0.000996964572084464,0.504419905112466,0.570111194529323,0.677252637642949,19,1,100,0.128923194576792,-0.0838759804360953,19,4.66679949183285,1,-1.87121,256,0.2,0.2,20,"both",0.128923194576792,-0.0838759804360953
"1827","session1",-3.16781107897547,9.85969436990936,2.6313211392818,0.000996964572084464,0.504419905112466,0.570111194529323,0.677252637642949,19,1,100,0.128923194576792,-0.0838759804360953,19,3.7005612191054,0,0.46753,256,0.2,0.2,20,"both",0.128923194576792,-0.0838759804360953
"1828","session1",-3.16781107897547,9.85969436990936,2.6313211392818,0.000996964572084464,0.504419905112466,0.570111194529323,0.677252637642949,19,1,100,0.128923194576792,-0.0838759804360953,19,1.40122581448554,0,-14.5643,256,0.2,0.2,20,"both",0.128923194576792,-0.0838759804360953
"1829","session1",-3.16781107897547,9.85969436990936,2.6313211392818,0.000996964572084464,0.504419905112466,0.570111194529323,0.677252637642949,19,1,100,0.128923194576792,-0.0838759804360953,19,1.44537331615874,1,-0.91761,256,0.2,0.2,20,"both",0.128923194576792,-0.0838759804360953
"1830","session1",-3.16781107897547,9.85969436990936,2.6313211392818,0.000996964572084464,0.504419905112466,0.570111194529323,0.677252637642949,19,1,100,0.128923194576792,-0.0838759804360953,19,4.30380162802811,1,2.466,256,0.2,0.2,20,"both",0.128923194576792,-0.0838759804360953
"1831","session1",-3.16781107897547,9.85969436990936,2.6313211392818,0.000996964572084464,0.504419905112466,0.570111194529323,0.677252637642949,19,1,100,0.128923194576792,-0.0838759804360953,19,3.58142203485936,0,-4.55819,256,0.2,0.2,20,"both",0.128923194576792,-0.0838759804360953
"1832","session1",-3.16781107897547,9.85969436990936,2.6313211392818,0.000996964572084464,0.504419905112466,0.570111194529323,0.677252637642949,19,1,100,0.128923194576792,-0.0838759804360953,19,2.0658588611594,0,1.04084,256,0.2,0.2,20,"both",0.128923194576792,-0.0838759804360953
"1833","session1",-3.16781107897547,9.85969436990936,2.6313211392818,0.000996964572084464,0.504419905112466,0.570111194529323,0.677252637642949,19,1,100,0.128923194576792,-0.0838759804360953,19,8,1,-9.63783,256,0.2,0.2,20,"both",0.128923194576792,-0.0838759804360953
"1834","session1",-3.16781107897547,9.85969436990936,2.6313211392818,0.000996964572084464,0.504419905112466,0.570111194529323,0.677252637642949,19,1,100,0.128923194576792,-0.0838759804360953,19,4.80761274287169,1,1.50308,256,0.2,0.2,20,"both",0.128923194576792,-0.0838759804360953
"1835","session1",-3.16781107897547,9.85969436990936,2.6313211392818,0.000996964572084464,0.504419905112466,0.570111194529323,0.677252637642949,19,1,100,0.128923194576792,-0.0838759804360953,19,3.8396157215748,1,-0.35957,256,0.2,0.2,20,"both",0.128923194576792,-0.0838759804360953
"1836","session1",-3.16781107897547,9.85969436990936,2.6313211392818,0.000996964572084464,0.504419905112466,0.570111194529323,0.677252637642949,19,1,100,0.128923194576792,-0.0838759804360953,19,2.37480753979117,1,10.11007,256,0.2,0.2,20,"both",0.128923194576792,-0.0838759804360953
"1837","session1",-3.16781107897547,9.85969436990936,2.6313211392818,0.000996964572084464,0.504419905112466,0.570111194529323,0.677252637642949,19,1,100,0.128923194576792,-0.0838759804360953,19,2.99778378531414,1,-0.56389,256,0.2,0.2,20,"both",0.128923194576792,-0.0838759804360953
"1838","session1",-3.16781107897547,9.85969436990936,2.6313211392818,0.000996964572084464,0.504419905112466,0.570111194529323,0.677252637642949,19,1,100,0.128923194576792,-0.0838759804360953,19,7.65452400882259,0,-2.88394,256,0.2,0.2,20,"both",0.128923194576792,-0.0838759804360953
"1839","session1",-3.16781107897547,9.85969436990936,2.6313211392818,0.000996964572084464,0.504419905112466,0.570111194529323,0.677252637642949,19,1,100,0.128923194576792,-0.0838759804360953,19,1.89828543938534,1,-3.31405,256,0.2,0.2,20,"both",0.128923194576792,-0.0838759804360953
"1840","session1",-3.16781107897547,9.85969436990936,2.6313211392818,0.000996964572084464,0.504419905112466,0.570111194529323,0.677252637642949,19,1,100,0.128923194576792,-0.0838759804360953,19,1.62167739696793,0,-11.54992,256,0.2,0.2,20,"both",0.128923194576792,-0.0838759804360953
"1841","session1",-3.16781107897547,9.85969436990936,2.6313211392818,0.000996964572084464,0.504419905112466,0.570111194529323,0.677252637642949,19,1,100,0.128923194576792,-0.0838759804360953,19,2.36133565170458,0,-8.76277,256,0.2,0.2,20,"both",0.128923194576792,-0.0838759804360953
"1842","session1",-3.16781107897547,9.85969436990936,2.6313211392818,0.000996964572084464,0.504419905112466,0.570111194529323,0.677252637642949,19,1,100,0.128923194576792,-0.0838759804360953,19,5.88498415345974,1,-4.77787,256,0.2,0.2,20,"both",0.128923194576792,-0.0838759804360953
"1843","session1",-3.16781107897547,9.85969436990936,2.6313211392818,0.000996964572084464,0.504419905112466,0.570111194529323,0.677252637642949,19,1,100,0.128923194576792,-0.0838759804360953,19,3.46322385639565,1,-8.61665,256,0.2,0.2,20,"both",0.128923194576792,-0.0838759804360953
"1844","session1",-3.16781107897547,9.85969436990936,2.6313211392818,0.000996964572084464,0.504419905112466,0.570111194529323,0.677252637642949,19,1,100,0.128923194576792,-0.0838759804360953,19,5.06530869445002,0,1.03583,256,0.2,0.2,20,"both",0.128923194576792,-0.0838759804360953
"1845","session1",-3.16781107897547,9.85969436990936,2.6313211392818,0.000996964572084464,0.504419905112466,0.570111194529323,0.677252637642949,19,1,100,0.128923194576792,-0.0838759804360953,19,1.46449900387528,0,-13.611362,256,0.2,0.2,20,"both",0.128923194576792,-0.0838759804360953
"1846","session1",-3.16781107897547,9.85969436990936,2.6313211392818,0.000996964572084464,0.504419905112466,0.570111194529323,0.677252637642949,19,1,100,0.128923194576792,-0.0838759804360953,19,5.2015012651166,1,-11.03424,256,0.2,0.2,20,"both",0.128923194576792,-0.0838759804360953
"1847","session1",-3.16781107897547,9.85969436990936,2.6313211392818,0.000996964572084464,0.504419905112466,0.570111194529323,0.677252637642949,19,1,100,0.128923194576792,-0.0838759804360953,19,3.25980719426302,0,-2.08994,256,0.2,0.2,20,"both",0.128923194576792,-0.0838759804360953
"1848","session1",-3.16781107897547,9.85969436990936,2.6313211392818,0.000996964572084464,0.504419905112466,0.570111194529323,0.677252637642949,19,1,100,0.128923194576792,-0.0838759804360953,19,2.3937110372326,0,-9.64007,256,0.2,0.2,20,"both",0.128923194576792,-0.0838759804360953
"1849","session1",-3.16781107897547,9.85969436990936,2.6313211392818,0.000996964572084464,0.504419905112466,0.570111194529323,0.677252637642949,19,1,100,0.128923194576792,-0.0838759804360953,19,4.94495132806749,0,-3.956822,256,0.2,0.2,20,"both",0.128923194576792,-0.0838759804360953
"1850","session1",-3.16781107897547,9.85969436990936,2.6313211392818,0.000996964572084464,0.504419905112466,0.570111194529323,0.677252637642949,19,1,100,0.128923194576792,-0.0838759804360953,19,4.04267295832086,0,0.0652999999999988,256,0.2,0.2,20,"both",0.128923194576792,-0.0838759804360953
"1851","session1",-3.16781107897547,9.85969436990936,2.6313211392818,0.000996964572084464,0.504419905112466,0.570111194529323,0.677252637642949,19,1,100,0.128923194576792,-0.0838759804360953,19,2.18769289746023,0,-12.2256,256,0.2,0.2,20,"both",0.128923194576792,-0.0838759804360953
"1852","session1",-3.16781107897547,9.85969436990936,2.6313211392818,0.000996964572084464,0.504419905112466,0.570111194529323,0.677252637642949,19,1,100,0.128923194576792,-0.0838759804360953,19,4.18281831065443,1,3.65739,256,0.2,0.2,20,"both",0.128923194576792,-0.0838759804360953
"1853","session1",-3.16781107897547,9.85969436990936,2.6313211392818,0.000996964572084464,0.504419905112466,0.570111194529323,0.677252637642949,19,1,100,0.128923194576792,-0.0838759804360953,19,5.3190589744154,1,6.73573,256,0.2,0.2,20,"both",0.128923194576792,-0.0838759804360953
"1854","session1",-3.16781107897547,9.85969436990936,2.6313211392818,0.000996964572084464,0.504419905112466,0.570111194529323,0.677252637642949,19,1,100,0.128923194576792,-0.0838759804360953,19,7.32002518130617,0,4.51801,256,0.2,0.2,20,"both",0.128923194576792,-0.0838759804360953
"1855","session1",-3.16781107897547,9.85969436990936,2.6313211392818,0.000996964572084464,0.504419905112466,0.570111194529323,0.677252637642949,19,1,100,0.128923194576792,-0.0838759804360953,19,3.27900222859897,1,-1.43986,256,0.2,0.2,20,"both",0.128923194576792,-0.0838759804360953
"1856","session1",-3.16781107897547,9.85969436990936,2.6313211392818,0.000996964572084464,0.504419905112466,0.570111194529323,0.677252637642949,19,1,100,0.128923194576792,-0.0838759804360953,19,3.4494357595147,0,-17.50821,256,0.2,0.2,20,"both",0.128923194576792,-0.0838759804360953
"1857","session1",-3.16781107897547,9.85969436990936,2.6313211392818,0.000996964572084464,0.504419905112466,0.570111194529323,0.677252637642949,19,1,100,0.128923194576792,-0.0838759804360953,19,3.59764130637743,0,-11.0401,256,0.2,0.2,20,"both",0.128923194576792,-0.0838759804360953
"1858","session1",-3.16781107897547,9.85969436990936,2.6313211392818,0.000996964572084464,0.504419905112466,0.570111194529323,0.677252637642949,19,1,100,0.128923194576792,-0.0838759804360953,19,3.38670945081591,0,-22.57792,256,0.2,0.2,20,"both",0.128923194576792,-0.0838759804360953
"1859","session1",-3.16781107897547,9.85969436990936,2.6313211392818,0.000996964572084464,0.504419905112466,0.570111194529323,0.677252637642949,19,1,100,0.128923194576792,-0.0838759804360953,19,2.29929074593653,1,12.99684,256,0.2,0.2,20,"both",0.128923194576792,-0.0838759804360953
"1860","session1",-3.16781107897547,9.85969436990936,2.6313211392818,0.000996964572084464,0.504419905112466,0.570111194529323,0.677252637642949,19,1,100,0.128923194576792,-0.0838759804360953,19,2.43178232470593,0,-9.11502,256,0.2,0.2,20,"both",0.128923194576792,-0.0838759804360953
"1861","session1",-3.16781107897547,9.85969436990936,2.6313211392818,0.000996964572084464,0.504419905112466,0.570111194529323,0.677252637642949,19,1,100,0.128923194576792,-0.0838759804360953,19,2.4240480700378,1,-9.14902,256,0.2,0.2,20,"both",0.128923194576792,-0.0838759804360953
"1862","session1",-3.16781107897547,9.85969436990936,2.6313211392818,0.000996964572084464,0.504419905112466,0.570111194529323,0.677252637642949,19,1,100,0.128923194576792,-0.0838759804360953,19,2.6843644311566,0,-11.12077,256,0.2,0.2,20,"both",0.128923194576792,-0.0838759804360953
"1863","session1",-3.16781107897547,9.85969436990936,2.6313211392818,0.000996964572084464,0.504419905112466,0.570111194529323,0.677252637642949,19,1,100,0.128923194576792,-0.0838759804360953,19,2.16146915078372,1,6.27779,256,0.2,0.2,20,"both",0.128923194576792,-0.0838759804360953
"1864","session1",-3.16781107897547,9.85969436990936,2.6313211392818,0.000996964572084464,0.504419905112466,0.570111194529323,0.677252637642949,19,1,100,0.128923194576792,-0.0838759804360953,19,6.95705511420381,1,2.10262,256,0.2,0.2,20,"both",0.128923194576792,-0.0838759804360953
"1865","session1",-3.16781107897547,9.85969436990936,2.6313211392818,0.000996964572084464,0.504419905112466,0.570111194529323,0.677252637642949,19,1,100,0.128923194576792,-0.0838759804360953,19,2.88343206527757,1,0.99172,256,0.2,0.2,20,"both",0.128923194576792,-0.0838759804360953
"1866","session1",-3.16781107897547,9.85969436990936,2.6313211392818,0.000996964572084464,0.504419905112466,0.570111194529323,0.677252637642949,19,1,100,0.128923194576792,-0.0838759804360953,19,3.90167277776312,0,-7.94832071,256,0.2,0.2,20,"both",0.128923194576792,-0.0838759804360953
"1867","session1",-3.16781107897547,9.85969436990936,2.6313211392818,0.000996964572084464,0.504419905112466,0.570111194529323,0.677252637642949,19,1,100,0.128923194576792,-0.0838759804360953,19,3.1270821874933,1,4.63779,256,0.2,0.2,20,"both",0.128923194576792,-0.0838759804360953
"1868","session1",-3.16781107897547,9.85969436990936,2.6313211392818,0.000996964572084464,0.504419905112466,0.570111194529323,0.677252637642949,19,1,100,0.128923194576792,-0.0838759804360953,19,3.70725205820015,1,0.43155,256,0.2,0.2,20,"both",0.128923194576792,-0.0838759804360953
"1869","session1",-3.16781107897547,9.85969436990936,2.6313211392818,0.000996964572084464,0.504419905112466,0.570111194529323,0.677252637642949,19,1,100,0.128923194576792,-0.0838759804360953,19,6.14667621152439,1,3.18863,256,0.2,0.2,20,"both",0.128923194576792,-0.0838759804360953
"1870","session1",-3.16781107897547,9.85969436990936,2.6313211392818,0.000996964572084464,0.504419905112466,0.570111194529323,0.677252637642949,19,1,100,0.128923194576792,-0.0838759804360953,19,8,1,3.3045,256,0.2,0.2,20,"both",0.128923194576792,-0.0838759804360953
"1871","session1",-3.16781107897547,9.85969436990936,2.6313211392818,0.000996964572084464,0.504419905112466,0.570111194529323,0.677252637642949,19,1,100,0.128923194576792,-0.0838759804360953,19,8,0,-10.23672,256,0.2,0.2,20,"both",0.128923194576792,-0.0838759804360953
"1872","session1",-3.16781107897547,9.85969436990936,2.6313211392818,0.000996964572084464,0.504419905112466,0.570111194529323,0.677252637642949,19,1,100,0.128923194576792,-0.0838759804360953,19,2.48333859550102,1,-4.13604,256,0.2,0.2,20,"both",0.128923194576792,-0.0838759804360953
"1873","session1",-3.16781107897547,9.85969436990936,2.6313211392818,0.000996964572084464,0.504419905112466,0.570111194529323,0.677252637642949,19,1,100,0.128923194576792,-0.0838759804360953,19,2.74475058980948,0,-5.97522,256,0.2,0.2,20,"both",0.128923194576792,-0.0838759804360953
"1874","session1",-3.16781107897547,9.85969436990936,2.6313211392818,0.000996964572084464,0.504419905112466,0.570111194529323,0.677252637642949,19,1,100,0.128923194576792,-0.0838759804360953,19,5.55534689619755,0,-12.01328,256,0.2,0.2,20,"both",0.128923194576792,-0.0838759804360953
"1875","session1",-3.16781107897547,9.85969436990936,2.6313211392818,0.000996964572084464,0.504419905112466,0.570111194529323,0.677252637642949,19,1,100,0.128923194576792,-0.0838759804360953,19,3.3901308823363,1,3.89658,256,0.2,0.2,20,"both",0.128923194576792,-0.0838759804360953
"1876","session1",-3.16781107897547,9.85969436990936,2.6313211392818,0.000996964572084464,0.504419905112466,0.570111194529323,0.677252637642949,19,1,100,0.128923194576792,-0.0838759804360953,19,2.31694283690129,0,-11.48134,256,0.2,0.2,20,"both",0.128923194576792,-0.0838759804360953
"1877","session1",-3.16781107897547,9.85969436990936,2.6313211392818,0.000996964572084464,0.504419905112466,0.570111194529323,0.677252637642949,19,1,100,0.128923194576792,-0.0838759804360953,19,2.27319085097208,0,-15.04428,256,0.2,0.2,20,"both",0.128923194576792,-0.0838759804360953
"1878","session1",-3.16781107897547,9.85969436990936,2.6313211392818,0.000996964572084464,0.504419905112466,0.570111194529323,0.677252637642949,19,1,100,0.128923194576792,-0.0838759804360953,19,2.83460163281626,1,3.13478,256,0.2,0.2,20,"both",0.128923194576792,-0.0838759804360953
"1879","session1",-3.16781107897547,9.85969436990936,2.6313211392818,0.000996964572084464,0.504419905112466,0.570111194529323,0.677252637642949,19,1,100,0.128923194576792,-0.0838759804360953,19,4.25930597670272,1,-6.77529,256,0.2,0.2,20,"both",0.128923194576792,-0.0838759804360953
"1880","session1",-3.16781107897547,9.85969436990936,2.6313211392818,0.000996964572084464,0.504419905112466,0.570111194529323,0.677252637642949,19,1,100,0.128923194576792,-0.0838759804360953,19,2.23637351033838,0,-7.23937,256,0.2,0.2,20,"both",0.128923194576792,-0.0838759804360953
"1881","session1",-3.16781107897547,9.85969436990936,2.6313211392818,0.000996964572084464,0.504419905112466,0.570111194529323,0.677252637642949,19,1,100,0.128923194576792,-0.0838759804360953,19,3.67868840488428,0,-10.70691,256,0.2,0.2,20,"both",0.128923194576792,-0.0838759804360953
"1882","session1",-3.16781107897547,9.85969436990936,2.6313211392818,0.000996964572084464,0.504419905112466,0.570111194529323,0.677252637642949,19,1,100,0.128923194576792,-0.0838759804360953,19,4.10663379676227,1,-8.746,256,0.2,0.2,20,"both",0.128923194576792,-0.0838759804360953
"1883","session1",-3.16781107897547,9.85969436990936,2.6313211392818,0.000996964572084464,0.504419905112466,0.570111194529323,0.677252637642949,19,1,100,0.128923194576792,-0.0838759804360953,19,2.58644253386458,0,-16.09911,256,0.2,0.2,20,"both",0.128923194576792,-0.0838759804360953
"1884","session1",-3.16781107897547,9.85969436990936,2.6313211392818,0.000996964572084464,0.504419905112466,0.570111194529323,0.677252637642949,19,1,100,0.128923194576792,-0.0838759804360953,19,2.49129018545492,1,5.41646,256,0.2,0.2,20,"both",0.128923194576792,-0.0838759804360953
"1885","session1",-3.16781107897547,9.85969436990936,2.6313211392818,0.000996964572084464,0.504419905112466,0.570111194529323,0.677252637642949,19,1,100,0.128923194576792,-0.0838759804360953,19,5.60838959731138,0,-0.62873,256,0.2,0.2,20,"both",0.128923194576792,-0.0838759804360953
"1886","session1",-3.16781107897547,9.85969436990936,2.6313211392818,0.000996964572084464,0.504419905112466,0.570111194529323,0.677252637642949,19,1,100,0.128923194576792,-0.0838759804360953,19,3.30571269019819,0,-9.10318,256,0.2,0.2,20,"both",0.128923194576792,-0.0838759804360953
"1887","session1",-3.16781107897547,9.85969436990936,2.6313211392818,0.000996964572084464,0.504419905112466,0.570111194529323,0.677252637642949,19,1,100,0.128923194576792,-0.0838759804360953,19,3.76495313188981,1,2.98101,256,0.2,0.2,20,"both",0.128923194576792,-0.0838759804360953
"1888","session1",-3.16781107897547,9.85969436990936,2.6313211392818,0.000996964572084464,0.504419905112466,0.570111194529323,0.677252637642949,19,1,100,0.128923194576792,-0.0838759804360953,19,2.84209533738365,0,2.82622,256,0.2,0.2,20,"both",0.128923194576792,-0.0838759804360953
"1889","session1",-3.16781107897547,9.85969436990936,2.6313211392818,0.000996964572084464,0.504419905112466,0.570111194529323,0.677252637642949,19,1,100,0.128923194576792,-0.0838759804360953,19,4.55386033355903,0,-8.7234,256,0.2,0.2,20,"both",0.128923194576792,-0.0838759804360953
"1890","session1",-3.16781107897547,9.85969436990936,2.6313211392818,0.000996964572084464,0.504419905112466,0.570111194529323,0.677252637642949,19,1,100,0.128923194576792,-0.0838759804360953,19,2.34367943801989,0,-12.5692,256,0.2,0.2,20,"both",0.128923194576792,-0.0838759804360953
"1891","session1",-3.16781107897547,9.85969436990936,2.6313211392818,0.000996964572084464,0.504419905112466,0.570111194529323,0.677252637642949,19,1,100,0.128923194576792,-0.0838759804360953,19,2.13858488212323,0,-11.86462,256,0.2,0.2,20,"both",0.128923194576792,-0.0838759804360953
"1892","session1",-3.16781107897547,9.85969436990936,2.6313211392818,0.000996964572084464,0.504419905112466,0.570111194529323,0.677252637642949,19,1,100,0.128923194576792,-0.0838759804360953,19,4.28209349521499,0,-0.90666,256,0.2,0.2,20,"both",0.128923194576792,-0.0838759804360953
"1893","session1",-3.16781107897547,9.85969436990936,2.6313211392818,0.000996964572084464,0.504419905112466,0.570111194529323,0.677252637642949,19,1,100,0.128923194576792,-0.0838759804360953,19,1.23192172700945,1,4.5189,256,0.2,0.2,20,"both",0.128923194576792,-0.0838759804360953
"1894","session1",-3.16781107897547,9.85969436990936,2.6313211392818,0.000996964572084464,0.504419905112466,0.570111194529323,0.677252637642949,19,1,100,0.128923194576792,-0.0838759804360953,19,2.94842325379481,1,-9.29668,256,0.2,0.2,20,"both",0.128923194576792,-0.0838759804360953
"1895","session1",-3.16781107897547,9.85969436990936,2.6313211392818,0.000996964572084464,0.504419905112466,0.570111194529323,0.677252637642949,19,1,100,0.128923194576792,-0.0838759804360953,19,2.13176800762582,0,-6.59851,256,0.2,0.2,20,"both",0.128923194576792,-0.0838759804360953
"1896","session1",-3.16781107897547,9.85969436990936,2.6313211392818,0.000996964572084464,0.504419905112466,0.570111194529323,0.677252637642949,19,1,100,0.128923194576792,-0.0838759804360953,19,3.24942366723411,1,-10.62419,256,0.2,0.2,20,"both",0.128923194576792,-0.0838759804360953
"1897","session1",-3.16781107897547,9.85969436990936,2.6313211392818,0.000996964572084464,0.504419905112466,0.570111194529323,0.677252637642949,19,1,100,0.128923194576792,-0.0838759804360953,19,1.98907411628459,0,-16.75344,256,0.2,0.2,20,"both",0.128923194576792,-0.0838759804360953
"1898","session1",-3.16781107897547,9.85969436990936,2.6313211392818,0.000996964572084464,0.504419905112466,0.570111194529323,0.677252637642949,19,1,100,0.128923194576792,-0.0838759804360953,19,1.93548276111146,1,1.74209,256,0.2,0.2,20,"both",0.128923194576792,-0.0838759804360953
"1899","session1",-3.16781107897547,9.85969436990936,2.6313211392818,0.000996964572084464,0.504419905112466,0.570111194529323,0.677252637642949,19,1,100,0.128923194576792,-0.0838759804360953,19,3.83971930802307,0,-9.96195,256,0.2,0.2,20,"both",0.128923194576792,-0.0838759804360953
"1900","session1",-3.16781107897547,9.85969436990936,2.6313211392818,0.000996964572084464,0.504419905112466,0.570111194529323,0.677252637642949,19,1,100,0.128923194576792,-0.0838759804360953,19,3.59127239680559,0,-12.10421,256,0.2,0.2,20,"both",0.128923194576792,-0.0838759804360953
"1901","session1",-9.02162063329601,12.6360121566427,1.7727428717055,0.000179047628924173,0.225985917943022,0.507376121530053,0.462960499580992,20,1,100,0.128923194576792,-0.0838759804360953,20,2.31755159456403,1,-10.39152024174,256,0.2,0.2,20,"both",0.128923194576792,-0.0838759804360953
"1902","session1",-9.02162063329601,12.6360121566427,1.7727428717055,0.000179047628924173,0.225985917943022,0.507376121530053,0.462960499580992,20,1,100,0.128923194576792,-0.0838759804360953,20,1.63813930148023,0,-12.307821911,256,0.2,0.2,20,"both",0.128923194576792,-0.0838759804360953
"1903","session1",-9.02162063329601,12.6360121566427,1.7727428717055,0.000179047628924173,0.225985917943022,0.507376121530053,0.462960499580992,20,1,100,0.128923194576792,-0.0838759804360953,20,1.6182203937251,0,-2.8795722043,256,0.2,0.2,20,"both",0.128923194576792,-0.0838759804360953
"1904","session1",-9.02162063329601,12.6360121566427,1.7727428717055,0.000179047628924173,0.225985917943022,0.507376121530053,0.462960499580992,20,1,100,0.128923194576792,-0.0838759804360953,20,2.45642465479173,1,1.66621929528,256,0.2,0.2,20,"both",0.128923194576792,-0.0838759804360953
"1905","session1",-9.02162063329601,12.6360121566427,1.7727428717055,0.000179047628924173,0.225985917943022,0.507376121530053,0.462960499580992,20,1,100,0.128923194576792,-0.0838759804360953,20,1.99284477978333,0,-2.451208877,256,0.2,0.2,20,"both",0.128923194576792,-0.0838759804360953
"1906","session1",-9.02162063329601,12.6360121566427,1.7727428717055,0.000179047628924173,0.225985917943022,0.507376121530053,0.462960499580992,20,1,100,0.128923194576792,-0.0838759804360953,20,3.02537511504934,0,2.723185298153,256,0.2,0.2,20,"both",0.128923194576792,-0.0838759804360953
"1907","session1",-9.02162063329601,12.6360121566427,1.7727428717055,0.000179047628924173,0.225985917943022,0.507376121530053,0.462960499580992,20,1,100,0.128923194576792,-0.0838759804360953,20,3.1356668852957,1,17.08136,256,0.2,0.2,20,"both",0.128923194576792,-0.0838759804360953
"1908","session1",-9.02162063329601,12.6360121566427,1.7727428717055,0.000179047628924173,0.225985917943022,0.507376121530053,0.462960499580992,20,1,100,0.128923194576792,-0.0838759804360953,20,2.20557005338419,0,-35.13401,256,0.2,0.2,20,"both",0.128923194576792,-0.0838759804360953
"1909","session1",-9.02162063329601,12.6360121566427,1.7727428717055,0.000179047628924173,0.225985917943022,0.507376121530053,0.462960499580992,20,1,100,0.128923194576792,-0.0838759804360953,20,1.70114405975559,0,-40.4847,256,0.2,0.2,20,"both",0.128923194576792,-0.0838759804360953
"1910","session1",-9.02162063329601,12.6360121566427,1.7727428717055,0.000179047628924173,0.225985917943022,0.507376121530053,0.462960499580992,20,1,100,0.128923194576792,-0.0838759804360953,20,3.0847029990133,1,3.8281,256,0.2,0.2,20,"both",0.128923194576792,-0.0838759804360953
"1911","session1",-9.02162063329601,12.6360121566427,1.7727428717055,0.000179047628924173,0.225985917943022,0.507376121530053,0.462960499580992,20,1,100,0.128923194576792,-0.0838759804360953,20,2.31528957610126,1,-6.6031,256,0.2,0.2,20,"both",0.128923194576792,-0.0838759804360953
"1912","session1",-9.02162063329601,12.6360121566427,1.7727428717055,0.000179047628924173,0.225985917943022,0.507376121530053,0.462960499580992,20,1,100,0.128923194576792,-0.0838759804360953,20,2.62738676830976,0,-2.19177824529,256,0.2,0.2,20,"both",0.128923194576792,-0.0838759804360953
"1913","session1",-9.02162063329601,12.6360121566427,1.7727428717055,0.000179047628924173,0.225985917943022,0.507376121530053,0.462960499580992,20,1,100,0.128923194576792,-0.0838759804360953,20,1.85044792423803,0,-16.60948,256,0.2,0.2,20,"both",0.128923194576792,-0.0838759804360953
"1914","session1",-9.02162063329601,12.6360121566427,1.7727428717055,0.000179047628924173,0.225985917943022,0.507376121530053,0.462960499580992,20,1,100,0.128923194576792,-0.0838759804360953,20,2.11787590842961,1,28.87527,256,0.2,0.2,20,"both",0.128923194576792,-0.0838759804360953
"1915","session1",-9.02162063329601,12.6360121566427,1.7727428717055,0.000179047628924173,0.225985917943022,0.507376121530053,0.462960499580992,20,1,100,0.128923194576792,-0.0838759804360953,20,1.46115743537193,1,-0.7173372061,256,0.2,0.2,20,"both",0.128923194576792,-0.0838759804360953
"1916","session1",-9.02162063329601,12.6360121566427,1.7727428717055,0.000179047628924173,0.225985917943022,0.507376121530053,0.462960499580992,20,1,100,0.128923194576792,-0.0838759804360953,20,1.75827316374141,1,23.7822,256,0.2,0.2,20,"both",0.128923194576792,-0.0838759804360953
"1917","session1",-9.02162063329601,12.6360121566427,1.7727428717055,0.000179047628924173,0.225985917943022,0.507376121530053,0.462960499580992,20,1,100,0.128923194576792,-0.0838759804360953,20,1.63004688494584,1,11.03978,256,0.2,0.2,20,"both",0.128923194576792,-0.0838759804360953
"1918","session1",-9.02162063329601,12.6360121566427,1.7727428717055,0.000179047628924173,0.225985917943022,0.507376121530053,0.462960499580992,20,1,100,0.128923194576792,-0.0838759804360953,20,2.31905470540856,0,-6.04485,256,0.2,0.2,20,"both",0.128923194576792,-0.0838759804360953
"1919","session1",-9.02162063329601,12.6360121566427,1.7727428717055,0.000179047628924173,0.225985917943022,0.507376121530053,0.462960499580992,20,1,100,0.128923194576792,-0.0838759804360953,20,1.48803264916798,1,-1.44630266997,256,0.2,0.2,20,"both",0.128923194576792,-0.0838759804360953
"1920","session1",-9.02162063329601,12.6360121566427,1.7727428717055,0.000179047628924173,0.225985917943022,0.507376121530053,0.462960499580992,20,1,100,0.128923194576792,-0.0838759804360953,20,1.56462989287686,0,-27.21478,256,0.2,0.2,20,"both",0.128923194576792,-0.0838759804360953
"1921","session1",-9.02162063329601,12.6360121566427,1.7727428717055,0.000179047628924173,0.225985917943022,0.507376121530053,0.462960499580992,20,1,100,0.128923194576792,-0.0838759804360953,20,1.13408544776302,1,11.19977,256,0.2,0.2,20,"both",0.128923194576792,-0.0838759804360953
"1922","session1",-9.02162063329601,12.6360121566427,1.7727428717055,0.000179047628924173,0.225985917943022,0.507376121530053,0.462960499580992,20,1,100,0.128923194576792,-0.0838759804360953,20,1.95826178505502,1,7.83075,256,0.2,0.2,20,"both",0.128923194576792,-0.0838759804360953
"1923","session1",-9.02162063329601,12.6360121566427,1.7727428717055,0.000179047628924173,0.225985917943022,0.507376121530053,0.462960499580992,20,1,100,0.128923194576792,-0.0838759804360953,20,3.07149478084424,1,5.8683,256,0.2,0.2,20,"both",0.128923194576792,-0.0838759804360953
"1924","session1",-9.02162063329601,12.6360121566427,1.7727428717055,0.000179047628924173,0.225985917943022,0.507376121530053,0.462960499580992,20,1,100,0.128923194576792,-0.0838759804360953,20,1.63997157900493,1,15.6401,256,0.2,0.2,20,"both",0.128923194576792,-0.0838759804360953
"1925","session1",-9.02162063329601,12.6360121566427,1.7727428717055,0.000179047628924173,0.225985917943022,0.507376121530053,0.462960499580992,20,1,100,0.128923194576792,-0.0838759804360953,20,1.8784737002038,0,-7.56453,256,0.2,0.2,20,"both",0.128923194576792,-0.0838759804360953
"1926","session1",-9.02162063329601,12.6360121566427,1.7727428717055,0.000179047628924173,0.225985917943022,0.507376121530053,0.462960499580992,20,1,100,0.128923194576792,-0.0838759804360953,20,1.71157418108506,1,3.01877,256,0.2,0.2,20,"both",0.128923194576792,-0.0838759804360953
"1927","session1",-9.02162063329601,12.6360121566427,1.7727428717055,0.000179047628924173,0.225985917943022,0.507376121530053,0.462960499580992,20,1,100,0.128923194576792,-0.0838759804360953,20,1.52072621755301,1,-5.939885,256,0.2,0.2,20,"both",0.128923194576792,-0.0838759804360953
"1928","session1",-9.02162063329601,12.6360121566427,1.7727428717055,0.000179047628924173,0.225985917943022,0.507376121530053,0.462960499580992,20,1,100,0.128923194576792,-0.0838759804360953,20,1.85410849510187,0,-10.38194,256,0.2,0.2,20,"both",0.128923194576792,-0.0838759804360953
"1929","session1",-9.02162063329601,12.6360121566427,1.7727428717055,0.000179047628924173,0.225985917943022,0.507376121530053,0.462960499580992,20,1,100,0.128923194576792,-0.0838759804360953,20,1.72269191303776,0,3.66523,256,0.2,0.2,20,"both",0.128923194576792,-0.0838759804360953
"1930","session1",-9.02162063329601,12.6360121566427,1.7727428717055,0.000179047628924173,0.225985917943022,0.507376121530053,0.462960499580992,20,1,100,0.128923194576792,-0.0838759804360953,20,2.61707048464649,1,26.3997,256,0.2,0.2,20,"both",0.128923194576792,-0.0838759804360953
"1931","session1",-9.02162063329601,12.6360121566427,1.7727428717055,0.000179047628924173,0.225985917943022,0.507376121530053,0.462960499580992,20,1,100,0.128923194576792,-0.0838759804360953,20,2.02674925179277,0,-14.09306,256,0.2,0.2,20,"both",0.128923194576792,-0.0838759804360953
"1932","session1",-9.02162063329601,12.6360121566427,1.7727428717055,0.000179047628924173,0.225985917943022,0.507376121530053,0.462960499580992,20,1,100,0.128923194576792,-0.0838759804360953,20,1.31023515111157,1,7.159744,256,0.2,0.2,20,"both",0.128923194576792,-0.0838759804360953
"1933","session1",-9.02162063329601,12.6360121566427,1.7727428717055,0.000179047628924173,0.225985917943022,0.507376121530053,0.462960499580992,20,1,100,0.128923194576792,-0.0838759804360953,20,1.63473408842969,0,4.62181,256,0.2,0.2,20,"both",0.128923194576792,-0.0838759804360953
"1934","session1",-9.02162063329601,12.6360121566427,1.7727428717055,0.000179047628924173,0.225985917943022,0.507376121530053,0.462960499580992,20,1,100,0.128923194576792,-0.0838759804360953,20,3.7480314712223,0,-16.76757,256,0.2,0.2,20,"both",0.128923194576792,-0.0838759804360953
"1935","session1",-9.02162063329601,12.6360121566427,1.7727428717055,0.000179047628924173,0.225985917943022,0.507376121530053,0.462960499580992,20,1,100,0.128923194576792,-0.0838759804360953,20,1.40287030684161,0,-10.845013,256,0.2,0.2,20,"both",0.128923194576792,-0.0838759804360953
"1936","session1",-9.02162063329601,12.6360121566427,1.7727428717055,0.000179047628924173,0.225985917943022,0.507376121530053,0.462960499580992,20,1,100,0.128923194576792,-0.0838759804360953,20,2.98128298961555,1,11.0725,256,0.2,0.2,20,"both",0.128923194576792,-0.0838759804360953
"1937","session1",-9.02162063329601,12.6360121566427,1.7727428717055,0.000179047628924173,0.225985917943022,0.507376121530053,0.462960499580992,20,1,100,0.128923194576792,-0.0838759804360953,20,2.69730506685305,1,3.89096,256,0.2,0.2,20,"both",0.128923194576792,-0.0838759804360953
"1938","session1",-9.02162063329601,12.6360121566427,1.7727428717055,0.000179047628924173,0.225985917943022,0.507376121530053,0.462960499580992,20,1,100,0.128923194576792,-0.0838759804360953,20,2.37390821450559,1,9.88228,256,0.2,0.2,20,"both",0.128923194576792,-0.0838759804360953
"1939","session1",-9.02162063329601,12.6360121566427,1.7727428717055,0.000179047628924173,0.225985917943022,0.507376121530053,0.462960499580992,20,1,100,0.128923194576792,-0.0838759804360953,20,1.81246023429754,1,1.8145,256,0.2,0.2,20,"both",0.128923194576792,-0.0838759804360953
"1940","session1",-9.02162063329601,12.6360121566427,1.7727428717055,0.000179047628924173,0.225985917943022,0.507376121530053,0.462960499580992,20,1,100,0.128923194576792,-0.0838759804360953,20,4.93074463029425,0,-16.56411,256,0.2,0.2,20,"both",0.128923194576792,-0.0838759804360953
"1941","session1",-9.02162063329601,12.6360121566427,1.7727428717055,0.000179047628924173,0.225985917943022,0.507376121530053,0.462960499580992,20,1,100,0.128923194576792,-0.0838759804360953,20,2.23841661975221,1,4.92126,256,0.2,0.2,20,"both",0.128923194576792,-0.0838759804360953
"1942","session1",-9.02162063329601,12.6360121566427,1.7727428717055,0.000179047628924173,0.225985917943022,0.507376121530053,0.462960499580992,20,1,100,0.128923194576792,-0.0838759804360953,20,3.12685643587969,0,-15.561058,256,0.2,0.2,20,"both",0.128923194576792,-0.0838759804360953
"1943","session1",-9.02162063329601,12.6360121566427,1.7727428717055,0.000179047628924173,0.225985917943022,0.507376121530053,0.462960499580992,20,1,100,0.128923194576792,-0.0838759804360953,20,3.05101262483634,1,9.27879,256,0.2,0.2,20,"both",0.128923194576792,-0.0838759804360953
"1944","session1",-9.02162063329601,12.6360121566427,1.7727428717055,0.000179047628924173,0.225985917943022,0.507376121530053,0.462960499580992,20,1,100,0.128923194576792,-0.0838759804360953,20,2.95114189398711,1,8.56488,256,0.2,0.2,20,"both",0.128923194576792,-0.0838759804360953
"1945","session1",-9.02162063329601,12.6360121566427,1.7727428717055,0.000179047628924173,0.225985917943022,0.507376121530053,0.462960499580992,20,1,100,0.128923194576792,-0.0838759804360953,20,1.94365403550342,1,-13.06205,256,0.2,0.2,20,"both",0.128923194576792,-0.0838759804360953
"1946","session1",-9.02162063329601,12.6360121566427,1.7727428717055,0.000179047628924173,0.225985917943022,0.507376121530053,0.462960499580992,20,1,100,0.128923194576792,-0.0838759804360953,20,3.76216921864242,0,-11.64064,256,0.2,0.2,20,"both",0.128923194576792,-0.0838759804360953
"1947","session1",-9.02162063329601,12.6360121566427,1.7727428717055,0.000179047628924173,0.225985917943022,0.507376121530053,0.462960499580992,20,1,100,0.128923194576792,-0.0838759804360953,20,3.53551137634294,1,2.82392,256,0.2,0.2,20,"both",0.128923194576792,-0.0838759804360953
"1948","session1",-9.02162063329601,12.6360121566427,1.7727428717055,0.000179047628924173,0.225985917943022,0.507376121530053,0.462960499580992,20,1,100,0.128923194576792,-0.0838759804360953,20,2.3105364900988,1,11.11745,256,0.2,0.2,20,"both",0.128923194576792,-0.0838759804360953
"1949","session1",-9.02162063329601,12.6360121566427,1.7727428717055,0.000179047628924173,0.225985917943022,0.507376121530053,0.462960499580992,20,1,100,0.128923194576792,-0.0838759804360953,20,1.75949602389603,1,-4.17143,256,0.2,0.2,20,"both",0.128923194576792,-0.0838759804360953
"1950","session1",-9.02162063329601,12.6360121566427,1.7727428717055,0.000179047628924173,0.225985917943022,0.507376121530053,0.462960499580992,20,1,100,0.128923194576792,-0.0838759804360953,20,6.44296337425509,0,-11.94349,256,0.2,0.2,20,"both",0.128923194576792,-0.0838759804360953
"1951","session1",-9.02162063329601,12.6360121566427,1.7727428717055,0.000179047628924173,0.225985917943022,0.507376121530053,0.462960499580992,20,1,100,0.128923194576792,-0.0838759804360953,20,2.06487103515922,1,6.880983,256,0.2,0.2,20,"both",0.128923194576792,-0.0838759804360953
"1952","session1",-9.02162063329601,12.6360121566427,1.7727428717055,0.000179047628924173,0.225985917943022,0.507376121530053,0.462960499580992,20,1,100,0.128923194576792,-0.0838759804360953,20,2.50312413614657,1,0.82485,256,0.2,0.2,20,"both",0.128923194576792,-0.0838759804360953
"1953","session1",-9.02162063329601,12.6360121566427,1.7727428717055,0.000179047628924173,0.225985917943022,0.507376121530053,0.462960499580992,20,1,100,0.128923194576792,-0.0838759804360953,20,1.72844416318842,1,7.61244,256,0.2,0.2,20,"both",0.128923194576792,-0.0838759804360953
"1954","session1",-9.02162063329601,12.6360121566427,1.7727428717055,0.000179047628924173,0.225985917943022,0.507376121530053,0.462960499580992,20,1,100,0.128923194576792,-0.0838759804360953,20,1.67350953545388,1,6.53855,256,0.2,0.2,20,"both",0.128923194576792,-0.0838759804360953
"1955","session1",-9.02162063329601,12.6360121566427,1.7727428717055,0.000179047628924173,0.225985917943022,0.507376121530053,0.462960499580992,20,1,100,0.128923194576792,-0.0838759804360953,20,2.24422584076569,1,-11.42811,256,0.2,0.2,20,"both",0.128923194576792,-0.0838759804360953
"1956","session1",-9.02162063329601,12.6360121566427,1.7727428717055,0.000179047628924173,0.225985917943022,0.507376121530053,0.462960499580992,20,1,100,0.128923194576792,-0.0838759804360953,20,2.23721676986449,0,6.69685,256,0.2,0.2,20,"both",0.128923194576792,-0.0838759804360953
"1957","session1",-9.02162063329601,12.6360121566427,1.7727428717055,0.000179047628924173,0.225985917943022,0.507376121530053,0.462960499580992,20,1,100,0.128923194576792,-0.0838759804360953,20,2.22135645558828,1,2.72412,256,0.2,0.2,20,"both",0.128923194576792,-0.0838759804360953
"1958","session1",-9.02162063329601,12.6360121566427,1.7727428717055,0.000179047628924173,0.225985917943022,0.507376121530053,0.462960499580992,20,1,100,0.128923194576792,-0.0838759804360953,20,2.08168634905413,0,-15.52083,256,0.2,0.2,20,"both",0.128923194576792,-0.0838759804360953
"1959","session1",-9.02162063329601,12.6360121566427,1.7727428717055,0.000179047628924173,0.225985917943022,0.507376121530053,0.462960499580992,20,1,100,0.128923194576792,-0.0838759804360953,20,2.93327340481786,0,-19.72156,256,0.2,0.2,20,"both",0.128923194576792,-0.0838759804360953
"1960","session1",-9.02162063329601,12.6360121566427,1.7727428717055,0.000179047628924173,0.225985917943022,0.507376121530053,0.462960499580992,20,1,100,0.128923194576792,-0.0838759804360953,20,1.19059345265573,1,0.57146,256,0.2,0.2,20,"both",0.128923194576792,-0.0838759804360953
"1961","session1",-9.02162063329601,12.6360121566427,1.7727428717055,0.000179047628924173,0.225985917943022,0.507376121530053,0.462960499580992,20,1,100,0.128923194576792,-0.0838759804360953,20,5.08211522619896,0,-14.06591,256,0.2,0.2,20,"both",0.128923194576792,-0.0838759804360953
"1962","session1",-9.02162063329601,12.6360121566427,1.7727428717055,0.000179047628924173,0.225985917943022,0.507376121530053,0.462960499580992,20,1,100,0.128923194576792,-0.0838759804360953,20,1.62815972769344,0,-10.92751,256,0.2,0.2,20,"both",0.128923194576792,-0.0838759804360953
"1963","session1",-9.02162063329601,12.6360121566427,1.7727428717055,0.000179047628924173,0.225985917943022,0.507376121530053,0.462960499580992,20,1,100,0.128923194576792,-0.0838759804360953,20,1.65343516828061,1,-0.0720300000000007,256,0.2,0.2,20,"both",0.128923194576792,-0.0838759804360953
"1964","session1",-9.02162063329601,12.6360121566427,1.7727428717055,0.000179047628924173,0.225985917943022,0.507376121530053,0.462960499580992,20,1,100,0.128923194576792,-0.0838759804360953,20,1.78955584120046,1,4.74952,256,0.2,0.2,20,"both",0.128923194576792,-0.0838759804360953
"1965","session1",-9.02162063329601,12.6360121566427,1.7727428717055,0.000179047628924173,0.225985917943022,0.507376121530053,0.462960499580992,20,1,100,0.128923194576792,-0.0838759804360953,20,1.99743398832307,0,-0.0456000000000003,256,0.2,0.2,20,"both",0.128923194576792,-0.0838759804360953
"1966","session1",-9.02162063329601,12.6360121566427,1.7727428717055,0.000179047628924173,0.225985917943022,0.507376121530053,0.462960499580992,20,1,100,0.128923194576792,-0.0838759804360953,20,2.95441505412018,1,-16.94701,256,0.2,0.2,20,"both",0.128923194576792,-0.0838759804360953
"1967","session1",-9.02162063329601,12.6360121566427,1.7727428717055,0.000179047628924173,0.225985917943022,0.507376121530053,0.462960499580992,20,1,100,0.128923194576792,-0.0838759804360953,20,1.86483395435241,1,1.8798,256,0.2,0.2,20,"both",0.128923194576792,-0.0838759804360953
"1968","session1",-9.02162063329601,12.6360121566427,1.7727428717055,0.000179047628924173,0.225985917943022,0.507376121530053,0.462960499580992,20,1,100,0.128923194576792,-0.0838759804360953,20,2.19084986261658,0,-15.82758,256,0.2,0.2,20,"both",0.128923194576792,-0.0838759804360953
"1969","session1",-9.02162063329601,12.6360121566427,1.7727428717055,0.000179047628924173,0.225985917943022,0.507376121530053,0.462960499580992,20,1,100,0.128923194576792,-0.0838759804360953,20,1.70859877079287,0,-12.80215,256,0.2,0.2,20,"both",0.128923194576792,-0.0838759804360953
"1970","session1",-9.02162063329601,12.6360121566427,1.7727428717055,0.000179047628924173,0.225985917943022,0.507376121530053,0.462960499580992,20,1,100,0.128923194576792,-0.0838759804360953,20,3.36597519869091,0,-22.06494,256,0.2,0.2,20,"both",0.128923194576792,-0.0838759804360953
"1971","session1",-9.02162063329601,12.6360121566427,1.7727428717055,0.000179047628924173,0.225985917943022,0.507376121530053,0.462960499580992,20,1,100,0.128923194576792,-0.0838759804360953,20,4.25748846797693,0,-13.84292,256,0.2,0.2,20,"both",0.128923194576792,-0.0838759804360953
"1972","session1",-9.02162063329601,12.6360121566427,1.7727428717055,0.000179047628924173,0.225985917943022,0.507376121530053,0.462960499580992,20,1,100,0.128923194576792,-0.0838759804360953,20,0.949167602067618,1,-15.73569,256,0.2,0.2,20,"both",0.128923194576792,-0.0838759804360953
"1973","session1",-9.02162063329601,12.6360121566427,1.7727428717055,0.000179047628924173,0.225985917943022,0.507376121530053,0.462960499580992,20,1,100,0.128923194576792,-0.0838759804360953,20,2.0581590820896,1,2.78693,256,0.2,0.2,20,"both",0.128923194576792,-0.0838759804360953
"1974","session1",-9.02162063329601,12.6360121566427,1.7727428717055,0.000179047628924173,0.225985917943022,0.507376121530053,0.462960499580992,20,1,100,0.128923194576792,-0.0838759804360953,20,4.26132711170781,1,-0.14179,256,0.2,0.2,20,"both",0.128923194576792,-0.0838759804360953
"1975","session1",-9.02162063329601,12.6360121566427,1.7727428717055,0.000179047628924173,0.225985917943022,0.507376121530053,0.462960499580992,20,1,100,0.128923194576792,-0.0838759804360953,20,2.19226277642456,1,-8.5615,256,0.2,0.2,20,"both",0.128923194576792,-0.0838759804360953
"1976","session1",-9.02162063329601,12.6360121566427,1.7727428717055,0.000179047628924173,0.225985917943022,0.507376121530053,0.462960499580992,20,1,100,0.128923194576792,-0.0838759804360953,20,1.63906869612427,1,6.43858,256,0.2,0.2,20,"both",0.128923194576792,-0.0838759804360953
"1977","session1",-9.02162063329601,12.6360121566427,1.7727428717055,0.000179047628924173,0.225985917943022,0.507376121530053,0.462960499580992,20,1,100,0.128923194576792,-0.0838759804360953,20,2.06400269091859,0,-12.30579,256,0.2,0.2,20,"both",0.128923194576792,-0.0838759804360953
"1978","session1",-9.02162063329601,12.6360121566427,1.7727428717055,0.000179047628924173,0.225985917943022,0.507376121530053,0.462960499580992,20,1,100,0.128923194576792,-0.0838759804360953,20,2.6572180734098,0,-19.11354,256,0.2,0.2,20,"both",0.128923194576792,-0.0838759804360953
"1979","session1",-9.02162063329601,12.6360121566427,1.7727428717055,0.000179047628924173,0.225985917943022,0.507376121530053,0.462960499580992,20,1,100,0.128923194576792,-0.0838759804360953,20,3.00459852324168,1,-15.57014,256,0.2,0.2,20,"both",0.128923194576792,-0.0838759804360953
"1980","session1",-9.02162063329601,12.6360121566427,1.7727428717055,0.000179047628924173,0.225985917943022,0.507376121530053,0.462960499580992,20,1,100,0.128923194576792,-0.0838759804360953,20,2.5505876695642,0,-20.53098,256,0.2,0.2,20,"both",0.128923194576792,-0.0838759804360953
"1981","session1",-9.02162063329601,12.6360121566427,1.7727428717055,0.000179047628924173,0.225985917943022,0.507376121530053,0.462960499580992,20,1,100,0.128923194576792,-0.0838759804360953,20,2.00364676621145,1,0.89565,256,0.2,0.2,20,"both",0.128923194576792,-0.0838759804360953
"1982","session1",-9.02162063329601,12.6360121566427,1.7727428717055,0.000179047628924173,0.225985917943022,0.507376121530053,0.462960499580992,20,1,100,0.128923194576792,-0.0838759804360953,20,1.80925232600555,0,-25.46938,256,0.2,0.2,20,"both",0.128923194576792,-0.0838759804360953
"1983","session1",-9.02162063329601,12.6360121566427,1.7727428717055,0.000179047628924173,0.225985917943022,0.507376121530053,0.462960499580992,20,1,100,0.128923194576792,-0.0838759804360953,20,1.85430810687399,1,7.81559,256,0.2,0.2,20,"both",0.128923194576792,-0.0838759804360953
"1984","session1",-9.02162063329601,12.6360121566427,1.7727428717055,0.000179047628924173,0.225985917943022,0.507376121530053,0.462960499580992,20,1,100,0.128923194576792,-0.0838759804360953,20,1.99276579315023,1,0.10802,256,0.2,0.2,20,"both",0.128923194576792,-0.0838759804360953
"1985","session1",-9.02162063329601,12.6360121566427,1.7727428717055,0.000179047628924173,0.225985917943022,0.507376121530053,0.462960499580992,20,1,100,0.128923194576792,-0.0838759804360953,20,1.79867230834319,1,-14.99014,256,0.2,0.2,20,"both",0.128923194576792,-0.0838759804360953
"1986","session1",-9.02162063329601,12.6360121566427,1.7727428717055,0.000179047628924173,0.225985917943022,0.507376121530053,0.462960499580992,20,1,100,0.128923194576792,-0.0838759804360953,20,3.29307097302047,0,-11.3827,256,0.2,0.2,20,"both",0.128923194576792,-0.0838759804360953
"1987","session1",-9.02162063329601,12.6360121566427,1.7727428717055,0.000179047628924173,0.225985917943022,0.507376121530053,0.462960499580992,20,1,100,0.128923194576792,-0.0838759804360953,20,1.5776410035602,0,-20.32022,256,0.2,0.2,20,"both",0.128923194576792,-0.0838759804360953
"1988","session1",-9.02162063329601,12.6360121566427,1.7727428717055,0.000179047628924173,0.225985917943022,0.507376121530053,0.462960499580992,20,1,100,0.128923194576792,-0.0838759804360953,20,1.81234793779066,0,-17.60116,256,0.2,0.2,20,"both",0.128923194576792,-0.0838759804360953
"1989","session1",-9.02162063329601,12.6360121566427,1.7727428717055,0.000179047628924173,0.225985917943022,0.507376121530053,0.462960499580992,20,1,100,0.128923194576792,-0.0838759804360953,20,1.53689791036931,1,10.51878,256,0.2,0.2,20,"both",0.128923194576792,-0.0838759804360953
"1990","session1",-9.02162063329601,12.6360121566427,1.7727428717055,0.000179047628924173,0.225985917943022,0.507376121530053,0.462960499580992,20,1,100,0.128923194576792,-0.0838759804360953,20,1.65351495825403,0,2.33969,256,0.2,0.2,20,"both",0.128923194576792,-0.0838759804360953
"1991","session1",-9.02162063329601,12.6360121566427,1.7727428717055,0.000179047628924173,0.225985917943022,0.507376121530053,0.462960499580992,20,1,100,0.128923194576792,-0.0838759804360953,20,2.47234126970291,1,0.49119,256,0.2,0.2,20,"both",0.128923194576792,-0.0838759804360953
"1992","session1",-9.02162063329601,12.6360121566427,1.7727428717055,0.000179047628924173,0.225985917943022,0.507376121530053,0.462960499580992,20,1,100,0.128923194576792,-0.0838759804360953,20,1.59707776824072,0,1.94148,256,0.2,0.2,20,"both",0.128923194576792,-0.0838759804360953
"1993","session1",-9.02162063329601,12.6360121566427,1.7727428717055,0.000179047628924173,0.225985917943022,0.507376121530053,0.462960499580992,20,1,100,0.128923194576792,-0.0838759804360953,20,1.42634254382786,1,11.51731,256,0.2,0.2,20,"both",0.128923194576792,-0.0838759804360953
"1994","session1",-9.02162063329601,12.6360121566427,1.7727428717055,0.000179047628924173,0.225985917943022,0.507376121530053,0.462960499580992,20,1,100,0.128923194576792,-0.0838759804360953,20,1.17533477040902,1,-16.75218,256,0.2,0.2,20,"both",0.128923194576792,-0.0838759804360953
"1995","session1",-9.02162063329601,12.6360121566427,1.7727428717055,0.000179047628924173,0.225985917943022,0.507376121530053,0.462960499580992,20,1,100,0.128923194576792,-0.0838759804360953,20,2.08411487198613,1,-16.78046,256,0.2,0.2,20,"both",0.128923194576792,-0.0838759804360953
"1996","session1",-9.02162063329601,12.6360121566427,1.7727428717055,0.000179047628924173,0.225985917943022,0.507376121530053,0.462960499580992,20,1,100,0.128923194576792,-0.0838759804360953,20,1.73841557473033,1,8.59791,256,0.2,0.2,20,"both",0.128923194576792,-0.0838759804360953
"1997","session1",-9.02162063329601,12.6360121566427,1.7727428717055,0.000179047628924173,0.225985917943022,0.507376121530053,0.462960499580992,20,1,100,0.128923194576792,-0.0838759804360953,20,2.67532790486148,0,-21.558,256,0.2,0.2,20,"both",0.128923194576792,-0.0838759804360953
"1998","session1",-9.02162063329601,12.6360121566427,1.7727428717055,0.000179047628924173,0.225985917943022,0.507376121530053,0.462960499580992,20,1,100,0.128923194576792,-0.0838759804360953,20,2.45125699148359,1,-2.21977,256,0.2,0.2,20,"both",0.128923194576792,-0.0838759804360953
"1999","session1",-9.02162063329601,12.6360121566427,1.7727428717055,0.000179047628924173,0.225985917943022,0.507376121530053,0.462960499580992,20,1,100,0.128923194576792,-0.0838759804360953,20,1.67369565205298,0,-23.8837,256,0.2,0.2,20,"both",0.128923194576792,-0.0838759804360953
"2000","session1",-9.02162063329601,12.6360121566427,1.7727428717055,0.000179047628924173,0.225985917943022,0.507376121530053,0.462960499580992,20,1,100,0.128923194576792,-0.0838759804360953,20,2.23348844982674,1,-19.80266,256,0.2,0.2,20,"both",0.128923194576792,-0.0838759804360953
"2001","session2",-11.8179168019682,8.11996518264076,2.63875791308859,0.000117079116587169,0.341391419552533,0.331175025155276,0.14110642128359,1,2,100,0.128923194576792,-0.0838759804360953,21,2.65446778758524,1,-8.5733190956,256,0.2,0.2,20,"both",0.128923194576792,-0.0838759804360953
"2002","session2",-11.8179168019682,8.11996518264076,2.63875791308859,0.000117079116587169,0.341391419552533,0.331175025155276,0.14110642128359,1,2,100,0.128923194576792,-0.0838759804360953,21,3.13889857656406,0,-11.32767918294,256,0.2,0.2,20,"both",0.128923194576792,-0.0838759804360953
"2003","session2",-11.8179168019682,8.11996518264076,2.63875791308859,0.000117079116587169,0.341391419552533,0.331175025155276,0.14110642128359,1,2,100,0.128923194576792,-0.0838759804360953,21,1.86420840157874,0,-4.11810472212,256,0.2,0.2,20,"both",0.128923194576792,-0.0838759804360953
"2004","session2",-11.8179168019682,8.11996518264076,2.63875791308859,0.000117079116587169,0.341391419552533,0.331175025155276,0.14110642128359,1,2,100,0.128923194576792,-0.0838759804360953,21,1.43261790860196,1,6.115166144,256,0.2,0.2,20,"both",0.128923194576792,-0.0838759804360953
"2005","session2",-11.8179168019682,8.11996518264076,2.63875791308859,0.000117079116587169,0.341391419552533,0.331175025155276,0.14110642128359,1,2,100,0.128923194576792,-0.0838759804360953,21,2.692352856067,1,0.14196,256,0.2,0.2,20,"both",0.128923194576792,-0.0838759804360953
"2006","session2",-11.8179168019682,8.11996518264076,2.63875791308859,0.000117079116587169,0.341391419552533,0.331175025155276,0.14110642128359,1,2,100,0.128923194576792,-0.0838759804360953,21,1.63223059804055,1,-13.37757,256,0.2,0.2,20,"both",0.128923194576792,-0.0838759804360953
"2007","session2",-11.8179168019682,8.11996518264076,2.63875791308859,0.000117079116587169,0.341391419552533,0.331175025155276,0.14110642128359,1,2,100,0.128923194576792,-0.0838759804360953,21,3.0076000579939,0,-7.582885541,256,0.2,0.2,20,"both",0.128923194576792,-0.0838759804360953
"2008","session2",-11.8179168019682,8.11996518264076,2.63875791308859,0.000117079116587169,0.341391419552533,0.331175025155276,0.14110642128359,1,2,100,0.128923194576792,-0.0838759804360953,21,2.00155783960632,1,12.79282,256,0.2,0.2,20,"both",0.128923194576792,-0.0838759804360953
"2009","session2",-11.8179168019682,8.11996518264076,2.63875791308859,0.000117079116587169,0.341391419552533,0.331175025155276,0.14110642128359,1,2,100,0.128923194576792,-0.0838759804360953,21,1.56331292775841,1,10.14246,256,0.2,0.2,20,"both",0.128923194576792,-0.0838759804360953
"2010","session2",-11.8179168019682,8.11996518264076,2.63875791308859,0.000117079116587169,0.341391419552533,0.331175025155276,0.14110642128359,1,2,100,0.128923194576792,-0.0838759804360953,21,1.41047425245126,1,28.6811,256,0.2,0.2,20,"both",0.128923194576792,-0.0838759804360953
"2011","session2",-11.8179168019682,8.11996518264076,2.63875791308859,0.000117079116587169,0.341391419552533,0.331175025155276,0.14110642128359,1,2,100,0.128923194576792,-0.0838759804360953,21,0.947202498965697,0,-30.84133,256,0.2,0.2,20,"both",0.128923194576792,-0.0838759804360953
"2012","session2",-11.8179168019682,8.11996518264076,2.63875791308859,0.000117079116587169,0.341391419552533,0.331175025155276,0.14110642128359,1,2,100,0.128923194576792,-0.0838759804360953,21,1.17826428043382,0,-26.72503,256,0.2,0.2,20,"both",0.128923194576792,-0.0838759804360953
"2013","session2",-11.8179168019682,8.11996518264076,2.63875791308859,0.000117079116587169,0.341391419552533,0.331175025155276,0.14110642128359,1,2,100,0.128923194576792,-0.0838759804360953,21,2.27074285427257,0,-15.15088,256,0.2,0.2,20,"both",0.128923194576792,-0.0838759804360953
"2014","session2",-11.8179168019682,8.11996518264076,2.63875791308859,0.000117079116587169,0.341391419552533,0.331175025155276,0.14110642128359,1,2,100,0.128923194576792,-0.0838759804360953,21,1.50710920905686,1,5.62565,256,0.2,0.2,20,"both",0.128923194576792,-0.0838759804360953
"2015","session2",-11.8179168019682,8.11996518264076,2.63875791308859,0.000117079116587169,0.341391419552533,0.331175025155276,0.14110642128359,1,2,100,0.128923194576792,-0.0838759804360953,21,1.33094527461971,1,6.07138,256,0.2,0.2,20,"both",0.128923194576792,-0.0838759804360953
"2016","session2",-11.8179168019682,8.11996518264076,2.63875791308859,0.000117079116587169,0.341391419552533,0.331175025155276,0.14110642128359,1,2,100,0.128923194576792,-0.0838759804360953,21,1.49581814010334,1,-0.6035,256,0.2,0.2,20,"both",0.128923194576792,-0.0838759804360953
"2017","session2",-11.8179168019682,8.11996518264076,2.63875791308859,0.000117079116587169,0.341391419552533,0.331175025155276,0.14110642128359,1,2,100,0.128923194576792,-0.0838759804360953,21,2.93056910058622,1,4.0738,256,0.2,0.2,20,"both",0.128923194576792,-0.0838759804360953
"2018","session2",-11.8179168019682,8.11996518264076,2.63875791308859,0.000117079116587169,0.341391419552533,0.331175025155276,0.14110642128359,1,2,100,0.128923194576792,-0.0838759804360953,21,2.40020988334207,1,-3.78921,256,0.2,0.2,20,"both",0.128923194576792,-0.0838759804360953
"2019","session2",-11.8179168019682,8.11996518264076,2.63875791308859,0.000117079116587169,0.341391419552533,0.331175025155276,0.14110642128359,1,2,100,0.128923194576792,-0.0838759804360953,21,1.87889549680485,0,-17.30874,256,0.2,0.2,20,"both",0.128923194576792,-0.0838759804360953
"2020","session2",-11.8179168019682,8.11996518264076,2.63875791308859,0.000117079116587169,0.341391419552533,0.331175025155276,0.14110642128359,1,2,100,0.128923194576792,-0.0838759804360953,21,1.12007809774028,0,-22.45208,256,0.2,0.2,20,"both",0.128923194576792,-0.0838759804360953
"2021","session2",-11.8179168019682,8.11996518264076,2.63875791308859,0.000117079116587169,0.341391419552533,0.331175025155276,0.14110642128359,1,2,100,0.128923194576792,-0.0838759804360953,21,1.49087028360979,0,-12.84587,256,0.2,0.2,20,"both",0.128923194576792,-0.0838759804360953
"2022","session2",-11.8179168019682,8.11996518264076,2.63875791308859,0.000117079116587169,0.341391419552533,0.331175025155276,0.14110642128359,1,2,100,0.128923194576792,-0.0838759804360953,21,2.75469303584976,1,2.01659,256,0.2,0.2,20,"both",0.128923194576792,-0.0838759804360953
"2023","session2",-11.8179168019682,8.11996518264076,2.63875791308859,0.000117079116587169,0.341391419552533,0.331175025155276,0.14110642128359,1,2,100,0.128923194576792,-0.0838759804360953,21,2.46592504455595,1,-12.28602,256,0.2,0.2,20,"both",0.128923194576792,-0.0838759804360953
"2024","session2",-11.8179168019682,8.11996518264076,2.63875791308859,0.000117079116587169,0.341391419552533,0.331175025155276,0.14110642128359,1,2,100,0.128923194576792,-0.0838759804360953,21,1.70144816554272,0,-17.22474,256,0.2,0.2,20,"both",0.128923194576792,-0.0838759804360953
"2025","session2",-11.8179168019682,8.11996518264076,2.63875791308859,0.000117079116587169,0.341391419552533,0.331175025155276,0.14110642128359,1,2,100,0.128923194576792,-0.0838759804360953,21,2.64819736364078,1,-4.91994,256,0.2,0.2,20,"both",0.128923194576792,-0.0838759804360953
"2026","session2",-11.8179168019682,8.11996518264076,2.63875791308859,0.000117079116587169,0.341391419552533,0.331175025155276,0.14110642128359,1,2,100,0.128923194576792,-0.0838759804360953,21,2.62179520016907,0,-16.52405,256,0.2,0.2,20,"both",0.128923194576792,-0.0838759804360953
"2027","session2",-11.8179168019682,8.11996518264076,2.63875791308859,0.000117079116587169,0.341391419552533,0.331175025155276,0.14110642128359,1,2,100,0.128923194576792,-0.0838759804360953,21,2.89963190290287,0,-6.3976,256,0.2,0.2,20,"both",0.128923194576792,-0.0838759804360953
"2028","session2",-11.8179168019682,8.11996518264076,2.63875791308859,0.000117079116587169,0.341391419552533,0.331175025155276,0.14110642128359,1,2,100,0.128923194576792,-0.0838759804360953,21,1.66139108224966,1,-20.73235,256,0.2,0.2,20,"both",0.128923194576792,-0.0838759804360953
"2029","session2",-11.8179168019682,8.11996518264076,2.63875791308859,0.000117079116587169,0.341391419552533,0.331175025155276,0.14110642128359,1,2,100,0.128923194576792,-0.0838759804360953,21,2.31335074978035,0,-14.45832,256,0.2,0.2,20,"both",0.128923194576792,-0.0838759804360953
"2030","session2",-11.8179168019682,8.11996518264076,2.63875791308859,0.000117079116587169,0.341391419552533,0.331175025155276,0.14110642128359,1,2,100,0.128923194576792,-0.0838759804360953,21,1.47056035318006,1,-0.894740000000001,256,0.2,0.2,20,"both",0.128923194576792,-0.0838759804360953
"2031","session2",-11.8179168019682,8.11996518264076,2.63875791308859,0.000117079116587169,0.341391419552533,0.331175025155276,0.14110642128359,1,2,100,0.128923194576792,-0.0838759804360953,21,1.44056299894891,0,-21.82814,256,0.2,0.2,20,"both",0.128923194576792,-0.0838759804360953
"2032","session2",-11.8179168019682,8.11996518264076,2.63875791308859,0.000117079116587169,0.341391419552533,0.331175025155276,0.14110642128359,1,2,100,0.128923194576792,-0.0838759804360953,21,2.85977425091283,0,-16.91843,256,0.2,0.2,20,"both",0.128923194576792,-0.0838759804360953
"2033","session2",-11.8179168019682,8.11996518264076,2.63875791308859,0.000117079116587169,0.341391419552533,0.331175025155276,0.14110642128359,1,2,100,0.128923194576792,-0.0838759804360953,21,2.3417987116267,1,-11.94222,256,0.2,0.2,20,"both",0.128923194576792,-0.0838759804360953
"2034","session2",-11.8179168019682,8.11996518264076,2.63875791308859,0.000117079116587169,0.341391419552533,0.331175025155276,0.14110642128359,1,2,100,0.128923194576792,-0.0838759804360953,21,1.93158690678492,0,-15.53127,256,0.2,0.2,20,"both",0.128923194576792,-0.0838759804360953
"2035","session2",-11.8179168019682,8.11996518264076,2.63875791308859,0.000117079116587169,0.341391419552533,0.331175025155276,0.14110642128359,1,2,100,0.128923194576792,-0.0838759804360953,21,1.62934015585524,0,-19.83757,256,0.2,0.2,20,"both",0.128923194576792,-0.0838759804360953
"2036","session2",-11.8179168019682,8.11996518264076,2.63875791308859,0.000117079116587169,0.341391419552533,0.331175025155276,0.14110642128359,1,2,100,0.128923194576792,-0.0838759804360953,21,1.26562621372699,1,1.81313,256,0.2,0.2,20,"both",0.128923194576792,-0.0838759804360953
"2037","session2",-11.8179168019682,8.11996518264076,2.63875791308859,0.000117079116587169,0.341391419552533,0.331175025155276,0.14110642128359,1,2,100,0.128923194576792,-0.0838759804360953,21,1.44210567424847,1,-3.83025,256,0.2,0.2,20,"both",0.128923194576792,-0.0838759804360953
"2038","session2",-11.8179168019682,8.11996518264076,2.63875791308859,0.000117079116587169,0.341391419552533,0.331175025155276,0.14110642128359,1,2,100,0.128923194576792,-0.0838759804360953,21,2.98169896747428,1,-12.02292,256,0.2,0.2,20,"both",0.128923194576792,-0.0838759804360953
"2039","session2",-11.8179168019682,8.11996518264076,2.63875791308859,0.000117079116587169,0.341391419552533,0.331175025155276,0.14110642128359,1,2,100,0.128923194576792,-0.0838759804360953,21,2.12142110931057,0,-20.12239,256,0.2,0.2,20,"both",0.128923194576792,-0.0838759804360953
"2040","session2",-11.8179168019682,8.11996518264076,2.63875791308859,0.000117079116587169,0.341391419552533,0.331175025155276,0.14110642128359,1,2,100,0.128923194576792,-0.0838759804360953,21,1.90298146632409,0,-21.78937,256,0.2,0.2,20,"both",0.128923194576792,-0.0838759804360953
"2041","session2",-11.8179168019682,8.11996518264076,2.63875791308859,0.000117079116587169,0.341391419552533,0.331175025155276,0.14110642128359,1,2,100,0.128923194576792,-0.0838759804360953,21,1.54622050321904,1,2.56896,256,0.2,0.2,20,"both",0.128923194576792,-0.0838759804360953
"2042","session2",-11.8179168019682,8.11996518264076,2.63875791308859,0.000117079116587169,0.341391419552533,0.331175025155276,0.14110642128359,1,2,100,0.128923194576792,-0.0838759804360953,21,2.46439695816638,1,-8.88335,256,0.2,0.2,20,"both",0.128923194576792,-0.0838759804360953
"2043","session2",-11.8179168019682,8.11996518264076,2.63875791308859,0.000117079116587169,0.341391419552533,0.331175025155276,0.14110642128359,1,2,100,0.128923194576792,-0.0838759804360953,21,1.55297858912138,1,2.32165,256,0.2,0.2,20,"both",0.128923194576792,-0.0838759804360953
"2044","session2",-11.8179168019682,8.11996518264076,2.63875791308859,0.000117079116587169,0.341391419552533,0.331175025155276,0.14110642128359,1,2,100,0.128923194576792,-0.0838759804360953,21,2.56467731452094,0,-15.9283,256,0.2,0.2,20,"both",0.128923194576792,-0.0838759804360953
"2045","session2",-11.8179168019682,8.11996518264076,2.63875791308859,0.000117079116587169,0.341391419552533,0.331175025155276,0.14110642128359,1,2,100,0.128923194576792,-0.0838759804360953,21,1.53533049095052,1,-1.81879,256,0.2,0.2,20,"both",0.128923194576792,-0.0838759804360953
"2046","session2",-11.8179168019682,8.11996518264076,2.63875791308859,0.000117079116587169,0.341391419552533,0.331175025155276,0.14110642128359,1,2,100,0.128923194576792,-0.0838759804360953,21,3.42777783611384,1,-17.05045,256,0.2,0.2,20,"both",0.128923194576792,-0.0838759804360953
"2047","session2",-11.8179168019682,8.11996518264076,2.63875791308859,0.000117079116587169,0.341391419552533,0.331175025155276,0.14110642128359,1,2,100,0.128923194576792,-0.0838759804360953,21,2.16587855986548,1,-6.24805,256,0.2,0.2,20,"both",0.128923194576792,-0.0838759804360953
"2048","session2",-11.8179168019682,8.11996518264076,2.63875791308859,0.000117079116587169,0.341391419552533,0.331175025155276,0.14110642128359,1,2,100,0.128923194576792,-0.0838759804360953,21,2.14373090060631,0,-16.69469,256,0.2,0.2,20,"both",0.128923194576792,-0.0838759804360953
"2049","session2",-11.8179168019682,8.11996518264076,2.63875791308859,0.000117079116587169,0.341391419552533,0.331175025155276,0.14110642128359,1,2,100,0.128923194576792,-0.0838759804360953,21,1.38584627218834,1,-1.30079,256,0.2,0.2,20,"both",0.128923194576792,-0.0838759804360953
"2050","session2",-11.8179168019682,8.11996518264076,2.63875791308859,0.000117079116587169,0.341391419552533,0.331175025155276,0.14110642128359,1,2,100,0.128923194576792,-0.0838759804360953,21,1.93082818590627,0,-21.1781,256,0.2,0.2,20,"both",0.128923194576792,-0.0838759804360953
"2051","session2",-11.8179168019682,8.11996518264076,2.63875791308859,0.000117079116587169,0.341391419552533,0.331175025155276,0.14110642128359,1,2,100,0.128923194576792,-0.0838759804360953,21,4.1645731309177,1,-7.0211,256,0.2,0.2,20,"both",0.128923194576792,-0.0838759804360953
"2052","session2",-11.8179168019682,8.11996518264076,2.63875791308859,0.000117079116587169,0.341391419552533,0.331175025155276,0.14110642128359,1,2,100,0.128923194576792,-0.0838759804360953,21,2.48912288799387,1,-12.65241,256,0.2,0.2,20,"both",0.128923194576792,-0.0838759804360953
"2053","session2",-11.8179168019682,8.11996518264076,2.63875791308859,0.000117079116587169,0.341391419552533,0.331175025155276,0.14110642128359,1,2,100,0.128923194576792,-0.0838759804360953,21,2.02756020505152,0,-16.81362,256,0.2,0.2,20,"both",0.128923194576792,-0.0838759804360953
"2054","session2",-11.8179168019682,8.11996518264076,2.63875791308859,0.000117079116587169,0.341391419552533,0.331175025155276,0.14110642128359,1,2,100,0.128923194576792,-0.0838759804360953,21,1.84835865415118,1,-8.62473,256,0.2,0.2,20,"both",0.128923194576792,-0.0838759804360953
"2055","session2",-11.8179168019682,8.11996518264076,2.63875791308859,0.000117079116587169,0.341391419552533,0.331175025155276,0.14110642128359,1,2,100,0.128923194576792,-0.0838759804360953,21,1.03671660758822,1,9.8006,256,0.2,0.2,20,"both",0.128923194576792,-0.0838759804360953
"2056","session2",-11.8179168019682,8.11996518264076,2.63875791308859,0.000117079116587169,0.341391419552533,0.331175025155276,0.14110642128359,1,2,100,0.128923194576792,-0.0838759804360953,21,2.02817364212867,0,-18.75394,256,0.2,0.2,20,"both",0.128923194576792,-0.0838759804360953
"2057","session2",-11.8179168019682,8.11996518264076,2.63875791308859,0.000117079116587169,0.341391419552533,0.331175025155276,0.14110642128359,1,2,100,0.128923194576792,-0.0838759804360953,21,2.24209561778502,1,-8.05215,256,0.2,0.2,20,"both",0.128923194576792,-0.0838759804360953
"2058","session2",-11.8179168019682,8.11996518264076,2.63875791308859,0.000117079116587169,0.341391419552533,0.331175025155276,0.14110642128359,1,2,100,0.128923194576792,-0.0838759804360953,21,3.42662402203444,1,-7.47181,256,0.2,0.2,20,"both",0.128923194576792,-0.0838759804360953
"2059","session2",-11.8179168019682,8.11996518264076,2.63875791308859,0.000117079116587169,0.341391419552533,0.331175025155276,0.14110642128359,1,2,100,0.128923194576792,-0.0838759804360953,21,4.22935056914476,1,-18.70273,256,0.2,0.2,20,"both",0.128923194576792,-0.0838759804360953
"2060","session2",-11.8179168019682,8.11996518264076,2.63875791308859,0.000117079116587169,0.341391419552533,0.331175025155276,0.14110642128359,1,2,100,0.128923194576792,-0.0838759804360953,21,3.2132906877186,1,-6.45042,256,0.2,0.2,20,"both",0.128923194576792,-0.0838759804360953
"2061","session2",-11.8179168019682,8.11996518264076,2.63875791308859,0.000117079116587169,0.341391419552533,0.331175025155276,0.14110642128359,1,2,100,0.128923194576792,-0.0838759804360953,21,2.08651934693196,1,-5.21727,256,0.2,0.2,20,"both",0.128923194576792,-0.0838759804360953
"2062","session2",-11.8179168019682,8.11996518264076,2.63875791308859,0.000117079116587169,0.341391419552533,0.331175025155276,0.14110642128359,1,2,100,0.128923194576792,-0.0838759804360953,21,3.23084160646262,1,-15.80223,256,0.2,0.2,20,"both",0.128923194576792,-0.0838759804360953
"2063","session2",-11.8179168019682,8.11996518264076,2.63875791308859,0.000117079116587169,0.341391419552533,0.331175025155276,0.14110642128359,1,2,100,0.128923194576792,-0.0838759804360953,21,2.10454560434622,0,-17.58919,256,0.2,0.2,20,"both",0.128923194576792,-0.0838759804360953
"2064","session2",-11.8179168019682,8.11996518264076,2.63875791308859,0.000117079116587169,0.341391419552533,0.331175025155276,0.14110642128359,1,2,100,0.128923194576792,-0.0838759804360953,21,2.57739793831048,0,-17.70227,256,0.2,0.2,20,"both",0.128923194576792,-0.0838759804360953
"2065","session2",-11.8179168019682,8.11996518264076,2.63875791308859,0.000117079116587169,0.341391419552533,0.331175025155276,0.14110642128359,1,2,100,0.128923194576792,-0.0838759804360953,21,4.42463622175194,1,-6.26925,256,0.2,0.2,20,"both",0.128923194576792,-0.0838759804360953
"2066","session2",-11.8179168019682,8.11996518264076,2.63875791308859,0.000117079116587169,0.341391419552533,0.331175025155276,0.14110642128359,1,2,100,0.128923194576792,-0.0838759804360953,21,1.15915547011896,0,-24.41644,256,0.2,0.2,20,"both",0.128923194576792,-0.0838759804360953
"2067","session2",-11.8179168019682,8.11996518264076,2.63875791308859,0.000117079116587169,0.341391419552533,0.331175025155276,0.14110642128359,1,2,100,0.128923194576792,-0.0838759804360953,21,1.62264672249386,0,-17.27716,256,0.2,0.2,20,"both",0.128923194576792,-0.0838759804360953
"2068","session2",-11.8179168019682,8.11996518264076,2.63875791308859,0.000117079116587169,0.341391419552533,0.331175025155276,0.14110642128359,1,2,100,0.128923194576792,-0.0838759804360953,21,2.93683976451428,1,-3.06862,256,0.2,0.2,20,"both",0.128923194576792,-0.0838759804360953
"2069","session2",-11.8179168019682,8.11996518264076,2.63875791308859,0.000117079116587169,0.341391419552533,0.331175025155276,0.14110642128359,1,2,100,0.128923194576792,-0.0838759804360953,21,4.20249009627442,1,-8.70342,256,0.2,0.2,20,"both",0.128923194576792,-0.0838759804360953
"2070","session2",-11.8179168019682,8.11996518264076,2.63875791308859,0.000117079116587169,0.341391419552533,0.331175025155276,0.14110642128359,1,2,100,0.128923194576792,-0.0838759804360953,21,2.96414221589662,0,-18.34515,256,0.2,0.2,20,"both",0.128923194576792,-0.0838759804360953
"2071","session2",-11.8179168019682,8.11996518264076,2.63875791308859,0.000117079116587169,0.341391419552533,0.331175025155276,0.14110642128359,1,2,100,0.128923194576792,-0.0838759804360953,21,4.70203990124961,0,-9.93077,256,0.2,0.2,20,"both",0.128923194576792,-0.0838759804360953
"2072","session2",-11.8179168019682,8.11996518264076,2.63875791308859,0.000117079116587169,0.341391419552533,0.331175025155276,0.14110642128359,1,2,100,0.128923194576792,-0.0838759804360953,21,2.34192837754144,1,-5.1406,256,0.2,0.2,20,"both",0.128923194576792,-0.0838759804360953
"2073","session2",-11.8179168019682,8.11996518264076,2.63875791308859,0.000117079116587169,0.341391419552533,0.331175025155276,0.14110642128359,1,2,100,0.128923194576792,-0.0838759804360953,21,1.93840169436005,1,-10.3093,256,0.2,0.2,20,"both",0.128923194576792,-0.0838759804360953
"2074","session2",-11.8179168019682,8.11996518264076,2.63875791308859,0.000117079116587169,0.341391419552533,0.331175025155276,0.14110642128359,1,2,100,0.128923194576792,-0.0838759804360953,21,1.68382389702312,0,-4.68618,256,0.2,0.2,20,"both",0.128923194576792,-0.0838759804360953
"2075","session2",-11.8179168019682,8.11996518264076,2.63875791308859,0.000117079116587169,0.341391419552533,0.331175025155276,0.14110642128359,1,2,100,0.128923194576792,-0.0838759804360953,21,4.62164046510022,0,-8.55912,256,0.2,0.2,20,"both",0.128923194576792,-0.0838759804360953
"2076","session2",-11.8179168019682,8.11996518264076,2.63875791308859,0.000117079116587169,0.341391419552533,0.331175025155276,0.14110642128359,1,2,100,0.128923194576792,-0.0838759804360953,21,2.35342697257041,1,-1.41348,256,0.2,0.2,20,"both",0.128923194576792,-0.0838759804360953
"2077","session2",-11.8179168019682,8.11996518264076,2.63875791308859,0.000117079116587169,0.341391419552533,0.331175025155276,0.14110642128359,1,2,100,0.128923194576792,-0.0838759804360953,21,3.99184000933694,1,-3.88623,256,0.2,0.2,20,"both",0.128923194576792,-0.0838759804360953
"2078","session2",-11.8179168019682,8.11996518264076,2.63875791308859,0.000117079116587169,0.341391419552533,0.331175025155276,0.14110642128359,1,2,100,0.128923194576792,-0.0838759804360953,21,2.28086884363165,1,-4.11761,256,0.2,0.2,20,"both",0.128923194576792,-0.0838759804360953
"2079","session2",-11.8179168019682,8.11996518264076,2.63875791308859,0.000117079116587169,0.341391419552533,0.331175025155276,0.14110642128359,1,2,100,0.128923194576792,-0.0838759804360953,21,2.40537970461239,0,-18.77669,256,0.2,0.2,20,"both",0.128923194576792,-0.0838759804360953
"2080","session2",-11.8179168019682,8.11996518264076,2.63875791308859,0.000117079116587169,0.341391419552533,0.331175025155276,0.14110642128359,1,2,100,0.128923194576792,-0.0838759804360953,21,2.26177689824179,0,-16.70582,256,0.2,0.2,20,"both",0.128923194576792,-0.0838759804360953
"2081","session2",-11.8179168019682,8.11996518264076,2.63875791308859,0.000117079116587169,0.341391419552533,0.331175025155276,0.14110642128359,1,2,100,0.128923194576792,-0.0838759804360953,21,2.05167607660587,1,-5.61612,256,0.2,0.2,20,"both",0.128923194576792,-0.0838759804360953
"2082","session2",-11.8179168019682,8.11996518264076,2.63875791308859,0.000117079116587169,0.341391419552533,0.331175025155276,0.14110642128359,1,2,100,0.128923194576792,-0.0838759804360953,21,2.33752049639487,0,-18.65476,256,0.2,0.2,20,"both",0.128923194576792,-0.0838759804360953
"2083","session2",-11.8179168019682,8.11996518264076,2.63875791308859,0.000117079116587169,0.341391419552533,0.331175025155276,0.14110642128359,1,2,100,0.128923194576792,-0.0838759804360953,21,2.40024930060354,0,-15.11735,256,0.2,0.2,20,"both",0.128923194576792,-0.0838759804360953
"2084","session2",-11.8179168019682,8.11996518264076,2.63875791308859,0.000117079116587169,0.341391419552533,0.331175025155276,0.14110642128359,1,2,100,0.128923194576792,-0.0838759804360953,21,2.18195396224624,0,-3.3495,256,0.2,0.2,20,"both",0.128923194576792,-0.0838759804360953
"2085","session2",-11.8179168019682,8.11996518264076,2.63875791308859,0.000117079116587169,0.341391419552533,0.331175025155276,0.14110642128359,1,2,100,0.128923194576792,-0.0838759804360953,21,1.49092825419385,1,-6.3676,256,0.2,0.2,20,"both",0.128923194576792,-0.0838759804360953
"2086","session2",-11.8179168019682,8.11996518264076,2.63875791308859,0.000117079116587169,0.341391419552533,0.331175025155276,0.14110642128359,1,2,100,0.128923194576792,-0.0838759804360953,21,1.98533014872583,1,-5.13781,256,0.2,0.2,20,"both",0.128923194576792,-0.0838759804360953
"2087","session2",-11.8179168019682,8.11996518264076,2.63875791308859,0.000117079116587169,0.341391419552533,0.331175025155276,0.14110642128359,1,2,100,0.128923194576792,-0.0838759804360953,21,2.28313727293853,0,-8.58804,256,0.2,0.2,20,"both",0.128923194576792,-0.0838759804360953
"2088","session2",-11.8179168019682,8.11996518264076,2.63875791308859,0.000117079116587169,0.341391419552533,0.331175025155276,0.14110642128359,1,2,100,0.128923194576792,-0.0838759804360953,21,3.59526307838587,1,-3.48367,256,0.2,0.2,20,"both",0.128923194576792,-0.0838759804360953
"2089","session2",-11.8179168019682,8.11996518264076,2.63875791308859,0.000117079116587169,0.341391419552533,0.331175025155276,0.14110642128359,1,2,100,0.128923194576792,-0.0838759804360953,21,1.4232239511367,1,-4.58284,256,0.2,0.2,20,"both",0.128923194576792,-0.0838759804360953
"2090","session2",-11.8179168019682,8.11996518264076,2.63875791308859,0.000117079116587169,0.341391419552533,0.331175025155276,0.14110642128359,1,2,100,0.128923194576792,-0.0838759804360953,21,1.83031284302509,0,-15.47823,256,0.2,0.2,20,"both",0.128923194576792,-0.0838759804360953
"2091","session2",-11.8179168019682,8.11996518264076,2.63875791308859,0.000117079116587169,0.341391419552533,0.331175025155276,0.14110642128359,1,2,100,0.128923194576792,-0.0838759804360953,21,1.78050150156369,1,-17.99655,256,0.2,0.2,20,"both",0.128923194576792,-0.0838759804360953
"2092","session2",-11.8179168019682,8.11996518264076,2.63875791308859,0.000117079116587169,0.341391419552533,0.331175025155276,0.14110642128359,1,2,100,0.128923194576792,-0.0838759804360953,21,1.47764920647072,0,-18.51364,256,0.2,0.2,20,"both",0.128923194576792,-0.0838759804360953
"2093","session2",-11.8179168019682,8.11996518264076,2.63875791308859,0.000117079116587169,0.341391419552533,0.331175025155276,0.14110642128359,1,2,100,0.128923194576792,-0.0838759804360953,21,1.92219853395236,1,-5.6434,256,0.2,0.2,20,"both",0.128923194576792,-0.0838759804360953
"2094","session2",-11.8179168019682,8.11996518264076,2.63875791308859,0.000117079116587169,0.341391419552533,0.331175025155276,0.14110642128359,1,2,100,0.128923194576792,-0.0838759804360953,21,4.06658252578591,1,-5.12486,256,0.2,0.2,20,"both",0.128923194576792,-0.0838759804360953
"2095","session2",-11.8179168019682,8.11996518264076,2.63875791308859,0.000117079116587169,0.341391419552533,0.331175025155276,0.14110642128359,1,2,100,0.128923194576792,-0.0838759804360953,21,2.65794134956807,1,-1.35988,256,0.2,0.2,20,"both",0.128923194576792,-0.0838759804360953
"2096","session2",-11.8179168019682,8.11996518264076,2.63875791308859,0.000117079116587169,0.341391419552533,0.331175025155276,0.14110642128359,1,2,100,0.128923194576792,-0.0838759804360953,21,3.34996120296759,1,-17.82396,256,0.2,0.2,20,"both",0.128923194576792,-0.0838759804360953
"2097","session2",-11.8179168019682,8.11996518264076,2.63875791308859,0.000117079116587169,0.341391419552533,0.331175025155276,0.14110642128359,1,2,100,0.128923194576792,-0.0838759804360953,21,1.68163218936963,0,-18.49758,256,0.2,0.2,20,"both",0.128923194576792,-0.0838759804360953
"2098","session2",-11.8179168019682,8.11996518264076,2.63875791308859,0.000117079116587169,0.341391419552533,0.331175025155276,0.14110642128359,1,2,100,0.128923194576792,-0.0838759804360953,21,1.92540623004589,1,-5.58126,256,0.2,0.2,20,"both",0.128923194576792,-0.0838759804360953
"2099","session2",-11.8179168019682,8.11996518264076,2.63875791308859,0.000117079116587169,0.341391419552533,0.331175025155276,0.14110642128359,1,2,100,0.128923194576792,-0.0838759804360953,21,1.88582516421374,0,-21.58534,256,0.2,0.2,20,"both",0.128923194576792,-0.0838759804360953
"2100","session2",-11.8179168019682,8.11996518264076,2.63875791308859,0.000117079116587169,0.341391419552533,0.331175025155276,0.14110642128359,1,2,100,0.128923194576792,-0.0838759804360953,21,1.60578925914084,0,-19.07944,256,0.2,0.2,20,"both",0.128923194576792,-0.0838759804360953
"2101","session2",13.3882429928286,10.8422643180703,2.04752383452803,0.000808786158087,0.292465732404316,0.5367193365988,0.46232376839649,2,2,100,0.128923194576792,-0.0838759804360953,22,6.04852277389353,0,7.03125351292,256,0.2,0.2,20,"both",0.128923194576792,-0.0838759804360953
"2102","session2",13.3882429928286,10.8422643180703,2.04752383452803,0.000808786158087,0.292465732404316,0.5367193365988,0.46232376839649,2,2,100,0.128923194576792,-0.0838759804360953,22,3.41744335031311,1,8.7941259044,256,0.2,0.2,20,"both",0.128923194576792,-0.0838759804360953
"2103","session2",13.3882429928286,10.8422643180703,2.04752383452803,0.000808786158087,0.292465732404316,0.5367193365988,0.46232376839649,2,2,100,0.128923194576792,-0.0838759804360953,22,4.73392593472907,0,1.4899527601,256,0.2,0.2,20,"both",0.128923194576792,-0.0838759804360953
"2104","session2",13.3882429928286,10.8422643180703,2.04752383452803,0.000808786158087,0.292465732404316,0.5367193365988,0.46232376839649,2,2,100,0.128923194576792,-0.0838759804360953,22,1.97635713363996,0,7.5124198994,256,0.2,0.2,20,"both",0.128923194576792,-0.0838759804360953
"2105","session2",13.3882429928286,10.8422643180703,2.04752383452803,0.000808786158087,0.292465732404316,0.5367193365988,0.46232376839649,2,2,100,0.128923194576792,-0.0838759804360953,22,2.96258753944572,0,-6.69229,256,0.2,0.2,20,"both",0.128923194576792,-0.0838759804360953
"2106","session2",13.3882429928286,10.8422643180703,2.04752383452803,0.000808786158087,0.292465732404316,0.5367193365988,0.46232376839649,2,2,100,0.128923194576792,-0.0838759804360953,22,2.62479869499045,0,9.30772,256,0.2,0.2,20,"both",0.128923194576792,-0.0838759804360953
"2107","session2",13.3882429928286,10.8422643180703,2.04752383452803,0.000808786158087,0.292465732404316,0.5367193365988,0.46232376839649,2,2,100,0.128923194576792,-0.0838759804360953,22,1.12920296708618,0,16.167231182,256,0.2,0.2,20,"both",0.128923194576792,-0.0838759804360953
"2108","session2",13.3882429928286,10.8422643180703,2.04752383452803,0.000808786158087,0.292465732404316,0.5367193365988,0.46232376839649,2,2,100,0.128923194576792,-0.0838759804360953,22,3.83295938403079,1,17.800676156,256,0.2,0.2,20,"both",0.128923194576792,-0.0838759804360953
"2109","session2",13.3882429928286,10.8422643180703,2.04752383452803,0.000808786158087,0.292465732404316,0.5367193365988,0.46232376839649,2,2,100,0.128923194576792,-0.0838759804360953,22,2.5715695226991,1,25.42612,256,0.2,0.2,20,"both",0.128923194576792,-0.0838759804360953
"2110","session2",13.3882429928286,10.8422643180703,2.04752383452803,0.000808786158087,0.292465732404316,0.5367193365988,0.46232376839649,2,2,100,0.128923194576792,-0.0838759804360953,22,3.06507346768171,0,13.20109,256,0.2,0.2,20,"both",0.128923194576792,-0.0838759804360953
"2111","session2",13.3882429928286,10.8422643180703,2.04752383452803,0.000808786158087,0.292465732404316,0.5367193365988,0.46232376839649,2,2,100,0.128923194576792,-0.0838759804360953,22,1.85500843338227,1,26.58759,256,0.2,0.2,20,"both",0.128923194576792,-0.0838759804360953
"2112","session2",13.3882429928286,10.8422643180703,2.04752383452803,0.000808786158087,0.292465732404316,0.5367193365988,0.46232376839649,2,2,100,0.128923194576792,-0.0838759804360953,22,1.77425707378398,0,26.3463,256,0.2,0.2,20,"both",0.128923194576792,-0.0838759804360953
"2113","session2",13.3882429928286,10.8422643180703,2.04752383452803,0.000808786158087,0.292465732404316,0.5367193365988,0.46232376839649,2,2,100,0.128923194576792,-0.0838759804360953,22,1.63928193268289,0,20.12776,256,0.2,0.2,20,"both",0.128923194576792,-0.0838759804360953
"2114","session2",13.3882429928286,10.8422643180703,2.04752383452803,0.000808786158087,0.292465732404316,0.5367193365988,0.46232376839649,2,2,100,0.128923194576792,-0.0838759804360953,22,1.36789382670839,0,-7.6343,256,0.2,0.2,20,"both",0.128923194576792,-0.0838759804360953
"2115","session2",13.3882429928286,10.8422643180703,2.04752383452803,0.000808786158087,0.292465732404316,0.5367193365988,0.46232376839649,2,2,100,0.128923194576792,-0.0838759804360953,22,3.56992549261299,1,21.3636,256,0.2,0.2,20,"both",0.128923194576792,-0.0838759804360953
"2116","session2",13.3882429928286,10.8422643180703,2.04752383452803,0.000808786158087,0.292465732404316,0.5367193365988,0.46232376839649,2,2,100,0.128923194576792,-0.0838759804360953,22,1.14504223673621,0,-4.1512,256,0.2,0.2,20,"both",0.128923194576792,-0.0838759804360953
"2117","session2",13.3882429928286,10.8422643180703,2.04752383452803,0.000808786158087,0.292465732404316,0.5367193365988,0.46232376839649,2,2,100,0.128923194576792,-0.0838759804360953,22,1.28910303834791,1,37.0143,256,0.2,0.2,20,"both",0.128923194576792,-0.0838759804360953
"2118","session2",13.3882429928286,10.8422643180703,2.04752383452803,0.000808786158087,0.292465732404316,0.5367193365988,0.46232376839649,2,2,100,0.128923194576792,-0.0838759804360953,22,1.38040640467605,1,-1.79262,256,0.2,0.2,20,"both",0.128923194576792,-0.0838759804360953
"2119","session2",13.3882429928286,10.8422643180703,2.04752383452803,0.000808786158087,0.292465732404316,0.5367193365988,0.46232376839649,2,2,100,0.128923194576792,-0.0838759804360953,22,2.30147103133696,0,14.68167,256,0.2,0.2,20,"both",0.128923194576792,-0.0838759804360953
"2120","session2",13.3882429928286,10.8422643180703,2.04752383452803,0.000808786158087,0.292465732404316,0.5367193365988,0.46232376839649,2,2,100,0.128923194576792,-0.0838759804360953,22,1.84454184600025,0,-3.706,256,0.2,0.2,20,"both",0.128923194576792,-0.0838759804360953
"2121","session2",13.3882429928286,10.8422643180703,2.04752383452803,0.000808786158087,0.292465732404316,0.5367193365988,0.46232376839649,2,2,100,0.128923194576792,-0.0838759804360953,22,1.09492461344293,0,-12.1377,256,0.2,0.2,20,"both",0.128923194576792,-0.0838759804360953
"2122","session2",13.3882429928286,10.8422643180703,2.04752383452803,0.000808786158087,0.292465732404316,0.5367193365988,0.46232376839649,2,2,100,0.128923194576792,-0.0838759804360953,22,2.46562824239758,1,39.3615,256,0.2,0.2,20,"both",0.128923194576792,-0.0838759804360953
"2123","session2",13.3882429928286,10.8422643180703,2.04752383452803,0.000808786158087,0.292465732404316,0.5367193365988,0.46232376839649,2,2,100,0.128923194576792,-0.0838759804360953,22,0.843455121123847,0,-10.88686,256,0.2,0.2,20,"both",0.128923194576792,-0.0838759804360953
"2124","session2",13.3882429928286,10.8422643180703,2.04752383452803,0.000808786158087,0.292465732404316,0.5367193365988,0.46232376839649,2,2,100,0.128923194576792,-0.0838759804360953,22,1.37660556895424,0,-9.1522,256,0.2,0.2,20,"both",0.128923194576792,-0.0838759804360953
"2125","session2",13.3882429928286,10.8422643180703,2.04752383452803,0.000808786158087,0.292465732404316,0.5367193365988,0.46232376839649,2,2,100,0.128923194576792,-0.0838759804360953,22,2.12698442167165,1,37.01589,256,0.2,0.2,20,"both",0.128923194576792,-0.0838759804360953
"2126","session2",13.3882429928286,10.8422643180703,2.04752383452803,0.000808786158087,0.292465732404316,0.5367193365988,0.46232376839649,2,2,100,0.128923194576792,-0.0838759804360953,22,1.80029398133057,0,13.6654,256,0.2,0.2,20,"both",0.128923194576792,-0.0838759804360953
"2127","session2",13.3882429928286,10.8422643180703,2.04752383452803,0.000808786158087,0.292465732404316,0.5367193365988,0.46232376839649,2,2,100,0.128923194576792,-0.0838759804360953,22,3.46847868819907,0,16.45046,256,0.2,0.2,20,"both",0.128923194576792,-0.0838759804360953
"2128","session2",13.3882429928286,10.8422643180703,2.04752383452803,0.000808786158087,0.292465732404316,0.5367193365988,0.46232376839649,2,2,100,0.128923194576792,-0.0838759804360953,22,3.38623510490611,0,18.36543,256,0.2,0.2,20,"both",0.128923194576792,-0.0838759804360953
"2129","session2",13.3882429928286,10.8422643180703,2.04752383452803,0.000808786158087,0.292465732404316,0.5367193365988,0.46232376839649,2,2,100,0.128923194576792,-0.0838759804360953,22,3.97125587963989,1,21.16868,256,0.2,0.2,20,"both",0.128923194576792,-0.0838759804360953
"2130","session2",13.3882429928286,10.8422643180703,2.04752383452803,0.000808786158087,0.292465732404316,0.5367193365988,0.46232376839649,2,2,100,0.128923194576792,-0.0838759804360953,22,1.8853697323396,1,22.634,256,0.2,0.2,20,"both",0.128923194576792,-0.0838759804360953
"2131","session2",13.3882429928286,10.8422643180703,2.04752383452803,0.000808786158087,0.292465732404316,0.5367193365988,0.46232376839649,2,2,100,0.128923194576792,-0.0838759804360953,22,2.09593686490369,1,17.09851,256,0.2,0.2,20,"both",0.128923194576792,-0.0838759804360953
"2132","session2",13.3882429928286,10.8422643180703,2.04752383452803,0.000808786158087,0.292465732404316,0.5367193365988,0.46232376839649,2,2,100,0.128923194576792,-0.0838759804360953,22,2.4553534353539,1,17.13891,256,0.2,0.2,20,"both",0.128923194576792,-0.0838759804360953
"2133","session2",13.3882429928286,10.8422643180703,2.04752383452803,0.000808786158087,0.292465732404316,0.5367193365988,0.46232376839649,2,2,100,0.128923194576792,-0.0838759804360953,22,2.83175287818692,0,-2.1875,256,0.2,0.2,20,"both",0.128923194576792,-0.0838759804360953
"2134","session2",13.3882429928286,10.8422643180703,2.04752383452803,0.000808786158087,0.292465732404316,0.5367193365988,0.46232376839649,2,2,100,0.128923194576792,-0.0838759804360953,22,1.97794235243958,0,24.9872,256,0.2,0.2,20,"both",0.128923194576792,-0.0838759804360953
"2135","session2",13.3882429928286,10.8422643180703,2.04752383452803,0.000808786158087,0.292465732404316,0.5367193365988,0.46232376839649,2,2,100,0.128923194576792,-0.0838759804360953,22,2.2039327500862,0,3.1143,256,0.2,0.2,20,"both",0.128923194576792,-0.0838759804360953
"2136","session2",13.3882429928286,10.8422643180703,2.04752383452803,0.000808786158087,0.292465732404316,0.5367193365988,0.46232376839649,2,2,100,0.128923194576792,-0.0838759804360953,22,3.7302190584708,0,-2.3223,256,0.2,0.2,20,"both",0.128923194576792,-0.0838759804360953
"2137","session2",13.3882429928286,10.8422643180703,2.04752383452803,0.000808786158087,0.292465732404316,0.5367193365988,0.46232376839649,2,2,100,0.128923194576792,-0.0838759804360953,22,2.14502499544138,0,0.936599999999999,256,0.2,0.2,20,"both",0.128923194576792,-0.0838759804360953
"2138","session2",13.3882429928286,10.8422643180703,2.04752383452803,0.000808786158087,0.292465732404316,0.5367193365988,0.46232376839649,2,2,100,0.128923194576792,-0.0838759804360953,22,2.19241032991899,1,11.25593,256,0.2,0.2,20,"both",0.128923194576792,-0.0838759804360953
"2139","session2",13.3882429928286,10.8422643180703,2.04752383452803,0.000808786158087,0.292465732404316,0.5367193365988,0.46232376839649,2,2,100,0.128923194576792,-0.0838759804360953,22,1.77979141627241,1,42.4774,256,0.2,0.2,20,"both",0.128923194576792,-0.0838759804360953
"2140","session2",13.3882429928286,10.8422643180703,2.04752383452803,0.000808786158087,0.292465732404316,0.5367193365988,0.46232376839649,2,2,100,0.128923194576792,-0.0838759804360953,22,2.18570131776851,1,35.2454,256,0.2,0.2,20,"both",0.128923194576792,-0.0838759804360953
"2141","session2",13.3882429928286,10.8422643180703,2.04752383452803,0.000808786158087,0.292465732404316,0.5367193365988,0.46232376839649,2,2,100,0.128923194576792,-0.0838759804360953,22,3.47620391795901,0,-12.7408,256,0.2,0.2,20,"both",0.128923194576792,-0.0838759804360953
"2142","session2",13.3882429928286,10.8422643180703,2.04752383452803,0.000808786158087,0.292465732404316,0.5367193365988,0.46232376839649,2,2,100,0.128923194576792,-0.0838759804360953,22,1.41571527293842,0,7.25934,256,0.2,0.2,20,"both",0.128923194576792,-0.0838759804360953
"2143","session2",13.3882429928286,10.8422643180703,2.04752383452803,0.000808786158087,0.292465732404316,0.5367193365988,0.46232376839649,2,2,100,0.128923194576792,-0.0838759804360953,22,1.82602497056588,1,26.09106,256,0.2,0.2,20,"both",0.128923194576792,-0.0838759804360953
"2144","session2",13.3882429928286,10.8422643180703,2.04752383452803,0.000808786158087,0.292465732404316,0.5367193365988,0.46232376839649,2,2,100,0.128923194576792,-0.0838759804360953,22,2.77627733083639,1,49.0768,256,0.2,0.2,20,"both",0.128923194576792,-0.0838759804360953
"2145","session2",13.3882429928286,10.8422643180703,2.04752383452803,0.000808786158087,0.292465732404316,0.5367193365988,0.46232376839649,2,2,100,0.128923194576792,-0.0838759804360953,22,2.28247817628336,0,8.58748,256,0.2,0.2,20,"both",0.128923194576792,-0.0838759804360953
"2146","session2",13.3882429928286,10.8422643180703,2.04752383452803,0.000808786158087,0.292465732404316,0.5367193365988,0.46232376839649,2,2,100,0.128923194576792,-0.0838759804360953,22,2.55948048454717,1,33.6767,256,0.2,0.2,20,"both",0.128923194576792,-0.0838759804360953
"2147","session2",13.3882429928286,10.8422643180703,2.04752383452803,0.000808786158087,0.292465732404316,0.5367193365988,0.46232376839649,2,2,100,0.128923194576792,-0.0838759804360953,22,2.11172156205849,0,29.0843,256,0.2,0.2,20,"both",0.128923194576792,-0.0838759804360953
"2148","session2",13.3882429928286,10.8422643180703,2.04752383452803,0.000808786158087,0.292465732404316,0.5367193365988,0.46232376839649,2,2,100,0.128923194576792,-0.0838759804360953,22,1.57846881749917,0,8.4926,256,0.2,0.2,20,"both",0.128923194576792,-0.0838759804360953
"2149","session2",13.3882429928286,10.8422643180703,2.04752383452803,0.000808786158087,0.292465732404316,0.5367193365988,0.46232376839649,2,2,100,0.128923194576792,-0.0838759804360953,22,5.73370918285082,1,15.60038,256,0.2,0.2,20,"both",0.128923194576792,-0.0838759804360953
"2150","session2",13.3882429928286,10.8422643180703,2.04752383452803,0.000808786158087,0.292465732404316,0.5367193365988,0.46232376839649,2,2,100,0.128923194576792,-0.0838759804360953,22,3.4174456263489,0,17.19533,256,0.2,0.2,20,"both",0.128923194576792,-0.0838759804360953
"2151","session2",13.3882429928286,10.8422643180703,2.04752383452803,0.000808786158087,0.292465732404316,0.5367193365988,0.46232376839649,2,2,100,0.128923194576792,-0.0838759804360953,22,1.38041663272846,1,36.4209,256,0.2,0.2,20,"both",0.128923194576792,-0.0838759804360953
"2152","session2",13.3882429928286,10.8422643180703,2.04752383452803,0.000808786158087,0.292465732404316,0.5367193365988,0.46232376839649,2,2,100,0.128923194576792,-0.0838759804360953,22,1.59185451166589,1,25.03913,256,0.2,0.2,20,"both",0.128923194576792,-0.0838759804360953
"2153","session2",13.3882429928286,10.8422643180703,2.04752383452803,0.000808786158087,0.292465732404316,0.5367193365988,0.46232376839649,2,2,100,0.128923194576792,-0.0838759804360953,22,4.00240385573322,0,-11.0454,256,0.2,0.2,20,"both",0.128923194576792,-0.0838759804360953
"2154","session2",13.3882429928286,10.8422643180703,2.04752383452803,0.000808786158087,0.292465732404316,0.5367193365988,0.46232376839649,2,2,100,0.128923194576792,-0.0838759804360953,22,8,0,12.59262,256,0.2,0.2,20,"both",0.128923194576792,-0.0838759804360953
"2155","session2",13.3882429928286,10.8422643180703,2.04752383452803,0.000808786158087,0.292465732404316,0.5367193365988,0.46232376839649,2,2,100,0.128923194576792,-0.0838759804360953,22,1.90195781804147,1,23.74259,256,0.2,0.2,20,"both",0.128923194576792,-0.0838759804360953
"2156","session2",13.3882429928286,10.8422643180703,2.04752383452803,0.000808786158087,0.292465732404316,0.5367193365988,0.46232376839649,2,2,100,0.128923194576792,-0.0838759804360953,22,3.69566435020314,0,14.41315,256,0.2,0.2,20,"both",0.128923194576792,-0.0838759804360953
"2157","session2",13.3882429928286,10.8422643180703,2.04752383452803,0.000808786158087,0.292465732404316,0.5367193365988,0.46232376839649,2,2,100,0.128923194576792,-0.0838759804360953,22,1.84863497326163,0,-1.3664,256,0.2,0.2,20,"both",0.128923194576792,-0.0838759804360953
"2158","session2",13.3882429928286,10.8422643180703,2.04752383452803,0.000808786158087,0.292465732404316,0.5367193365988,0.46232376839649,2,2,100,0.128923194576792,-0.0838759804360953,22,1.87157741902955,1,29.7074,256,0.2,0.2,20,"both",0.128923194576792,-0.0838759804360953
"2159","session2",13.3882429928286,10.8422643180703,2.04752383452803,0.000808786158087,0.292465732404316,0.5367193365988,0.46232376839649,2,2,100,0.128923194576792,-0.0838759804360953,22,1.39818330019823,1,31.4703,256,0.2,0.2,20,"both",0.128923194576792,-0.0838759804360953
"2160","session2",13.3882429928286,10.8422643180703,2.04752383452803,0.000808786158087,0.292465732404316,0.5367193365988,0.46232376839649,2,2,100,0.128923194576792,-0.0838759804360953,22,1.70462922927925,1,26.3891,256,0.2,0.2,20,"both",0.128923194576792,-0.0838759804360953
"2161","session2",13.3882429928286,10.8422643180703,2.04752383452803,0.000808786158087,0.292465732404316,0.5367193365988,0.46232376839649,2,2,100,0.128923194576792,-0.0838759804360953,22,1.65553973986526,0,4.4439,256,0.2,0.2,20,"both",0.128923194576792,-0.0838759804360953
"2162","session2",13.3882429928286,10.8422643180703,2.04752383452803,0.000808786158087,0.292465732404316,0.5367193365988,0.46232376839649,2,2,100,0.128923194576792,-0.0838759804360953,22,1.71058089704972,1,28.1414,256,0.2,0.2,20,"both",0.128923194576792,-0.0838759804360953
"2163","session2",13.3882429928286,10.8422643180703,2.04752383452803,0.000808786158087,0.292465732404316,0.5367193365988,0.46232376839649,2,2,100,0.128923194576792,-0.0838759804360953,22,1.27521170509994,0,-5.7226,256,0.2,0.2,20,"both",0.128923194576792,-0.0838759804360953
"2164","session2",13.3882429928286,10.8422643180703,2.04752383452803,0.000808786158087,0.292465732404316,0.5367193365988,0.46232376839649,2,2,100,0.128923194576792,-0.0838759804360953,22,1.15454235616601,1,29.5077,256,0.2,0.2,20,"both",0.128923194576792,-0.0838759804360953
"2165","session2",13.3882429928286,10.8422643180703,2.04752383452803,0.000808786158087,0.292465732404316,0.5367193365988,0.46232376839649,2,2,100,0.128923194576792,-0.0838759804360953,22,2.76791255737877,0,5.1831,256,0.2,0.2,20,"both",0.128923194576792,-0.0838759804360953
"2166","session2",13.3882429928286,10.8422643180703,2.04752383452803,0.000808786158087,0.292465732404316,0.5367193365988,0.46232376839649,2,2,100,0.128923194576792,-0.0838759804360953,22,2.33863467991814,1,37.7598,256,0.2,0.2,20,"both",0.128923194576792,-0.0838759804360953
"2167","session2",13.3882429928286,10.8422643180703,2.04752383452803,0.000808786158087,0.292465732404316,0.5367193365988,0.46232376839649,2,2,100,0.128923194576792,-0.0838759804360953,22,1.46710101480414,1,32.0246,256,0.2,0.2,20,"both",0.128923194576792,-0.0838759804360953
"2168","session2",13.3882429928286,10.8422643180703,2.04752383452803,0.000808786158087,0.292465732404316,0.5367193365988,0.46232376839649,2,2,100,0.128923194576792,-0.0838759804360953,22,3.61109878084494,1,13.81172,256,0.2,0.2,20,"both",0.128923194576792,-0.0838759804360953
"2169","session2",13.3882429928286,10.8422643180703,2.04752383452803,0.000808786158087,0.292465732404316,0.5367193365988,0.46232376839649,2,2,100,0.128923194576792,-0.0838759804360953,22,1.6229636003932,1,22.71997,256,0.2,0.2,20,"both",0.128923194576792,-0.0838759804360953
"2170","session2",13.3882429928286,10.8422643180703,2.04752383452803,0.000808786158087,0.292465732404316,0.5367193365988,0.46232376839649,2,2,100,0.128923194576792,-0.0838759804360953,22,3.10822834921204,1,8.57219,256,0.2,0.2,20,"both",0.128923194576792,-0.0838759804360953
"2171","session2",13.3882429928286,10.8422643180703,2.04752383452803,0.000808786158087,0.292465732404316,0.5367193365988,0.46232376839649,2,2,100,0.128923194576792,-0.0838759804360953,22,5.0113259298687,0,3.3779,256,0.2,0.2,20,"both",0.128923194576792,-0.0838759804360953
"2172","session2",13.3882429928286,10.8422643180703,2.04752383452803,0.000808786158087,0.292465732404316,0.5367193365988,0.46232376839649,2,2,100,0.128923194576792,-0.0838759804360953,22,2.82750608964473,1,2.4221,256,0.2,0.2,20,"both",0.128923194576792,-0.0838759804360953
"2173","session2",13.3882429928286,10.8422643180703,2.04752383452803,0.000808786158087,0.292465732404316,0.5367193365988,0.46232376839649,2,2,100,0.128923194576792,-0.0838759804360953,22,1.37319324715788,1,10.51116,256,0.2,0.2,20,"both",0.128923194576792,-0.0838759804360953
"2174","session2",13.3882429928286,10.8422643180703,2.04752383452803,0.000808786158087,0.292465732404316,0.5367193365988,0.46232376839649,2,2,100,0.128923194576792,-0.0838759804360953,22,1.33602596465494,1,27.705,256,0.2,0.2,20,"both",0.128923194576792,-0.0838759804360953
"2175","session2",13.3882429928286,10.8422643180703,2.04752383452803,0.000808786158087,0.292465732404316,0.5367193365988,0.46232376839649,2,2,100,0.128923194576792,-0.0838759804360953,22,2.95091691406357,1,20.47113,256,0.2,0.2,20,"both",0.128923194576792,-0.0838759804360953
"2176","session2",13.3882429928286,10.8422643180703,2.04752383452803,0.000808786158087,0.292465732404316,0.5367193365988,0.46232376839649,2,2,100,0.128923194576792,-0.0838759804360953,22,2.74502579577777,1,25.85292,256,0.2,0.2,20,"both",0.128923194576792,-0.0838759804360953
"2177","session2",13.3882429928286,10.8422643180703,2.04752383452803,0.000808786158087,0.292465732404316,0.5367193365988,0.46232376839649,2,2,100,0.128923194576792,-0.0838759804360953,22,1.89126193085981,1,32.9636,256,0.2,0.2,20,"both",0.128923194576792,-0.0838759804360953
"2178","session2",13.3882429928286,10.8422643180703,2.04752383452803,0.000808786158087,0.292465732404316,0.5367193365988,0.46232376839649,2,2,100,0.128923194576792,-0.0838759804360953,22,2.68220068640914,1,30.3101,256,0.2,0.2,20,"both",0.128923194576792,-0.0838759804360953
"2179","session2",13.3882429928286,10.8422643180703,2.04752383452803,0.000808786158087,0.292465732404316,0.5367193365988,0.46232376839649,2,2,100,0.128923194576792,-0.0838759804360953,22,1.71910890919338,0,22.4563,256,0.2,0.2,20,"both",0.128923194576792,-0.0838759804360953
"2180","session2",13.3882429928286,10.8422643180703,2.04752383452803,0.000808786158087,0.292465732404316,0.5367193365988,0.46232376839649,2,2,100,0.128923194576792,-0.0838759804360953,22,1.85809994795293,0,1.1882,256,0.2,0.2,20,"both",0.128923194576792,-0.0838759804360953
"2181","session2",13.3882429928286,10.8422643180703,2.04752383452803,0.000808786158087,0.292465732404316,0.5367193365988,0.46232376839649,2,2,100,0.128923194576792,-0.0838759804360953,22,2.22467679534289,0,-0.9095,256,0.2,0.2,20,"both",0.128923194576792,-0.0838759804360953
"2182","session2",13.3882429928286,10.8422643180703,2.04752383452803,0.000808786158087,0.292465732404316,0.5367193365988,0.46232376839649,2,2,100,0.128923194576792,-0.0838759804360953,22,3.27450831563583,1,28.0053,256,0.2,0.2,20,"both",0.128923194576792,-0.0838759804360953
"2183","session2",13.3882429928286,10.8422643180703,2.04752383452803,0.000808786158087,0.292465732404316,0.5367193365988,0.46232376839649,2,2,100,0.128923194576792,-0.0838759804360953,22,1.94603550490886,1,3.21,256,0.2,0.2,20,"both",0.128923194576792,-0.0838759804360953
"2184","session2",13.3882429928286,10.8422643180703,2.04752383452803,0.000808786158087,0.292465732404316,0.5367193365988,0.46232376839649,2,2,100,0.128923194576792,-0.0838759804360953,22,2.48793174211194,1,28.8547,256,0.2,0.2,20,"both",0.128923194576792,-0.0838759804360953
"2185","session2",13.3882429928286,10.8422643180703,2.04752383452803,0.000808786158087,0.292465732404316,0.5367193365988,0.46232376839649,2,2,100,0.128923194576792,-0.0838759804360953,22,6.3607587679944,0,5.32981,256,0.2,0.2,20,"both",0.128923194576792,-0.0838759804360953
"2186","session2",13.3882429928286,10.8422643180703,2.04752383452803,0.000808786158087,0.292465732404316,0.5367193365988,0.46232376839649,2,2,100,0.128923194576792,-0.0838759804360953,22,3.18338747412611,0,1.5219,256,0.2,0.2,20,"both",0.128923194576792,-0.0838759804360953
"2187","session2",13.3882429928286,10.8422643180703,2.04752383452803,0.000808786158087,0.292465732404316,0.5367193365988,0.46232376839649,2,2,100,0.128923194576792,-0.0838759804360953,22,3.09392763350339,0,4.8339,256,0.2,0.2,20,"both",0.128923194576792,-0.0838759804360953
"2188","session2",13.3882429928286,10.8422643180703,2.04752383452803,0.000808786158087,0.292465732404316,0.5367193365988,0.46232376839649,2,2,100,0.128923194576792,-0.0838759804360953,22,2.98882611757176,1,3.0938,256,0.2,0.2,20,"both",0.128923194576792,-0.0838759804360953
"2189","session2",13.3882429928286,10.8422643180703,2.04752383452803,0.000808786158087,0.292465732404316,0.5367193365988,0.46232376839649,2,2,100,0.128923194576792,-0.0838759804360953,22,2.61849443016175,1,7.2517,256,0.2,0.2,20,"both",0.128923194576792,-0.0838759804360953
"2190","session2",13.3882429928286,10.8422643180703,2.04752383452803,0.000808786158087,0.292465732404316,0.5367193365988,0.46232376839649,2,2,100,0.128923194576792,-0.0838759804360953,22,1.41846997179241,1,32.4125,256,0.2,0.2,20,"both",0.128923194576792,-0.0838759804360953
"2191","session2",13.3882429928286,10.8422643180703,2.04752383452803,0.000808786158087,0.292465732404316,0.5367193365988,0.46232376839649,2,2,100,0.128923194576792,-0.0838759804360953,22,2.08472351673456,1,1.0962,256,0.2,0.2,20,"both",0.128923194576792,-0.0838759804360953
"2192","session2",13.3882429928286,10.8422643180703,2.04752383452803,0.000808786158087,0.292465732404316,0.5367193365988,0.46232376839649,2,2,100,0.128923194576792,-0.0838759804360953,22,3.11292349172353,1,25.211,256,0.2,0.2,20,"both",0.128923194576792,-0.0838759804360953
"2193","session2",13.3882429928286,10.8422643180703,2.04752383452803,0.000808786158087,0.292465732404316,0.5367193365988,0.46232376839649,2,2,100,0.128923194576792,-0.0838759804360953,22,4.49039114603991,1,26.6373,256,0.2,0.2,20,"both",0.128923194576792,-0.0838759804360953
"2194","session2",13.3882429928286,10.8422643180703,2.04752383452803,0.000808786158087,0.292465732404316,0.5367193365988,0.46232376839649,2,2,100,0.128923194576792,-0.0838759804360953,22,1.31056441852619,1,28.5219,256,0.2,0.2,20,"both",0.128923194576792,-0.0838759804360953
"2195","session2",13.3882429928286,10.8422643180703,2.04752383452803,0.000808786158087,0.292465732404316,0.5367193365988,0.46232376839649,2,2,100,0.128923194576792,-0.0838759804360953,22,1.93291108193641,1,2.31037,256,0.2,0.2,20,"both",0.128923194576792,-0.0838759804360953
"2196","session2",13.3882429928286,10.8422643180703,2.04752383452803,0.000808786158087,0.292465732404316,0.5367193365988,0.46232376839649,2,2,100,0.128923194576792,-0.0838759804360953,22,3.20166180647741,0,-0.342320000000001,256,0.2,0.2,20,"both",0.128923194576792,-0.0838759804360953
"2197","session2",13.3882429928286,10.8422643180703,2.04752383452803,0.000808786158087,0.292465732404316,0.5367193365988,0.46232376839649,2,2,100,0.128923194576792,-0.0838759804360953,22,1.06240235374891,1,27.6313,256,0.2,0.2,20,"both",0.128923194576792,-0.0838759804360953
"2198","session2",13.3882429928286,10.8422643180703,2.04752383452803,0.000808786158087,0.292465732404316,0.5367193365988,0.46232376839649,2,2,100,0.128923194576792,-0.0838759804360953,22,4.60813068022496,1,27.8789,256,0.2,0.2,20,"both",0.128923194576792,-0.0838759804360953
"2199","session2",13.3882429928286,10.8422643180703,2.04752383452803,0.000808786158087,0.292465732404316,0.5367193365988,0.46232376839649,2,2,100,0.128923194576792,-0.0838759804360953,22,1.94293549292786,1,19.14132,256,0.2,0.2,20,"both",0.128923194576792,-0.0838759804360953
"2200","session2",13.3882429928286,10.8422643180703,2.04752383452803,0.000808786158087,0.292465732404316,0.5367193365988,0.46232376839649,2,2,100,0.128923194576792,-0.0838759804360953,22,5.4442975098425,0,-0.519599999999999,256,0.2,0.2,20,"both",0.128923194576792,-0.0838759804360953
"2201","session2",-13.8503801585357,13.652261668046,1.89733442044669,0.000174813339977409,0.175813978667756,0.319157337030714,0.410714756611136,3,2,100,0.128923194576792,-0.0838759804360953,23,1.58654419814019,0,-9.4332030749,256,0.2,0.2,20,"both",0.128923194576792,-0.0838759804360953
"2202","session2",-13.8503801585357,13.652261668046,1.89733442044669,0.000174813339977409,0.175813978667756,0.319157337030714,0.410714756611136,3,2,100,0.128923194576792,-0.0838759804360953,23,0.927722214500133,1,5.81255860887,256,0.2,0.2,20,"both",0.128923194576792,-0.0838759804360953
"2203","session2",-13.8503801585357,13.652261668046,1.89733442044669,0.000174813339977409,0.175813978667756,0.319157337030714,0.410714756611136,3,2,100,0.128923194576792,-0.0838759804360953,23,1.78590830802377,1,-1.3679999263,256,0.2,0.2,20,"both",0.128923194576792,-0.0838759804360953
"2204","session2",-13.8503801585357,13.652261668046,1.89733442044669,0.000174813339977409,0.175813978667756,0.319157337030714,0.410714756611136,3,2,100,0.128923194576792,-0.0838759804360953,23,1.75706036309916,1,-3.79438954,256,0.2,0.2,20,"both",0.128923194576792,-0.0838759804360953
"2205","session2",-13.8503801585357,13.652261668046,1.89733442044669,0.000174813339977409,0.175813978667756,0.319157337030714,0.410714756611136,3,2,100,0.128923194576792,-0.0838759804360953,23,2.33479153162361,1,-7.81211,256,0.2,0.2,20,"both",0.128923194576792,-0.0838759804360953
"2206","session2",-13.8503801585357,13.652261668046,1.89733442044669,0.000174813339977409,0.175813978667756,0.319157337030714,0.410714756611136,3,2,100,0.128923194576792,-0.0838759804360953,23,2.58381540659225,0,-18.41321,256,0.2,0.2,20,"both",0.128923194576792,-0.0838759804360953
"2207","session2",-13.8503801585357,13.652261668046,1.89733442044669,0.000174813339977409,0.175813978667756,0.319157337030714,0.410714756611136,3,2,100,0.128923194576792,-0.0838759804360953,23,1.68030463145905,1,6.294,256,0.2,0.2,20,"both",0.128923194576792,-0.0838759804360953
"2208","session2",-13.8503801585357,13.652261668046,1.89733442044669,0.000174813339977409,0.175813978667756,0.319157337030714,0.410714756611136,3,2,100,0.128923194576792,-0.0838759804360953,23,1.86607809326276,1,0.99086,256,0.2,0.2,20,"both",0.128923194576792,-0.0838759804360953
"2209","session2",-13.8503801585357,13.652261668046,1.89733442044669,0.000174813339977409,0.175813978667756,0.319157337030714,0.410714756611136,3,2,100,0.128923194576792,-0.0838759804360953,23,2.39459990693432,0,0.0745999999999984,256,0.2,0.2,20,"both",0.128923194576792,-0.0838759804360953
"2210","session2",-13.8503801585357,13.652261668046,1.89733442044669,0.000174813339977409,0.175813978667756,0.319157337030714,0.410714756611136,3,2,100,0.128923194576792,-0.0838759804360953,23,2.16171247460519,0,-11.39624,256,0.2,0.2,20,"both",0.128923194576792,-0.0838759804360953
"2211","session2",-13.8503801585357,13.652261668046,1.89733442044669,0.000174813339977409,0.175813978667756,0.319157337030714,0.410714756611136,3,2,100,0.128923194576792,-0.0838759804360953,23,1.4559275975302,1,6.21911,256,0.2,0.2,20,"both",0.128923194576792,-0.0838759804360953
"2212","session2",-13.8503801585357,13.652261668046,1.89733442044669,0.000174813339977409,0.175813978667756,0.319157337030714,0.410714756611136,3,2,100,0.128923194576792,-0.0838759804360953,23,2.80694309415994,1,-7.8212,256,0.2,0.2,20,"both",0.128923194576792,-0.0838759804360953
"2213","session2",-13.8503801585357,13.652261668046,1.89733442044669,0.000174813339977409,0.175813978667756,0.319157337030714,0.410714756611136,3,2,100,0.128923194576792,-0.0838759804360953,23,2.041392189066,0,-17.98756,256,0.2,0.2,20,"both",0.128923194576792,-0.0838759804360953
"2214","session2",-13.8503801585357,13.652261668046,1.89733442044669,0.000174813339977409,0.175813978667756,0.319157337030714,0.410714756611136,3,2,100,0.128923194576792,-0.0838759804360953,23,1.44902137685133,1,3.221,256,0.2,0.2,20,"both",0.128923194576792,-0.0838759804360953
"2215","session2",-13.8503801585357,13.652261668046,1.89733442044669,0.000174813339977409,0.175813978667756,0.319157337030714,0.410714756611136,3,2,100,0.128923194576792,-0.0838759804360953,23,3.20617761547691,0,-18.70337,256,0.2,0.2,20,"both",0.128923194576792,-0.0838759804360953
"2216","session2",-13.8503801585357,13.652261668046,1.89733442044669,0.000174813339977409,0.175813978667756,0.319157337030714,0.410714756611136,3,2,100,0.128923194576792,-0.0838759804360953,23,2.14886016328358,0,-11.09421,256,0.2,0.2,20,"both",0.128923194576792,-0.0838759804360953
"2217","session2",-13.8503801585357,13.652261668046,1.89733442044669,0.000174813339977409,0.175813978667756,0.319157337030714,0.410714756611136,3,2,100,0.128923194576792,-0.0838759804360953,23,3.7455071031824,0,-13.59977,256,0.2,0.2,20,"both",0.128923194576792,-0.0838759804360953
"2218","session2",-13.8503801585357,13.652261668046,1.89733442044669,0.000174813339977409,0.175813978667756,0.319157337030714,0.410714756611136,3,2,100,0.128923194576792,-0.0838759804360953,23,1.66869123715849,1,5.37599,256,0.2,0.2,20,"both",0.128923194576792,-0.0838759804360953
"2219","session2",-13.8503801585357,13.652261668046,1.89733442044669,0.000174813339977409,0.175813978667756,0.319157337030714,0.410714756611136,3,2,100,0.128923194576792,-0.0838759804360953,23,3.25042984589014,0,-14.6216,256,0.2,0.2,20,"both",0.128923194576792,-0.0838759804360953
"2220","session2",-13.8503801585357,13.652261668046,1.89733442044669,0.000174813339977409,0.175813978667756,0.319157337030714,0.410714756611136,3,2,100,0.128923194576792,-0.0838759804360953,23,3.26464828569805,1,-13.31052,256,0.2,0.2,20,"both",0.128923194576792,-0.0838759804360953
"2221","session2",-13.8503801585357,13.652261668046,1.89733442044669,0.000174813339977409,0.175813978667756,0.319157337030714,0.410714756611136,3,2,100,0.128923194576792,-0.0838759804360953,23,1.68209654839883,0,-6.81956,256,0.2,0.2,20,"both",0.128923194576792,-0.0838759804360953
"2222","session2",-13.8503801585357,13.652261668046,1.89733442044669,0.000174813339977409,0.175813978667756,0.319157337030714,0.410714756611136,3,2,100,0.128923194576792,-0.0838759804360953,23,2.80301760169536,1,-24.3258,256,0.2,0.2,20,"both",0.128923194576792,-0.0838759804360953
"2223","session2",-13.8503801585357,13.652261668046,1.89733442044669,0.000174813339977409,0.175813978667756,0.319157337030714,0.410714756611136,3,2,100,0.128923194576792,-0.0838759804360953,23,2.68221350742782,0,-18.57962,256,0.2,0.2,20,"both",0.128923194576792,-0.0838759804360953
"2224","session2",-13.8503801585357,13.652261668046,1.89733442044669,0.000174813339977409,0.175813978667756,0.319157337030714,0.410714756611136,3,2,100,0.128923194576792,-0.0838759804360953,23,1.57683597498601,1,1.74634,256,0.2,0.2,20,"both",0.128923194576792,-0.0838759804360953
"2225","session2",-13.8503801585357,13.652261668046,1.89733442044669,0.000174813339977409,0.175813978667756,0.319157337030714,0.410714756611136,3,2,100,0.128923194576792,-0.0838759804360953,23,2.3115525964829,0,-3.79079,256,0.2,0.2,20,"both",0.128923194576792,-0.0838759804360953
"2226","session2",-13.8503801585357,13.652261668046,1.89733442044669,0.000174813339977409,0.175813978667756,0.319157337030714,0.410714756611136,3,2,100,0.128923194576792,-0.0838759804360953,23,3.52818797124107,1,1.5293,256,0.2,0.2,20,"both",0.128923194576792,-0.0838759804360953
"2227","session2",-13.8503801585357,13.652261668046,1.89733442044669,0.000174813339977409,0.175813978667756,0.319157337030714,0.410714756611136,3,2,100,0.128923194576792,-0.0838759804360953,23,1.46896919587219,1,8.063662,256,0.2,0.2,20,"both",0.128923194576792,-0.0838759804360953
"2228","session2",-13.8503801585357,13.652261668046,1.89733442044669,0.000174813339977409,0.175813978667756,0.319157337030714,0.410714756611136,3,2,100,0.128923194576792,-0.0838759804360953,23,1.88637898566158,0,-24.9803,256,0.2,0.2,20,"both",0.128923194576792,-0.0838759804360953
"2229","session2",-13.8503801585357,13.652261668046,1.89733442044669,0.000174813339977409,0.175813978667756,0.319157337030714,0.410714756611136,3,2,100,0.128923194576792,-0.0838759804360953,23,2.94192067317794,0,-2.6561,256,0.2,0.2,20,"both",0.128923194576792,-0.0838759804360953
"2230","session2",-13.8503801585357,13.652261668046,1.89733442044669,0.000174813339977409,0.175813978667756,0.319157337030714,0.410714756611136,3,2,100,0.128923194576792,-0.0838759804360953,23,2.42029453565629,1,-8.11704,256,0.2,0.2,20,"both",0.128923194576792,-0.0838759804360953
"2231","session2",-13.8503801585357,13.652261668046,1.89733442044669,0.000174813339977409,0.175813978667756,0.319157337030714,0.410714756611136,3,2,100,0.128923194576792,-0.0838759804360953,23,1.84622408665109,1,7.66691,256,0.2,0.2,20,"both",0.128923194576792,-0.0838759804360953
"2232","session2",-13.8503801585357,13.652261668046,1.89733442044669,0.000174813339977409,0.175813978667756,0.319157337030714,0.410714756611136,3,2,100,0.128923194576792,-0.0838759804360953,23,3.19633269295213,1,-11.78835,256,0.2,0.2,20,"both",0.128923194576792,-0.0838759804360953
"2233","session2",-13.8503801585357,13.652261668046,1.89733442044669,0.000174813339977409,0.175813978667756,0.319157337030714,0.410714756611136,3,2,100,0.128923194576792,-0.0838759804360953,23,2.19341973665138,0,-9.25306,256,0.2,0.2,20,"both",0.128923194576792,-0.0838759804360953
"2234","session2",-13.8503801585357,13.652261668046,1.89733442044669,0.000174813339977409,0.175813978667756,0.319157337030714,0.410714756611136,3,2,100,0.128923194576792,-0.0838759804360953,23,1.74784574611582,1,-9.18847,256,0.2,0.2,20,"both",0.128923194576792,-0.0838759804360953
"2235","session2",-13.8503801585357,13.652261668046,1.89733442044669,0.000174813339977409,0.175813978667756,0.319157337030714,0.410714756611136,3,2,100,0.128923194576792,-0.0838759804360953,23,2.00534959488407,1,-5.5858402,256,0.2,0.2,20,"both",0.128923194576792,-0.0838759804360953
"2236","session2",-13.8503801585357,13.652261668046,1.89733442044669,0.000174813339977409,0.175813978667756,0.319157337030714,0.410714756611136,3,2,100,0.128923194576792,-0.0838759804360953,23,2.80875353934065,1,-6.69232,256,0.2,0.2,20,"both",0.128923194576792,-0.0838759804360953
"2237","session2",-13.8503801585357,13.652261668046,1.89733442044669,0.000174813339977409,0.175813978667756,0.319157337030714,0.410714756611136,3,2,100,0.128923194576792,-0.0838759804360953,23,1.97305730867127,1,2.75202,256,0.2,0.2,20,"both",0.128923194576792,-0.0838759804360953
"2238","session2",-13.8503801585357,13.652261668046,1.89733442044669,0.000174813339977409,0.175813978667756,0.319157337030714,0.410714756611136,3,2,100,0.128923194576792,-0.0838759804360953,23,2.45464648466383,0,-2.10059,256,0.2,0.2,20,"both",0.128923194576792,-0.0838759804360953
"2239","session2",-13.8503801585357,13.652261668046,1.89733442044669,0.000174813339977409,0.175813978667756,0.319157337030714,0.410714756611136,3,2,100,0.128923194576792,-0.0838759804360953,23,1.73285053274368,0,-16.15276,256,0.2,0.2,20,"both",0.128923194576792,-0.0838759804360953
"2240","session2",-13.8503801585357,13.652261668046,1.89733442044669,0.000174813339977409,0.175813978667756,0.319157337030714,0.410714756611136,3,2,100,0.128923194576792,-0.0838759804360953,23,1.68054016450799,1,-3.58611,256,0.2,0.2,20,"both",0.128923194576792,-0.0838759804360953
"2241","session2",-13.8503801585357,13.652261668046,1.89733442044669,0.000174813339977409,0.175813978667756,0.319157337030714,0.410714756611136,3,2,100,0.128923194576792,-0.0838759804360953,23,3.56486236230465,0,-15.22529,256,0.2,0.2,20,"both",0.128923194576792,-0.0838759804360953
"2242","session2",-13.8503801585357,13.652261668046,1.89733442044669,0.000174813339977409,0.175813978667756,0.319157337030714,0.410714756611136,3,2,100,0.128923194576792,-0.0838759804360953,23,2.86557205947126,1,-0.19907,256,0.2,0.2,20,"both",0.128923194576792,-0.0838759804360953
"2243","session2",-13.8503801585357,13.652261668046,1.89733442044669,0.000174813339977409,0.175813978667756,0.319157337030714,0.410714756611136,3,2,100,0.128923194576792,-0.0838759804360953,23,2.6636322980538,0,-13.40579,256,0.2,0.2,20,"both",0.128923194576792,-0.0838759804360953
"2244","session2",-13.8503801585357,13.652261668046,1.89733442044669,0.000174813339977409,0.175813978667756,0.319157337030714,0.410714756611136,3,2,100,0.128923194576792,-0.0838759804360953,23,2.2415436890244,1,-2.11482,256,0.2,0.2,20,"both",0.128923194576792,-0.0838759804360953
"2245","session2",-13.8503801585357,13.652261668046,1.89733442044669,0.000174813339977409,0.175813978667756,0.319157337030714,0.410714756611136,3,2,100,0.128923194576792,-0.0838759804360953,23,3.00813621862268,1,-0.59624,256,0.2,0.2,20,"both",0.128923194576792,-0.0838759804360953
"2246","session2",-13.8503801585357,13.652261668046,1.89733442044669,0.000174813339977409,0.175813978667756,0.319157337030714,0.410714756611136,3,2,100,0.128923194576792,-0.0838759804360953,23,1.67223720792327,0,-14.91058,256,0.2,0.2,20,"both",0.128923194576792,-0.0838759804360953
"2247","session2",-13.8503801585357,13.652261668046,1.89733442044669,0.000174813339977409,0.175813978667756,0.319157337030714,0.410714756611136,3,2,100,0.128923194576792,-0.0838759804360953,23,2.18733944682216,1,-5.17691,256,0.2,0.2,20,"both",0.128923194576792,-0.0838759804360953
"2248","session2",-13.8503801585357,13.652261668046,1.89733442044669,0.000174813339977409,0.175813978667756,0.319157337030714,0.410714756611136,3,2,100,0.128923194576792,-0.0838759804360953,23,2.14695215509138,1,-12.27026,256,0.2,0.2,20,"both",0.128923194576792,-0.0838759804360953
"2249","session2",-13.8503801585357,13.652261668046,1.89733442044669,0.000174813339977409,0.175813978667756,0.319157337030714,0.410714756611136,3,2,100,0.128923194576792,-0.0838759804360953,23,1.49622592414026,1,8.3896,256,0.2,0.2,20,"both",0.128923194576792,-0.0838759804360953
"2250","session2",-13.8503801585357,13.652261668046,1.89733442044669,0.000174813339977409,0.175813978667756,0.319157337030714,0.410714756611136,3,2,100,0.128923194576792,-0.0838759804360953,23,2.62342125242769,1,-11.11082,256,0.2,0.2,20,"both",0.128923194576792,-0.0838759804360953
"2251","session2",-13.8503801585357,13.652261668046,1.89733442044669,0.000174813339977409,0.175813978667756,0.319157337030714,0.410714756611136,3,2,100,0.128923194576792,-0.0838759804360953,23,1.55430481688677,0,-23.91246,256,0.2,0.2,20,"both",0.128923194576792,-0.0838759804360953
"2252","session2",-13.8503801585357,13.652261668046,1.89733442044669,0.000174813339977409,0.175813978667756,0.319157337030714,0.410714756611136,3,2,100,0.128923194576792,-0.0838759804360953,23,1.75700369267411,0,-9.07037,256,0.2,0.2,20,"both",0.128923194576792,-0.0838759804360953
"2253","session2",-13.8503801585357,13.652261668046,1.89733442044669,0.000174813339977409,0.175813978667756,0.319157337030714,0.410714756611136,3,2,100,0.128923194576792,-0.0838759804360953,23,2.65968608937854,1,2.25415,256,0.2,0.2,20,"both",0.128923194576792,-0.0838759804360953
"2254","session2",-13.8503801585357,13.652261668046,1.89733442044669,0.000174813339977409,0.175813978667756,0.319157337030714,0.410714756611136,3,2,100,0.128923194576792,-0.0838759804360953,23,1.84858833639205,1,-16.4183,256,0.2,0.2,20,"both",0.128923194576792,-0.0838759804360953
"2255","session2",-13.8503801585357,13.652261668046,1.89733442044669,0.000174813339977409,0.175813978667756,0.319157337030714,0.410714756611136,3,2,100,0.128923194576792,-0.0838759804360953,23,2.25146017122438,0,-21.5076,256,0.2,0.2,20,"both",0.128923194576792,-0.0838759804360953
"2256","session2",-13.8503801585357,13.652261668046,1.89733442044669,0.000174813339977409,0.175813978667756,0.319157337030714,0.410714756611136,3,2,100,0.128923194576792,-0.0838759804360953,23,2.3781496605279,1,-11.06417,256,0.2,0.2,20,"both",0.128923194576792,-0.0838759804360953
"2257","session2",-13.8503801585357,13.652261668046,1.89733442044669,0.000174813339977409,0.175813978667756,0.319157337030714,0.410714756611136,3,2,100,0.128923194576792,-0.0838759804360953,23,2.07602580544449,0,2.9239,256,0.2,0.2,20,"both",0.128923194576792,-0.0838759804360953
"2258","session2",-13.8503801585357,13.652261668046,1.89733442044669,0.000174813339977409,0.175813978667756,0.319157337030714,0.410714756611136,3,2,100,0.128923194576792,-0.0838759804360953,23,1.46095187269873,1,0.136909999999999,256,0.2,0.2,20,"both",0.128923194576792,-0.0838759804360953
"2259","session2",-13.8503801585357,13.652261668046,1.89733442044669,0.000174813339977409,0.175813978667756,0.319157337030714,0.410714756611136,3,2,100,0.128923194576792,-0.0838759804360953,23,2.12978482384988,1,-2.42486,256,0.2,0.2,20,"both",0.128923194576792,-0.0838759804360953
"2260","session2",-13.8503801585357,13.652261668046,1.89733442044669,0.000174813339977409,0.175813978667756,0.319157337030714,0.410714756611136,3,2,100,0.128923194576792,-0.0838759804360953,23,2.39819844644004,0,-0.50848,256,0.2,0.2,20,"both",0.128923194576792,-0.0838759804360953
"2261","session2",-13.8503801585357,13.652261668046,1.89733442044669,0.000174813339977409,0.175813978667756,0.319157337030714,0.410714756611136,3,2,100,0.128923194576792,-0.0838759804360953,23,2.45934040373445,1,0.57574,256,0.2,0.2,20,"both",0.128923194576792,-0.0838759804360953
"2262","session2",-13.8503801585357,13.652261668046,1.89733442044669,0.000174813339977409,0.175813978667756,0.319157337030714,0.410714756611136,3,2,100,0.128923194576792,-0.0838759804360953,23,1.98950933225073,1,1.30917,256,0.2,0.2,20,"both",0.128923194576792,-0.0838759804360953
"2263","session2",-13.8503801585357,13.652261668046,1.89733442044669,0.000174813339977409,0.175813978667756,0.319157337030714,0.410714756611136,3,2,100,0.128923194576792,-0.0838759804360953,23,2.33083312107365,0,5.69599,256,0.2,0.2,20,"both",0.128923194576792,-0.0838759804360953
"2264","session2",-13.8503801585357,13.652261668046,1.89733442044669,0.000174813339977409,0.175813978667756,0.319157337030714,0.410714756611136,3,2,100,0.128923194576792,-0.0838759804360953,23,2.40420641509841,0,-14.86918,256,0.2,0.2,20,"both",0.128923194576792,-0.0838759804360953
"2265","session2",-13.8503801585357,13.652261668046,1.89733442044669,0.000174813339977409,0.175813978667756,0.319157337030714,0.410714756611136,3,2,100,0.128923194576792,-0.0838759804360953,23,1.69194152389001,1,-0.2629,256,0.2,0.2,20,"both",0.128923194576792,-0.0838759804360953
"2266","session2",-13.8503801585357,13.652261668046,1.89733442044669,0.000174813339977409,0.175813978667756,0.319157337030714,0.410714756611136,3,2,100,0.128923194576792,-0.0838759804360953,23,1.47168565164093,1,4.51062,256,0.2,0.2,20,"both",0.128923194576792,-0.0838759804360953
"2267","session2",-13.8503801585357,13.652261668046,1.89733442044669,0.000174813339977409,0.175813978667756,0.319157337030714,0.410714756611136,3,2,100,0.128923194576792,-0.0838759804360953,23,2.08373707384808,1,1.90746,256,0.2,0.2,20,"both",0.128923194576792,-0.0838759804360953
"2268","session2",-13.8503801585357,13.652261668046,1.89733442044669,0.000174813339977409,0.175813978667756,0.319157337030714,0.410714756611136,3,2,100,0.128923194576792,-0.0838759804360953,23,3.718005216992,1,-10.62311,256,0.2,0.2,20,"both",0.128923194576792,-0.0838759804360953
"2269","session2",-13.8503801585357,13.652261668046,1.89733442044669,0.000174813339977409,0.175813978667756,0.319157337030714,0.410714756611136,3,2,100,0.128923194576792,-0.0838759804360953,23,1.7050859175556,0,-21.83289,256,0.2,0.2,20,"both",0.128923194576792,-0.0838759804360953
"2270","session2",-13.8503801585357,13.652261668046,1.89733442044669,0.000174813339977409,0.175813978667756,0.319157337030714,0.410714756611136,3,2,100,0.128923194576792,-0.0838759804360953,23,2.31307182379473,1,-6.4595,256,0.2,0.2,20,"both",0.128923194576792,-0.0838759804360953
"2271","session2",-13.8503801585357,13.652261668046,1.89733442044669,0.000174813339977409,0.175813978667756,0.319157337030714,0.410714756611136,3,2,100,0.128923194576792,-0.0838759804360953,23,3.11704465610946,1,2.06512,256,0.2,0.2,20,"both",0.128923194576792,-0.0838759804360953
"2272","session2",-13.8503801585357,13.652261668046,1.89733442044669,0.000174813339977409,0.175813978667756,0.319157337030714,0.410714756611136,3,2,100,0.128923194576792,-0.0838759804360953,23,2.05412487175533,1,-1.0158,256,0.2,0.2,20,"both",0.128923194576792,-0.0838759804360953
"2273","session2",-13.8503801585357,13.652261668046,1.89733442044669,0.000174813339977409,0.175813978667756,0.319157337030714,0.410714756611136,3,2,100,0.128923194576792,-0.0838759804360953,23,1.89959707825393,0,-15.67163,256,0.2,0.2,20,"both",0.128923194576792,-0.0838759804360953
"2274","session2",-13.8503801585357,13.652261668046,1.89733442044669,0.000174813339977409,0.175813978667756,0.319157337030714,0.410714756611136,3,2,100,0.128923194576792,-0.0838759804360953,23,2.65441892310039,0,-16.60498,256,0.2,0.2,20,"both",0.128923194576792,-0.0838759804360953
"2275","session2",-13.8503801585357,13.652261668046,1.89733442044669,0.000174813339977409,0.175813978667756,0.319157337030714,0.410714756611136,3,2,100,0.128923194576792,-0.0838759804360953,23,3.65239325352786,1,-2.78838,256,0.2,0.2,20,"both",0.128923194576792,-0.0838759804360953
"2276","session2",-13.8503801585357,13.652261668046,1.89733442044669,0.000174813339977409,0.175813978667756,0.319157337030714,0.410714756611136,3,2,100,0.128923194576792,-0.0838759804360953,23,2.38770395469274,1,-7.75208,256,0.2,0.2,20,"both",0.128923194576792,-0.0838759804360953
"2277","session2",-13.8503801585357,13.652261668046,1.89733442044669,0.000174813339977409,0.175813978667756,0.319157337030714,0.410714756611136,3,2,100,0.128923194576792,-0.0838759804360953,23,1.47434944535751,1,4.44746,256,0.2,0.2,20,"both",0.128923194576792,-0.0838759804360953
"2278","session2",-13.8503801585357,13.652261668046,1.89733442044669,0.000174813339977409,0.175813978667756,0.319157337030714,0.410714756611136,3,2,100,0.128923194576792,-0.0838759804360953,23,2.34839192598151,1,-7.26703,256,0.2,0.2,20,"both",0.128923194576792,-0.0838759804360953
"2279","session2",-13.8503801585357,13.652261668046,1.89733442044669,0.000174813339977409,0.175813978667756,0.319157337030714,0.410714756611136,3,2,100,0.128923194576792,-0.0838759804360953,23,1.91318407571885,0,-15.59831,256,0.2,0.2,20,"both",0.128923194576792,-0.0838759804360953
"2280","session2",-13.8503801585357,13.652261668046,1.89733442044669,0.000174813339977409,0.175813978667756,0.319157337030714,0.410714756611136,3,2,100,0.128923194576792,-0.0838759804360953,23,2.51262371032788,1,-7.36293,256,0.2,0.2,20,"both",0.128923194576792,-0.0838759804360953
"2281","session2",-13.8503801585357,13.652261668046,1.89733442044669,0.000174813339977409,0.175813978667756,0.319157337030714,0.410714756611136,3,2,100,0.128923194576792,-0.0838759804360953,23,2.35920460159452,1,-2.33192,256,0.2,0.2,20,"both",0.128923194576792,-0.0838759804360953
"2282","session2",-13.8503801585357,13.652261668046,1.89733442044669,0.000174813339977409,0.175813978667756,0.319157337030714,0.410714756611136,3,2,100,0.128923194576792,-0.0838759804360953,23,2.36743856712649,1,-12.72472,256,0.2,0.2,20,"both",0.128923194576792,-0.0838759804360953
"2283","session2",-13.8503801585357,13.652261668046,1.89733442044669,0.000174813339977409,0.175813978667756,0.319157337030714,0.410714756611136,3,2,100,0.128923194576792,-0.0838759804360953,23,2.64532660114343,1,-9.57696,256,0.2,0.2,20,"both",0.128923194576792,-0.0838759804360953
"2284","session2",-13.8503801585357,13.652261668046,1.89733442044669,0.000174813339977409,0.175813978667756,0.319157337030714,0.410714756611136,3,2,100,0.128923194576792,-0.0838759804360953,23,3.19767725531415,0,-15.19242,256,0.2,0.2,20,"both",0.128923194576792,-0.0838759804360953
"2285","session2",-13.8503801585357,13.652261668046,1.89733442044669,0.000174813339977409,0.175813978667756,0.319157337030714,0.410714756611136,3,2,100,0.128923194576792,-0.0838759804360953,23,2.57694743240597,0,-12.65512,256,0.2,0.2,20,"both",0.128923194576792,-0.0838759804360953
"2286","session2",-13.8503801585357,13.652261668046,1.89733442044669,0.000174813339977409,0.175813978667756,0.319157337030714,0.410714756611136,3,2,100,0.128923194576792,-0.0838759804360953,23,1.42593500057682,1,-9.38304,256,0.2,0.2,20,"both",0.128923194576792,-0.0838759804360953
"2287","session2",-13.8503801585357,13.652261668046,1.89733442044669,0.000174813339977409,0.175813978667756,0.319157337030714,0.410714756611136,3,2,100,0.128923194576792,-0.0838759804360953,23,2.52037430503997,0,-13.34958,256,0.2,0.2,20,"both",0.128923194576792,-0.0838759804360953
"2288","session2",-13.8503801585357,13.652261668046,1.89733442044669,0.000174813339977409,0.175813978667756,0.319157337030714,0.410714756611136,3,2,100,0.128923194576792,-0.0838759804360953,23,2.22867946604089,0,-11.01631,256,0.2,0.2,20,"both",0.128923194576792,-0.0838759804360953
"2289","session2",-13.8503801585357,13.652261668046,1.89733442044669,0.000174813339977409,0.175813978667756,0.319157337030714,0.410714756611136,3,2,100,0.128923194576792,-0.0838759804360953,23,1.62544951225396,0,-14.74297,256,0.2,0.2,20,"both",0.128923194576792,-0.0838759804360953
"2290","session2",-13.8503801585357,13.652261668046,1.89733442044669,0.000174813339977409,0.175813978667756,0.319157337030714,0.410714756611136,3,2,100,0.128923194576792,-0.0838759804360953,23,2.80698209635312,1,-4.52211,256,0.2,0.2,20,"both",0.128923194576792,-0.0838759804360953
"2291","session2",-13.8503801585357,13.652261668046,1.89733442044669,0.000174813339977409,0.175813978667756,0.319157337030714,0.410714756611136,3,2,100,0.128923194576792,-0.0838759804360953,23,1.38270163573017,1,-8.09429,256,0.2,0.2,20,"both",0.128923194576792,-0.0838759804360953
"2292","session2",-13.8503801585357,13.652261668046,1.89733442044669,0.000174813339977409,0.175813978667756,0.319157337030714,0.410714756611136,3,2,100,0.128923194576792,-0.0838759804360953,23,2.31757616282774,0,-12.01259,256,0.2,0.2,20,"both",0.128923194576792,-0.0838759804360953
"2293","session2",-13.8503801585357,13.652261668046,1.89733442044669,0.000174813339977409,0.175813978667756,0.319157337030714,0.410714756611136,3,2,100,0.128923194576792,-0.0838759804360953,23,2.46675481332191,0,-13.95744,256,0.2,0.2,20,"both",0.128923194576792,-0.0838759804360953
"2294","session2",-13.8503801585357,13.652261668046,1.89733442044669,0.000174813339977409,0.175813978667756,0.319157337030714,0.410714756611136,3,2,100,0.128923194576792,-0.0838759804360953,23,2.08875285444029,0,-16.4036,256,0.2,0.2,20,"both",0.128923194576792,-0.0838759804360953
"2295","session2",-13.8503801585357,13.652261668046,1.89733442044669,0.000174813339977409,0.175813978667756,0.319157337030714,0.410714756611136,3,2,100,0.128923194576792,-0.0838759804360953,23,3.19462108986817,0,-14.43776,256,0.2,0.2,20,"both",0.128923194576792,-0.0838759804360953
"2296","session2",-13.8503801585357,13.652261668046,1.89733442044669,0.000174813339977409,0.175813978667756,0.319157337030714,0.410714756611136,3,2,100,0.128923194576792,-0.0838759804360953,23,2.71492093856879,1,-6.84266,256,0.2,0.2,20,"both",0.128923194576792,-0.0838759804360953
"2297","session2",-13.8503801585357,13.652261668046,1.89733442044669,0.000174813339977409,0.175813978667756,0.319157337030714,0.410714756611136,3,2,100,0.128923194576792,-0.0838759804360953,23,2.1360560017967,1,-15.14995,256,0.2,0.2,20,"both",0.128923194576792,-0.0838759804360953
"2298","session2",-13.8503801585357,13.652261668046,1.89733442044669,0.000174813339977409,0.175813978667756,0.319157337030714,0.410714756611136,3,2,100,0.128923194576792,-0.0838759804360953,23,4.08909509479212,0,-13.87046,256,0.2,0.2,20,"both",0.128923194576792,-0.0838759804360953
"2299","session2",-13.8503801585357,13.652261668046,1.89733442044669,0.000174813339977409,0.175813978667756,0.319157337030714,0.410714756611136,3,2,100,0.128923194576792,-0.0838759804360953,23,1.84166711282878,1,-14.03601,256,0.2,0.2,20,"both",0.128923194576792,-0.0838759804360953
"2300","session2",-13.8503801585357,13.652261668046,1.89733442044669,0.000174813339977409,0.175813978667756,0.319157337030714,0.410714756611136,3,2,100,0.128923194576792,-0.0838759804360953,23,3.39811187375415,1,-10.02231,256,0.2,0.2,20,"both",0.128923194576792,-0.0838759804360953
"2301","session2",-16.7415206814396,12.8851297357272,1.99807355600878,0.00050553824362783,0.990852781424736,0.284848814752561,0.19109037346628,4,2,100,0.128923194576792,-0.0838759804360953,24,2.75625035244031,0,-10.9196377509,256,0.2,0.2,20,"both",0.128923194576792,-0.0838759804360953
"2302","session2",-16.7415206814396,12.8851297357272,1.99807355600878,0.00050553824362783,0.990852781424736,0.284848814752561,0.19109037346628,4,2,100,0.128923194576792,-0.0838759804360953,24,3.7169401093165,1,6.62718996808,256,0.2,0.2,20,"both",0.128923194576792,-0.0838759804360953
"2303","session2",-16.7415206814396,12.8851297357272,1.99807355600878,0.00050553824362783,0.990852781424736,0.284848814752561,0.19109037346628,4,2,100,0.128923194576792,-0.0838759804360953,24,2.50416260816442,1,-2.69505574603,256,0.2,0.2,20,"both",0.128923194576792,-0.0838759804360953
"2304","session2",-16.7415206814396,12.8851297357272,1.99807355600878,0.00050553824362783,0.990852781424736,0.284848814752561,0.19109037346628,4,2,100,0.128923194576792,-0.0838759804360953,24,5.01330380111654,1,-6.55123302992,256,0.2,0.2,20,"both",0.128923194576792,-0.0838759804360953
"2305","session2",-16.7415206814396,12.8851297357272,1.99807355600878,0.00050553824362783,0.990852781424736,0.284848814752561,0.19109037346628,4,2,100,0.128923194576792,-0.0838759804360953,24,3.1871497141878,0,-11.98078,256,0.2,0.2,20,"both",0.128923194576792,-0.0838759804360953
"2306","session2",-16.7415206814396,12.8851297357272,1.99807355600878,0.00050553824362783,0.990852781424736,0.284848814752561,0.19109037346628,4,2,100,0.128923194576792,-0.0838759804360953,24,2.14305424216637,1,-7.04342,256,0.2,0.2,20,"both",0.128923194576792,-0.0838759804360953
"2307","session2",-16.7415206814396,12.8851297357272,1.99807355600878,0.00050553824362783,0.990852781424736,0.284848814752561,0.19109037346628,4,2,100,0.128923194576792,-0.0838759804360953,24,2.88166737062328,0,-15.50379,256,0.2,0.2,20,"both",0.128923194576792,-0.0838759804360953
"2308","session2",-16.7415206814396,12.8851297357272,1.99807355600878,0.00050553824362783,0.990852781424736,0.284848814752561,0.19109037346628,4,2,100,0.128923194576792,-0.0838759804360953,24,2.44983823203471,1,11.3137,256,0.2,0.2,20,"both",0.128923194576792,-0.0838759804360953
"2309","session2",-16.7415206814396,12.8851297357272,1.99807355600878,0.00050553824362783,0.990852781424736,0.284848814752561,0.19109037346628,4,2,100,0.128923194576792,-0.0838759804360953,24,4.94350042836526,1,-0.160360000000001,256,0.2,0.2,20,"both",0.128923194576792,-0.0838759804360953
"2310","session2",-16.7415206814396,12.8851297357272,1.99807355600878,0.00050553824362783,0.990852781424736,0.284848814752561,0.19109037346628,4,2,100,0.128923194576792,-0.0838759804360953,24,2.98668106029684,1,-5.24391,256,0.2,0.2,20,"both",0.128923194576792,-0.0838759804360953
"2311","session2",-16.7415206814396,12.8851297357272,1.99807355600878,0.00050553824362783,0.990852781424736,0.284848814752561,0.19109037346628,4,2,100,0.128923194576792,-0.0838759804360953,24,5.2240662842106,0,-13.48367,256,0.2,0.2,20,"both",0.128923194576792,-0.0838759804360953
"2312","session2",-16.7415206814396,12.8851297357272,1.99807355600878,0.00050553824362783,0.990852781424736,0.284848814752561,0.19109037346628,4,2,100,0.128923194576792,-0.0838759804360953,24,3.55291806793022,1,-6.26682,256,0.2,0.2,20,"both",0.128923194576792,-0.0838759804360953
"2313","session2",-16.7415206814396,12.8851297357272,1.99807355600878,0.00050553824362783,0.990852781424736,0.284848814752561,0.19109037346628,4,2,100,0.128923194576792,-0.0838759804360953,24,5.79167843812629,0,-8.21889,256,0.2,0.2,20,"both",0.128923194576792,-0.0838759804360953
"2314","session2",-16.7415206814396,12.8851297357272,1.99807355600878,0.00050553824362783,0.990852781424736,0.284848814752561,0.19109037346628,4,2,100,0.128923194576792,-0.0838759804360953,24,5.53252601351624,1,0.0141999999999998,256,0.2,0.2,20,"both",0.128923194576792,-0.0838759804360953
"2315","session2",-16.7415206814396,12.8851297357272,1.99807355600878,0.00050553824362783,0.990852781424736,0.284848814752561,0.19109037346628,4,2,100,0.128923194576792,-0.0838759804360953,24,5.14972349717427,0,-8.03457,256,0.2,0.2,20,"both",0.128923194576792,-0.0838759804360953
"2316","session2",-16.7415206814396,12.8851297357272,1.99807355600878,0.00050553824362783,0.990852781424736,0.284848814752561,0.19109037346628,4,2,100,0.128923194576792,-0.0838759804360953,24,3.47121240530044,1,-6.37039,256,0.2,0.2,20,"both",0.128923194576792,-0.0838759804360953
"2317","session2",-16.7415206814396,12.8851297357272,1.99807355600878,0.00050553824362783,0.990852781424736,0.284848814752561,0.19109037346628,4,2,100,0.128923194576792,-0.0838759804360953,24,3.76699909248274,1,-7.70421,256,0.2,0.2,20,"both",0.128923194576792,-0.0838759804360953
"2318","session2",-16.7415206814396,12.8851297357272,1.99807355600878,0.00050553824362783,0.990852781424736,0.284848814752561,0.19109037346628,4,2,100,0.128923194576792,-0.0838759804360953,24,4.10326889104795,0,-10.4904,256,0.2,0.2,20,"both",0.128923194576792,-0.0838759804360953
"2319","session2",-16.7415206814396,12.8851297357272,1.99807355600878,0.00050553824362783,0.990852781424736,0.284848814752561,0.19109037346628,4,2,100,0.128923194576792,-0.0838759804360953,24,3.59488843764156,1,-7.79634,256,0.2,0.2,20,"both",0.128923194576792,-0.0838759804360953
"2320","session2",-16.7415206814396,12.8851297357272,1.99807355600878,0.00050553824362783,0.990852781424736,0.284848814752561,0.19109037346628,4,2,100,0.128923194576792,-0.0838759804360953,24,3.92920357720548,1,-4.89399,256,0.2,0.2,20,"both",0.128923194576792,-0.0838759804360953
"2321","session2",-16.7415206814396,12.8851297357272,1.99807355600878,0.00050553824362783,0.990852781424736,0.284848814752561,0.19109037346628,4,2,100,0.128923194576792,-0.0838759804360953,24,5.45977070494751,1,-6.1626,256,0.2,0.2,20,"both",0.128923194576792,-0.0838759804360953
"2322","session2",-16.7415206814396,12.8851297357272,1.99807355600878,0.00050553824362783,0.990852781424736,0.284848814752561,0.19109037346628,4,2,100,0.128923194576792,-0.0838759804360953,24,4.8058266978885,0,-9.42385,256,0.2,0.2,20,"both",0.128923194576792,-0.0838759804360953
"2323","session2",-16.7415206814396,12.8851297357272,1.99807355600878,0.00050553824362783,0.990852781424736,0.284848814752561,0.19109037346628,4,2,100,0.128923194576792,-0.0838759804360953,24,5.07035169887883,0,-7.18068,256,0.2,0.2,20,"both",0.128923194576792,-0.0838759804360953
"2324","session2",-16.7415206814396,12.8851297357272,1.99807355600878,0.00050553824362783,0.990852781424736,0.284848814752561,0.19109037346628,4,2,100,0.128923194576792,-0.0838759804360953,24,4.13659733651871,1,-6.69533,256,0.2,0.2,20,"both",0.128923194576792,-0.0838759804360953
"2325","session2",-16.7415206814396,12.8851297357272,1.99807355600878,0.00050553824362783,0.990852781424736,0.284848814752561,0.19109037346628,4,2,100,0.128923194576792,-0.0838759804360953,24,2.94824802523752,0,-9.711,256,0.2,0.2,20,"both",0.128923194576792,-0.0838759804360953
"2326","session2",-16.7415206814396,12.8851297357272,1.99807355600878,0.00050553824362783,0.990852781424736,0.284848814752561,0.19109037346628,4,2,100,0.128923194576792,-0.0838759804360953,24,3.40233933529431,0,-6.08883,256,0.2,0.2,20,"both",0.128923194576792,-0.0838759804360953
"2327","session2",-16.7415206814396,12.8851297357272,1.99807355600878,0.00050553824362783,0.990852781424736,0.284848814752561,0.19109037346628,4,2,100,0.128923194576792,-0.0838759804360953,24,4.17254480203351,0,-9.17884,256,0.2,0.2,20,"both",0.128923194576792,-0.0838759804360953
"2328","session2",-16.7415206814396,12.8851297357272,1.99807355600878,0.00050553824362783,0.990852781424736,0.284848814752561,0.19109037346628,4,2,100,0.128923194576792,-0.0838759804360953,24,4.68280027560218,1,-4.52685,256,0.2,0.2,20,"both",0.128923194576792,-0.0838759804360953
"2329","session2",-16.7415206814396,12.8851297357272,1.99807355600878,0.00050553824362783,0.990852781424736,0.284848814752561,0.19109037346628,4,2,100,0.128923194576792,-0.0838759804360953,24,5.17156631798047,1,-9.56321,256,0.2,0.2,20,"both",0.128923194576792,-0.0838759804360953
"2330","session2",-16.7415206814396,12.8851297357272,1.99807355600878,0.00050553824362783,0.990852781424736,0.284848814752561,0.19109037346628,4,2,100,0.128923194576792,-0.0838759804360953,24,5.13004715059569,1,-10.05328,256,0.2,0.2,20,"both",0.128923194576792,-0.0838759804360953
"2331","session2",-16.7415206814396,12.8851297357272,1.99807355600878,0.00050553824362783,0.990852781424736,0.284848814752561,0.19109037346628,4,2,100,0.128923194576792,-0.0838759804360953,24,3.64515629772332,1,-10.01755,256,0.2,0.2,20,"both",0.128923194576792,-0.0838759804360953
"2332","session2",-16.7415206814396,12.8851297357272,1.99807355600878,0.00050553824362783,0.990852781424736,0.284848814752561,0.19109037346628,4,2,100,0.128923194576792,-0.0838759804360953,24,5.17645324598891,1,-18.56223,256,0.2,0.2,20,"both",0.128923194576792,-0.0838759804360953
"2333","session2",-16.7415206814396,12.8851297357272,1.99807355600878,0.00050553824362783,0.990852781424736,0.284848814752561,0.19109037346628,4,2,100,0.128923194576792,-0.0838759804360953,24,2.99688524960005,1,-11.73324,256,0.2,0.2,20,"both",0.128923194576792,-0.0838759804360953
"2334","session2",-16.7415206814396,12.8851297357272,1.99807355600878,0.00050553824362783,0.990852781424736,0.284848814752561,0.19109037346628,4,2,100,0.128923194576792,-0.0838759804360953,24,3.16589050332843,1,-2.39708,256,0.2,0.2,20,"both",0.128923194576792,-0.0838759804360953
"2335","session2",-16.7415206814396,12.8851297357272,1.99807355600878,0.00050553824362783,0.990852781424736,0.284848814752561,0.19109037346628,4,2,100,0.128923194576792,-0.0838759804360953,24,4.6801202164126,0,-6.7715,256,0.2,0.2,20,"both",0.128923194576792,-0.0838759804360953
"2336","session2",-16.7415206814396,12.8851297357272,1.99807355600878,0.00050553824362783,0.990852781424736,0.284848814752561,0.19109037346628,4,2,100,0.128923194576792,-0.0838759804360953,24,3.60654334548945,1,-10.66773,256,0.2,0.2,20,"both",0.128923194576792,-0.0838759804360953
"2337","session2",-16.7415206814396,12.8851297357272,1.99807355600878,0.00050553824362783,0.990852781424736,0.284848814752561,0.19109037346628,4,2,100,0.128923194576792,-0.0838759804360953,24,3.73937439267251,0,-25.8085,256,0.2,0.2,20,"both",0.128923194576792,-0.0838759804360953
"2338","session2",-16.7415206814396,12.8851297357272,1.99807355600878,0.00050553824362783,0.990852781424736,0.284848814752561,0.19109037346628,4,2,100,0.128923194576792,-0.0838759804360953,24,2.7451495102253,1,7.0418,256,0.2,0.2,20,"both",0.128923194576792,-0.0838759804360953
"2339","session2",-16.7415206814396,12.8851297357272,1.99807355600878,0.00050553824362783,0.990852781424736,0.284848814752561,0.19109037346628,4,2,100,0.128923194576792,-0.0838759804360953,24,3.26080259883438,0,-16.66837,256,0.2,0.2,20,"both",0.128923194576792,-0.0838759804360953
"2340","session2",-16.7415206814396,12.8851297357272,1.99807355600878,0.00050553824362783,0.990852781424736,0.284848814752561,0.19109037346628,4,2,100,0.128923194576792,-0.0838759804360953,24,4.02071733823542,1,1.23972,256,0.2,0.2,20,"both",0.128923194576792,-0.0838759804360953
"2341","session2",-16.7415206814396,12.8851297357272,1.99807355600878,0.00050553824362783,0.990852781424736,0.284848814752561,0.19109037346628,4,2,100,0.128923194576792,-0.0838759804360953,24,2.9198812235129,1,-3.46484,256,0.2,0.2,20,"both",0.128923194576792,-0.0838759804360953
"2342","session2",-16.7415206814396,12.8851297357272,1.99807355600878,0.00050553824362783,0.990852781424736,0.284848814752561,0.19109037346628,4,2,100,0.128923194576792,-0.0838759804360953,24,3.38229917852301,1,-4.66686,256,0.2,0.2,20,"both",0.128923194576792,-0.0838759804360953
"2343","session2",-16.7415206814396,12.8851297357272,1.99807355600878,0.00050553824362783,0.990852781424736,0.284848814752561,0.19109037346628,4,2,100,0.128923194576792,-0.0838759804360953,24,3.65703581265338,1,-9.83274,256,0.2,0.2,20,"both",0.128923194576792,-0.0838759804360953
"2344","session2",-16.7415206814396,12.8851297357272,1.99807355600878,0.00050553824362783,0.990852781424736,0.284848814752561,0.19109037346628,4,2,100,0.128923194576792,-0.0838759804360953,24,4.63498816759729,1,-7.27871,256,0.2,0.2,20,"both",0.128923194576792,-0.0838759804360953
"2345","session2",-16.7415206814396,12.8851297357272,1.99807355600878,0.00050553824362783,0.990852781424736,0.284848814752561,0.19109037346628,4,2,100,0.128923194576792,-0.0838759804360953,24,5.12986793726418,0,-20.05775,256,0.2,0.2,20,"both",0.128923194576792,-0.0838759804360953
"2346","session2",-16.7415206814396,12.8851297357272,1.99807355600878,0.00050553824362783,0.990852781424736,0.284848814752561,0.19109037346628,4,2,100,0.128923194576792,-0.0838759804360953,24,4.50677855539918,1,-16.28052,256,0.2,0.2,20,"both",0.128923194576792,-0.0838759804360953
"2347","session2",-16.7415206814396,12.8851297357272,1.99807355600878,0.00050553824362783,0.990852781424736,0.284848814752561,0.19109037346628,4,2,100,0.128923194576792,-0.0838759804360953,24,4.81945918433625,1,-4.52557,256,0.2,0.2,20,"both",0.128923194576792,-0.0838759804360953
"2348","session2",-16.7415206814396,12.8851297357272,1.99807355600878,0.00050553824362783,0.990852781424736,0.284848814752561,0.19109037346628,4,2,100,0.128923194576792,-0.0838759804360953,24,5.82056055850274,0,-20.77386,256,0.2,0.2,20,"both",0.128923194576792,-0.0838759804360953
"2349","session2",-16.7415206814396,12.8851297357272,1.99807355600878,0.00050553824362783,0.990852781424736,0.284848814752561,0.19109037346628,4,2,100,0.128923194576792,-0.0838759804360953,24,3.68162569881916,1,-15.24917,256,0.2,0.2,20,"both",0.128923194576792,-0.0838759804360953
"2350","session2",-16.7415206814396,12.8851297357272,1.99807355600878,0.00050553824362783,0.990852781424736,0.284848814752561,0.19109037346628,4,2,100,0.128923194576792,-0.0838759804360953,24,4.83710971053818,0,-7.19779,256,0.2,0.2,20,"both",0.128923194576792,-0.0838759804360953
"2351","session2",-16.7415206814396,12.8851297357272,1.99807355600878,0.00050553824362783,0.990852781424736,0.284848814752561,0.19109037346628,4,2,100,0.128923194576792,-0.0838759804360953,24,2.58528098105998,1,0.2102,256,0.2,0.2,20,"both",0.128923194576792,-0.0838759804360953
"2352","session2",-16.7415206814396,12.8851297357272,1.99807355600878,0.00050553824362783,0.990852781424736,0.284848814752561,0.19109037346628,4,2,100,0.128923194576792,-0.0838759804360953,24,3.37147005456918,1,-3.2339,256,0.2,0.2,20,"both",0.128923194576792,-0.0838759804360953
"2353","session2",-16.7415206814396,12.8851297357272,1.99807355600878,0.00050553824362783,0.990852781424736,0.284848814752561,0.19109037346628,4,2,100,0.128923194576792,-0.0838759804360953,24,8,0,-19.72102,256,0.2,0.2,20,"both",0.128923194576792,-0.0838759804360953
"2354","session2",-16.7415206814396,12.8851297357272,1.99807355600878,0.00050553824362783,0.990852781424736,0.284848814752561,0.19109037346628,4,2,100,0.128923194576792,-0.0838759804360953,24,4.8575982493097,0,-11.49365,256,0.2,0.2,20,"both",0.128923194576792,-0.0838759804360953
"2355","session2",-16.7415206814396,12.8851297357272,1.99807355600878,0.00050553824362783,0.990852781424736,0.284848814752561,0.19109037346628,4,2,100,0.128923194576792,-0.0838759804360953,24,3.39394504723154,0,-30.359,256,0.2,0.2,20,"both",0.128923194576792,-0.0838759804360953
"2356","session2",-16.7415206814396,12.8851297357272,1.99807355600878,0.00050553824362783,0.990852781424736,0.284848814752561,0.19109037346628,4,2,100,0.128923194576792,-0.0838759804360953,24,4.67340332127957,0,-15.38779,256,0.2,0.2,20,"both",0.128923194576792,-0.0838759804360953
"2357","session2",-16.7415206814396,12.8851297357272,1.99807355600878,0.00050553824362783,0.990852781424736,0.284848814752561,0.19109037346628,4,2,100,0.128923194576792,-0.0838759804360953,24,6.20032141064137,1,-18.7863,256,0.2,0.2,20,"both",0.128923194576792,-0.0838759804360953
"2358","session2",-16.7415206814396,12.8851297357272,1.99807355600878,0.00050553824362783,0.990852781424736,0.284848814752561,0.19109037346628,4,2,100,0.128923194576792,-0.0838759804360953,24,2.74045632073345,0,-0.8003,256,0.2,0.2,20,"both",0.128923194576792,-0.0838759804360953
"2359","session2",-16.7415206814396,12.8851297357272,1.99807355600878,0.00050553824362783,0.990852781424736,0.284848814752561,0.19109037346628,4,2,100,0.128923194576792,-0.0838759804360953,24,1.91442022219951,1,4.3909,256,0.2,0.2,20,"both",0.128923194576792,-0.0838759804360953
"2360","session2",-16.7415206814396,12.8851297357272,1.99807355600878,0.00050553824362783,0.990852781424736,0.284848814752561,0.19109037346628,4,2,100,0.128923194576792,-0.0838759804360953,24,5.53894804432032,0,-25.5034,256,0.2,0.2,20,"both",0.128923194576792,-0.0838759804360953
"2361","session2",-16.7415206814396,12.8851297357272,1.99807355600878,0.00050553824362783,0.990852781424736,0.284848814752561,0.19109037346628,4,2,100,0.128923194576792,-0.0838759804360953,24,5.19318801477529,0,-14.72202,256,0.2,0.2,20,"both",0.128923194576792,-0.0838759804360953
"2362","session2",-16.7415206814396,12.8851297357272,1.99807355600878,0.00050553824362783,0.990852781424736,0.284848814752561,0.19109037346628,4,2,100,0.128923194576792,-0.0838759804360953,24,3.19705477185749,1,-8.19636,256,0.2,0.2,20,"both",0.128923194576792,-0.0838759804360953
"2363","session2",-16.7415206814396,12.8851297357272,1.99807355600878,0.00050553824362783,0.990852781424736,0.284848814752561,0.19109037346628,4,2,100,0.128923194576792,-0.0838759804360953,24,4.72410329441165,1,-17.68512,256,0.2,0.2,20,"both",0.128923194576792,-0.0838759804360953
"2364","session2",-16.7415206814396,12.8851297357272,1.99807355600878,0.00050553824362783,0.990852781424736,0.284848814752561,0.19109037346628,4,2,100,0.128923194576792,-0.0838759804360953,24,4.65048918487852,1,-6.70183,256,0.2,0.2,20,"both",0.128923194576792,-0.0838759804360953
"2365","session2",-16.7415206814396,12.8851297357272,1.99807355600878,0.00050553824362783,0.990852781424736,0.284848814752561,0.19109037346628,4,2,100,0.128923194576792,-0.0838759804360953,24,4.08098472831268,1,0.82677,256,0.2,0.2,20,"both",0.128923194576792,-0.0838759804360953
"2366","session2",-16.7415206814396,12.8851297357272,1.99807355600878,0.00050553824362783,0.990852781424736,0.284848814752561,0.19109037346628,4,2,100,0.128923194576792,-0.0838759804360953,24,5.44336574990759,1,-6.44005,256,0.2,0.2,20,"both",0.128923194576792,-0.0838759804360953
"2367","session2",-16.7415206814396,12.8851297357272,1.99807355600878,0.00050553824362783,0.990852781424736,0.284848814752561,0.19109037346628,4,2,100,0.128923194576792,-0.0838759804360953,24,4.85375622583569,0,-30.15485,256,0.2,0.2,20,"both",0.128923194576792,-0.0838759804360953
"2368","session2",-16.7415206814396,12.8851297357272,1.99807355600878,0.00050553824362783,0.990852781424736,0.284848814752561,0.19109037346628,4,2,100,0.128923194576792,-0.0838759804360953,24,4.7617978867373,0,-17.90114,256,0.2,0.2,20,"both",0.128923194576792,-0.0838759804360953
"2369","session2",-16.7415206814396,12.8851297357272,1.99807355600878,0.00050553824362783,0.990852781424736,0.284848814752561,0.19109037346628,4,2,100,0.128923194576792,-0.0838759804360953,24,4.90336050202655,0,-24.38164,256,0.2,0.2,20,"both",0.128923194576792,-0.0838759804360953
"2370","session2",-16.7415206814396,12.8851297357272,1.99807355600878,0.00050553824362783,0.990852781424736,0.284848814752561,0.19109037346628,4,2,100,0.128923194576792,-0.0838759804360953,24,3.28033640758751,1,-25.6228,256,0.2,0.2,20,"both",0.128923194576792,-0.0838759804360953
"2371","session2",-16.7415206814396,12.8851297357272,1.99807355600878,0.00050553824362783,0.990852781424736,0.284848814752561,0.19109037346628,4,2,100,0.128923194576792,-0.0838759804360953,24,4.3075946265119,0,-17.29089,256,0.2,0.2,20,"both",0.128923194576792,-0.0838759804360953
"2372","session2",-16.7415206814396,12.8851297357272,1.99807355600878,0.00050553824362783,0.990852781424736,0.284848814752561,0.19109037346628,4,2,100,0.128923194576792,-0.0838759804360953,24,2.45362965651518,1,-4.31467,256,0.2,0.2,20,"both",0.128923194576792,-0.0838759804360953
"2373","session2",-16.7415206814396,12.8851297357272,1.99807355600878,0.00050553824362783,0.990852781424736,0.284848814752561,0.19109037346628,4,2,100,0.128923194576792,-0.0838759804360953,24,5.54635031474063,0,-20.65918,256,0.2,0.2,20,"both",0.128923194576792,-0.0838759804360953
"2374","session2",-16.7415206814396,12.8851297357272,1.99807355600878,0.00050553824362783,0.990852781424736,0.284848814752561,0.19109037346628,4,2,100,0.128923194576792,-0.0838759804360953,24,3.11034034302377,0,-25.0868,256,0.2,0.2,20,"both",0.128923194576792,-0.0838759804360953
"2375","session2",-16.7415206814396,12.8851297357272,1.99807355600878,0.00050553824362783,0.990852781424736,0.284848814752561,0.19109037346628,4,2,100,0.128923194576792,-0.0838759804360953,24,4.054554810111,1,-1.22164,256,0.2,0.2,20,"both",0.128923194576792,-0.0838759804360953
"2376","session2",-16.7415206814396,12.8851297357272,1.99807355600878,0.00050553824362783,0.990852781424736,0.284848814752561,0.19109037346628,4,2,100,0.128923194576792,-0.0838759804360953,24,4.66153165051241,1,-5.38277,256,0.2,0.2,20,"both",0.128923194576792,-0.0838759804360953
"2377","session2",-16.7415206814396,12.8851297357272,1.99807355600878,0.00050553824362783,0.990852781424736,0.284848814752561,0.19109037346628,4,2,100,0.128923194576792,-0.0838759804360953,24,3.20834403404455,1,-17.26429,256,0.2,0.2,20,"both",0.128923194576792,-0.0838759804360953
"2378","session2",-16.7415206814396,12.8851297357272,1.99807355600878,0.00050553824362783,0.990852781424736,0.284848814752561,0.19109037346628,4,2,100,0.128923194576792,-0.0838759804360953,24,4.03329718631795,0,-25.882,256,0.2,0.2,20,"both",0.128923194576792,-0.0838759804360953
"2379","session2",-16.7415206814396,12.8851297357272,1.99807355600878,0.00050553824362783,0.990852781424736,0.284848814752561,0.19109037346628,4,2,100,0.128923194576792,-0.0838759804360953,24,3.65523024455866,1,-3.86596,256,0.2,0.2,20,"both",0.128923194576792,-0.0838759804360953
"2380","session2",-16.7415206814396,12.8851297357272,1.99807355600878,0.00050553824362783,0.990852781424736,0.284848814752561,0.19109037346628,4,2,100,0.128923194576792,-0.0838759804360953,24,5.61334100027953,0,-27.5005,256,0.2,0.2,20,"both",0.128923194576792,-0.0838759804360953
"2381","session2",-16.7415206814396,12.8851297357272,1.99807355600878,0.00050553824362783,0.990852781424736,0.284848814752561,0.19109037346628,4,2,100,0.128923194576792,-0.0838759804360953,24,6.22598178343405,0,-24.1768,256,0.2,0.2,20,"both",0.128923194576792,-0.0838759804360953
"2382","session2",-16.7415206814396,12.8851297357272,1.99807355600878,0.00050553824362783,0.990852781424736,0.284848814752561,0.19109037346628,4,2,100,0.128923194576792,-0.0838759804360953,24,1.92966683722366,1,-2.39336,256,0.2,0.2,20,"both",0.128923194576792,-0.0838759804360953
"2383","session2",-16.7415206814396,12.8851297357272,1.99807355600878,0.00050553824362783,0.990852781424736,0.284848814752561,0.19109037346628,4,2,100,0.128923194576792,-0.0838759804360953,24,5.41262074306576,0,-3.89345,256,0.2,0.2,20,"both",0.128923194576792,-0.0838759804360953
"2384","session2",-16.7415206814396,12.8851297357272,1.99807355600878,0.00050553824362783,0.990852781424736,0.284848814752561,0.19109037346628,4,2,100,0.128923194576792,-0.0838759804360953,24,4.22985756782246,0,-15.22896,256,0.2,0.2,20,"both",0.128923194576792,-0.0838759804360953
"2385","session2",-16.7415206814396,12.8851297357272,1.99807355600878,0.00050553824362783,0.990852781424736,0.284848814752561,0.19109037346628,4,2,100,0.128923194576792,-0.0838759804360953,24,5.31967376676874,0,-25.4795,256,0.2,0.2,20,"both",0.128923194576792,-0.0838759804360953
"2386","session2",-16.7415206814396,12.8851297357272,1.99807355600878,0.00050553824362783,0.990852781424736,0.284848814752561,0.19109037346628,4,2,100,0.128923194576792,-0.0838759804360953,24,2.81125847506942,1,-6.93349,256,0.2,0.2,20,"both",0.128923194576792,-0.0838759804360953
"2387","session2",-16.7415206814396,12.8851297357272,1.99807355600878,0.00050553824362783,0.990852781424736,0.284848814752561,0.19109037346628,4,2,100,0.128923194576792,-0.0838759804360953,24,2.32852899858159,1,-6.06031,256,0.2,0.2,20,"both",0.128923194576792,-0.0838759804360953
"2388","session2",-16.7415206814396,12.8851297357272,1.99807355600878,0.00050553824362783,0.990852781424736,0.284848814752561,0.19109037346628,4,2,100,0.128923194576792,-0.0838759804360953,24,6.11482198083498,1,-6.04522,256,0.2,0.2,20,"both",0.128923194576792,-0.0838759804360953
"2389","session2",-16.7415206814396,12.8851297357272,1.99807355600878,0.00050553824362783,0.990852781424736,0.284848814752561,0.19109037346628,4,2,100,0.128923194576792,-0.0838759804360953,24,4.94175555584828,1,-15.73614,256,0.2,0.2,20,"both",0.128923194576792,-0.0838759804360953
"2390","session2",-16.7415206814396,12.8851297357272,1.99807355600878,0.00050553824362783,0.990852781424736,0.284848814752561,0.19109037346628,4,2,100,0.128923194576792,-0.0838759804360953,24,2.43741743143991,1,-1.9059,256,0.2,0.2,20,"both",0.128923194576792,-0.0838759804360953
"2391","session2",-16.7415206814396,12.8851297357272,1.99807355600878,0.00050553824362783,0.990852781424736,0.284848814752561,0.19109037346628,4,2,100,0.128923194576792,-0.0838759804360953,24,2.87281017359498,0,-21.05053,256,0.2,0.2,20,"both",0.128923194576792,-0.0838759804360953
"2392","session2",-16.7415206814396,12.8851297357272,1.99807355600878,0.00050553824362783,0.990852781424736,0.284848814752561,0.19109037346628,4,2,100,0.128923194576792,-0.0838759804360953,24,3.69501363678002,1,-21.6812,256,0.2,0.2,20,"both",0.128923194576792,-0.0838759804360953
"2393","session2",-16.7415206814396,12.8851297357272,1.99807355600878,0.00050553824362783,0.990852781424736,0.284848814752561,0.19109037346628,4,2,100,0.128923194576792,-0.0838759804360953,24,3.87908956692987,0,-8.86853,256,0.2,0.2,20,"both",0.128923194576792,-0.0838759804360953
"2394","session2",-16.7415206814396,12.8851297357272,1.99807355600878,0.00050553824362783,0.990852781424736,0.284848814752561,0.19109037346628,4,2,100,0.128923194576792,-0.0838759804360953,24,3.00614074406751,1,-21.6984,256,0.2,0.2,20,"both",0.128923194576792,-0.0838759804360953
"2395","session2",-16.7415206814396,12.8851297357272,1.99807355600878,0.00050553824362783,0.990852781424736,0.284848814752561,0.19109037346628,4,2,100,0.128923194576792,-0.0838759804360953,24,2.77225648336922,1,-22.97851,256,0.2,0.2,20,"both",0.128923194576792,-0.0838759804360953
"2396","session2",-16.7415206814396,12.8851297357272,1.99807355600878,0.00050553824362783,0.990852781424736,0.284848814752561,0.19109037346628,4,2,100,0.128923194576792,-0.0838759804360953,24,2.69377145464803,1,6.1068,256,0.2,0.2,20,"both",0.128923194576792,-0.0838759804360953
"2397","session2",-16.7415206814396,12.8851297357272,1.99807355600878,0.00050553824362783,0.990852781424736,0.284848814752561,0.19109037346628,4,2,100,0.128923194576792,-0.0838759804360953,24,3.28465222872863,0,-27.4811,256,0.2,0.2,20,"both",0.128923194576792,-0.0838759804360953
"2398","session2",-16.7415206814396,12.8851297357272,1.99807355600878,0.00050553824362783,0.990852781424736,0.284848814752561,0.19109037346628,4,2,100,0.128923194576792,-0.0838759804360953,24,2.35414255335618,1,-5.41491,256,0.2,0.2,20,"both",0.128923194576792,-0.0838759804360953
"2399","session2",-16.7415206814396,12.8851297357272,1.99807355600878,0.00050553824362783,0.990852781424736,0.284848814752561,0.19109037346628,4,2,100,0.128923194576792,-0.0838759804360953,24,4.61991260084954,0,-22.34273,256,0.2,0.2,20,"both",0.128923194576792,-0.0838759804360953
"2400","session2",-16.7415206814396,12.8851297357272,1.99807355600878,0.00050553824362783,0.990852781424736,0.284848814752561,0.19109037346628,4,2,100,0.128923194576792,-0.0838759804360953,24,5.44418518224789,0,-21.50463,256,0.2,0.2,20,"both",0.128923194576792,-0.0838759804360953
"2401","session2",11.2826043931924,8.76179225225186,1.96858586616039,0.000515646965483764,0.308973795902158,0.589616554107739,0.813553940692038,5,2,100,0.128923194576792,-0.0838759804360953,25,3.45065641651423,0,10.6599415067,256,0.2,0.2,20,"both",0.128923194576792,-0.0838759804360953
"2402","session2",11.2826043931924,8.76179225225186,1.96858586616039,0.000515646965483764,0.308973795902158,0.589616554107739,0.813553940692038,5,2,100,0.128923194576792,-0.0838759804360953,25,5.27125460502227,0,12.2107314703,256,0.2,0.2,20,"both",0.128923194576792,-0.0838759804360953
"2403","session2",11.2826043931924,8.76179225225186,1.96858586616039,0.000515646965483764,0.308973795902158,0.589616554107739,0.813553940692038,5,2,100,0.128923194576792,-0.0838759804360953,25,2.20080792734286,1,19.644329393,256,0.2,0.2,20,"both",0.128923194576792,-0.0838759804360953
"2404","session2",11.2826043931924,8.76179225225186,1.96858586616039,0.000515646965483764,0.308973795902158,0.589616554107739,0.813553940692038,5,2,100,0.128923194576792,-0.0838759804360953,25,2.69465208091419,1,14.2103229208,256,0.2,0.2,20,"both",0.128923194576792,-0.0838759804360953
"2405","session2",11.2826043931924,8.76179225225186,1.96858586616039,0.000515646965483764,0.308973795902158,0.589616554107739,0.813553940692038,5,2,100,0.128923194576792,-0.0838759804360953,25,2.22853513969414,0,8.815437553,256,0.2,0.2,20,"both",0.128923194576792,-0.0838759804360953
"2406","session2",11.2826043931924,8.76179225225186,1.96858586616039,0.000515646965483764,0.308973795902158,0.589616554107739,0.813553940692038,5,2,100,0.128923194576792,-0.0838759804360953,25,2.2593962502295,1,14.47521,256,0.2,0.2,20,"both",0.128923194576792,-0.0838759804360953
"2407","session2",11.2826043931924,8.76179225225186,1.96858586616039,0.000515646965483764,0.308973795902158,0.589616554107739,0.813553940692038,5,2,100,0.128923194576792,-0.0838759804360953,25,2.53574813050976,0,5.08,256,0.2,0.2,20,"both",0.128923194576792,-0.0838759804360953
"2408","session2",11.2826043931924,8.76179225225186,1.96858586616039,0.000515646965483764,0.308973795902158,0.589616554107739,0.813553940692038,5,2,100,0.128923194576792,-0.0838759804360953,25,3.79917008455703,1,19.02854,256,0.2,0.2,20,"both",0.128923194576792,-0.0838759804360953
"2409","session2",11.2826043931924,8.76179225225186,1.96858586616039,0.000515646965483764,0.308973795902158,0.589616554107739,0.813553940692038,5,2,100,0.128923194576792,-0.0838759804360953,25,3.29676135466454,1,9.81508,256,0.2,0.2,20,"both",0.128923194576792,-0.0838759804360953
"2410","session2",11.2826043931924,8.76179225225186,1.96858586616039,0.000515646965483764,0.308973795902158,0.589616554107739,0.813553940692038,5,2,100,0.128923194576792,-0.0838759804360953,25,6.39869754388986,1,23.7628,256,0.2,0.2,20,"both",0.128923194576792,-0.0838759804360953
"2411","session2",11.2826043931924,8.76179225225186,1.96858586616039,0.000515646965483764,0.308973795902158,0.589616554107739,0.813553940692038,5,2,100,0.128923194576792,-0.0838759804360953,25,1.96069528878112,1,16.96834,256,0.2,0.2,20,"both",0.128923194576792,-0.0838759804360953
"2412","session2",11.2826043931924,8.76179225225186,1.96858586616039,0.000515646965483764,0.308973795902158,0.589616554107739,0.813553940692038,5,2,100,0.128923194576792,-0.0838759804360953,25,4.88993316396125,1,9.97884,256,0.2,0.2,20,"both",0.128923194576792,-0.0838759804360953
"2413","session2",11.2826043931924,8.76179225225186,1.96858586616039,0.000515646965483764,0.308973795902158,0.589616554107739,0.813553940692038,5,2,100,0.128923194576792,-0.0838759804360953,25,2.33924641480717,0,4.83359,256,0.2,0.2,20,"both",0.128923194576792,-0.0838759804360953
"2414","session2",11.2826043931924,8.76179225225186,1.96858586616039,0.000515646965483764,0.308973795902158,0.589616554107739,0.813553940692038,5,2,100,0.128923194576792,-0.0838759804360953,25,1.35668939964058,0,10.679,256,0.2,0.2,20,"both",0.128923194576792,-0.0838759804360953
"2415","session2",11.2826043931924,8.76179225225186,1.96858586616039,0.000515646965483764,0.308973795902158,0.589616554107739,0.813553940692038,5,2,100,0.128923194576792,-0.0838759804360953,25,2.30702633476889,0,11.15679,256,0.2,0.2,20,"both",0.128923194576792,-0.0838759804360953
"2416","session2",11.2826043931924,8.76179225225186,1.96858586616039,0.000515646965483764,0.308973795902158,0.589616554107739,0.813553940692038,5,2,100,0.128923194576792,-0.0838759804360953,25,3.26545960569497,1,12.38078,256,0.2,0.2,20,"both",0.128923194576792,-0.0838759804360953
"2417","session2",11.2826043931924,8.76179225225186,1.96858586616039,0.000515646965483764,0.308973795902158,0.589616554107739,0.813553940692038,5,2,100,0.128923194576792,-0.0838759804360953,25,1.93386709669218,1,11.0922,256,0.2,0.2,20,"both",0.128923194576792,-0.0838759804360953
"2418","session2",11.2826043931924,8.76179225225186,1.96858586616039,0.000515646965483764,0.308973795902158,0.589616554107739,0.813553940692038,5,2,100,0.128923194576792,-0.0838759804360953,25,2.98330707903333,0,6.55969,256,0.2,0.2,20,"both",0.128923194576792,-0.0838759804360953
"2419","session2",11.2826043931924,8.76179225225186,1.96858586616039,0.000515646965483764,0.308973795902158,0.589616554107739,0.813553940692038,5,2,100,0.128923194576792,-0.0838759804360953,25,3.06898267456537,0,8.05117,256,0.2,0.2,20,"both",0.128923194576792,-0.0838759804360953
"2420","session2",11.2826043931924,8.76179225225186,1.96858586616039,0.000515646965483764,0.308973795902158,0.589616554107739,0.813553940692038,5,2,100,0.128923194576792,-0.0838759804360953,25,3.36549030547394,1,12.39615,256,0.2,0.2,20,"both",0.128923194576792,-0.0838759804360953
"2421","session2",11.2826043931924,8.76179225225186,1.96858586616039,0.000515646965483764,0.308973795902158,0.589616554107739,0.813553940692038,5,2,100,0.128923194576792,-0.0838759804360953,25,6.65656171190476,0,7.77135,256,0.2,0.2,20,"both",0.128923194576792,-0.0838759804360953
"2422","session2",11.2826043931924,8.76179225225186,1.96858586616039,0.000515646965483764,0.308973795902158,0.589616554107739,0.813553940692038,5,2,100,0.128923194576792,-0.0838759804360953,25,3.60891073811518,1,6.55299,256,0.2,0.2,20,"both",0.128923194576792,-0.0838759804360953
"2423","session2",11.2826043931924,8.76179225225186,1.96858586616039,0.000515646965483764,0.308973795902158,0.589616554107739,0.813553940692038,5,2,100,0.128923194576792,-0.0838759804360953,25,2.15957905008064,0,10.8177,256,0.2,0.2,20,"both",0.128923194576792,-0.0838759804360953
"2424","session2",11.2826043931924,8.76179225225186,1.96858586616039,0.000515646965483764,0.308973795902158,0.589616554107739,0.813553940692038,5,2,100,0.128923194576792,-0.0838759804360953,25,3.57741302525109,0,11.82083,256,0.2,0.2,20,"both",0.128923194576792,-0.0838759804360953
"2425","session2",11.2826043931924,8.76179225225186,1.96858586616039,0.000515646965483764,0.308973795902158,0.589616554107739,0.813553940692038,5,2,100,0.128923194576792,-0.0838759804360953,25,3.17089851094059,0,9.57435,256,0.2,0.2,20,"both",0.128923194576792,-0.0838759804360953
"2426","session2",11.2826043931924,8.76179225225186,1.96858586616039,0.000515646965483764,0.308973795902158,0.589616554107739,0.813553940692038,5,2,100,0.128923194576792,-0.0838759804360953,25,2.74816347768422,1,16.07907,256,0.2,0.2,20,"both",0.128923194576792,-0.0838759804360953
"2427","session2",11.2826043931924,8.76179225225186,1.96858586616039,0.000515646965483764,0.308973795902158,0.589616554107739,0.813553940692038,5,2,100,0.128923194576792,-0.0838759804360953,25,3.10614360236439,0,8.50642,256,0.2,0.2,20,"both",0.128923194576792,-0.0838759804360953
"2428","session2",11.2826043931924,8.76179225225186,1.96858586616039,0.000515646965483764,0.308973795902158,0.589616554107739,0.813553940692038,5,2,100,0.128923194576792,-0.0838759804360953,25,2.60416746409986,0,10.26591,256,0.2,0.2,20,"both",0.128923194576792,-0.0838759804360953
"2429","session2",11.2826043931924,8.76179225225186,1.96858586616039,0.000515646965483764,0.308973795902158,0.589616554107739,0.813553940692038,5,2,100,0.128923194576792,-0.0838759804360953,25,1.37726237231731,1,9.91436,256,0.2,0.2,20,"both",0.128923194576792,-0.0838759804360953
"2430","session2",11.2826043931924,8.76179225225186,1.96858586616039,0.000515646965483764,0.308973795902158,0.589616554107739,0.813553940692038,5,2,100,0.128923194576792,-0.0838759804360953,25,3.94570980862847,0,5.9166,256,0.2,0.2,20,"both",0.128923194576792,-0.0838759804360953
"2431","session2",11.2826043931924,8.76179225225186,1.96858586616039,0.000515646965483764,0.308973795902158,0.589616554107739,0.813553940692038,5,2,100,0.128923194576792,-0.0838759804360953,25,2.39623487934721,0,12.53639,256,0.2,0.2,20,"both",0.128923194576792,-0.0838759804360953
"2432","session2",11.2826043931924,8.76179225225186,1.96858586616039,0.000515646965483764,0.308973795902158,0.589616554107739,0.813553940692038,5,2,100,0.128923194576792,-0.0838759804360953,25,2.49953581989342,0,8.66714,256,0.2,0.2,20,"both",0.128923194576792,-0.0838759804360953
"2433","session2",11.2826043931924,8.76179225225186,1.96858586616039,0.000515646965483764,0.308973795902158,0.589616554107739,0.813553940692038,5,2,100,0.128923194576792,-0.0838759804360953,25,2.75025236432517,0,7.85826,256,0.2,0.2,20,"both",0.128923194576792,-0.0838759804360953
"2434","session2",11.2826043931924,8.76179225225186,1.96858586616039,0.000515646965483764,0.308973795902158,0.589616554107739,0.813553940692038,5,2,100,0.128923194576792,-0.0838759804360953,25,2.69883405875733,0,9.88849,256,0.2,0.2,20,"both",0.128923194576792,-0.0838759804360953
"2435","session2",11.2826043931924,8.76179225225186,1.96858586616039,0.000515646965483764,0.308973795902158,0.589616554107739,0.813553940692038,5,2,100,0.128923194576792,-0.0838759804360953,25,2.72517180391937,0,16.52391,256,0.2,0.2,20,"both",0.128923194576792,-0.0838759804360953
"2436","session2",11.2826043931924,8.76179225225186,1.96858586616039,0.000515646965483764,0.308973795902158,0.589616554107739,0.813553940692038,5,2,100,0.128923194576792,-0.0838759804360953,25,2.67255687571739,1,5.25955,256,0.2,0.2,20,"both",0.128923194576792,-0.0838759804360953
"2437","session2",11.2826043931924,8.76179225225186,1.96858586616039,0.000515646965483764,0.308973795902158,0.589616554107739,0.813553940692038,5,2,100,0.128923194576792,-0.0838759804360953,25,3.25908833613464,0,18.75704,256,0.2,0.2,20,"both",0.128923194576792,-0.0838759804360953
"2438","session2",11.2826043931924,8.76179225225186,1.96858586616039,0.000515646965483764,0.308973795902158,0.589616554107739,0.813553940692038,5,2,100,0.128923194576792,-0.0838759804360953,25,1.75194613108299,1,29.6254,256,0.2,0.2,20,"both",0.128923194576792,-0.0838759804360953
"2439","session2",11.2826043931924,8.76179225225186,1.96858586616039,0.000515646965483764,0.308973795902158,0.589616554107739,0.813553940692038,5,2,100,0.128923194576792,-0.0838759804360953,25,3.07873260017978,1,28.4735,256,0.2,0.2,20,"both",0.128923194576792,-0.0838759804360953
"2440","session2",11.2826043931924,8.76179225225186,1.96858586616039,0.000515646965483764,0.308973795902158,0.589616554107739,0.813553940692038,5,2,100,0.128923194576792,-0.0838759804360953,25,1.82353580863407,0,-0.2982,256,0.2,0.2,20,"both",0.128923194576792,-0.0838759804360953
"2441","session2",11.2826043931924,8.76179225225186,1.96858586616039,0.000515646965483764,0.308973795902158,0.589616554107739,0.813553940692038,5,2,100,0.128923194576792,-0.0838759804360953,25,3.37933864082922,0,8.15111,256,0.2,0.2,20,"both",0.128923194576792,-0.0838759804360953
"2442","session2",11.2826043931924,8.76179225225186,1.96858586616039,0.000515646965483764,0.308973795902158,0.589616554107739,0.813553940692038,5,2,100,0.128923194576792,-0.0838759804360953,25,1.95604089295272,0,15.13375,256,0.2,0.2,20,"both",0.128923194576792,-0.0838759804360953
"2443","session2",11.2826043931924,8.76179225225186,1.96858586616039,0.000515646965483764,0.308973795902158,0.589616554107739,0.813553940692038,5,2,100,0.128923194576792,-0.0838759804360953,25,4.55137672450883,1,21.17247,256,0.2,0.2,20,"both",0.128923194576792,-0.0838759804360953
"2444","session2",11.2826043931924,8.76179225225186,1.96858586616039,0.000515646965483764,0.308973795902158,0.589616554107739,0.813553940692038,5,2,100,0.128923194576792,-0.0838759804360953,25,1.74953828708414,1,20.93965,256,0.2,0.2,20,"both",0.128923194576792,-0.0838759804360953
"2445","session2",11.2826043931924,8.76179225225186,1.96858586616039,0.000515646965483764,0.308973795902158,0.589616554107739,0.813553940692038,5,2,100,0.128923194576792,-0.0838759804360953,25,3.54273736142766,1,23.80532,256,0.2,0.2,20,"both",0.128923194576792,-0.0838759804360953
"2446","session2",11.2826043931924,8.76179225225186,1.96858586616039,0.000515646965483764,0.308973795902158,0.589616554107739,0.813553940692038,5,2,100,0.128923194576792,-0.0838759804360953,25,1.93272226063027,1,20.5561,256,0.2,0.2,20,"both",0.128923194576792,-0.0838759804360953
"2447","session2",11.2826043931924,8.76179225225186,1.96858586616039,0.000515646965483764,0.308973795902158,0.589616554107739,0.813553940692038,5,2,100,0.128923194576792,-0.0838759804360953,25,2.10497864112354,1,10.90242,256,0.2,0.2,20,"both",0.128923194576792,-0.0838759804360953
"2448","session2",11.2826043931924,8.76179225225186,1.96858586616039,0.000515646965483764,0.308973795902158,0.589616554107739,0.813553940692038,5,2,100,0.128923194576792,-0.0838759804360953,25,4.87897852232527,0,6.72373,256,0.2,0.2,20,"both",0.128923194576792,-0.0838759804360953
"2449","session2",11.2826043931924,8.76179225225186,1.96858586616039,0.000515646965483764,0.308973795902158,0.589616554107739,0.813553940692038,5,2,100,0.128923194576792,-0.0838759804360953,25,2.21048563203856,1,19.86885,256,0.2,0.2,20,"both",0.128923194576792,-0.0838759804360953
"2450","session2",11.2826043931924,8.76179225225186,1.96858586616039,0.000515646965483764,0.308973795902158,0.589616554107739,0.813553940692038,5,2,100,0.128923194576792,-0.0838759804360953,25,2.1028945219817,0,14.48327,256,0.2,0.2,20,"both",0.128923194576792,-0.0838759804360953
"2451","session2",11.2826043931924,8.76179225225186,1.96858586616039,0.000515646965483764,0.308973795902158,0.589616554107739,0.813553940692038,5,2,100,0.128923194576792,-0.0838759804360953,25,3.02935698083094,0,10.71491,256,0.2,0.2,20,"both",0.128923194576792,-0.0838759804360953
"2452","session2",11.2826043931924,8.76179225225186,1.96858586616039,0.000515646965483764,0.308973795902158,0.589616554107739,0.813553940692038,5,2,100,0.128923194576792,-0.0838759804360953,25,3.3548090977056,0,16.02223,256,0.2,0.2,20,"both",0.128923194576792,-0.0838759804360953
"2453","session2",11.2826043931924,8.76179225225186,1.96858586616039,0.000515646965483764,0.308973795902158,0.589616554107739,0.813553940692038,5,2,100,0.128923194576792,-0.0838759804360953,25,2.04366835247984,1,10.8802,256,0.2,0.2,20,"both",0.128923194576792,-0.0838759804360953
"2454","session2",11.2826043931924,8.76179225225186,1.96858586616039,0.000515646965483764,0.308973795902158,0.589616554107739,0.813553940692038,5,2,100,0.128923194576792,-0.0838759804360953,25,1.54672308817008,1,28.5566,256,0.2,0.2,20,"both",0.128923194576792,-0.0838759804360953
"2455","session2",11.2826043931924,8.76179225225186,1.96858586616039,0.000515646965483764,0.308973795902158,0.589616554107739,0.813553940692038,5,2,100,0.128923194576792,-0.0838759804360953,25,1.28422470051365,1,24.5953,256,0.2,0.2,20,"both",0.128923194576792,-0.0838759804360953
"2456","session2",11.2826043931924,8.76179225225186,1.96858586616039,0.000515646965483764,0.308973795902158,0.589616554107739,0.813553940692038,5,2,100,0.128923194576792,-0.0838759804360953,25,3.81174185307928,0,17.29764,256,0.2,0.2,20,"both",0.128923194576792,-0.0838759804360953
"2457","session2",11.2826043931924,8.76179225225186,1.96858586616039,0.000515646965483764,0.308973795902158,0.589616554107739,0.813553940692038,5,2,100,0.128923194576792,-0.0838759804360953,25,1.90370134250911,1,19.24478,256,0.2,0.2,20,"both",0.128923194576792,-0.0838759804360953
"2458","session2",11.2826043931924,8.76179225225186,1.96858586616039,0.000515646965483764,0.308973795902158,0.589616554107739,0.813553940692038,5,2,100,0.128923194576792,-0.0838759804360953,25,5.83499110870392,1,17.14698,256,0.2,0.2,20,"both",0.128923194576792,-0.0838759804360953
"2459","session2",11.2826043931924,8.76179225225186,1.96858586616039,0.000515646965483764,0.308973795902158,0.589616554107739,0.813553940692038,5,2,100,0.128923194576792,-0.0838759804360953,25,1.99133659158143,0,9.4568,256,0.2,0.2,20,"both",0.128923194576792,-0.0838759804360953
"2460","session2",11.2826043931924,8.76179225225186,1.96858586616039,0.000515646965483764,0.308973795902158,0.589616554107739,0.813553940692038,5,2,100,0.128923194576792,-0.0838759804360953,25,2.08682396529312,1,21.72588,256,0.2,0.2,20,"both",0.128923194576792,-0.0838759804360953
"2461","session2",11.2826043931924,8.76179225225186,1.96858586616039,0.000515646965483764,0.308973795902158,0.589616554107739,0.813553940692038,5,2,100,0.128923194576792,-0.0838759804360953,25,2.94800200219147,0,4.88377,256,0.2,0.2,20,"both",0.128923194576792,-0.0838759804360953
"2462","session2",11.2826043931924,8.76179225225186,1.96858586616039,0.000515646965483764,0.308973795902158,0.589616554107739,0.813553940692038,5,2,100,0.128923194576792,-0.0838759804360953,25,2.37974600234817,1,7.47287,256,0.2,0.2,20,"both",0.128923194576792,-0.0838759804360953
"2463","session2",11.2826043931924,8.76179225225186,1.96858586616039,0.000515646965483764,0.308973795902158,0.589616554107739,0.813553940692038,5,2,100,0.128923194576792,-0.0838759804360953,25,1.70078234034636,0,1.59304,256,0.2,0.2,20,"both",0.128923194576792,-0.0838759804360953
"2464","session2",11.2826043931924,8.76179225225186,1.96858586616039,0.000515646965483764,0.308973795902158,0.589616554107739,0.813553940692038,5,2,100,0.128923194576792,-0.0838759804360953,25,2.50406044896491,1,6.73264,256,0.2,0.2,20,"both",0.128923194576792,-0.0838759804360953
"2465","session2",11.2826043931924,8.76179225225186,1.96858586616039,0.000515646965483764,0.308973795902158,0.589616554107739,0.813553940692038,5,2,100,0.128923194576792,-0.0838759804360953,25,2.6562727812547,1,24.7965,256,0.2,0.2,20,"both",0.128923194576792,-0.0838759804360953
"2466","session2",11.2826043931924,8.76179225225186,1.96858586616039,0.000515646965483764,0.308973795902158,0.589616554107739,0.813553940692038,5,2,100,0.128923194576792,-0.0838759804360953,25,1.26154130932594,1,22.7776,256,0.2,0.2,20,"both",0.128923194576792,-0.0838759804360953
"2467","session2",11.2826043931924,8.76179225225186,1.96858586616039,0.000515646965483764,0.308973795902158,0.589616554107739,0.813553940692038,5,2,100,0.128923194576792,-0.0838759804360953,25,3.81542052118636,1,21.10648,256,0.2,0.2,20,"both",0.128923194576792,-0.0838759804360953
"2468","session2",11.2826043931924,8.76179225225186,1.96858586616039,0.000515646965483764,0.308973795902158,0.589616554107739,0.813553940692038,5,2,100,0.128923194576792,-0.0838759804360953,25,3.4322090291809,1,16.10973,256,0.2,0.2,20,"both",0.128923194576792,-0.0838759804360953
"2469","session2",11.2826043931924,8.76179225225186,1.96858586616039,0.000515646965483764,0.308973795902158,0.589616554107739,0.813553940692038,5,2,100,0.128923194576792,-0.0838759804360953,25,1.86551122708499,1,25.0479,256,0.2,0.2,20,"both",0.128923194576792,-0.0838759804360953
"2470","session2",11.2826043931924,8.76179225225186,1.96858586616039,0.000515646965483764,0.308973795902158,0.589616554107739,0.813553940692038,5,2,100,0.128923194576792,-0.0838759804360953,25,2.44634064971903,0,4.53217,256,0.2,0.2,20,"both",0.128923194576792,-0.0838759804360953
"2471","session2",11.2826043931924,8.76179225225186,1.96858586616039,0.000515646965483764,0.308973795902158,0.589616554107739,0.813553940692038,5,2,100,0.128923194576792,-0.0838759804360953,25,3.11166111408223,0,8.15904,256,0.2,0.2,20,"both",0.128923194576792,-0.0838759804360953
"2472","session2",11.2826043931924,8.76179225225186,1.96858586616039,0.000515646965483764,0.308973795902158,0.589616554107739,0.813553940692038,5,2,100,0.128923194576792,-0.0838759804360953,25,3.59624458983014,0,19.87824,256,0.2,0.2,20,"both",0.128923194576792,-0.0838759804360953
"2473","session2",11.2826043931924,8.76179225225186,1.96858586616039,0.000515646965483764,0.308973795902158,0.589616554107739,0.813553940692038,5,2,100,0.128923194576792,-0.0838759804360953,25,5.93604047052083,0,7.08479,256,0.2,0.2,20,"both",0.128923194576792,-0.0838759804360953
"2474","session2",11.2826043931924,8.76179225225186,1.96858586616039,0.000515646965483764,0.308973795902158,0.589616554107739,0.813553940692038,5,2,100,0.128923194576792,-0.0838759804360953,25,2.65230790304582,0,20.26382,256,0.2,0.2,20,"both",0.128923194576792,-0.0838759804360953
"2475","session2",11.2826043931924,8.76179225225186,1.96858586616039,0.000515646965483764,0.308973795902158,0.589616554107739,0.813553940692038,5,2,100,0.128923194576792,-0.0838759804360953,25,5.6535543180836,0,2.4051,256,0.2,0.2,20,"both",0.128923194576792,-0.0838759804360953
"2476","session2",11.2826043931924,8.76179225225186,1.96858586616039,0.000515646965483764,0.308973795902158,0.589616554107739,0.813553940692038,5,2,100,0.128923194576792,-0.0838759804360953,25,2.69908371556047,0,0.3916,256,0.2,0.2,20,"both",0.128923194576792,-0.0838759804360953
"2477","session2",11.2826043931924,8.76179225225186,1.96858586616039,0.000515646965483764,0.308973795902158,0.589616554107739,0.813553940692038,5,2,100,0.128923194576792,-0.0838759804360953,25,1.92957924743301,0,3.0215,256,0.2,0.2,20,"both",0.128923194576792,-0.0838759804360953
"2478","session2",11.2826043931924,8.76179225225186,1.96858586616039,0.000515646965483764,0.308973795902158,0.589616554107739,0.813553940692038,5,2,100,0.128923194576792,-0.0838759804360953,25,5.69385479969392,0,23.14117,256,0.2,0.2,20,"both",0.128923194576792,-0.0838759804360953
"2479","session2",11.2826043931924,8.76179225225186,1.96858586616039,0.000515646965483764,0.308973795902158,0.589616554107739,0.813553940692038,5,2,100,0.128923194576792,-0.0838759804360953,25,3.15088486326198,1,25.1783,256,0.2,0.2,20,"both",0.128923194576792,-0.0838759804360953
"2480","session2",11.2826043931924,8.76179225225186,1.96858586616039,0.000515646965483764,0.308973795902158,0.589616554107739,0.813553940692038,5,2,100,0.128923194576792,-0.0838759804360953,25,1.63436387023041,1,10.14576,256,0.2,0.2,20,"both",0.128923194576792,-0.0838759804360953
"2481","session2",11.2826043931924,8.76179225225186,1.96858586616039,0.000515646965483764,0.308973795902158,0.589616554107739,0.813553940692038,5,2,100,0.128923194576792,-0.0838759804360953,25,3.00829430856892,0,6.35282,256,0.2,0.2,20,"both",0.128923194576792,-0.0838759804360953
"2482","session2",11.2826043931924,8.76179225225186,1.96858586616039,0.000515646965483764,0.308973795902158,0.589616554107739,0.813553940692038,5,2,100,0.128923194576792,-0.0838759804360953,25,3.21082255037238,1,5.76479,256,0.2,0.2,20,"both",0.128923194576792,-0.0838759804360953
"2483","session2",11.2826043931924,8.76179225225186,1.96858586616039,0.000515646965483764,0.308973795902158,0.589616554107739,0.813553940692038,5,2,100,0.128923194576792,-0.0838759804360953,25,2.46067792002095,1,24.1819,256,0.2,0.2,20,"both",0.128923194576792,-0.0838759804360953
"2484","session2",11.2826043931924,8.76179225225186,1.96858586616039,0.000515646965483764,0.308973795902158,0.589616554107739,0.813553940692038,5,2,100,0.128923194576792,-0.0838759804360953,25,3.52611299435644,1,22.28982,256,0.2,0.2,20,"both",0.128923194576792,-0.0838759804360953
"2485","session2",11.2826043931924,8.76179225225186,1.96858586616039,0.000515646965483764,0.308973795902158,0.589616554107739,0.813553940692038,5,2,100,0.128923194576792,-0.0838759804360953,25,2.04342859323136,0,1.3497,256,0.2,0.2,20,"both",0.128923194576792,-0.0838759804360953
"2486","session2",11.2826043931924,8.76179225225186,1.96858586616039,0.000515646965483764,0.308973795902158,0.589616554107739,0.813553940692038,5,2,100,0.128923194576792,-0.0838759804360953,25,1.96549371701107,1,20.59682,256,0.2,0.2,20,"both",0.128923194576792,-0.0838759804360953
"2487","session2",11.2826043931924,8.76179225225186,1.96858586616039,0.000515646965483764,0.308973795902158,0.589616554107739,0.813553940692038,5,2,100,0.128923194576792,-0.0838759804360953,25,3.94215155644818,1,24.2229,256,0.2,0.2,20,"both",0.128923194576792,-0.0838759804360953
"2488","session2",11.2826043931924,8.76179225225186,1.96858586616039,0.000515646965483764,0.308973795902158,0.589616554107739,0.813553940692038,5,2,100,0.128923194576792,-0.0838759804360953,25,2.17600173113358,0,3.44733,256,0.2,0.2,20,"both",0.128923194576792,-0.0838759804360953
"2489","session2",11.2826043931924,8.76179225225186,1.96858586616039,0.000515646965483764,0.308973795902158,0.589616554107739,0.813553940692038,5,2,100,0.128923194576792,-0.0838759804360953,25,2.39822317090782,0,-1.6662,256,0.2,0.2,20,"both",0.128923194576792,-0.0838759804360953
"2490","session2",11.2826043931924,8.76179225225186,1.96858586616039,0.000515646965483764,0.308973795902158,0.589616554107739,0.813553940692038,5,2,100,0.128923194576792,-0.0838759804360953,25,1.4646546117622,1,23.60777,256,0.2,0.2,20,"both",0.128923194576792,-0.0838759804360953
"2491","session2",11.2826043931924,8.76179225225186,1.96858586616039,0.000515646965483764,0.308973795902158,0.589616554107739,0.813553940692038,5,2,100,0.128923194576792,-0.0838759804360953,25,2.42413873740895,1,23.20251,256,0.2,0.2,20,"both",0.128923194576792,-0.0838759804360953
"2492","session2",11.2826043931924,8.76179225225186,1.96858586616039,0.000515646965483764,0.308973795902158,0.589616554107739,0.813553940692038,5,2,100,0.128923194576792,-0.0838759804360953,25,1.93036741242387,1,19.62832,256,0.2,0.2,20,"both",0.128923194576792,-0.0838759804360953
"2493","session2",11.2826043931924,8.76179225225186,1.96858586616039,0.000515646965483764,0.308973795902158,0.589616554107739,0.813553940692038,5,2,100,0.128923194576792,-0.0838759804360953,25,2.33573843202345,1,20.96794,256,0.2,0.2,20,"both",0.128923194576792,-0.0838759804360953
"2494","session2",11.2826043931924,8.76179225225186,1.96858586616039,0.000515646965483764,0.308973795902158,0.589616554107739,0.813553940692038,5,2,100,0.128923194576792,-0.0838759804360953,25,1.98169323918633,1,8.09357,256,0.2,0.2,20,"both",0.128923194576792,-0.0838759804360953
"2495","session2",11.2826043931924,8.76179225225186,1.96858586616039,0.000515646965483764,0.308973795902158,0.589616554107739,0.813553940692038,5,2,100,0.128923194576792,-0.0838759804360953,25,4.66571995623341,1,20.27335,256,0.2,0.2,20,"both",0.128923194576792,-0.0838759804360953
"2496","session2",11.2826043931924,8.76179225225186,1.96858586616039,0.000515646965483764,0.308973795902158,0.589616554107739,0.813553940692038,5,2,100,0.128923194576792,-0.0838759804360953,25,2.31312518231718,1,21.99379,256,0.2,0.2,20,"both",0.128923194576792,-0.0838759804360953
"2497","session2",11.2826043931924,8.76179225225186,1.96858586616039,0.000515646965483764,0.308973795902158,0.589616554107739,0.813553940692038,5,2,100,0.128923194576792,-0.0838759804360953,25,5.689411790069,0,4.52993,256,0.2,0.2,20,"both",0.128923194576792,-0.0838759804360953
"2498","session2",11.2826043931924,8.76179225225186,1.96858586616039,0.000515646965483764,0.308973795902158,0.589616554107739,0.813553940692038,5,2,100,0.128923194576792,-0.0838759804360953,25,3.30283039555906,1,20.30933,256,0.2,0.2,20,"both",0.128923194576792,-0.0838759804360953
"2499","session2",11.2826043931924,8.76179225225186,1.96858586616039,0.000515646965483764,0.308973795902158,0.589616554107739,0.813553940692038,5,2,100,0.128923194576792,-0.0838759804360953,25,2.42868030522759,1,21.82696,256,0.2,0.2,20,"both",0.128923194576792,-0.0838759804360953
"2500","session2",11.2826043931924,8.76179225225186,1.96858586616039,0.000515646965483764,0.308973795902158,0.589616554107739,0.813553940692038,5,2,100,0.128923194576792,-0.0838759804360953,25,2.60781446766179,1,20.53253,256,0.2,0.2,20,"both",0.128923194576792,-0.0838759804360953
"2501","session2",-19.7855829450848,11.0812829634622,3.06161933824958,0.00148505161720418,-0.533818561602168,0.692304205399393,0.898882532140972,6,2,100,0.128923194576792,-0.0838759804360953,26,1.98950756448386,1,-9.3039059759,256,0.2,0.2,20,"both",0.128923194576792,-0.0838759804360953
"2502","session2",-19.7855829450848,11.0812829634622,3.06161933824958,0.00148505161720418,-0.533818561602168,0.692304205399393,0.898882532140972,6,2,100,0.128923194576792,-0.0838759804360953,26,1.69648869892614,0,-9.41346011637,256,0.2,0.2,20,"both",0.128923194576792,-0.0838759804360953
"2503","session2",-19.7855829450848,11.0812829634622,3.06161933824958,0.00148505161720418,-0.533818561602168,0.692304205399393,0.898882532140972,6,2,100,0.128923194576792,-0.0838759804360953,26,1.43893554418343,1,-2.96952378265,256,0.2,0.2,20,"both",0.128923194576792,-0.0838759804360953
"2504","session2",-19.7855829450848,11.0812829634622,3.06161933824958,0.00148505161720418,-0.533818561602168,0.692304205399393,0.898882532140972,6,2,100,0.128923194576792,-0.0838759804360953,26,1.46961193710762,1,-8.265240196408,256,0.2,0.2,20,"both",0.128923194576792,-0.0838759804360953
"2505","session2",-19.7855829450848,11.0812829634622,3.06161933824958,0.00148505161720418,-0.533818561602168,0.692304205399393,0.898882532140972,6,2,100,0.128923194576792,-0.0838759804360953,26,1.76709243318626,0,-16.07021,256,0.2,0.2,20,"both",0.128923194576792,-0.0838759804360953
"2506","session2",-19.7855829450848,11.0812829634622,3.06161933824958,0.00148505161720418,-0.533818561602168,0.692304205399393,0.898882532140972,6,2,100,0.128923194576792,-0.0838759804360953,26,1.41393716211407,1,-31.68757,256,0.2,0.2,20,"both",0.128923194576792,-0.0838759804360953
"2507","session2",-19.7855829450848,11.0812829634622,3.06161933824958,0.00148505161720418,-0.533818561602168,0.692304205399393,0.898882532140972,6,2,100,0.128923194576792,-0.0838759804360953,26,1.6536515652233,1,-8.386351642,256,0.2,0.2,20,"both",0.128923194576792,-0.0838759804360953
"2508","session2",-19.7855829450848,11.0812829634622,3.06161933824958,0.00148505161720418,-0.533818561602168,0.692304205399393,0.898882532140972,6,2,100,0.128923194576792,-0.0838759804360953,26,1.69525990648754,1,-21.97569,256,0.2,0.2,20,"both",0.128923194576792,-0.0838759804360953
"2509","session2",-19.7855829450848,11.0812829634622,3.06161933824958,0.00148505161720418,-0.533818561602168,0.692304205399393,0.898882532140972,6,2,100,0.128923194576792,-0.0838759804360953,26,8,1,-11.82187,256,0.2,0.2,20,"both",0.128923194576792,-0.0838759804360953
"2510","session2",-19.7855829450848,11.0812829634622,3.06161933824958,0.00148505161720418,-0.533818561602168,0.692304205399393,0.898882532140972,6,2,100,0.128923194576792,-0.0838759804360953,26,1.76507082546004,0,-35.3503,256,0.2,0.2,20,"both",0.128923194576792,-0.0838759804360953
"2511","session2",-19.7855829450848,11.0812829634622,3.06161933824958,0.00148505161720418,-0.533818561602168,0.692304205399393,0.898882532140972,6,2,100,0.128923194576792,-0.0838759804360953,26,1.67494297746372,1,16.6772,256,0.2,0.2,20,"both",0.128923194576792,-0.0838759804360953
"2512","session2",-19.7855829450848,11.0812829634622,3.06161933824958,0.00148505161720418,-0.533818561602168,0.692304205399393,0.898882532140972,6,2,100,0.128923194576792,-0.0838759804360953,26,1.78629136566684,0,-21.11617937,256,0.2,0.2,20,"both",0.128923194576792,-0.0838759804360953
"2513","session2",-19.7855829450848,11.0812829634622,3.06161933824958,0.00148505161720418,-0.533818561602168,0.692304205399393,0.898882532140972,6,2,100,0.128923194576792,-0.0838759804360953,26,2.34110275797505,1,-13.71228,256,0.2,0.2,20,"both",0.128923194576792,-0.0838759804360953
"2514","session2",-19.7855829450848,11.0812829634622,3.06161933824958,0.00148505161720418,-0.533818561602168,0.692304205399393,0.898882532140972,6,2,100,0.128923194576792,-0.0838759804360953,26,3.07706630929298,0,-21.43163657,256,0.2,0.2,20,"both",0.128923194576792,-0.0838759804360953
"2515","session2",-19.7855829450848,11.0812829634622,3.06161933824958,0.00148505161720418,-0.533818561602168,0.692304205399393,0.898882532140972,6,2,100,0.128923194576792,-0.0838759804360953,26,2.21465497319011,1,-17.513397983,256,0.2,0.2,20,"both",0.128923194576792,-0.0838759804360953
"2516","session2",-19.7855829450848,11.0812829634622,3.06161933824958,0.00148505161720418,-0.533818561602168,0.692304205399393,0.898882532140972,6,2,100,0.128923194576792,-0.0838759804360953,26,4.97960747157482,1,-0.0235000000000003,256,0.2,0.2,20,"both",0.128923194576792,-0.0838759804360953
"2517","session2",-19.7855829450848,11.0812829634622,3.06161933824958,0.00148505161720418,-0.533818561602168,0.692304205399393,0.898882532140972,6,2,100,0.128923194576792,-0.0838759804360953,26,1.37875014074318,0,-41.3962,256,0.2,0.2,20,"both",0.128923194576792,-0.0838759804360953
"2518","session2",-19.7855829450848,11.0812829634622,3.06161933824958,0.00148505161720418,-0.533818561602168,0.692304205399393,0.898882532140972,6,2,100,0.128923194576792,-0.0838759804360953,26,2.18577416272135,1,-20.29473,256,0.2,0.2,20,"both",0.128923194576792,-0.0838759804360953
"2519","session2",-19.7855829450848,11.0812829634622,3.06161933824958,0.00148505161720418,-0.533818561602168,0.692304205399393,0.898882532140972,6,2,100,0.128923194576792,-0.0838759804360953,26,1.7427278252049,0,-13.06918,256,0.2,0.2,20,"both",0.128923194576792,-0.0838759804360953
"2520","session2",-19.7855829450848,11.0812829634622,3.06161933824958,0.00148505161720418,-0.533818561602168,0.692304205399393,0.898882532140972,6,2,100,0.128923194576792,-0.0838759804360953,26,1.48509015590793,0,-41.3526,256,0.2,0.2,20,"both",0.128923194576792,-0.0838759804360953
"2521","session2",-19.7855829450848,11.0812829634622,3.06161933824958,0.00148505161720418,-0.533818561602168,0.692304205399393,0.898882532140972,6,2,100,0.128923194576792,-0.0838759804360953,26,1.5474991055988,0,-24.1408,256,0.2,0.2,20,"both",0.128923194576792,-0.0838759804360953
"2522","session2",-19.7855829450848,11.0812829634622,3.06161933824958,0.00148505161720418,-0.533818561602168,0.692304205399393,0.898882532140972,6,2,100,0.128923194576792,-0.0838759804360953,26,1.75015611961843,0,-43.4707,256,0.2,0.2,20,"both",0.128923194576792,-0.0838759804360953
"2523","session2",-19.7855829450848,11.0812829634622,3.06161933824958,0.00148505161720418,-0.533818561602168,0.692304205399393,0.898882532140972,6,2,100,0.128923194576792,-0.0838759804360953,26,1.23784578235673,1,8.0711,256,0.2,0.2,20,"both",0.128923194576792,-0.0838759804360953
"2524","session2",-19.7855829450848,11.0812829634622,3.06161933824958,0.00148505161720418,-0.533818561602168,0.692304205399393,0.898882532140972,6,2,100,0.128923194576792,-0.0838759804360953,26,3.14758139297402,0,-9.1362,256,0.2,0.2,20,"both",0.128923194576792,-0.0838759804360953
"2525","session2",-19.7855829450848,11.0812829634622,3.06161933824958,0.00148505161720418,-0.533818561602168,0.692304205399393,0.898882532140972,6,2,100,0.128923194576792,-0.0838759804360953,26,2.71891091595242,1,-7.08168,256,0.2,0.2,20,"both",0.128923194576792,-0.0838759804360953
"2526","session2",-19.7855829450848,11.0812829634622,3.06161933824958,0.00148505161720418,-0.533818561602168,0.692304205399393,0.898882532140972,6,2,100,0.128923194576792,-0.0838759804360953,26,3.00899145049666,1,-18.137683356,256,0.2,0.2,20,"both",0.128923194576792,-0.0838759804360953
"2527","session2",-19.7855829450848,11.0812829634622,3.06161933824958,0.00148505161720418,-0.533818561602168,0.692304205399393,0.898882532140972,6,2,100,0.128923194576792,-0.0838759804360953,26,4.37604568997676,0,-19.74549,256,0.2,0.2,20,"both",0.128923194576792,-0.0838759804360953
"2528","session2",-19.7855829450848,11.0812829634622,3.06161933824958,0.00148505161720418,-0.533818561602168,0.692304205399393,0.898882532140972,6,2,100,0.128923194576792,-0.0838759804360953,26,1.33585542052028,0,-26.93693,256,0.2,0.2,20,"both",0.128923194576792,-0.0838759804360953
"2529","session2",-19.7855829450848,11.0812829634622,3.06161933824958,0.00148505161720418,-0.533818561602168,0.692304205399393,0.898882532140972,6,2,100,0.128923194576792,-0.0838759804360953,26,1.63472077377126,0,-9.80679,256,0.2,0.2,20,"both",0.128923194576792,-0.0838759804360953
"2530","session2",-19.7855829450848,11.0812829634622,3.06161933824958,0.00148505161720418,-0.533818561602168,0.692304205399393,0.898882532140972,6,2,100,0.128923194576792,-0.0838759804360953,26,2.19747975666623,1,-14.50982,256,0.2,0.2,20,"both",0.128923194576792,-0.0838759804360953
"2531","session2",-19.7855829450848,11.0812829634622,3.06161933824958,0.00148505161720418,-0.533818561602168,0.692304205399393,0.898882532140972,6,2,100,0.128923194576792,-0.0838759804360953,26,5.25041589338471,1,-31.1433,256,0.2,0.2,20,"both",0.128923194576792,-0.0838759804360953
"2532","session2",-19.7855829450848,11.0812829634622,3.06161933824958,0.00148505161720418,-0.533818561602168,0.692304205399393,0.898882532140972,6,2,100,0.128923194576792,-0.0838759804360953,26,2.82885169446088,1,-6.8101,256,0.2,0.2,20,"both",0.128923194576792,-0.0838759804360953
"2533","session2",-19.7855829450848,11.0812829634622,3.06161933824958,0.00148505161720418,-0.533818561602168,0.692304205399393,0.898882532140972,6,2,100,0.128923194576792,-0.0838759804360953,26,1.24144461629317,1,-34.5722,256,0.2,0.2,20,"both",0.128923194576792,-0.0838759804360953
"2534","session2",-19.7855829450848,11.0812829634622,3.06161933824958,0.00148505161720418,-0.533818561602168,0.692304205399393,0.898882532140972,6,2,100,0.128923194576792,-0.0838759804360953,26,1.49157276136091,1,13.8371,256,0.2,0.2,20,"both",0.128923194576792,-0.0838759804360953
"2535","session2",-19.7855829450848,11.0812829634622,3.06161933824958,0.00148505161720418,-0.533818561602168,0.692304205399393,0.898882532140972,6,2,100,0.128923194576792,-0.0838759804360953,26,1.96092299589284,0,-46.6798,256,0.2,0.2,20,"both",0.128923194576792,-0.0838759804360953
"2536","session2",-19.7855829450848,11.0812829634622,3.06161933824958,0.00148505161720418,-0.533818561602168,0.692304205399393,0.898882532140972,6,2,100,0.128923194576792,-0.0838759804360953,26,1.3852224798756,1,-34.1428,256,0.2,0.2,20,"both",0.128923194576792,-0.0838759804360953
"2537","session2",-19.7855829450848,11.0812829634622,3.06161933824958,0.00148505161720418,-0.533818561602168,0.692304205399393,0.898882532140972,6,2,100,0.128923194576792,-0.0838759804360953,26,1.28781612526602,1,-14.5898,256,0.2,0.2,20,"both",0.128923194576792,-0.0838759804360953
"2538","session2",-19.7855829450848,11.0812829634622,3.06161933824958,0.00148505161720418,-0.533818561602168,0.692304205399393,0.898882532140972,6,2,100,0.128923194576792,-0.0838759804360953,26,2.15554031048537,1,-22.40544847,256,0.2,0.2,20,"both",0.128923194576792,-0.0838759804360953
"2539","session2",-19.7855829450848,11.0812829634622,3.06161933824958,0.00148505161720418,-0.533818561602168,0.692304205399393,0.898882532140972,6,2,100,0.128923194576792,-0.0838759804360953,26,2.3055159851019,0,-17.33134,256,0.2,0.2,20,"both",0.128923194576792,-0.0838759804360953
"2540","session2",-19.7855829450848,11.0812829634622,3.06161933824958,0.00148505161720418,-0.533818561602168,0.692304205399393,0.898882532140972,6,2,100,0.128923194576792,-0.0838759804360953,26,2.74162538448061,0,-13.884,256,0.2,0.2,20,"both",0.128923194576792,-0.0838759804360953
"2541","session2",-19.7855829450848,11.0812829634622,3.06161933824958,0.00148505161720418,-0.533818561602168,0.692304205399393,0.898882532140972,6,2,100,0.128923194576792,-0.0838759804360953,26,1.34614920078151,0,-21.47803075,256,0.2,0.2,20,"both",0.128923194576792,-0.0838759804360953
"2542","session2",-19.7855829450848,11.0812829634622,3.06161933824958,0.00148505161720418,-0.533818561602168,0.692304205399393,0.898882532140972,6,2,100,0.128923194576792,-0.0838759804360953,26,1.12118422921373,1,37.1997,256,0.2,0.2,20,"both",0.128923194576792,-0.0838759804360953
"2543","session2",-19.7855829450848,11.0812829634622,3.06161933824958,0.00148505161720418,-0.533818561602168,0.692304205399393,0.898882532140972,6,2,100,0.128923194576792,-0.0838759804360953,26,1.44776362356661,1,12.3517,256,0.2,0.2,20,"both",0.128923194576792,-0.0838759804360953
"2544","session2",-19.7855829450848,11.0812829634622,3.06161933824958,0.00148505161720418,-0.533818561602168,0.692304205399393,0.898882532140972,6,2,100,0.128923194576792,-0.0838759804360953,26,1.42849812667689,1,-19.81691755,256,0.2,0.2,20,"both",0.128923194576792,-0.0838759804360953
"2545","session2",-19.7855829450848,11.0812829634622,3.06161933824958,0.00148505161720418,-0.533818561602168,0.692304205399393,0.898882532140972,6,2,100,0.128923194576792,-0.0838759804360953,26,1.44217717022125,0,-32.5179,256,0.2,0.2,20,"both",0.128923194576792,-0.0838759804360953
"2546","session2",-19.7855829450848,11.0812829634622,3.06161933824958,0.00148505161720418,-0.533818561602168,0.692304205399393,0.898882532140972,6,2,100,0.128923194576792,-0.0838759804360953,26,1.30177052921815,0,-45.2734,256,0.2,0.2,20,"both",0.128923194576792,-0.0838759804360953
"2547","session2",-19.7855829450848,11.0812829634622,3.06161933824958,0.00148505161720418,-0.533818561602168,0.692304205399393,0.898882532140972,6,2,100,0.128923194576792,-0.0838759804360953,26,6.71431902107158,1,-29.8982,256,0.2,0.2,20,"both",0.128923194576792,-0.0838759804360953
"2548","session2",-19.7855829450848,11.0812829634622,3.06161933824958,0.00148505161720418,-0.533818561602168,0.692304205399393,0.898882532140972,6,2,100,0.128923194576792,-0.0838759804360953,26,1.2706372817188,1,-12.2801,256,0.2,0.2,20,"both",0.128923194576792,-0.0838759804360953
"2549","session2",-19.7855829450848,11.0812829634622,3.06161933824958,0.00148505161720418,-0.533818561602168,0.692304205399393,0.898882532140972,6,2,100,0.128923194576792,-0.0838759804360953,26,1.74752519991466,0,-23.12234,256,0.2,0.2,20,"both",0.128923194576792,-0.0838759804360953
"2550","session2",-19.7855829450848,11.0812829634622,3.06161933824958,0.00148505161720418,-0.533818561602168,0.692304205399393,0.898882532140972,6,2,100,0.128923194576792,-0.0838759804360953,26,1.93374565619319,0,-34.4158,256,0.2,0.2,20,"both",0.128923194576792,-0.0838759804360953
"2551","session2",-19.7855829450848,11.0812829634622,3.06161933824958,0.00148505161720418,-0.533818561602168,0.692304205399393,0.898882532140972,6,2,100,0.128923194576792,-0.0838759804360953,26,1.74619232757432,1,-30.2017,256,0.2,0.2,20,"both",0.128923194576792,-0.0838759804360953
"2552","session2",-19.7855829450848,11.0812829634622,3.06161933824958,0.00148505161720418,-0.533818561602168,0.692304205399393,0.898882532140972,6,2,100,0.128923194576792,-0.0838759804360953,26,2.0356569247797,1,-21.85375127,256,0.2,0.2,20,"both",0.128923194576792,-0.0838759804360953
"2553","session2",-19.7855829450848,11.0812829634622,3.06161933824958,0.00148505161720418,-0.533818561602168,0.692304205399393,0.898882532140972,6,2,100,0.128923194576792,-0.0838759804360953,26,1.61691311357292,0,-22.29318693,256,0.2,0.2,20,"both",0.128923194576792,-0.0838759804360953
"2554","session2",-19.7855829450848,11.0812829634622,3.06161933824958,0.00148505161720418,-0.533818561602168,0.692304205399393,0.898882532140972,6,2,100,0.128923194576792,-0.0838759804360953,26,1.3291696726235,0,-42.884,256,0.2,0.2,20,"both",0.128923194576792,-0.0838759804360953
"2555","session2",-19.7855829450848,11.0812829634622,3.06161933824958,0.00148505161720418,-0.533818561602168,0.692304205399393,0.898882532140972,6,2,100,0.128923194576792,-0.0838759804360953,26,1.27770332622812,1,21.901,256,0.2,0.2,20,"both",0.128923194576792,-0.0838759804360953
"2556","session2",-19.7855829450848,11.0812829634622,3.06161933824958,0.00148505161720418,-0.533818561602168,0.692304205399393,0.898882532140972,6,2,100,0.128923194576792,-0.0838759804360953,26,1.47180225333222,1,33.4885,256,0.2,0.2,20,"both",0.128923194576792,-0.0838759804360953
"2557","session2",-19.7855829450848,11.0812829634622,3.06161933824958,0.00148505161720418,-0.533818561602168,0.692304205399393,0.898882532140972,6,2,100,0.128923194576792,-0.0838759804360953,26,2.50474187862638,1,-8.2664,256,0.2,0.2,20,"both",0.128923194576792,-0.0838759804360953
"2558","session2",-19.7855829450848,11.0812829634622,3.06161933824958,0.00148505161720418,-0.533818561602168,0.692304205399393,0.898882532140972,6,2,100,0.128923194576792,-0.0838759804360953,26,1.3074936447584,1,1.7321,256,0.2,0.2,20,"both",0.128923194576792,-0.0838759804360953
"2559","session2",-19.7855829450848,11.0812829634622,3.06161933824958,0.00148505161720418,-0.533818561602168,0.692304205399393,0.898882532140972,6,2,100,0.128923194576792,-0.0838759804360953,26,1.33655604243767,1,-14.5629,256,0.2,0.2,20,"both",0.128923194576792,-0.0838759804360953
"2560","session2",-19.7855829450848,11.0812829634622,3.06161933824958,0.00148505161720418,-0.533818561602168,0.692304205399393,0.898882532140972,6,2,100,0.128923194576792,-0.0838759804360953,26,2.26351008347953,1,-18.0855,256,0.2,0.2,20,"both",0.128923194576792,-0.0838759804360953
"2561","session2",-19.7855829450848,11.0812829634622,3.06161933824958,0.00148505161720418,-0.533818561602168,0.692304205399393,0.898882532140972,6,2,100,0.128923194576792,-0.0838759804360953,26,3.47504713783335,1,-7.738,256,0.2,0.2,20,"both",0.128923194576792,-0.0838759804360953
"2562","session2",-19.7855829450848,11.0812829634622,3.06161933824958,0.00148505161720418,-0.533818561602168,0.692304205399393,0.898882532140972,6,2,100,0.128923194576792,-0.0838759804360953,26,2.52122446590352,0,-26.75086,256,0.2,0.2,20,"both",0.128923194576792,-0.0838759804360953
"2563","session2",-19.7855829450848,11.0812829634622,3.06161933824958,0.00148505161720418,-0.533818561602168,0.692304205399393,0.898882532140972,6,2,100,0.128923194576792,-0.0838759804360953,26,1.18477904948145,0,-45.0188,256,0.2,0.2,20,"both",0.128923194576792,-0.0838759804360953
"2564","session2",-19.7855829450848,11.0812829634622,3.06161933824958,0.00148505161720418,-0.533818561602168,0.692304205399393,0.898882532140972,6,2,100,0.128923194576792,-0.0838759804360953,26,1.44351832736699,1,-6.2979,256,0.2,0.2,20,"both",0.128923194576792,-0.0838759804360953
"2565","session2",-19.7855829450848,11.0812829634622,3.06161933824958,0.00148505161720418,-0.533818561602168,0.692304205399393,0.898882532140972,6,2,100,0.128923194576792,-0.0838759804360953,26,1.45831075903007,1,-4.9807,256,0.2,0.2,20,"both",0.128923194576792,-0.0838759804360953
"2566","session2",-19.7855829450848,11.0812829634622,3.06161933824958,0.00148505161720418,-0.533818561602168,0.692304205399393,0.898882532140972,6,2,100,0.128923194576792,-0.0838759804360953,26,2.20486044769021,0,-40.604,256,0.2,0.2,20,"both",0.128923194576792,-0.0838759804360953
"2567","session2",-19.7855829450848,11.0812829634622,3.06161933824958,0.00148505161720418,-0.533818561602168,0.692304205399393,0.898882532140972,6,2,100,0.128923194576792,-0.0838759804360953,26,2.29351688632951,1,6.2055,256,0.2,0.2,20,"both",0.128923194576792,-0.0838759804360953
"2568","session2",-19.7855829450848,11.0812829634622,3.06161933824958,0.00148505161720418,-0.533818561602168,0.692304205399393,0.898882532140972,6,2,100,0.128923194576792,-0.0838759804360953,26,1.36399065482636,1,-0.5305,256,0.2,0.2,20,"both",0.128923194576792,-0.0838759804360953
"2569","session2",-19.7855829450848,11.0812829634622,3.06161933824958,0.00148505161720418,-0.533818561602168,0.692304205399393,0.898882532140972,6,2,100,0.128923194576792,-0.0838759804360953,26,1.82860185080393,0,-39.6954,256,0.2,0.2,20,"both",0.128923194576792,-0.0838759804360953
"2570","session2",-19.7855829450848,11.0812829634622,3.06161933824958,0.00148505161720418,-0.533818561602168,0.692304205399393,0.898882532140972,6,2,100,0.128923194576792,-0.0838759804360953,26,2.040653634683,0,-41.1238,256,0.2,0.2,20,"both",0.128923194576792,-0.0838759804360953
"2571","session2",-19.7855829450848,11.0812829634622,3.06161933824958,0.00148505161720418,-0.533818561602168,0.692304205399393,0.898882532140972,6,2,100,0.128923194576792,-0.0838759804360953,26,1.8347510885173,0,-38.2895,256,0.2,0.2,20,"both",0.128923194576792,-0.0838759804360953
"2572","session2",-19.7855829450848,11.0812829634622,3.06161933824958,0.00148505161720418,-0.533818561602168,0.692304205399393,0.898882532140972,6,2,100,0.128923194576792,-0.0838759804360953,26,4.48870717752991,0,-20.21672,256,0.2,0.2,20,"both",0.128923194576792,-0.0838759804360953
"2573","session2",-19.7855829450848,11.0812829634622,3.06161933824958,0.00148505161720418,-0.533818561602168,0.692304205399393,0.898882532140972,6,2,100,0.128923194576792,-0.0838759804360953,26,1.50304534971696,0,0.966099999999997,256,0.2,0.2,20,"both",0.128923194576792,-0.0838759804360953
"2574","session2",-19.7855829450848,11.0812829634622,3.06161933824958,0.00148505161720418,-0.533818561602168,0.692304205399393,0.898882532140972,6,2,100,0.128923194576792,-0.0838759804360953,26,1.33558521143382,0,-36.9269,256,0.2,0.2,20,"both",0.128923194576792,-0.0838759804360953
"2575","session2",-19.7855829450848,11.0812829634622,3.06161933824958,0.00148505161720418,-0.533818561602168,0.692304205399393,0.898882532140972,6,2,100,0.128923194576792,-0.0838759804360953,26,1.80807684368628,1,1.7106,256,0.2,0.2,20,"both",0.128923194576792,-0.0838759804360953
"2576","session2",-19.7855829450848,11.0812829634622,3.06161933824958,0.00148505161720418,-0.533818561602168,0.692304205399393,0.898882532140972,6,2,100,0.128923194576792,-0.0838759804360953,26,4.17188155951288,0,-21.06431436,256,0.2,0.2,20,"both",0.128923194576792,-0.0838759804360953
"2577","session2",-19.7855829450848,11.0812829634622,3.06161933824958,0.00148505161720418,-0.533818561602168,0.692304205399393,0.898882532140972,6,2,100,0.128923194576792,-0.0838759804360953,26,2.89831658297963,0,-27.1408,256,0.2,0.2,20,"both",0.128923194576792,-0.0838759804360953
"2578","session2",-19.7855829450848,11.0812829634622,3.06161933824958,0.00148505161720418,-0.533818561602168,0.692304205399393,0.898882532140972,6,2,100,0.128923194576792,-0.0838759804360953,26,1.39771036106015,1,-9.5175,256,0.2,0.2,20,"both",0.128923194576792,-0.0838759804360953
"2579","session2",-19.7855829450848,11.0812829634622,3.06161933824958,0.00148505161720418,-0.533818561602168,0.692304205399393,0.898882532140972,6,2,100,0.128923194576792,-0.0838759804360953,26,1.39273312143926,1,-2.5635,256,0.2,0.2,20,"both",0.128923194576792,-0.0838759804360953
"2580","session2",-19.7855829450848,11.0812829634622,3.06161933824958,0.00148505161720418,-0.533818561602168,0.692304205399393,0.898882532140972,6,2,100,0.128923194576792,-0.0838759804360953,26,1.2860926470669,0,-31.55424,256,0.2,0.2,20,"both",0.128923194576792,-0.0838759804360953
"2581","session2",-19.7855829450848,11.0812829634622,3.06161933824958,0.00148505161720418,-0.533818561602168,0.692304205399393,0.898882532140972,6,2,100,0.128923194576792,-0.0838759804360953,26,1.35674604606875,1,-8.0645,256,0.2,0.2,20,"both",0.128923194576792,-0.0838759804360953
"2582","session2",-19.7855829450848,11.0812829634622,3.06161933824958,0.00148505161720418,-0.533818561602168,0.692304205399393,0.898882532140972,6,2,100,0.128923194576792,-0.0838759804360953,26,1.93546953246708,0,-34.6765,256,0.2,0.2,20,"both",0.128923194576792,-0.0838759804360953
"2583","session2",-19.7855829450848,11.0812829634622,3.06161933824958,0.00148505161720418,-0.533818561602168,0.692304205399393,0.898882532140972,6,2,100,0.128923194576792,-0.0838759804360953,26,1.91345116565256,0,-43.1507,256,0.2,0.2,20,"both",0.128923194576792,-0.0838759804360953
"2584","session2",-19.7855829450848,11.0812829634622,3.06161933824958,0.00148505161720418,-0.533818561602168,0.692304205399393,0.898882532140972,6,2,100,0.128923194576792,-0.0838759804360953,26,1.13153917014829,0,-37.4435,256,0.2,0.2,20,"both",0.128923194576792,-0.0838759804360953
"2585","session2",-19.7855829450848,11.0812829634622,3.06161933824958,0.00148505161720418,-0.533818561602168,0.692304205399393,0.898882532140972,6,2,100,0.128923194576792,-0.0838759804360953,26,1.20218577631743,1,-3.3655,256,0.2,0.2,20,"both",0.128923194576792,-0.0838759804360953
"2586","session2",-19.7855829450848,11.0812829634622,3.06161933824958,0.00148505161720418,-0.533818561602168,0.692304205399393,0.898882532140972,6,2,100,0.128923194576792,-0.0838759804360953,26,1.43866174974891,0,-30.8123,256,0.2,0.2,20,"both",0.128923194576792,-0.0838759804360953
"2587","session2",-19.7855829450848,11.0812829634622,3.06161933824958,0.00148505161720418,-0.533818561602168,0.692304205399393,0.898882532140972,6,2,100,0.128923194576792,-0.0838759804360953,26,1.71002610229619,0,-36.5485,256,0.2,0.2,20,"both",0.128923194576792,-0.0838759804360953
"2588","session2",-19.7855829450848,11.0812829634622,3.06161933824958,0.00148505161720418,-0.533818561602168,0.692304205399393,0.898882532140972,6,2,100,0.128923194576792,-0.0838759804360953,26,2.07880817720635,0,-33.8876,256,0.2,0.2,20,"both",0.128923194576792,-0.0838759804360953
"2589","session2",-19.7855829450848,11.0812829634622,3.06161933824958,0.00148505161720418,-0.533818561602168,0.692304205399393,0.898882532140972,6,2,100,0.128923194576792,-0.0838759804360953,26,2.00674397516739,0,-35.3413,256,0.2,0.2,20,"both",0.128923194576792,-0.0838759804360953
"2590","session2",-19.7855829450848,11.0812829634622,3.06161933824958,0.00148505161720418,-0.533818561602168,0.692304205399393,0.898882532140972,6,2,100,0.128923194576792,-0.0838759804360953,26,1.55917193405827,0,-12.0095,256,0.2,0.2,20,"both",0.128923194576792,-0.0838759804360953
"2591","session2",-19.7855829450848,11.0812829634622,3.06161933824958,0.00148505161720418,-0.533818561602168,0.692304205399393,0.898882532140972,6,2,100,0.128923194576792,-0.0838759804360953,26,1.46742636139358,0,-35.4947,256,0.2,0.2,20,"both",0.128923194576792,-0.0838759804360953
"2592","session2",-19.7855829450848,11.0812829634622,3.06161933824958,0.00148505161720418,-0.533818561602168,0.692304205399393,0.898882532140972,6,2,100,0.128923194576792,-0.0838759804360953,26,1.50360906508207,0,-32.7554,256,0.2,0.2,20,"both",0.128923194576792,-0.0838759804360953
"2593","session2",-19.7855829450848,11.0812829634622,3.06161933824958,0.00148505161720418,-0.533818561602168,0.692304205399393,0.898882532140972,6,2,100,0.128923194576792,-0.0838759804360953,26,1.52730624053814,0,-30.721,256,0.2,0.2,20,"both",0.128923194576792,-0.0838759804360953
"2594","session2",-19.7855829450848,11.0812829634622,3.06161933824958,0.00148505161720418,-0.533818561602168,0.692304205399393,0.898882532140972,6,2,100,0.128923194576792,-0.0838759804360953,26,1.40718282427804,0,-30.4654,256,0.2,0.2,20,"both",0.128923194576792,-0.0838759804360953
"2595","session2",-19.7855829450848,11.0812829634622,3.06161933824958,0.00148505161720418,-0.533818561602168,0.692304205399393,0.898882532140972,6,2,100,0.128923194576792,-0.0838759804360953,26,2.45769258872537,0,-36.6987,256,0.2,0.2,20,"both",0.128923194576792,-0.0838759804360953
"2596","session2",-19.7855829450848,11.0812829634622,3.06161933824958,0.00148505161720418,-0.533818561602168,0.692304205399393,0.898882532140972,6,2,100,0.128923194576792,-0.0838759804360953,26,1.30561341865684,0,-37.1857,256,0.2,0.2,20,"both",0.128923194576792,-0.0838759804360953
"2597","session2",-19.7855829450848,11.0812829634622,3.06161933824958,0.00148505161720418,-0.533818561602168,0.692304205399393,0.898882532140972,6,2,100,0.128923194576792,-0.0838759804360953,26,2.06438409366708,1,-4.681,256,0.2,0.2,20,"both",0.128923194576792,-0.0838759804360953
"2598","session2",-19.7855829450848,11.0812829634622,3.06161933824958,0.00148505161720418,-0.533818561602168,0.692304205399393,0.898882532140972,6,2,100,0.128923194576792,-0.0838759804360953,26,1.43727953623752,1,-4.5642,256,0.2,0.2,20,"both",0.128923194576792,-0.0838759804360953
"2599","session2",-19.7855829450848,11.0812829634622,3.06161933824958,0.00148505161720418,-0.533818561602168,0.692304205399393,0.898882532140972,6,2,100,0.128923194576792,-0.0838759804360953,26,1.30668657884298,1,-36.8397,256,0.2,0.2,20,"both",0.128923194576792,-0.0838759804360953
"2600","session2",-19.7855829450848,11.0812829634622,3.06161933824958,0.00148505161720418,-0.533818561602168,0.692304205399393,0.898882532140972,6,2,100,0.128923194576792,-0.0838759804360953,26,1.64105148921203,1,-28.1073,256,0.2,0.2,20,"both",0.128923194576792,-0.0838759804360953
"2601","session2",-6.0841366323258,17.0122367367379,2.20950008576439,0.000376902316838389,0.389934806236475,0.343033780556423,0.39721234035131,7,2,100,0.128923194576792,-0.0838759804360953,27,1.60459550519013,1,10.0193536347,256,0.2,0.2,20,"both",0.128923194576792,-0.0838759804360953
"2602","session2",-6.0841366323258,17.0122367367379,2.20950008576439,0.000376902316838389,0.389934806236475,0.343033780556423,0.39721234035131,7,2,100,0.128923194576792,-0.0838759804360953,27,4.04038776232541,0,-4.5624080408,256,0.2,0.2,20,"both",0.128923194576792,-0.0838759804360953
"2603","session2",-6.0841366323258,17.0122367367379,2.20950008576439,0.000376902316838389,0.389934806236475,0.343033780556423,0.39721234035131,7,2,100,0.128923194576792,-0.0838759804360953,27,2.79837395452454,1,5.4656606288,256,0.2,0.2,20,"both",0.128923194576792,-0.0838759804360953
"2604","session2",-6.0841366323258,17.0122367367379,2.20950008576439,0.000376902316838389,0.389934806236475,0.343033780556423,0.39721234035131,7,2,100,0.128923194576792,-0.0838759804360953,27,3.45164256662705,1,-0.86060352824,256,0.2,0.2,20,"both",0.128923194576792,-0.0838759804360953
"2605","session2",-6.0841366323258,17.0122367367379,2.20950008576439,0.000376902316838389,0.389934806236475,0.343033780556423,0.39721234035131,7,2,100,0.128923194576792,-0.0838759804360953,27,2.72071079840813,0,-7.05044,256,0.2,0.2,20,"both",0.128923194576792,-0.0838759804360953
"2606","session2",-6.0841366323258,17.0122367367379,2.20950008576439,0.000376902316838389,0.389934806236475,0.343033780556423,0.39721234035131,7,2,100,0.128923194576792,-0.0838759804360953,27,1.96562697016211,1,12.23836,256,0.2,0.2,20,"both",0.128923194576792,-0.0838759804360953
"2607","session2",-6.0841366323258,17.0122367367379,2.20950008576439,0.000376902316838389,0.389934806236475,0.343033780556423,0.39721234035131,7,2,100,0.128923194576792,-0.0838759804360953,27,1.25032704405232,1,24.0731,256,0.2,0.2,20,"both",0.128923194576792,-0.0838759804360953
"2608","session2",-6.0841366323258,17.0122367367379,2.20950008576439,0.000376902316838389,0.389934806236475,0.343033780556423,0.39721234035131,7,2,100,0.128923194576792,-0.0838759804360953,27,2.49387624781155,0,6.053494,256,0.2,0.2,20,"both",0.128923194576792,-0.0838759804360953
"2609","session2",-6.0841366323258,17.0122367367379,2.20950008576439,0.000376902316838389,0.389934806236475,0.343033780556423,0.39721234035131,7,2,100,0.128923194576792,-0.0838759804360953,27,2.10267332919803,0,-2.56791,256,0.2,0.2,20,"both",0.128923194576792,-0.0838759804360953
"2610","session2",-6.0841366323258,17.0122367367379,2.20950008576439,0.000376902316838389,0.389934806236475,0.343033780556423,0.39721234035131,7,2,100,0.128923194576792,-0.0838759804360953,27,2.61453526074263,1,-4.98262,256,0.2,0.2,20,"both",0.128923194576792,-0.0838759804360953
"2611","session2",-6.0841366323258,17.0122367367379,2.20950008576439,0.000376902316838389,0.389934806236475,0.343033780556423,0.39721234035131,7,2,100,0.128923194576792,-0.0838759804360953,27,2.85920974774954,1,11.76676,256,0.2,0.2,20,"both",0.128923194576792,-0.0838759804360953
"2612","session2",-6.0841366323258,17.0122367367379,2.20950008576439,0.000376902316838389,0.389934806236475,0.343033780556423,0.39721234035131,7,2,100,0.128923194576792,-0.0838759804360953,27,2.69593800370103,1,19.43556,256,0.2,0.2,20,"both",0.128923194576792,-0.0838759804360953
"2613","session2",-6.0841366323258,17.0122367367379,2.20950008576439,0.000376902316838389,0.389934806236475,0.343033780556423,0.39721234035131,7,2,100,0.128923194576792,-0.0838759804360953,27,2.66503492407845,0,-14.38325,256,0.2,0.2,20,"both",0.128923194576792,-0.0838759804360953
"2614","session2",-6.0841366323258,17.0122367367379,2.20950008576439,0.000376902316838389,0.389934806236475,0.343033780556423,0.39721234035131,7,2,100,0.128923194576792,-0.0838759804360953,27,3.35089941479356,1,5.41291,256,0.2,0.2,20,"both",0.128923194576792,-0.0838759804360953
"2615","session2",-6.0841366323258,17.0122367367379,2.20950008576439,0.000376902316838389,0.389934806236475,0.343033780556423,0.39721234035131,7,2,100,0.128923194576792,-0.0838759804360953,27,3.64628240898612,1,-1.80659140938,256,0.2,0.2,20,"both",0.128923194576792,-0.0838759804360953
"2616","session2",-6.0841366323258,17.0122367367379,2.20950008576439,0.000376902316838389,0.389934806236475,0.343033780556423,0.39721234035131,7,2,100,0.128923194576792,-0.0838759804360953,27,1.68971233928288,0,-15.44569,256,0.2,0.2,20,"both",0.128923194576792,-0.0838759804360953
"2617","session2",-6.0841366323258,17.0122367367379,2.20950008576439,0.000376902316838389,0.389934806236475,0.343033780556423,0.39721234035131,7,2,100,0.128923194576792,-0.0838759804360953,27,1.67229739322151,1,-22.52753,256,0.2,0.2,20,"both",0.128923194576792,-0.0838759804360953
"2618","session2",-6.0841366323258,17.0122367367379,2.20950008576439,0.000376902316838389,0.389934806236475,0.343033780556423,0.39721234035131,7,2,100,0.128923194576792,-0.0838759804360953,27,2.18064140220778,1,-5.04542267555,256,0.2,0.2,20,"both",0.128923194576792,-0.0838759804360953
"2619","session2",-6.0841366323258,17.0122367367379,2.20950008576439,0.000376902316838389,0.389934806236475,0.343033780556423,0.39721234035131,7,2,100,0.128923194576792,-0.0838759804360953,27,2.56611381847761,0,-29.70349,256,0.2,0.2,20,"both",0.128923194576792,-0.0838759804360953
"2620","session2",-6.0841366323258,17.0122367367379,2.20950008576439,0.000376902316838389,0.389934806236475,0.343033780556423,0.39721234035131,7,2,100,0.128923194576792,-0.0838759804360953,27,1.95187641996198,0,-10.18533,256,0.2,0.2,20,"both",0.128923194576792,-0.0838759804360953
"2621","session2",-6.0841366323258,17.0122367367379,2.20950008576439,0.000376902316838389,0.389934806236475,0.343033780556423,0.39721234035131,7,2,100,0.128923194576792,-0.0838759804360953,27,2.97230781964401,1,-7.80476,256,0.2,0.2,20,"both",0.128923194576792,-0.0838759804360953
"2622","session2",-6.0841366323258,17.0122367367379,2.20950008576439,0.000376902316838389,0.389934806236475,0.343033780556423,0.39721234035131,7,2,100,0.128923194576792,-0.0838759804360953,27,2.2005348308156,1,-18.53604,256,0.2,0.2,20,"both",0.128923194576792,-0.0838759804360953
"2623","session2",-6.0841366323258,17.0122367367379,2.20950008576439,0.000376902316838389,0.389934806236475,0.343033780556423,0.39721234035131,7,2,100,0.128923194576792,-0.0838759804360953,27,1.41693868337826,0,-42.67041,256,0.2,0.2,20,"both",0.128923194576792,-0.0838759804360953
"2624","session2",-6.0841366323258,17.0122367367379,2.20950008576439,0.000376902316838389,0.389934806236475,0.343033780556423,0.39721234035131,7,2,100,0.128923194576792,-0.0838759804360953,27,1.94022777921751,1,5.106,256,0.2,0.2,20,"both",0.128923194576792,-0.0838759804360953
"2625","session2",-6.0841366323258,17.0122367367379,2.20950008576439,0.000376902316838389,0.389934806236475,0.343033780556423,0.39721234035131,7,2,100,0.128923194576792,-0.0838759804360953,27,2.72533186404353,1,11.0275,256,0.2,0.2,20,"both",0.128923194576792,-0.0838759804360953
"2626","session2",-6.0841366323258,17.0122367367379,2.20950008576439,0.000376902316838389,0.389934806236475,0.343033780556423,0.39721234035131,7,2,100,0.128923194576792,-0.0838759804360953,27,2.15838001371292,0,-13.35269,256,0.2,0.2,20,"both",0.128923194576792,-0.0838759804360953
"2627","session2",-6.0841366323258,17.0122367367379,2.20950008576439,0.000376902316838389,0.389934806236475,0.343033780556423,0.39721234035131,7,2,100,0.128923194576792,-0.0838759804360953,27,3.93406079613733,1,-12.69372,256,0.2,0.2,20,"both",0.128923194576792,-0.0838759804360953
"2628","session2",-6.0841366323258,17.0122367367379,2.20950008576439,0.000376902316838389,0.389934806236475,0.343033780556423,0.39721234035131,7,2,100,0.128923194576792,-0.0838759804360953,27,1.76231210646973,0,-21.69277,256,0.2,0.2,20,"both",0.128923194576792,-0.0838759804360953
"2629","session2",-6.0841366323258,17.0122367367379,2.20950008576439,0.000376902316838389,0.389934806236475,0.343033780556423,0.39721234035131,7,2,100,0.128923194576792,-0.0838759804360953,27,2.33056493285471,0,-21.98973,256,0.2,0.2,20,"both",0.128923194576792,-0.0838759804360953
"2630","session2",-6.0841366323258,17.0122367367379,2.20950008576439,0.000376902316838389,0.389934806236475,0.343033780556423,0.39721234035131,7,2,100,0.128923194576792,-0.0838759804360953,27,2.54190415371074,0,-3.05461,256,0.2,0.2,20,"both",0.128923194576792,-0.0838759804360953
"2631","session2",-6.0841366323258,17.0122367367379,2.20950008576439,0.000376902316838389,0.389934806236475,0.343033780556423,0.39721234035131,7,2,100,0.128923194576792,-0.0838759804360953,27,4.95098791282833,0,-44.85997,256,0.2,0.2,20,"both",0.128923194576792,-0.0838759804360953
"2632","session2",-6.0841366323258,17.0122367367379,2.20950008576439,0.000376902316838389,0.389934806236475,0.343033780556423,0.39721234035131,7,2,100,0.128923194576792,-0.0838759804360953,27,1.91630377347425,0,-28.0075,256,0.2,0.2,20,"both",0.128923194576792,-0.0838759804360953
"2633","session2",-6.0841366323258,17.0122367367379,2.20950008576439,0.000376902316838389,0.389934806236475,0.343033780556423,0.39721234035131,7,2,100,0.128923194576792,-0.0838759804360953,27,1.56533959551912,0,-40.2247,256,0.2,0.2,20,"both",0.128923194576792,-0.0838759804360953
"2634","session2",-6.0841366323258,17.0122367367379,2.20950008576439,0.000376902316838389,0.389934806236475,0.343033780556423,0.39721234035131,7,2,100,0.128923194576792,-0.0838759804360953,27,2.37095414638804,0,-13.38465,256,0.2,0.2,20,"both",0.128923194576792,-0.0838759804360953
"2635","session2",-6.0841366323258,17.0122367367379,2.20950008576439,0.000376902316838389,0.389934806236475,0.343033780556423,0.39721234035131,7,2,100,0.128923194576792,-0.0838759804360953,27,2.86145108908273,1,2.68908,256,0.2,0.2,20,"both",0.128923194576792,-0.0838759804360953
"2636","session2",-6.0841366323258,17.0122367367379,2.20950008576439,0.000376902316838389,0.389934806236475,0.343033780556423,0.39721234035131,7,2,100,0.128923194576792,-0.0838759804360953,27,1.40873489196437,0,-27.9887,256,0.2,0.2,20,"both",0.128923194576792,-0.0838759804360953
"2637","session2",-6.0841366323258,17.0122367367379,2.20950008576439,0.000376902316838389,0.389934806236475,0.343033780556423,0.39721234035131,7,2,100,0.128923194576792,-0.0838759804360953,27,2.8945218370568,0,-17.41555,256,0.2,0.2,20,"both",0.128923194576792,-0.0838759804360953
"2638","session2",-6.0841366323258,17.0122367367379,2.20950008576439,0.000376902316838389,0.389934806236475,0.343033780556423,0.39721234035131,7,2,100,0.128923194576792,-0.0838759804360953,27,2.70381978437924,1,-0.0847600000000002,256,0.2,0.2,20,"both",0.128923194576792,-0.0838759804360953
"2639","session2",-6.0841366323258,17.0122367367379,2.20950008576439,0.000376902316838389,0.389934806236475,0.343033780556423,0.39721234035131,7,2,100,0.128923194576792,-0.0838759804360953,27,2.28122870324635,0,-31.12695,256,0.2,0.2,20,"both",0.128923194576792,-0.0838759804360953
"2640","session2",-6.0841366323258,17.0122367367379,2.20950008576439,0.000376902316838389,0.389934806236475,0.343033780556423,0.39721234035131,7,2,100,0.128923194576792,-0.0838759804360953,27,3.84750290566132,0,-0.157499999999999,256,0.2,0.2,20,"both",0.128923194576792,-0.0838759804360953
"2641","session2",-6.0841366323258,17.0122367367379,2.20950008576439,0.000376902316838389,0.389934806236475,0.343033780556423,0.39721234035131,7,2,100,0.128923194576792,-0.0838759804360953,27,2.82283791521725,1,5.25115,256,0.2,0.2,20,"both",0.128923194576792,-0.0838759804360953
"2642","session2",-6.0841366323258,17.0122367367379,2.20950008576439,0.000376902316838389,0.389934806236475,0.343033780556423,0.39721234035131,7,2,100,0.128923194576792,-0.0838759804360953,27,3.32926233781268,1,1.18311,256,0.2,0.2,20,"both",0.128923194576792,-0.0838759804360953
"2643","session2",-6.0841366323258,17.0122367367379,2.20950008576439,0.000376902316838389,0.389934806236475,0.343033780556423,0.39721234035131,7,2,100,0.128923194576792,-0.0838759804360953,27,3.05831881562473,0,-11.25543,256,0.2,0.2,20,"both",0.128923194576792,-0.0838759804360953
"2644","session2",-6.0841366323258,17.0122367367379,2.20950008576439,0.000376902316838389,0.389934806236475,0.343033780556423,0.39721234035131,7,2,100,0.128923194576792,-0.0838759804360953,27,2.47448470172364,0,-21.56056,256,0.2,0.2,20,"both",0.128923194576792,-0.0838759804360953
"2645","session2",-6.0841366323258,17.0122367367379,2.20950008576439,0.000376902316838389,0.389934806236475,0.343033780556423,0.39721234035131,7,2,100,0.128923194576792,-0.0838759804360953,27,3.09604180732524,0,-19.29638,256,0.2,0.2,20,"both",0.128923194576792,-0.0838759804360953
"2646","session2",-6.0841366323258,17.0122367367379,2.20950008576439,0.000376902316838389,0.389934806236475,0.343033780556423,0.39721234035131,7,2,100,0.128923194576792,-0.0838759804360953,27,3.13661081387392,1,-17.37144,256,0.2,0.2,20,"both",0.128923194576792,-0.0838759804360953
"2647","session2",-6.0841366323258,17.0122367367379,2.20950008576439,0.000376902316838389,0.389934806236475,0.343033780556423,0.39721234035131,7,2,100,0.128923194576792,-0.0838759804360953,27,1.21528295523712,0,-38.43017,256,0.2,0.2,20,"both",0.128923194576792,-0.0838759804360953
"2648","session2",-6.0841366323258,17.0122367367379,2.20950008576439,0.000376902316838389,0.389934806236475,0.343033780556423,0.39721234035131,7,2,100,0.128923194576792,-0.0838759804360953,27,2.33422495895885,1,-16.3071,256,0.2,0.2,20,"both",0.128923194576792,-0.0838759804360953
"2649","session2",-6.0841366323258,17.0122367367379,2.20950008576439,0.000376902316838389,0.389934806236475,0.343033780556423,0.39721234035131,7,2,100,0.128923194576792,-0.0838759804360953,27,1.90016337048395,1,14.48694,256,0.2,0.2,20,"both",0.128923194576792,-0.0838759804360953
"2650","session2",-6.0841366323258,17.0122367367379,2.20950008576439,0.000376902316838389,0.389934806236475,0.343033780556423,0.39721234035131,7,2,100,0.128923194576792,-0.0838759804360953,27,3.0889261546618,1,7.84709,256,0.2,0.2,20,"both",0.128923194576792,-0.0838759804360953
"2651","session2",-6.0841366323258,17.0122367367379,2.20950008576439,0.000376902316838389,0.389934806236475,0.343033780556423,0.39721234035131,7,2,100,0.128923194576792,-0.0838759804360953,27,2.08997010532262,1,4.31794,256,0.2,0.2,20,"both",0.128923194576792,-0.0838759804360953
"2652","session2",-6.0841366323258,17.0122367367379,2.20950008576439,0.000376902316838389,0.389934806236475,0.343033780556423,0.39721234035131,7,2,100,0.128923194576792,-0.0838759804360953,27,1.85943542982024,1,1.05656,256,0.2,0.2,20,"both",0.128923194576792,-0.0838759804360953
"2653","session2",-6.0841366323258,17.0122367367379,2.20950008576439,0.000376902316838389,0.389934806236475,0.343033780556423,0.39721234035131,7,2,100,0.128923194576792,-0.0838759804360953,27,2.74524905332269,1,-31.4135,256,0.2,0.2,20,"both",0.128923194576792,-0.0838759804360953
"2654","session2",-6.0841366323258,17.0122367367379,2.20950008576439,0.000376902316838389,0.389934806236475,0.343033780556423,0.39721234035131,7,2,100,0.128923194576792,-0.0838759804360953,27,4.60953358639008,1,0.55876,256,0.2,0.2,20,"both",0.128923194576792,-0.0838759804360953
"2655","session2",-6.0841366323258,17.0122367367379,2.20950008576439,0.000376902316838389,0.389934806236475,0.343033780556423,0.39721234035131,7,2,100,0.128923194576792,-0.0838759804360953,27,2.87802446794997,1,-1.7809,256,0.2,0.2,20,"both",0.128923194576792,-0.0838759804360953
"2656","session2",-6.0841366323258,17.0122367367379,2.20950008576439,0.000376902316838389,0.389934806236475,0.343033780556423,0.39721234035131,7,2,100,0.128923194576792,-0.0838759804360953,27,2.12607979555627,0,-29.629,256,0.2,0.2,20,"both",0.128923194576792,-0.0838759804360953
"2657","session2",-6.0841366323258,17.0122367367379,2.20950008576439,0.000376902316838389,0.389934806236475,0.343033780556423,0.39721234035131,7,2,100,0.128923194576792,-0.0838759804360953,27,2.02179206167194,0,-36.4243,256,0.2,0.2,20,"both",0.128923194576792,-0.0838759804360953
"2658","session2",-6.0841366323258,17.0122367367379,2.20950008576439,0.000376902316838389,0.389934806236475,0.343033780556423,0.39721234035131,7,2,100,0.128923194576792,-0.0838759804360953,27,3.3267581301564,0,-4.53084,256,0.2,0.2,20,"both",0.128923194576792,-0.0838759804360953
"2659","session2",-6.0841366323258,17.0122367367379,2.20950008576439,0.000376902316838389,0.389934806236475,0.343033780556423,0.39721234035131,7,2,100,0.128923194576792,-0.0838759804360953,27,2.1197916754578,0,-3.1187,256,0.2,0.2,20,"both",0.128923194576792,-0.0838759804360953
"2660","session2",-6.0841366323258,17.0122367367379,2.20950008576439,0.000376902316838389,0.389934806236475,0.343033780556423,0.39721234035131,7,2,100,0.128923194576792,-0.0838759804360953,27,2.39093454595108,1,-21.66091,256,0.2,0.2,20,"both",0.128923194576792,-0.0838759804360953
"2661","session2",-6.0841366323258,17.0122367367379,2.20950008576439,0.000376902316838389,0.389934806236475,0.343033780556423,0.39721234035131,7,2,100,0.128923194576792,-0.0838759804360953,27,2.51712485005515,1,-1.70546,256,0.2,0.2,20,"both",0.128923194576792,-0.0838759804360953
"2662","session2",-6.0841366323258,17.0122367367379,2.20950008576439,0.000376902316838389,0.389934806236475,0.343033780556423,0.39721234035131,7,2,100,0.128923194576792,-0.0838759804360953,27,2.34514800154337,0,-31.3201,256,0.2,0.2,20,"both",0.128923194576792,-0.0838759804360953
"2663","session2",-6.0841366323258,17.0122367367379,2.20950008576439,0.000376902316838389,0.389934806236475,0.343033780556423,0.39721234035131,7,2,100,0.128923194576792,-0.0838759804360953,27,2.51616719564951,0,-24.92725,256,0.2,0.2,20,"both",0.128923194576792,-0.0838759804360953
"2664","session2",-6.0841366323258,17.0122367367379,2.20950008576439,0.000376902316838389,0.389934806236475,0.343033780556423,0.39721234035131,7,2,100,0.128923194576792,-0.0838759804360953,27,1.51501792752892,0,-20.37969,256,0.2,0.2,20,"both",0.128923194576792,-0.0838759804360953
"2665","session2",-6.0841366323258,17.0122367367379,2.20950008576439,0.000376902316838389,0.389934806236475,0.343033780556423,0.39721234035131,7,2,100,0.128923194576792,-0.0838759804360953,27,2.36730270382249,0,-24.06929,256,0.2,0.2,20,"both",0.128923194576792,-0.0838759804360953
"2666","session2",-6.0841366323258,17.0122367367379,2.20950008576439,0.000376902316838389,0.389934806236475,0.343033780556423,0.39721234035131,7,2,100,0.128923194576792,-0.0838759804360953,27,3.89627401961795,1,0.2227,256,0.2,0.2,20,"both",0.128923194576792,-0.0838759804360953
"2667","session2",-6.0841366323258,17.0122367367379,2.20950008576439,0.000376902316838389,0.389934806236475,0.343033780556423,0.39721234035131,7,2,100,0.128923194576792,-0.0838759804360953,27,1.76966446864665,0,-22.16,256,0.2,0.2,20,"both",0.128923194576792,-0.0838759804360953
"2668","session2",-6.0841366323258,17.0122367367379,2.20950008576439,0.000376902316838389,0.389934806236475,0.343033780556423,0.39721234035131,7,2,100,0.128923194576792,-0.0838759804360953,27,2.61598429219136,1,-2.07044,256,0.2,0.2,20,"both",0.128923194576792,-0.0838759804360953
"2669","session2",-6.0841366323258,17.0122367367379,2.20950008576439,0.000376902316838389,0.389934806236475,0.343033780556423,0.39721234035131,7,2,100,0.128923194576792,-0.0838759804360953,27,3.31131525595444,1,2.84709,256,0.2,0.2,20,"both",0.128923194576792,-0.0838759804360953
"2670","session2",-6.0841366323258,17.0122367367379,2.20950008576439,0.000376902316838389,0.389934806236475,0.343033780556423,0.39721234035131,7,2,100,0.128923194576792,-0.0838759804360953,27,2.46021472720771,1,-17.65984,256,0.2,0.2,20,"both",0.128923194576792,-0.0838759804360953
"2671","session2",-6.0841366323258,17.0122367367379,2.20950008576439,0.000376902316838389,0.389934806236475,0.343033780556423,0.39721234035131,7,2,100,0.128923194576792,-0.0838759804360953,27,2.90082358684409,0,-27.92157,256,0.2,0.2,20,"both",0.128923194576792,-0.0838759804360953
"2672","session2",-6.0841366323258,17.0122367367379,2.20950008576439,0.000376902316838389,0.389934806236475,0.343033780556423,0.39721234035131,7,2,100,0.128923194576792,-0.0838759804360953,27,2.23953838861672,1,-22.6247,256,0.2,0.2,20,"both",0.128923194576792,-0.0838759804360953
"2673","session2",-6.0841366323258,17.0122367367379,2.20950008576439,0.000376902316838389,0.389934806236475,0.343033780556423,0.39721234035131,7,2,100,0.128923194576792,-0.0838759804360953,27,2.45147507163431,1,14.41874,256,0.2,0.2,20,"both",0.128923194576792,-0.0838759804360953
"2674","session2",-6.0841366323258,17.0122367367379,2.20950008576439,0.000376902316838389,0.389934806236475,0.343033780556423,0.39721234035131,7,2,100,0.128923194576792,-0.0838759804360953,27,2.36492149717388,1,0.805499999999999,256,0.2,0.2,20,"both",0.128923194576792,-0.0838759804360953
"2675","session2",-6.0841366323258,17.0122367367379,2.20950008576439,0.000376902316838389,0.389934806236475,0.343033780556423,0.39721234035131,7,2,100,0.128923194576792,-0.0838759804360953,27,4.03482756852228,1,-1.6106,256,0.2,0.2,20,"both",0.128923194576792,-0.0838759804360953
"2676","session2",-6.0841366323258,17.0122367367379,2.20950008576439,0.000376902316838389,0.389934806236475,0.343033780556423,0.39721234035131,7,2,100,0.128923194576792,-0.0838759804360953,27,2.74202990975088,1,9.26362,256,0.2,0.2,20,"both",0.128923194576792,-0.0838759804360953
"2677","session2",-6.0841366323258,17.0122367367379,2.20950008576439,0.000376902316838389,0.389934806236475,0.343033780556423,0.39721234035131,7,2,100,0.128923194576792,-0.0838759804360953,27,2.58912537525055,0,-22.1242,256,0.2,0.2,20,"both",0.128923194576792,-0.0838759804360953
"2678","session2",-6.0841366323258,17.0122367367379,2.20950008576439,0.000376902316838389,0.389934806236475,0.343033780556423,0.39721234035131,7,2,100,0.128923194576792,-0.0838759804360953,27,3.10222747285109,1,-17.26782,256,0.2,0.2,20,"both",0.128923194576792,-0.0838759804360953
"2679","session2",-6.0841366323258,17.0122367367379,2.20950008576439,0.000376902316838389,0.389934806236475,0.343033780556423,0.39721234035131,7,2,100,0.128923194576792,-0.0838759804360953,27,2.77904857161316,0,-18.93822,256,0.2,0.2,20,"both",0.128923194576792,-0.0838759804360953
"2680","session2",-6.0841366323258,17.0122367367379,2.20950008576439,0.000376902316838389,0.389934806236475,0.343033780556423,0.39721234035131,7,2,100,0.128923194576792,-0.0838759804360953,27,4.04382920283111,1,-19.76995,256,0.2,0.2,20,"both",0.128923194576792,-0.0838759804360953
"2681","session2",-6.0841366323258,17.0122367367379,2.20950008576439,0.000376902316838389,0.389934806236475,0.343033780556423,0.39721234035131,7,2,100,0.128923194576792,-0.0838759804360953,27,2.95631945569965,0,-30.2741,256,0.2,0.2,20,"both",0.128923194576792,-0.0838759804360953
"2682","session2",-6.0841366323258,17.0122367367379,2.20950008576439,0.000376902316838389,0.389934806236475,0.343033780556423,0.39721234035131,7,2,100,0.128923194576792,-0.0838759804360953,27,1.87175442530456,1,-9.35497,256,0.2,0.2,20,"both",0.128923194576792,-0.0838759804360953
"2683","session2",-6.0841366323258,17.0122367367379,2.20950008576439,0.000376902316838389,0.389934806236475,0.343033780556423,0.39721234035131,7,2,100,0.128923194576792,-0.0838759804360953,27,4.52676924823033,0,1.2082,256,0.2,0.2,20,"both",0.128923194576792,-0.0838759804360953
"2684","session2",-6.0841366323258,17.0122367367379,2.20950008576439,0.000376902316838389,0.389934806236475,0.343033780556423,0.39721234035131,7,2,100,0.128923194576792,-0.0838759804360953,27,2.14760241151008,0,-27.6705,256,0.2,0.2,20,"both",0.128923194576792,-0.0838759804360953
"2685","session2",-6.0841366323258,17.0122367367379,2.20950008576439,0.000376902316838389,0.389934806236475,0.343033780556423,0.39721234035131,7,2,100,0.128923194576792,-0.0838759804360953,27,4.71109712714168,1,-2.77462,256,0.2,0.2,20,"both",0.128923194576792,-0.0838759804360953
"2686","session2",-6.0841366323258,17.0122367367379,2.20950008576439,0.000376902316838389,0.389934806236475,0.343033780556423,0.39721234035131,7,2,100,0.128923194576792,-0.0838759804360953,27,2.0409691104128,1,5.185,256,0.2,0.2,20,"both",0.128923194576792,-0.0838759804360953
"2687","session2",-6.0841366323258,17.0122367367379,2.20950008576439,0.000376902316838389,0.389934806236475,0.343033780556423,0.39721234035131,7,2,100,0.128923194576792,-0.0838759804360953,27,2.37283536651545,1,10.0546,256,0.2,0.2,20,"both",0.128923194576792,-0.0838759804360953
"2688","session2",-6.0841366323258,17.0122367367379,2.20950008576439,0.000376902316838389,0.389934806236475,0.343033780556423,0.39721234035131,7,2,100,0.128923194576792,-0.0838759804360953,27,2.79124373513804,1,-2.4132,256,0.2,0.2,20,"both",0.128923194576792,-0.0838759804360953
"2689","session2",-6.0841366323258,17.0122367367379,2.20950008576439,0.000376902316838389,0.389934806236475,0.343033780556423,0.39721234035131,7,2,100,0.128923194576792,-0.0838759804360953,27,1.6313569371828,1,11.03546,256,0.2,0.2,20,"both",0.128923194576792,-0.0838759804360953
"2690","session2",-6.0841366323258,17.0122367367379,2.20950008576439,0.000376902316838389,0.389934806236475,0.343033780556423,0.39721234035131,7,2,100,0.128923194576792,-0.0838759804360953,27,2.13692003253112,1,-25.1507,256,0.2,0.2,20,"both",0.128923194576792,-0.0838759804360953
"2691","session2",-6.0841366323258,17.0122367367379,2.20950008576439,0.000376902316838389,0.389934806236475,0.343033780556423,0.39721234035131,7,2,100,0.128923194576792,-0.0838759804360953,27,1.78706204752227,1,2.87074,256,0.2,0.2,20,"both",0.128923194576792,-0.0838759804360953
"2692","session2",-6.0841366323258,17.0122367367379,2.20950008576439,0.000376902316838389,0.389934806236475,0.343033780556423,0.39721234035131,7,2,100,0.128923194576792,-0.0838759804360953,27,2.37289111486043,0,5.11549,256,0.2,0.2,20,"both",0.128923194576792,-0.0838759804360953
"2693","session2",-6.0841366323258,17.0122367367379,2.20950008576439,0.000376902316838389,0.389934806236475,0.343033780556423,0.39721234035131,7,2,100,0.128923194576792,-0.0838759804360953,27,3.17789430971519,0,-29.266,256,0.2,0.2,20,"both",0.128923194576792,-0.0838759804360953
"2694","session2",-6.0841366323258,17.0122367367379,2.20950008576439,0.000376902316838389,0.389934806236475,0.343033780556423,0.39721234035131,7,2,100,0.128923194576792,-0.0838759804360953,27,1.78397075659373,0,-30.2951,256,0.2,0.2,20,"both",0.128923194576792,-0.0838759804360953
"2695","session2",-6.0841366323258,17.0122367367379,2.20950008576439,0.000376902316838389,0.389934806236475,0.343033780556423,0.39721234035131,7,2,100,0.128923194576792,-0.0838759804360953,27,2.86747693622146,1,6.3717,256,0.2,0.2,20,"both",0.128923194576792,-0.0838759804360953
"2696","session2",-6.0841366323258,17.0122367367379,2.20950008576439,0.000376902316838389,0.389934806236475,0.343033780556423,0.39721234035131,7,2,100,0.128923194576792,-0.0838759804360953,27,1.61790151335325,0,-28.0259,256,0.2,0.2,20,"both",0.128923194576792,-0.0838759804360953
"2697","session2",-6.0841366323258,17.0122367367379,2.20950008576439,0.000376902316838389,0.389934806236475,0.343033780556423,0.39721234035131,7,2,100,0.128923194576792,-0.0838759804360953,27,2.79108369439526,1,-6.5371,256,0.2,0.2,20,"both",0.128923194576792,-0.0838759804360953
"2698","session2",-6.0841366323258,17.0122367367379,2.20950008576439,0.000376902316838389,0.389934806236475,0.343033780556423,0.39721234035131,7,2,100,0.128923194576792,-0.0838759804360953,27,1.85498526089272,1,-30.9774,256,0.2,0.2,20,"both",0.128923194576792,-0.0838759804360953
"2699","session2",-6.0841366323258,17.0122367367379,2.20950008576439,0.000376902316838389,0.389934806236475,0.343033780556423,0.39721234035131,7,2,100,0.128923194576792,-0.0838759804360953,27,2.5578686742516,1,12.62655,256,0.2,0.2,20,"both",0.128923194576792,-0.0838759804360953
"2700","session2",-6.0841366323258,17.0122367367379,2.20950008576439,0.000376902316838389,0.389934806236475,0.343033780556423,0.39721234035131,7,2,100,0.128923194576792,-0.0838759804360953,27,2.06942879648241,0,-30.4393,256,0.2,0.2,20,"both",0.128923194576792,-0.0838759804360953
"2701","session2",-16.3891278735925,14.3276899236147,2.98107165532905,0.00119123152643975,0.0706593927332015,0.446625094494058,0.343006817231431,8,2,100,0.128923194576792,-0.0838759804360953,28,1.66874744513681,0,-7.80400725882,256,0.2,0.2,20,"both",0.128923194576792,-0.0838759804360953
"2702","session2",-16.3891278735925,14.3276899236147,2.98107165532905,0.00119123152643975,0.0706593927332015,0.446625094494058,0.343006817231431,8,2,100,0.128923194576792,-0.0838759804360953,28,1.47449654778922,1,5.4965739804,256,0.2,0.2,20,"both",0.128923194576792,-0.0838759804360953
"2703","session2",-16.3891278735925,14.3276899236147,2.98107165532905,0.00119123152643975,0.0706593927332015,0.446625094494058,0.343006817231431,8,2,100,0.128923194576792,-0.0838759804360953,28,1.65463195462902,1,-2.05008294276,256,0.2,0.2,20,"both",0.128923194576792,-0.0838759804360953
"2704","session2",-16.3891278735925,14.3276899236147,2.98107165532905,0.00119123152643975,0.0706593927332015,0.446625094494058,0.343006817231431,8,2,100,0.128923194576792,-0.0838759804360953,28,1.91710779958095,1,-4.6803720146,256,0.2,0.2,20,"both",0.128923194576792,-0.0838759804360953
"2705","session2",-16.3891278735925,14.3276899236147,2.98107165532905,0.00119123152643975,0.0706593927332015,0.446625094494058,0.343006817231431,8,2,100,0.128923194576792,-0.0838759804360953,28,2.67560564491296,0,-24.13873,256,0.2,0.2,20,"both",0.128923194576792,-0.0838759804360953
"2706","session2",-16.3891278735925,14.3276899236147,2.98107165532905,0.00119123152643975,0.0706593927332015,0.446625094494058,0.343006817231431,8,2,100,0.128923194576792,-0.0838759804360953,28,1.2877057778186,1,14.89321,256,0.2,0.2,20,"both",0.128923194576792,-0.0838759804360953
"2707","session2",-16.3891278735925,14.3276899236147,2.98107165532905,0.00119123152643975,0.0706593927332015,0.446625094494058,0.343006817231431,8,2,100,0.128923194576792,-0.0838759804360953,28,2.09643879920973,1,-10.69133,256,0.2,0.2,20,"both",0.128923194576792,-0.0838759804360953
"2708","session2",-16.3891278735925,14.3276899236147,2.98107165532905,0.00119123152643975,0.0706593927332015,0.446625094494058,0.343006817231431,8,2,100,0.128923194576792,-0.0838759804360953,28,1.4825069577921,1,11.09654,256,0.2,0.2,20,"both",0.128923194576792,-0.0838759804360953
"2709","session2",-16.3891278735925,14.3276899236147,2.98107165532905,0.00119123152643975,0.0706593927332015,0.446625094494058,0.343006817231431,8,2,100,0.128923194576792,-0.0838759804360953,28,4.8265110684061,1,-16.45014,256,0.2,0.2,20,"both",0.128923194576792,-0.0838759804360953
"2710","session2",-16.3891278735925,14.3276899236147,2.98107165532905,0.00119123152643975,0.0706593927332015,0.446625094494058,0.343006817231431,8,2,100,0.128923194576792,-0.0838759804360953,28,2.03361664175021,1,-15.10092,256,0.2,0.2,20,"both",0.128923194576792,-0.0838759804360953
"2711","session2",-16.3891278735925,14.3276899236147,2.98107165532905,0.00119123152643975,0.0706593927332015,0.446625094494058,0.343006817231431,8,2,100,0.128923194576792,-0.0838759804360953,28,2.78523621196072,1,-4.70237,256,0.2,0.2,20,"both",0.128923194576792,-0.0838759804360953
"2712","session2",-16.3891278735925,14.3276899236147,2.98107165532905,0.00119123152643975,0.0706593927332015,0.446625094494058,0.343006817231431,8,2,100,0.128923194576792,-0.0838759804360953,28,2.42524318015705,0,-19.718574972,256,0.2,0.2,20,"both",0.128923194576792,-0.0838759804360953
"2713","session2",-16.3891278735925,14.3276899236147,2.98107165532905,0.00119123152643975,0.0706593927332015,0.446625094494058,0.343006817231431,8,2,100,0.128923194576792,-0.0838759804360953,28,3.8841374434847,1,-25.9517,256,0.2,0.2,20,"both",0.128923194576792,-0.0838759804360953
"2714","session2",-16.3891278735925,14.3276899236147,2.98107165532905,0.00119123152643975,0.0706593927332015,0.446625094494058,0.343006817231431,8,2,100,0.128923194576792,-0.0838759804360953,28,1.6182072901511,1,-8.2606,256,0.2,0.2,20,"both",0.128923194576792,-0.0838759804360953
"2715","session2",-16.3891278735925,14.3276899236147,2.98107165532905,0.00119123152643975,0.0706593927332015,0.446625094494058,0.343006817231431,8,2,100,0.128923194576792,-0.0838759804360953,28,1.75379857179847,0,-14.71007,256,0.2,0.2,20,"both",0.128923194576792,-0.0838759804360953
"2716","session2",-16.3891278735925,14.3276899236147,2.98107165532905,0.00119123152643975,0.0706593927332015,0.446625094494058,0.343006817231431,8,2,100,0.128923194576792,-0.0838759804360953,28,1.32959483902251,0,-4.4687,256,0.2,0.2,20,"both",0.128923194576792,-0.0838759804360953
"2717","session2",-16.3891278735925,14.3276899236147,2.98107165532905,0.00119123152643975,0.0706593927332015,0.446625094494058,0.343006817231431,8,2,100,0.128923194576792,-0.0838759804360953,28,4.61271796999878,1,-23.98469,256,0.2,0.2,20,"both",0.128923194576792,-0.0838759804360953
"2718","session2",-16.3891278735925,14.3276899236147,2.98107165532905,0.00119123152643975,0.0706593927332015,0.446625094494058,0.343006817231431,8,2,100,0.128923194576792,-0.0838759804360953,28,3.55280549087048,0,-22.060816457,256,0.2,0.2,20,"both",0.128923194576792,-0.0838759804360953
"2719","session2",-16.3891278735925,14.3276899236147,2.98107165532905,0.00119123152643975,0.0706593927332015,0.446625094494058,0.343006817231431,8,2,100,0.128923194576792,-0.0838759804360953,28,1.05183164887234,0,-47.9924,256,0.2,0.2,20,"both",0.128923194576792,-0.0838759804360953
"2720","session2",-16.3891278735925,14.3276899236147,2.98107165532905,0.00119123152643975,0.0706593927332015,0.446625094494058,0.343006817231431,8,2,100,0.128923194576792,-0.0838759804360953,28,1.02431520041334,0,-34.3615,256,0.2,0.2,20,"both",0.128923194576792,-0.0838759804360953
"2721","session2",-16.3891278735925,14.3276899236147,2.98107165532905,0.00119123152643975,0.0706593927332015,0.446625094494058,0.343006817231431,8,2,100,0.128923194576792,-0.0838759804360953,28,2.42330038126628,0,-17.707285657,256,0.2,0.2,20,"both",0.128923194576792,-0.0838759804360953
"2722","session2",-16.3891278735925,14.3276899236147,2.98107165532905,0.00119123152643975,0.0706593927332015,0.446625094494058,0.343006817231431,8,2,100,0.128923194576792,-0.0838759804360953,28,2.22973539306709,0,-40.024,256,0.2,0.2,20,"both",0.128923194576792,-0.0838759804360953
"2723","session2",-16.3891278735925,14.3276899236147,2.98107165532905,0.00119123152643975,0.0706593927332015,0.446625094494058,0.343006817231431,8,2,100,0.128923194576792,-0.0838759804360953,28,1.53969982294199,0,-21.44915,256,0.2,0.2,20,"both",0.128923194576792,-0.0838759804360953
"2724","session2",-16.3891278735925,14.3276899236147,2.98107165532905,0.00119123152643975,0.0706593927332015,0.446625094494058,0.343006817231431,8,2,100,0.128923194576792,-0.0838759804360953,28,8,0,-21.6982,256,0.2,0.2,20,"both",0.128923194576792,-0.0838759804360953
"2725","session2",-16.3891278735925,14.3276899236147,2.98107165532905,0.00119123152643975,0.0706593927332015,0.446625094494058,0.343006817231431,8,2,100,0.128923194576792,-0.0838759804360953,28,1.27630312975281,1,1.9825,256,0.2,0.2,20,"both",0.128923194576792,-0.0838759804360953
"2726","session2",-16.3891278735925,14.3276899236147,2.98107165532905,0.00119123152643975,0.0706593927332015,0.446625094494058,0.343006817231431,8,2,100,0.128923194576792,-0.0838759804360953,28,3.32354097271518,0,-39.164,256,0.2,0.2,20,"both",0.128923194576792,-0.0838759804360953
"2727","session2",-16.3891278735925,14.3276899236147,2.98107165532905,0.00119123152643975,0.0706593927332015,0.446625094494058,0.343006817231431,8,2,100,0.128923194576792,-0.0838759804360953,28,3.85237353301329,0,-39.1268,256,0.2,0.2,20,"both",0.128923194576792,-0.0838759804360953
"2728","session2",-16.3891278735925,14.3276899236147,2.98107165532905,0.00119123152643975,0.0706593927332015,0.446625094494058,0.343006817231431,8,2,100,0.128923194576792,-0.0838759804360953,28,2.65910334170011,0,-24.56065,256,0.2,0.2,20,"both",0.128923194576792,-0.0838759804360953
"2729","session2",-16.3891278735925,14.3276899236147,2.98107165532905,0.00119123152643975,0.0706593927332015,0.446625094494058,0.343006817231431,8,2,100,0.128923194576792,-0.0838759804360953,28,1.49396745874705,1,-3.7684,256,0.2,0.2,20,"both",0.128923194576792,-0.0838759804360953
"2730","session2",-16.3891278735925,14.3276899236147,2.98107165532905,0.00119123152643975,0.0706593927332015,0.446625094494058,0.343006817231431,8,2,100,0.128923194576792,-0.0838759804360953,28,3.17227964388801,0,-15.15475,256,0.2,0.2,20,"both",0.128923194576792,-0.0838759804360953
"2731","session2",-16.3891278735925,14.3276899236147,2.98107165532905,0.00119123152643975,0.0706593927332015,0.446625094494058,0.343006817231431,8,2,100,0.128923194576792,-0.0838759804360953,28,3.52139695245819,0,-19.73664,256,0.2,0.2,20,"both",0.128923194576792,-0.0838759804360953
"2732","session2",-16.3891278735925,14.3276899236147,2.98107165532905,0.00119123152643975,0.0706593927332015,0.446625094494058,0.343006817231431,8,2,100,0.128923194576792,-0.0838759804360953,28,2.86366967464446,0,-9.4834,256,0.2,0.2,20,"both",0.128923194576792,-0.0838759804360953
"2733","session2",-16.3891278735925,14.3276899236147,2.98107165532905,0.00119123152643975,0.0706593927332015,0.446625094494058,0.343006817231431,8,2,100,0.128923194576792,-0.0838759804360953,28,8,0,-16.79872,256,0.2,0.2,20,"both",0.128923194576792,-0.0838759804360953
"2734","session2",-16.3891278735925,14.3276899236147,2.98107165532905,0.00119123152643975,0.0706593927332015,0.446625094494058,0.343006817231431,8,2,100,0.128923194576792,-0.0838759804360953,28,1.34299435476242,1,-2.0012,256,0.2,0.2,20,"both",0.128923194576792,-0.0838759804360953
"2735","session2",-16.3891278735925,14.3276899236147,2.98107165532905,0.00119123152643975,0.0706593927332015,0.446625094494058,0.343006817231431,8,2,100,0.128923194576792,-0.0838759804360953,28,3.23822707456522,0,-27.9852,256,0.2,0.2,20,"both",0.128923194576792,-0.0838759804360953
"2736","session2",-16.3891278735925,14.3276899236147,2.98107165532905,0.00119123152643975,0.0706593927332015,0.446625094494058,0.343006817231431,8,2,100,0.128923194576792,-0.0838759804360953,28,2.04467678550264,0,-6.24764,256,0.2,0.2,20,"both",0.128923194576792,-0.0838759804360953
"2737","session2",-16.3891278735925,14.3276899236147,2.98107165532905,0.00119123152643975,0.0706593927332015,0.446625094494058,0.343006817231431,8,2,100,0.128923194576792,-0.0838759804360953,28,1.81592865997831,1,-5.61101,256,0.2,0.2,20,"both",0.128923194576792,-0.0838759804360953
"2738","session2",-16.3891278735925,14.3276899236147,2.98107165532905,0.00119123152643975,0.0706593927332015,0.446625094494058,0.343006817231431,8,2,100,0.128923194576792,-0.0838759804360953,28,4.36185654154195,1,-21.12642,256,0.2,0.2,20,"both",0.128923194576792,-0.0838759804360953
"2739","session2",-16.3891278735925,14.3276899236147,2.98107165532905,0.00119123152643975,0.0706593927332015,0.446625094494058,0.343006817231431,8,2,100,0.128923194576792,-0.0838759804360953,28,3.02165451991885,0,-25.9652,256,0.2,0.2,20,"both",0.128923194576792,-0.0838759804360953
"2740","session2",-16.3891278735925,14.3276899236147,2.98107165532905,0.00119123152643975,0.0706593927332015,0.446625094494058,0.343006817231431,8,2,100,0.128923194576792,-0.0838759804360953,28,3.09630616958483,1,-13.54535,256,0.2,0.2,20,"both",0.128923194576792,-0.0838759804360953
"2741","session2",-16.3891278735925,14.3276899236147,2.98107165532905,0.00119123152643975,0.0706593927332015,0.446625094494058,0.343006817231431,8,2,100,0.128923194576792,-0.0838759804360953,28,1.24439518139483,1,8.2966,256,0.2,0.2,20,"both",0.128923194576792,-0.0838759804360953
"2742","session2",-16.3891278735925,14.3276899236147,2.98107165532905,0.00119123152643975,0.0706593927332015,0.446625094494058,0.343006817231431,8,2,100,0.128923194576792,-0.0838759804360953,28,2.10350015677217,1,-1.5233,256,0.2,0.2,20,"both",0.128923194576792,-0.0838759804360953
"2743","session2",-16.3891278735925,14.3276899236147,2.98107165532905,0.00119123152643975,0.0706593927332015,0.446625094494058,0.343006817231431,8,2,100,0.128923194576792,-0.0838759804360953,28,1.79888370778561,0,-30.06913,256,0.2,0.2,20,"both",0.128923194576792,-0.0838759804360953
"2744","session2",-16.3891278735925,14.3276899236147,2.98107165532905,0.00119123152643975,0.0706593927332015,0.446625094494058,0.343006817231431,8,2,100,0.128923194576792,-0.0838759804360953,28,4.34095493670925,0,-26.074,256,0.2,0.2,20,"both",0.128923194576792,-0.0838759804360953
"2745","session2",-16.3891278735925,14.3276899236147,2.98107165532905,0.00119123152643975,0.0706593927332015,0.446625094494058,0.343006817231431,8,2,100,0.128923194576792,-0.0838759804360953,28,2.43612070977299,0,-29.496,256,0.2,0.2,20,"both",0.128923194576792,-0.0838759804360953
"2746","session2",-16.3891278735925,14.3276899236147,2.98107165532905,0.00119123152643975,0.0706593927332015,0.446625094494058,0.343006817231431,8,2,100,0.128923194576792,-0.0838759804360953,28,1.88175506806978,1,2.27221,256,0.2,0.2,20,"both",0.128923194576792,-0.0838759804360953
"2747","session2",-16.3891278735925,14.3276899236147,2.98107165532905,0.00119123152643975,0.0706593927332015,0.446625094494058,0.343006817231431,8,2,100,0.128923194576792,-0.0838759804360953,28,1.93416492122205,1,-20.84664,256,0.2,0.2,20,"both",0.128923194576792,-0.0838759804360953
"2748","session2",-16.3891278735925,14.3276899236147,2.98107165532905,0.00119123152643975,0.0706593927332015,0.446625094494058,0.343006817231431,8,2,100,0.128923194576792,-0.0838759804360953,28,1.45121934442364,1,-2.258,256,0.2,0.2,20,"both",0.128923194576792,-0.0838759804360953
"2749","session2",-16.3891278735925,14.3276899236147,2.98107165532905,0.00119123152643975,0.0706593927332015,0.446625094494058,0.343006817231431,8,2,100,0.128923194576792,-0.0838759804360953,28,2.37265794208104,0,-23.44033,256,0.2,0.2,20,"both",0.128923194576792,-0.0838759804360953
"2750","session2",-16.3891278735925,14.3276899236147,2.98107165532905,0.00119123152643975,0.0706593927332015,0.446625094494058,0.343006817231431,8,2,100,0.128923194576792,-0.0838759804360953,28,3.41472739335705,0,-25.0776,256,0.2,0.2,20,"both",0.128923194576792,-0.0838759804360953
"2751","session2",-16.3891278735925,14.3276899236147,2.98107165532905,0.00119123152643975,0.0706593927332015,0.446625094494058,0.343006817231431,8,2,100,0.128923194576792,-0.0838759804360953,28,4.23318374898622,1,-23.1701,256,0.2,0.2,20,"both",0.128923194576792,-0.0838759804360953
"2752","session2",-16.3891278735925,14.3276899236147,2.98107165532905,0.00119123152643975,0.0706593927332015,0.446625094494058,0.343006817231431,8,2,100,0.128923194576792,-0.0838759804360953,28,1.80078714005656,0,-21.80143,256,0.2,0.2,20,"both",0.128923194576792,-0.0838759804360953
"2753","session2",-16.3891278735925,14.3276899236147,2.98107165532905,0.00119123152643975,0.0706593927332015,0.446625094494058,0.343006817231431,8,2,100,0.128923194576792,-0.0838759804360953,28,1.75783553312933,0,-29.3823,256,0.2,0.2,20,"both",0.128923194576792,-0.0838759804360953
"2754","session2",-16.3891278735925,14.3276899236147,2.98107165532905,0.00119123152643975,0.0706593927332015,0.446625094494058,0.343006817231431,8,2,100,0.128923194576792,-0.0838759804360953,28,2.45646008407256,1,-26.925,256,0.2,0.2,20,"both",0.128923194576792,-0.0838759804360953
"2755","session2",-16.3891278735925,14.3276899236147,2.98107165532905,0.00119123152643975,0.0706593927332015,0.446625094494058,0.343006817231431,8,2,100,0.128923194576792,-0.0838759804360953,28,2.20080387142148,0,-26.2815,256,0.2,0.2,20,"both",0.128923194576792,-0.0838759804360953
"2756","session2",-16.3891278735925,14.3276899236147,2.98107165532905,0.00119123152643975,0.0706593927332015,0.446625094494058,0.343006817231431,8,2,100,0.128923194576792,-0.0838759804360953,28,1.79363998796259,0,-28.5944,256,0.2,0.2,20,"both",0.128923194576792,-0.0838759804360953
"2757","session2",-16.3891278735925,14.3276899236147,2.98107165532905,0.00119123152643975,0.0706593927332015,0.446625094494058,0.343006817231431,8,2,100,0.128923194576792,-0.0838759804360953,28,1.56561871271498,0,-2.2522,256,0.2,0.2,20,"both",0.128923194576792,-0.0838759804360953
"2758","session2",-16.3891278735925,14.3276899236147,2.98107165532905,0.00119123152643975,0.0706593927332015,0.446625094494058,0.343006817231431,8,2,100,0.128923194576792,-0.0838759804360953,28,1.73894270790974,1,-6.83758,256,0.2,0.2,20,"both",0.128923194576792,-0.0838759804360953
"2759","session2",-16.3891278735925,14.3276899236147,2.98107165532905,0.00119123152643975,0.0706593927332015,0.446625094494058,0.343006817231431,8,2,100,0.128923194576792,-0.0838759804360953,28,3.56133731039109,1,-23.5632,256,0.2,0.2,20,"both",0.128923194576792,-0.0838759804360953
"2760","session2",-16.3891278735925,14.3276899236147,2.98107165532905,0.00119123152643975,0.0706593927332015,0.446625094494058,0.343006817231431,8,2,100,0.128923194576792,-0.0838759804360953,28,1.67854885946235,0,-24.23247,256,0.2,0.2,20,"both",0.128923194576792,-0.0838759804360953
"2761","session2",-16.3891278735925,14.3276899236147,2.98107165532905,0.00119123152643975,0.0706593927332015,0.446625094494058,0.343006817231431,8,2,100,0.128923194576792,-0.0838759804360953,28,2.30645377177801,0,-4.7457,256,0.2,0.2,20,"both",0.128923194576792,-0.0838759804360953
"2762","session2",-16.3891278735925,14.3276899236147,2.98107165532905,0.00119123152643975,0.0706593927332015,0.446625094494058,0.343006817231431,8,2,100,0.128923194576792,-0.0838759804360953,28,2.40035471585102,1,-25.0542,256,0.2,0.2,20,"both",0.128923194576792,-0.0838759804360953
"2763","session2",-16.3891278735925,14.3276899236147,2.98107165532905,0.00119123152643975,0.0706593927332015,0.446625094494058,0.343006817231431,8,2,100,0.128923194576792,-0.0838759804360953,28,3.44382053861199,0,-22.30019,256,0.2,0.2,20,"both",0.128923194576792,-0.0838759804360953
"2764","session2",-16.3891278735925,14.3276899236147,2.98107165532905,0.00119123152643975,0.0706593927332015,0.446625094494058,0.343006817231431,8,2,100,0.128923194576792,-0.0838759804360953,28,1.71228438557951,0,-41.2597,256,0.2,0.2,20,"both",0.128923194576792,-0.0838759804360953
"2765","session2",-16.3891278735925,14.3276899236147,2.98107165532905,0.00119123152643975,0.0706593927332015,0.446625094494058,0.343006817231431,8,2,100,0.128923194576792,-0.0838759804360953,28,2.41345233778137,0,-14.82014,256,0.2,0.2,20,"both",0.128923194576792,-0.0838759804360953
"2766","session2",-16.3891278735925,14.3276899236147,2.98107165532905,0.00119123152643975,0.0706593927332015,0.446625094494058,0.343006817231431,8,2,100,0.128923194576792,-0.0838759804360953,28,2.02161448649199,0,-25.2464,256,0.2,0.2,20,"both",0.128923194576792,-0.0838759804360953
"2767","session2",-16.3891278735925,14.3276899236147,2.98107165532905,0.00119123152643975,0.0706593927332015,0.446625094494058,0.343006817231431,8,2,100,0.128923194576792,-0.0838759804360953,28,1.61256323186363,1,5.3462,256,0.2,0.2,20,"both",0.128923194576792,-0.0838759804360953
"2768","session2",-16.3891278735925,14.3276899236147,2.98107165532905,0.00119123152643975,0.0706593927332015,0.446625094494058,0.343006817231431,8,2,100,0.128923194576792,-0.0838759804360953,28,2.07682974320982,1,-2.1648,256,0.2,0.2,20,"both",0.128923194576792,-0.0838759804360953
"2769","session2",-16.3891278735925,14.3276899236147,2.98107165532905,0.00119123152643975,0.0706593927332015,0.446625094494058,0.343006817231431,8,2,100,0.128923194576792,-0.0838759804360953,28,2.95566094278987,0,-28.6279,256,0.2,0.2,20,"both",0.128923194576792,-0.0838759804360953
"2770","session2",-16.3891278735925,14.3276899236147,2.98107165532905,0.00119123152643975,0.0706593927332015,0.446625094494058,0.343006817231431,8,2,100,0.128923194576792,-0.0838759804360953,28,2.58693481406661,1,11.6213,256,0.2,0.2,20,"both",0.128923194576792,-0.0838759804360953
"2771","session2",-16.3891278735925,14.3276899236147,2.98107165532905,0.00119123152643975,0.0706593927332015,0.446625094494058,0.343006817231431,8,2,100,0.128923194576792,-0.0838759804360953,28,2.40148263244903,0,-24.8332,256,0.2,0.2,20,"both",0.128923194576792,-0.0838759804360953
"2772","session2",-16.3891278735925,14.3276899236147,2.98107165532905,0.00119123152643975,0.0706593927332015,0.446625094494058,0.343006817231431,8,2,100,0.128923194576792,-0.0838759804360953,28,1.90976213471875,1,-20.8681,256,0.2,0.2,20,"both",0.128923194576792,-0.0838759804360953
"2773","session2",-16.3891278735925,14.3276899236147,2.98107165532905,0.00119123152643975,0.0706593927332015,0.446625094494058,0.343006817231431,8,2,100,0.128923194576792,-0.0838759804360953,28,2.88460259133875,1,-23.8923,256,0.2,0.2,20,"both",0.128923194576792,-0.0838759804360953
"2774","session2",-16.3891278735925,14.3276899236147,2.98107165532905,0.00119123152643975,0.0706593927332015,0.446625094494058,0.343006817231431,8,2,100,0.128923194576792,-0.0838759804360953,28,2.0662796577932,0,1.7138,256,0.2,0.2,20,"both",0.128923194576792,-0.0838759804360953
"2775","session2",-16.3891278735925,14.3276899236147,2.98107165532905,0.00119123152643975,0.0706593927332015,0.446625094494058,0.343006817231431,8,2,100,0.128923194576792,-0.0838759804360953,28,1.98025008457426,0,-22.2614,256,0.2,0.2,20,"both",0.128923194576792,-0.0838759804360953
"2776","session2",-16.3891278735925,14.3276899236147,2.98107165532905,0.00119123152643975,0.0706593927332015,0.446625094494058,0.343006817231431,8,2,100,0.128923194576792,-0.0838759804360953,28,2.91820994804664,0,-18.41171,256,0.2,0.2,20,"both",0.128923194576792,-0.0838759804360953
"2777","session2",-16.3891278735925,14.3276899236147,2.98107165532905,0.00119123152643975,0.0706593927332015,0.446625094494058,0.343006817231431,8,2,100,0.128923194576792,-0.0838759804360953,28,1.53730243828327,0,-27.1865,256,0.2,0.2,20,"both",0.128923194576792,-0.0838759804360953
"2778","session2",-16.3891278735925,14.3276899236147,2.98107165532905,0.00119123152643975,0.0706593927332015,0.446625094494058,0.343006817231431,8,2,100,0.128923194576792,-0.0838759804360953,28,2.8293044504082,0,-36.854,256,0.2,0.2,20,"both",0.128923194576792,-0.0838759804360953
"2779","session2",-16.3891278735925,14.3276899236147,2.98107165532905,0.00119123152643975,0.0706593927332015,0.446625094494058,0.343006817231431,8,2,100,0.128923194576792,-0.0838759804360953,28,3.52247180534687,1,-23.3502,256,0.2,0.2,20,"both",0.128923194576792,-0.0838759804360953
"2780","session2",-16.3891278735925,14.3276899236147,2.98107165532905,0.00119123152643975,0.0706593927332015,0.446625094494058,0.343006817231431,8,2,100,0.128923194576792,-0.0838759804360953,28,3.08228262064637,0,3.964,256,0.2,0.2,20,"both",0.128923194576792,-0.0838759804360953
"2781","session2",-16.3891278735925,14.3276899236147,2.98107165532905,0.00119123152643975,0.0706593927332015,0.446625094494058,0.343006817231431,8,2,100,0.128923194576792,-0.0838759804360953,28,2.57364832614274,1,-1.6678,256,0.2,0.2,20,"both",0.128923194576792,-0.0838759804360953
"2782","session2",-16.3891278735925,14.3276899236147,2.98107165532905,0.00119123152643975,0.0706593927332015,0.446625094494058,0.343006817231431,8,2,100,0.128923194576792,-0.0838759804360953,28,3.34517070372371,1,-22.81995,256,0.2,0.2,20,"both",0.128923194576792,-0.0838759804360953
"2783","session2",-16.3891278735925,14.3276899236147,2.98107165532905,0.00119123152643975,0.0706593927332015,0.446625094494058,0.343006817231431,8,2,100,0.128923194576792,-0.0838759804360953,28,1.75771550836559,0,-31.2888,256,0.2,0.2,20,"both",0.128923194576792,-0.0838759804360953
"2784","session2",-16.3891278735925,14.3276899236147,2.98107165532905,0.00119123152643975,0.0706593927332015,0.446625094494058,0.343006817231431,8,2,100,0.128923194576792,-0.0838759804360953,28,1.05813240521809,1,4.168,256,0.2,0.2,20,"both",0.128923194576792,-0.0838759804360953
"2785","session2",-16.3891278735925,14.3276899236147,2.98107165532905,0.00119123152643975,0.0706593927332015,0.446625094494058,0.343006817231431,8,2,100,0.128923194576792,-0.0838759804360953,28,1.11272309478848,1,9.1762,256,0.2,0.2,20,"both",0.128923194576792,-0.0838759804360953
"2786","session2",-16.3891278735925,14.3276899236147,2.98107165532905,0.00119123152643975,0.0706593927332015,0.446625094494058,0.343006817231431,8,2,100,0.128923194576792,-0.0838759804360953,28,1.50799886696441,1,22.4956,256,0.2,0.2,20,"both",0.128923194576792,-0.0838759804360953
"2787","session2",-16.3891278735925,14.3276899236147,2.98107165532905,0.00119123152643975,0.0706593927332015,0.446625094494058,0.343006817231431,8,2,100,0.128923194576792,-0.0838759804360953,28,2.34993008883724,0,-32.0656,256,0.2,0.2,20,"both",0.128923194576792,-0.0838759804360953
"2788","session2",-16.3891278735925,14.3276899236147,2.98107165532905,0.00119123152643975,0.0706593927332015,0.446625094494058,0.343006817231431,8,2,100,0.128923194576792,-0.0838759804360953,28,2.38027581617103,1,-27.2249,256,0.2,0.2,20,"both",0.128923194576792,-0.0838759804360953
"2789","session2",-16.3891278735925,14.3276899236147,2.98107165532905,0.00119123152643975,0.0706593927332015,0.446625094494058,0.343006817231431,8,2,100,0.128923194576792,-0.0838759804360953,28,2.56698097250945,0,-29.9808,256,0.2,0.2,20,"both",0.128923194576792,-0.0838759804360953
"2790","session2",-16.3891278735925,14.3276899236147,2.98107165532905,0.00119123152643975,0.0706593927332015,0.446625094494058,0.343006817231431,8,2,100,0.128923194576792,-0.0838759804360953,28,2.48023214518086,0,-26.7493,256,0.2,0.2,20,"both",0.128923194576792,-0.0838759804360953
"2791","session2",-16.3891278735925,14.3276899236147,2.98107165532905,0.00119123152643975,0.0706593927332015,0.446625094494058,0.343006817231431,8,2,100,0.128923194576792,-0.0838759804360953,28,0.905576311356506,1,14.2777,256,0.2,0.2,20,"both",0.128923194576792,-0.0838759804360953
"2792","session2",-16.3891278735925,14.3276899236147,2.98107165532905,0.00119123152643975,0.0706593927332015,0.446625094494058,0.343006817231431,8,2,100,0.128923194576792,-0.0838759804360953,28,1.42366200236773,0,-24.1223,256,0.2,0.2,20,"both",0.128923194576792,-0.0838759804360953
"2793","session2",-16.3891278735925,14.3276899236147,2.98107165532905,0.00119123152643975,0.0706593927332015,0.446625094494058,0.343006817231431,8,2,100,0.128923194576792,-0.0838759804360953,28,1.81834392572286,1,10.6834,256,0.2,0.2,20,"both",0.128923194576792,-0.0838759804360953
"2794","session2",-16.3891278735925,14.3276899236147,2.98107165532905,0.00119123152643975,0.0706593927332015,0.446625094494058,0.343006817231431,8,2,100,0.128923194576792,-0.0838759804360953,28,1.05887341592816,0,9.2313,256,0.2,0.2,20,"both",0.128923194576792,-0.0838759804360953
"2795","session2",-16.3891278735925,14.3276899236147,2.98107165532905,0.00119123152643975,0.0706593927332015,0.446625094494058,0.343006817231431,8,2,100,0.128923194576792,-0.0838759804360953,28,2.97969747630923,1,3.983,256,0.2,0.2,20,"both",0.128923194576792,-0.0838759804360953
"2796","session2",-16.3891278735925,14.3276899236147,2.98107165532905,0.00119123152643975,0.0706593927332015,0.446625094494058,0.343006817231431,8,2,100,0.128923194576792,-0.0838759804360953,28,0.81650879881304,1,14.38392,256,0.2,0.2,20,"both",0.128923194576792,-0.0838759804360953
"2797","session2",-16.3891278735925,14.3276899236147,2.98107165532905,0.00119123152643975,0.0706593927332015,0.446625094494058,0.343006817231431,8,2,100,0.128923194576792,-0.0838759804360953,28,1.2748603730185,0,-38.0155,256,0.2,0.2,20,"both",0.128923194576792,-0.0838759804360953
"2798","session2",-16.3891278735925,14.3276899236147,2.98107165532905,0.00119123152643975,0.0706593927332015,0.446625094494058,0.343006817231431,8,2,100,0.128923194576792,-0.0838759804360953,28,1.69897522176042,0,-30.2247,256,0.2,0.2,20,"both",0.128923194576792,-0.0838759804360953
"2799","session2",-16.3891278735925,14.3276899236147,2.98107165532905,0.00119123152643975,0.0706593927332015,0.446625094494058,0.343006817231431,8,2,100,0.128923194576792,-0.0838759804360953,28,4.93365254699034,1,-4.4561,256,0.2,0.2,20,"both",0.128923194576792,-0.0838759804360953
"2800","session2",-16.3891278735925,14.3276899236147,2.98107165532905,0.00119123152643975,0.0706593927332015,0.446625094494058,0.343006817231431,8,2,100,0.128923194576792,-0.0838759804360953,28,1.06320643188135,1,-3.0778,256,0.2,0.2,20,"both",0.128923194576792,-0.0838759804360953
"2801","session2",-2.0294340197944,12.9296966958869,3.0180125141349,0.000184240012302394,-0.1880538816185,0.423584956878204,0.641515022043405,9,2,100,0.128923194576792,-0.0838759804360953,29,2.12002659141826,1,-8.43113553846,256,0.2,0.2,20,"both",0.128923194576792,-0.0838759804360953
"2802","session2",-2.0294340197944,12.9296966958869,3.0180125141349,0.000184240012302394,-0.1880538816185,0.423584956878204,0.641515022043405,9,2,100,0.128923194576792,-0.0838759804360953,29,2.81134717546322,0,-10.260312066,256,0.2,0.2,20,"both",0.128923194576792,-0.0838759804360953
"2803","session2",-2.0294340197944,12.9296966958869,3.0180125141349,0.000184240012302394,-0.1880538816185,0.423584956878204,0.641515022043405,9,2,100,0.128923194576792,-0.0838759804360953,29,1.55106445723006,1,-1.8706451009,256,0.2,0.2,20,"both",0.128923194576792,-0.0838759804360953
"2804","session2",-2.0294340197944,12.9296966958869,3.0180125141349,0.000184240012302394,-0.1880538816185,0.423584956878204,0.641515022043405,9,2,100,0.128923194576792,-0.0838759804360953,29,2.4162909106784,1,-8.07827944,256,0.2,0.2,20,"both",0.128923194576792,-0.0838759804360953
"2805","session2",-2.0294340197944,12.9296966958869,3.0180125141349,0.000184240012302394,-0.1880538816185,0.423584956878204,0.641515022043405,9,2,100,0.128923194576792,-0.0838759804360953,29,2.02090352246656,0,-12.2160907063,256,0.2,0.2,20,"both",0.128923194576792,-0.0838759804360953
"2806","session2",-2.0294340197944,12.9296966958869,3.0180125141349,0.000184240012302394,-0.1880538816185,0.423584956878204,0.641515022043405,9,2,100,0.128923194576792,-0.0838759804360953,29,1.72427720896115,0,-24.09189,256,0.2,0.2,20,"both",0.128923194576792,-0.0838759804360953
"2807","session2",-2.0294340197944,12.9296966958869,3.0180125141349,0.000184240012302394,-0.1880538816185,0.423584956878204,0.641515022043405,9,2,100,0.128923194576792,-0.0838759804360953,29,1.41227949113937,0,-26.16166,256,0.2,0.2,20,"both",0.128923194576792,-0.0838759804360953
"2808","session2",-2.0294340197944,12.9296966958869,3.0180125141349,0.000184240012302394,-0.1880538816185,0.423584956878204,0.641515022043405,9,2,100,0.128923194576792,-0.0838759804360953,29,1.68788379105445,0,-14.89658,256,0.2,0.2,20,"both",0.128923194576792,-0.0838759804360953
"2809","session2",-2.0294340197944,12.9296966958869,3.0180125141349,0.000184240012302394,-0.1880538816185,0.423584956878204,0.641515022043405,9,2,100,0.128923194576792,-0.0838759804360953,29,5.98222382225175,0,0.18451,256,0.2,0.2,20,"both",0.128923194576792,-0.0838759804360953
"2810","session2",-2.0294340197944,12.9296966958869,3.0180125141349,0.000184240012302394,-0.1880538816185,0.423584956878204,0.641515022043405,9,2,100,0.128923194576792,-0.0838759804360953,29,1.83317165351537,0,-0.67038648438,256,0.2,0.2,20,"both",0.128923194576792,-0.0838759804360953
"2811","session2",-2.0294340197944,12.9296966958869,3.0180125141349,0.000184240012302394,-0.1880538816185,0.423584956878204,0.641515022043405,9,2,100,0.128923194576792,-0.0838759804360953,29,1.23693752670198,0,-17.76863,256,0.2,0.2,20,"both",0.128923194576792,-0.0838759804360953
"2812","session2",-2.0294340197944,12.9296966958869,3.0180125141349,0.000184240012302394,-0.1880538816185,0.423584956878204,0.641515022043405,9,2,100,0.128923194576792,-0.0838759804360953,29,3.07164950442704,0,-5.12007,256,0.2,0.2,20,"both",0.128923194576792,-0.0838759804360953
"2813","session2",-2.0294340197944,12.9296966958869,3.0180125141349,0.000184240012302394,-0.1880538816185,0.423584956878204,0.641515022043405,9,2,100,0.128923194576792,-0.0838759804360953,29,2.27343627972162,1,6.76354,256,0.2,0.2,20,"both",0.128923194576792,-0.0838759804360953
"2814","session2",-2.0294340197944,12.9296966958869,3.0180125141349,0.000184240012302394,-0.1880538816185,0.423584956878204,0.641515022043405,9,2,100,0.128923194576792,-0.0838759804360953,29,1.44165957557316,1,14.11127,256,0.2,0.2,20,"both",0.128923194576792,-0.0838759804360953
"2815","session2",-2.0294340197944,12.9296966958869,3.0180125141349,0.000184240012302394,-0.1880538816185,0.423584956878204,0.641515022043405,9,2,100,0.128923194576792,-0.0838759804360953,29,2.36251391276303,1,15.05679,256,0.2,0.2,20,"both",0.128923194576792,-0.0838759804360953
"2816","session2",-2.0294340197944,12.9296966958869,3.0180125141349,0.000184240012302394,-0.1880538816185,0.423584956878204,0.641515022043405,9,2,100,0.128923194576792,-0.0838759804360953,29,3.88745051104345,1,-2.22367,256,0.2,0.2,20,"both",0.128923194576792,-0.0838759804360953
"2817","session2",-2.0294340197944,12.9296966958869,3.0180125141349,0.000184240012302394,-0.1880538816185,0.423584956878204,0.641515022043405,9,2,100,0.128923194576792,-0.0838759804360953,29,2.0498932599464,1,35.17528,256,0.2,0.2,20,"both",0.128923194576792,-0.0838759804360953
"2818","session2",-2.0294340197944,12.9296966958869,3.0180125141349,0.000184240012302394,-0.1880538816185,0.423584956878204,0.641515022043405,9,2,100,0.128923194576792,-0.0838759804360953,29,2.69435975169622,0,-10.32862,256,0.2,0.2,20,"both",0.128923194576792,-0.0838759804360953
"2819","session2",-2.0294340197944,12.9296966958869,3.0180125141349,0.000184240012302394,-0.1880538816185,0.423584956878204,0.641515022043405,9,2,100,0.128923194576792,-0.0838759804360953,29,1.39187938522291,1,24.67389,256,0.2,0.2,20,"both",0.128923194576792,-0.0838759804360953
"2820","session2",-2.0294340197944,12.9296966958869,3.0180125141349,0.000184240012302394,-0.1880538816185,0.423584956878204,0.641515022043405,9,2,100,0.128923194576792,-0.0838759804360953,29,1.63699257679482,0,-16.29403,256,0.2,0.2,20,"both",0.128923194576792,-0.0838759804360953
"2821","session2",-2.0294340197944,12.9296966958869,3.0180125141349,0.000184240012302394,-0.1880538816185,0.423584956878204,0.641515022043405,9,2,100,0.128923194576792,-0.0838759804360953,29,3.03869892334112,1,18.24234,256,0.2,0.2,20,"both",0.128923194576792,-0.0838759804360953
"2822","session2",-2.0294340197944,12.9296966958869,3.0180125141349,0.000184240012302394,-0.1880538816185,0.423584956878204,0.641515022043405,9,2,100,0.128923194576792,-0.0838759804360953,29,1.8314431059056,0,-23.74478,256,0.2,0.2,20,"both",0.128923194576792,-0.0838759804360953
"2823","session2",-2.0294340197944,12.9296966958869,3.0180125141349,0.000184240012302394,-0.1880538816185,0.423584956878204,0.641515022043405,9,2,100,0.128923194576792,-0.0838759804360953,29,3.94510232941326,0,-5.63356,256,0.2,0.2,20,"both",0.128923194576792,-0.0838759804360953
"2824","session2",-2.0294340197944,12.9296966958869,3.0180125141349,0.000184240012302394,-0.1880538816185,0.423584956878204,0.641515022043405,9,2,100,0.128923194576792,-0.0838759804360953,29,1.34230595243019,1,5.06254,256,0.2,0.2,20,"both",0.128923194576792,-0.0838759804360953
"2825","session2",-2.0294340197944,12.9296966958869,3.0180125141349,0.000184240012302394,-0.1880538816185,0.423584956878204,0.641515022043405,9,2,100,0.128923194576792,-0.0838759804360953,29,1.9330239633923,0,-12.05941,256,0.2,0.2,20,"both",0.128923194576792,-0.0838759804360953
"2826","session2",-2.0294340197944,12.9296966958869,3.0180125141349,0.000184240012302394,-0.1880538816185,0.423584956878204,0.641515022043405,9,2,100,0.128923194576792,-0.0838759804360953,29,2.90038519988199,1,3.85217,256,0.2,0.2,20,"both",0.128923194576792,-0.0838759804360953
"2827","session2",-2.0294340197944,12.9296966958869,3.0180125141349,0.000184240012302394,-0.1880538816185,0.423584956878204,0.641515022043405,9,2,100,0.128923194576792,-0.0838759804360953,29,1.42012734871837,0,-10.730942,256,0.2,0.2,20,"both",0.128923194576792,-0.0838759804360953
"2828","session2",-2.0294340197944,12.9296966958869,3.0180125141349,0.000184240012302394,-0.1880538816185,0.423584956878204,0.641515022043405,9,2,100,0.128923194576792,-0.0838759804360953,29,1.47605217160076,0,-10.42929,256,0.2,0.2,20,"both",0.128923194576792,-0.0838759804360953
"2829","session2",-2.0294340197944,12.9296966958869,3.0180125141349,0.000184240012302394,-0.1880538816185,0.423584956878204,0.641515022043405,9,2,100,0.128923194576792,-0.0838759804360953,29,1.77959942832589,1,-8.91898,256,0.2,0.2,20,"both",0.128923194576792,-0.0838759804360953
"2830","session2",-2.0294340197944,12.9296966958869,3.0180125141349,0.000184240012302394,-0.1880538816185,0.423584956878204,0.641515022043405,9,2,100,0.128923194576792,-0.0838759804360953,29,1.21885600899713,1,12.84033,256,0.2,0.2,20,"both",0.128923194576792,-0.0838759804360953
"2831","session2",-2.0294340197944,12.9296966958869,3.0180125141349,0.000184240012302394,-0.1880538816185,0.423584956878204,0.641515022043405,9,2,100,0.128923194576792,-0.0838759804360953,29,2.54247285622202,0,-7.92167,256,0.2,0.2,20,"both",0.128923194576792,-0.0838759804360953
"2832","session2",-2.0294340197944,12.9296966958869,3.0180125141349,0.000184240012302394,-0.1880538816185,0.423584956878204,0.641515022043405,9,2,100,0.128923194576792,-0.0838759804360953,29,2.78484840133603,0,-10.624944,256,0.2,0.2,20,"both",0.128923194576792,-0.0838759804360953
"2833","session2",-2.0294340197944,12.9296966958869,3.0180125141349,0.000184240012302394,-0.1880538816185,0.423584956878204,0.641515022043405,9,2,100,0.128923194576792,-0.0838759804360953,29,1.65856215306684,0,-4.004,256,0.2,0.2,20,"both",0.128923194576792,-0.0838759804360953
"2834","session2",-2.0294340197944,12.9296966958869,3.0180125141349,0.000184240012302394,-0.1880538816185,0.423584956878204,0.641515022043405,9,2,100,0.128923194576792,-0.0838759804360953,29,2.19747485183237,0,-5.765609,256,0.2,0.2,20,"both",0.128923194576792,-0.0838759804360953
"2835","session2",-2.0294340197944,12.9296966958869,3.0180125141349,0.000184240012302394,-0.1880538816185,0.423584956878204,0.641515022043405,9,2,100,0.128923194576792,-0.0838759804360953,29,2.52114498966962,0,6.737461,256,0.2,0.2,20,"both",0.128923194576792,-0.0838759804360953
"2836","session2",-2.0294340197944,12.9296966958869,3.0180125141349,0.000184240012302394,-0.1880538816185,0.423584956878204,0.641515022043405,9,2,100,0.128923194576792,-0.0838759804360953,29,3.02364165135087,0,-8.2954753,256,0.2,0.2,20,"both",0.128923194576792,-0.0838759804360953
"2837","session2",-2.0294340197944,12.9296966958869,3.0180125141349,0.000184240012302394,-0.1880538816185,0.423584956878204,0.641515022043405,9,2,100,0.128923194576792,-0.0838759804360953,29,1.87706096547782,1,-14.27237,256,0.2,0.2,20,"both",0.128923194576792,-0.0838759804360953
"2838","session2",-2.0294340197944,12.9296966958869,3.0180125141349,0.000184240012302394,-0.1880538816185,0.423584956878204,0.641515022043405,9,2,100,0.128923194576792,-0.0838759804360953,29,2.52493189777869,1,6.62367,256,0.2,0.2,20,"both",0.128923194576792,-0.0838759804360953
"2839","session2",-2.0294340197944,12.9296966958869,3.0180125141349,0.000184240012302394,-0.1880538816185,0.423584956878204,0.641515022043405,9,2,100,0.128923194576792,-0.0838759804360953,29,5.63292946559802,0,-5.84271,256,0.2,0.2,20,"both",0.128923194576792,-0.0838759804360953
"2840","session2",-2.0294340197944,12.9296966958869,3.0180125141349,0.000184240012302394,-0.1880538816185,0.423584956878204,0.641515022043405,9,2,100,0.128923194576792,-0.0838759804360953,29,2.41552245424629,0,-6.095775,256,0.2,0.2,20,"both",0.128923194576792,-0.0838759804360953
"2841","session2",-2.0294340197944,12.9296966958869,3.0180125141349,0.000184240012302394,-0.1880538816185,0.423584956878204,0.641515022043405,9,2,100,0.128923194576792,-0.0838759804360953,29,1.71262316239394,0,-39.831,256,0.2,0.2,20,"both",0.128923194576792,-0.0838759804360953
"2842","session2",-2.0294340197944,12.9296966958869,3.0180125141349,0.000184240012302394,-0.1880538816185,0.423584956878204,0.641515022043405,9,2,100,0.128923194576792,-0.0838759804360953,29,1.32924657604051,1,-0.642,256,0.2,0.2,20,"both",0.128923194576792,-0.0838759804360953
"2843","session2",-2.0294340197944,12.9296966958869,3.0180125141349,0.000184240012302394,-0.1880538816185,0.423584956878204,0.641515022043405,9,2,100,0.128923194576792,-0.0838759804360953,29,1.54484965349946,1,11.246107,256,0.2,0.2,20,"both",0.128923194576792,-0.0838759804360953
"2844","session2",-2.0294340197944,12.9296966958869,3.0180125141349,0.000184240012302394,-0.1880538816185,0.423584956878204,0.641515022043405,9,2,100,0.128923194576792,-0.0838759804360953,29,2.99949956000735,1,6.38463,256,0.2,0.2,20,"both",0.128923194576792,-0.0838759804360953
"2845","session2",-2.0294340197944,12.9296966958869,3.0180125141349,0.000184240012302394,-0.1880538816185,0.423584956878204,0.641515022043405,9,2,100,0.128923194576792,-0.0838759804360953,29,1.14663600710188,0,12.42837,256,0.2,0.2,20,"both",0.128923194576792,-0.0838759804360953
"2846","session2",-2.0294340197944,12.9296966958869,3.0180125141349,0.000184240012302394,-0.1880538816185,0.423584956878204,0.641515022043405,9,2,100,0.128923194576792,-0.0838759804360953,29,2.69921634520383,0,-7.88239,256,0.2,0.2,20,"both",0.128923194576792,-0.0838759804360953
"2847","session2",-2.0294340197944,12.9296966958869,3.0180125141349,0.000184240012302394,-0.1880538816185,0.423584956878204,0.641515022043405,9,2,100,0.128923194576792,-0.0838759804360953,29,1.91677694089937,1,12.03171,256,0.2,0.2,20,"both",0.128923194576792,-0.0838759804360953
"2848","session2",-2.0294340197944,12.9296966958869,3.0180125141349,0.000184240012302394,-0.1880538816185,0.423584956878204,0.641515022043405,9,2,100,0.128923194576792,-0.0838759804360953,29,3.08537631548463,0,-8.852868,256,0.2,0.2,20,"both",0.128923194576792,-0.0838759804360953
"2849","session2",-2.0294340197944,12.9296966958869,3.0180125141349,0.000184240012302394,-0.1880538816185,0.423584956878204,0.641515022043405,9,2,100,0.128923194576792,-0.0838759804360953,29,1.71181699617032,0,9.376049,256,0.2,0.2,20,"both",0.128923194576792,-0.0838759804360953
"2850","session2",-2.0294340197944,12.9296966958869,3.0180125141349,0.000184240012302394,-0.1880538816185,0.423584956878204,0.641515022043405,9,2,100,0.128923194576792,-0.0838759804360953,29,1.23152818768508,1,10.263629,256,0.2,0.2,20,"both",0.128923194576792,-0.0838759804360953
"2851","session2",-2.0294340197944,12.9296966958869,3.0180125141349,0.000184240012302394,-0.1880538816185,0.423584956878204,0.641515022043405,9,2,100,0.128923194576792,-0.0838759804360953,29,1.30082478394141,1,21.68042,256,0.2,0.2,20,"both",0.128923194576792,-0.0838759804360953
"2852","session2",-2.0294340197944,12.9296966958869,3.0180125141349,0.000184240012302394,-0.1880538816185,0.423584956878204,0.641515022043405,9,2,100,0.128923194576792,-0.0838759804360953,29,2.45388198156934,1,2.94418,256,0.2,0.2,20,"both",0.128923194576792,-0.0838759804360953
"2853","session2",-2.0294340197944,12.9296966958869,3.0180125141349,0.000184240012302394,-0.1880538816185,0.423584956878204,0.641515022043405,9,2,100,0.128923194576792,-0.0838759804360953,29,1.49500915289359,0,-12.71502,256,0.2,0.2,20,"both",0.128923194576792,-0.0838759804360953
"2854","session2",-2.0294340197944,12.9296966958869,3.0180125141349,0.000184240012302394,-0.1880538816185,0.423584956878204,0.641515022043405,9,2,100,0.128923194576792,-0.0838759804360953,29,2.60800993283807,1,-8.42016,256,0.2,0.2,20,"both",0.128923194576792,-0.0838759804360953
"2855","session2",-2.0294340197944,12.9296966958869,3.0180125141349,0.000184240012302394,-0.1880538816185,0.423584956878204,0.641515022043405,9,2,100,0.128923194576792,-0.0838759804360953,29,1.74422004201725,0,-8.393314,256,0.2,0.2,20,"both",0.128923194576792,-0.0838759804360953
"2856","session2",-2.0294340197944,12.9296966958869,3.0180125141349,0.000184240012302394,-0.1880538816185,0.423584956878204,0.641515022043405,9,2,100,0.128923194576792,-0.0838759804360953,29,1.41201223141838,0,-11.75196,256,0.2,0.2,20,"both",0.128923194576792,-0.0838759804360953
"2857","session2",-2.0294340197944,12.9296966958869,3.0180125141349,0.000184240012302394,-0.1880538816185,0.423584956878204,0.641515022043405,9,2,100,0.128923194576792,-0.0838759804360953,29,1.84953404360423,1,15.43946,256,0.2,0.2,20,"both",0.128923194576792,-0.0838759804360953
"2858","session2",-2.0294340197944,12.9296966958869,3.0180125141349,0.000184240012302394,-0.1880538816185,0.423584956878204,0.641515022043405,9,2,100,0.128923194576792,-0.0838759804360953,29,1.46874848269211,1,19.59591,256,0.2,0.2,20,"both",0.128923194576792,-0.0838759804360953
"2859","session2",-2.0294340197944,12.9296966958869,3.0180125141349,0.000184240012302394,-0.1880538816185,0.423584956878204,0.641515022043405,9,2,100,0.128923194576792,-0.0838759804360953,29,1.92572183227939,1,12.38448,256,0.2,0.2,20,"both",0.128923194576792,-0.0838759804360953
"2860","session2",-2.0294340197944,12.9296966958869,3.0180125141349,0.000184240012302394,-0.1880538816185,0.423584956878204,0.641515022043405,9,2,100,0.128923194576792,-0.0838759804360953,29,2.08882142297838,1,5.385392,256,0.2,0.2,20,"both",0.128923194576792,-0.0838759804360953
"2861","session2",-2.0294340197944,12.9296966958869,3.0180125141349,0.000184240012302394,-0.1880538816185,0.423584956878204,0.641515022043405,9,2,100,0.128923194576792,-0.0838759804360953,29,1.50555131869958,0,-9.12766,256,0.2,0.2,20,"both",0.128923194576792,-0.0838759804360953
"2862","session2",-2.0294340197944,12.9296966958869,3.0180125141349,0.000184240012302394,-0.1880538816185,0.423584956878204,0.641515022043405,9,2,100,0.128923194576792,-0.0838759804360953,29,2.20935348832038,1,4.7522782,256,0.2,0.2,20,"both",0.128923194576792,-0.0838759804360953
"2863","session2",-2.0294340197944,12.9296966958869,3.0180125141349,0.000184240012302394,-0.1880538816185,0.423584956878204,0.641515022043405,9,2,100,0.128923194576792,-0.0838759804360953,29,3.35962670060679,0,-3.006553,256,0.2,0.2,20,"both",0.128923194576792,-0.0838759804360953
"2864","session2",-2.0294340197944,12.9296966958869,3.0180125141349,0.000184240012302394,-0.1880538816185,0.423584956878204,0.641515022043405,9,2,100,0.128923194576792,-0.0838759804360953,29,2.9673608987553,0,-6.556383,256,0.2,0.2,20,"both",0.128923194576792,-0.0838759804360953
"2865","session2",-2.0294340197944,12.9296966958869,3.0180125141349,0.000184240012302394,-0.1880538816185,0.423584956878204,0.641515022043405,9,2,100,0.128923194576792,-0.0838759804360953,29,1.59643114403318,0,-9.78329,256,0.2,0.2,20,"both",0.128923194576792,-0.0838759804360953
"2866","session2",-2.0294340197944,12.9296966958869,3.0180125141349,0.000184240012302394,-0.1880538816185,0.423584956878204,0.641515022043405,9,2,100,0.128923194576792,-0.0838759804360953,29,1.69237268724658,1,6.60638,256,0.2,0.2,20,"both",0.128923194576792,-0.0838759804360953
"2867","session2",-2.0294340197944,12.9296966958869,3.0180125141349,0.000184240012302394,-0.1880538816185,0.423584956878204,0.641515022043405,9,2,100,0.128923194576792,-0.0838759804360953,29,1.95797706426922,1,1.32866,256,0.2,0.2,20,"both",0.128923194576792,-0.0838759804360953
"2868","session2",-2.0294340197944,12.9296966958869,3.0180125141349,0.000184240012302394,-0.1880538816185,0.423584956878204,0.641515022043405,9,2,100,0.128923194576792,-0.0838759804360953,29,2.83569168549842,0,-3.319,256,0.2,0.2,20,"both",0.128923194576792,-0.0838759804360953
"2869","session2",-2.0294340197944,12.9296966958869,3.0180125141349,0.000184240012302394,-0.1880538816185,0.423584956878204,0.641515022043405,9,2,100,0.128923194576792,-0.0838759804360953,29,3.304866496952,1,7.444507,256,0.2,0.2,20,"both",0.128923194576792,-0.0838759804360953
"2870","session2",-2.0294340197944,12.9296966958869,3.0180125141349,0.000184240012302394,-0.1880538816185,0.423584956878204,0.641515022043405,9,2,100,0.128923194576792,-0.0838759804360953,29,1.41367166605085,0,6.81985,256,0.2,0.2,20,"both",0.128923194576792,-0.0838759804360953
"2871","session2",-2.0294340197944,12.9296966958869,3.0180125141349,0.000184240012302394,-0.1880538816185,0.423584956878204,0.641515022043405,9,2,100,0.128923194576792,-0.0838759804360953,29,1.85435815969129,1,6.288051,256,0.2,0.2,20,"both",0.128923194576792,-0.0838759804360953
"2872","session2",-2.0294340197944,12.9296966958869,3.0180125141349,0.000184240012302394,-0.1880538816185,0.423584956878204,0.641515022043405,9,2,100,0.128923194576792,-0.0838759804360953,29,1.89167407187118,0,4.3123807,256,0.2,0.2,20,"both",0.128923194576792,-0.0838759804360953
"2873","session2",-2.0294340197944,12.9296966958869,3.0180125141349,0.000184240012302394,-0.1880538816185,0.423584956878204,0.641515022043405,9,2,100,0.128923194576792,-0.0838759804360953,29,2.36414278121769,1,5.2212505,256,0.2,0.2,20,"both",0.128923194576792,-0.0838759804360953
"2874","session2",-2.0294340197944,12.9296966958869,3.0180125141349,0.000184240012302394,-0.1880538816185,0.423584956878204,0.641515022043405,9,2,100,0.128923194576792,-0.0838759804360953,29,1.39775998262261,0,-11.13289,256,0.2,0.2,20,"both",0.128923194576792,-0.0838759804360953
"2875","session2",-2.0294340197944,12.9296966958869,3.0180125141349,0.000184240012302394,-0.1880538816185,0.423584956878204,0.641515022043405,9,2,100,0.128923194576792,-0.0838759804360953,29,1.63097358795996,0,-7.57129,256,0.2,0.2,20,"both",0.128923194576792,-0.0838759804360953
"2876","session2",-2.0294340197944,12.9296966958869,3.0180125141349,0.000184240012302394,-0.1880538816185,0.423584956878204,0.641515022043405,9,2,100,0.128923194576792,-0.0838759804360953,29,1.96747527195665,1,0.16551,256,0.2,0.2,20,"both",0.128923194576792,-0.0838759804360953
"2877","session2",-2.0294340197944,12.9296966958869,3.0180125141349,0.000184240012302394,-0.1880538816185,0.423584956878204,0.641515022043405,9,2,100,0.128923194576792,-0.0838759804360953,29,1.86467660272688,1,2.22842,256,0.2,0.2,20,"both",0.128923194576792,-0.0838759804360953
"2878","session2",-2.0294340197944,12.9296966958869,3.0180125141349,0.000184240012302394,-0.1880538816185,0.423584956878204,0.641515022043405,9,2,100,0.128923194576792,-0.0838759804360953,29,1.8383870130459,1,4.47707,256,0.2,0.2,20,"both",0.128923194576792,-0.0838759804360953
"2879","session2",-2.0294340197944,12.9296966958869,3.0180125141349,0.000184240012302394,-0.1880538816185,0.423584956878204,0.641515022043405,9,2,100,0.128923194576792,-0.0838759804360953,29,2.08348960979813,0,1.437189,256,0.2,0.2,20,"both",0.128923194576792,-0.0838759804360953
"2880","session2",-2.0294340197944,12.9296966958869,3.0180125141349,0.000184240012302394,-0.1880538816185,0.423584956878204,0.641515022043405,9,2,100,0.128923194576792,-0.0838759804360953,29,1.51012866384461,1,12.80633,256,0.2,0.2,20,"both",0.128923194576792,-0.0838759804360953
"2881","session2",-2.0294340197944,12.9296966958869,3.0180125141349,0.000184240012302394,-0.1880538816185,0.423584956878204,0.641515022043405,9,2,100,0.128923194576792,-0.0838759804360953,29,3.89477548693329,1,5.40714,256,0.2,0.2,20,"both",0.128923194576792,-0.0838759804360953
"2882","session2",-2.0294340197944,12.9296966958869,3.0180125141349,0.000184240012302394,-0.1880538816185,0.423584956878204,0.641515022043405,9,2,100,0.128923194576792,-0.0838759804360953,29,1.77876346920218,1,-6.854679,256,0.2,0.2,20,"both",0.128923194576792,-0.0838759804360953
"2883","session2",-2.0294340197944,12.9296966958869,3.0180125141349,0.000184240012302394,-0.1880538816185,0.423584956878204,0.641515022043405,9,2,100,0.128923194576792,-0.0838759804360953,29,2.09824998075532,1,5.91652,256,0.2,0.2,20,"both",0.128923194576792,-0.0838759804360953
"2884","session2",-2.0294340197944,12.9296966958869,3.0180125141349,0.000184240012302394,-0.1880538816185,0.423584956878204,0.641515022043405,9,2,100,0.128923194576792,-0.0838759804360953,29,2.11044008168185,1,9.46626,256,0.2,0.2,20,"both",0.128923194576792,-0.0838759804360953
"2885","session2",-2.0294340197944,12.9296966958869,3.0180125141349,0.000184240012302394,-0.1880538816185,0.423584956878204,0.641515022043405,9,2,100,0.128923194576792,-0.0838759804360953,29,2.25674576570247,0,-7.714489,256,0.2,0.2,20,"both",0.128923194576792,-0.0838759804360953
"2886","session2",-2.0294340197944,12.9296966958869,3.0180125141349,0.000184240012302394,-0.1880538816185,0.423584956878204,0.641515022043405,9,2,100,0.128923194576792,-0.0838759804360953,29,2.54024466049787,1,6.420308,256,0.2,0.2,20,"both",0.128923194576792,-0.0838759804360953
"2887","session2",-2.0294340197944,12.9296966958869,3.0180125141349,0.000184240012302394,-0.1880538816185,0.423584956878204,0.641515022043405,9,2,100,0.128923194576792,-0.0838759804360953,29,2.21046357746608,0,3.379389,256,0.2,0.2,20,"both",0.128923194576792,-0.0838759804360953
"2888","session2",-2.0294340197944,12.9296966958869,3.0180125141349,0.000184240012302394,-0.1880538816185,0.423584956878204,0.641515022043405,9,2,100,0.128923194576792,-0.0838759804360953,29,1.89479480873548,1,8.68171,256,0.2,0.2,20,"both",0.128923194576792,-0.0838759804360953
"2889","session2",-2.0294340197944,12.9296966958869,3.0180125141349,0.000184240012302394,-0.1880538816185,0.423584956878204,0.641515022043405,9,2,100,0.128923194576792,-0.0838759804360953,29,1.30025402673962,0,-7.58075,256,0.2,0.2,20,"both",0.128923194576792,-0.0838759804360953
"2890","session2",-2.0294340197944,12.9296966958869,3.0180125141349,0.000184240012302394,-0.1880538816185,0.423584956878204,0.641515022043405,9,2,100,0.128923194576792,-0.0838759804360953,29,1.83814988391207,0,11.31432,256,0.2,0.2,20,"both",0.128923194576792,-0.0838759804360953
"2891","session2",-2.0294340197944,12.9296966958869,3.0180125141349,0.000184240012302394,-0.1880538816185,0.423584956878204,0.641515022043405,9,2,100,0.128923194576792,-0.0838759804360953,29,2.11846723371421,1,9.872499,256,0.2,0.2,20,"both",0.128923194576792,-0.0838759804360953
"2892","session2",-2.0294340197944,12.9296966958869,3.0180125141349,0.000184240012302394,-0.1880538816185,0.423584956878204,0.641515022043405,9,2,100,0.128923194576792,-0.0838759804360953,29,2.62938064404835,1,11.191415,256,0.2,0.2,20,"both",0.128923194576792,-0.0838759804360953
"2893","session2",-2.0294340197944,12.9296966958869,3.0180125141349,0.000184240012302394,-0.1880538816185,0.423584956878204,0.641515022043405,9,2,100,0.128923194576792,-0.0838759804360953,29,1.58949164633288,1,6.92479,256,0.2,0.2,20,"both",0.128923194576792,-0.0838759804360953
"2894","session2",-2.0294340197944,12.9296966958869,3.0180125141349,0.000184240012302394,-0.1880538816185,0.423584956878204,0.641515022043405,9,2,100,0.128923194576792,-0.0838759804360953,29,1.70301480180018,0,-8.75387,256,0.2,0.2,20,"both",0.128923194576792,-0.0838759804360953
"2895","session2",-2.0294340197944,12.9296966958869,3.0180125141349,0.000184240012302394,-0.1880538816185,0.423584956878204,0.641515022043405,9,2,100,0.128923194576792,-0.0838759804360953,29,2.23137898050966,1,-7.67332,256,0.2,0.2,20,"both",0.128923194576792,-0.0838759804360953
"2896","session2",-2.0294340197944,12.9296966958869,3.0180125141349,0.000184240012302394,-0.1880538816185,0.423584956878204,0.641515022043405,9,2,100,0.128923194576792,-0.0838759804360953,29,2.26967764157072,0,-5.023398,256,0.2,0.2,20,"both",0.128923194576792,-0.0838759804360953
"2897","session2",-2.0294340197944,12.9296966958869,3.0180125141349,0.000184240012302394,-0.1880538816185,0.423584956878204,0.641515022043405,9,2,100,0.128923194576792,-0.0838759804360953,29,1.96141885945456,0,-4.049973,256,0.2,0.2,20,"both",0.128923194576792,-0.0838759804360953
"2898","session2",-2.0294340197944,12.9296966958869,3.0180125141349,0.000184240012302394,-0.1880538816185,0.423584956878204,0.641515022043405,9,2,100,0.128923194576792,-0.0838759804360953,29,1.61951981826974,0,-9.832771,256,0.2,0.2,20,"both",0.128923194576792,-0.0838759804360953
"2899","session2",-2.0294340197944,12.9296966958869,3.0180125141349,0.000184240012302394,-0.1880538816185,0.423584956878204,0.641515022043405,9,2,100,0.128923194576792,-0.0838759804360953,29,3.47964857028075,0,-8.422382,256,0.2,0.2,20,"both",0.128923194576792,-0.0838759804360953
"2900","session2",-2.0294340197944,12.9296966958869,3.0180125141349,0.000184240012302394,-0.1880538816185,0.423584956878204,0.641515022043405,9,2,100,0.128923194576792,-0.0838759804360953,29,1.33638108205393,0,-6.19565,256,0.2,0.2,20,"both",0.128923194576792,-0.0838759804360953
"2901","session2",-18.5109229614148,9.39664839132235,2.39196889851764,7.94626599978879e-05,0.309390383924318,0.398143476268943,0.137100952864403,10,2,100,0.128923194576792,-0.0838759804360953,30,1.971606019442,0,-12.35614816002,256,0.2,0.2,20,"both",0.128923194576792,-0.0838759804360953
"2902","session2",-18.5109229614148,9.39664839132235,2.39196889851764,7.94626599978879e-05,0.309390383924318,0.398143476268943,0.137100952864403,10,2,100,0.128923194576792,-0.0838759804360953,30,1.14592072758968,1,5.3071665088,256,0.2,0.2,20,"both",0.128923194576792,-0.0838759804360953
"2903","session2",-18.5109229614148,9.39664839132235,2.39196889851764,7.94626599978879e-05,0.309390383924318,0.398143476268943,0.137100952864403,10,2,100,0.128923194576792,-0.0838759804360953,30,3.24824120860494,1,-1.1863103417,256,0.2,0.2,20,"both",0.128923194576792,-0.0838759804360953
"2904","session2",-18.5109229614148,9.39664839132235,2.39196889851764,7.94626599978879e-05,0.309390383924318,0.398143476268943,0.137100952864403,10,2,100,0.128923194576792,-0.0838759804360953,30,1.15091713672978,1,-5.0545770968,256,0.2,0.2,20,"both",0.128923194576792,-0.0838759804360953
"2905","session2",-18.5109229614148,9.39664839132235,2.39196889851764,7.94626599978879e-05,0.309390383924318,0.398143476268943,0.137100952864403,10,2,100,0.128923194576792,-0.0838759804360953,30,2.01396454324794,1,-10.2398134944,256,0.2,0.2,20,"both",0.128923194576792,-0.0838759804360953
"2906","session2",-18.5109229614148,9.39664839132235,2.39196889851764,7.94626599978879e-05,0.309390383924318,0.398143476268943,0.137100952864403,10,2,100,0.128923194576792,-0.0838759804360953,30,1.37058300209285,1,19.24443,256,0.2,0.2,20,"both",0.128923194576792,-0.0838759804360953
"2907","session2",-18.5109229614148,9.39664839132235,2.39196889851764,7.94626599978879e-05,0.309390383924318,0.398143476268943,0.137100952864403,10,2,100,0.128923194576792,-0.0838759804360953,30,1.69862169315281,1,-7.8312,256,0.2,0.2,20,"both",0.128923194576792,-0.0838759804360953
"2908","session2",-18.5109229614148,9.39664839132235,2.39196889851764,7.94626599978879e-05,0.309390383924318,0.398143476268943,0.137100952864403,10,2,100,0.128923194576792,-0.0838759804360953,30,2.99037318238133,1,-8.71974,256,0.2,0.2,20,"both",0.128923194576792,-0.0838759804360953
"2909","session2",-18.5109229614148,9.39664839132235,2.39196889851764,7.94626599978879e-05,0.309390383924318,0.398143476268943,0.137100952864403,10,2,100,0.128923194576792,-0.0838759804360953,30,1.1976663048039,1,12.5389,256,0.2,0.2,20,"both",0.128923194576792,-0.0838759804360953
"2910","session2",-18.5109229614148,9.39664839132235,2.39196889851764,7.94626599978879e-05,0.309390383924318,0.398143476268943,0.137100952864403,10,2,100,0.128923194576792,-0.0838759804360953,30,1.15226834080735,1,-23.73508,256,0.2,0.2,20,"both",0.128923194576792,-0.0838759804360953
"2911","session2",-18.5109229614148,9.39664839132235,2.39196889851764,7.94626599978879e-05,0.309390383924318,0.398143476268943,0.137100952864403,10,2,100,0.128923194576792,-0.0838759804360953,30,2.40359892379102,0,-19.03011,256,0.2,0.2,20,"both",0.128923194576792,-0.0838759804360953
"2912","session2",-18.5109229614148,9.39664839132235,2.39196889851764,7.94626599978879e-05,0.309390383924318,0.398143476268943,0.137100952864403,10,2,100,0.128923194576792,-0.0838759804360953,30,3.71149264499238,1,-13.3415,256,0.2,0.2,20,"both",0.128923194576792,-0.0838759804360953
"2913","session2",-18.5109229614148,9.39664839132235,2.39196889851764,7.94626599978879e-05,0.309390383924318,0.398143476268943,0.137100952864403,10,2,100,0.128923194576792,-0.0838759804360953,30,1.77852390018778,0,-33.68189,256,0.2,0.2,20,"both",0.128923194576792,-0.0838759804360953
"2914","session2",-18.5109229614148,9.39664839132235,2.39196889851764,7.94626599978879e-05,0.309390383924318,0.398143476268943,0.137100952864403,10,2,100,0.128923194576792,-0.0838759804360953,30,2.40326398067997,1,-23.03811,256,0.2,0.2,20,"both",0.128923194576792,-0.0838759804360953
"2915","session2",-18.5109229614148,9.39664839132235,2.39196889851764,7.94626599978879e-05,0.309390383924318,0.398143476268943,0.137100952864403,10,2,100,0.128923194576792,-0.0838759804360953,30,3.11238427701264,0,-32.1438,256,0.2,0.2,20,"both",0.128923194576792,-0.0838759804360953
"2916","session2",-18.5109229614148,9.39664839132235,2.39196889851764,7.94626599978879e-05,0.309390383924318,0.398143476268943,0.137100952864403,10,2,100,0.128923194576792,-0.0838759804360953,30,1.72033200348717,0,-24.54868,256,0.2,0.2,20,"both",0.128923194576792,-0.0838759804360953
"2917","session2",-18.5109229614148,9.39664839132235,2.39196889851764,7.94626599978879e-05,0.309390383924318,0.398143476268943,0.137100952864403,10,2,100,0.128923194576792,-0.0838759804360953,30,2.92679278384888,1,-8.296,256,0.2,0.2,20,"both",0.128923194576792,-0.0838759804360953
"2918","session2",-18.5109229614148,9.39664839132235,2.39196889851764,7.94626599978879e-05,0.309390383924318,0.398143476268943,0.137100952864403,10,2,100,0.128923194576792,-0.0838759804360953,30,1.70380042196804,1,3.4495,256,0.2,0.2,20,"both",0.128923194576792,-0.0838759804360953
"2919","session2",-18.5109229614148,9.39664839132235,2.39196889851764,7.94626599978879e-05,0.309390383924318,0.398143476268943,0.137100952864403,10,2,100,0.128923194576792,-0.0838759804360953,30,2.76472723513641,1,-10.02823,256,0.2,0.2,20,"both",0.128923194576792,-0.0838759804360953
"2920","session2",-18.5109229614148,9.39664839132235,2.39196889851764,7.94626599978879e-05,0.309390383924318,0.398143476268943,0.137100952864403,10,2,100,0.128923194576792,-0.0838759804360953,30,2.48841090132718,0,-21.29355,256,0.2,0.2,20,"both",0.128923194576792,-0.0838759804360953
"2921","session2",-18.5109229614148,9.39664839132235,2.39196889851764,7.94626599978879e-05,0.309390383924318,0.398143476268943,0.137100952864403,10,2,100,0.128923194576792,-0.0838759804360953,30,0.991439266842171,0,-32.60479,256,0.2,0.2,20,"both",0.128923194576792,-0.0838759804360953
"2922","session2",-18.5109229614148,9.39664839132235,2.39196889851764,7.94626599978879e-05,0.309390383924318,0.398143476268943,0.137100952864403,10,2,100,0.128923194576792,-0.0838759804360953,30,1.64279190032242,0,-33.5169,256,0.2,0.2,20,"both",0.128923194576792,-0.0838759804360953
"2923","session2",-18.5109229614148,9.39664839132235,2.39196889851764,7.94626599978879e-05,0.309390383924318,0.398143476268943,0.137100952864403,10,2,100,0.128923194576792,-0.0838759804360953,30,1.83507409089689,0,-19.72402,256,0.2,0.2,20,"both",0.128923194576792,-0.0838759804360953
"2924","session2",-18.5109229614148,9.39664839132235,2.39196889851764,7.94626599978879e-05,0.309390383924318,0.398143476268943,0.137100952864403,10,2,100,0.128923194576792,-0.0838759804360953,30,1.35321634557308,0,-29.1164,256,0.2,0.2,20,"both",0.128923194576792,-0.0838759804360953
"2925","session2",-18.5109229614148,9.39664839132235,2.39196889851764,7.94626599978879e-05,0.309390383924318,0.398143476268943,0.137100952864403,10,2,100,0.128923194576792,-0.0838759804360953,30,2.47478606157582,1,-19.95857,256,0.2,0.2,20,"both",0.128923194576792,-0.0838759804360953
"2926","session2",-18.5109229614148,9.39664839132235,2.39196889851764,7.94626599978879e-05,0.309390383924318,0.398143476268943,0.137100952864403,10,2,100,0.128923194576792,-0.0838759804360953,30,2.38779100519032,1,-7.6082,256,0.2,0.2,20,"both",0.128923194576792,-0.0838759804360953
"2927","session2",-18.5109229614148,9.39664839132235,2.39196889851764,7.94626599978879e-05,0.309390383924318,0.398143476268943,0.137100952864403,10,2,100,0.128923194576792,-0.0838759804360953,30,2.45745595249008,0,-12.74846,256,0.2,0.2,20,"both",0.128923194576792,-0.0838759804360953
"2928","session2",-18.5109229614148,9.39664839132235,2.39196889851764,7.94626599978879e-05,0.309390383924318,0.398143476268943,0.137100952864403,10,2,100,0.128923194576792,-0.0838759804360953,30,2.22164003989519,0,-27.50163,256,0.2,0.2,20,"both",0.128923194576792,-0.0838759804360953
"2929","session2",-18.5109229614148,9.39664839132235,2.39196889851764,7.94626599978879e-05,0.309390383924318,0.398143476268943,0.137100952864403,10,2,100,0.128923194576792,-0.0838759804360953,30,2.04282772658042,0,-9.96204,256,0.2,0.2,20,"both",0.128923194576792,-0.0838759804360953
"2930","session2",-18.5109229614148,9.39664839132235,2.39196889851764,7.94626599978879e-05,0.309390383924318,0.398143476268943,0.137100952864403,10,2,100,0.128923194576792,-0.0838759804360953,30,1.90153714918,1,-3.87784,256,0.2,0.2,20,"both",0.128923194576792,-0.0838759804360953
"2931","session2",-18.5109229614148,9.39664839132235,2.39196889851764,7.94626599978879e-05,0.309390383924318,0.398143476268943,0.137100952864403,10,2,100,0.128923194576792,-0.0838759804360953,30,3.36463969406937,0,-19.74478,256,0.2,0.2,20,"both",0.128923194576792,-0.0838759804360953
"2932","session2",-18.5109229614148,9.39664839132235,2.39196889851764,7.94626599978879e-05,0.309390383924318,0.398143476268943,0.137100952864403,10,2,100,0.128923194576792,-0.0838759804360953,30,3.10961894794205,1,-14.57055,256,0.2,0.2,20,"both",0.128923194576792,-0.0838759804360953
"2933","session2",-18.5109229614148,9.39664839132235,2.39196889851764,7.94626599978879e-05,0.309390383924318,0.398143476268943,0.137100952864403,10,2,100,0.128923194576792,-0.0838759804360953,30,2.2357331079017,0,-28.6692,256,0.2,0.2,20,"both",0.128923194576792,-0.0838759804360953
"2934","session2",-18.5109229614148,9.39664839132235,2.39196889851764,7.94626599978879e-05,0.309390383924318,0.398143476268943,0.137100952864403,10,2,100,0.128923194576792,-0.0838759804360953,30,1.74172364303638,1,-4.78073,256,0.2,0.2,20,"both",0.128923194576792,-0.0838759804360953
"2935","session2",-18.5109229614148,9.39664839132235,2.39196889851764,7.94626599978879e-05,0.309390383924318,0.398143476268943,0.137100952864403,10,2,100,0.128923194576792,-0.0838759804360953,30,2.70444653912905,0,-16.71867397,256,0.2,0.2,20,"both",0.128923194576792,-0.0838759804360953
"2936","session2",-18.5109229614148,9.39664839132235,2.39196889851764,7.94626599978879e-05,0.309390383924318,0.398143476268943,0.137100952864403,10,2,100,0.128923194576792,-0.0838759804360953,30,1.85525411369116,0,-27.2083,256,0.2,0.2,20,"both",0.128923194576792,-0.0838759804360953
"2937","session2",-18.5109229614148,9.39664839132235,2.39196889851764,7.94626599978879e-05,0.309390383924318,0.398143476268943,0.137100952864403,10,2,100,0.128923194576792,-0.0838759804360953,30,2.95997671706547,0,-20.32046,256,0.2,0.2,20,"both",0.128923194576792,-0.0838759804360953
"2938","session2",-18.5109229614148,9.39664839132235,2.39196889851764,7.94626599978879e-05,0.309390383924318,0.398143476268943,0.137100952864403,10,2,100,0.128923194576792,-0.0838759804360953,30,2.62269523565593,1,-19.92488,256,0.2,0.2,20,"both",0.128923194576792,-0.0838759804360953
"2939","session2",-18.5109229614148,9.39664839132235,2.39196889851764,7.94626599978879e-05,0.309390383924318,0.398143476268943,0.137100952864403,10,2,100,0.128923194576792,-0.0838759804360953,30,1.70842558796435,1,-6.5139,256,0.2,0.2,20,"both",0.128923194576792,-0.0838759804360953
"2940","session2",-18.5109229614148,9.39664839132235,2.39196889851764,7.94626599978879e-05,0.309390383924318,0.398143476268943,0.137100952864403,10,2,100,0.128923194576792,-0.0838759804360953,30,1.77066377342417,1,-2.407,256,0.2,0.2,20,"both",0.128923194576792,-0.0838759804360953
"2941","session2",-18.5109229614148,9.39664839132235,2.39196889851764,7.94626599978879e-05,0.309390383924318,0.398143476268943,0.137100952864403,10,2,100,0.128923194576792,-0.0838759804360953,30,2.69710382943524,0,-21.09568,256,0.2,0.2,20,"both",0.128923194576792,-0.0838759804360953
"2942","session2",-18.5109229614148,9.39664839132235,2.39196889851764,7.94626599978879e-05,0.309390383924318,0.398143476268943,0.137100952864403,10,2,100,0.128923194576792,-0.0838759804360953,30,2.51573876889487,1,-9.30213,256,0.2,0.2,20,"both",0.128923194576792,-0.0838759804360953
"2943","session2",-18.5109229614148,9.39664839132235,2.39196889851764,7.94626599978879e-05,0.309390383924318,0.398143476268943,0.137100952864403,10,2,100,0.128923194576792,-0.0838759804360953,30,2.83777851402571,1,-23.599,256,0.2,0.2,20,"both",0.128923194576792,-0.0838759804360953
"2944","session2",-18.5109229614148,9.39664839132235,2.39196889851764,7.94626599978879e-05,0.309390383924318,0.398143476268943,0.137100952864403,10,2,100,0.128923194576792,-0.0838759804360953,30,2.69086937292561,0,-24.93806,256,0.2,0.2,20,"both",0.128923194576792,-0.0838759804360953
"2945","session2",-18.5109229614148,9.39664839132235,2.39196889851764,7.94626599978879e-05,0.309390383924318,0.398143476268943,0.137100952864403,10,2,100,0.128923194576792,-0.0838759804360953,30,1.81162666653876,1,-9.90105,256,0.2,0.2,20,"both",0.128923194576792,-0.0838759804360953
"2946","session2",-18.5109229614148,9.39664839132235,2.39196889851764,7.94626599978879e-05,0.309390383924318,0.398143476268943,0.137100952864403,10,2,100,0.128923194576792,-0.0838759804360953,30,2.44101861515389,0,-29.31994,256,0.2,0.2,20,"both",0.128923194576792,-0.0838759804360953
"2947","session2",-18.5109229614148,9.39664839132235,2.39196889851764,7.94626599978879e-05,0.309390383924318,0.398143476268943,0.137100952864403,10,2,100,0.128923194576792,-0.0838759804360953,30,1.67648353990443,1,-7.47713,256,0.2,0.2,20,"both",0.128923194576792,-0.0838759804360953
"2948","session2",-18.5109229614148,9.39664839132235,2.39196889851764,7.94626599978879e-05,0.309390383924318,0.398143476268943,0.137100952864403,10,2,100,0.128923194576792,-0.0838759804360953,30,1.90806092564866,1,-20.9615,256,0.2,0.2,20,"both",0.128923194576792,-0.0838759804360953
"2949","session2",-18.5109229614148,9.39664839132235,2.39196889851764,7.94626599978879e-05,0.309390383924318,0.398143476268943,0.137100952864403,10,2,100,0.128923194576792,-0.0838759804360953,30,1.57378292691739,1,-8.63372,256,0.2,0.2,20,"both",0.128923194576792,-0.0838759804360953
"2950","session2",-18.5109229614148,9.39664839132235,2.39196889851764,7.94626599978879e-05,0.309390383924318,0.398143476268943,0.137100952864403,10,2,100,0.128923194576792,-0.0838759804360953,30,3.7436042307622,0,-28.33787,256,0.2,0.2,20,"both",0.128923194576792,-0.0838759804360953
"2951","session2",-18.5109229614148,9.39664839132235,2.39196889851764,7.94626599978879e-05,0.309390383924318,0.398143476268943,0.137100952864403,10,2,100,0.128923194576792,-0.0838759804360953,30,2.19669480586357,0,-28.7904942,256,0.2,0.2,20,"both",0.128923194576792,-0.0838759804360953
"2952","session2",-18.5109229614148,9.39664839132235,2.39196889851764,7.94626599978879e-05,0.309390383924318,0.398143476268943,0.137100952864403,10,2,100,0.128923194576792,-0.0838759804360953,30,4.42977372897663,0,-25.31035,256,0.2,0.2,20,"both",0.128923194576792,-0.0838759804360953
"2953","session2",-18.5109229614148,9.39664839132235,2.39196889851764,7.94626599978879e-05,0.309390383924318,0.398143476268943,0.137100952864403,10,2,100,0.128923194576792,-0.0838759804360953,30,1.69195489149933,1,-12.05887,256,0.2,0.2,20,"both",0.128923194576792,-0.0838759804360953
"2954","session2",-18.5109229614148,9.39664839132235,2.39196889851764,7.94626599978879e-05,0.309390383924318,0.398143476268943,0.137100952864403,10,2,100,0.128923194576792,-0.0838759804360953,30,2.52191771191765,1,-9.3835,256,0.2,0.2,20,"both",0.128923194576792,-0.0838759804360953
"2955","session2",-18.5109229614148,9.39664839132235,2.39196889851764,7.94626599978879e-05,0.309390383924318,0.398143476268943,0.137100952864403,10,2,100,0.128923194576792,-0.0838759804360953,30,3.2049958471583,0,-25.69386,256,0.2,0.2,20,"both",0.128923194576792,-0.0838759804360953
"2956","session2",-18.5109229614148,9.39664839132235,2.39196889851764,7.94626599978879e-05,0.309390383924318,0.398143476268943,0.137100952864403,10,2,100,0.128923194576792,-0.0838759804360953,30,2.31194166747169,0,-12.07817,256,0.2,0.2,20,"both",0.128923194576792,-0.0838759804360953
"2957","session2",-18.5109229614148,9.39664839132235,2.39196889851764,7.94626599978879e-05,0.309390383924318,0.398143476268943,0.137100952864403,10,2,100,0.128923194576792,-0.0838759804360953,30,3.25548286955168,1,-4.8909,256,0.2,0.2,20,"both",0.128923194576792,-0.0838759804360953
"2958","session2",-18.5109229614148,9.39664839132235,2.39196889851764,7.94626599978879e-05,0.309390383924318,0.398143476268943,0.137100952864403,10,2,100,0.128923194576792,-0.0838759804360953,30,3.24050432815588,1,-9.43265,256,0.2,0.2,20,"both",0.128923194576792,-0.0838759804360953
"2959","session2",-18.5109229614148,9.39664839132235,2.39196889851764,7.94626599978879e-05,0.309390383924318,0.398143476268943,0.137100952864403,10,2,100,0.128923194576792,-0.0838759804360953,30,2.98635395002919,0,-26.67568,256,0.2,0.2,20,"both",0.128923194576792,-0.0838759804360953
"2960","session2",-18.5109229614148,9.39664839132235,2.39196889851764,7.94626599978879e-05,0.309390383924318,0.398143476268943,0.137100952864403,10,2,100,0.128923194576792,-0.0838759804360953,30,2.44829571009676,0,-25.38805,256,0.2,0.2,20,"both",0.128923194576792,-0.0838759804360953
"2961","session2",-18.5109229614148,9.39664839132235,2.39196889851764,7.94626599978879e-05,0.309390383924318,0.398143476268943,0.137100952864403,10,2,100,0.128923194576792,-0.0838759804360953,30,2.26716363235982,0,-9.74338,256,0.2,0.2,20,"both",0.128923194576792,-0.0838759804360953
"2962","session2",-18.5109229614148,9.39664839132235,2.39196889851764,7.94626599978879e-05,0.309390383924318,0.398143476268943,0.137100952864403,10,2,100,0.128923194576792,-0.0838759804360953,30,1.89395171858165,0,-25.26108,256,0.2,0.2,20,"both",0.128923194576792,-0.0838759804360953
"2963","session2",-18.5109229614148,9.39664839132235,2.39196889851764,7.94626599978879e-05,0.309390383924318,0.398143476268943,0.137100952864403,10,2,100,0.128923194576792,-0.0838759804360953,30,2.11407157869478,1,-18.77259,256,0.2,0.2,20,"both",0.128923194576792,-0.0838759804360953
"2964","session2",-18.5109229614148,9.39664839132235,2.39196889851764,7.94626599978879e-05,0.309390383924318,0.398143476268943,0.137100952864403,10,2,100,0.128923194576792,-0.0838759804360953,30,2.93847700730085,1,-25.88956,256,0.2,0.2,20,"both",0.128923194576792,-0.0838759804360953
"2965","session2",-18.5109229614148,9.39664839132235,2.39196889851764,7.94626599978879e-05,0.309390383924318,0.398143476268943,0.137100952864403,10,2,100,0.128923194576792,-0.0838759804360953,30,1.78193940308863,0,-29.96,256,0.2,0.2,20,"both",0.128923194576792,-0.0838759804360953
"2966","session2",-18.5109229614148,9.39664839132235,2.39196889851764,7.94626599978879e-05,0.309390383924318,0.398143476268943,0.137100952864403,10,2,100,0.128923194576792,-0.0838759804360953,30,3.78417938286798,0,-25.04907,256,0.2,0.2,20,"both",0.128923194576792,-0.0838759804360953
"2967","session2",-18.5109229614148,9.39664839132235,2.39196889851764,7.94626599978879e-05,0.309390383924318,0.398143476268943,0.137100952864403,10,2,100,0.128923194576792,-0.0838759804360953,30,1.9149728088401,0,-26.0929,256,0.2,0.2,20,"both",0.128923194576792,-0.0838759804360953
"2968","session2",-18.5109229614148,9.39664839132235,2.39196889851764,7.94626599978879e-05,0.309390383924318,0.398143476268943,0.137100952864403,10,2,100,0.128923194576792,-0.0838759804360953,30,1.38498960191642,0,-29.00444,256,0.2,0.2,20,"both",0.128923194576792,-0.0838759804360953
"2969","session2",-18.5109229614148,9.39664839132235,2.39196889851764,7.94626599978879e-05,0.309390383924318,0.398143476268943,0.137100952864403,10,2,100,0.128923194576792,-0.0838759804360953,30,2.01525225291146,0,-24.53807,256,0.2,0.2,20,"both",0.128923194576792,-0.0838759804360953
"2970","session2",-18.5109229614148,9.39664839132235,2.39196889851764,7.94626599978879e-05,0.309390383924318,0.398143476268943,0.137100952864403,10,2,100,0.128923194576792,-0.0838759804360953,30,1.47770607387339,1,-12.77143,256,0.2,0.2,20,"both",0.128923194576792,-0.0838759804360953
"2971","session2",-18.5109229614148,9.39664839132235,2.39196889851764,7.94626599978879e-05,0.309390383924318,0.398143476268943,0.137100952864403,10,2,100,0.128923194576792,-0.0838759804360953,30,3.96963644550424,1,-28.10786,256,0.2,0.2,20,"both",0.128923194576792,-0.0838759804360953
"2972","session2",-18.5109229614148,9.39664839132235,2.39196889851764,7.94626599978879e-05,0.309390383924318,0.398143476268943,0.137100952864403,10,2,100,0.128923194576792,-0.0838759804360953,30,1.68323711588824,0,-27.65765,256,0.2,0.2,20,"both",0.128923194576792,-0.0838759804360953
"2973","session2",-18.5109229614148,9.39664839132235,2.39196889851764,7.94626599978879e-05,0.309390383924318,0.398143476268943,0.137100952864403,10,2,100,0.128923194576792,-0.0838759804360953,30,2.14192734582724,1,-11.27506,256,0.2,0.2,20,"both",0.128923194576792,-0.0838759804360953
"2974","session2",-18.5109229614148,9.39664839132235,2.39196889851764,7.94626599978879e-05,0.309390383924318,0.398143476268943,0.137100952864403,10,2,100,0.128923194576792,-0.0838759804360953,30,2.70608910561697,1,-12.9534,256,0.2,0.2,20,"both",0.128923194576792,-0.0838759804360953
"2975","session2",-18.5109229614148,9.39664839132235,2.39196889851764,7.94626599978879e-05,0.309390383924318,0.398143476268943,0.137100952864403,10,2,100,0.128923194576792,-0.0838759804360953,30,1.57997647811429,1,-13.78401,256,0.2,0.2,20,"both",0.128923194576792,-0.0838759804360953
"2976","session2",-18.5109229614148,9.39664839132235,2.39196889851764,7.94626599978879e-05,0.309390383924318,0.398143476268943,0.137100952864403,10,2,100,0.128923194576792,-0.0838759804360953,30,1.6743430563113,1,-7.3669,256,0.2,0.2,20,"both",0.128923194576792,-0.0838759804360953
"2977","session2",-18.5109229614148,9.39664839132235,2.39196889851764,7.94626599978879e-05,0.309390383924318,0.398143476268943,0.137100952864403,10,2,100,0.128923194576792,-0.0838759804360953,30,2.07921299577655,0,-25.01503,256,0.2,0.2,20,"both",0.128923194576792,-0.0838759804360953
"2978","session2",-18.5109229614148,9.39664839132235,2.39196889851764,7.94626599978879e-05,0.309390383924318,0.398143476268943,0.137100952864403,10,2,100,0.128923194576792,-0.0838759804360953,30,1.65785149225451,1,-24.8465,256,0.2,0.2,20,"both",0.128923194576792,-0.0838759804360953
"2979","session2",-18.5109229614148,9.39664839132235,2.39196889851764,7.94626599978879e-05,0.309390383924318,0.398143476268943,0.137100952864403,10,2,100,0.128923194576792,-0.0838759804360953,30,1.5077734373672,0,-13.11895,256,0.2,0.2,20,"both",0.128923194576792,-0.0838759804360953
"2980","session2",-18.5109229614148,9.39664839132235,2.39196889851764,7.94626599978879e-05,0.309390383924318,0.398143476268943,0.137100952864403,10,2,100,0.128923194576792,-0.0838759804360953,30,2.20760579541424,0,-24.53507,256,0.2,0.2,20,"both",0.128923194576792,-0.0838759804360953
"2981","session2",-18.5109229614148,9.39664839132235,2.39196889851764,7.94626599978879e-05,0.309390383924318,0.398143476268943,0.137100952864403,10,2,100,0.128923194576792,-0.0838759804360953,30,2.29763953887394,1,-23.27929,256,0.2,0.2,20,"both",0.128923194576792,-0.0838759804360953
"2982","session2",-18.5109229614148,9.39664839132235,2.39196889851764,7.94626599978879e-05,0.309390383924318,0.398143476268943,0.137100952864403,10,2,100,0.128923194576792,-0.0838759804360953,30,1.66239269049038,1,-9.56265,256,0.2,0.2,20,"both",0.128923194576792,-0.0838759804360953
"2983","session2",-18.5109229614148,9.39664839132235,2.39196889851764,7.94626599978879e-05,0.309390383924318,0.398143476268943,0.137100952864403,10,2,100,0.128923194576792,-0.0838759804360953,30,2.82272484746151,0,-14.62986,256,0.2,0.2,20,"both",0.128923194576792,-0.0838759804360953
"2984","session2",-18.5109229614148,9.39664839132235,2.39196889851764,7.94626599978879e-05,0.309390383924318,0.398143476268943,0.137100952864403,10,2,100,0.128923194576792,-0.0838759804360953,30,3.45839970378665,0,-27.7508,256,0.2,0.2,20,"both",0.128923194576792,-0.0838759804360953
"2985","session2",-18.5109229614148,9.39664839132235,2.39196889851764,7.94626599978879e-05,0.309390383924318,0.398143476268943,0.137100952864403,10,2,100,0.128923194576792,-0.0838759804360953,30,2.24700520755263,0,-24.80567,256,0.2,0.2,20,"both",0.128923194576792,-0.0838759804360953
"2986","session2",-18.5109229614148,9.39664839132235,2.39196889851764,7.94626599978879e-05,0.309390383924318,0.398143476268943,0.137100952864403,10,2,100,0.128923194576792,-0.0838759804360953,30,2.5207360948194,1,-9.1949,256,0.2,0.2,20,"both",0.128923194576792,-0.0838759804360953
"2987","session2",-18.5109229614148,9.39664839132235,2.39196889851764,7.94626599978879e-05,0.309390383924318,0.398143476268943,0.137100952864403,10,2,100,0.128923194576792,-0.0838759804360953,30,2.90960140088428,1,-10.85139,256,0.2,0.2,20,"both",0.128923194576792,-0.0838759804360953
"2988","session2",-18.5109229614148,9.39664839132235,2.39196889851764,7.94626599978879e-05,0.309390383924318,0.398143476268943,0.137100952864403,10,2,100,0.128923194576792,-0.0838759804360953,30,1.89684234226802,0,-25.4557,256,0.2,0.2,20,"both",0.128923194576792,-0.0838759804360953
"2989","session2",-18.5109229614148,9.39664839132235,2.39196889851764,7.94626599978879e-05,0.309390383924318,0.398143476268943,0.137100952864403,10,2,100,0.128923194576792,-0.0838759804360953,30,2.0602547729115,0,-27.3383,256,0.2,0.2,20,"both",0.128923194576792,-0.0838759804360953
"2990","session2",-18.5109229614148,9.39664839132235,2.39196889851764,7.94626599978879e-05,0.309390383924318,0.398143476268943,0.137100952864403,10,2,100,0.128923194576792,-0.0838759804360953,30,2.42241374761227,0,-26.00789,256,0.2,0.2,20,"both",0.128923194576792,-0.0838759804360953
"2991","session2",-18.5109229614148,9.39664839132235,2.39196889851764,7.94626599978879e-05,0.309390383924318,0.398143476268943,0.137100952864403,10,2,100,0.128923194576792,-0.0838759804360953,30,1.81349130376168,0,-32.8342,256,0.2,0.2,20,"both",0.128923194576792,-0.0838759804360953
"2992","session2",-18.5109229614148,9.39664839132235,2.39196889851764,7.94626599978879e-05,0.309390383924318,0.398143476268943,0.137100952864403,10,2,100,0.128923194576792,-0.0838759804360953,30,2.06753485623147,0,-29.0542,256,0.2,0.2,20,"both",0.128923194576792,-0.0838759804360953
"2993","session2",-18.5109229614148,9.39664839132235,2.39196889851764,7.94626599978879e-05,0.309390383924318,0.398143476268943,0.137100952864403,10,2,100,0.128923194576792,-0.0838759804360953,30,3.91932341217996,0,-14.25406,256,0.2,0.2,20,"both",0.128923194576792,-0.0838759804360953
"2994","session2",-18.5109229614148,9.39664839132235,2.39196889851764,7.94626599978879e-05,0.309390383924318,0.398143476268943,0.137100952864403,10,2,100,0.128923194576792,-0.0838759804360953,30,2.86348862025096,1,-21.77075,256,0.2,0.2,20,"both",0.128923194576792,-0.0838759804360953
"2995","session2",-18.5109229614148,9.39664839132235,2.39196889851764,7.94626599978879e-05,0.309390383924318,0.398143476268943,0.137100952864403,10,2,100,0.128923194576792,-0.0838759804360953,30,5.91181493180868,0,-28.4677,256,0.2,0.2,20,"both",0.128923194576792,-0.0838759804360953
"2996","session2",-18.5109229614148,9.39664839132235,2.39196889851764,7.94626599978879e-05,0.309390383924318,0.398143476268943,0.137100952864403,10,2,100,0.128923194576792,-0.0838759804360953,30,1.5315722504967,1,-7.42695,256,0.2,0.2,20,"both",0.128923194576792,-0.0838759804360953
"2997","session2",-18.5109229614148,9.39664839132235,2.39196889851764,7.94626599978879e-05,0.309390383924318,0.398143476268943,0.137100952864403,10,2,100,0.128923194576792,-0.0838759804360953,30,2.67792574242557,0,-8.60481,256,0.2,0.2,20,"both",0.128923194576792,-0.0838759804360953
"2998","session2",-18.5109229614148,9.39664839132235,2.39196889851764,7.94626599978879e-05,0.309390383924318,0.398143476268943,0.137100952864403,10,2,100,0.128923194576792,-0.0838759804360953,30,2.2810852815577,1,-8.34344,256,0.2,0.2,20,"both",0.128923194576792,-0.0838759804360953
"2999","session2",-18.5109229614148,9.39664839132235,2.39196889851764,7.94626599978879e-05,0.309390383924318,0.398143476268943,0.137100952864403,10,2,100,0.128923194576792,-0.0838759804360953,30,2.47819245455009,0,-7.945,256,0.2,0.2,20,"both",0.128923194576792,-0.0838759804360953
"3000","session2",-18.5109229614148,9.39664839132235,2.39196889851764,7.94626599978879e-05,0.309390383924318,0.398143476268943,0.137100952864403,10,2,100,0.128923194576792,-0.0838759804360953,30,1.22843447026419,1,-5.9197,256,0.2,0.2,20,"both",0.128923194576792,-0.0838759804360953
"3001","session2",-11.9449279981117,9.36081555037919,2.49110342378646,0.00094544657117202,0.0750801296837372,0.561601017411972,0.339357731594603,11,2,100,0.128923194576792,-0.0838759804360953,31,2.84231894198818,1,-10.74871046002,256,0.2,0.2,20,"both",0.128923194576792,-0.0838759804360953
"3002","session2",-11.9449279981117,9.36081555037919,2.49110342378646,0.00094544657117202,0.0750801296837372,0.561601017411972,0.339357731594603,11,2,100,0.128923194576792,-0.0838759804360953,31,2.79900000427437,0,-11.435354309,256,0.2,0.2,20,"both",0.128923194576792,-0.0838759804360953
"3003","session2",-11.9449279981117,9.36081555037919,2.49110342378646,0.00094544657117202,0.0750801296837372,0.561601017411972,0.339357731594603,11,2,100,0.128923194576792,-0.0838759804360953,31,2.80458482021197,1,-2.6997768377,256,0.2,0.2,20,"both",0.128923194576792,-0.0838759804360953
"3004","session2",-11.9449279981117,9.36081555037919,2.49110342378646,0.00094544657117202,0.0750801296837372,0.561601017411972,0.339357731594603,11,2,100,0.128923194576792,-0.0838759804360953,31,4.03768033955107,1,-7.9731703005,256,0.2,0.2,20,"both",0.128923194576792,-0.0838759804360953
"3005","session2",-11.9449279981117,9.36081555037919,2.49110342378646,0.00094544657117202,0.0750801296837372,0.561601017411972,0.339357731594603,11,2,100,0.128923194576792,-0.0838759804360953,31,2.42144503817149,1,5.34973,256,0.2,0.2,20,"both",0.128923194576792,-0.0838759804360953
"3006","session2",-11.9449279981117,9.36081555037919,2.49110342378646,0.00094544657117202,0.0750801296837372,0.561601017411972,0.339357731594603,11,2,100,0.128923194576792,-0.0838759804360953,31,0.911301646043172,1,17.6967,256,0.2,0.2,20,"both",0.128923194576792,-0.0838759804360953
"3007","session2",-11.9449279981117,9.36081555037919,2.49110342378646,0.00094544657117202,0.0750801296837372,0.561601017411972,0.339357731594603,11,2,100,0.128923194576792,-0.0838759804360953,31,3.93997670552112,1,-17.600826537,256,0.2,0.2,20,"both",0.128923194576792,-0.0838759804360953
"3008","session2",-11.9449279981117,9.36081555037919,2.49110342378646,0.00094544657117202,0.0750801296837372,0.561601017411972,0.339357731594603,11,2,100,0.128923194576792,-0.0838759804360953,31,1.29236812473284,0,-38.5658,256,0.2,0.2,20,"both",0.128923194576792,-0.0838759804360953
"3009","session2",-11.9449279981117,9.36081555037919,2.49110342378646,0.00094544657117202,0.0750801296837372,0.561601017411972,0.339357731594603,11,2,100,0.128923194576792,-0.0838759804360953,31,1.19930094658017,1,-29.1498,256,0.2,0.2,20,"both",0.128923194576792,-0.0838759804360953
"3010","session2",-11.9449279981117,9.36081555037919,2.49110342378646,0.00094544657117202,0.0750801296837372,0.561601017411972,0.339357731594603,11,2,100,0.128923194576792,-0.0838759804360953,31,1.9874886008428,1,15.22775,256,0.2,0.2,20,"both",0.128923194576792,-0.0838759804360953
"3011","session2",-11.9449279981117,9.36081555037919,2.49110342378646,0.00094544657117202,0.0750801296837372,0.561601017411972,0.339357731594603,11,2,100,0.128923194576792,-0.0838759804360953,31,2.33865922336137,0,-28.11515,256,0.2,0.2,20,"both",0.128923194576792,-0.0838759804360953
"3012","session2",-11.9449279981117,9.36081555037919,2.49110342378646,0.00094544657117202,0.0750801296837372,0.561601017411972,0.339357731594603,11,2,100,0.128923194576792,-0.0838759804360953,31,2.24101770853173,0,-41.0544,256,0.2,0.2,20,"both",0.128923194576792,-0.0838759804360953
"3013","session2",-11.9449279981117,9.36081555037919,2.49110342378646,0.00094544657117202,0.0750801296837372,0.561601017411972,0.339357731594603,11,2,100,0.128923194576792,-0.0838759804360953,31,0.981145983312882,0,-21.55181,256,0.2,0.2,20,"both",0.128923194576792,-0.0838759804360953
"3014","session2",-11.9449279981117,9.36081555037919,2.49110342378646,0.00094544657117202,0.0750801296837372,0.561601017411972,0.339357731594603,11,2,100,0.128923194576792,-0.0838759804360953,31,0.913708014284135,0,-36.2471,256,0.2,0.2,20,"both",0.128923194576792,-0.0838759804360953
"3015","session2",-11.9449279981117,9.36081555037919,2.49110342378646,0.00094544657117202,0.0750801296837372,0.561601017411972,0.339357731594603,11,2,100,0.128923194576792,-0.0838759804360953,31,1.36935302767438,0,-28.25997,256,0.2,0.2,20,"both",0.128923194576792,-0.0838759804360953
"3016","session2",-11.9449279981117,9.36081555037919,2.49110342378646,0.00094544657117202,0.0750801296837372,0.561601017411972,0.339357731594603,11,2,100,0.128923194576792,-0.0838759804360953,31,1.51863935344166,1,-5.43395,256,0.2,0.2,20,"both",0.128923194576792,-0.0838759804360953
"3017","session2",-11.9449279981117,9.36081555037919,2.49110342378646,0.00094544657117202,0.0750801296837372,0.561601017411972,0.339357731594603,11,2,100,0.128923194576792,-0.0838759804360953,31,2.93732697980425,0,-35.30818,256,0.2,0.2,20,"both",0.128923194576792,-0.0838759804360953
"3018","session2",-11.9449279981117,9.36081555037919,2.49110342378646,0.00094544657117202,0.0750801296837372,0.561601017411972,0.339357731594603,11,2,100,0.128923194576792,-0.0838759804360953,31,1.48948785987645,1,-11.6254,256,0.2,0.2,20,"both",0.128923194576792,-0.0838759804360953
"3019","session2",-11.9449279981117,9.36081555037919,2.49110342378646,0.00094544657117202,0.0750801296837372,0.561601017411972,0.339357731594603,11,2,100,0.128923194576792,-0.0838759804360953,31,1.24164668007928,1,-3.14626,256,0.2,0.2,20,"both",0.128923194576792,-0.0838759804360953
"3020","session2",-11.9449279981117,9.36081555037919,2.49110342378646,0.00094544657117202,0.0750801296837372,0.561601017411972,0.339357731594603,11,2,100,0.128923194576792,-0.0838759804360953,31,1.76227308756184,0,-19.37102,256,0.2,0.2,20,"both",0.128923194576792,-0.0838759804360953
"3021","session2",-11.9449279981117,9.36081555037919,2.49110342378646,0.00094544657117202,0.0750801296837372,0.561601017411972,0.339357731594603,11,2,100,0.128923194576792,-0.0838759804360953,31,2.23446506690002,0,-20.53099,256,0.2,0.2,20,"both",0.128923194576792,-0.0838759804360953
"3022","session2",-11.9449279981117,9.36081555037919,2.49110342378646,0.00094544657117202,0.0750801296837372,0.561601017411972,0.339357731594603,11,2,100,0.128923194576792,-0.0838759804360953,31,1.66412953163847,0,-18.3126,256,0.2,0.2,20,"both",0.128923194576792,-0.0838759804360953
"3023","session2",-11.9449279981117,9.36081555037919,2.49110342378646,0.00094544657117202,0.0750801296837372,0.561601017411972,0.339357731594603,11,2,100,0.128923194576792,-0.0838759804360953,31,2.39388575169721,1,-10.50751,256,0.2,0.2,20,"both",0.128923194576792,-0.0838759804360953
"3024","session2",-11.9449279981117,9.36081555037919,2.49110342378646,0.00094544657117202,0.0750801296837372,0.561601017411972,0.339357731594603,11,2,100,0.128923194576792,-0.0838759804360953,31,3.3657603102738,1,-12.78647,256,0.2,0.2,20,"both",0.128923194576792,-0.0838759804360953
"3025","session2",-11.9449279981117,9.36081555037919,2.49110342378646,0.00094544657117202,0.0750801296837372,0.561601017411972,0.339357731594603,11,2,100,0.128923194576792,-0.0838759804360953,31,1.4970493567287,0,-26.09886,256,0.2,0.2,20,"both",0.128923194576792,-0.0838759804360953
"3026","session2",-11.9449279981117,9.36081555037919,2.49110342378646,0.00094544657117202,0.0750801296837372,0.561601017411972,0.339357731594603,11,2,100,0.128923194576792,-0.0838759804360953,31,1.23346112367178,0,-25.60497,256,0.2,0.2,20,"both",0.128923194576792,-0.0838759804360953
"3027","session2",-11.9449279981117,9.36081555037919,2.49110342378646,0.00094544657117202,0.0750801296837372,0.561601017411972,0.339357731594603,11,2,100,0.128923194576792,-0.0838759804360953,31,4.99396028049338,1,-13.89751,256,0.2,0.2,20,"both",0.128923194576792,-0.0838759804360953
"3028","session2",-11.9449279981117,9.36081555037919,2.49110342378646,0.00094544657117202,0.0750801296837372,0.561601017411972,0.339357731594603,11,2,100,0.128923194576792,-0.0838759804360953,31,1.0871078610014,0,-17.5068,256,0.2,0.2,20,"both",0.128923194576792,-0.0838759804360953
"3029","session2",-11.9449279981117,9.36081555037919,2.49110342378646,0.00094544657117202,0.0750801296837372,0.561601017411972,0.339357731594603,11,2,100,0.128923194576792,-0.0838759804360953,31,1.59842030316127,0,-17.68125,256,0.2,0.2,20,"both",0.128923194576792,-0.0838759804360953
"3030","session2",-11.9449279981117,9.36081555037919,2.49110342378646,0.00094544657117202,0.0750801296837372,0.561601017411972,0.339357731594603,11,2,100,0.128923194576792,-0.0838759804360953,31,1.23040093031334,0,-12.59602,256,0.2,0.2,20,"both",0.128923194576792,-0.0838759804360953
"3031","session2",-11.9449279981117,9.36081555037919,2.49110342378646,0.00094544657117202,0.0750801296837372,0.561601017411972,0.339357731594603,11,2,100,0.128923194576792,-0.0838759804360953,31,1.38375568341537,0,-19.53722,256,0.2,0.2,20,"both",0.128923194576792,-0.0838759804360953
"3032","session2",-11.9449279981117,9.36081555037919,2.49110342378646,0.00094544657117202,0.0750801296837372,0.561601017411972,0.339357731594603,11,2,100,0.128923194576792,-0.0838759804360953,31,2.79214390850781,1,-6.79206,256,0.2,0.2,20,"both",0.128923194576792,-0.0838759804360953
"3033","session2",-11.9449279981117,9.36081555037919,2.49110342378646,0.00094544657117202,0.0750801296837372,0.561601017411972,0.339357731594603,11,2,100,0.128923194576792,-0.0838759804360953,31,0.933070947454229,1,-20.35634,256,0.2,0.2,20,"both",0.128923194576792,-0.0838759804360953
"3034","session2",-11.9449279981117,9.36081555037919,2.49110342378646,0.00094544657117202,0.0750801296837372,0.561601017411972,0.339357731594603,11,2,100,0.128923194576792,-0.0838759804360953,31,1.25477719711375,0,-19.63673,256,0.2,0.2,20,"both",0.128923194576792,-0.0838759804360953
"3035","session2",-11.9449279981117,9.36081555037919,2.49110342378646,0.00094544657117202,0.0750801296837372,0.561601017411972,0.339357731594603,11,2,100,0.128923194576792,-0.0838759804360953,31,3.55579927934644,0,-15.4285,256,0.2,0.2,20,"both",0.128923194576792,-0.0838759804360953
"3036","session2",-11.9449279981117,9.36081555037919,2.49110342378646,0.00094544657117202,0.0750801296837372,0.561601017411972,0.339357731594603,11,2,100,0.128923194576792,-0.0838759804360953,31,0.921282906170896,0,-20.96104,256,0.2,0.2,20,"both",0.128923194576792,-0.0838759804360953
"3037","session2",-11.9449279981117,9.36081555037919,2.49110342378646,0.00094544657117202,0.0750801296837372,0.561601017411972,0.339357731594603,11,2,100,0.128923194576792,-0.0838759804360953,31,2.40253224281988,0,-21.81537,256,0.2,0.2,20,"both",0.128923194576792,-0.0838759804360953
"3038","session2",-11.9449279981117,9.36081555037919,2.49110342378646,0.00094544657117202,0.0750801296837372,0.561601017411972,0.339357731594603,11,2,100,0.128923194576792,-0.0838759804360953,31,1.63448646649889,0,-16.44138,256,0.2,0.2,20,"both",0.128923194576792,-0.0838759804360953
"3039","session2",-11.9449279981117,9.36081555037919,2.49110342378646,0.00094544657117202,0.0750801296837372,0.561601017411972,0.339357731594603,11,2,100,0.128923194576792,-0.0838759804360953,31,2.5608458285643,0,-17.82568,256,0.2,0.2,20,"both",0.128923194576792,-0.0838759804360953
"3040","session2",-11.9449279981117,9.36081555037919,2.49110342378646,0.00094544657117202,0.0750801296837372,0.561601017411972,0.339357731594603,11,2,100,0.128923194576792,-0.0838759804360953,31,2.14685033142311,1,-14.33984,256,0.2,0.2,20,"both",0.128923194576792,-0.0838759804360953
"3041","session2",-11.9449279981117,9.36081555037919,2.49110342378646,0.00094544657117202,0.0750801296837372,0.561601017411972,0.339357731594603,11,2,100,0.128923194576792,-0.0838759804360953,31,3.22851702712143,0,-14.82825,256,0.2,0.2,20,"both",0.128923194576792,-0.0838759804360953
"3042","session2",-11.9449279981117,9.36081555037919,2.49110342378646,0.00094544657117202,0.0750801296837372,0.561601017411972,0.339357731594603,11,2,100,0.128923194576792,-0.0838759804360953,31,1.96147621344122,0,-16.1097,256,0.2,0.2,20,"both",0.128923194576792,-0.0838759804360953
"3043","session2",-11.9449279981117,9.36081555037919,2.49110342378646,0.00094544657117202,0.0750801296837372,0.561601017411972,0.339357731594603,11,2,100,0.128923194576792,-0.0838759804360953,31,1.87242403571843,0,-11.76542,256,0.2,0.2,20,"both",0.128923194576792,-0.0838759804360953
"3044","session2",-11.9449279981117,9.36081555037919,2.49110342378646,0.00094544657117202,0.0750801296837372,0.561601017411972,0.339357731594603,11,2,100,0.128923194576792,-0.0838759804360953,31,1.43030799853424,1,-4.97937,256,0.2,0.2,20,"both",0.128923194576792,-0.0838759804360953
"3045","session2",-11.9449279981117,9.36081555037919,2.49110342378646,0.00094544657117202,0.0750801296837372,0.561601017411972,0.339357731594603,11,2,100,0.128923194576792,-0.0838759804360953,31,0.82605926447218,0,-18.08816,256,0.2,0.2,20,"both",0.128923194576792,-0.0838759804360953
"3046","session2",-11.9449279981117,9.36081555037919,2.49110342378646,0.00094544657117202,0.0750801296837372,0.561601017411972,0.339357731594603,11,2,100,0.128923194576792,-0.0838759804360953,31,1.9122016273472,1,-17.46895,256,0.2,0.2,20,"both",0.128923194576792,-0.0838759804360953
"3047","session2",-11.9449279981117,9.36081555037919,2.49110342378646,0.00094544657117202,0.0750801296837372,0.561601017411972,0.339357731594603,11,2,100,0.128923194576792,-0.0838759804360953,31,0.824547300364869,0,-27.1841,256,0.2,0.2,20,"both",0.128923194576792,-0.0838759804360953
"3048","session2",-11.9449279981117,9.36081555037919,2.49110342378646,0.00094544657117202,0.0750801296837372,0.561601017411972,0.339357731594603,11,2,100,0.128923194576792,-0.0838759804360953,31,1.4175989009444,0,-25.87738,256,0.2,0.2,20,"both",0.128923194576792,-0.0838759804360953
"3049","session2",-11.9449279981117,9.36081555037919,2.49110342378646,0.00094544657117202,0.0750801296837372,0.561601017411972,0.339357731594603,11,2,100,0.128923194576792,-0.0838759804360953,31,1.41744475664417,1,-11.38408,256,0.2,0.2,20,"both",0.128923194576792,-0.0838759804360953
"3050","session2",-11.9449279981117,9.36081555037919,2.49110342378646,0.00094544657117202,0.0750801296837372,0.561601017411972,0.339357731594603,11,2,100,0.128923194576792,-0.0838759804360953,31,3.19315384664885,0,-8.11112,256,0.2,0.2,20,"both",0.128923194576792,-0.0838759804360953
"3051","session2",-11.9449279981117,9.36081555037919,2.49110342378646,0.00094544657117202,0.0750801296837372,0.561601017411972,0.339357731594603,11,2,100,0.128923194576792,-0.0838759804360953,31,0.876670027481044,0,-27.3247,256,0.2,0.2,20,"both",0.128923194576792,-0.0838759804360953
"3052","session2",-11.9449279981117,9.36081555037919,2.49110342378646,0.00094544657117202,0.0750801296837372,0.561601017411972,0.339357731594603,11,2,100,0.128923194576792,-0.0838759804360953,31,3.47649981251057,0,-21.55671,256,0.2,0.2,20,"both",0.128923194576792,-0.0838759804360953
"3053","session2",-11.9449279981117,9.36081555037919,2.49110342378646,0.00094544657117202,0.0750801296837372,0.561601017411972,0.339357731594603,11,2,100,0.128923194576792,-0.0838759804360953,31,3.95243103813683,1,-7.5811,256,0.2,0.2,20,"both",0.128923194576792,-0.0838759804360953
"3054","session2",-11.9449279981117,9.36081555037919,2.49110342378646,0.00094544657117202,0.0750801296837372,0.561601017411972,0.339357731594603,11,2,100,0.128923194576792,-0.0838759804360953,31,1.88717399794214,1,-8.36523,256,0.2,0.2,20,"both",0.128923194576792,-0.0838759804360953
"3055","session2",-11.9449279981117,9.36081555037919,2.49110342378646,0.00094544657117202,0.0750801296837372,0.561601017411972,0.339357731594603,11,2,100,0.128923194576792,-0.0838759804360953,31,1.66339577123783,0,-7.14528,256,0.2,0.2,20,"both",0.128923194576792,-0.0838759804360953
"3056","session2",-11.9449279981117,9.36081555037919,2.49110342378646,0.00094544657117202,0.0750801296837372,0.561601017411972,0.339357731594603,11,2,100,0.128923194576792,-0.0838759804360953,31,4.23523036241146,0,-9.94579,256,0.2,0.2,20,"both",0.128923194576792,-0.0838759804360953
"3057","session2",-11.9449279981117,9.36081555037919,2.49110342378646,0.00094544657117202,0.0750801296837372,0.561601017411972,0.339357731594603,11,2,100,0.128923194576792,-0.0838759804360953,31,3.53481565230567,1,-20.39595,256,0.2,0.2,20,"both",0.128923194576792,-0.0838759804360953
"3058","session2",-11.9449279981117,9.36081555037919,2.49110342378646,0.00094544657117202,0.0750801296837372,0.561601017411972,0.339357731594603,11,2,100,0.128923194576792,-0.0838759804360953,31,1.14365232911835,0,-24.2758,256,0.2,0.2,20,"both",0.128923194576792,-0.0838759804360953
"3059","session2",-11.9449279981117,9.36081555037919,2.49110342378646,0.00094544657117202,0.0750801296837372,0.561601017411972,0.339357731594603,11,2,100,0.128923194576792,-0.0838759804360953,31,0.896833305082362,0,-4.47817,256,0.2,0.2,20,"both",0.128923194576792,-0.0838759804360953
"3060","session2",-11.9449279981117,9.36081555037919,2.49110342378646,0.00094544657117202,0.0750801296837372,0.561601017411972,0.339357731594603,11,2,100,0.128923194576792,-0.0838759804360953,31,1.79413303297367,0,-0.73461,256,0.2,0.2,20,"both",0.128923194576792,-0.0838759804360953
"3061","session2",-11.9449279981117,9.36081555037919,2.49110342378646,0.00094544657117202,0.0750801296837372,0.561601017411972,0.339357731594603,11,2,100,0.128923194576792,-0.0838759804360953,31,2.31150134997136,0,-35.95821,256,0.2,0.2,20,"both",0.128923194576792,-0.0838759804360953
"3062","session2",-11.9449279981117,9.36081555037919,2.49110342378646,0.00094544657117202,0.0750801296837372,0.561601017411972,0.339357731594603,11,2,100,0.128923194576792,-0.0838759804360953,31,2.04085718820631,1,2.18695,256,0.2,0.2,20,"both",0.128923194576792,-0.0838759804360953
"3063","session2",-11.9449279981117,9.36081555037919,2.49110342378646,0.00094544657117202,0.0750801296837372,0.561601017411972,0.339357731594603,11,2,100,0.128923194576792,-0.0838759804360953,31,2.91138680154406,1,-1.83564,256,0.2,0.2,20,"both",0.128923194576792,-0.0838759804360953
"3064","session2",-11.9449279981117,9.36081555037919,2.49110342378646,0.00094544657117202,0.0750801296837372,0.561601017411972,0.339357731594603,11,2,100,0.128923194576792,-0.0838759804360953,31,2.96204520725383,0,-22.6184,256,0.2,0.2,20,"both",0.128923194576792,-0.0838759804360953
"3065","session2",-11.9449279981117,9.36081555037919,2.49110342378646,0.00094544657117202,0.0750801296837372,0.561601017411972,0.339357731594603,11,2,100,0.128923194576792,-0.0838759804360953,31,0.986289321956532,0,-21.29951,256,0.2,0.2,20,"both",0.128923194576792,-0.0838759804360953
"3066","session2",-11.9449279981117,9.36081555037919,2.49110342378646,0.00094544657117202,0.0750801296837372,0.561601017411972,0.339357731594603,11,2,100,0.128923194576792,-0.0838759804360953,31,1.58605695994124,1,5.42693,256,0.2,0.2,20,"both",0.128923194576792,-0.0838759804360953
"3067","session2",-11.9449279981117,9.36081555037919,2.49110342378646,0.00094544657117202,0.0750801296837372,0.561601017411972,0.339357731594603,11,2,100,0.128923194576792,-0.0838759804360953,31,1.42968255679191,0,-21.75971,256,0.2,0.2,20,"both",0.128923194576792,-0.0838759804360953
"3068","session2",-11.9449279981117,9.36081555037919,2.49110342378646,0.00094544657117202,0.0750801296837372,0.561601017411972,0.339357731594603,11,2,100,0.128923194576792,-0.0838759804360953,31,8,0,-15.78596,256,0.2,0.2,20,"both",0.128923194576792,-0.0838759804360953
"3069","session2",-11.9449279981117,9.36081555037919,2.49110342378646,0.00094544657117202,0.0750801296837372,0.561601017411972,0.339357731594603,11,2,100,0.128923194576792,-0.0838759804360953,31,3.25713505468537,0,-14.94152,256,0.2,0.2,20,"both",0.128923194576792,-0.0838759804360953
"3070","session2",-11.9449279981117,9.36081555037919,2.49110342378646,0.00094544657117202,0.0750801296837372,0.561601017411972,0.339357731594603,11,2,100,0.128923194576792,-0.0838759804360953,31,0.920997766189066,1,2.94927,256,0.2,0.2,20,"both",0.128923194576792,-0.0838759804360953
"3071","session2",-11.9449279981117,9.36081555037919,2.49110342378646,0.00094544657117202,0.0750801296837372,0.561601017411972,0.339357731594603,11,2,100,0.128923194576792,-0.0838759804360953,31,1.71869457988762,1,-3.20982,256,0.2,0.2,20,"both",0.128923194576792,-0.0838759804360953
"3072","session2",-11.9449279981117,9.36081555037919,2.49110342378646,0.00094544657117202,0.0750801296837372,0.561601017411972,0.339357731594603,11,2,100,0.128923194576792,-0.0838759804360953,31,0.927480025517009,1,-4.28947,256,0.2,0.2,20,"both",0.128923194576792,-0.0838759804360953
"3073","session2",-11.9449279981117,9.36081555037919,2.49110342378646,0.00094544657117202,0.0750801296837372,0.561601017411972,0.339357731594603,11,2,100,0.128923194576792,-0.0838759804360953,31,1.95477507346967,0,-1.05557,256,0.2,0.2,20,"both",0.128923194576792,-0.0838759804360953
"3074","session2",-11.9449279981117,9.36081555037919,2.49110342378646,0.00094544657117202,0.0750801296837372,0.561601017411972,0.339357731594603,11,2,100,0.128923194576792,-0.0838759804360953,31,1.8445677886913,1,-5.70013,256,0.2,0.2,20,"both",0.128923194576792,-0.0838759804360953
"3075","session2",-11.9449279981117,9.36081555037919,2.49110342378646,0.00094544657117202,0.0750801296837372,0.561601017411972,0.339357731594603,11,2,100,0.128923194576792,-0.0838759804360953,31,1.71731195194252,1,14.00438,256,0.2,0.2,20,"both",0.128923194576792,-0.0838759804360953
"3076","session2",-11.9449279981117,9.36081555037919,2.49110342378646,0.00094544657117202,0.0750801296837372,0.561601017411972,0.339357731594603,11,2,100,0.128923194576792,-0.0838759804360953,31,4.58092887578089,0,-6.35131,256,0.2,0.2,20,"both",0.128923194576792,-0.0838759804360953
"3077","session2",-11.9449279981117,9.36081555037919,2.49110342378646,0.00094544657117202,0.0750801296837372,0.561601017411972,0.339357731594603,11,2,100,0.128923194576792,-0.0838759804360953,31,2.06759030200534,1,-15.10502,256,0.2,0.2,20,"both",0.128923194576792,-0.0838759804360953
"3078","session2",-11.9449279981117,9.36081555037919,2.49110342378646,0.00094544657117202,0.0750801296837372,0.561601017411972,0.339357731594603,11,2,100,0.128923194576792,-0.0838759804360953,31,2.68642219227967,1,-3.53217,256,0.2,0.2,20,"both",0.128923194576792,-0.0838759804360953
"3079","session2",-11.9449279981117,9.36081555037919,2.49110342378646,0.00094544657117202,0.0750801296837372,0.561601017411972,0.339357731594603,11,2,100,0.128923194576792,-0.0838759804360953,31,1.30624775038389,1,2.46875,256,0.2,0.2,20,"both",0.128923194576792,-0.0838759804360953
"3080","session2",-11.9449279981117,9.36081555037919,2.49110342378646,0.00094544657117202,0.0750801296837372,0.561601017411972,0.339357731594603,11,2,100,0.128923194576792,-0.0838759804360953,31,3.36979944935731,0,-22.75609,256,0.2,0.2,20,"both",0.128923194576792,-0.0838759804360953
"3081","session2",-11.9449279981117,9.36081555037919,2.49110342378646,0.00094544657117202,0.0750801296837372,0.561601017411972,0.339357731594603,11,2,100,0.128923194576792,-0.0838759804360953,31,1.67495307230912,0,-9.21497,256,0.2,0.2,20,"both",0.128923194576792,-0.0838759804360953
"3082","session2",-11.9449279981117,9.36081555037919,2.49110342378646,0.00094544657117202,0.0750801296837372,0.561601017411972,0.339357731594603,11,2,100,0.128923194576792,-0.0838759804360953,31,1.75127795123805,0,-19.8181,256,0.2,0.2,20,"both",0.128923194576792,-0.0838759804360953
"3083","session2",-11.9449279981117,9.36081555037919,2.49110342378646,0.00094544657117202,0.0750801296837372,0.561601017411972,0.339357731594603,11,2,100,0.128923194576792,-0.0838759804360953,31,3.45704099785967,0,-15.45804,256,0.2,0.2,20,"both",0.128923194576792,-0.0838759804360953
"3084","session2",-11.9449279981117,9.36081555037919,2.49110342378646,0.00094544657117202,0.0750801296837372,0.561601017411972,0.339357731594603,11,2,100,0.128923194576792,-0.0838759804360953,31,2.10340754983255,1,-15.72567,256,0.2,0.2,20,"both",0.128923194576792,-0.0838759804360953
"3085","session2",-11.9449279981117,9.36081555037919,2.49110342378646,0.00094544657117202,0.0750801296837372,0.561601017411972,0.339357731594603,11,2,100,0.128923194576792,-0.0838759804360953,31,2.12452934213561,0,-18.06411,256,0.2,0.2,20,"both",0.128923194576792,-0.0838759804360953
"3086","session2",-11.9449279981117,9.36081555037919,2.49110342378646,0.00094544657117202,0.0750801296837372,0.561601017411972,0.339357731594603,11,2,100,0.128923194576792,-0.0838759804360953,31,8,1,-17.81973,256,0.2,0.2,20,"both",0.128923194576792,-0.0838759804360953
"3087","session2",-11.9449279981117,9.36081555037919,2.49110342378646,0.00094544657117202,0.0750801296837372,0.561601017411972,0.339357731594603,11,2,100,0.128923194576792,-0.0838759804360953,31,0.967929610357449,0,-15.0737,256,0.2,0.2,20,"both",0.128923194576792,-0.0838759804360953
"3088","session2",-11.9449279981117,9.36081555037919,2.49110342378646,0.00094544657117202,0.0750801296837372,0.561601017411972,0.339357731594603,11,2,100,0.128923194576792,-0.0838759804360953,31,1.72777186591315,1,3.21559,256,0.2,0.2,20,"both",0.128923194576792,-0.0838759804360953
"3089","session2",-11.9449279981117,9.36081555037919,2.49110342378646,0.00094544657117202,0.0750801296837372,0.561601017411972,0.339357731594603,11,2,100,0.128923194576792,-0.0838759804360953,31,1.55639617594763,1,1.0336,256,0.2,0.2,20,"both",0.128923194576792,-0.0838759804360953
"3090","session2",-11.9449279981117,9.36081555037919,2.49110342378646,0.00094544657117202,0.0750801296837372,0.561601017411972,0.339357731594603,11,2,100,0.128923194576792,-0.0838759804360953,31,4.07008214618331,1,-3.99398,256,0.2,0.2,20,"both",0.128923194576792,-0.0838759804360953
"3091","session2",-11.9449279981117,9.36081555037919,2.49110342378646,0.00094544657117202,0.0750801296837372,0.561601017411972,0.339357731594603,11,2,100,0.128923194576792,-0.0838759804360953,31,1.89855170960696,0,-29.0415,256,0.2,0.2,20,"both",0.128923194576792,-0.0838759804360953
"3092","session2",-11.9449279981117,9.36081555037919,2.49110342378646,0.00094544657117202,0.0750801296837372,0.561601017411972,0.339357731594603,11,2,100,0.128923194576792,-0.0838759804360953,31,5.20761449454519,1,0.53593,256,0.2,0.2,20,"both",0.128923194576792,-0.0838759804360953
"3093","session2",-11.9449279981117,9.36081555037919,2.49110342378646,0.00094544657117202,0.0750801296837372,0.561601017411972,0.339357731594603,11,2,100,0.128923194576792,-0.0838759804360953,31,0.933259478849838,1,-4.61143,256,0.2,0.2,20,"both",0.128923194576792,-0.0838759804360953
"3094","session2",-11.9449279981117,9.36081555037919,2.49110342378646,0.00094544657117202,0.0750801296837372,0.561601017411972,0.339357731594603,11,2,100,0.128923194576792,-0.0838759804360953,31,2.48102029840424,0,-15.7721,256,0.2,0.2,20,"both",0.128923194576792,-0.0838759804360953
"3095","session2",-11.9449279981117,9.36081555037919,2.49110342378646,0.00094544657117202,0.0750801296837372,0.561601017411972,0.339357731594603,11,2,100,0.128923194576792,-0.0838759804360953,31,2.1957534234573,1,-2.05571,256,0.2,0.2,20,"both",0.128923194576792,-0.0838759804360953
"3096","session2",-11.9449279981117,9.36081555037919,2.49110342378646,0.00094544657117202,0.0750801296837372,0.561601017411972,0.339357731594603,11,2,100,0.128923194576792,-0.0838759804360953,31,1.53238851299436,0,-22.23722,256,0.2,0.2,20,"both",0.128923194576792,-0.0838759804360953
"3097","session2",-11.9449279981117,9.36081555037919,2.49110342378646,0.00094544657117202,0.0750801296837372,0.561601017411972,0.339357731594603,11,2,100,0.128923194576792,-0.0838759804360953,31,2.6624925231653,1,-16.97112,256,0.2,0.2,20,"both",0.128923194576792,-0.0838759804360953
"3098","session2",-11.9449279981117,9.36081555037919,2.49110342378646,0.00094544657117202,0.0750801296837372,0.561601017411972,0.339357731594603,11,2,100,0.128923194576792,-0.0838759804360953,31,3.7419740595184,1,-20.23876,256,0.2,0.2,20,"both",0.128923194576792,-0.0838759804360953
"3099","session2",-11.9449279981117,9.36081555037919,2.49110342378646,0.00094544657117202,0.0750801296837372,0.561601017411972,0.339357731594603,11,2,100,0.128923194576792,-0.0838759804360953,31,1.38587968164426,1,-25.0371,256,0.2,0.2,20,"both",0.128923194576792,-0.0838759804360953
"3100","session2",-11.9449279981117,9.36081555037919,2.49110342378646,0.00094544657117202,0.0750801296837372,0.561601017411972,0.339357731594603,11,2,100,0.128923194576792,-0.0838759804360953,31,2.00246848992695,0,-20.355,256,0.2,0.2,20,"both",0.128923194576792,-0.0838759804360953
"3101","session2",-8.33744880010343,12.1127674453273,2.2640023109484,0.000311473599612551,0.326249487300063,0.327570969658915,0.576449187779962,12,2,100,0.128923194576792,-0.0838759804360953,32,3.25429482949719,1,-8.146441122,256,0.2,0.2,20,"both",0.128923194576792,-0.0838759804360953
"3102","session2",-8.33744880010343,12.1127674453273,2.2640023109484,0.000311473599612551,0.326249487300063,0.327570969658915,0.576449187779962,12,2,100,0.128923194576792,-0.0838759804360953,32,3.32634584415546,0,-12.43198621541,256,0.2,0.2,20,"both",0.128923194576792,-0.0838759804360953
"3103","session2",-8.33744880010343,12.1127674453273,2.2640023109484,0.000311473599612551,0.326249487300063,0.327570969658915,0.576449187779962,12,2,100,0.128923194576792,-0.0838759804360953,32,6.06865738781366,1,-2.7064851882,256,0.2,0.2,20,"both",0.128923194576792,-0.0838759804360953
"3104","session2",-8.33744880010343,12.1127674453273,2.2640023109484,0.000311473599612551,0.326249487300063,0.327570969658915,0.576449187779962,12,2,100,0.128923194576792,-0.0838759804360953,32,2.57887591103071,1,-7.983956745,256,0.2,0.2,20,"both",0.128923194576792,-0.0838759804360953
"3105","session2",-8.33744880010343,12.1127674453273,2.2640023109484,0.000311473599612551,0.326249487300063,0.327570969658915,0.576449187779962,12,2,100,0.128923194576792,-0.0838759804360953,32,2.0756801778938,0,-40.56846,256,0.2,0.2,20,"both",0.128923194576792,-0.0838759804360953
"3106","session2",-8.33744880010343,12.1127674453273,2.2640023109484,0.000311473599612551,0.326249487300063,0.327570969658915,0.576449187779962,12,2,100,0.128923194576792,-0.0838759804360953,32,2.78166123906898,0,-6.9386,256,0.2,0.2,20,"both",0.128923194576792,-0.0838759804360953
"3107","session2",-8.33744880010343,12.1127674453273,2.2640023109484,0.000311473599612551,0.326249487300063,0.327570969658915,0.576449187779962,12,2,100,0.128923194576792,-0.0838759804360953,32,1.87552124012603,1,13.6943,256,0.2,0.2,20,"both",0.128923194576792,-0.0838759804360953
"3108","session2",-8.33744880010343,12.1127674453273,2.2640023109484,0.000311473599612551,0.326249487300063,0.327570969658915,0.576449187779962,12,2,100,0.128923194576792,-0.0838759804360953,32,2.06066733949223,1,4.98166,256,0.2,0.2,20,"both",0.128923194576792,-0.0838759804360953
"3109","session2",-8.33744880010343,12.1127674453273,2.2640023109484,0.000311473599612551,0.326249487300063,0.327570969658915,0.576449187779962,12,2,100,0.128923194576792,-0.0838759804360953,32,1.72877084165874,0,-24.31587,256,0.2,0.2,20,"both",0.128923194576792,-0.0838759804360953
"3110","session2",-8.33744880010343,12.1127674453273,2.2640023109484,0.000311473599612551,0.326249487300063,0.327570969658915,0.576449187779962,12,2,100,0.128923194576792,-0.0838759804360953,32,2.63822872760436,1,-7.28117,256,0.2,0.2,20,"both",0.128923194576792,-0.0838759804360953
"3111","session2",-8.33744880010343,12.1127674453273,2.2640023109484,0.000311473599612551,0.326249487300063,0.327570969658915,0.576449187779962,12,2,100,0.128923194576792,-0.0838759804360953,32,1.74246670565728,1,-6.42328,256,0.2,0.2,20,"both",0.128923194576792,-0.0838759804360953
"3112","session2",-8.33744880010343,12.1127674453273,2.2640023109484,0.000311473599612551,0.326249487300063,0.327570969658915,0.576449187779962,12,2,100,0.128923194576792,-0.0838759804360953,32,1.82357895907546,0,-19.41829,256,0.2,0.2,20,"both",0.128923194576792,-0.0838759804360953
"3113","session2",-8.33744880010343,12.1127674453273,2.2640023109484,0.000311473599612551,0.326249487300063,0.327570969658915,0.576449187779962,12,2,100,0.128923194576792,-0.0838759804360953,32,2.09552666786663,1,-9.7334,256,0.2,0.2,20,"both",0.128923194576792,-0.0838759804360953
"3114","session2",-8.33744880010343,12.1127674453273,2.2640023109484,0.000311473599612551,0.326249487300063,0.327570969658915,0.576449187779962,12,2,100,0.128923194576792,-0.0838759804360953,32,2.85851692929719,0,-15.37616,256,0.2,0.2,20,"both",0.128923194576792,-0.0838759804360953
"3115","session2",-8.33744880010343,12.1127674453273,2.2640023109484,0.000311473599612551,0.326249487300063,0.327570969658915,0.576449187779962,12,2,100,0.128923194576792,-0.0838759804360953,32,3.28912415163934,1,-6.37508,256,0.2,0.2,20,"both",0.128923194576792,-0.0838759804360953
"3116","session2",-8.33744880010343,12.1127674453273,2.2640023109484,0.000311473599612551,0.326249487300063,0.327570969658915,0.576449187779962,12,2,100,0.128923194576792,-0.0838759804360953,32,2.96317503851172,1,-7.58447,256,0.2,0.2,20,"both",0.128923194576792,-0.0838759804360953
"3117","session2",-8.33744880010343,12.1127674453273,2.2640023109484,0.000311473599612551,0.326249487300063,0.327570969658915,0.576449187779962,12,2,100,0.128923194576792,-0.0838759804360953,32,2.97412754726598,0,-14.61858,256,0.2,0.2,20,"both",0.128923194576792,-0.0838759804360953
"3118","session2",-8.33744880010343,12.1127674453273,2.2640023109484,0.000311473599612551,0.326249487300063,0.327570969658915,0.576449187779962,12,2,100,0.128923194576792,-0.0838759804360953,32,4.26922838342669,0,-7.77051,256,0.2,0.2,20,"both",0.128923194576792,-0.0838759804360953
"3119","session2",-8.33744880010343,12.1127674453273,2.2640023109484,0.000311473599612551,0.326249487300063,0.327570969658915,0.576449187779962,12,2,100,0.128923194576792,-0.0838759804360953,32,3.93185906484169,1,-16.48436,256,0.2,0.2,20,"both",0.128923194576792,-0.0838759804360953
"3120","session2",-8.33744880010343,12.1127674453273,2.2640023109484,0.000311473599612551,0.326249487300063,0.327570969658915,0.576449187779962,12,2,100,0.128923194576792,-0.0838759804360953,32,3.14027678776281,1,-4.83669,256,0.2,0.2,20,"both",0.128923194576792,-0.0838759804360953
"3121","session2",-8.33744880010343,12.1127674453273,2.2640023109484,0.000311473599612551,0.326249487300063,0.327570969658915,0.576449187779962,12,2,100,0.128923194576792,-0.0838759804360953,32,4.6526614747496,1,-6.25911,256,0.2,0.2,20,"both",0.128923194576792,-0.0838759804360953
"3122","session2",-8.33744880010343,12.1127674453273,2.2640023109484,0.000311473599612551,0.326249487300063,0.327570969658915,0.576449187779962,12,2,100,0.128923194576792,-0.0838759804360953,32,2.26567402934659,1,14.8553,256,0.2,0.2,20,"both",0.128923194576792,-0.0838759804360953
"3123","session2",-8.33744880010343,12.1127674453273,2.2640023109484,0.000311473599612551,0.326249487300063,0.327570969658915,0.576449187779962,12,2,100,0.128923194576792,-0.0838759804360953,32,3.13363312907695,0,-11.4295,256,0.2,0.2,20,"both",0.128923194576792,-0.0838759804360953
"3124","session2",-8.33744880010343,12.1127674453273,2.2640023109484,0.000311473599612551,0.326249487300063,0.327570969658915,0.576449187779962,12,2,100,0.128923194576792,-0.0838759804360953,32,3.43716324098366,1,-14.59924,256,0.2,0.2,20,"both",0.128923194576792,-0.0838759804360953
"3125","session2",-8.33744880010343,12.1127674453273,2.2640023109484,0.000311473599612551,0.326249487300063,0.327570969658915,0.576449187779962,12,2,100,0.128923194576792,-0.0838759804360953,32,2.59161194762959,1,-2.8793,256,0.2,0.2,20,"both",0.128923194576792,-0.0838759804360953
"3126","session2",-8.33744880010343,12.1127674453273,2.2640023109484,0.000311473599612551,0.326249487300063,0.327570969658915,0.576449187779962,12,2,100,0.128923194576792,-0.0838759804360953,32,2.36585193198305,0,-13.1420477,256,0.2,0.2,20,"both",0.128923194576792,-0.0838759804360953
"3127","session2",-8.33744880010343,12.1127674453273,2.2640023109484,0.000311473599612551,0.326249487300063,0.327570969658915,0.576449187779962,12,2,100,0.128923194576792,-0.0838759804360953,32,3.46840246476574,0,-12.01267,256,0.2,0.2,20,"both",0.128923194576792,-0.0838759804360953
"3128","session2",-8.33744880010343,12.1127674453273,2.2640023109484,0.000311473599612551,0.326249487300063,0.327570969658915,0.576449187779962,12,2,100,0.128923194576792,-0.0838759804360953,32,3.32794927088334,1,-8.47619,256,0.2,0.2,20,"both",0.128923194576792,-0.0838759804360953
"3129","session2",-8.33744880010343,12.1127674453273,2.2640023109484,0.000311473599612551,0.326249487300063,0.327570969658915,0.576449187779962,12,2,100,0.128923194576792,-0.0838759804360953,32,3.13861767813769,1,-14.97767,256,0.2,0.2,20,"both",0.128923194576792,-0.0838759804360953
"3130","session2",-8.33744880010343,12.1127674453273,2.2640023109484,0.000311473599612551,0.326249487300063,0.327570969658915,0.576449187779962,12,2,100,0.128923194576792,-0.0838759804360953,32,2.72763140675062,0,-18.61633,256,0.2,0.2,20,"both",0.128923194576792,-0.0838759804360953
"3131","session2",-8.33744880010343,12.1127674453273,2.2640023109484,0.000311473599612551,0.326249487300063,0.327570969658915,0.576449187779962,12,2,100,0.128923194576792,-0.0838759804360953,32,2.68764934010199,1,-18.4644,256,0.2,0.2,20,"both",0.128923194576792,-0.0838759804360953
"3132","session2",-8.33744880010343,12.1127674453273,2.2640023109484,0.000311473599612551,0.326249487300063,0.327570969658915,0.576449187779962,12,2,100,0.128923194576792,-0.0838759804360953,32,4.15478244995382,1,0.87729,256,0.2,0.2,20,"both",0.128923194576792,-0.0838759804360953
"3133","session2",-8.33744880010343,12.1127674453273,2.2640023109484,0.000311473599612551,0.326249487300063,0.327570969658915,0.576449187779962,12,2,100,0.128923194576792,-0.0838759804360953,32,2.61446415584025,0,-8.21285,256,0.2,0.2,20,"both",0.128923194576792,-0.0838759804360953
"3134","session2",-8.33744880010343,12.1127674453273,2.2640023109484,0.000311473599612551,0.326249487300063,0.327570969658915,0.576449187779962,12,2,100,0.128923194576792,-0.0838759804360953,32,1.78243546603835,1,3.0458,256,0.2,0.2,20,"both",0.128923194576792,-0.0838759804360953
"3135","session2",-8.33744880010343,12.1127674453273,2.2640023109484,0.000311473599612551,0.326249487300063,0.327570969658915,0.576449187779962,12,2,100,0.128923194576792,-0.0838759804360953,32,2.34625789308785,0,-4.59223,256,0.2,0.2,20,"both",0.128923194576792,-0.0838759804360953
"3136","session2",-8.33744880010343,12.1127674453273,2.2640023109484,0.000311473599612551,0.326249487300063,0.327570969658915,0.576449187779962,12,2,100,0.128923194576792,-0.0838759804360953,32,3.64631844299974,1,-19.52106,256,0.2,0.2,20,"both",0.128923194576792,-0.0838759804360953
"3137","session2",-8.33744880010343,12.1127674453273,2.2640023109484,0.000311473599612551,0.326249487300063,0.327570969658915,0.576449187779962,12,2,100,0.128923194576792,-0.0838759804360953,32,5.44743762979377,1,-11.20956,256,0.2,0.2,20,"both",0.128923194576792,-0.0838759804360953
"3138","session2",-8.33744880010343,12.1127674453273,2.2640023109484,0.000311473599612551,0.326249487300063,0.327570969658915,0.576449187779962,12,2,100,0.128923194576792,-0.0838759804360953,32,1.92321453767434,1,6.1237,256,0.2,0.2,20,"both",0.128923194576792,-0.0838759804360953
"3139","session2",-8.33744880010343,12.1127674453273,2.2640023109484,0.000311473599612551,0.326249487300063,0.327570969658915,0.576449187779962,12,2,100,0.128923194576792,-0.0838759804360953,32,2.11040040204822,0,-21.9446,256,0.2,0.2,20,"both",0.128923194576792,-0.0838759804360953
"3140","session2",-8.33744880010343,12.1127674453273,2.2640023109484,0.000311473599612551,0.326249487300063,0.327570969658915,0.576449187779962,12,2,100,0.128923194576792,-0.0838759804360953,32,2.31862631467167,0,-17.395,256,0.2,0.2,20,"both",0.128923194576792,-0.0838759804360953
"3141","session2",-8.33744880010343,12.1127674453273,2.2640023109484,0.000311473599612551,0.326249487300063,0.327570969658915,0.576449187779962,12,2,100,0.128923194576792,-0.0838759804360953,32,3.50612198765089,1,2.72902,256,0.2,0.2,20,"both",0.128923194576792,-0.0838759804360953
"3142","session2",-8.33744880010343,12.1127674453273,2.2640023109484,0.000311473599612551,0.326249487300063,0.327570969658915,0.576449187779962,12,2,100,0.128923194576792,-0.0838759804360953,32,2.45053036297586,1,-5.6063,256,0.2,0.2,20,"both",0.128923194576792,-0.0838759804360953
"3143","session2",-8.33744880010343,12.1127674453273,2.2640023109484,0.000311473599612551,0.326249487300063,0.327570969658915,0.576449187779962,12,2,100,0.128923194576792,-0.0838759804360953,32,3.08390899160972,0,-18.22905,256,0.2,0.2,20,"both",0.128923194576792,-0.0838759804360953
"3144","session2",-8.33744880010343,12.1127674453273,2.2640023109484,0.000311473599612551,0.326249487300063,0.327570969658915,0.576449187779962,12,2,100,0.128923194576792,-0.0838759804360953,32,1.51907371750747,1,12.2935,256,0.2,0.2,20,"both",0.128923194576792,-0.0838759804360953
"3145","session2",-8.33744880010343,12.1127674453273,2.2640023109484,0.000311473599612551,0.326249487300063,0.327570969658915,0.576449187779962,12,2,100,0.128923194576792,-0.0838759804360953,32,3.00741798203727,0,-30.57187,256,0.2,0.2,20,"both",0.128923194576792,-0.0838759804360953
"3146","session2",-8.33744880010343,12.1127674453273,2.2640023109484,0.000311473599612551,0.326249487300063,0.327570969658915,0.576449187779962,12,2,100,0.128923194576792,-0.0838759804360953,32,2.70321276241823,0,-13.07876,256,0.2,0.2,20,"both",0.128923194576792,-0.0838759804360953
"3147","session2",-8.33744880010343,12.1127674453273,2.2640023109484,0.000311473599612551,0.326249487300063,0.327570969658915,0.576449187779962,12,2,100,0.128923194576792,-0.0838759804360953,32,2.88783972434879,0,-28.7146,256,0.2,0.2,20,"both",0.128923194576792,-0.0838759804360953
"3148","session2",-8.33744880010343,12.1127674453273,2.2640023109484,0.000311473599612551,0.326249487300063,0.327570969658915,0.576449187779962,12,2,100,0.128923194576792,-0.0838759804360953,32,2.47522414897147,0,-19.26109,256,0.2,0.2,20,"both",0.128923194576792,-0.0838759804360953
"3149","session2",-8.33744880010343,12.1127674453273,2.2640023109484,0.000311473599612551,0.326249487300063,0.327570969658915,0.576449187779962,12,2,100,0.128923194576792,-0.0838759804360953,32,1.53754333738561,0,0.50537,256,0.2,0.2,20,"both",0.128923194576792,-0.0838759804360953
"3150","session2",-8.33744880010343,12.1127674453273,2.2640023109484,0.000311473599612551,0.326249487300063,0.327570969658915,0.576449187779962,12,2,100,0.128923194576792,-0.0838759804360953,32,2.23372598576795,0,-23.8434,256,0.2,0.2,20,"both",0.128923194576792,-0.0838759804360953
"3151","session2",-8.33744880010343,12.1127674453273,2.2640023109484,0.000311473599612551,0.326249487300063,0.327570969658915,0.576449187779962,12,2,100,0.128923194576792,-0.0838759804360953,32,2.05386276471388,0,-25.6606,256,0.2,0.2,20,"both",0.128923194576792,-0.0838759804360953
"3152","session2",-8.33744880010343,12.1127674453273,2.2640023109484,0.000311473599612551,0.326249487300063,0.327570969658915,0.576449187779962,12,2,100,0.128923194576792,-0.0838759804360953,32,1.99909744386181,0,-19.06811,256,0.2,0.2,20,"both",0.128923194576792,-0.0838759804360953
"3153","session2",-8.33744880010343,12.1127674453273,2.2640023109484,0.000311473599612551,0.326249487300063,0.327570969658915,0.576449187779962,12,2,100,0.128923194576792,-0.0838759804360953,32,1.9324830700919,1,-18.35302,256,0.2,0.2,20,"both",0.128923194576792,-0.0838759804360953
"3154","session2",-8.33744880010343,12.1127674453273,2.2640023109484,0.000311473599612551,0.326249487300063,0.327570969658915,0.576449187779962,12,2,100,0.128923194576792,-0.0838759804360953,32,3.26172238373715,0,-13.756,256,0.2,0.2,20,"both",0.128923194576792,-0.0838759804360953
"3155","session2",-8.33744880010343,12.1127674453273,2.2640023109484,0.000311473599612551,0.326249487300063,0.327570969658915,0.576449187779962,12,2,100,0.128923194576792,-0.0838759804360953,32,2.23281988005866,0,-29.8547,256,0.2,0.2,20,"both",0.128923194576792,-0.0838759804360953
"3156","session2",-8.33744880010343,12.1127674453273,2.2640023109484,0.000311473599612551,0.326249487300063,0.327570969658915,0.576449187779962,12,2,100,0.128923194576792,-0.0838759804360953,32,2.02767999292049,0,-11.59424459,256,0.2,0.2,20,"both",0.128923194576792,-0.0838759804360953
"3157","session2",-8.33744880010343,12.1127674453273,2.2640023109484,0.000311473599612551,0.326249487300063,0.327570969658915,0.576449187779962,12,2,100,0.128923194576792,-0.0838759804360953,32,2.5475451323501,1,-27.612,256,0.2,0.2,20,"both",0.128923194576792,-0.0838759804360953
"3158","session2",-8.33744880010343,12.1127674453273,2.2640023109484,0.000311473599612551,0.326249487300063,0.327570969658915,0.576449187779962,12,2,100,0.128923194576792,-0.0838759804360953,32,1.91349436053311,1,-19.17234,256,0.2,0.2,20,"both",0.128923194576792,-0.0838759804360953
"3159","session2",-8.33744880010343,12.1127674453273,2.2640023109484,0.000311473599612551,0.326249487300063,0.327570969658915,0.576449187779962,12,2,100,0.128923194576792,-0.0838759804360953,32,3.35988895178708,1,-2.82419,256,0.2,0.2,20,"both",0.128923194576792,-0.0838759804360953
"3160","session2",-8.33744880010343,12.1127674453273,2.2640023109484,0.000311473599612551,0.326249487300063,0.327570969658915,0.576449187779962,12,2,100,0.128923194576792,-0.0838759804360953,32,2.60675840230677,1,-2.7191,256,0.2,0.2,20,"both",0.128923194576792,-0.0838759804360953
"3161","session2",-8.33744880010343,12.1127674453273,2.2640023109484,0.000311473599612551,0.326249487300063,0.327570969658915,0.576449187779962,12,2,100,0.128923194576792,-0.0838759804360953,32,2.16702847328167,1,16.2718,256,0.2,0.2,20,"both",0.128923194576792,-0.0838759804360953
"3162","session2",-8.33744880010343,12.1127674453273,2.2640023109484,0.000311473599612551,0.326249487300063,0.327570969658915,0.576449187779962,12,2,100,0.128923194576792,-0.0838759804360953,32,3.61632003734873,1,4.0797,256,0.2,0.2,20,"both",0.128923194576792,-0.0838759804360953
"3163","session2",-8.33744880010343,12.1127674453273,2.2640023109484,0.000311473599612551,0.326249487300063,0.327570969658915,0.576449187779962,12,2,100,0.128923194576792,-0.0838759804360953,32,1.61294847014755,1,-1.131,256,0.2,0.2,20,"both",0.128923194576792,-0.0838759804360953
"3164","session2",-8.33744880010343,12.1127674453273,2.2640023109484,0.000311473599612551,0.326249487300063,0.327570969658915,0.576449187779962,12,2,100,0.128923194576792,-0.0838759804360953,32,2.03966795932359,1,-5.62279,256,0.2,0.2,20,"both",0.128923194576792,-0.0838759804360953
"3165","session2",-8.33744880010343,12.1127674453273,2.2640023109484,0.000311473599612551,0.326249487300063,0.327570969658915,0.576449187779962,12,2,100,0.128923194576792,-0.0838759804360953,32,3.49368629995061,1,11.1061,256,0.2,0.2,20,"both",0.128923194576792,-0.0838759804360953
"3166","session2",-8.33744880010343,12.1127674453273,2.2640023109484,0.000311473599612551,0.326249487300063,0.327570969658915,0.576449187779962,12,2,100,0.128923194576792,-0.0838759804360953,32,2.11167898202373,1,-24.13232,256,0.2,0.2,20,"both",0.128923194576792,-0.0838759804360953
"3167","session2",-8.33744880010343,12.1127674453273,2.2640023109484,0.000311473599612551,0.326249487300063,0.327570969658915,0.576449187779962,12,2,100,0.128923194576792,-0.0838759804360953,32,2.71970052709168,1,-24.5582,256,0.2,0.2,20,"both",0.128923194576792,-0.0838759804360953
"3168","session2",-8.33744880010343,12.1127674453273,2.2640023109484,0.000311473599612551,0.326249487300063,0.327570969658915,0.576449187779962,12,2,100,0.128923194576792,-0.0838759804360953,32,1.87540245062303,0,-22.63373,256,0.2,0.2,20,"both",0.128923194576792,-0.0838759804360953
"3169","session2",-8.33744880010343,12.1127674453273,2.2640023109484,0.000311473599612551,0.326249487300063,0.327570969658915,0.576449187779962,12,2,100,0.128923194576792,-0.0838759804360953,32,2.70018047266734,1,2.3715,256,0.2,0.2,20,"both",0.128923194576792,-0.0838759804360953
"3170","session2",-8.33744880010343,12.1127674453273,2.2640023109484,0.000311473599612551,0.326249487300063,0.327570969658915,0.576449187779962,12,2,100,0.128923194576792,-0.0838759804360953,32,2.1902318343582,1,0.0725999999999996,256,0.2,0.2,20,"both",0.128923194576792,-0.0838759804360953
"3171","session2",-8.33744880010343,12.1127674453273,2.2640023109484,0.000311473599612551,0.326249487300063,0.327570969658915,0.576449187779962,12,2,100,0.128923194576792,-0.0838759804360953,32,2.71079719214172,0,-20.28167,256,0.2,0.2,20,"both",0.128923194576792,-0.0838759804360953
"3172","session2",-8.33744880010343,12.1127674453273,2.2640023109484,0.000311473599612551,0.326249487300063,0.327570969658915,0.576449187779962,12,2,100,0.128923194576792,-0.0838759804360953,32,2.67026932598269,0,-26.0638,256,0.2,0.2,20,"both",0.128923194576792,-0.0838759804360953
"3173","session2",-8.33744880010343,12.1127674453273,2.2640023109484,0.000311473599612551,0.326249487300063,0.327570969658915,0.576449187779962,12,2,100,0.128923194576792,-0.0838759804360953,32,2.03846398015864,0,-7.27913,256,0.2,0.2,20,"both",0.128923194576792,-0.0838759804360953
"3174","session2",-8.33744880010343,12.1127674453273,2.2640023109484,0.000311473599612551,0.326249487300063,0.327570969658915,0.576449187779962,12,2,100,0.128923194576792,-0.0838759804360953,32,2.34697905101601,1,-4.1561,256,0.2,0.2,20,"both",0.128923194576792,-0.0838759804360953
"3175","session2",-8.33744880010343,12.1127674453273,2.2640023109484,0.000311473599612551,0.326249487300063,0.327570969658915,0.576449187779962,12,2,100,0.128923194576792,-0.0838759804360953,32,3.20418667460122,0,-2.35239,256,0.2,0.2,20,"both",0.128923194576792,-0.0838759804360953
"3176","session2",-8.33744880010343,12.1127674453273,2.2640023109484,0.000311473599612551,0.326249487300063,0.327570969658915,0.576449187779962,12,2,100,0.128923194576792,-0.0838759804360953,32,1.19323076734258,0,-37.1566,256,0.2,0.2,20,"both",0.128923194576792,-0.0838759804360953
"3177","session2",-8.33744880010343,12.1127674453273,2.2640023109484,0.000311473599612551,0.326249487300063,0.327570969658915,0.576449187779962,12,2,100,0.128923194576792,-0.0838759804360953,32,2.52054337518781,0,-20.28513,256,0.2,0.2,20,"both",0.128923194576792,-0.0838759804360953
"3178","session2",-8.33744880010343,12.1127674453273,2.2640023109484,0.000311473599612551,0.326249487300063,0.327570969658915,0.576449187779962,12,2,100,0.128923194576792,-0.0838759804360953,32,2.77013138458195,1,1.0589,256,0.2,0.2,20,"both",0.128923194576792,-0.0838759804360953
"3179","session2",-8.33744880010343,12.1127674453273,2.2640023109484,0.000311473599612551,0.326249487300063,0.327570969658915,0.576449187779962,12,2,100,0.128923194576792,-0.0838759804360953,32,4.11241891420321,0,-7.51285,256,0.2,0.2,20,"both",0.128923194576792,-0.0838759804360953
"3180","session2",-8.33744880010343,12.1127674453273,2.2640023109484,0.000311473599612551,0.326249487300063,0.327570969658915,0.576449187779962,12,2,100,0.128923194576792,-0.0838759804360953,32,2.19425946572788,0,1.48089,256,0.2,0.2,20,"both",0.128923194576792,-0.0838759804360953
"3181","session2",-8.33744880010343,12.1127674453273,2.2640023109484,0.000311473599612551,0.326249487300063,0.327570969658915,0.576449187779962,12,2,100,0.128923194576792,-0.0838759804360953,32,1.53770930045738,0,-29.2489,256,0.2,0.2,20,"both",0.128923194576792,-0.0838759804360953
"3182","session2",-8.33744880010343,12.1127674453273,2.2640023109484,0.000311473599612551,0.326249487300063,0.327570969658915,0.576449187779962,12,2,100,0.128923194576792,-0.0838759804360953,32,2.35805197479768,0,-24.204,256,0.2,0.2,20,"both",0.128923194576792,-0.0838759804360953
"3183","session2",-8.33744880010343,12.1127674453273,2.2640023109484,0.000311473599612551,0.326249487300063,0.327570969658915,0.576449187779962,12,2,100,0.128923194576792,-0.0838759804360953,32,2.17895091631705,1,-21.57082,256,0.2,0.2,20,"both",0.128923194576792,-0.0838759804360953
"3184","session2",-8.33744880010343,12.1127674453273,2.2640023109484,0.000311473599612551,0.326249487300063,0.327570969658915,0.576449187779962,12,2,100,0.128923194576792,-0.0838759804360953,32,2.27109839633702,1,-6.26987,256,0.2,0.2,20,"both",0.128923194576792,-0.0838759804360953
"3185","session2",-8.33744880010343,12.1127674453273,2.2640023109484,0.000311473599612551,0.326249487300063,0.327570969658915,0.576449187779962,12,2,100,0.128923194576792,-0.0838759804360953,32,2.88044336470429,1,-5.80317,256,0.2,0.2,20,"both",0.128923194576792,-0.0838759804360953
"3186","session2",-8.33744880010343,12.1127674453273,2.2640023109484,0.000311473599612551,0.326249487300063,0.327570969658915,0.576449187779962,12,2,100,0.128923194576792,-0.0838759804360953,32,2.85195643060709,1,-1.4447,256,0.2,0.2,20,"both",0.128923194576792,-0.0838759804360953
"3187","session2",-8.33744880010343,12.1127674453273,2.2640023109484,0.000311473599612551,0.326249487300063,0.327570969658915,0.576449187779962,12,2,100,0.128923194576792,-0.0838759804360953,32,2.83688356884264,0,-22.513,256,0.2,0.2,20,"both",0.128923194576792,-0.0838759804360953
"3188","session2",-8.33744880010343,12.1127674453273,2.2640023109484,0.000311473599612551,0.326249487300063,0.327570969658915,0.576449187779962,12,2,100,0.128923194576792,-0.0838759804360953,32,2.40626220213182,0,-20.485,256,0.2,0.2,20,"both",0.128923194576792,-0.0838759804360953
"3189","session2",-8.33744880010343,12.1127674453273,2.2640023109484,0.000311473599612551,0.326249487300063,0.327570969658915,0.576449187779962,12,2,100,0.128923194576792,-0.0838759804360953,32,2.47697625383199,0,-19.5777,256,0.2,0.2,20,"both",0.128923194576792,-0.0838759804360953
"3190","session2",-8.33744880010343,12.1127674453273,2.2640023109484,0.000311473599612551,0.326249487300063,0.327570969658915,0.576449187779962,12,2,100,0.128923194576792,-0.0838759804360953,32,1.4927971163805,0,-25.3574,256,0.2,0.2,20,"both",0.128923194576792,-0.0838759804360953
"3191","session2",-8.33744880010343,12.1127674453273,2.2640023109484,0.000311473599612551,0.326249487300063,0.327570969658915,0.576449187779962,12,2,100,0.128923194576792,-0.0838759804360953,32,2.64425654307164,1,-1.34877,256,0.2,0.2,20,"both",0.128923194576792,-0.0838759804360953
"3192","session2",-8.33744880010343,12.1127674453273,2.2640023109484,0.000311473599612551,0.326249487300063,0.327570969658915,0.576449187779962,12,2,100,0.128923194576792,-0.0838759804360953,32,2.50998349310505,0,-0.761200000000001,256,0.2,0.2,20,"both",0.128923194576792,-0.0838759804360953
"3193","session2",-8.33744880010343,12.1127674453273,2.2640023109484,0.000311473599612551,0.326249487300063,0.327570969658915,0.576449187779962,12,2,100,0.128923194576792,-0.0838759804360953,32,3.57437596906656,1,0.632630000000001,256,0.2,0.2,20,"both",0.128923194576792,-0.0838759804360953
"3194","session2",-8.33744880010343,12.1127674453273,2.2640023109484,0.000311473599612551,0.326249487300063,0.327570969658915,0.576449187779962,12,2,100,0.128923194576792,-0.0838759804360953,32,2.17104815767077,0,-27.2315,256,0.2,0.2,20,"both",0.128923194576792,-0.0838759804360953
"3195","session2",-8.33744880010343,12.1127674453273,2.2640023109484,0.000311473599612551,0.326249487300063,0.327570969658915,0.576449187779962,12,2,100,0.128923194576792,-0.0838759804360953,32,2.35774693620828,0,-24.9107,256,0.2,0.2,20,"both",0.128923194576792,-0.0838759804360953
"3196","session2",-8.33744880010343,12.1127674453273,2.2640023109484,0.000311473599612551,0.326249487300063,0.327570969658915,0.576449187779962,12,2,100,0.128923194576792,-0.0838759804360953,32,2.42075744044159,1,-6.32532,256,0.2,0.2,20,"both",0.128923194576792,-0.0838759804360953
"3197","session2",-8.33744880010343,12.1127674453273,2.2640023109484,0.000311473599612551,0.326249487300063,0.327570969658915,0.576449187779962,12,2,100,0.128923194576792,-0.0838759804360953,32,2.0128340274263,0,-28.7444,256,0.2,0.2,20,"both",0.128923194576792,-0.0838759804360953
"3198","session2",-8.33744880010343,12.1127674453273,2.2640023109484,0.000311473599612551,0.326249487300063,0.327570969658915,0.576449187779962,12,2,100,0.128923194576792,-0.0838759804360953,32,3.02864954680979,1,0.4186,256,0.2,0.2,20,"both",0.128923194576792,-0.0838759804360953
"3199","session2",-8.33744880010343,12.1127674453273,2.2640023109484,0.000311473599612551,0.326249487300063,0.327570969658915,0.576449187779962,12,2,100,0.128923194576792,-0.0838759804360953,32,3.48784208982747,1,-0.7912,256,0.2,0.2,20,"both",0.128923194576792,-0.0838759804360953
"3200","session2",-8.33744880010343,12.1127674453273,2.2640023109484,0.000311473599612551,0.326249487300063,0.327570969658915,0.576449187779962,12,2,100,0.128923194576792,-0.0838759804360953,32,3.21060792591475,1,-19.24176,256,0.2,0.2,20,"both",0.128923194576792,-0.0838759804360953
"3201","session2",-9.92097326501749,15.0090600181229,1.89508958974932,0.000146376664746367,0.15561499570837,0.548133558421936,0.51413534072409,13,2,100,0.128923194576792,-0.0838759804360953,33,3.25973350020319,1,9.6660937163,256,0.2,0.2,20,"both",0.128923194576792,-0.0838759804360953
"3202","session2",-9.92097326501749,15.0090600181229,1.89508958974932,0.000146376664746367,0.15561499570837,0.548133558421936,0.51413534072409,13,2,100,0.128923194576792,-0.0838759804360953,33,2.9479925742173,1,-4.83822249033,256,0.2,0.2,20,"both",0.128923194576792,-0.0838759804360953
"3203","session2",-9.92097326501749,15.0090600181229,1.89508958974932,0.000146376664746367,0.15561499570837,0.548133558421936,0.51413534072409,13,2,100,0.128923194576792,-0.0838759804360953,33,2.02334288983254,0,-14.677138562,256,0.2,0.2,20,"both",0.128923194576792,-0.0838759804360953
"3204","session2",-9.92097326501749,15.0090600181229,1.89508958974932,0.000146376664746367,0.15561499570837,0.548133558421936,0.51413534072409,13,2,100,0.128923194576792,-0.0838759804360953,33,3.34367966089625,0,-8.7026013881,256,0.2,0.2,20,"both",0.128923194576792,-0.0838759804360953
"3205","session2",-9.92097326501749,15.0090600181229,1.89508958974932,0.000146376664746367,0.15561499570837,0.548133558421936,0.51413534072409,13,2,100,0.128923194576792,-0.0838759804360953,33,1.25049930188615,1,-6.82462,256,0.2,0.2,20,"both",0.128923194576792,-0.0838759804360953
"3206","session2",-9.92097326501749,15.0090600181229,1.89508958974932,0.000146376664746367,0.15561499570837,0.548133558421936,0.51413534072409,13,2,100,0.128923194576792,-0.0838759804360953,33,1.64221482737616,0,-4.07435,256,0.2,0.2,20,"both",0.128923194576792,-0.0838759804360953
"3207","session2",-9.92097326501749,15.0090600181229,1.89508958974932,0.000146376664746367,0.15561499570837,0.548133558421936,0.51413534072409,13,2,100,0.128923194576792,-0.0838759804360953,33,4.10710255835334,1,14.76746,256,0.2,0.2,20,"both",0.128923194576792,-0.0838759804360953
"3208","session2",-9.92097326501749,15.0090600181229,1.89508958974932,0.000146376664746367,0.15561499570837,0.548133558421936,0.51413534072409,13,2,100,0.128923194576792,-0.0838759804360953,33,2.61286213478562,0,-4.37406,256,0.2,0.2,20,"both",0.128923194576792,-0.0838759804360953
"3209","session2",-9.92097326501749,15.0090600181229,1.89508958974932,0.000146376664746367,0.15561499570837,0.548133558421936,0.51413534072409,13,2,100,0.128923194576792,-0.0838759804360953,33,1.49017882127525,1,0.3193014075,256,0.2,0.2,20,"both",0.128923194576792,-0.0838759804360953
"3210","session2",-9.92097326501749,15.0090600181229,1.89508958974932,0.000146376664746367,0.15561499570837,0.548133558421936,0.51413534072409,13,2,100,0.128923194576792,-0.0838759804360953,33,2.07619899748559,1,-2.63498,256,0.2,0.2,20,"both",0.128923194576792,-0.0838759804360953
"3211","session2",-9.92097326501749,15.0090600181229,1.89508958974932,0.000146376664746367,0.15561499570837,0.548133558421936,0.51413534072409,13,2,100,0.128923194576792,-0.0838759804360953,33,3.17691765092366,0,-5.63436,256,0.2,0.2,20,"both",0.128923194576792,-0.0838759804360953
"3212","session2",-9.92097326501749,15.0090600181229,1.89508958974932,0.000146376664746367,0.15561499570837,0.548133558421936,0.51413534072409,13,2,100,0.128923194576792,-0.0838759804360953,33,2.12982369540064,1,-11.07898,256,0.2,0.2,20,"both",0.128923194576792,-0.0838759804360953
"3213","session2",-9.92097326501749,15.0090600181229,1.89508958974932,0.000146376664746367,0.15561499570837,0.548133558421936,0.51413534072409,13,2,100,0.128923194576792,-0.0838759804360953,33,2.45203736342656,0,-9.614587,256,0.2,0.2,20,"both",0.128923194576792,-0.0838759804360953
"3214","session2",-9.92097326501749,15.0090600181229,1.89508958974932,0.000146376664746367,0.15561499570837,0.548133558421936,0.51413534072409,13,2,100,0.128923194576792,-0.0838759804360953,33,3.31108571977269,1,2.27647,256,0.2,0.2,20,"both",0.128923194576792,-0.0838759804360953
"3215","session2",-9.92097326501749,15.0090600181229,1.89508958974932,0.000146376664746367,0.15561499570837,0.548133558421936,0.51413534072409,13,2,100,0.128923194576792,-0.0838759804360953,33,1.16881803058487,1,-3.42682,256,0.2,0.2,20,"both",0.128923194576792,-0.0838759804360953
"3216","session2",-9.92097326501749,15.0090600181229,1.89508958974932,0.000146376664746367,0.15561499570837,0.548133558421936,0.51413534072409,13,2,100,0.128923194576792,-0.0838759804360953,33,1.81804049442874,1,37.8716,256,0.2,0.2,20,"both",0.128923194576792,-0.0838759804360953
"3217","session2",-9.92097326501749,15.0090600181229,1.89508958974932,0.000146376664746367,0.15561499570837,0.548133558421936,0.51413534072409,13,2,100,0.128923194576792,-0.0838759804360953,33,2.57695542379138,1,-14.62678,256,0.2,0.2,20,"both",0.128923194576792,-0.0838759804360953
"3218","session2",-9.92097326501749,15.0090600181229,1.89508958974932,0.000146376664746367,0.15561499570837,0.548133558421936,0.51413534072409,13,2,100,0.128923194576792,-0.0838759804360953,33,2.798285685338,0,-8.16028,256,0.2,0.2,20,"both",0.128923194576792,-0.0838759804360953
"3219","session2",-9.92097326501749,15.0090600181229,1.89508958974932,0.000146376664746367,0.15561499570837,0.548133558421936,0.51413534072409,13,2,100,0.128923194576792,-0.0838759804360953,33,4.48311471114481,1,-9.2627443967,256,0.2,0.2,20,"both",0.128923194576792,-0.0838759804360953
"3220","session2",-9.92097326501749,15.0090600181229,1.89508958974932,0.000146376664746367,0.15561499570837,0.548133558421936,0.51413534072409,13,2,100,0.128923194576792,-0.0838759804360953,33,2.27621205061839,0,-20.461,256,0.2,0.2,20,"both",0.128923194576792,-0.0838759804360953
"3221","session2",-9.92097326501749,15.0090600181229,1.89508958974932,0.000146376664746367,0.15561499570837,0.548133558421936,0.51413534072409,13,2,100,0.128923194576792,-0.0838759804360953,33,0.951831291380599,0,6.00546,256,0.2,0.2,20,"both",0.128923194576792,-0.0838759804360953
"3222","session2",-9.92097326501749,15.0090600181229,1.89508958974932,0.000146376664746367,0.15561499570837,0.548133558421936,0.51413534072409,13,2,100,0.128923194576792,-0.0838759804360953,33,1.55524725125999,1,36.83412,256,0.2,0.2,20,"both",0.128923194576792,-0.0838759804360953
"3223","session2",-9.92097326501749,15.0090600181229,1.89508958974932,0.000146376664746367,0.15561499570837,0.548133558421936,0.51413534072409,13,2,100,0.128923194576792,-0.0838759804360953,33,2.33310425041427,1,-6.0715248804,256,0.2,0.2,20,"both",0.128923194576792,-0.0838759804360953
"3224","session2",-9.92097326501749,15.0090600181229,1.89508958974932,0.000146376664746367,0.15561499570837,0.548133558421936,0.51413534072409,13,2,100,0.128923194576792,-0.0838759804360953,33,1.94197641191664,1,5.8512,256,0.2,0.2,20,"both",0.128923194576792,-0.0838759804360953
"3225","session2",-9.92097326501749,15.0090600181229,1.89508958974932,0.000146376664746367,0.15561499570837,0.548133558421936,0.51413534072409,13,2,100,0.128923194576792,-0.0838759804360953,33,8,1,-18.43039,256,0.2,0.2,20,"both",0.128923194576792,-0.0838759804360953
"3226","session2",-9.92097326501749,15.0090600181229,1.89508958974932,0.000146376664746367,0.15561499570837,0.548133558421936,0.51413534072409,13,2,100,0.128923194576792,-0.0838759804360953,33,1.63586705320844,0,-39.3844,256,0.2,0.2,20,"both",0.128923194576792,-0.0838759804360953
"3227","session2",-9.92097326501749,15.0090600181229,1.89508958974932,0.000146376664746367,0.15561499570837,0.548133558421936,0.51413534072409,13,2,100,0.128923194576792,-0.0838759804360953,33,1.0532403124757,0,-26.8962,256,0.2,0.2,20,"both",0.128923194576792,-0.0838759804360953
"3228","session2",-9.92097326501749,15.0090600181229,1.89508958974932,0.000146376664746367,0.15561499570837,0.548133558421936,0.51413534072409,13,2,100,0.128923194576792,-0.0838759804360953,33,1.78988006886719,0,-17.57392,256,0.2,0.2,20,"both",0.128923194576792,-0.0838759804360953
"3229","session2",-9.92097326501749,15.0090600181229,1.89508958974932,0.000146376664746367,0.15561499570837,0.548133558421936,0.51413534072409,13,2,100,0.128923194576792,-0.0838759804360953,33,1.17752599584739,1,22.02848,256,0.2,0.2,20,"both",0.128923194576792,-0.0838759804360953
"3230","session2",-9.92097326501749,15.0090600181229,1.89508958974932,0.000146376664746367,0.15561499570837,0.548133558421936,0.51413534072409,13,2,100,0.128923194576792,-0.0838759804360953,33,3.43768427719282,0,-20.14306,256,0.2,0.2,20,"both",0.128923194576792,-0.0838759804360953
"3231","session2",-9.92097326501749,15.0090600181229,1.89508958974932,0.000146376664746367,0.15561499570837,0.548133558421936,0.51413534072409,13,2,100,0.128923194576792,-0.0838759804360953,33,1.43338068919404,0,-23.28474,256,0.2,0.2,20,"both",0.128923194576792,-0.0838759804360953
"3232","session2",-9.92097326501749,15.0090600181229,1.89508958974932,0.000146376664746367,0.15561499570837,0.548133558421936,0.51413534072409,13,2,100,0.128923194576792,-0.0838759804360953,33,1.73250786836776,0,-20.6828,256,0.2,0.2,20,"both",0.128923194576792,-0.0838759804360953
"3233","session2",-9.92097326501749,15.0090600181229,1.89508958974932,0.000146376664746367,0.15561499570837,0.548133558421936,0.51413534072409,13,2,100,0.128923194576792,-0.0838759804360953,33,1.74952707871552,0,-39.38084,256,0.2,0.2,20,"both",0.128923194576792,-0.0838759804360953
"3234","session2",-9.92097326501749,15.0090600181229,1.89508958974932,0.000146376664746367,0.15561499570837,0.548133558421936,0.51413534072409,13,2,100,0.128923194576792,-0.0838759804360953,33,1.01789389247957,1,-7.7278162504,256,0.2,0.2,20,"both",0.128923194576792,-0.0838759804360953
"3235","session2",-9.92097326501749,15.0090600181229,1.89508958974932,0.000146376664746367,0.15561499570837,0.548133558421936,0.51413534072409,13,2,100,0.128923194576792,-0.0838759804360953,33,3.11014073973677,1,-17.83513,256,0.2,0.2,20,"both",0.128923194576792,-0.0838759804360953
"3236","session2",-9.92097326501749,15.0090600181229,1.89508958974932,0.000146376664746367,0.15561499570837,0.548133558421936,0.51413534072409,13,2,100,0.128923194576792,-0.0838759804360953,33,8,1,-9.854992397,256,0.2,0.2,20,"both",0.128923194576792,-0.0838759804360953
"3237","session2",-9.92097326501749,15.0090600181229,1.89508958974932,0.000146376664746367,0.15561499570837,0.548133558421936,0.51413534072409,13,2,100,0.128923194576792,-0.0838759804360953,33,1.48976042971562,1,-2.36604,256,0.2,0.2,20,"both",0.128923194576792,-0.0838759804360953
"3238","session2",-9.92097326501749,15.0090600181229,1.89508958974932,0.000146376664746367,0.15561499570837,0.548133558421936,0.51413534072409,13,2,100,0.128923194576792,-0.0838759804360953,33,0.985150632663909,0,-35.6246,256,0.2,0.2,20,"both",0.128923194576792,-0.0838759804360953
"3239","session2",-9.92097326501749,15.0090600181229,1.89508958974932,0.000146376664746367,0.15561499570837,0.548133558421936,0.51413534072409,13,2,100,0.128923194576792,-0.0838759804360953,33,3.40579520957311,0,-29.7637,256,0.2,0.2,20,"both",0.128923194576792,-0.0838759804360953
"3240","session2",-9.92097326501749,15.0090600181229,1.89508958974932,0.000146376664746367,0.15561499570837,0.548133558421936,0.51413534072409,13,2,100,0.128923194576792,-0.0838759804360953,33,1.50017916020885,1,4.6305,256,0.2,0.2,20,"both",0.128923194576792,-0.0838759804360953
"3241","session2",-9.92097326501749,15.0090600181229,1.89508958974932,0.000146376664746367,0.15561499570837,0.548133558421936,0.51413534072409,13,2,100,0.128923194576792,-0.0838759804360953,33,1.73430953063364,0,-30.22478,256,0.2,0.2,20,"both",0.128923194576792,-0.0838759804360953
"3242","session2",-9.92097326501749,15.0090600181229,1.89508958974932,0.000146376664746367,0.15561499570837,0.548133558421936,0.51413534072409,13,2,100,0.128923194576792,-0.0838759804360953,33,2.06426525253673,1,3.0797,256,0.2,0.2,20,"both",0.128923194576792,-0.0838759804360953
"3243","session2",-9.92097326501749,15.0090600181229,1.89508958974932,0.000146376664746367,0.15561499570837,0.548133558421936,0.51413534072409,13,2,100,0.128923194576792,-0.0838759804360953,33,3.05688139921495,1,-2.88111,256,0.2,0.2,20,"both",0.128923194576792,-0.0838759804360953
"3244","session2",-9.92097326501749,15.0090600181229,1.89508958974932,0.000146376664746367,0.15561499570837,0.548133558421936,0.51413534072409,13,2,100,0.128923194576792,-0.0838759804360953,33,2.68064941968357,1,-1.6174,256,0.2,0.2,20,"both",0.128923194576792,-0.0838759804360953
"3245","session2",-9.92097326501749,15.0090600181229,1.89508958974932,0.000146376664746367,0.15561499570837,0.548133558421936,0.51413534072409,13,2,100,0.128923194576792,-0.0838759804360953,33,1.88207310093672,1,0.982399999999998,256,0.2,0.2,20,"both",0.128923194576792,-0.0838759804360953
"3246","session2",-9.92097326501749,15.0090600181229,1.89508958974932,0.000146376664746367,0.15561499570837,0.548133558421936,0.51413534072409,13,2,100,0.128923194576792,-0.0838759804360953,33,1.42303620511841,0,-0.1348,256,0.2,0.2,20,"both",0.128923194576792,-0.0838759804360953
"3247","session2",-9.92097326501749,15.0090600181229,1.89508958974932,0.000146376664746367,0.15561499570837,0.548133558421936,0.51413534072409,13,2,100,0.128923194576792,-0.0838759804360953,33,2.60057287723248,1,-3.50035,256,0.2,0.2,20,"both",0.128923194576792,-0.0838759804360953
"3248","session2",-9.92097326501749,15.0090600181229,1.89508958974932,0.000146376664746367,0.15561499570837,0.548133558421936,0.51413534072409,13,2,100,0.128923194576792,-0.0838759804360953,33,2.34894177754518,1,-23.69953,256,0.2,0.2,20,"both",0.128923194576792,-0.0838759804360953
"3249","session2",-9.92097326501749,15.0090600181229,1.89508958974932,0.000146376664746367,0.15561499570837,0.548133558421936,0.51413534072409,13,2,100,0.128923194576792,-0.0838759804360953,33,2.75999785908776,1,-4.35957,256,0.2,0.2,20,"both",0.128923194576792,-0.0838759804360953
"3250","session2",-9.92097326501749,15.0090600181229,1.89508958974932,0.000146376664746367,0.15561499570837,0.548133558421936,0.51413534072409,13,2,100,0.128923194576792,-0.0838759804360953,33,1.77745815284478,1,-6.91092,256,0.2,0.2,20,"both",0.128923194576792,-0.0838759804360953
"3251","session2",-9.92097326501749,15.0090600181229,1.89508958974932,0.000146376664746367,0.15561499570837,0.548133558421936,0.51413534072409,13,2,100,0.128923194576792,-0.0838759804360953,33,5.22110655038592,1,8.4969,256,0.2,0.2,20,"both",0.128923194576792,-0.0838759804360953
"3252","session2",-9.92097326501749,15.0090600181229,1.89508958974932,0.000146376664746367,0.15561499570837,0.548133558421936,0.51413534072409,13,2,100,0.128923194576792,-0.0838759804360953,33,2.48814621203743,0,-27.3966,256,0.2,0.2,20,"both",0.128923194576792,-0.0838759804360953
"3253","session2",-9.92097326501749,15.0090600181229,1.89508958974932,0.000146376664746367,0.15561499570837,0.548133558421936,0.51413534072409,13,2,100,0.128923194576792,-0.0838759804360953,33,4.19733660352323,1,-4.65752,256,0.2,0.2,20,"both",0.128923194576792,-0.0838759804360953
"3254","session2",-9.92097326501749,15.0090600181229,1.89508958974932,0.000146376664746367,0.15561499570837,0.548133558421936,0.51413534072409,13,2,100,0.128923194576792,-0.0838759804360953,33,1.03711657916757,1,20.75883,256,0.2,0.2,20,"both",0.128923194576792,-0.0838759804360953
"3255","session2",-9.92097326501749,15.0090600181229,1.89508958974932,0.000146376664746367,0.15561499570837,0.548133558421936,0.51413534072409,13,2,100,0.128923194576792,-0.0838759804360953,33,2.12131153244856,0,-30.3313,256,0.2,0.2,20,"both",0.128923194576792,-0.0838759804360953
"3256","session2",-9.92097326501749,15.0090600181229,1.89508958974932,0.000146376664746367,0.15561499570837,0.548133558421936,0.51413534072409,13,2,100,0.128923194576792,-0.0838759804360953,33,1.63412521003009,0,-23.69113,256,0.2,0.2,20,"both",0.128923194576792,-0.0838759804360953
"3257","session2",-9.92097326501749,15.0090600181229,1.89508958974932,0.000146376664746367,0.15561499570837,0.548133558421936,0.51413534072409,13,2,100,0.128923194576792,-0.0838759804360953,33,5.26189788851737,1,1.05228,256,0.2,0.2,20,"both",0.128923194576792,-0.0838759804360953
"3258","session2",-9.92097326501749,15.0090600181229,1.89508958974932,0.000146376664746367,0.15561499570837,0.548133558421936,0.51413534072409,13,2,100,0.128923194576792,-0.0838759804360953,33,1.08443415876646,0,-30.40479,256,0.2,0.2,20,"both",0.128923194576792,-0.0838759804360953
"3259","session2",-9.92097326501749,15.0090600181229,1.89508958974932,0.000146376664746367,0.15561499570837,0.548133558421936,0.51413534072409,13,2,100,0.128923194576792,-0.0838759804360953,33,2.27879060291989,0,1.6008,256,0.2,0.2,20,"both",0.128923194576792,-0.0838759804360953
"3260","session2",-9.92097326501749,15.0090600181229,1.89508958974932,0.000146376664746367,0.15561499570837,0.548133558421936,0.51413534072409,13,2,100,0.128923194576792,-0.0838759804360953,33,1.78639641327422,1,5.281,256,0.2,0.2,20,"both",0.128923194576792,-0.0838759804360953
"3261","session2",-9.92097326501749,15.0090600181229,1.89508958974932,0.000146376664746367,0.15561499570837,0.548133558421936,0.51413534072409,13,2,100,0.128923194576792,-0.0838759804360953,33,2.96316766263768,1,-2.9007,256,0.2,0.2,20,"both",0.128923194576792,-0.0838759804360953
"3262","session2",-9.92097326501749,15.0090600181229,1.89508958974932,0.000146376664746367,0.15561499570837,0.548133558421936,0.51413534072409,13,2,100,0.128923194576792,-0.0838759804360953,33,2.16884562059564,0,-17.09568,256,0.2,0.2,20,"both",0.128923194576792,-0.0838759804360953
"3263","session2",-9.92097326501749,15.0090600181229,1.89508958974932,0.000146376664746367,0.15561499570837,0.548133558421936,0.51413534072409,13,2,100,0.128923194576792,-0.0838759804360953,33,1.33930512795954,0,-18.39287,256,0.2,0.2,20,"both",0.128923194576792,-0.0838759804360953
"3264","session2",-9.92097326501749,15.0090600181229,1.89508958974932,0.000146376664746367,0.15561499570837,0.548133558421936,0.51413534072409,13,2,100,0.128923194576792,-0.0838759804360953,33,2.51157517465465,0,-21.50097,256,0.2,0.2,20,"both",0.128923194576792,-0.0838759804360953
"3265","session2",-9.92097326501749,15.0090600181229,1.89508958974932,0.000146376664746367,0.15561499570837,0.548133558421936,0.51413534072409,13,2,100,0.128923194576792,-0.0838759804360953,33,1.47099089223403,1,5.84787,256,0.2,0.2,20,"both",0.128923194576792,-0.0838759804360953
"3266","session2",-9.92097326501749,15.0090600181229,1.89508958974932,0.000146376664746367,0.15561499570837,0.548133558421936,0.51413534072409,13,2,100,0.128923194576792,-0.0838759804360953,33,1.57027216110397,1,5.68155,256,0.2,0.2,20,"both",0.128923194576792,-0.0838759804360953
"3267","session2",-9.92097326501749,15.0090600181229,1.89508958974932,0.000146376664746367,0.15561499570837,0.548133558421936,0.51413534072409,13,2,100,0.128923194576792,-0.0838759804360953,33,1.89555513989139,0,-27.3974,256,0.2,0.2,20,"both",0.128923194576792,-0.0838759804360953
"3268","session2",-9.92097326501749,15.0090600181229,1.89508958974932,0.000146376664746367,0.15561499570837,0.548133558421936,0.51413534072409,13,2,100,0.128923194576792,-0.0838759804360953,33,1.47783816694944,1,6.42294,256,0.2,0.2,20,"both",0.128923194576792,-0.0838759804360953
"3269","session2",-9.92097326501749,15.0090600181229,1.89508958974932,0.000146376664746367,0.15561499570837,0.548133558421936,0.51413534072409,13,2,100,0.128923194576792,-0.0838759804360953,33,1.08990276954925,0,-20.15258,256,0.2,0.2,20,"both",0.128923194576792,-0.0838759804360953
"3270","session2",-9.92097326501749,15.0090600181229,1.89508958974932,0.000146376664746367,0.15561499570837,0.548133558421936,0.51413534072409,13,2,100,0.128923194576792,-0.0838759804360953,33,2.50448986900451,0,-6.23111,256,0.2,0.2,20,"both",0.128923194576792,-0.0838759804360953
"3271","session2",-9.92097326501749,15.0090600181229,1.89508958974932,0.000146376664746367,0.15561499570837,0.548133558421936,0.51413534072409,13,2,100,0.128923194576792,-0.0838759804360953,33,1.98420908249059,1,-27.7869,256,0.2,0.2,20,"both",0.128923194576792,-0.0838759804360953
"3272","session2",-9.92097326501749,15.0090600181229,1.89508958974932,0.000146376664746367,0.15561499570837,0.548133558421936,0.51413534072409,13,2,100,0.128923194576792,-0.0838759804360953,33,1.95269982090801,0,-20.06454,256,0.2,0.2,20,"both",0.128923194576792,-0.0838759804360953
"3273","session2",-9.92097326501749,15.0090600181229,1.89508958974932,0.000146376664746367,0.15561499570837,0.548133558421936,0.51413534072409,13,2,100,0.128923194576792,-0.0838759804360953,33,1.1795462135633,0,-3.76762,256,0.2,0.2,20,"both",0.128923194576792,-0.0838759804360953
"3274","session2",-9.92097326501749,15.0090600181229,1.89508958974932,0.000146376664746367,0.15561499570837,0.548133558421936,0.51413534072409,13,2,100,0.128923194576792,-0.0838759804360953,33,1.97357878513324,1,7.8423,256,0.2,0.2,20,"both",0.128923194576792,-0.0838759804360953
"3275","session2",-9.92097326501749,15.0090600181229,1.89508958974932,0.000146376664746367,0.15561499570837,0.548133558421936,0.51413534072409,13,2,100,0.128923194576792,-0.0838759804360953,33,1.35532198781167,1,7.12109,256,0.2,0.2,20,"both",0.128923194576792,-0.0838759804360953
"3276","session2",-9.92097326501749,15.0090600181229,1.89508958974932,0.000146376664746367,0.15561499570837,0.548133558421936,0.51413534072409,13,2,100,0.128923194576792,-0.0838759804360953,33,3.51918124125789,1,6.2667,256,0.2,0.2,20,"both",0.128923194576792,-0.0838759804360953
"3277","session2",-9.92097326501749,15.0090600181229,1.89508958974932,0.000146376664746367,0.15561499570837,0.548133558421936,0.51413534072409,13,2,100,0.128923194576792,-0.0838759804360953,33,2.95238032904213,0,-30.879,256,0.2,0.2,20,"both",0.128923194576792,-0.0838759804360953
"3278","session2",-9.92097326501749,15.0090600181229,1.89508958974932,0.000146376664746367,0.15561499570837,0.548133558421936,0.51413534072409,13,2,100,0.128923194576792,-0.0838759804360953,33,3.09787182428998,1,-2.8114,256,0.2,0.2,20,"both",0.128923194576792,-0.0838759804360953
"3279","session2",-9.92097326501749,15.0090600181229,1.89508958974932,0.000146376664746367,0.15561499570837,0.548133558421936,0.51413534072409,13,2,100,0.128923194576792,-0.0838759804360953,33,1.93097220448177,0,-20.38782,256,0.2,0.2,20,"both",0.128923194576792,-0.0838759804360953
"3280","session2",-9.92097326501749,15.0090600181229,1.89508958974932,0.000146376664746367,0.15561499570837,0.548133558421936,0.51413534072409,13,2,100,0.128923194576792,-0.0838759804360953,33,1.77173766710129,0,-21.22003,256,0.2,0.2,20,"both",0.128923194576792,-0.0838759804360953
"3281","session2",-9.92097326501749,15.0090600181229,1.89508958974932,0.000146376664746367,0.15561499570837,0.548133558421936,0.51413534072409,13,2,100,0.128923194576792,-0.0838759804360953,33,1.63753633554246,0,-16.37714,256,0.2,0.2,20,"both",0.128923194576792,-0.0838759804360953
"3282","session2",-9.92097326501749,15.0090600181229,1.89508958974932,0.000146376664746367,0.15561499570837,0.548133558421936,0.51413534072409,13,2,100,0.128923194576792,-0.0838759804360953,33,1.08909481765201,0,-22.11449,256,0.2,0.2,20,"both",0.128923194576792,-0.0838759804360953
"3283","session2",-9.92097326501749,15.0090600181229,1.89508958974932,0.000146376664746367,0.15561499570837,0.548133558421936,0.51413534072409,13,2,100,0.128923194576792,-0.0838759804360953,33,2.08010939053148,1,-0.86969,256,0.2,0.2,20,"both",0.128923194576792,-0.0838759804360953
"3284","session2",-9.92097326501749,15.0090600181229,1.89508958974932,0.000146376664746367,0.15561499570837,0.548133558421936,0.51413534072409,13,2,100,0.128923194576792,-0.0838759804360953,33,0.998609513966324,1,3.0499,256,0.2,0.2,20,"both",0.128923194576792,-0.0838759804360953
"3285","session2",-9.92097326501749,15.0090600181229,1.89508958974932,0.000146376664746367,0.15561499570837,0.548133558421936,0.51413534072409,13,2,100,0.128923194576792,-0.0838759804360953,33,1.46768300258426,0,-0.0139199999999997,256,0.2,0.2,20,"both",0.128923194576792,-0.0838759804360953
"3286","session2",-9.92097326501749,15.0090600181229,1.89508958974932,0.000146376664746367,0.15561499570837,0.548133558421936,0.51413534072409,13,2,100,0.128923194576792,-0.0838759804360953,33,2.66201679974991,1,-24.2589,256,0.2,0.2,20,"both",0.128923194576792,-0.0838759804360953
"3287","session2",-9.92097326501749,15.0090600181229,1.89508958974932,0.000146376664746367,0.15561499570837,0.548133558421936,0.51413534072409,13,2,100,0.128923194576792,-0.0838759804360953,33,1.30281402960229,1,-24.5048,256,0.2,0.2,20,"both",0.128923194576792,-0.0838759804360953
"3288","session2",-9.92097326501749,15.0090600181229,1.89508958974932,0.000146376664746367,0.15561499570837,0.548133558421936,0.51413534072409,13,2,100,0.128923194576792,-0.0838759804360953,33,1.35530893922311,0,-32.6283,256,0.2,0.2,20,"both",0.128923194576792,-0.0838759804360953
"3289","session2",-9.92097326501749,15.0090600181229,1.89508958974932,0.000146376664746367,0.15561499570837,0.548133558421936,0.51413534072409,13,2,100,0.128923194576792,-0.0838759804360953,33,1.42117639693045,1,25.21831,256,0.2,0.2,20,"both",0.128923194576792,-0.0838759804360953
"3290","session2",-9.92097326501749,15.0090600181229,1.89508958974932,0.000146376664746367,0.15561499570837,0.548133558421936,0.51413534072409,13,2,100,0.128923194576792,-0.0838759804360953,33,1.60161704198428,1,-22.05392,256,0.2,0.2,20,"both",0.128923194576792,-0.0838759804360953
"3291","session2",-9.92097326501749,15.0090600181229,1.89508958974932,0.000146376664746367,0.15561499570837,0.548133558421936,0.51413534072409,13,2,100,0.128923194576792,-0.0838759804360953,33,1.62540606809587,1,-21.47376,256,0.2,0.2,20,"both",0.128923194576792,-0.0838759804360953
"3292","session2",-9.92097326501749,15.0090600181229,1.89508958974932,0.000146376664746367,0.15561499570837,0.548133558421936,0.51413534072409,13,2,100,0.128923194576792,-0.0838759804360953,33,2.05406235672126,1,4.2826,256,0.2,0.2,20,"both",0.128923194576792,-0.0838759804360953
"3293","session2",-9.92097326501749,15.0090600181229,1.89508958974932,0.000146376664746367,0.15561499570837,0.548133558421936,0.51413534072409,13,2,100,0.128923194576792,-0.0838759804360953,33,1.28093840197765,1,-20.96106,256,0.2,0.2,20,"both",0.128923194576792,-0.0838759804360953
"3294","session2",-9.92097326501749,15.0090600181229,1.89508958974932,0.000146376664746367,0.15561499570837,0.548133558421936,0.51413534072409,13,2,100,0.128923194576792,-0.0838759804360953,33,1.36778644145423,0,-28.1209,256,0.2,0.2,20,"both",0.128923194576792,-0.0838759804360953
"3295","session2",-9.92097326501749,15.0090600181229,1.89508958974932,0.000146376664746367,0.15561499570837,0.548133558421936,0.51413534072409,13,2,100,0.128923194576792,-0.0838759804360953,33,3.28938279207809,1,0.8635,256,0.2,0.2,20,"both",0.128923194576792,-0.0838759804360953
"3296","session2",-9.92097326501749,15.0090600181229,1.89508958974932,0.000146376664746367,0.15561499570837,0.548133558421936,0.51413534072409,13,2,100,0.128923194576792,-0.0838759804360953,33,1.79907464976494,1,4.444,256,0.2,0.2,20,"both",0.128923194576792,-0.0838759804360953
"3297","session2",-9.92097326501749,15.0090600181229,1.89508958974932,0.000146376664746367,0.15561499570837,0.548133558421936,0.51413534072409,13,2,100,0.128923194576792,-0.0838759804360953,33,4.22685530000858,1,-26.8558,256,0.2,0.2,20,"both",0.128923194576792,-0.0838759804360953
"3298","session2",-9.92097326501749,15.0090600181229,1.89508958974932,0.000146376664746367,0.15561499570837,0.548133558421936,0.51413534072409,13,2,100,0.128923194576792,-0.0838759804360953,33,2.55658186534588,1,-26.5687,256,0.2,0.2,20,"both",0.128923194576792,-0.0838759804360953
"3299","session2",-9.92097326501749,15.0090600181229,1.89508958974932,0.000146376664746367,0.15561499570837,0.548133558421936,0.51413534072409,13,2,100,0.128923194576792,-0.0838759804360953,33,1.43366471275435,1,4.6662,256,0.2,0.2,20,"both",0.128923194576792,-0.0838759804360953
"3300","session2",-9.92097326501749,15.0090600181229,1.89508958974932,0.000146376664746367,0.15561499570837,0.548133558421936,0.51413534072409,13,2,100,0.128923194576792,-0.0838759804360953,33,2.53283634015068,1,1.9658,256,0.2,0.2,20,"both",0.128923194576792,-0.0838759804360953
"3301","session2",-22.8188879804211,11.1095183145166,3.54565474819569,0.000512006834089129,0.239252715905801,0.414622518489694,0.510200949430107,14,2,100,0.128923194576792,-0.0838759804360953,34,3.42634226313637,1,-6.5894942007,256,0.2,0.2,20,"both",0.128923194576792,-0.0838759804360953
"3302","session2",-22.8188879804211,11.1095183145166,3.54565474819569,0.000512006834089129,0.239252715905801,0.414622518489694,0.510200949430107,14,2,100,0.128923194576792,-0.0838759804360953,34,3.72198029219532,1,-12.538973175,256,0.2,0.2,20,"both",0.128923194576792,-0.0838759804360953
"3303","session2",-22.8188879804211,11.1095183145166,3.54565474819569,0.000512006834089129,0.239252715905801,0.414622518489694,0.510200949430107,14,2,100,0.128923194576792,-0.0838759804360953,34,5.50289150496278,0,-18.7326374937,256,0.2,0.2,20,"both",0.128923194576792,-0.0838759804360953
"3304","session2",-22.8188879804211,11.1095183145166,3.54565474819569,0.000512006834089129,0.239252715905801,0.414622518489694,0.510200949430107,14,2,100,0.128923194576792,-0.0838759804360953,34,2.76018654225238,1,-13.4178906734,256,0.2,0.2,20,"both",0.128923194576792,-0.0838759804360953
"3305","session2",-22.8188879804211,11.1095183145166,3.54565474819569,0.000512006834089129,0.239252715905801,0.414622518489694,0.510200949430107,14,2,100,0.128923194576792,-0.0838759804360953,34,3.33952476831264,0,-27.40289,256,0.2,0.2,20,"both",0.128923194576792,-0.0838759804360953
"3306","session2",-22.8188879804211,11.1095183145166,3.54565474819569,0.000512006834089129,0.239252715905801,0.414622518489694,0.510200949430107,14,2,100,0.128923194576792,-0.0838759804360953,34,1.65073226444217,1,-8.21899,256,0.2,0.2,20,"both",0.128923194576792,-0.0838759804360953
"3307","session2",-22.8188879804211,11.1095183145166,3.54565474819569,0.000512006834089129,0.239252715905801,0.414622518489694,0.510200949430107,14,2,100,0.128923194576792,-0.0838759804360953,34,3.34156730573346,1,-17.58084569,256,0.2,0.2,20,"both",0.128923194576792,-0.0838759804360953
"3308","session2",-22.8188879804211,11.1095183145166,3.54565474819569,0.000512006834089129,0.239252715905801,0.414622518489694,0.510200949430107,14,2,100,0.128923194576792,-0.0838759804360953,34,3.4902492970688,1,-26.80259,256,0.2,0.2,20,"both",0.128923194576792,-0.0838759804360953
"3309","session2",-22.8188879804211,11.1095183145166,3.54565474819569,0.000512006834089129,0.239252715905801,0.414622518489694,0.510200949430107,14,2,100,0.128923194576792,-0.0838759804360953,34,4.10285922341059,1,-18.32089,256,0.2,0.2,20,"both",0.128923194576792,-0.0838759804360953
"3310","session2",-22.8188879804211,11.1095183145166,3.54565474819569,0.000512006834089129,0.239252715905801,0.414622518489694,0.510200949430107,14,2,100,0.128923194576792,-0.0838759804360953,34,3.03336812178291,0,-37.8731,256,0.2,0.2,20,"both",0.128923194576792,-0.0838759804360953
"3311","session2",-22.8188879804211,11.1095183145166,3.54565474819569,0.000512006834089129,0.239252715905801,0.414622518489694,0.510200949430107,14,2,100,0.128923194576792,-0.0838759804360953,34,2.66522445177162,0,-35.0656,256,0.2,0.2,20,"both",0.128923194576792,-0.0838759804360953
"3312","session2",-22.8188879804211,11.1095183145166,3.54565474819569,0.000512006834089129,0.239252715905801,0.414622518489694,0.510200949430107,14,2,100,0.128923194576792,-0.0838759804360953,34,1.29415702065446,1,-4.17712,256,0.2,0.2,20,"both",0.128923194576792,-0.0838759804360953
"3313","session2",-22.8188879804211,11.1095183145166,3.54565474819569,0.000512006834089129,0.239252715905801,0.414622518489694,0.510200949430107,14,2,100,0.128923194576792,-0.0838759804360953,34,1.92309727760072,0,-37.497,256,0.2,0.2,20,"both",0.128923194576792,-0.0838759804360953
"3314","session2",-22.8188879804211,11.1095183145166,3.54565474819569,0.000512006834089129,0.239252715905801,0.414622518489694,0.510200949430107,14,2,100,0.128923194576792,-0.0838759804360953,34,2.20543778051452,1,-14.30084,256,0.2,0.2,20,"both",0.128923194576792,-0.0838759804360953
"3315","session2",-22.8188879804211,11.1095183145166,3.54565474819569,0.000512006834089129,0.239252715905801,0.414622518489694,0.510200949430107,14,2,100,0.128923194576792,-0.0838759804360953,34,3.06687485224573,1,-24.49299,256,0.2,0.2,20,"both",0.128923194576792,-0.0838759804360953
"3316","session2",-22.8188879804211,11.1095183145166,3.54565474819569,0.000512006834089129,0.239252715905801,0.414622518489694,0.510200949430107,14,2,100,0.128923194576792,-0.0838759804360953,34,2.94175237774941,0,-37.7867,256,0.2,0.2,20,"both",0.128923194576792,-0.0838759804360953
"3317","session2",-22.8188879804211,11.1095183145166,3.54565474819569,0.000512006834089129,0.239252715905801,0.414622518489694,0.510200949430107,14,2,100,0.128923194576792,-0.0838759804360953,34,5.02514758704444,0,-24.03758,256,0.2,0.2,20,"both",0.128923194576792,-0.0838759804360953
"3318","session2",-22.8188879804211,11.1095183145166,3.54565474819569,0.000512006834089129,0.239252715905801,0.414622518489694,0.510200949430107,14,2,100,0.128923194576792,-0.0838759804360953,34,2.39733051038035,0,-15.37938,256,0.2,0.2,20,"both",0.128923194576792,-0.0838759804360953
"3319","session2",-22.8188879804211,11.1095183145166,3.54565474819569,0.000512006834089129,0.239252715905801,0.414622518489694,0.510200949430107,14,2,100,0.128923194576792,-0.0838759804360953,34,1.8407190166426,0,-13.57191,256,0.2,0.2,20,"both",0.128923194576792,-0.0838759804360953
"3320","session2",-22.8188879804211,11.1095183145166,3.54565474819569,0.000512006834089129,0.239252715905801,0.414622518489694,0.510200949430107,14,2,100,0.128923194576792,-0.0838759804360953,34,2.33726695812702,1,-13.1084,256,0.2,0.2,20,"both",0.128923194576792,-0.0838759804360953
"3321","session2",-22.8188879804211,11.1095183145166,3.54565474819569,0.000512006834089129,0.239252715905801,0.414622518489694,0.510200949430107,14,2,100,0.128923194576792,-0.0838759804360953,34,1.89430068123505,0,-16.86949,256,0.2,0.2,20,"both",0.128923194576792,-0.0838759804360953
"3322","session2",-22.8188879804211,11.1095183145166,3.54565474819569,0.000512006834089129,0.239252715905801,0.414622518489694,0.510200949430107,14,2,100,0.128923194576792,-0.0838759804360953,34,1.44348403633521,1,-9.25597,256,0.2,0.2,20,"both",0.128923194576792,-0.0838759804360953
"3323","session2",-22.8188879804211,11.1095183145166,3.54565474819569,0.000512006834089129,0.239252715905801,0.414622518489694,0.510200949430107,14,2,100,0.128923194576792,-0.0838759804360953,34,2.09327446020124,1,-6.67005,256,0.2,0.2,20,"both",0.128923194576792,-0.0838759804360953
"3324","session2",-22.8188879804211,11.1095183145166,3.54565474819569,0.000512006834089129,0.239252715905801,0.414622518489694,0.510200949430107,14,2,100,0.128923194576792,-0.0838759804360953,34,1.16749950680618,1,0.736899999999999,256,0.2,0.2,20,"both",0.128923194576792,-0.0838759804360953
"3325","session2",-22.8188879804211,11.1095183145166,3.54565474819569,0.000512006834089129,0.239252715905801,0.414622518489694,0.510200949430107,14,2,100,0.128923194576792,-0.0838759804360953,34,2.52035073407147,1,-30.72831,256,0.2,0.2,20,"both",0.128923194576792,-0.0838759804360953
"3326","session2",-22.8188879804211,11.1095183145166,3.54565474819569,0.000512006834089129,0.239252715905801,0.414622518489694,0.510200949430107,14,2,100,0.128923194576792,-0.0838759804360953,34,1.30104813075869,0,-40.9389,256,0.2,0.2,20,"both",0.128923194576792,-0.0838759804360953
"3327","session2",-22.8188879804211,11.1095183145166,3.54565474819569,0.000512006834089129,0.239252715905801,0.414622518489694,0.510200949430107,14,2,100,0.128923194576792,-0.0838759804360953,34,2.17021374304951,1,-10.22162,256,0.2,0.2,20,"both",0.128923194576792,-0.0838759804360953
"3328","session2",-22.8188879804211,11.1095183145166,3.54565474819569,0.000512006834089129,0.239252715905801,0.414622518489694,0.510200949430107,14,2,100,0.128923194576792,-0.0838759804360953,34,1.71653450846654,1,-9.96386,256,0.2,0.2,20,"both",0.128923194576792,-0.0838759804360953
"3329","session2",-22.8188879804211,11.1095183145166,3.54565474819569,0.000512006834089129,0.239252715905801,0.414622518489694,0.510200949430107,14,2,100,0.128923194576792,-0.0838759804360953,34,3.78600735090097,0,-30.08356,256,0.2,0.2,20,"both",0.128923194576792,-0.0838759804360953
"3330","session2",-22.8188879804211,11.1095183145166,3.54565474819569,0.000512006834089129,0.239252715905801,0.414622518489694,0.510200949430107,14,2,100,0.128923194576792,-0.0838759804360953,34,1.61791666775591,1,-37.7582,256,0.2,0.2,20,"both",0.128923194576792,-0.0838759804360953
"3331","session2",-22.8188879804211,11.1095183145166,3.54565474819569,0.000512006834089129,0.239252715905801,0.414622518489694,0.510200949430107,14,2,100,0.128923194576792,-0.0838759804360953,34,3.35165024832818,0,-28.94593,256,0.2,0.2,20,"both",0.128923194576792,-0.0838759804360953
"3332","session2",-22.8188879804211,11.1095183145166,3.54565474819569,0.000512006834089129,0.239252715905801,0.414622518489694,0.510200949430107,14,2,100,0.128923194576792,-0.0838759804360953,34,2.38703732697959,0,-41.15755,256,0.2,0.2,20,"both",0.128923194576792,-0.0838759804360953
"3333","session2",-22.8188879804211,11.1095183145166,3.54565474819569,0.000512006834089129,0.239252715905801,0.414622518489694,0.510200949430107,14,2,100,0.128923194576792,-0.0838759804360953,34,3.22729521186031,0,-38.2954,256,0.2,0.2,20,"both",0.128923194576792,-0.0838759804360953
"3334","session2",-22.8188879804211,11.1095183145166,3.54565474819569,0.000512006834089129,0.239252715905801,0.414622518489694,0.510200949430107,14,2,100,0.128923194576792,-0.0838759804360953,34,2.24008804605354,0,-45.6343,256,0.2,0.2,20,"both",0.128923194576792,-0.0838759804360953
"3335","session2",-22.8188879804211,11.1095183145166,3.54565474819569,0.000512006834089129,0.239252715905801,0.414622518489694,0.510200949430107,14,2,100,0.128923194576792,-0.0838759804360953,34,1.50803348132423,1,-9.84358,256,0.2,0.2,20,"both",0.128923194576792,-0.0838759804360953
"3336","session2",-22.8188879804211,11.1095183145166,3.54565474819569,0.000512006834089129,0.239252715905801,0.414622518489694,0.510200949430107,14,2,100,0.128923194576792,-0.0838759804360953,34,1.74176801669778,1,-10.7353,256,0.2,0.2,20,"both",0.128923194576792,-0.0838759804360953
"3337","session2",-22.8188879804211,11.1095183145166,3.54565474819569,0.000512006834089129,0.239252715905801,0.414622518489694,0.510200949430107,14,2,100,0.128923194576792,-0.0838759804360953,34,3.728878653646,0,-30.96,256,0.2,0.2,20,"both",0.128923194576792,-0.0838759804360953
"3338","session2",-22.8188879804211,11.1095183145166,3.54565474819569,0.000512006834089129,0.239252715905801,0.414622518489694,0.510200949430107,14,2,100,0.128923194576792,-0.0838759804360953,34,1.51639028460907,1,-9.8802,256,0.2,0.2,20,"both",0.128923194576792,-0.0838759804360953
"3339","session2",-22.8188879804211,11.1095183145166,3.54565474819569,0.000512006834089129,0.239252715905801,0.414622518489694,0.510200949430107,14,2,100,0.128923194576792,-0.0838759804360953,34,1.67591646944647,1,-14.8102,256,0.2,0.2,20,"both",0.128923194576792,-0.0838759804360953
"3340","session2",-22.8188879804211,11.1095183145166,3.54565474819569,0.000512006834089129,0.239252715905801,0.414622518489694,0.510200949430107,14,2,100,0.128923194576792,-0.0838759804360953,34,3.25419904862737,0,-37.638,256,0.2,0.2,20,"both",0.128923194576792,-0.0838759804360953
"3341","session2",-22.8188879804211,11.1095183145166,3.54565474819569,0.000512006834089129,0.239252715905801,0.414622518489694,0.510200949430107,14,2,100,0.128923194576792,-0.0838759804360953,34,1.69862354584746,1,-13.69622,256,0.2,0.2,20,"both",0.128923194576792,-0.0838759804360953
"3342","session2",-22.8188879804211,11.1095183145166,3.54565474819569,0.000512006834089129,0.239252715905801,0.414622518489694,0.510200949430107,14,2,100,0.128923194576792,-0.0838759804360953,34,3.70268403486574,0,-34.8038,256,0.2,0.2,20,"both",0.128923194576792,-0.0838759804360953
"3343","session2",-22.8188879804211,11.1095183145166,3.54565474819569,0.000512006834089129,0.239252715905801,0.414622518489694,0.510200949430107,14,2,100,0.128923194576792,-0.0838759804360953,34,3.24894600169744,0,-35.73391,256,0.2,0.2,20,"both",0.128923194576792,-0.0838759804360953
"3344","session2",-22.8188879804211,11.1095183145166,3.54565474819569,0.000512006834089129,0.239252715905801,0.414622518489694,0.510200949430107,14,2,100,0.128923194576792,-0.0838759804360953,34,4.20622987072931,1,-13.41621,256,0.2,0.2,20,"both",0.128923194576792,-0.0838759804360953
"3345","session2",-22.8188879804211,11.1095183145166,3.54565474819569,0.000512006834089129,0.239252715905801,0.414622518489694,0.510200949430107,14,2,100,0.128923194576792,-0.0838759804360953,34,3.76457348778839,1,-19.45884,256,0.2,0.2,20,"both",0.128923194576792,-0.0838759804360953
"3346","session2",-22.8188879804211,11.1095183145166,3.54565474819569,0.000512006834089129,0.239252715905801,0.414622518489694,0.510200949430107,14,2,100,0.128923194576792,-0.0838759804360953,34,2.07349880982211,0,-16.12873,256,0.2,0.2,20,"both",0.128923194576792,-0.0838759804360953
"3347","session2",-22.8188879804211,11.1095183145166,3.54565474819569,0.000512006834089129,0.239252715905801,0.414622518489694,0.510200949430107,14,2,100,0.128923194576792,-0.0838759804360953,34,2.61282994600583,0,-11.23211,256,0.2,0.2,20,"both",0.128923194576792,-0.0838759804360953
"3348","session2",-22.8188879804211,11.1095183145166,3.54565474819569,0.000512006834089129,0.239252715905801,0.414622518489694,0.510200949430107,14,2,100,0.128923194576792,-0.0838759804360953,34,3.32896871003431,1,-9.38259,256,0.2,0.2,20,"both",0.128923194576792,-0.0838759804360953
"3349","session2",-22.8188879804211,11.1095183145166,3.54565474819569,0.000512006834089129,0.239252715905801,0.414622518489694,0.510200949430107,14,2,100,0.128923194576792,-0.0838759804360953,34,1.62810627188508,1,-8.0807,256,0.2,0.2,20,"both",0.128923194576792,-0.0838759804360953
"3350","session2",-22.8188879804211,11.1095183145166,3.54565474819569,0.000512006834089129,0.239252715905801,0.414622518489694,0.510200949430107,14,2,100,0.128923194576792,-0.0838759804360953,34,2.58559559780224,0,-30.63554,256,0.2,0.2,20,"both",0.128923194576792,-0.0838759804360953
"3351","session2",-22.8188879804211,11.1095183145166,3.54565474819569,0.000512006834089129,0.239252715905801,0.414622518489694,0.510200949430107,14,2,100,0.128923194576792,-0.0838759804360953,34,2.78784678800975,1,-9.6516,256,0.2,0.2,20,"both",0.128923194576792,-0.0838759804360953
"3352","session2",-22.8188879804211,11.1095183145166,3.54565474819569,0.000512006834089129,0.239252715905801,0.414622518489694,0.510200949430107,14,2,100,0.128923194576792,-0.0838759804360953,34,2.67272629808053,1,-12.89553,256,0.2,0.2,20,"both",0.128923194576792,-0.0838759804360953
"3353","session2",-22.8188879804211,11.1095183145166,3.54565474819569,0.000512006834089129,0.239252715905801,0.414622518489694,0.510200949430107,14,2,100,0.128923194576792,-0.0838759804360953,34,3.38254690834267,1,-21.38677,256,0.2,0.2,20,"both",0.128923194576792,-0.0838759804360953
"3354","session2",-22.8188879804211,11.1095183145166,3.54565474819569,0.000512006834089129,0.239252715905801,0.414622518489694,0.510200949430107,14,2,100,0.128923194576792,-0.0838759804360953,34,2.00881147148269,1,-28.3166,256,0.2,0.2,20,"both",0.128923194576792,-0.0838759804360953
"3355","session2",-22.8188879804211,11.1095183145166,3.54565474819569,0.000512006834089129,0.239252715905801,0.414622518489694,0.510200949430107,14,2,100,0.128923194576792,-0.0838759804360953,34,3.89128769535723,0,-30.93754,256,0.2,0.2,20,"both",0.128923194576792,-0.0838759804360953
"3356","session2",-22.8188879804211,11.1095183145166,3.54565474819569,0.000512006834089129,0.239252715905801,0.414622518489694,0.510200949430107,14,2,100,0.128923194576792,-0.0838759804360953,34,3.0258761182686,0,-25.02227,256,0.2,0.2,20,"both",0.128923194576792,-0.0838759804360953
"3357","session2",-22.8188879804211,11.1095183145166,3.54565474819569,0.000512006834089129,0.239252715905801,0.414622518489694,0.510200949430107,14,2,100,0.128923194576792,-0.0838759804360953,34,1.89207951469324,1,-9.4416,256,0.2,0.2,20,"both",0.128923194576792,-0.0838759804360953
"3358","session2",-22.8188879804211,11.1095183145166,3.54565474819569,0.000512006834089129,0.239252715905801,0.414622518489694,0.510200949430107,14,2,100,0.128923194576792,-0.0838759804360953,34,1.86759752044299,0,-36.15152,256,0.2,0.2,20,"both",0.128923194576792,-0.0838759804360953
"3359","session2",-22.8188879804211,11.1095183145166,3.54565474819569,0.000512006834089129,0.239252715905801,0.414622518489694,0.510200949430107,14,2,100,0.128923194576792,-0.0838759804360953,34,5.34906145366989,1,-7.7165,256,0.2,0.2,20,"both",0.128923194576792,-0.0838759804360953
"3360","session2",-22.8188879804211,11.1095183145166,3.54565474819569,0.000512006834089129,0.239252715905801,0.414622518489694,0.510200949430107,14,2,100,0.128923194576792,-0.0838759804360953,34,2.36803443409881,0,-20.93076,256,0.2,0.2,20,"both",0.128923194576792,-0.0838759804360953
"3361","session2",-22.8188879804211,11.1095183145166,3.54565474819569,0.000512006834089129,0.239252715905801,0.414622518489694,0.510200949430107,14,2,100,0.128923194576792,-0.0838759804360953,34,2.51133508442209,1,-28.8385,256,0.2,0.2,20,"both",0.128923194576792,-0.0838759804360953
"3362","session2",-22.8188879804211,11.1095183145166,3.54565474819569,0.000512006834089129,0.239252715905801,0.414622518489694,0.510200949430107,14,2,100,0.128923194576792,-0.0838759804360953,34,2.12590675206565,0,-29.7767,256,0.2,0.2,20,"both",0.128923194576792,-0.0838759804360953
"3363","session2",-22.8188879804211,11.1095183145166,3.54565474819569,0.000512006834089129,0.239252715905801,0.414622518489694,0.510200949430107,14,2,100,0.128923194576792,-0.0838759804360953,34,1.87187412787946,0,-14.1098,256,0.2,0.2,20,"both",0.128923194576792,-0.0838759804360953
"3364","session2",-22.8188879804211,11.1095183145166,3.54565474819569,0.000512006834089129,0.239252715905801,0.414622518489694,0.510200949430107,14,2,100,0.128923194576792,-0.0838759804360953,34,2.91995636039416,1,-28.83364,256,0.2,0.2,20,"both",0.128923194576792,-0.0838759804360953
"3365","session2",-22.8188879804211,11.1095183145166,3.54565474819569,0.000512006834089129,0.239252715905801,0.414622518489694,0.510200949430107,14,2,100,0.128923194576792,-0.0838759804360953,34,2.82978054547697,0,-40.1028,256,0.2,0.2,20,"both",0.128923194576792,-0.0838759804360953
"3366","session2",-22.8188879804211,11.1095183145166,3.54565474819569,0.000512006834089129,0.239252715905801,0.414622518489694,0.510200949430107,14,2,100,0.128923194576792,-0.0838759804360953,34,1.96720307435268,0,-31.92245,256,0.2,0.2,20,"both",0.128923194576792,-0.0838759804360953
"3367","session2",-22.8188879804211,11.1095183145166,3.54565474819569,0.000512006834089129,0.239252715905801,0.414622518489694,0.510200949430107,14,2,100,0.128923194576792,-0.0838759804360953,34,3.12235115190841,0,-19.87471,256,0.2,0.2,20,"both",0.128923194576792,-0.0838759804360953
"3368","session2",-22.8188879804211,11.1095183145166,3.54565474819569,0.000512006834089129,0.239252715905801,0.414622518489694,0.510200949430107,14,2,100,0.128923194576792,-0.0838759804360953,34,3.65565773560495,1,-11.6176,256,0.2,0.2,20,"both",0.128923194576792,-0.0838759804360953
"3369","session2",-22.8188879804211,11.1095183145166,3.54565474819569,0.000512006834089129,0.239252715905801,0.414622518489694,0.510200949430107,14,2,100,0.128923194576792,-0.0838759804360953,34,1.26059475677075,1,-37.8823,256,0.2,0.2,20,"both",0.128923194576792,-0.0838759804360953
"3370","session2",-22.8188879804211,11.1095183145166,3.54565474819569,0.000512006834089129,0.239252715905801,0.414622518489694,0.510200949430107,14,2,100,0.128923194576792,-0.0838759804360953,34,1.91657934168595,1,-8.9748,256,0.2,0.2,20,"both",0.128923194576792,-0.0838759804360953
"3371","session2",-22.8188879804211,11.1095183145166,3.54565474819569,0.000512006834089129,0.239252715905801,0.414622518489694,0.510200949430107,14,2,100,0.128923194576792,-0.0838759804360953,34,7.35075839829205,0,-30.5525,256,0.2,0.2,20,"both",0.128923194576792,-0.0838759804360953
"3372","session2",-22.8188879804211,11.1095183145166,3.54565474819569,0.000512006834089129,0.239252715905801,0.414622518489694,0.510200949430107,14,2,100,0.128923194576792,-0.0838759804360953,34,4.65823914650742,1,-10.56519,256,0.2,0.2,20,"both",0.128923194576792,-0.0838759804360953
"3373","session2",-22.8188879804211,11.1095183145166,3.54565474819569,0.000512006834089129,0.239252715905801,0.414622518489694,0.510200949430107,14,2,100,0.128923194576792,-0.0838759804360953,34,2.45479035229985,1,-37.151,256,0.2,0.2,20,"both",0.128923194576792,-0.0838759804360953
"3374","session2",-22.8188879804211,11.1095183145166,3.54565474819569,0.000512006834089129,0.239252715905801,0.414622518489694,0.510200949430107,14,2,100,0.128923194576792,-0.0838759804360953,34,2.80092905994913,1,-10.8946,256,0.2,0.2,20,"both",0.128923194576792,-0.0838759804360953
"3375","session2",-22.8188879804211,11.1095183145166,3.54565474819569,0.000512006834089129,0.239252715905801,0.414622518489694,0.510200949430107,14,2,100,0.128923194576792,-0.0838759804360953,34,2.57401432763873,0,-38.753,256,0.2,0.2,20,"both",0.128923194576792,-0.0838759804360953
"3376","session2",-22.8188879804211,11.1095183145166,3.54565474819569,0.000512006834089129,0.239252715905801,0.414622518489694,0.510200949430107,14,2,100,0.128923194576792,-0.0838759804360953,34,2.6733138837208,0,-43.3663,256,0.2,0.2,20,"both",0.128923194576792,-0.0838759804360953
"3377","session2",-22.8188879804211,11.1095183145166,3.54565474819569,0.000512006834089129,0.239252715905801,0.414622518489694,0.510200949430107,14,2,100,0.128923194576792,-0.0838759804360953,34,3.13942084366213,1,-9.6729,256,0.2,0.2,20,"both",0.128923194576792,-0.0838759804360953
"3378","session2",-22.8188879804211,11.1095183145166,3.54565474819569,0.000512006834089129,0.239252715905801,0.414622518489694,0.510200949430107,14,2,100,0.128923194576792,-0.0838759804360953,34,3.14980996531987,0,-37.9202,256,0.2,0.2,20,"both",0.128923194576792,-0.0838759804360953
"3379","session2",-22.8188879804211,11.1095183145166,3.54565474819569,0.000512006834089129,0.239252715905801,0.414622518489694,0.510200949430107,14,2,100,0.128923194576792,-0.0838759804360953,34,2.85615496226614,1,-16.94989,256,0.2,0.2,20,"both",0.128923194576792,-0.0838759804360953
"3380","session2",-22.8188879804211,11.1095183145166,3.54565474819569,0.000512006834089129,0.239252715905801,0.414622518489694,0.510200949430107,14,2,100,0.128923194576792,-0.0838759804360953,34,3.45418182629916,1,-36.8219,256,0.2,0.2,20,"both",0.128923194576792,-0.0838759804360953
"3381","session2",-22.8188879804211,11.1095183145166,3.54565474819569,0.000512006834089129,0.239252715905801,0.414622518489694,0.510200949430107,14,2,100,0.128923194576792,-0.0838759804360953,34,2.75418419460345,0,-34.47994,256,0.2,0.2,20,"both",0.128923194576792,-0.0838759804360953
"3382","session2",-22.8188879804211,11.1095183145166,3.54565474819569,0.000512006834089129,0.239252715905801,0.414622518489694,0.510200949430107,14,2,100,0.128923194576792,-0.0838759804360953,34,2.56713390330306,0,-30.69433,256,0.2,0.2,20,"both",0.128923194576792,-0.0838759804360953
"3383","session2",-22.8188879804211,11.1095183145166,3.54565474819569,0.000512006834089129,0.239252715905801,0.414622518489694,0.510200949430107,14,2,100,0.128923194576792,-0.0838759804360953,34,3.62449094954372,1,-14.40936,256,0.2,0.2,20,"both",0.128923194576792,-0.0838759804360953
"3384","session2",-22.8188879804211,11.1095183145166,3.54565474819569,0.000512006834089129,0.239252715905801,0.414622518489694,0.510200949430107,14,2,100,0.128923194576792,-0.0838759804360953,34,3.18594667738532,1,-12.2652,256,0.2,0.2,20,"both",0.128923194576792,-0.0838759804360953
"3385","session2",-22.8188879804211,11.1095183145166,3.54565474819569,0.000512006834089129,0.239252715905801,0.414622518489694,0.510200949430107,14,2,100,0.128923194576792,-0.0838759804360953,34,3.14645405939056,1,-14.3081,256,0.2,0.2,20,"both",0.128923194576792,-0.0838759804360953
"3386","session2",-22.8188879804211,11.1095183145166,3.54565474819569,0.000512006834089129,0.239252715905801,0.414622518489694,0.510200949430107,14,2,100,0.128923194576792,-0.0838759804360953,34,3.81612659505857,1,-34.7951,256,0.2,0.2,20,"both",0.128923194576792,-0.0838759804360953
"3387","session2",-22.8188879804211,11.1095183145166,3.54565474819569,0.000512006834089129,0.239252715905801,0.414622518489694,0.510200949430107,14,2,100,0.128923194576792,-0.0838759804360953,34,2.47967761499159,1,-12.5882,256,0.2,0.2,20,"both",0.128923194576792,-0.0838759804360953
"3388","session2",-22.8188879804211,11.1095183145166,3.54565474819569,0.000512006834089129,0.239252715905801,0.414622518489694,0.510200949430107,14,2,100,0.128923194576792,-0.0838759804360953,34,3.68977093257402,0,-29.44151,256,0.2,0.2,20,"both",0.128923194576792,-0.0838759804360953
"3389","session2",-22.8188879804211,11.1095183145166,3.54565474819569,0.000512006834089129,0.239252715905801,0.414622518489694,0.510200949430107,14,2,100,0.128923194576792,-0.0838759804360953,34,2.44742475922993,0,-40.3612,256,0.2,0.2,20,"both",0.128923194576792,-0.0838759804360953
"3390","session2",-22.8188879804211,11.1095183145166,3.54565474819569,0.000512006834089129,0.239252715905801,0.414622518489694,0.510200949430107,14,2,100,0.128923194576792,-0.0838759804360953,34,1.55470238752663,0,-36.1969,256,0.2,0.2,20,"both",0.128923194576792,-0.0838759804360953
"3391","session2",-22.8188879804211,11.1095183145166,3.54565474819569,0.000512006834089129,0.239252715905801,0.414622518489694,0.510200949430107,14,2,100,0.128923194576792,-0.0838759804360953,34,3.79935175375041,1,-9.1722,256,0.2,0.2,20,"both",0.128923194576792,-0.0838759804360953
"3392","session2",-22.8188879804211,11.1095183145166,3.54565474819569,0.000512006834089129,0.239252715905801,0.414622518489694,0.510200949430107,14,2,100,0.128923194576792,-0.0838759804360953,34,3.09821001201186,1,-11.6144,256,0.2,0.2,20,"both",0.128923194576792,-0.0838759804360953
"3393","session2",-22.8188879804211,11.1095183145166,3.54565474819569,0.000512006834089129,0.239252715905801,0.414622518489694,0.510200949430107,14,2,100,0.128923194576792,-0.0838759804360953,34,3.81686528836878,1,-15.20792,256,0.2,0.2,20,"both",0.128923194576792,-0.0838759804360953
"3394","session2",-22.8188879804211,11.1095183145166,3.54565474819569,0.000512006834089129,0.239252715905801,0.414622518489694,0.510200949430107,14,2,100,0.128923194576792,-0.0838759804360953,34,3.78971031430063,1,-18.84506,256,0.2,0.2,20,"both",0.128923194576792,-0.0838759804360953
"3395","session2",-22.8188879804211,11.1095183145166,3.54565474819569,0.000512006834089129,0.239252715905801,0.414622518489694,0.510200949430107,14,2,100,0.128923194576792,-0.0838759804360953,34,2.68375672831459,0,-35.7845,256,0.2,0.2,20,"both",0.128923194576792,-0.0838759804360953
"3396","session2",-22.8188879804211,11.1095183145166,3.54565474819569,0.000512006834089129,0.239252715905801,0.414622518489694,0.510200949430107,14,2,100,0.128923194576792,-0.0838759804360953,34,4.52996449541545,0,-38.864,256,0.2,0.2,20,"both",0.128923194576792,-0.0838759804360953
"3397","session2",-22.8188879804211,11.1095183145166,3.54565474819569,0.000512006834089129,0.239252715905801,0.414622518489694,0.510200949430107,14,2,100,0.128923194576792,-0.0838759804360953,34,2.77545657254393,1,-27.04987,256,0.2,0.2,20,"both",0.128923194576792,-0.0838759804360953
"3398","session2",-22.8188879804211,11.1095183145166,3.54565474819569,0.000512006834089129,0.239252715905801,0.414622518489694,0.510200949430107,14,2,100,0.128923194576792,-0.0838759804360953,34,2.44798074802094,1,-12.0654,256,0.2,0.2,20,"both",0.128923194576792,-0.0838759804360953
"3399","session2",-22.8188879804211,11.1095183145166,3.54565474819569,0.000512006834089129,0.239252715905801,0.414622518489694,0.510200949430107,14,2,100,0.128923194576792,-0.0838759804360953,34,2.64029626955079,1,-14.1336,256,0.2,0.2,20,"both",0.128923194576792,-0.0838759804360953
"3400","session2",-22.8188879804211,11.1095183145166,3.54565474819569,0.000512006834089129,0.239252715905801,0.414622518489694,0.510200949430107,14,2,100,0.128923194576792,-0.0838759804360953,34,1.74707444163941,0,-36.9157,256,0.2,0.2,20,"both",0.128923194576792,-0.0838759804360953
"3401","session2",-8.51778691966335,12.6088684835173,3.06394298275424,0.000194132643559634,0.148727202666763,0.529103368834856,0.421142600415012,15,2,100,0.128923194576792,-0.0838759804360953,35,5.45701067271255,1,-8.5335048624,256,0.2,0.2,20,"both",0.128923194576792,-0.0838759804360953
"3402","session2",-8.51778691966335,12.6088684835173,3.06394298275424,0.000194132643559634,0.148727202666763,0.529103368834856,0.421142600415012,15,2,100,0.128923194576792,-0.0838759804360953,35,2.55537622339503,0,-9.7078441971,256,0.2,0.2,20,"both",0.128923194576792,-0.0838759804360953
"3403","session2",-8.51778691966335,12.6088684835173,3.06394298275424,0.000194132643559634,0.148727202666763,0.529103368834856,0.421142600415012,15,2,100,0.128923194576792,-0.0838759804360953,35,2.2132081034861,1,-2.7092503863,256,0.2,0.2,20,"both",0.128923194576792,-0.0838759804360953
"3404","session2",-8.51778691966335,12.6088684835173,3.06394298275424,0.000194132643559634,0.148727202666763,0.529103368834856,0.421142600415012,15,2,100,0.128923194576792,-0.0838759804360953,35,3.64578187853134,0,-7.86433311113,256,0.2,0.2,20,"both",0.128923194576792,-0.0838759804360953
"3405","session2",-8.51778691966335,12.6088684835173,3.06394298275424,0.000194132643559634,0.148727202666763,0.529103368834856,0.421142600415012,15,2,100,0.128923194576792,-0.0838759804360953,35,2.49726627699661,1,43.109847,256,0.2,0.2,20,"both",0.128923194576792,-0.0838759804360953
"3406","session2",-8.51778691966335,12.6088684835173,3.06394298275424,0.000194132643559634,0.148727202666763,0.529103368834856,0.421142600415012,15,2,100,0.128923194576792,-0.0838759804360953,35,2.66486537962292,0,-1.62473461119,256,0.2,0.2,20,"both",0.128923194576792,-0.0838759804360953
"3407","session2",-8.51778691966335,12.6088684835173,3.06394298275424,0.000194132643559634,0.148727202666763,0.529103368834856,0.421142600415012,15,2,100,0.128923194576792,-0.0838759804360953,35,2.22431326586042,0,0.84315926271,256,0.2,0.2,20,"both",0.128923194576792,-0.0838759804360953
"3408","session2",-8.51778691966335,12.6088684835173,3.06394298275424,0.000194132643559634,0.148727202666763,0.529103368834856,0.421142600415012,15,2,100,0.128923194576792,-0.0838759804360953,35,1.22038471617464,1,43.46234,256,0.2,0.2,20,"both",0.128923194576792,-0.0838759804360953
"3409","session2",-8.51778691966335,12.6088684835173,3.06394298275424,0.000194132643559634,0.148727202666763,0.529103368834856,0.421142600415012,15,2,100,0.128923194576792,-0.0838759804360953,35,2.40351903625757,1,-0.8347,256,0.2,0.2,20,"both",0.128923194576792,-0.0838759804360953
"3410","session2",-8.51778691966335,12.6088684835173,3.06394298275424,0.000194132643559634,0.148727202666763,0.529103368834856,0.421142600415012,15,2,100,0.128923194576792,-0.0838759804360953,35,2.09761825966399,1,-3.7615418427,256,0.2,0.2,20,"both",0.128923194576792,-0.0838759804360953
"3411","session2",-8.51778691966335,12.6088684835173,3.06394298275424,0.000194132643559634,0.148727202666763,0.529103368834856,0.421142600415012,15,2,100,0.128923194576792,-0.0838759804360953,35,2.05294570505007,0,-43.7959,256,0.2,0.2,20,"both",0.128923194576792,-0.0838759804360953
"3412","session2",-8.51778691966335,12.6088684835173,3.06394298275424,0.000194132643559634,0.148727202666763,0.529103368834856,0.421142600415012,15,2,100,0.128923194576792,-0.0838759804360953,35,3.38259457730298,0,-10.2142,256,0.2,0.2,20,"both",0.128923194576792,-0.0838759804360953
"3413","session2",-8.51778691966335,12.6088684835173,3.06394298275424,0.000194132643559634,0.148727202666763,0.529103368834856,0.421142600415012,15,2,100,0.128923194576792,-0.0838759804360953,35,2.62196502108837,1,34.8879,256,0.2,0.2,20,"both",0.128923194576792,-0.0838759804360953
"3414","session2",-8.51778691966335,12.6088684835173,3.06394298275424,0.000194132643559634,0.148727202666763,0.529103368834856,0.421142600415012,15,2,100,0.128923194576792,-0.0838759804360953,35,1.1088234510298,1,46.15968,256,0.2,0.2,20,"both",0.128923194576792,-0.0838759804360953
"3415","session2",-8.51778691966335,12.6088684835173,3.06394298275424,0.000194132643559634,0.148727202666763,0.529103368834856,0.421142600415012,15,2,100,0.128923194576792,-0.0838759804360953,35,2.01026296550215,0,-4.83487,256,0.2,0.2,20,"both",0.128923194576792,-0.0838759804360953
"3416","session2",-8.51778691966335,12.6088684835173,3.06394298275424,0.000194132643559634,0.148727202666763,0.529103368834856,0.421142600415012,15,2,100,0.128923194576792,-0.0838759804360953,35,2.36500583141667,0,-18.278725,256,0.2,0.2,20,"both",0.128923194576792,-0.0838759804360953
"3417","session2",-8.51778691966335,12.6088684835173,3.06394298275424,0.000194132643559634,0.148727202666763,0.529103368834856,0.421142600415012,15,2,100,0.128923194576792,-0.0838759804360953,35,1.09302637232756,1,31.40768,256,0.2,0.2,20,"both",0.128923194576792,-0.0838759804360953
"3418","session2",-8.51778691966335,12.6088684835173,3.06394298275424,0.000194132643559634,0.148727202666763,0.529103368834856,0.421142600415012,15,2,100,0.128923194576792,-0.0838759804360953,35,2.16590482547618,0,-23.99964,256,0.2,0.2,20,"both",0.128923194576792,-0.0838759804360953
"3419","session2",-8.51778691966335,12.6088684835173,3.06394298275424,0.000194132643559634,0.148727202666763,0.529103368834856,0.421142600415012,15,2,100,0.128923194576792,-0.0838759804360953,35,1.02987435908155,0,-27.466174,256,0.2,0.2,20,"both",0.128923194576792,-0.0838759804360953
"3420","session2",-8.51778691966335,12.6088684835173,3.06394298275424,0.000194132643559634,0.148727202666763,0.529103368834856,0.421142600415012,15,2,100,0.128923194576792,-0.0838759804360953,35,2.7230463948956,1,22.237105,256,0.2,0.2,20,"both",0.128923194576792,-0.0838759804360953
"3421","session2",-8.51778691966335,12.6088684835173,3.06394298275424,0.000194132643559634,0.148727202666763,0.529103368834856,0.421142600415012,15,2,100,0.128923194576792,-0.0838759804360953,35,2.02707987804395,1,4.22095,256,0.2,0.2,20,"both",0.128923194576792,-0.0838759804360953
"3422","session2",-8.51778691966335,12.6088684835173,3.06394298275424,0.000194132643559634,0.148727202666763,0.529103368834856,0.421142600415012,15,2,100,0.128923194576792,-0.0838759804360953,35,1.59112268664008,1,-7.344488,256,0.2,0.2,20,"both",0.128923194576792,-0.0838759804360953
"3423","session2",-8.51778691966335,12.6088684835173,3.06394298275424,0.000194132643559634,0.148727202666763,0.529103368834856,0.421142600415012,15,2,100,0.128923194576792,-0.0838759804360953,35,2.77748199134517,0,-8.441371,256,0.2,0.2,20,"both",0.128923194576792,-0.0838759804360953
"3424","session2",-8.51778691966335,12.6088684835173,3.06394298275424,0.000194132643559634,0.148727202666763,0.529103368834856,0.421142600415012,15,2,100,0.128923194576792,-0.0838759804360953,35,2.55525457268754,1,-12.38473,256,0.2,0.2,20,"both",0.128923194576792,-0.0838759804360953
"3425","session2",-8.51778691966335,12.6088684835173,3.06394298275424,0.000194132643559634,0.148727202666763,0.529103368834856,0.421142600415012,15,2,100,0.128923194576792,-0.0838759804360953,35,1.67383764331621,1,-18.544272,256,0.2,0.2,20,"both",0.128923194576792,-0.0838759804360953
"3426","session2",-8.51778691966335,12.6088684835173,3.06394298275424,0.000194132643559634,0.148727202666763,0.529103368834856,0.421142600415012,15,2,100,0.128923194576792,-0.0838759804360953,35,2.553059450642,1,18.97235,256,0.2,0.2,20,"both",0.128923194576792,-0.0838759804360953
"3427","session2",-8.51778691966335,12.6088684835173,3.06394298275424,0.000194132643559634,0.148727202666763,0.529103368834856,0.421142600415012,15,2,100,0.128923194576792,-0.0838759804360953,35,1.49426498970983,0,-49.41703,256,0.2,0.2,20,"both",0.128923194576792,-0.0838759804360953
"3428","session2",-8.51778691966335,12.6088684835173,3.06394298275424,0.000194132643559634,0.148727202666763,0.529103368834856,0.421142600415012,15,2,100,0.128923194576792,-0.0838759804360953,35,1.51445466953306,1,3.43532,256,0.2,0.2,20,"both",0.128923194576792,-0.0838759804360953
"3429","session2",-8.51778691966335,12.6088684835173,3.06394298275424,0.000194132643559634,0.148727202666763,0.529103368834856,0.421142600415012,15,2,100,0.128923194576792,-0.0838759804360953,35,1.33833305026799,1,4.89351,256,0.2,0.2,20,"both",0.128923194576792,-0.0838759804360953
"3430","session2",-8.51778691966335,12.6088684835173,3.06394298275424,0.000194132643559634,0.148727202666763,0.529103368834856,0.421142600415012,15,2,100,0.128923194576792,-0.0838759804360953,35,1.35930520943008,1,11.04736,256,0.2,0.2,20,"both",0.128923194576792,-0.0838759804360953
"3431","session2",-8.51778691966335,12.6088684835173,3.06394298275424,0.000194132643559634,0.148727202666763,0.529103368834856,0.421142600415012,15,2,100,0.128923194576792,-0.0838759804360953,35,4.30805022265938,0,-6.96783,256,0.2,0.2,20,"both",0.128923194576792,-0.0838759804360953
"3432","session2",-8.51778691966335,12.6088684835173,3.06394298275424,0.000194132643559634,0.148727202666763,0.529103368834856,0.421142600415012,15,2,100,0.128923194576792,-0.0838759804360953,35,1.43227892786054,0,-30.45052,256,0.2,0.2,20,"both",0.128923194576792,-0.0838759804360953
"3433","session2",-8.51778691966335,12.6088684835173,3.06394298275424,0.000194132643559634,0.148727202666763,0.529103368834856,0.421142600415012,15,2,100,0.128923194576792,-0.0838759804360953,35,2.04631819864654,1,9.20154,256,0.2,0.2,20,"both",0.128923194576792,-0.0838759804360953
"3434","session2",-8.51778691966335,12.6088684835173,3.06394298275424,0.000194132643559634,0.148727202666763,0.529103368834856,0.421142600415012,15,2,100,0.128923194576792,-0.0838759804360953,35,1.55833248684628,0,-17.22572,256,0.2,0.2,20,"both",0.128923194576792,-0.0838759804360953
"3435","session2",-8.51778691966335,12.6088684835173,3.06394298275424,0.000194132643559634,0.148727202666763,0.529103368834856,0.421142600415012,15,2,100,0.128923194576792,-0.0838759804360953,35,1.4029111267872,0,-25.64376,256,0.2,0.2,20,"both",0.128923194576792,-0.0838759804360953
"3436","session2",-8.51778691966335,12.6088684835173,3.06394298275424,0.000194132643559634,0.148727202666763,0.529103368834856,0.421142600415012,15,2,100,0.128923194576792,-0.0838759804360953,35,1.66681989743855,0,-13.10753,256,0.2,0.2,20,"both",0.128923194576792,-0.0838759804360953
"3437","session2",-8.51778691966335,12.6088684835173,3.06394298275424,0.000194132643559634,0.148727202666763,0.529103368834856,0.421142600415012,15,2,100,0.128923194576792,-0.0838759804360953,35,2.25796383505916,0,-12.23874,256,0.2,0.2,20,"both",0.128923194576792,-0.0838759804360953
"3438","session2",-8.51778691966335,12.6088684835173,3.06394298275424,0.000194132643559634,0.148727202666763,0.529103368834856,0.421142600415012,15,2,100,0.128923194576792,-0.0838759804360953,35,1.35894443003179,0,-18.98028,256,0.2,0.2,20,"both",0.128923194576792,-0.0838759804360953
"3439","session2",-8.51778691966335,12.6088684835173,3.06394298275424,0.000194132643559634,0.148727202666763,0.529103368834856,0.421142600415012,15,2,100,0.128923194576792,-0.0838759804360953,35,3.72471612745647,1,16.2139383,256,0.2,0.2,20,"both",0.128923194576792,-0.0838759804360953
"3440","session2",-8.51778691966335,12.6088684835173,3.06394298275424,0.000194132643559634,0.148727202666763,0.529103368834856,0.421142600415012,15,2,100,0.128923194576792,-0.0838759804360953,35,6.99153726494634,0,-10.89894,256,0.2,0.2,20,"both",0.128923194576792,-0.0838759804360953
"3441","session2",-8.51778691966335,12.6088684835173,3.06394298275424,0.000194132643559634,0.148727202666763,0.529103368834856,0.421142600415012,15,2,100,0.128923194576792,-0.0838759804360953,35,1.83113026662146,1,14.34142,256,0.2,0.2,20,"both",0.128923194576792,-0.0838759804360953
"3442","session2",-8.51778691966335,12.6088684835173,3.06394298275424,0.000194132643559634,0.148727202666763,0.529103368834856,0.421142600415012,15,2,100,0.128923194576792,-0.0838759804360953,35,5.47549960655973,1,-10.78128,256,0.2,0.2,20,"both",0.128923194576792,-0.0838759804360953
"3443","session2",-8.51778691966335,12.6088684835173,3.06394298275424,0.000194132643559634,0.148727202666763,0.529103368834856,0.421142600415012,15,2,100,0.128923194576792,-0.0838759804360953,35,3.29743633459288,1,1.27661,256,0.2,0.2,20,"both",0.128923194576792,-0.0838759804360953
"3444","session2",-8.51778691966335,12.6088684835173,3.06394298275424,0.000194132643559634,0.148727202666763,0.529103368834856,0.421142600415012,15,2,100,0.128923194576792,-0.0838759804360953,35,1.34696875571748,1,0.34567,256,0.2,0.2,20,"both",0.128923194576792,-0.0838759804360953
"3445","session2",-8.51778691966335,12.6088684835173,3.06394298275424,0.000194132643559634,0.148727202666763,0.529103368834856,0.421142600415012,15,2,100,0.128923194576792,-0.0838759804360953,35,2.01633576628684,1,1.25081,256,0.2,0.2,20,"both",0.128923194576792,-0.0838759804360953
"3446","session2",-8.51778691966335,12.6088684835173,3.06394298275424,0.000194132643559634,0.148727202666763,0.529103368834856,0.421142600415012,15,2,100,0.128923194576792,-0.0838759804360953,35,3.98247715822616,0,-17.5985,256,0.2,0.2,20,"both",0.128923194576792,-0.0838759804360953
"3447","session2",-8.51778691966335,12.6088684835173,3.06394298275424,0.000194132643559634,0.148727202666763,0.529103368834856,0.421142600415012,15,2,100,0.128923194576792,-0.0838759804360953,35,3.4612915669867,1,7.57583,256,0.2,0.2,20,"both",0.128923194576792,-0.0838759804360953
"3448","session2",-8.51778691966335,12.6088684835173,3.06394298275424,0.000194132643559634,0.148727202666763,0.529103368834856,0.421142600415012,15,2,100,0.128923194576792,-0.0838759804360953,35,1.87659888214735,1,5.68913,256,0.2,0.2,20,"both",0.128923194576792,-0.0838759804360953
"3449","session2",-8.51778691966335,12.6088684835173,3.06394298275424,0.000194132643559634,0.148727202666763,0.529103368834856,0.421142600415012,15,2,100,0.128923194576792,-0.0838759804360953,35,1.13021844928047,0,-12.8731,256,0.2,0.2,20,"both",0.128923194576792,-0.0838759804360953
"3450","session2",-8.51778691966335,12.6088684835173,3.06394298275424,0.000194132643559634,0.148727202666763,0.529103368834856,0.421142600415012,15,2,100,0.128923194576792,-0.0838759804360953,35,4.01206029972164,1,3.74576,256,0.2,0.2,20,"both",0.128923194576792,-0.0838759804360953
"3451","session2",-8.51778691966335,12.6088684835173,3.06394298275424,0.000194132643559634,0.148727202666763,0.529103368834856,0.421142600415012,15,2,100,0.128923194576792,-0.0838759804360953,35,2.26666783601946,0,-17.96749,256,0.2,0.2,20,"both",0.128923194576792,-0.0838759804360953
"3452","session2",-8.51778691966335,12.6088684835173,3.06394298275424,0.000194132643559634,0.148727202666763,0.529103368834856,0.421142600415012,15,2,100,0.128923194576792,-0.0838759804360953,35,5.21879643817595,1,-1.62576,256,0.2,0.2,20,"both",0.128923194576792,-0.0838759804360953
"3453","session2",-8.51778691966335,12.6088684835173,3.06394298275424,0.000194132643559634,0.148727202666763,0.529103368834856,0.421142600415012,15,2,100,0.128923194576792,-0.0838759804360953,35,1.37755904078588,0,-23.11229,256,0.2,0.2,20,"both",0.128923194576792,-0.0838759804360953
"3454","session2",-8.51778691966335,12.6088684835173,3.06394298275424,0.000194132643559634,0.148727202666763,0.529103368834856,0.421142600415012,15,2,100,0.128923194576792,-0.0838759804360953,35,2.35709347291781,1,-0.592739999999999,256,0.2,0.2,20,"both",0.128923194576792,-0.0838759804360953
"3455","session2",-8.51778691966335,12.6088684835173,3.06394298275424,0.000194132643559634,0.148727202666763,0.529103368834856,0.421142600415012,15,2,100,0.128923194576792,-0.0838759804360953,35,3.46508204655989,1,4.03817,256,0.2,0.2,20,"both",0.128923194576792,-0.0838759804360953
"3456","session2",-8.51778691966335,12.6088684835173,3.06394298275424,0.000194132643559634,0.148727202666763,0.529103368834856,0.421142600415012,15,2,100,0.128923194576792,-0.0838759804360953,35,2.28567083610957,1,4.14128,256,0.2,0.2,20,"both",0.128923194576792,-0.0838759804360953
"3457","session2",-8.51778691966335,12.6088684835173,3.06394298275424,0.000194132643559634,0.148727202666763,0.529103368834856,0.421142600415012,15,2,100,0.128923194576792,-0.0838759804360953,35,1.86964017810043,0,2.94599,256,0.2,0.2,20,"both",0.128923194576792,-0.0838759804360953
"3458","session2",-8.51778691966335,12.6088684835173,3.06394298275424,0.000194132643559634,0.148727202666763,0.529103368834856,0.421142600415012,15,2,100,0.128923194576792,-0.0838759804360953,35,2.59697835067764,1,-3.19886,256,0.2,0.2,20,"both",0.128923194576792,-0.0838759804360953
"3459","session2",-8.51778691966335,12.6088684835173,3.06394298275424,0.000194132643559634,0.148727202666763,0.529103368834856,0.421142600415012,15,2,100,0.128923194576792,-0.0838759804360953,35,1.86955743704891,1,1.07567,256,0.2,0.2,20,"both",0.128923194576792,-0.0838759804360953
"3460","session2",-8.51778691966335,12.6088684835173,3.06394298275424,0.000194132643559634,0.148727202666763,0.529103368834856,0.421142600415012,15,2,100,0.128923194576792,-0.0838759804360953,35,4.44359932947483,1,-0.64594,256,0.2,0.2,20,"both",0.128923194576792,-0.0838759804360953
"3461","session2",-8.51778691966335,12.6088684835173,3.06394298275424,0.000194132643559634,0.148727202666763,0.529103368834856,0.421142600415012,15,2,100,0.128923194576792,-0.0838759804360953,35,1.94576490498111,1,1.28994,256,0.2,0.2,20,"both",0.128923194576792,-0.0838759804360953
"3462","session2",-8.51778691966335,12.6088684835173,3.06394298275424,0.000194132643559634,0.148727202666763,0.529103368834856,0.421142600415012,15,2,100,0.128923194576792,-0.0838759804360953,35,4.12854557645249,0,-12.73141,256,0.2,0.2,20,"both",0.128923194576792,-0.0838759804360953
"3463","session2",-8.51778691966335,12.6088684835173,3.06394298275424,0.000194132643559634,0.148727202666763,0.529103368834856,0.421142600415012,15,2,100,0.128923194576792,-0.0838759804360953,35,6.34555126202307,0,-0.66887,256,0.2,0.2,20,"both",0.128923194576792,-0.0838759804360953
"3464","session2",-8.51778691966335,12.6088684835173,3.06394298275424,0.000194132643559634,0.148727202666763,0.529103368834856,0.421142600415012,15,2,100,0.128923194576792,-0.0838759804360953,35,3.16939560395767,0,-2.90786,256,0.2,0.2,20,"both",0.128923194576792,-0.0838759804360953
"3465","session2",-8.51778691966335,12.6088684835173,3.06394298275424,0.000194132643559634,0.148727202666763,0.529103368834856,0.421142600415012,15,2,100,0.128923194576792,-0.0838759804360953,35,1.84707773544211,1,0.58502,256,0.2,0.2,20,"both",0.128923194576792,-0.0838759804360953
"3466","session2",-8.51778691966335,12.6088684835173,3.06394298275424,0.000194132643559634,0.148727202666763,0.529103368834856,0.421142600415012,15,2,100,0.128923194576792,-0.0838759804360953,35,7.82099520581826,1,0.47794,256,0.2,0.2,20,"both",0.128923194576792,-0.0838759804360953
"3467","session2",-8.51778691966335,12.6088684835173,3.06394298275424,0.000194132643559634,0.148727202666763,0.529103368834856,0.421142600415012,15,2,100,0.128923194576792,-0.0838759804360953,35,1.50543581891786,1,8.121378,256,0.2,0.2,20,"both",0.128923194576792,-0.0838759804360953
"3468","session2",-8.51778691966335,12.6088684835173,3.06394298275424,0.000194132643559634,0.148727202666763,0.529103368834856,0.421142600415012,15,2,100,0.128923194576792,-0.0838759804360953,35,2.19473360798705,1,-15.68526,256,0.2,0.2,20,"both",0.128923194576792,-0.0838759804360953
"3469","session2",-8.51778691966335,12.6088684835173,3.06394298275424,0.000194132643559634,0.148727202666763,0.529103368834856,0.421142600415012,15,2,100,0.128923194576792,-0.0838759804360953,35,1.24455115691494,1,0.58214,256,0.2,0.2,20,"both",0.128923194576792,-0.0838759804360953
"3470","session2",-8.51778691966335,12.6088684835173,3.06394298275424,0.000194132643559634,0.148727202666763,0.529103368834856,0.421142600415012,15,2,100,0.128923194576792,-0.0838759804360953,35,2.68983223551758,1,3.8248,256,0.2,0.2,20,"both",0.128923194576792,-0.0838759804360953
"3471","session2",-8.51778691966335,12.6088684835173,3.06394298275424,0.000194132643559634,0.148727202666763,0.529103368834856,0.421142600415012,15,2,100,0.128923194576792,-0.0838759804360953,35,1.54506985762216,0,-22.7096,256,0.2,0.2,20,"both",0.128923194576792,-0.0838759804360953
"3472","session2",-8.51778691966335,12.6088684835173,3.06394298275424,0.000194132643559634,0.148727202666763,0.529103368834856,0.421142600415012,15,2,100,0.128923194576792,-0.0838759804360953,35,2.82758927601432,1,0.995089999999999,256,0.2,0.2,20,"both",0.128923194576792,-0.0838759804360953
"3473","session2",-8.51778691966335,12.6088684835173,3.06394298275424,0.000194132643559634,0.148727202666763,0.529103368834856,0.421142600415012,15,2,100,0.128923194576792,-0.0838759804360953,35,3.07643114489845,0,-11.45958,256,0.2,0.2,20,"both",0.128923194576792,-0.0838759804360953
"3474","session2",-8.51778691966335,12.6088684835173,3.06394298275424,0.000194132643559634,0.148727202666763,0.529103368834856,0.421142600415012,15,2,100,0.128923194576792,-0.0838759804360953,35,1.59715032329098,1,-12.00381,256,0.2,0.2,20,"both",0.128923194576792,-0.0838759804360953
"3475","session2",-8.51778691966335,12.6088684835173,3.06394298275424,0.000194132643559634,0.148727202666763,0.529103368834856,0.421142600415012,15,2,100,0.128923194576792,-0.0838759804360953,35,5.41448055689755,1,4.99376,256,0.2,0.2,20,"both",0.128923194576792,-0.0838759804360953
"3476","session2",-8.51778691966335,12.6088684835173,3.06394298275424,0.000194132643559634,0.148727202666763,0.529103368834856,0.421142600415012,15,2,100,0.128923194576792,-0.0838759804360953,35,3.05964449976467,1,-15.75055,256,0.2,0.2,20,"both",0.128923194576792,-0.0838759804360953
"3477","session2",-8.51778691966335,12.6088684835173,3.06394298275424,0.000194132643559634,0.148727202666763,0.529103368834856,0.421142600415012,15,2,100,0.128923194576792,-0.0838759804360953,35,1.58579543399162,0,-1.11589,256,0.2,0.2,20,"both",0.128923194576792,-0.0838759804360953
"3478","session2",-8.51778691966335,12.6088684835173,3.06394298275424,0.000194132643559634,0.148727202666763,0.529103368834856,0.421142600415012,15,2,100,0.128923194576792,-0.0838759804360953,35,3.87717806659276,0,-2.4605,256,0.2,0.2,20,"both",0.128923194576792,-0.0838759804360953
"3479","session2",-8.51778691966335,12.6088684835173,3.06394298275424,0.000194132643559634,0.148727202666763,0.529103368834856,0.421142600415012,15,2,100,0.128923194576792,-0.0838759804360953,35,5.48666800082828,0,-20.6734,256,0.2,0.2,20,"both",0.128923194576792,-0.0838759804360953
"3480","session2",-8.51778691966335,12.6088684835173,3.06394298275424,0.000194132643559634,0.148727202666763,0.529103368834856,0.421142600415012,15,2,100,0.128923194576792,-0.0838759804360953,35,2.18473087731083,1,1.76992,256,0.2,0.2,20,"both",0.128923194576792,-0.0838759804360953
"3481","session2",-8.51778691966335,12.6088684835173,3.06394298275424,0.000194132643559634,0.148727202666763,0.529103368834856,0.421142600415012,15,2,100,0.128923194576792,-0.0838759804360953,35,2.87937942556029,1,4.12703,256,0.2,0.2,20,"both",0.128923194576792,-0.0838759804360953
"3482","session2",-8.51778691966335,12.6088684835173,3.06394298275424,0.000194132643559634,0.148727202666763,0.529103368834856,0.421142600415012,15,2,100,0.128923194576792,-0.0838759804360953,35,3.10832184511207,0,-13.5773,256,0.2,0.2,20,"both",0.128923194576792,-0.0838759804360953
"3483","session2",-8.51778691966335,12.6088684835173,3.06394298275424,0.000194132643559634,0.148727202666763,0.529103368834856,0.421142600415012,15,2,100,0.128923194576792,-0.0838759804360953,35,2.00664483813557,0,-12.99559,256,0.2,0.2,20,"both",0.128923194576792,-0.0838759804360953
"3484","session2",-8.51778691966335,12.6088684835173,3.06394298275424,0.000194132643559634,0.148727202666763,0.529103368834856,0.421142600415012,15,2,100,0.128923194576792,-0.0838759804360953,35,4.69305059747234,0,-0.02088,256,0.2,0.2,20,"both",0.128923194576792,-0.0838759804360953
"3485","session2",-8.51778691966335,12.6088684835173,3.06394298275424,0.000194132643559634,0.148727202666763,0.529103368834856,0.421142600415012,15,2,100,0.128923194576792,-0.0838759804360953,35,2.06644341790384,1,5.77372,256,0.2,0.2,20,"both",0.128923194576792,-0.0838759804360953
"3486","session2",-8.51778691966335,12.6088684835173,3.06394298275424,0.000194132643559634,0.148727202666763,0.529103368834856,0.421142600415012,15,2,100,0.128923194576792,-0.0838759804360953,35,2.68970603507379,1,0.68562,256,0.2,0.2,20,"both",0.128923194576792,-0.0838759804360953
"3487","session2",-8.51778691966335,12.6088684835173,3.06394298275424,0.000194132643559634,0.148727202666763,0.529103368834856,0.421142600415012,15,2,100,0.128923194576792,-0.0838759804360953,35,2.00309262115256,0,-1.6943,256,0.2,0.2,20,"both",0.128923194576792,-0.0838759804360953
"3488","session2",-8.51778691966335,12.6088684835173,3.06394298275424,0.000194132643559634,0.148727202666763,0.529103368834856,0.421142600415012,15,2,100,0.128923194576792,-0.0838759804360953,35,4.59184430472426,0,-11.80693,256,0.2,0.2,20,"both",0.128923194576792,-0.0838759804360953
"3489","session2",-8.51778691966335,12.6088684835173,3.06394298275424,0.000194132643559634,0.148727202666763,0.529103368834856,0.421142600415012,15,2,100,0.128923194576792,-0.0838759804360953,35,1.35390225602106,1,-3.4753,256,0.2,0.2,20,"both",0.128923194576792,-0.0838759804360953
"3490","session2",-8.51778691966335,12.6088684835173,3.06394298275424,0.000194132643559634,0.148727202666763,0.529103368834856,0.421142600415012,15,2,100,0.128923194576792,-0.0838759804360953,35,3.71491975235145,1,-16.82285,256,0.2,0.2,20,"both",0.128923194576792,-0.0838759804360953
"3491","session2",-8.51778691966335,12.6088684835173,3.06394298275424,0.000194132643559634,0.148727202666763,0.529103368834856,0.421142600415012,15,2,100,0.128923194576792,-0.0838759804360953,35,1.90179393058502,1,-15.50122,256,0.2,0.2,20,"both",0.128923194576792,-0.0838759804360953
"3492","session2",-8.51778691966335,12.6088684835173,3.06394298275424,0.000194132643559634,0.148727202666763,0.529103368834856,0.421142600415012,15,2,100,0.128923194576792,-0.0838759804360953,35,2.98877681398396,0,-2.11983,256,0.2,0.2,20,"both",0.128923194576792,-0.0838759804360953
"3493","session2",-8.51778691966335,12.6088684835173,3.06394298275424,0.000194132643559634,0.148727202666763,0.529103368834856,0.421142600415012,15,2,100,0.128923194576792,-0.0838759804360953,35,2.09827753086817,1,-1.68201,256,0.2,0.2,20,"both",0.128923194576792,-0.0838759804360953
"3494","session2",-8.51778691966335,12.6088684835173,3.06394298275424,0.000194132643559634,0.148727202666763,0.529103368834856,0.421142600415012,15,2,100,0.128923194576792,-0.0838759804360953,35,1.86608307378183,1,3.52561,256,0.2,0.2,20,"both",0.128923194576792,-0.0838759804360953
"3495","session2",-8.51778691966335,12.6088684835173,3.06394298275424,0.000194132643559634,0.148727202666763,0.529103368834856,0.421142600415012,15,2,100,0.128923194576792,-0.0838759804360953,35,2.15880191037342,1,-17.41781,256,0.2,0.2,20,"both",0.128923194576792,-0.0838759804360953
"3496","session2",-8.51778691966335,12.6088684835173,3.06394298275424,0.000194132643559634,0.148727202666763,0.529103368834856,0.421142600415012,15,2,100,0.128923194576792,-0.0838759804360953,35,2.65092059338756,1,0.1399,256,0.2,0.2,20,"both",0.128923194576792,-0.0838759804360953
"3497","session2",-8.51778691966335,12.6088684835173,3.06394298275424,0.000194132643559634,0.148727202666763,0.529103368834856,0.421142600415012,15,2,100,0.128923194576792,-0.0838759804360953,35,2.22587934285666,0,-26.60702,256,0.2,0.2,20,"both",0.128923194576792,-0.0838759804360953
"3498","session2",-8.51778691966335,12.6088684835173,3.06394298275424,0.000194132643559634,0.148727202666763,0.529103368834856,0.421142600415012,15,2,100,0.128923194576792,-0.0838759804360953,35,1.83358814234035,0,-16.51842,256,0.2,0.2,20,"both",0.128923194576792,-0.0838759804360953
"3499","session2",-8.51778691966335,12.6088684835173,3.06394298275424,0.000194132643559634,0.148727202666763,0.529103368834856,0.421142600415012,15,2,100,0.128923194576792,-0.0838759804360953,35,3.35205073092481,0,-15.94293,256,0.2,0.2,20,"both",0.128923194576792,-0.0838759804360953
"3500","session2",-8.51778691966335,12.6088684835173,3.06394298275424,0.000194132643559634,0.148727202666763,0.529103368834856,0.421142600415012,15,2,100,0.128923194576792,-0.0838759804360953,35,1.8183008468122,0,-18.2438,256,0.2,0.2,20,"both",0.128923194576792,-0.0838759804360953
"3501","session2",-7.51605412866799,12.7226290247951,2.3390873590342,0.000196725692166989,0.444547688728993,0.421902276789383,0.287014300083448,16,2,100,0.128923194576792,-0.0838759804360953,36,4.42499296648474,1,-9.373663064178,256,0.2,0.2,20,"both",0.128923194576792,-0.0838759804360953
"3502","session2",-7.51605412866799,12.7226290247951,2.3390873590342,0.000196725692166989,0.444547688728993,0.421902276789383,0.287014300083448,16,2,100,0.128923194576792,-0.0838759804360953,36,5.24024839899294,0,-9.1962650666,256,0.2,0.2,20,"both",0.128923194576792,-0.0838759804360953
"3503","session2",-7.51605412866799,12.7226290247951,2.3390873590342,0.000196725692166989,0.444547688728993,0.421902276789383,0.287014300083448,16,2,100,0.128923194576792,-0.0838759804360953,36,4.63268579165625,1,-1.5399436082,256,0.2,0.2,20,"both",0.128923194576792,-0.0838759804360953
"3504","session2",-7.51605412866799,12.7226290247951,2.3390873590342,0.000196725692166989,0.444547688728993,0.421902276789383,0.287014300083448,16,2,100,0.128923194576792,-0.0838759804360953,36,2.49735217911412,1,-3.1928220104,256,0.2,0.2,20,"both",0.128923194576792,-0.0838759804360953
"3505","session2",-7.51605412866799,12.7226290247951,2.3390873590342,0.000196725692166989,0.444547688728993,0.421902276789383,0.287014300083448,16,2,100,0.128923194576792,-0.0838759804360953,36,3.21713821500905,1,5.76217,256,0.2,0.2,20,"both",0.128923194576792,-0.0838759804360953
"3506","session2",-7.51605412866799,12.7226290247951,2.3390873590342,0.000196725692166989,0.444547688728993,0.421902276789383,0.287014300083448,16,2,100,0.128923194576792,-0.0838759804360953,36,5.85934195157946,0,-18.60433,256,0.2,0.2,20,"both",0.128923194576792,-0.0838759804360953
"3507","session2",-7.51605412866799,12.7226290247951,2.3390873590342,0.000196725692166989,0.444547688728993,0.421902276789383,0.287014300083448,16,2,100,0.128923194576792,-0.0838759804360953,36,2.89882803005877,0,-10.2948694366,256,0.2,0.2,20,"both",0.128923194576792,-0.0838759804360953
"3508","session2",-7.51605412866799,12.7226290247951,2.3390873590342,0.000196725692166989,0.444547688728993,0.421902276789383,0.287014300083448,16,2,100,0.128923194576792,-0.0838759804360953,36,1.71004295934406,0,-37.7067,256,0.2,0.2,20,"both",0.128923194576792,-0.0838759804360953
"3509","session2",-7.51605412866799,12.7226290247951,2.3390873590342,0.000196725692166989,0.444547688728993,0.421902276789383,0.287014300083448,16,2,100,0.128923194576792,-0.0838759804360953,36,2.30535757890453,0,-7.70429,256,0.2,0.2,20,"both",0.128923194576792,-0.0838759804360953
"3510","session2",-7.51605412866799,12.7226290247951,2.3390873590342,0.000196725692166989,0.444547688728993,0.421902276789383,0.287014300083448,16,2,100,0.128923194576792,-0.0838759804360953,36,3.6126770448012,0,-4.44613,256,0.2,0.2,20,"both",0.128923194576792,-0.0838759804360953
"3511","session2",-7.51605412866799,12.7226290247951,2.3390873590342,0.000196725692166989,0.444547688728993,0.421902276789383,0.287014300083448,16,2,100,0.128923194576792,-0.0838759804360953,36,3.73964174868185,1,-9.34984,256,0.2,0.2,20,"both",0.128923194576792,-0.0838759804360953
"3512","session2",-7.51605412866799,12.7226290247951,2.3390873590342,0.000196725692166989,0.444547688728993,0.421902276789383,0.287014300083448,16,2,100,0.128923194576792,-0.0838759804360953,36,1.57958900416176,1,39.11368,256,0.2,0.2,20,"both",0.128923194576792,-0.0838759804360953
"3513","session2",-7.51605412866799,12.7226290247951,2.3390873590342,0.000196725692166989,0.444547688728993,0.421902276789383,0.287014300083448,16,2,100,0.128923194576792,-0.0838759804360953,36,2.55626489306992,0,-23.14385,256,0.2,0.2,20,"both",0.128923194576792,-0.0838759804360953
"3514","session2",-7.51605412866799,12.7226290247951,2.3390873590342,0.000196725692166989,0.444547688728993,0.421902276789383,0.287014300083448,16,2,100,0.128923194576792,-0.0838759804360953,36,5.63798660314669,0,-19.29792,256,0.2,0.2,20,"both",0.128923194576792,-0.0838759804360953
"3515","session2",-7.51605412866799,12.7226290247951,2.3390873590342,0.000196725692166989,0.444547688728993,0.421902276789383,0.287014300083448,16,2,100,0.128923194576792,-0.0838759804360953,36,1.99048287539776,1,-5.54937,256,0.2,0.2,20,"both",0.128923194576792,-0.0838759804360953
"3516","session2",-7.51605412866799,12.7226290247951,2.3390873590342,0.000196725692166989,0.444547688728993,0.421902276789383,0.287014300083448,16,2,100,0.128923194576792,-0.0838759804360953,36,2.80904979733539,1,3.46822,256,0.2,0.2,20,"both",0.128923194576792,-0.0838759804360953
"3517","session2",-7.51605412866799,12.7226290247951,2.3390873590342,0.000196725692166989,0.444547688728993,0.421902276789383,0.287014300083448,16,2,100,0.128923194576792,-0.0838759804360953,36,2.80550115021284,0,-16.07975,256,0.2,0.2,20,"both",0.128923194576792,-0.0838759804360953
"3518","session2",-7.51605412866799,12.7226290247951,2.3390873590342,0.000196725692166989,0.444547688728993,0.421902276789383,0.287014300083448,16,2,100,0.128923194576792,-0.0838759804360953,36,2.72786535943469,1,6.93665,256,0.2,0.2,20,"both",0.128923194576792,-0.0838759804360953
"3519","session2",-7.51605412866799,12.7226290247951,2.3390873590342,0.000196725692166989,0.444547688728993,0.421902276789383,0.287014300083448,16,2,100,0.128923194576792,-0.0838759804360953,36,1.85624432430731,1,7.40944,256,0.2,0.2,20,"both",0.128923194576792,-0.0838759804360953
"3520","session2",-7.51605412866799,12.7226290247951,2.3390873590342,0.000196725692166989,0.444547688728993,0.421902276789383,0.287014300083448,16,2,100,0.128923194576792,-0.0838759804360953,36,2.284893737783,1,3.67825,256,0.2,0.2,20,"both",0.128923194576792,-0.0838759804360953
"3521","session2",-7.51605412866799,12.7226290247951,2.3390873590342,0.000196725692166989,0.444547688728993,0.421902276789383,0.287014300083448,16,2,100,0.128923194576792,-0.0838759804360953,36,3.11034465011545,0,-3.22981,256,0.2,0.2,20,"both",0.128923194576792,-0.0838759804360953
"3522","session2",-7.51605412866799,12.7226290247951,2.3390873590342,0.000196725692166989,0.444547688728993,0.421902276789383,0.287014300083448,16,2,100,0.128923194576792,-0.0838759804360953,36,1.36285512037927,1,-9.58832,256,0.2,0.2,20,"both",0.128923194576792,-0.0838759804360953
"3523","session2",-7.51605412866799,12.7226290247951,2.3390873590342,0.000196725692166989,0.444547688728993,0.421902276789383,0.287014300083448,16,2,100,0.128923194576792,-0.0838759804360953,36,4.47655776268475,1,-3.90507,256,0.2,0.2,20,"both",0.128923194576792,-0.0838759804360953
"3524","session2",-7.51605412866799,12.7226290247951,2.3390873590342,0.000196725692166989,0.444547688728993,0.421902276789383,0.287014300083448,16,2,100,0.128923194576792,-0.0838759804360953,36,2.4751441230664,1,-13.77502,256,0.2,0.2,20,"both",0.128923194576792,-0.0838759804360953
"3525","session2",-7.51605412866799,12.7226290247951,2.3390873590342,0.000196725692166989,0.444547688728993,0.421902276789383,0.287014300083448,16,2,100,0.128923194576792,-0.0838759804360953,36,3.46573922168833,0,-17.18542,256,0.2,0.2,20,"both",0.128923194576792,-0.0838759804360953
"3526","session2",-7.51605412866799,12.7226290247951,2.3390873590342,0.000196725692166989,0.444547688728993,0.421902276789383,0.287014300083448,16,2,100,0.128923194576792,-0.0838759804360953,36,4.84187181621977,1,0.27559,256,0.2,0.2,20,"both",0.128923194576792,-0.0838759804360953
"3527","session2",-7.51605412866799,12.7226290247951,2.3390873590342,0.000196725692166989,0.444547688728993,0.421902276789383,0.287014300083448,16,2,100,0.128923194576792,-0.0838759804360953,36,2.09880405487219,0,-20.00585,256,0.2,0.2,20,"both",0.128923194576792,-0.0838759804360953
"3528","session2",-7.51605412866799,12.7226290247951,2.3390873590342,0.000196725692166989,0.444547688728993,0.421902276789383,0.287014300083448,16,2,100,0.128923194576792,-0.0838759804360953,36,5.89407479122573,0,-11.78147,256,0.2,0.2,20,"both",0.128923194576792,-0.0838759804360953
"3529","session2",-7.51605412866799,12.7226290247951,2.3390873590342,0.000196725692166989,0.444547688728993,0.421902276789383,0.287014300083448,16,2,100,0.128923194576792,-0.0838759804360953,36,1.75431447526694,1,2.20545,256,0.2,0.2,20,"both",0.128923194576792,-0.0838759804360953
"3530","session2",-7.51605412866799,12.7226290247951,2.3390873590342,0.000196725692166989,0.444547688728993,0.421902276789383,0.287014300083448,16,2,100,0.128923194576792,-0.0838759804360953,36,3.24611100030215,1,-20.25416,256,0.2,0.2,20,"both",0.128923194576792,-0.0838759804360953
"3531","session2",-7.51605412866799,12.7226290247951,2.3390873590342,0.000196725692166989,0.444547688728993,0.421902276789383,0.287014300083448,16,2,100,0.128923194576792,-0.0838759804360953,36,3.66009748354923,0,1.04495,256,0.2,0.2,20,"both",0.128923194576792,-0.0838759804360953
"3532","session2",-7.51605412866799,12.7226290247951,2.3390873590342,0.000196725692166989,0.444547688728993,0.421902276789383,0.287014300083448,16,2,100,0.128923194576792,-0.0838759804360953,36,2.69626439043649,0,-0.398919999999999,256,0.2,0.2,20,"both",0.128923194576792,-0.0838759804360953
"3533","session2",-7.51605412866799,12.7226290247951,2.3390873590342,0.000196725692166989,0.444547688728993,0.421902276789383,0.287014300083448,16,2,100,0.128923194576792,-0.0838759804360953,36,2.23900898244777,0,-28.06939,256,0.2,0.2,20,"both",0.128923194576792,-0.0838759804360953
"3534","session2",-7.51605412866799,12.7226290247951,2.3390873590342,0.000196725692166989,0.444547688728993,0.421902276789383,0.287014300083448,16,2,100,0.128923194576792,-0.0838759804360953,36,3.02873724288391,0,-14.44445,256,0.2,0.2,20,"both",0.128923194576792,-0.0838759804360953
"3535","session2",-7.51605412866799,12.7226290247951,2.3390873590342,0.000196725692166989,0.444547688728993,0.421902276789383,0.287014300083448,16,2,100,0.128923194576792,-0.0838759804360953,36,2.48824587435457,0,-24.51552,256,0.2,0.2,20,"both",0.128923194576792,-0.0838759804360953
"3536","session2",-7.51605412866799,12.7226290247951,2.3390873590342,0.000196725692166989,0.444547688728993,0.421902276789383,0.287014300083448,16,2,100,0.128923194576792,-0.0838759804360953,36,3.92541181998426,0,2.7852,256,0.2,0.2,20,"both",0.128923194576792,-0.0838759804360953
"3537","session2",-7.51605412866799,12.7226290247951,2.3390873590342,0.000196725692166989,0.444547688728993,0.421902276789383,0.287014300083448,16,2,100,0.128923194576792,-0.0838759804360953,36,3.53010105871831,0,-20.79163,256,0.2,0.2,20,"both",0.128923194576792,-0.0838759804360953
"3538","session2",-7.51605412866799,12.7226290247951,2.3390873590342,0.000196725692166989,0.444547688728993,0.421902276789383,0.287014300083448,16,2,100,0.128923194576792,-0.0838759804360953,36,4.28112475458155,1,13.2453,256,0.2,0.2,20,"both",0.128923194576792,-0.0838759804360953
"3539","session2",-7.51605412866799,12.7226290247951,2.3390873590342,0.000196725692166989,0.444547688728993,0.421902276789383,0.287014300083448,16,2,100,0.128923194576792,-0.0838759804360953,36,2.83371458537289,1,5.83633,256,0.2,0.2,20,"both",0.128923194576792,-0.0838759804360953
"3540","session2",-7.51605412866799,12.7226290247951,2.3390873590342,0.000196725692166989,0.444547688728993,0.421902276789383,0.287014300083448,16,2,100,0.128923194576792,-0.0838759804360953,36,3.99840817987003,0,-17.72206,256,0.2,0.2,20,"both",0.128923194576792,-0.0838759804360953
"3541","session2",-7.51605412866799,12.7226290247951,2.3390873590342,0.000196725692166989,0.444547688728993,0.421902276789383,0.287014300083448,16,2,100,0.128923194576792,-0.0838759804360953,36,3.54932760783192,0,-19.40547,256,0.2,0.2,20,"both",0.128923194576792,-0.0838759804360953
"3542","session2",-7.51605412866799,12.7226290247951,2.3390873590342,0.000196725692166989,0.444547688728993,0.421902276789383,0.287014300083448,16,2,100,0.128923194576792,-0.0838759804360953,36,1.4473595414713,1,2.36795,256,0.2,0.2,20,"both",0.128923194576792,-0.0838759804360953
"3543","session2",-7.51605412866799,12.7226290247951,2.3390873590342,0.000196725692166989,0.444547688728993,0.421902276789383,0.287014300083448,16,2,100,0.128923194576792,-0.0838759804360953,36,1.45659031869533,0,-18.09402,256,0.2,0.2,20,"both",0.128923194576792,-0.0838759804360953
"3544","session2",-7.51605412866799,12.7226290247951,2.3390873590342,0.000196725692166989,0.444547688728993,0.421902276789383,0.287014300083448,16,2,100,0.128923194576792,-0.0838759804360953,36,2.06467097877226,1,-1.48446,256,0.2,0.2,20,"both",0.128923194576792,-0.0838759804360953
"3545","session2",-7.51605412866799,12.7226290247951,2.3390873590342,0.000196725692166989,0.444547688728993,0.421902276789383,0.287014300083448,16,2,100,0.128923194576792,-0.0838759804360953,36,2.42810769421968,0,-20.96041,256,0.2,0.2,20,"both",0.128923194576792,-0.0838759804360953
"3546","session2",-7.51605412866799,12.7226290247951,2.3390873590342,0.000196725692166989,0.444547688728993,0.421902276789383,0.287014300083448,16,2,100,0.128923194576792,-0.0838759804360953,36,3.55712018281376,1,2.10981,256,0.2,0.2,20,"both",0.128923194576792,-0.0838759804360953
"3547","session2",-7.51605412866799,12.7226290247951,2.3390873590342,0.000196725692166989,0.444547688728993,0.421902276789383,0.287014300083448,16,2,100,0.128923194576792,-0.0838759804360953,36,1.15337432799802,0,0.0749500000000003,256,0.2,0.2,20,"both",0.128923194576792,-0.0838759804360953
"3548","session2",-7.51605412866799,12.7226290247951,2.3390873590342,0.000196725692166989,0.444547688728993,0.421902276789383,0.287014300083448,16,2,100,0.128923194576792,-0.0838759804360953,36,2.98713082742773,0,-17.4377,256,0.2,0.2,20,"both",0.128923194576792,-0.0838759804360953
"3549","session2",-7.51605412866799,12.7226290247951,2.3390873590342,0.000196725692166989,0.444547688728993,0.421902276789383,0.287014300083448,16,2,100,0.128923194576792,-0.0838759804360953,36,2.39073249166993,0,8.28604,256,0.2,0.2,20,"both",0.128923194576792,-0.0838759804360953
"3550","session2",-7.51605412866799,12.7226290247951,2.3390873590342,0.000196725692166989,0.444547688728993,0.421902276789383,0.287014300083448,16,2,100,0.128923194576792,-0.0838759804360953,36,1.48371790406556,1,2.87767,256,0.2,0.2,20,"both",0.128923194576792,-0.0838759804360953
"3551","session2",-7.51605412866799,12.7226290247951,2.3390873590342,0.000196725692166989,0.444547688728993,0.421902276789383,0.287014300083448,16,2,100,0.128923194576792,-0.0838759804360953,36,3.09105415826675,0,-1.23875,256,0.2,0.2,20,"both",0.128923194576792,-0.0838759804360953
"3552","session2",-7.51605412866799,12.7226290247951,2.3390873590342,0.000196725692166989,0.444547688728993,0.421902276789383,0.287014300083448,16,2,100,0.128923194576792,-0.0838759804360953,36,2.55155740397231,1,4.63283,256,0.2,0.2,20,"both",0.128923194576792,-0.0838759804360953
"3553","session2",-7.51605412866799,12.7226290247951,2.3390873590342,0.000196725692166989,0.444547688728993,0.421902276789383,0.287014300083448,16,2,100,0.128923194576792,-0.0838759804360953,36,3.87342607745033,1,6.20245,256,0.2,0.2,20,"both",0.128923194576792,-0.0838759804360953
"3554","session2",-7.51605412866799,12.7226290247951,2.3390873590342,0.000196725692166989,0.444547688728993,0.421902276789383,0.287014300083448,16,2,100,0.128923194576792,-0.0838759804360953,36,2.23371437661962,0,-17.22544,256,0.2,0.2,20,"both",0.128923194576792,-0.0838759804360953
"3555","session2",-7.51605412866799,12.7226290247951,2.3390873590342,0.000196725692166989,0.444547688728993,0.421902276789383,0.287014300083448,16,2,100,0.128923194576792,-0.0838759804360953,36,2.76704444553415,1,-3.34227,256,0.2,0.2,20,"both",0.128923194576792,-0.0838759804360953
"3556","session2",-7.51605412866799,12.7226290247951,2.3390873590342,0.000196725692166989,0.444547688728993,0.421902276789383,0.287014300083448,16,2,100,0.128923194576792,-0.0838759804360953,36,2.61779730765719,0,-21.5505,256,0.2,0.2,20,"both",0.128923194576792,-0.0838759804360953
"3557","session2",-7.51605412866799,12.7226290247951,2.3390873590342,0.000196725692166989,0.444547688728993,0.421902276789383,0.287014300083448,16,2,100,0.128923194576792,-0.0838759804360953,36,4.89106991121777,0,-13.78306,256,0.2,0.2,20,"both",0.128923194576792,-0.0838759804360953
"3558","session2",-7.51605412866799,12.7226290247951,2.3390873590342,0.000196725692166989,0.444547688728993,0.421902276789383,0.287014300083448,16,2,100,0.128923194576792,-0.0838759804360953,36,3.73665875939933,1,4.45562,256,0.2,0.2,20,"both",0.128923194576792,-0.0838759804360953
"3559","session2",-7.51605412866799,12.7226290247951,2.3390873590342,0.000196725692166989,0.444547688728993,0.421902276789383,0.287014300083448,16,2,100,0.128923194576792,-0.0838759804360953,36,1.63586463905193,0,-15.55954,256,0.2,0.2,20,"both",0.128923194576792,-0.0838759804360953
"3560","session2",-7.51605412866799,12.7226290247951,2.3390873590342,0.000196725692166989,0.444547688728993,0.421902276789383,0.287014300083448,16,2,100,0.128923194576792,-0.0838759804360953,36,2.79341869245856,0,-17.84182,256,0.2,0.2,20,"both",0.128923194576792,-0.0838759804360953
"3561","session2",-7.51605412866799,12.7226290247951,2.3390873590342,0.000196725692166989,0.444547688728993,0.421902276789383,0.287014300083448,16,2,100,0.128923194576792,-0.0838759804360953,36,6.66100730885702,1,3.16976,256,0.2,0.2,20,"both",0.128923194576792,-0.0838759804360953
"3562","session2",-7.51605412866799,12.7226290247951,2.3390873590342,0.000196725692166989,0.444547688728993,0.421902276789383,0.287014300083448,16,2,100,0.128923194576792,-0.0838759804360953,36,3.01573558593651,1,-12.03667,256,0.2,0.2,20,"both",0.128923194576792,-0.0838759804360953
"3563","session2",-7.51605412866799,12.7226290247951,2.3390873590342,0.000196725692166989,0.444547688728993,0.421902276789383,0.287014300083448,16,2,100,0.128923194576792,-0.0838759804360953,36,2.54378458218963,1,-14.32937,256,0.2,0.2,20,"both",0.128923194576792,-0.0838759804360953
"3564","session2",-7.51605412866799,12.7226290247951,2.3390873590342,0.000196725692166989,0.444547688728993,0.421902276789383,0.287014300083448,16,2,100,0.128923194576792,-0.0838759804360953,36,2.24647451419276,1,-10.57385,256,0.2,0.2,20,"both",0.128923194576792,-0.0838759804360953
"3565","session2",-7.51605412866799,12.7226290247951,2.3390873590342,0.000196725692166989,0.444547688728993,0.421902276789383,0.287014300083448,16,2,100,0.128923194576792,-0.0838759804360953,36,1.89308826274197,0,-20.8619,256,0.2,0.2,20,"both",0.128923194576792,-0.0838759804360953
"3566","session2",-7.51605412866799,12.7226290247951,2.3390873590342,0.000196725692166989,0.444547688728993,0.421902276789383,0.287014300083448,16,2,100,0.128923194576792,-0.0838759804360953,36,3.80526940971827,1,1.14476,256,0.2,0.2,20,"both",0.128923194576792,-0.0838759804360953
"3567","session2",-7.51605412866799,12.7226290247951,2.3390873590342,0.000196725692166989,0.444547688728993,0.421902276789383,0.287014300083448,16,2,100,0.128923194576792,-0.0838759804360953,36,4.16091809067196,0,-12.82442,256,0.2,0.2,20,"both",0.128923194576792,-0.0838759804360953
"3568","session2",-7.51605412866799,12.7226290247951,2.3390873590342,0.000196725692166989,0.444547688728993,0.421902276789383,0.287014300083448,16,2,100,0.128923194576792,-0.0838759804360953,36,2.27769382125753,1,5.22627,256,0.2,0.2,20,"both",0.128923194576792,-0.0838759804360953
"3569","session2",-7.51605412866799,12.7226290247951,2.3390873590342,0.000196725692166989,0.444547688728993,0.421902276789383,0.287014300083448,16,2,100,0.128923194576792,-0.0838759804360953,36,1.55581162229912,1,-13.72738,256,0.2,0.2,20,"both",0.128923194576792,-0.0838759804360953
"3570","session2",-7.51605412866799,12.7226290247951,2.3390873590342,0.000196725692166989,0.444547688728993,0.421902276789383,0.287014300083448,16,2,100,0.128923194576792,-0.0838759804360953,36,2.99524811509098,1,3.8716,256,0.2,0.2,20,"both",0.128923194576792,-0.0838759804360953
"3571","session2",-7.51605412866799,12.7226290247951,2.3390873590342,0.000196725692166989,0.444547688728993,0.421902276789383,0.287014300083448,16,2,100,0.128923194576792,-0.0838759804360953,36,3.71931891846425,0,-15.7239,256,0.2,0.2,20,"both",0.128923194576792,-0.0838759804360953
"3572","session2",-7.51605412866799,12.7226290247951,2.3390873590342,0.000196725692166989,0.444547688728993,0.421902276789383,0.287014300083448,16,2,100,0.128923194576792,-0.0838759804360953,36,2.91311502662065,0,-7.17448,256,0.2,0.2,20,"both",0.128923194576792,-0.0838759804360953
"3573","session2",-7.51605412866799,12.7226290247951,2.3390873590342,0.000196725692166989,0.444547688728993,0.421902276789383,0.287014300083448,16,2,100,0.128923194576792,-0.0838759804360953,36,0.970004137137873,0,-40.04252,256,0.2,0.2,20,"both",0.128923194576792,-0.0838759804360953
"3574","session2",-7.51605412866799,12.7226290247951,2.3390873590342,0.000196725692166989,0.444547688728993,0.421902276789383,0.287014300083448,16,2,100,0.128923194576792,-0.0838759804360953,36,1.67843192908531,1,-15.15292,256,0.2,0.2,20,"both",0.128923194576792,-0.0838759804360953
"3575","session2",-7.51605412866799,12.7226290247951,2.3390873590342,0.000196725692166989,0.444547688728993,0.421902276789383,0.287014300083448,16,2,100,0.128923194576792,-0.0838759804360953,36,2.14082444733728,0,-19.06511,256,0.2,0.2,20,"both",0.128923194576792,-0.0838759804360953
"3576","session2",-7.51605412866799,12.7226290247951,2.3390873590342,0.000196725692166989,0.444547688728993,0.421902276789383,0.287014300083448,16,2,100,0.128923194576792,-0.0838759804360953,36,3.32679955976182,0,-16.32447,256,0.2,0.2,20,"both",0.128923194576792,-0.0838759804360953
"3577","session2",-7.51605412866799,12.7226290247951,2.3390873590342,0.000196725692166989,0.444547688728993,0.421902276789383,0.287014300083448,16,2,100,0.128923194576792,-0.0838759804360953,36,1.47198498294717,0,-17.83077,256,0.2,0.2,20,"both",0.128923194576792,-0.0838759804360953
"3578","session2",-7.51605412866799,12.7226290247951,2.3390873590342,0.000196725692166989,0.444547688728993,0.421902276789383,0.287014300083448,16,2,100,0.128923194576792,-0.0838759804360953,36,2.25398650748348,0,8.13392,256,0.2,0.2,20,"both",0.128923194576792,-0.0838759804360953
"3579","session2",-7.51605412866799,12.7226290247951,2.3390873590342,0.000196725692166989,0.444547688728993,0.421902276789383,0.287014300083448,16,2,100,0.128923194576792,-0.0838759804360953,36,3.4328294653138,1,10.36759,256,0.2,0.2,20,"both",0.128923194576792,-0.0838759804360953
"3580","session2",-7.51605412866799,12.7226290247951,2.3390873590342,0.000196725692166989,0.444547688728993,0.421902276789383,0.287014300083448,16,2,100,0.128923194576792,-0.0838759804360953,36,2.53734771972024,1,2.97856,256,0.2,0.2,20,"both",0.128923194576792,-0.0838759804360953
"3581","session2",-7.51605412866799,12.7226290247951,2.3390873590342,0.000196725692166989,0.444547688728993,0.421902276789383,0.287014300083448,16,2,100,0.128923194576792,-0.0838759804360953,36,3.94997386398337,0,-14.1191,256,0.2,0.2,20,"both",0.128923194576792,-0.0838759804360953
"3582","session2",-7.51605412866799,12.7226290247951,2.3390873590342,0.000196725692166989,0.444547688728993,0.421902276789383,0.287014300083448,16,2,100,0.128923194576792,-0.0838759804360953,36,3.34945158461562,0,-5.01571,256,0.2,0.2,20,"both",0.128923194576792,-0.0838759804360953
"3583","session2",-7.51605412866799,12.7226290247951,2.3390873590342,0.000196725692166989,0.444547688728993,0.421902276789383,0.287014300083448,16,2,100,0.128923194576792,-0.0838759804360953,36,1.53155665760608,0,-29.10541,256,0.2,0.2,20,"both",0.128923194576792,-0.0838759804360953
"3584","session2",-7.51605412866799,12.7226290247951,2.3390873590342,0.000196725692166989,0.444547688728993,0.421902276789383,0.287014300083448,16,2,100,0.128923194576792,-0.0838759804360953,36,2.31634866968064,0,-17.30943,256,0.2,0.2,20,"both",0.128923194576792,-0.0838759804360953
"3585","session2",-7.51605412866799,12.7226290247951,2.3390873590342,0.000196725692166989,0.444547688728993,0.421902276789383,0.287014300083448,16,2,100,0.128923194576792,-0.0838759804360953,36,2.23910958806128,0,-21.58753,256,0.2,0.2,20,"both",0.128923194576792,-0.0838759804360953
"3586","session2",-7.51605412866799,12.7226290247951,2.3390873590342,0.000196725692166989,0.444547688728993,0.421902276789383,0.287014300083448,16,2,100,0.128923194576792,-0.0838759804360953,36,2.75793662587146,1,4.35293,256,0.2,0.2,20,"both",0.128923194576792,-0.0838759804360953
"3587","session2",-7.51605412866799,12.7226290247951,2.3390873590342,0.000196725692166989,0.444547688728993,0.421902276789383,0.287014300083448,16,2,100,0.128923194576792,-0.0838759804360953,36,3.15488338507584,0,-14.93844,256,0.2,0.2,20,"both",0.128923194576792,-0.0838759804360953
"3588","session2",-7.51605412866799,12.7226290247951,2.3390873590342,0.000196725692166989,0.444547688728993,0.421902276789383,0.287014300083448,16,2,100,0.128923194576792,-0.0838759804360953,36,3.25638072245103,0,-14.25505,256,0.2,0.2,20,"both",0.128923194576792,-0.0838759804360953
"3589","session2",-7.51605412866799,12.7226290247951,2.3390873590342,0.000196725692166989,0.444547688728993,0.421902276789383,0.287014300083448,16,2,100,0.128923194576792,-0.0838759804360953,36,2.05921806265588,1,4.46043,256,0.2,0.2,20,"both",0.128923194576792,-0.0838759804360953
"3590","session2",-7.51605412866799,12.7226290247951,2.3390873590342,0.000196725692166989,0.444547688728993,0.421902276789383,0.287014300083448,16,2,100,0.128923194576792,-0.0838759804360953,36,1.57565400434385,1,0.42329,256,0.2,0.2,20,"both",0.128923194576792,-0.0838759804360953
"3591","session2",-7.51605412866799,12.7226290247951,2.3390873590342,0.000196725692166989,0.444547688728993,0.421902276789383,0.287014300083448,16,2,100,0.128923194576792,-0.0838759804360953,36,3.08402906111052,0,-12.75777,256,0.2,0.2,20,"both",0.128923194576792,-0.0838759804360953
"3592","session2",-7.51605412866799,12.7226290247951,2.3390873590342,0.000196725692166989,0.444547688728993,0.421902276789383,0.287014300083448,16,2,100,0.128923194576792,-0.0838759804360953,36,2.59264436250608,0,-15.06041,256,0.2,0.2,20,"both",0.128923194576792,-0.0838759804360953
"3593","session2",-7.51605412866799,12.7226290247951,2.3390873590342,0.000196725692166989,0.444547688728993,0.421902276789383,0.287014300083448,16,2,100,0.128923194576792,-0.0838759804360953,36,3.85623233548013,0,-12.55489,256,0.2,0.2,20,"both",0.128923194576792,-0.0838759804360953
"3594","session2",-7.51605412866799,12.7226290247951,2.3390873590342,0.000196725692166989,0.444547688728993,0.421902276789383,0.287014300083448,16,2,100,0.128923194576792,-0.0838759804360953,36,1.69865966358253,0,-24.34121,256,0.2,0.2,20,"both",0.128923194576792,-0.0838759804360953
"3595","session2",-7.51605412866799,12.7226290247951,2.3390873590342,0.000196725692166989,0.444547688728993,0.421902276789383,0.287014300083448,16,2,100,0.128923194576792,-0.0838759804360953,36,2.00272728376627,1,8.74641,256,0.2,0.2,20,"both",0.128923194576792,-0.0838759804360953
"3596","session2",-7.51605412866799,12.7226290247951,2.3390873590342,0.000196725692166989,0.444547688728993,0.421902276789383,0.287014300083448,16,2,100,0.128923194576792,-0.0838759804360953,36,4.62701137699577,0,-15.69661,256,0.2,0.2,20,"both",0.128923194576792,-0.0838759804360953
"3597","session2",-7.51605412866799,12.7226290247951,2.3390873590342,0.000196725692166989,0.444547688728993,0.421902276789383,0.287014300083448,16,2,100,0.128923194576792,-0.0838759804360953,36,3.56356785534918,1,3.89161,256,0.2,0.2,20,"both",0.128923194576792,-0.0838759804360953
"3598","session2",-7.51605412866799,12.7226290247951,2.3390873590342,0.000196725692166989,0.444547688728993,0.421902276789383,0.287014300083448,16,2,100,0.128923194576792,-0.0838759804360953,36,2.77770813104575,0,-16.7453,256,0.2,0.2,20,"both",0.128923194576792,-0.0838759804360953
"3599","session2",-7.51605412866799,12.7226290247951,2.3390873590342,0.000196725692166989,0.444547688728993,0.421902276789383,0.287014300083448,16,2,100,0.128923194576792,-0.0838759804360953,36,1.39471849918437,0,-17.40027,256,0.2,0.2,20,"both",0.128923194576792,-0.0838759804360953
"3600","session2",-7.51605412866799,12.7226290247951,2.3390873590342,0.000196725692166989,0.444547688728993,0.421902276789383,0.287014300083448,16,2,100,0.128923194576792,-0.0838759804360953,36,3.08650053171511,0,-17.22205,256,0.2,0.2,20,"both",0.128923194576792,-0.0838759804360953
"3601","session2",-8.42452840630625,11.3689690720865,1.71797216657719,0.000389095525381429,-0.209137528230712,0.551047399847207,0.575324059089262,17,2,100,0.128923194576792,-0.0838759804360953,37,2.82260973425541,0,-11.6681738053,256,0.2,0.2,20,"both",0.128923194576792,-0.0838759804360953
"3602","session2",-8.42452840630625,11.3689690720865,1.71797216657719,0.000389095525381429,-0.209137528230712,0.551047399847207,0.575324059089262,17,2,100,0.128923194576792,-0.0838759804360953,37,1.63208600256816,1,6.7084628808,256,0.2,0.2,20,"both",0.128923194576792,-0.0838759804360953
"3603","session2",-8.42452840630625,11.3689690720865,1.71797216657719,0.000389095525381429,-0.209137528230712,0.551047399847207,0.575324059089262,17,2,100,0.128923194576792,-0.0838759804360953,37,1.93313913125222,1,-0.37344154864,256,0.2,0.2,20,"both",0.128923194576792,-0.0838759804360953
"3604","session2",-8.42452840630625,11.3689690720865,1.71797216657719,0.000389095525381429,-0.209137528230712,0.551047399847207,0.575324059089262,17,2,100,0.128923194576792,-0.0838759804360953,37,1.85941196012855,1,-3.1957089053,256,0.2,0.2,20,"both",0.128923194576792,-0.0838759804360953
"3605","session2",-8.42452840630625,11.3689690720865,1.71797216657719,0.000389095525381429,-0.209137528230712,0.551047399847207,0.575324059089262,17,2,100,0.128923194576792,-0.0838759804360953,37,1.96272727963947,1,1.94066,256,0.2,0.2,20,"both",0.128923194576792,-0.0838759804360953
"3606","session2",-8.42452840630625,11.3689690720865,1.71797216657719,0.000389095525381429,-0.209137528230712,0.551047399847207,0.575324059089262,17,2,100,0.128923194576792,-0.0838759804360953,37,2.58153898741306,1,-12.99342,256,0.2,0.2,20,"both",0.128923194576792,-0.0838759804360953
"3607","session2",-8.42452840630625,11.3689690720865,1.71797216657719,0.000389095525381429,-0.209137528230712,0.551047399847207,0.575324059089262,17,2,100,0.128923194576792,-0.0838759804360953,37,1.94352426387722,1,12.13318,256,0.2,0.2,20,"both",0.128923194576792,-0.0838759804360953
"3608","session2",-8.42452840630625,11.3689690720865,1.71797216657719,0.000389095525381429,-0.209137528230712,0.551047399847207,0.575324059089262,17,2,100,0.128923194576792,-0.0838759804360953,37,0.876768254005516,0,-28.64239,256,0.2,0.2,20,"both",0.128923194576792,-0.0838759804360953
"3609","session2",-8.42452840630625,11.3689690720865,1.71797216657719,0.000389095525381429,-0.209137528230712,0.551047399847207,0.575324059089262,17,2,100,0.128923194576792,-0.0838759804360953,37,2.38577549480766,0,-13.7085219239,256,0.2,0.2,20,"both",0.128923194576792,-0.0838759804360953
"3610","session2",-8.42452840630625,11.3689690720865,1.71797216657719,0.000389095525381429,-0.209137528230712,0.551047399847207,0.575324059089262,17,2,100,0.128923194576792,-0.0838759804360953,37,1.69350624287532,0,-9.2811,256,0.2,0.2,20,"both",0.128923194576792,-0.0838759804360953
"3611","session2",-8.42452840630625,11.3689690720865,1.71797216657719,0.000389095525381429,-0.209137528230712,0.551047399847207,0.575324059089262,17,2,100,0.128923194576792,-0.0838759804360953,37,1.53376913232703,1,-10.20126,256,0.2,0.2,20,"both",0.128923194576792,-0.0838759804360953
"3612","session2",-8.42452840630625,11.3689690720865,1.71797216657719,0.000389095525381429,-0.209137528230712,0.551047399847207,0.575324059089262,17,2,100,0.128923194576792,-0.0838759804360953,37,2.00902140481545,0,-2.28563,256,0.2,0.2,20,"both",0.128923194576792,-0.0838759804360953
"3613","session2",-8.42452840630625,11.3689690720865,1.71797216657719,0.000389095525381429,-0.209137528230712,0.551047399847207,0.575324059089262,17,2,100,0.128923194576792,-0.0838759804360953,37,1.37888043609838,1,4.4042,256,0.2,0.2,20,"both",0.128923194576792,-0.0838759804360953
"3614","session2",-8.42452840630625,11.3689690720865,1.71797216657719,0.000389095525381429,-0.209137528230712,0.551047399847207,0.575324059089262,17,2,100,0.128923194576792,-0.0838759804360953,37,2.19095774785795,0,-7.2571,256,0.2,0.2,20,"both",0.128923194576792,-0.0838759804360953
"3615","session2",-8.42452840630625,11.3689690720865,1.71797216657719,0.000389095525381429,-0.209137528230712,0.551047399847207,0.575324059089262,17,2,100,0.128923194576792,-0.0838759804360953,37,3.13382349623668,1,0.67792,256,0.2,0.2,20,"both",0.128923194576792,-0.0838759804360953
"3616","session2",-8.42452840630625,11.3689690720865,1.71797216657719,0.000389095525381429,-0.209137528230712,0.551047399847207,0.575324059089262,17,2,100,0.128923194576792,-0.0838759804360953,37,1.47049634080863,1,12.01809,256,0.2,0.2,20,"both",0.128923194576792,-0.0838759804360953
"3617","session2",-8.42452840630625,11.3689690720865,1.71797216657719,0.000389095525381429,-0.209137528230712,0.551047399847207,0.575324059089262,17,2,100,0.128923194576792,-0.0838759804360953,37,1.66865724272428,0,-14.24424,256,0.2,0.2,20,"both",0.128923194576792,-0.0838759804360953
"3618","session2",-8.42452840630625,11.3689690720865,1.71797216657719,0.000389095525381429,-0.209137528230712,0.551047399847207,0.575324059089262,17,2,100,0.128923194576792,-0.0838759804360953,37,1.14430326826704,1,9.7806,256,0.2,0.2,20,"both",0.128923194576792,-0.0838759804360953
"3619","session2",-8.42452840630625,11.3689690720865,1.71797216657719,0.000389095525381429,-0.209137528230712,0.551047399847207,0.575324059089262,17,2,100,0.128923194576792,-0.0838759804360953,37,2.05598654721036,1,22.2294,256,0.2,0.2,20,"both",0.128923194576792,-0.0838759804360953
"3620","session2",-8.42452840630625,11.3689690720865,1.71797216657719,0.000389095525381429,-0.209137528230712,0.551047399847207,0.575324059089262,17,2,100,0.128923194576792,-0.0838759804360953,37,0.903697201650904,1,5.45082,256,0.2,0.2,20,"both",0.128923194576792,-0.0838759804360953
"3621","session2",-8.42452840630625,11.3689690720865,1.71797216657719,0.000389095525381429,-0.209137528230712,0.551047399847207,0.575324059089262,17,2,100,0.128923194576792,-0.0838759804360953,37,1.40038122933767,1,-3.84736,256,0.2,0.2,20,"both",0.128923194576792,-0.0838759804360953
"3622","session2",-8.42452840630625,11.3689690720865,1.71797216657719,0.000389095525381429,-0.209137528230712,0.551047399847207,0.575324059089262,17,2,100,0.128923194576792,-0.0838759804360953,37,1.45098643688241,0,-7.91523,256,0.2,0.2,20,"both",0.128923194576792,-0.0838759804360953
"3623","session2",-8.42452840630625,11.3689690720865,1.71797216657719,0.000389095525381429,-0.209137528230712,0.551047399847207,0.575324059089262,17,2,100,0.128923194576792,-0.0838759804360953,37,1.5891268775762,0,-6.3187,256,0.2,0.2,20,"both",0.128923194576792,-0.0838759804360953
"3624","session2",-8.42452840630625,11.3689690720865,1.71797216657719,0.000389095525381429,-0.209137528230712,0.551047399847207,0.575324059089262,17,2,100,0.128923194576792,-0.0838759804360953,37,1.08384265533142,1,-8.0891,256,0.2,0.2,20,"both",0.128923194576792,-0.0838759804360953
"3625","session2",-8.42452840630625,11.3689690720865,1.71797216657719,0.000389095525381429,-0.209137528230712,0.551047399847207,0.575324059089262,17,2,100,0.128923194576792,-0.0838759804360953,37,1.16350322963868,1,13.82511,256,0.2,0.2,20,"both",0.128923194576792,-0.0838759804360953
"3626","session2",-8.42452840630625,11.3689690720865,1.71797216657719,0.000389095525381429,-0.209137528230712,0.551047399847207,0.575324059089262,17,2,100,0.128923194576792,-0.0838759804360953,37,2.0892522057942,0,-16.42337,256,0.2,0.2,20,"both",0.128923194576792,-0.0838759804360953
"3627","session2",-8.42452840630625,11.3689690720865,1.71797216657719,0.000389095525381429,-0.209137528230712,0.551047399847207,0.575324059089262,17,2,100,0.128923194576792,-0.0838759804360953,37,1.03796761529068,0,-12.82161,256,0.2,0.2,20,"both",0.128923194576792,-0.0838759804360953
"3628","session2",-8.42452840630625,11.3689690720865,1.71797216657719,0.000389095525381429,-0.209137528230712,0.551047399847207,0.575324059089262,17,2,100,0.128923194576792,-0.0838759804360953,37,3.00274252529074,0,-1.67763,256,0.2,0.2,20,"both",0.128923194576792,-0.0838759804360953
"3629","session2",-8.42452840630625,11.3689690720865,1.71797216657719,0.000389095525381429,-0.209137528230712,0.551047399847207,0.575324059089262,17,2,100,0.128923194576792,-0.0838759804360953,37,2.11102389334871,0,-13.94417,256,0.2,0.2,20,"both",0.128923194576792,-0.0838759804360953
"3630","session2",-8.42452840630625,11.3689690720865,1.71797216657719,0.000389095525381429,-0.209137528230712,0.551047399847207,0.575324059089262,17,2,100,0.128923194576792,-0.0838759804360953,37,1.01676015414993,1,-16.31146,256,0.2,0.2,20,"both",0.128923194576792,-0.0838759804360953
"3631","session2",-8.42452840630625,11.3689690720865,1.71797216657719,0.000389095525381429,-0.209137528230712,0.551047399847207,0.575324059089262,17,2,100,0.128923194576792,-0.0838759804360953,37,1.70524337353075,1,-13.91599,256,0.2,0.2,20,"both",0.128923194576792,-0.0838759804360953
"3632","session2",-8.42452840630625,11.3689690720865,1.71797216657719,0.000389095525381429,-0.209137528230712,0.551047399847207,0.575324059089262,17,2,100,0.128923194576792,-0.0838759804360953,37,1.27462412250031,1,8.58537,256,0.2,0.2,20,"both",0.128923194576792,-0.0838759804360953
"3633","session2",-8.42452840630625,11.3689690720865,1.71797216657719,0.000389095525381429,-0.209137528230712,0.551047399847207,0.575324059089262,17,2,100,0.128923194576792,-0.0838759804360953,37,2.53550960772455,1,11.969825,256,0.2,0.2,20,"both",0.128923194576792,-0.0838759804360953
"3634","session2",-8.42452840630625,11.3689690720865,1.71797216657719,0.000389095525381429,-0.209137528230712,0.551047399847207,0.575324059089262,17,2,100,0.128923194576792,-0.0838759804360953,37,1.02294547795995,0,-28.4454,256,0.2,0.2,20,"both",0.128923194576792,-0.0838759804360953
"3635","session2",-8.42452840630625,11.3689690720865,1.71797216657719,0.000389095525381429,-0.209137528230712,0.551047399847207,0.575324059089262,17,2,100,0.128923194576792,-0.0838759804360953,37,2.40252351804375,0,-18.94354,256,0.2,0.2,20,"both",0.128923194576792,-0.0838759804360953
"3636","session2",-8.42452840630625,11.3689690720865,1.71797216657719,0.000389095525381429,-0.209137528230712,0.551047399847207,0.575324059089262,17,2,100,0.128923194576792,-0.0838759804360953,37,1.63278900983189,1,5.3285,256,0.2,0.2,20,"both",0.128923194576792,-0.0838759804360953
"3637","session2",-8.42452840630625,11.3689690720865,1.71797216657719,0.000389095525381429,-0.209137528230712,0.551047399847207,0.575324059089262,17,2,100,0.128923194576792,-0.0838759804360953,37,5.53336958432969,0,-3.96208,256,0.2,0.2,20,"both",0.128923194576792,-0.0838759804360953
"3638","session2",-8.42452840630625,11.3689690720865,1.71797216657719,0.000389095525381429,-0.209137528230712,0.551047399847207,0.575324059089262,17,2,100,0.128923194576792,-0.0838759804360953,37,1.34787575059151,0,-18.04508,256,0.2,0.2,20,"both",0.128923194576792,-0.0838759804360953
"3639","session2",-8.42452840630625,11.3689690720865,1.71797216657719,0.000389095525381429,-0.209137528230712,0.551047399847207,0.575324059089262,17,2,100,0.128923194576792,-0.0838759804360953,37,2.93954048190191,1,-7.76172,256,0.2,0.2,20,"both",0.128923194576792,-0.0838759804360953
"3640","session2",-8.42452840630625,11.3689690720865,1.71797216657719,0.000389095525381429,-0.209137528230712,0.551047399847207,0.575324059089262,17,2,100,0.128923194576792,-0.0838759804360953,37,1.09482355998947,0,-21.39693,256,0.2,0.2,20,"both",0.128923194576792,-0.0838759804360953
"3641","session2",-8.42452840630625,11.3689690720865,1.71797216657719,0.000389095525381429,-0.209137528230712,0.551047399847207,0.575324059089262,17,2,100,0.128923194576792,-0.0838759804360953,37,2.12558808842749,1,-13.86631,256,0.2,0.2,20,"both",0.128923194576792,-0.0838759804360953
"3642","session2",-8.42452840630625,11.3689690720865,1.71797216657719,0.000389095525381429,-0.209137528230712,0.551047399847207,0.575324059089262,17,2,100,0.128923194576792,-0.0838759804360953,37,1.5065555976621,1,-0.77336,256,0.2,0.2,20,"both",0.128923194576792,-0.0838759804360953
"3643","session2",-8.42452840630625,11.3689690720865,1.71797216657719,0.000389095525381429,-0.209137528230712,0.551047399847207,0.575324059089262,17,2,100,0.128923194576792,-0.0838759804360953,37,1.53126376312724,0,-23.351,256,0.2,0.2,20,"both",0.128923194576792,-0.0838759804360953
"3644","session2",-8.42452840630625,11.3689690720865,1.71797216657719,0.000389095525381429,-0.209137528230712,0.551047399847207,0.575324059089262,17,2,100,0.128923194576792,-0.0838759804360953,37,1.71201174501308,0,-1.19365,256,0.2,0.2,20,"both",0.128923194576792,-0.0838759804360953
"3645","session2",-8.42452840630625,11.3689690720865,1.71797216657719,0.000389095525381429,-0.209137528230712,0.551047399847207,0.575324059089262,17,2,100,0.128923194576792,-0.0838759804360953,37,1.09269651365186,0,-18.59725,256,0.2,0.2,20,"both",0.128923194576792,-0.0838759804360953
"3646","session2",-8.42452840630625,11.3689690720865,1.71797216657719,0.000389095525381429,-0.209137528230712,0.551047399847207,0.575324059089262,17,2,100,0.128923194576792,-0.0838759804360953,37,2.00340501458063,1,-3.42779,256,0.2,0.2,20,"both",0.128923194576792,-0.0838759804360953
"3647","session2",-8.42452840630625,11.3689690720865,1.71797216657719,0.000389095525381429,-0.209137528230712,0.551047399847207,0.575324059089262,17,2,100,0.128923194576792,-0.0838759804360953,37,1.61529183502044,0,-22.7326,256,0.2,0.2,20,"both",0.128923194576792,-0.0838759804360953
"3648","session2",-8.42452840630625,11.3689690720865,1.71797216657719,0.000389095525381429,-0.209137528230712,0.551047399847207,0.575324059089262,17,2,100,0.128923194576792,-0.0838759804360953,37,1.68237841329503,1,2.76106,256,0.2,0.2,20,"both",0.128923194576792,-0.0838759804360953
"3649","session2",-8.42452840630625,11.3689690720865,1.71797216657719,0.000389095525381429,-0.209137528230712,0.551047399847207,0.575324059089262,17,2,100,0.128923194576792,-0.0838759804360953,37,1.56997041662972,0,2.62857,256,0.2,0.2,20,"both",0.128923194576792,-0.0838759804360953
"3650","session2",-8.42452840630625,11.3689690720865,1.71797216657719,0.000389095525381429,-0.209137528230712,0.551047399847207,0.575324059089262,17,2,100,0.128923194576792,-0.0838759804360953,37,6.45620264673104,0,-17.83467,256,0.2,0.2,20,"both",0.128923194576792,-0.0838759804360953
"3651","session2",-8.42452840630625,11.3689690720865,1.71797216657719,0.000389095525381429,-0.209137528230712,0.551047399847207,0.575324059089262,17,2,100,0.128923194576792,-0.0838759804360953,37,1.74976367208338,1,1.16286,256,0.2,0.2,20,"both",0.128923194576792,-0.0838759804360953
"3652","session2",-8.42452840630625,11.3689690720865,1.71797216657719,0.000389095525381429,-0.209137528230712,0.551047399847207,0.575324059089262,17,2,100,0.128923194576792,-0.0838759804360953,37,1.40349656760637,1,4.7796,256,0.2,0.2,20,"both",0.128923194576792,-0.0838759804360953
"3653","session2",-8.42452840630625,11.3689690720865,1.71797216657719,0.000389095525381429,-0.209137528230712,0.551047399847207,0.575324059089262,17,2,100,0.128923194576792,-0.0838759804360953,37,1.19240510209573,1,3.46991,256,0.2,0.2,20,"both",0.128923194576792,-0.0838759804360953
"3654","session2",-8.42452840630625,11.3689690720865,1.71797216657719,0.000389095525381429,-0.209137528230712,0.551047399847207,0.575324059089262,17,2,100,0.128923194576792,-0.0838759804360953,37,1.65205765035212,1,-2.36531,256,0.2,0.2,20,"both",0.128923194576792,-0.0838759804360953
"3655","session2",-8.42452840630625,11.3689690720865,1.71797216657719,0.000389095525381429,-0.209137528230712,0.551047399847207,0.575324059089262,17,2,100,0.128923194576792,-0.0838759804360953,37,1.29643745821284,1,7.83156,256,0.2,0.2,20,"both",0.128923194576792,-0.0838759804360953
"3656","session2",-8.42452840630625,11.3689690720865,1.71797216657719,0.000389095525381429,-0.209137528230712,0.551047399847207,0.575324059089262,17,2,100,0.128923194576792,-0.0838759804360953,37,1.9347783162018,1,-3.81218,256,0.2,0.2,20,"both",0.128923194576792,-0.0838759804360953
"3657","session2",-8.42452840630625,11.3689690720865,1.71797216657719,0.000389095525381429,-0.209137528230712,0.551047399847207,0.575324059089262,17,2,100,0.128923194576792,-0.0838759804360953,37,1.14411773751392,1,4.0638,256,0.2,0.2,20,"both",0.128923194576792,-0.0838759804360953
"3658","session2",-8.42452840630625,11.3689690720865,1.71797216657719,0.000389095525381429,-0.209137528230712,0.551047399847207,0.575324059089262,17,2,100,0.128923194576792,-0.0838759804360953,37,1.83399355640533,1,2.25184,256,0.2,0.2,20,"both",0.128923194576792,-0.0838759804360953
"3659","session2",-8.42452840630625,11.3689690720865,1.71797216657719,0.000389095525381429,-0.209137528230712,0.551047399847207,0.575324059089262,17,2,100,0.128923194576792,-0.0838759804360953,37,1.4611669520268,0,-17.89815,256,0.2,0.2,20,"both",0.128923194576792,-0.0838759804360953
"3660","session2",-8.42452840630625,11.3689690720865,1.71797216657719,0.000389095525381429,-0.209137528230712,0.551047399847207,0.575324059089262,17,2,100,0.128923194576792,-0.0838759804360953,37,3.24654444097499,1,3.0905,256,0.2,0.2,20,"both",0.128923194576792,-0.0838759804360953
"3661","session2",-8.42452840630625,11.3689690720865,1.71797216657719,0.000389095525381429,-0.209137528230712,0.551047399847207,0.575324059089262,17,2,100,0.128923194576792,-0.0838759804360953,37,2.3481145312256,0,-20.6601,256,0.2,0.2,20,"both",0.128923194576792,-0.0838759804360953
"3662","session2",-8.42452840630625,11.3689690720865,1.71797216657719,0.000389095525381429,-0.209137528230712,0.551047399847207,0.575324059089262,17,2,100,0.128923194576792,-0.0838759804360953,37,1.80588410717108,0,-17.43489,256,0.2,0.2,20,"both",0.128923194576792,-0.0838759804360953
"3663","session2",-8.42452840630625,11.3689690720865,1.71797216657719,0.000389095525381429,-0.209137528230712,0.551047399847207,0.575324059089262,17,2,100,0.128923194576792,-0.0838759804360953,37,0.983224389176138,0,-16.36209,256,0.2,0.2,20,"both",0.128923194576792,-0.0838759804360953
"3664","session2",-8.42452840630625,11.3689690720865,1.71797216657719,0.000389095525381429,-0.209137528230712,0.551047399847207,0.575324059089262,17,2,100,0.128923194576792,-0.0838759804360953,37,2.05843679273865,1,0.388199999999999,256,0.2,0.2,20,"both",0.128923194576792,-0.0838759804360953
"3665","session2",-8.42452840630625,11.3689690720865,1.71797216657719,0.000389095525381429,-0.209137528230712,0.551047399847207,0.575324059089262,17,2,100,0.128923194576792,-0.0838759804360953,37,1.39631456208006,0,-14.6652,256,0.2,0.2,20,"both",0.128923194576792,-0.0838759804360953
"3666","session2",-8.42452840630625,11.3689690720865,1.71797216657719,0.000389095525381429,-0.209137528230712,0.551047399847207,0.575324059089262,17,2,100,0.128923194576792,-0.0838759804360953,37,4.60681404153225,0,-17.81981,256,0.2,0.2,20,"both",0.128923194576792,-0.0838759804360953
"3667","session2",-8.42452840630625,11.3689690720865,1.71797216657719,0.000389095525381429,-0.209137528230712,0.551047399847207,0.575324059089262,17,2,100,0.128923194576792,-0.0838759804360953,37,3.79076106456185,0,-13.54965,256,0.2,0.2,20,"both",0.128923194576792,-0.0838759804360953
"3668","session2",-8.42452840630625,11.3689690720865,1.71797216657719,0.000389095525381429,-0.209137528230712,0.551047399847207,0.575324059089262,17,2,100,0.128923194576792,-0.0838759804360953,37,2.62639250035714,0,-15.37112,256,0.2,0.2,20,"both",0.128923194576792,-0.0838759804360953
"3669","session2",-8.42452840630625,11.3689690720865,1.71797216657719,0.000389095525381429,-0.209137528230712,0.551047399847207,0.575324059089262,17,2,100,0.128923194576792,-0.0838759804360953,37,1.81824757565951,0,-17.92744,256,0.2,0.2,20,"both",0.128923194576792,-0.0838759804360953
"3670","session2",-8.42452840630625,11.3689690720865,1.71797216657719,0.000389095525381429,-0.209137528230712,0.551047399847207,0.575324059089262,17,2,100,0.128923194576792,-0.0838759804360953,37,1.89224516101234,0,-11.88912,256,0.2,0.2,20,"both",0.128923194576792,-0.0838759804360953
"3671","session2",-8.42452840630625,11.3689690720865,1.71797216657719,0.000389095525381429,-0.209137528230712,0.551047399847207,0.575324059089262,17,2,100,0.128923194576792,-0.0838759804360953,37,1.82631930521813,1,2.00013,256,0.2,0.2,20,"both",0.128923194576792,-0.0838759804360953
"3672","session2",-8.42452840630625,11.3689690720865,1.71797216657719,0.000389095525381429,-0.209137528230712,0.551047399847207,0.575324059089262,17,2,100,0.128923194576792,-0.0838759804360953,37,2.11081993909203,1,-3.24103,256,0.2,0.2,20,"both",0.128923194576792,-0.0838759804360953
"3673","session2",-8.42452840630625,11.3689690720865,1.71797216657719,0.000389095525381429,-0.209137528230712,0.551047399847207,0.575324059089262,17,2,100,0.128923194576792,-0.0838759804360953,37,3.47385011936055,1,-4.17413,256,0.2,0.2,20,"both",0.128923194576792,-0.0838759804360953
"3674","session2",-8.42452840630625,11.3689690720865,1.71797216657719,0.000389095525381429,-0.209137528230712,0.551047399847207,0.575324059089262,17,2,100,0.128923194576792,-0.0838759804360953,37,1.38080350681874,1,0.44521,256,0.2,0.2,20,"both",0.128923194576792,-0.0838759804360953
"3675","session2",-8.42452840630625,11.3689690720865,1.71797216657719,0.000389095525381429,-0.209137528230712,0.551047399847207,0.575324059089262,17,2,100,0.128923194576792,-0.0838759804360953,37,1.94310063337703,1,-0.219889999999999,256,0.2,0.2,20,"both",0.128923194576792,-0.0838759804360953
"3676","session2",-8.42452840630625,11.3689690720865,1.71797216657719,0.000389095525381429,-0.209137528230712,0.551047399847207,0.575324059089262,17,2,100,0.128923194576792,-0.0838759804360953,37,1.89004719934522,1,2.57435,256,0.2,0.2,20,"both",0.128923194576792,-0.0838759804360953
"3677","session2",-8.42452840630625,11.3689690720865,1.71797216657719,0.000389095525381429,-0.209137528230712,0.551047399847207,0.575324059089262,17,2,100,0.128923194576792,-0.0838759804360953,37,1.47142262317165,0,-2.22489,256,0.2,0.2,20,"both",0.128923194576792,-0.0838759804360953
"3678","session2",-8.42452840630625,11.3689690720865,1.71797216657719,0.000389095525381429,-0.209137528230712,0.551047399847207,0.575324059089262,17,2,100,0.128923194576792,-0.0838759804360953,37,2.19904699937806,0,-15.83172,256,0.2,0.2,20,"both",0.128923194576792,-0.0838759804360953
"3679","session2",-8.42452840630625,11.3689690720865,1.71797216657719,0.000389095525381429,-0.209137528230712,0.551047399847207,0.575324059089262,17,2,100,0.128923194576792,-0.0838759804360953,37,2.75915315935998,1,-1.07801,256,0.2,0.2,20,"both",0.128923194576792,-0.0838759804360953
"3680","session2",-8.42452840630625,11.3689690720865,1.71797216657719,0.000389095525381429,-0.209137528230712,0.551047399847207,0.575324059089262,17,2,100,0.128923194576792,-0.0838759804360953,37,1.74948400429136,1,1.41576,256,0.2,0.2,20,"both",0.128923194576792,-0.0838759804360953
"3681","session2",-8.42452840630625,11.3689690720865,1.71797216657719,0.000389095525381429,-0.209137528230712,0.551047399847207,0.575324059089262,17,2,100,0.128923194576792,-0.0838759804360953,37,1.21851882575192,1,1.83375,256,0.2,0.2,20,"both",0.128923194576792,-0.0838759804360953
"3682","session2",-8.42452840630625,11.3689690720865,1.71797216657719,0.000389095525381429,-0.209137528230712,0.551047399847207,0.575324059089262,17,2,100,0.128923194576792,-0.0838759804360953,37,1.30606186105138,1,-0.80783,256,0.2,0.2,20,"both",0.128923194576792,-0.0838759804360953
"3683","session2",-8.42452840630625,11.3689690720865,1.71797216657719,0.000389095525381429,-0.209137528230712,0.551047399847207,0.575324059089262,17,2,100,0.128923194576792,-0.0838759804360953,37,1.67855469082424,1,-16.50947,256,0.2,0.2,20,"both",0.128923194576792,-0.0838759804360953
"3684","session2",-8.42452840630625,11.3689690720865,1.71797216657719,0.000389095525381429,-0.209137528230712,0.551047399847207,0.575324059089262,17,2,100,0.128923194576792,-0.0838759804360953,37,1.50068809353897,1,1.33154,256,0.2,0.2,20,"both",0.128923194576792,-0.0838759804360953
"3685","session2",-8.42452840630625,11.3689690720865,1.71797216657719,0.000389095525381429,-0.209137528230712,0.551047399847207,0.575324059089262,17,2,100,0.128923194576792,-0.0838759804360953,37,1.84670572832099,1,0.994190000000001,256,0.2,0.2,20,"both",0.128923194576792,-0.0838759804360953
"3686","session2",-8.42452840630625,11.3689690720865,1.71797216657719,0.000389095525381429,-0.209137528230712,0.551047399847207,0.575324059089262,17,2,100,0.128923194576792,-0.0838759804360953,37,1.17362784008268,1,-1.86484,256,0.2,0.2,20,"both",0.128923194576792,-0.0838759804360953
"3687","session2",-8.42452840630625,11.3689690720865,1.71797216657719,0.000389095525381429,-0.209137528230712,0.551047399847207,0.575324059089262,17,2,100,0.128923194576792,-0.0838759804360953,37,1.25081440752023,0,-14.76544,256,0.2,0.2,20,"both",0.128923194576792,-0.0838759804360953
"3688","session2",-8.42452840630625,11.3689690720865,1.71797216657719,0.000389095525381429,-0.209137528230712,0.551047399847207,0.575324059089262,17,2,100,0.128923194576792,-0.0838759804360953,37,2.89026513502361,1,0.26904,256,0.2,0.2,20,"both",0.128923194576792,-0.0838759804360953
"3689","session2",-8.42452840630625,11.3689690720865,1.71797216657719,0.000389095525381429,-0.209137528230712,0.551047399847207,0.575324059089262,17,2,100,0.128923194576792,-0.0838759804360953,37,1.56532370014621,0,-14.87097,256,0.2,0.2,20,"both",0.128923194576792,-0.0838759804360953
"3690","session2",-8.42452840630625,11.3689690720865,1.71797216657719,0.000389095525381429,-0.209137528230712,0.551047399847207,0.575324059089262,17,2,100,0.128923194576792,-0.0838759804360953,37,1.76768065236202,0,-1.6558,256,0.2,0.2,20,"both",0.128923194576792,-0.0838759804360953
"3691","session2",-8.42452840630625,11.3689690720865,1.71797216657719,0.000389095525381429,-0.209137528230712,0.551047399847207,0.575324059089262,17,2,100,0.128923194576792,-0.0838759804360953,37,1.09917017474969,0,-14.35292,256,0.2,0.2,20,"both",0.128923194576792,-0.0838759804360953
"3692","session2",-8.42452840630625,11.3689690720865,1.71797216657719,0.000389095525381429,-0.209137528230712,0.551047399847207,0.575324059089262,17,2,100,0.128923194576792,-0.0838759804360953,37,1.66007461958628,1,-0.325769999999999,256,0.2,0.2,20,"both",0.128923194576792,-0.0838759804360953
"3693","session2",-8.42452840630625,11.3689690720865,1.71797216657719,0.000389095525381429,-0.209137528230712,0.551047399847207,0.575324059089262,17,2,100,0.128923194576792,-0.0838759804360953,37,1.14146196564733,1,-2.5801,256,0.2,0.2,20,"both",0.128923194576792,-0.0838759804360953
"3694","session2",-8.42452840630625,11.3689690720865,1.71797216657719,0.000389095525381429,-0.209137528230712,0.551047399847207,0.575324059089262,17,2,100,0.128923194576792,-0.0838759804360953,37,1.38748147588097,0,-11.55281,256,0.2,0.2,20,"both",0.128923194576792,-0.0838759804360953
"3695","session2",-8.42452840630625,11.3689690720865,1.71797216657719,0.000389095525381429,-0.209137528230712,0.551047399847207,0.575324059089262,17,2,100,0.128923194576792,-0.0838759804360953,37,1.39096694269081,0,-14.97459,256,0.2,0.2,20,"both",0.128923194576792,-0.0838759804360953
"3696","session2",-8.42452840630625,11.3689690720865,1.71797216657719,0.000389095525381429,-0.209137528230712,0.551047399847207,0.575324059089262,17,2,100,0.128923194576792,-0.0838759804360953,37,2.34806106738519,0,-3.77938,256,0.2,0.2,20,"both",0.128923194576792,-0.0838759804360953
"3697","session2",-8.42452840630625,11.3689690720865,1.71797216657719,0.000389095525381429,-0.209137528230712,0.551047399847207,0.575324059089262,17,2,100,0.128923194576792,-0.0838759804360953,37,2.50038153274837,0,0.64815,256,0.2,0.2,20,"both",0.128923194576792,-0.0838759804360953
"3698","session2",-8.42452840630625,11.3689690720865,1.71797216657719,0.000389095525381429,-0.209137528230712,0.551047399847207,0.575324059089262,17,2,100,0.128923194576792,-0.0838759804360953,37,1.85744706971865,0,-13.5135,256,0.2,0.2,20,"both",0.128923194576792,-0.0838759804360953
"3699","session2",-8.42452840630625,11.3689690720865,1.71797216657719,0.000389095525381429,-0.209137528230712,0.551047399847207,0.575324059089262,17,2,100,0.128923194576792,-0.0838759804360953,37,1.62794379367727,0,-2.39716,256,0.2,0.2,20,"both",0.128923194576792,-0.0838759804360953
"3700","session2",-8.42452840630625,11.3689690720865,1.71797216657719,0.000389095525381429,-0.209137528230712,0.551047399847207,0.575324059089262,17,2,100,0.128923194576792,-0.0838759804360953,37,2.36290292697379,0,-13.94734,256,0.2,0.2,20,"both",0.128923194576792,-0.0838759804360953
"3701","session2",-18.1725457665585,20.4010718077656,2.11108188697277,0.000760876469820875,0.241394866278844,0.416871598915644,0.556600792246338,18,2,100,0.128923194576792,-0.0838759804360953,38,1.45545191916167,1,-7.88519667738,256,0.2,0.2,20,"both",0.128923194576792,-0.0838759804360953
"3702","session2",-18.1725457665585,20.4010718077656,2.11108188697277,0.000760876469820875,0.241394866278844,0.416871598915644,0.556600792246338,18,2,100,0.128923194576792,-0.0838759804360953,38,3.530279745907,0,-13.3371972267,256,0.2,0.2,20,"both",0.128923194576792,-0.0838759804360953
"3703","session2",-18.1725457665585,20.4010718077656,2.11108188697277,0.000760876469820875,0.241394866278844,0.416871598915644,0.556600792246338,18,2,100,0.128923194576792,-0.0838759804360953,38,3.68858594109495,1,-1.4645034724,256,0.2,0.2,20,"both",0.128923194576792,-0.0838759804360953
"3704","session2",-18.1725457665585,20.4010718077656,2.11108188697277,0.000760876469820875,0.241394866278844,0.416871598915644,0.556600792246338,18,2,100,0.128923194576792,-0.0838759804360953,38,2.12015348578373,0,-11.0807255702,256,0.2,0.2,20,"both",0.128923194576792,-0.0838759804360953
"3705","session2",-18.1725457665585,20.4010718077656,2.11108188697277,0.000760876469820875,0.241394866278844,0.416871598915644,0.556600792246338,18,2,100,0.128923194576792,-0.0838759804360953,38,2.64434553312566,0,-11.6554,256,0.2,0.2,20,"both",0.128923194576792,-0.0838759804360953
"3706","session2",-18.1725457665585,20.4010718077656,2.11108188697277,0.000760876469820875,0.241394866278844,0.416871598915644,0.556600792246338,18,2,100,0.128923194576792,-0.0838759804360953,38,2.94228320623766,1,-6.9372817087,256,0.2,0.2,20,"both",0.128923194576792,-0.0838759804360953
"3707","session2",-18.1725457665585,20.4010718077656,2.11108188697277,0.000760876469820875,0.241394866278844,0.416871598915644,0.556600792246338,18,2,100,0.128923194576792,-0.0838759804360953,38,1.31646801769721,1,-9.114228704,256,0.2,0.2,20,"both",0.128923194576792,-0.0838759804360953
"3708","session2",-18.1725457665585,20.4010718077656,2.11108188697277,0.000760876469820875,0.241394866278844,0.416871598915644,0.556600792246338,18,2,100,0.128923194576792,-0.0838759804360953,38,2.39782926363472,0,-5.21312,256,0.2,0.2,20,"both",0.128923194576792,-0.0838759804360953
"3709","session2",-18.1725457665585,20.4010718077656,2.11108188697277,0.000760876469820875,0.241394866278844,0.416871598915644,0.556600792246338,18,2,100,0.128923194576792,-0.0838759804360953,38,3.99778401772344,0,-13.37902,256,0.2,0.2,20,"both",0.128923194576792,-0.0838759804360953
"3710","session2",-18.1725457665585,20.4010718077656,2.11108188697277,0.000760876469820875,0.241394866278844,0.416871598915644,0.556600792246338,18,2,100,0.128923194576792,-0.0838759804360953,38,1.98241234239293,0,-13.77704,256,0.2,0.2,20,"both",0.128923194576792,-0.0838759804360953
"3711","session2",-18.1725457665585,20.4010718077656,2.11108188697277,0.000760876469820875,0.241394866278844,0.416871598915644,0.556600792246338,18,2,100,0.128923194576792,-0.0838759804360953,38,1.99042038378879,1,6.7618,256,0.2,0.2,20,"both",0.128923194576792,-0.0838759804360953
"3712","session2",-18.1725457665585,20.4010718077656,2.11108188697277,0.000760876469820875,0.241394866278844,0.416871598915644,0.556600792246338,18,2,100,0.128923194576792,-0.0838759804360953,38,3.2986093612617,1,-21.98,256,0.2,0.2,20,"both",0.128923194576792,-0.0838759804360953
"3713","session2",-18.1725457665585,20.4010718077656,2.11108188697277,0.000760876469820875,0.241394866278844,0.416871598915644,0.556600792246338,18,2,100,0.128923194576792,-0.0838759804360953,38,1.83004595310478,0,-6.7090909732,256,0.2,0.2,20,"both",0.128923194576792,-0.0838759804360953
"3714","session2",-18.1725457665585,20.4010718077656,2.11108188697277,0.000760876469820875,0.241394866278844,0.416871598915644,0.556600792246338,18,2,100,0.128923194576792,-0.0838759804360953,38,1.97111979629652,1,23.33807,256,0.2,0.2,20,"both",0.128923194576792,-0.0838759804360953
"3715","session2",-18.1725457665585,20.4010718077656,2.11108188697277,0.000760876469820875,0.241394866278844,0.416871598915644,0.556600792246338,18,2,100,0.128923194576792,-0.0838759804360953,38,3.18965897413208,1,-17.18832,256,0.2,0.2,20,"both",0.128923194576792,-0.0838759804360953
"3716","session2",-18.1725457665585,20.4010718077656,2.11108188697277,0.000760876469820875,0.241394866278844,0.416871598915644,0.556600792246338,18,2,100,0.128923194576792,-0.0838759804360953,38,2.70790664067766,0,-36.6054,256,0.2,0.2,20,"both",0.128923194576792,-0.0838759804360953
"3717","session2",-18.1725457665585,20.4010718077656,2.11108188697277,0.000760876469820875,0.241394866278844,0.416871598915644,0.556600792246338,18,2,100,0.128923194576792,-0.0838759804360953,38,3.14759433014206,1,-6.5532050353,256,0.2,0.2,20,"both",0.128923194576792,-0.0838759804360953
"3718","session2",-18.1725457665585,20.4010718077656,2.11108188697277,0.000760876469820875,0.241394866278844,0.416871598915644,0.556600792246338,18,2,100,0.128923194576792,-0.0838759804360953,38,2.38625034668989,1,5.49588,256,0.2,0.2,20,"both",0.128923194576792,-0.0838759804360953
"3719","session2",-18.1725457665585,20.4010718077656,2.11108188697277,0.000760876469820875,0.241394866278844,0.416871598915644,0.556600792246338,18,2,100,0.128923194576792,-0.0838759804360953,38,4.45718767453445,1,-0.36822,256,0.2,0.2,20,"both",0.128923194576792,-0.0838759804360953
"3720","session2",-18.1725457665585,20.4010718077656,2.11108188697277,0.000760876469820875,0.241394866278844,0.416871598915644,0.556600792246338,18,2,100,0.128923194576792,-0.0838759804360953,38,2.75191705509156,1,-1.3508,256,0.2,0.2,20,"both",0.128923194576792,-0.0838759804360953
"3721","session2",-18.1725457665585,20.4010718077656,2.11108188697277,0.000760876469820875,0.241394866278844,0.416871598915644,0.556600792246338,18,2,100,0.128923194576792,-0.0838759804360953,38,2.14134945295741,0,-41.24978,256,0.2,0.2,20,"both",0.128923194576792,-0.0838759804360953
"3722","session2",-18.1725457665585,20.4010718077656,2.11108188697277,0.000760876469820875,0.241394866278844,0.416871598915644,0.556600792246338,18,2,100,0.128923194576792,-0.0838759804360953,38,3.15750049081521,1,-31.6027,256,0.2,0.2,20,"both",0.128923194576792,-0.0838759804360953
"3723","session2",-18.1725457665585,20.4010718077656,2.11108188697277,0.000760876469820875,0.241394866278844,0.416871598915644,0.556600792246338,18,2,100,0.128923194576792,-0.0838759804360953,38,2.22644059194949,0,-12.9635776221,256,0.2,0.2,20,"both",0.128923194576792,-0.0838759804360953
"3724","session2",-18.1725457665585,20.4010718077656,2.11108188697277,0.000760876469820875,0.241394866278844,0.416871598915644,0.556600792246338,18,2,100,0.128923194576792,-0.0838759804360953,38,3.03311622010069,0,-10.431142489,256,0.2,0.2,20,"both",0.128923194576792,-0.0838759804360953
"3725","session2",-18.1725457665585,20.4010718077656,2.11108188697277,0.000760876469820875,0.241394866278844,0.416871598915644,0.556600792246338,18,2,100,0.128923194576792,-0.0838759804360953,38,1.87801349913294,0,-10.0360813389,256,0.2,0.2,20,"both",0.128923194576792,-0.0838759804360953
"3726","session2",-18.1725457665585,20.4010718077656,2.11108188697277,0.000760876469820875,0.241394866278844,0.416871598915644,0.556600792246338,18,2,100,0.128923194576792,-0.0838759804360953,38,2.51690930079903,1,-5.7088251322,256,0.2,0.2,20,"both",0.128923194576792,-0.0838759804360953
"3727","session2",-18.1725457665585,20.4010718077656,2.11108188697277,0.000760876469820875,0.241394866278844,0.416871598915644,0.556600792246338,18,2,100,0.128923194576792,-0.0838759804360953,38,2.26186131898005,1,-13.11596,256,0.2,0.2,20,"both",0.128923194576792,-0.0838759804360953
"3728","session2",-18.1725457665585,20.4010718077656,2.11108188697277,0.000760876469820875,0.241394866278844,0.416871598915644,0.556600792246338,18,2,100,0.128923194576792,-0.0838759804360953,38,2.16402095375803,0,-33.568,256,0.2,0.2,20,"both",0.128923194576792,-0.0838759804360953
"3729","session2",-18.1725457665585,20.4010718077656,2.11108188697277,0.000760876469820875,0.241394866278844,0.416871598915644,0.556600792246338,18,2,100,0.128923194576792,-0.0838759804360953,38,2.78738654999118,0,-40.5743,256,0.2,0.2,20,"both",0.128923194576792,-0.0838759804360953
"3730","session2",-18.1725457665585,20.4010718077656,2.11108188697277,0.000760876469820875,0.241394866278844,0.416871598915644,0.556600792246338,18,2,100,0.128923194576792,-0.0838759804360953,38,1.61063838448286,0,-2.3253,256,0.2,0.2,20,"both",0.128923194576792,-0.0838759804360953
"3731","session2",-18.1725457665585,20.4010718077656,2.11108188697277,0.000760876469820875,0.241394866278844,0.416871598915644,0.556600792246338,18,2,100,0.128923194576792,-0.0838759804360953,38,2.32043274415327,0,-29.2485,256,0.2,0.2,20,"both",0.128923194576792,-0.0838759804360953
"3732","session2",-18.1725457665585,20.4010718077656,2.11108188697277,0.000760876469820875,0.241394866278844,0.416871598915644,0.556600792246338,18,2,100,0.128923194576792,-0.0838759804360953,38,1.51863869227596,1,45.54373,256,0.2,0.2,20,"both",0.128923194576792,-0.0838759804360953
"3733","session2",-18.1725457665585,20.4010718077656,2.11108188697277,0.000760876469820875,0.241394866278844,0.416871598915644,0.556600792246338,18,2,100,0.128923194576792,-0.0838759804360953,38,1.96463091909681,0,-4.365,256,0.2,0.2,20,"both",0.128923194576792,-0.0838759804360953
"3734","session2",-18.1725457665585,20.4010718077656,2.11108188697277,0.000760876469820875,0.241394866278844,0.416871598915644,0.556600792246338,18,2,100,0.128923194576792,-0.0838759804360953,38,2.92032373803158,1,16.16491,256,0.2,0.2,20,"both",0.128923194576792,-0.0838759804360953
"3735","session2",-18.1725457665585,20.4010718077656,2.11108188697277,0.000760876469820875,0.241394866278844,0.416871598915644,0.556600792246338,18,2,100,0.128923194576792,-0.0838759804360953,38,2.13689159957707,1,-12.67927,256,0.2,0.2,20,"both",0.128923194576792,-0.0838759804360953
"3736","session2",-18.1725457665585,20.4010718077656,2.11108188697277,0.000760876469820875,0.241394866278844,0.416871598915644,0.556600792246338,18,2,100,0.128923194576792,-0.0838759804360953,38,2.62921458640618,1,-10.5923967298,256,0.2,0.2,20,"both",0.128923194576792,-0.0838759804360953
"3737","session2",-18.1725457665585,20.4010718077656,2.11108188697277,0.000760876469820875,0.241394866278844,0.416871598915644,0.556600792246338,18,2,100,0.128923194576792,-0.0838759804360953,38,3.32579713283956,1,0.945700000000002,256,0.2,0.2,20,"both",0.128923194576792,-0.0838759804360953
"3738","session2",-18.1725457665585,20.4010718077656,2.11108188697277,0.000760876469820875,0.241394866278844,0.416871598915644,0.556600792246338,18,2,100,0.128923194576792,-0.0838759804360953,38,1.53733970994846,1,11.76257,256,0.2,0.2,20,"both",0.128923194576792,-0.0838759804360953
"3739","session2",-18.1725457665585,20.4010718077656,2.11108188697277,0.000760876469820875,0.241394866278844,0.416871598915644,0.556600792246338,18,2,100,0.128923194576792,-0.0838759804360953,38,3.85612268131664,1,-28.3878,256,0.2,0.2,20,"both",0.128923194576792,-0.0838759804360953
"3740","session2",-18.1725457665585,20.4010718077656,2.11108188697277,0.000760876469820875,0.241394866278844,0.416871598915644,0.556600792246338,18,2,100,0.128923194576792,-0.0838759804360953,38,1.47954730646775,0,-37.7251,256,0.2,0.2,20,"both",0.128923194576792,-0.0838759804360953
"3741","session2",-18.1725457665585,20.4010718077656,2.11108188697277,0.000760876469820875,0.241394866278844,0.416871598915644,0.556600792246338,18,2,100,0.128923194576792,-0.0838759804360953,38,1.9843286298247,1,1.5246,256,0.2,0.2,20,"both",0.128923194576792,-0.0838759804360953
"3742","session2",-18.1725457665585,20.4010718077656,2.11108188697277,0.000760876469820875,0.241394866278844,0.416871598915644,0.556600792246338,18,2,100,0.128923194576792,-0.0838759804360953,38,2.30735800796403,1,-0.8375,256,0.2,0.2,20,"both",0.128923194576792,-0.0838759804360953
"3743","session2",-18.1725457665585,20.4010718077656,2.11108188697277,0.000760876469820875,0.241394866278844,0.416871598915644,0.556600792246338,18,2,100,0.128923194576792,-0.0838759804360953,38,1.82120425649914,0,-36.6275,256,0.2,0.2,20,"both",0.128923194576792,-0.0838759804360953
"3744","session2",-18.1725457665585,20.4010718077656,2.11108188697277,0.000760876469820875,0.241394866278844,0.416871598915644,0.556600792246338,18,2,100,0.128923194576792,-0.0838759804360953,38,1.89430146335603,1,-32.08885,256,0.2,0.2,20,"both",0.128923194576792,-0.0838759804360953
"3745","session2",-18.1725457665585,20.4010718077656,2.11108188697277,0.000760876469820875,0.241394866278844,0.416871598915644,0.556600792246338,18,2,100,0.128923194576792,-0.0838759804360953,38,2.5786467867388,1,-2.4687,256,0.2,0.2,20,"both",0.128923194576792,-0.0838759804360953
"3746","session2",-18.1725457665585,20.4010718077656,2.11108188697277,0.000760876469820875,0.241394866278844,0.416871598915644,0.556600792246338,18,2,100,0.128923194576792,-0.0838759804360953,38,2.02631356774681,1,26.2951,256,0.2,0.2,20,"both",0.128923194576792,-0.0838759804360953
"3747","session2",-18.1725457665585,20.4010718077656,2.11108188697277,0.000760876469820875,0.241394866278844,0.416871598915644,0.556600792246338,18,2,100,0.128923194576792,-0.0838759804360953,38,2.0238861640735,0,-43.4825,256,0.2,0.2,20,"both",0.128923194576792,-0.0838759804360953
"3748","session2",-18.1725457665585,20.4010718077656,2.11108188697277,0.000760876469820875,0.241394866278844,0.416871598915644,0.556600792246338,18,2,100,0.128923194576792,-0.0838759804360953,38,2.6419089037791,1,-44.1268,256,0.2,0.2,20,"both",0.128923194576792,-0.0838759804360953
"3749","session2",-18.1725457665585,20.4010718077656,2.11108188697277,0.000760876469820875,0.241394866278844,0.416871598915644,0.556600792246338,18,2,100,0.128923194576792,-0.0838759804360953,38,1.81411547249138,0,-9.058,256,0.2,0.2,20,"both",0.128923194576792,-0.0838759804360953
"3750","session2",-18.1725457665585,20.4010718077656,2.11108188697277,0.000760876469820875,0.241394866278844,0.416871598915644,0.556600792246338,18,2,100,0.128923194576792,-0.0838759804360953,38,2.05031635157887,1,16.7398,256,0.2,0.2,20,"both",0.128923194576792,-0.0838759804360953
"3751","session2",-18.1725457665585,20.4010718077656,2.11108188697277,0.000760876469820875,0.241394866278844,0.416871598915644,0.556600792246338,18,2,100,0.128923194576792,-0.0838759804360953,38,3.05430378748139,0,-39.6984,256,0.2,0.2,20,"both",0.128923194576792,-0.0838759804360953
"3752","session2",-18.1725457665585,20.4010718077656,2.11108188697277,0.000760876469820875,0.241394866278844,0.416871598915644,0.556600792246338,18,2,100,0.128923194576792,-0.0838759804360953,38,2.6101140338176,1,17.027,256,0.2,0.2,20,"both",0.128923194576792,-0.0838759804360953
"3753","session2",-18.1725457665585,20.4010718077656,2.11108188697277,0.000760876469820875,0.241394866278844,0.416871598915644,0.556600792246338,18,2,100,0.128923194576792,-0.0838759804360953,38,1.93666362448645,0,-42.7015,256,0.2,0.2,20,"both",0.128923194576792,-0.0838759804360953
"3754","session2",-18.1725457665585,20.4010718077656,2.11108188697277,0.000760876469820875,0.241394866278844,0.416871598915644,0.556600792246338,18,2,100,0.128923194576792,-0.0838759804360953,38,2.38563179129688,0,-27.2792,256,0.2,0.2,20,"both",0.128923194576792,-0.0838759804360953
"3755","session2",-18.1725457665585,20.4010718077656,2.11108188697277,0.000760876469820875,0.241394866278844,0.416871598915644,0.556600792246338,18,2,100,0.128923194576792,-0.0838759804360953,38,1.80346765423669,0,-14.607116393,256,0.2,0.2,20,"both",0.128923194576792,-0.0838759804360953
"3756","session2",-18.1725457665585,20.4010718077656,2.11108188697277,0.000760876469820875,0.241394866278844,0.416871598915644,0.556600792246338,18,2,100,0.128923194576792,-0.0838759804360953,38,2.55921089139838,0,-33.9779,256,0.2,0.2,20,"both",0.128923194576792,-0.0838759804360953
"3757","session2",-18.1725457665585,20.4010718077656,2.11108188697277,0.000760876469820875,0.241394866278844,0.416871598915644,0.556600792246338,18,2,100,0.128923194576792,-0.0838759804360953,38,1.74711620060233,1,2.6332,256,0.2,0.2,20,"both",0.128923194576792,-0.0838759804360953
"3758","session2",-18.1725457665585,20.4010718077656,2.11108188697277,0.000760876469820875,0.241394866278844,0.416871598915644,0.556600792246338,18,2,100,0.128923194576792,-0.0838759804360953,38,2.6489540924849,0,-36.17013,256,0.2,0.2,20,"both",0.128923194576792,-0.0838759804360953
"3759","session2",-18.1725457665585,20.4010718077656,2.11108188697277,0.000760876469820875,0.241394866278844,0.416871598915644,0.556600792246338,18,2,100,0.128923194576792,-0.0838759804360953,38,4.14181124255092,1,-5.7497,256,0.2,0.2,20,"both",0.128923194576792,-0.0838759804360953
"3760","session2",-18.1725457665585,20.4010718077656,2.11108188697277,0.000760876469820875,0.241394866278844,0.416871598915644,0.556600792246338,18,2,100,0.128923194576792,-0.0838759804360953,38,2.23745212700143,0,4.7452,256,0.2,0.2,20,"both",0.128923194576792,-0.0838759804360953
"3761","session2",-18.1725457665585,20.4010718077656,2.11108188697277,0.000760876469820875,0.241394866278844,0.416871598915644,0.556600792246338,18,2,100,0.128923194576792,-0.0838759804360953,38,3.29141600684298,1,-12.9833295,256,0.2,0.2,20,"both",0.128923194576792,-0.0838759804360953
"3762","session2",-18.1725457665585,20.4010718077656,2.11108188697277,0.000760876469820875,0.241394866278844,0.416871598915644,0.556600792246338,18,2,100,0.128923194576792,-0.0838759804360953,38,2.94473290391224,0,-43.3125,256,0.2,0.2,20,"both",0.128923194576792,-0.0838759804360953
"3763","session2",-18.1725457665585,20.4010718077656,2.11108188697277,0.000760876469820875,0.241394866278844,0.416871598915644,0.556600792246338,18,2,100,0.128923194576792,-0.0838759804360953,38,1.58563035229204,0,-26.52131,256,0.2,0.2,20,"both",0.128923194576792,-0.0838759804360953
"3764","session2",-18.1725457665585,20.4010718077656,2.11108188697277,0.000760876469820875,0.241394866278844,0.416871598915644,0.556600792246338,18,2,100,0.128923194576792,-0.0838759804360953,38,2.5717425154131,0,2.1454,256,0.2,0.2,20,"both",0.128923194576792,-0.0838759804360953
"3765","session2",-18.1725457665585,20.4010718077656,2.11108188697277,0.000760876469820875,0.241394866278844,0.416871598915644,0.556600792246338,18,2,100,0.128923194576792,-0.0838759804360953,38,1.50563623897786,1,14.95302,256,0.2,0.2,20,"both",0.128923194576792,-0.0838759804360953
"3766","session2",-18.1725457665585,20.4010718077656,2.11108188697277,0.000760876469820875,0.241394866278844,0.416871598915644,0.556600792246338,18,2,100,0.128923194576792,-0.0838759804360953,38,1.86253860722103,1,9.0887,256,0.2,0.2,20,"both",0.128923194576792,-0.0838759804360953
"3767","session2",-18.1725457665585,20.4010718077656,2.11108188697277,0.000760876469820875,0.241394866278844,0.416871598915644,0.556600792246338,18,2,100,0.128923194576792,-0.0838759804360953,38,3.38909332358774,1,-25.2013,256,0.2,0.2,20,"both",0.128923194576792,-0.0838759804360953
"3768","session2",-18.1725457665585,20.4010718077656,2.11108188697277,0.000760876469820875,0.241394866278844,0.416871598915644,0.556600792246338,18,2,100,0.128923194576792,-0.0838759804360953,38,1.45834492322295,1,14.0904,256,0.2,0.2,20,"both",0.128923194576792,-0.0838759804360953
"3769","session2",-18.1725457665585,20.4010718077656,2.11108188697277,0.000760876469820875,0.241394866278844,0.416871598915644,0.556600792246338,18,2,100,0.128923194576792,-0.0838759804360953,38,1.69421064867924,1,14.75775,256,0.2,0.2,20,"both",0.128923194576792,-0.0838759804360953
"3770","session2",-18.1725457665585,20.4010718077656,2.11108188697277,0.000760876469820875,0.241394866278844,0.416871598915644,0.556600792246338,18,2,100,0.128923194576792,-0.0838759804360953,38,2.30399916317673,1,12.3482,256,0.2,0.2,20,"both",0.128923194576792,-0.0838759804360953
"3771","session2",-18.1725457665585,20.4010718077656,2.11108188697277,0.000760876469820875,0.241394866278844,0.416871598915644,0.556600792246338,18,2,100,0.128923194576792,-0.0838759804360953,38,3.11113847547965,1,2.6541,256,0.2,0.2,20,"both",0.128923194576792,-0.0838759804360953
"3772","session2",-18.1725457665585,20.4010718077656,2.11108188697277,0.000760876469820875,0.241394866278844,0.416871598915644,0.556600792246338,18,2,100,0.128923194576792,-0.0838759804360953,38,1.62761177314594,1,26.39385,256,0.2,0.2,20,"both",0.128923194576792,-0.0838759804360953
"3773","session2",-18.1725457665585,20.4010718077656,2.11108188697277,0.000760876469820875,0.241394866278844,0.416871598915644,0.556600792246338,18,2,100,0.128923194576792,-0.0838759804360953,38,2.91255380412194,1,-6.90208,256,0.2,0.2,20,"both",0.128923194576792,-0.0838759804360953
"3774","session2",-18.1725457665585,20.4010718077656,2.11108188697277,0.000760876469820875,0.241394866278844,0.416871598915644,0.556600792246338,18,2,100,0.128923194576792,-0.0838759804360953,38,1.80446822316489,0,12.1249,256,0.2,0.2,20,"both",0.128923194576792,-0.0838759804360953
"3775","session2",-18.1725457665585,20.4010718077656,2.11108188697277,0.000760876469820875,0.241394866278844,0.416871598915644,0.556600792246338,18,2,100,0.128923194576792,-0.0838759804360953,38,1.91062836182823,0,-47.0634,256,0.2,0.2,20,"both",0.128923194576792,-0.0838759804360953
"3776","session2",-18.1725457665585,20.4010718077656,2.11108188697277,0.000760876469820875,0.241394866278844,0.416871598915644,0.556600792246338,18,2,100,0.128923194576792,-0.0838759804360953,38,4.7849351192722,1,2.49,256,0.2,0.2,20,"both",0.128923194576792,-0.0838759804360953
"3777","session2",-18.1725457665585,20.4010718077656,2.11108188697277,0.000760876469820875,0.241394866278844,0.416871598915644,0.556600792246338,18,2,100,0.128923194576792,-0.0838759804360953,38,2.5176184656968,1,-33.99565,256,0.2,0.2,20,"both",0.128923194576792,-0.0838759804360953
"3778","session2",-18.1725457665585,20.4010718077656,2.11108188697277,0.000760876469820875,0.241394866278844,0.416871598915644,0.556600792246338,18,2,100,0.128923194576792,-0.0838759804360953,38,1.96766152770185,1,2.3107,256,0.2,0.2,20,"both",0.128923194576792,-0.0838759804360953
"3779","session2",-18.1725457665585,20.4010718077656,2.11108188697277,0.000760876469820875,0.241394866278844,0.416871598915644,0.556600792246338,18,2,100,0.128923194576792,-0.0838759804360953,38,1.99184996511944,1,-36.6894,256,0.2,0.2,20,"both",0.128923194576792,-0.0838759804360953
"3780","session2",-18.1725457665585,20.4010718077656,2.11108188697277,0.000760876469820875,0.241394866278844,0.416871598915644,0.556600792246338,18,2,100,0.128923194576792,-0.0838759804360953,38,2.05709756909663,1,-16.98258604,256,0.2,0.2,20,"both",0.128923194576792,-0.0838759804360953
"3781","session2",-18.1725457665585,20.4010718077656,2.11108188697277,0.000760876469820875,0.241394866278844,0.416871598915644,0.556600792246338,18,2,100,0.128923194576792,-0.0838759804360953,38,2.41289718601109,1,7.9602,256,0.2,0.2,20,"both",0.128923194576792,-0.0838759804360953
"3782","session2",-18.1725457665585,20.4010718077656,2.11108188697277,0.000760876469820875,0.241394866278844,0.416871598915644,0.556600792246338,18,2,100,0.128923194576792,-0.0838759804360953,38,3.17914833090372,1,0.791699999999999,256,0.2,0.2,20,"both",0.128923194576792,-0.0838759804360953
"3783","session2",-18.1725457665585,20.4010718077656,2.11108188697277,0.000760876469820875,0.241394866278844,0.416871598915644,0.556600792246338,18,2,100,0.128923194576792,-0.0838759804360953,38,2.63094813478774,1,5.0921,256,0.2,0.2,20,"both",0.128923194576792,-0.0838759804360953
"3784","session2",-18.1725457665585,20.4010718077656,2.11108188697277,0.000760876469820875,0.241394866278844,0.416871598915644,0.556600792246338,18,2,100,0.128923194576792,-0.0838759804360953,38,3.05271848785841,1,-2.5573,256,0.2,0.2,20,"both",0.128923194576792,-0.0838759804360953
"3785","session2",-18.1725457665585,20.4010718077656,2.11108188697277,0.000760876469820875,0.241394866278844,0.416871598915644,0.556600792246338,18,2,100,0.128923194576792,-0.0838759804360953,38,2.32699327091441,1,-6.7013,256,0.2,0.2,20,"both",0.128923194576792,-0.0838759804360953
"3786","session2",-18.1725457665585,20.4010718077656,2.11108188697277,0.000760876469820875,0.241394866278844,0.416871598915644,0.556600792246338,18,2,100,0.128923194576792,-0.0838759804360953,38,1.74337452279326,1,2.8292,256,0.2,0.2,20,"both",0.128923194576792,-0.0838759804360953
"3787","session2",-18.1725457665585,20.4010718077656,2.11108188697277,0.000760876469820875,0.241394866278844,0.416871598915644,0.556600792246338,18,2,100,0.128923194576792,-0.0838759804360953,38,3.22734476575922,0,-22.0837,256,0.2,0.2,20,"both",0.128923194576792,-0.0838759804360953
"3788","session2",-18.1725457665585,20.4010718077656,2.11108188697277,0.000760876469820875,0.241394866278844,0.416871598915644,0.556600792246338,18,2,100,0.128923194576792,-0.0838759804360953,38,1.89800562989629,1,0.595700000000001,256,0.2,0.2,20,"both",0.128923194576792,-0.0838759804360953
"3789","session2",-18.1725457665585,20.4010718077656,2.11108188697277,0.000760876469820875,0.241394866278844,0.416871598915644,0.556600792246338,18,2,100,0.128923194576792,-0.0838759804360953,38,1.97292070757305,0,-1.2576,256,0.2,0.2,20,"both",0.128923194576792,-0.0838759804360953
"3790","session2",-18.1725457665585,20.4010718077656,2.11108188697277,0.000760876469820875,0.241394866278844,0.416871598915644,0.556600792246338,18,2,100,0.128923194576792,-0.0838759804360953,38,1.65862857908355,1,10.5937,256,0.2,0.2,20,"both",0.128923194576792,-0.0838759804360953
"3791","session2",-18.1725457665585,20.4010718077656,2.11108188697277,0.000760876469820875,0.241394866278844,0.416871598915644,0.556600792246338,18,2,100,0.128923194576792,-0.0838759804360953,38,2.22481911203847,1,36.92608,256,0.2,0.2,20,"both",0.128923194576792,-0.0838759804360953
"3792","session2",-18.1725457665585,20.4010718077656,2.11108188697277,0.000760876469820875,0.241394866278844,0.416871598915644,0.556600792246338,18,2,100,0.128923194576792,-0.0838759804360953,38,1.76526642160279,0,-42.789,256,0.2,0.2,20,"both",0.128923194576792,-0.0838759804360953
"3793","session2",-18.1725457665585,20.4010718077656,2.11108188697277,0.000760876469820875,0.241394866278844,0.416871598915644,0.556600792246338,18,2,100,0.128923194576792,-0.0838759804360953,38,3.42547773306834,1,-4.3849,256,0.2,0.2,20,"both",0.128923194576792,-0.0838759804360953
"3794","session2",-18.1725457665585,20.4010718077656,2.11108188697277,0.000760876469820875,0.241394866278844,0.416871598915644,0.556600792246338,18,2,100,0.128923194576792,-0.0838759804360953,38,2.61842721127035,0,-36.3067,256,0.2,0.2,20,"both",0.128923194576792,-0.0838759804360953
"3795","session2",-18.1725457665585,20.4010718077656,2.11108188697277,0.000760876469820875,0.241394866278844,0.416871598915644,0.556600792246338,18,2,100,0.128923194576792,-0.0838759804360953,38,3.08108210447597,0,-33.3006,256,0.2,0.2,20,"both",0.128923194576792,-0.0838759804360953
"3796","session2",-18.1725457665585,20.4010718077656,2.11108188697277,0.000760876469820875,0.241394866278844,0.416871598915644,0.556600792246338,18,2,100,0.128923194576792,-0.0838759804360953,38,1.51149711471725,1,2.1566,256,0.2,0.2,20,"both",0.128923194576792,-0.0838759804360953
"3797","session2",-18.1725457665585,20.4010718077656,2.11108188697277,0.000760876469820875,0.241394866278844,0.416871598915644,0.556600792246338,18,2,100,0.128923194576792,-0.0838759804360953,38,3.77396085476004,0,-43.4151,256,0.2,0.2,20,"both",0.128923194576792,-0.0838759804360953
"3798","session2",-18.1725457665585,20.4010718077656,2.11108188697277,0.000760876469820875,0.241394866278844,0.416871598915644,0.556600792246338,18,2,100,0.128923194576792,-0.0838759804360953,38,2.58025317252806,0,-26.77506,256,0.2,0.2,20,"both",0.128923194576792,-0.0838759804360953
"3799","session2",-18.1725457665585,20.4010718077656,2.11108188697277,0.000760876469820875,0.241394866278844,0.416871598915644,0.556600792246338,18,2,100,0.128923194576792,-0.0838759804360953,38,5.6249334643803,1,-10.8547,256,0.2,0.2,20,"both",0.128923194576792,-0.0838759804360953
"3800","session2",-18.1725457665585,20.4010718077656,2.11108188697277,0.000760876469820875,0.241394866278844,0.416871598915644,0.556600792246338,18,2,100,0.128923194576792,-0.0838759804360953,38,3.31205082157958,0,-31.284,256,0.2,0.2,20,"both",0.128923194576792,-0.0838759804360953
"3801","session2",-8.36297406641759,13.1441583696334,2.78547499972229,0.000690323825859424,0.750566151474574,0.425697760444155,0.87207579481157,19,2,100,0.128923194576792,-0.0838759804360953,39,6.21954150636434,1,-8.55258238949,256,0.2,0.2,20,"both",0.128923194576792,-0.0838759804360953
"3802","session2",-8.36297406641759,13.1441583696334,2.78547499972229,0.000690323825859424,0.750566151474574,0.425697760444155,0.87207579481157,19,2,100,0.128923194576792,-0.0838759804360953,39,4.34771527497762,0,-11.115924028,256,0.2,0.2,20,"both",0.128923194576792,-0.0838759804360953
"3803","session2",-8.36297406641759,13.1441583696334,2.78547499972229,0.000690323825859424,0.750566151474574,0.425697760444155,0.87207579481157,19,2,100,0.128923194576792,-0.0838759804360953,39,8,0,-3.34725482567,256,0.2,0.2,20,"both",0.128923194576792,-0.0838759804360953
"3804","session2",-8.36297406641759,13.1441583696334,2.78547499972229,0.000690323825859424,0.750566151474574,0.425697760444155,0.87207579481157,19,2,100,0.128923194576792,-0.0838759804360953,39,6.29992588637592,1,2.5712071429,256,0.2,0.2,20,"both",0.128923194576792,-0.0838759804360953
"3805","session2",-8.36297406641759,13.1441583696334,2.78547499972229,0.000690323825859424,0.750566151474574,0.425697760444155,0.87207579481157,19,2,100,0.128923194576792,-0.0838759804360953,39,3.74811121622877,0,6.1541,256,0.2,0.2,20,"both",0.128923194576792,-0.0838759804360953
"3806","session2",-8.36297406641759,13.1441583696334,2.78547499972229,0.000690323825859424,0.750566151474574,0.425697760444155,0.87207579481157,19,2,100,0.128923194576792,-0.0838759804360953,39,4.88525695889157,0,-35.09944,256,0.2,0.2,20,"both",0.128923194576792,-0.0838759804360953
"3807","session2",-8.36297406641759,13.1441583696334,2.78547499972229,0.000690323825859424,0.750566151474574,0.425697760444155,0.87207579481157,19,2,100,0.128923194576792,-0.0838759804360953,39,4.30960870678269,1,3.019,256,0.2,0.2,20,"both",0.128923194576792,-0.0838759804360953
"3808","session2",-8.36297406641759,13.1441583696334,2.78547499972229,0.000690323825859424,0.750566151474574,0.425697760444155,0.87207579481157,19,2,100,0.128923194576792,-0.0838759804360953,39,3.85709362929144,0,1.25735866861,256,0.2,0.2,20,"both",0.128923194576792,-0.0838759804360953
"3809","session2",-8.36297406641759,13.1441583696334,2.78547499972229,0.000690323825859424,0.750566151474574,0.425697760444155,0.87207579481157,19,2,100,0.128923194576792,-0.0838759804360953,39,3.25933162377149,0,-39.748345,256,0.2,0.2,20,"both",0.128923194576792,-0.0838759804360953
"3810","session2",-8.36297406641759,13.1441583696334,2.78547499972229,0.000690323825859424,0.750566151474574,0.425697760444155,0.87207579481157,19,2,100,0.128923194576792,-0.0838759804360953,39,5.42542340720279,1,3.1813784757,256,0.2,0.2,20,"both",0.128923194576792,-0.0838759804360953
"3811","session2",-8.36297406641759,13.1441583696334,2.78547499972229,0.000690323825859424,0.750566151474574,0.425697760444155,0.87207579481157,19,2,100,0.128923194576792,-0.0838759804360953,39,4.94478962865253,1,5.1027974822,256,0.2,0.2,20,"both",0.128923194576792,-0.0838759804360953
"3812","session2",-8.36297406641759,13.1441583696334,2.78547499972229,0.000690323825859424,0.750566151474574,0.425697760444155,0.87207579481157,19,2,100,0.128923194576792,-0.0838759804360953,39,8,1,-12.62917,256,0.2,0.2,20,"both",0.128923194576792,-0.0838759804360953
"3813","session2",-8.36297406641759,13.1441583696334,2.78547499972229,0.000690323825859424,0.750566151474574,0.425697760444155,0.87207579481157,19,2,100,0.128923194576792,-0.0838759804360953,39,3.38634380589414,1,0.165850000000001,256,0.2,0.2,20,"both",0.128923194576792,-0.0838759804360953
"3814","session2",-8.36297406641759,13.1441583696334,2.78547499972229,0.000690323825859424,0.750566151474574,0.425697760444155,0.87207579481157,19,2,100,0.128923194576792,-0.0838759804360953,39,5.77154470524097,1,-6.1922182296,256,0.2,0.2,20,"both",0.128923194576792,-0.0838759804360953
"3815","session2",-8.36297406641759,13.1441583696334,2.78547499972229,0.000690323825859424,0.750566151474574,0.425697760444155,0.87207579481157,19,2,100,0.128923194576792,-0.0838759804360953,39,4.46570277682742,0,-15.82567,256,0.2,0.2,20,"both",0.128923194576792,-0.0838759804360953
"3816","session2",-8.36297406641759,13.1441583696334,2.78547499972229,0.000690323825859424,0.750566151474574,0.425697760444155,0.87207579481157,19,2,100,0.128923194576792,-0.0838759804360953,39,1.77202898236775,1,4.07171,256,0.2,0.2,20,"both",0.128923194576792,-0.0838759804360953
"3817","session2",-8.36297406641759,13.1441583696334,2.78547499972229,0.000690323825859424,0.750566151474574,0.425697760444155,0.87207579481157,19,2,100,0.128923194576792,-0.0838759804360953,39,2.32986005276488,0,-19.02651,256,0.2,0.2,20,"both",0.128923194576792,-0.0838759804360953
"3818","session2",-8.36297406641759,13.1441583696334,2.78547499972229,0.000690323825859424,0.750566151474574,0.425697760444155,0.87207579481157,19,2,100,0.128923194576792,-0.0838759804360953,39,6.95680466248096,0,-7.6655585186,256,0.2,0.2,20,"both",0.128923194576792,-0.0838759804360953
"3819","session2",-8.36297406641759,13.1441583696334,2.78547499972229,0.000690323825859424,0.750566151474574,0.425697760444155,0.87207579481157,19,2,100,0.128923194576792,-0.0838759804360953,39,3.32056976853777,1,2.293,256,0.2,0.2,20,"both",0.128923194576792,-0.0838759804360953
"3820","session2",-8.36297406641759,13.1441583696334,2.78547499972229,0.000690323825859424,0.750566151474574,0.425697760444155,0.87207579481157,19,2,100,0.128923194576792,-0.0838759804360953,39,2.80770826526449,1,38.87417,256,0.2,0.2,20,"both",0.128923194576792,-0.0838759804360953
"3821","session2",-8.36297406641759,13.1441583696334,2.78547499972229,0.000690323825859424,0.750566151474574,0.425697760444155,0.87207579481157,19,2,100,0.128923194576792,-0.0838759804360953,39,4.50177096166181,1,9.82414,256,0.2,0.2,20,"both",0.128923194576792,-0.0838759804360953
"3822","session2",-8.36297406641759,13.1441583696334,2.78547499972229,0.000690323825859424,0.750566151474574,0.425697760444155,0.87207579481157,19,2,100,0.128923194576792,-0.0838759804360953,39,3.47130944707343,0,13.6806,256,0.2,0.2,20,"both",0.128923194576792,-0.0838759804360953
"3823","session2",-8.36297406641759,13.1441583696334,2.78547499972229,0.000690323825859424,0.750566151474574,0.425697760444155,0.87207579481157,19,2,100,0.128923194576792,-0.0838759804360953,39,4.75861792406873,0,-7.1888727713,256,0.2,0.2,20,"both",0.128923194576792,-0.0838759804360953
"3824","session2",-8.36297406641759,13.1441583696334,2.78547499972229,0.000690323825859424,0.750566151474574,0.425697760444155,0.87207579481157,19,2,100,0.128923194576792,-0.0838759804360953,39,4.38099976100231,1,13.05188,256,0.2,0.2,20,"both",0.128923194576792,-0.0838759804360953
"3825","session2",-8.36297406641759,13.1441583696334,2.78547499972229,0.000690323825859424,0.750566151474574,0.425697760444155,0.87207579481157,19,2,100,0.128923194576792,-0.0838759804360953,39,2.73292308302688,0,-42.98017,256,0.2,0.2,20,"both",0.128923194576792,-0.0838759804360953
"3826","session2",-8.36297406641759,13.1441583696334,2.78547499972229,0.000690323825859424,0.750566151474574,0.425697760444155,0.87207579481157,19,2,100,0.128923194576792,-0.0838759804360953,39,3.07241664970643,0,-30.73537,256,0.2,0.2,20,"both",0.128923194576792,-0.0838759804360953
"3827","session2",-8.36297406641759,13.1441583696334,2.78547499972229,0.000690323825859424,0.750566151474574,0.425697760444155,0.87207579481157,19,2,100,0.128923194576792,-0.0838759804360953,39,3.97486302138116,1,0.0966100000000001,256,0.2,0.2,20,"both",0.128923194576792,-0.0838759804360953
"3828","session2",-8.36297406641759,13.1441583696334,2.78547499972229,0.000690323825859424,0.750566151474574,0.425697760444155,0.87207579481157,19,2,100,0.128923194576792,-0.0838759804360953,39,8,0,-9.01972,256,0.2,0.2,20,"both",0.128923194576792,-0.0838759804360953
"3829","session2",-8.36297406641759,13.1441583696334,2.78547499972229,0.000690323825859424,0.750566151474574,0.425697760444155,0.87207579481157,19,2,100,0.128923194576792,-0.0838759804360953,39,3.67755022760679,0,-1.25392,256,0.2,0.2,20,"both",0.128923194576792,-0.0838759804360953
"3830","session2",-8.36297406641759,13.1441583696334,2.78547499972229,0.000690323825859424,0.750566151474574,0.425697760444155,0.87207579481157,19,2,100,0.128923194576792,-0.0838759804360953,39,6.43118679261307,0,-15.73646,256,0.2,0.2,20,"both",0.128923194576792,-0.0838759804360953
"3831","session2",-8.36297406641759,13.1441583696334,2.78547499972229,0.000690323825859424,0.750566151474574,0.425697760444155,0.87207579481157,19,2,100,0.128923194576792,-0.0838759804360953,39,4.63855396429,0,-33.265,256,0.2,0.2,20,"both",0.128923194576792,-0.0838759804360953
"3832","session2",-8.36297406641759,13.1441583696334,2.78547499972229,0.000690323825859424,0.750566151474574,0.425697760444155,0.87207579481157,19,2,100,0.128923194576792,-0.0838759804360953,39,5.8609542203519,1,-2.98724196787,256,0.2,0.2,20,"both",0.128923194576792,-0.0838759804360953
"3833","session2",-8.36297406641759,13.1441583696334,2.78547499972229,0.000690323825859424,0.750566151474574,0.425697760444155,0.87207579481157,19,2,100,0.128923194576792,-0.0838759804360953,39,3.59204970379346,1,0.369090000000001,256,0.2,0.2,20,"both",0.128923194576792,-0.0838759804360953
"3834","session2",-8.36297406641759,13.1441583696334,2.78547499972229,0.000690323825859424,0.750566151474574,0.425697760444155,0.87207579481157,19,2,100,0.128923194576792,-0.0838759804360953,39,2.2143638459953,1,6.728,256,0.2,0.2,20,"both",0.128923194576792,-0.0838759804360953
"3835","session2",-8.36297406641759,13.1441583696334,2.78547499972229,0.000690323825859424,0.750566151474574,0.425697760444155,0.87207579481157,19,2,100,0.128923194576792,-0.0838759804360953,39,3.17579791255821,1,6.44,256,0.2,0.2,20,"both",0.128923194576792,-0.0838759804360953
"3836","session2",-8.36297406641759,13.1441583696334,2.78547499972229,0.000690323825859424,0.750566151474574,0.425697760444155,0.87207579481157,19,2,100,0.128923194576792,-0.0838759804360953,39,5.91753667077736,0,-29.75663,256,0.2,0.2,20,"both",0.128923194576792,-0.0838759804360953
"3837","session2",-8.36297406641759,13.1441583696334,2.78547499972229,0.000690323825859424,0.750566151474574,0.425697760444155,0.87207579481157,19,2,100,0.128923194576792,-0.0838759804360953,39,2.79142579801968,1,4.16481,256,0.2,0.2,20,"both",0.128923194576792,-0.0838759804360953
"3838","session2",-8.36297406641759,13.1441583696334,2.78547499972229,0.000690323825859424,0.750566151474574,0.425697760444155,0.87207579481157,19,2,100,0.128923194576792,-0.0838759804360953,39,2.73536162485149,1,-6.94617,256,0.2,0.2,20,"both",0.128923194576792,-0.0838759804360953
"3839","session2",-8.36297406641759,13.1441583696334,2.78547499972229,0.000690323825859424,0.750566151474574,0.425697760444155,0.87207579481157,19,2,100,0.128923194576792,-0.0838759804360953,39,5.35711813152913,0,-23.58277,256,0.2,0.2,20,"both",0.128923194576792,-0.0838759804360953
"3840","session2",-8.36297406641759,13.1441583696334,2.78547499972229,0.000690323825859424,0.750566151474574,0.425697760444155,0.87207579481157,19,2,100,0.128923194576792,-0.0838759804360953,39,2.66838256095694,0,-14.9362,256,0.2,0.2,20,"both",0.128923194576792,-0.0838759804360953
"3841","session2",-8.36297406641759,13.1441583696334,2.78547499972229,0.000690323825859424,0.750566151474574,0.425697760444155,0.87207579481157,19,2,100,0.128923194576792,-0.0838759804360953,39,8,1,2.29517,256,0.2,0.2,20,"both",0.128923194576792,-0.0838759804360953
"3842","session2",-8.36297406641759,13.1441583696334,2.78547499972229,0.000690323825859424,0.750566151474574,0.425697760444155,0.87207579481157,19,2,100,0.128923194576792,-0.0838759804360953,39,4.48744876865367,1,-20.34147,256,0.2,0.2,20,"both",0.128923194576792,-0.0838759804360953
"3843","session2",-8.36297406641759,13.1441583696334,2.78547499972229,0.000690323825859424,0.750566151474574,0.425697760444155,0.87207579481157,19,2,100,0.128923194576792,-0.0838759804360953,39,5.31704600072674,0,-4.71739,256,0.2,0.2,20,"both",0.128923194576792,-0.0838759804360953
"3844","session2",-8.36297406641759,13.1441583696334,2.78547499972229,0.000690323825859424,0.750566151474574,0.425697760444155,0.87207579481157,19,2,100,0.128923194576792,-0.0838759804360953,39,5.63181958888154,0,2.85919,256,0.2,0.2,20,"both",0.128923194576792,-0.0838759804360953
"3845","session2",-8.36297406641759,13.1441583696334,2.78547499972229,0.000690323825859424,0.750566151474574,0.425697760444155,0.87207579481157,19,2,100,0.128923194576792,-0.0838759804360953,39,6.4891064486623,1,0.85218,256,0.2,0.2,20,"both",0.128923194576792,-0.0838759804360953
"3846","session2",-8.36297406641759,13.1441583696334,2.78547499972229,0.000690323825859424,0.750566151474574,0.425697760444155,0.87207579481157,19,2,100,0.128923194576792,-0.0838759804360953,39,6.12555555259758,0,-17.34923,256,0.2,0.2,20,"both",0.128923194576792,-0.0838759804360953
"3847","session2",-8.36297406641759,13.1441583696334,2.78547499972229,0.000690323825859424,0.750566151474574,0.425697760444155,0.87207579481157,19,2,100,0.128923194576792,-0.0838759804360953,39,5.07441695859095,1,10.27992,256,0.2,0.2,20,"both",0.128923194576792,-0.0838759804360953
"3848","session2",-8.36297406641759,13.1441583696334,2.78547499972229,0.000690323825859424,0.750566151474574,0.425697760444155,0.87207579481157,19,2,100,0.128923194576792,-0.0838759804360953,39,3.49983840486917,0,-16.93028,256,0.2,0.2,20,"both",0.128923194576792,-0.0838759804360953
"3849","session2",-8.36297406641759,13.1441583696334,2.78547499972229,0.000690323825859424,0.750566151474574,0.425697760444155,0.87207579481157,19,2,100,0.128923194576792,-0.0838759804360953,39,4.99790875946024,1,-10.62272,256,0.2,0.2,20,"both",0.128923194576792,-0.0838759804360953
"3850","session2",-8.36297406641759,13.1441583696334,2.78547499972229,0.000690323825859424,0.750566151474574,0.425697760444155,0.87207579481157,19,2,100,0.128923194576792,-0.0838759804360953,39,4.59386403973882,1,1.80027,256,0.2,0.2,20,"both",0.128923194576792,-0.0838759804360953
"3851","session2",-8.36297406641759,13.1441583696334,2.78547499972229,0.000690323825859424,0.750566151474574,0.425697760444155,0.87207579481157,19,2,100,0.128923194576792,-0.0838759804360953,39,4.21498529611738,1,0.51022,256,0.2,0.2,20,"both",0.128923194576792,-0.0838759804360953
"3852","session2",-8.36297406641759,13.1441583696334,2.78547499972229,0.000690323825859424,0.750566151474574,0.425697760444155,0.87207579481157,19,2,100,0.128923194576792,-0.0838759804360953,39,5.92411252148655,0,-9.17504,256,0.2,0.2,20,"both",0.128923194576792,-0.0838759804360953
"3853","session2",-8.36297406641759,13.1441583696334,2.78547499972229,0.000690323825859424,0.750566151474574,0.425697760444155,0.87207579481157,19,2,100,0.128923194576792,-0.0838759804360953,39,2.9765219979388,1,5.15193,256,0.2,0.2,20,"both",0.128923194576792,-0.0838759804360953
"3854","session2",-8.36297406641759,13.1441583696334,2.78547499972229,0.000690323825859424,0.750566151474574,0.425697760444155,0.87207579481157,19,2,100,0.128923194576792,-0.0838759804360953,39,2.77123637790185,0,2.67738,256,0.2,0.2,20,"both",0.128923194576792,-0.0838759804360953
"3855","session2",-8.36297406641759,13.1441583696334,2.78547499972229,0.000690323825859424,0.750566151474574,0.425697760444155,0.87207579481157,19,2,100,0.128923194576792,-0.0838759804360953,39,4.05074314257155,0,-13.15286,256,0.2,0.2,20,"both",0.128923194576792,-0.0838759804360953
"3856","session2",-8.36297406641759,13.1441583696334,2.78547499972229,0.000690323825859424,0.750566151474574,0.425697760444155,0.87207579481157,19,2,100,0.128923194576792,-0.0838759804360953,39,4.15315435750588,1,16.1134,256,0.2,0.2,20,"both",0.128923194576792,-0.0838759804360953
"3857","session2",-8.36297406641759,13.1441583696334,2.78547499972229,0.000690323825859424,0.750566151474574,0.425697760444155,0.87207579481157,19,2,100,0.128923194576792,-0.0838759804360953,39,4.08250719388755,1,-15.46986,256,0.2,0.2,20,"both",0.128923194576792,-0.0838759804360953
"3858","session2",-8.36297406641759,13.1441583696334,2.78547499972229,0.000690323825859424,0.750566151474574,0.425697760444155,0.87207579481157,19,2,100,0.128923194576792,-0.0838759804360953,39,5.74918568704216,1,4.42634,256,0.2,0.2,20,"both",0.128923194576792,-0.0838759804360953
"3859","session2",-8.36297406641759,13.1441583696334,2.78547499972229,0.000690323825859424,0.750566151474574,0.425697760444155,0.87207579481157,19,2,100,0.128923194576792,-0.0838759804360953,39,6.86258198154286,0,-15.76196,256,0.2,0.2,20,"both",0.128923194576792,-0.0838759804360953
"3860","session2",-8.36297406641759,13.1441583696334,2.78547499972229,0.000690323825859424,0.750566151474574,0.425697760444155,0.87207579481157,19,2,100,0.128923194576792,-0.0838759804360953,39,3.36591360885174,1,-2.94743,256,0.2,0.2,20,"both",0.128923194576792,-0.0838759804360953
"3861","session2",-8.36297406641759,13.1441583696334,2.78547499972229,0.000690323825859424,0.750566151474574,0.425697760444155,0.87207579481157,19,2,100,0.128923194576792,-0.0838759804360953,39,2.83362809684047,0,-25.59126,256,0.2,0.2,20,"both",0.128923194576792,-0.0838759804360953
"3862","session2",-8.36297406641759,13.1441583696334,2.78547499972229,0.000690323825859424,0.750566151474574,0.425697760444155,0.87207579481157,19,2,100,0.128923194576792,-0.0838759804360953,39,2.74190743467957,1,1.64464,256,0.2,0.2,20,"both",0.128923194576792,-0.0838759804360953
"3863","session2",-8.36297406641759,13.1441583696334,2.78547499972229,0.000690323825859424,0.750566151474574,0.425697760444155,0.87207579481157,19,2,100,0.128923194576792,-0.0838759804360953,39,3.25614038277424,1,5.04706,256,0.2,0.2,20,"both",0.128923194576792,-0.0838759804360953
"3864","session2",-8.36297406641759,13.1441583696334,2.78547499972229,0.000690323825859424,0.750566151474574,0.425697760444155,0.87207579481157,19,2,100,0.128923194576792,-0.0838759804360953,39,6.36767113074809,1,-2.1189,256,0.2,0.2,20,"both",0.128923194576792,-0.0838759804360953
"3865","session2",-8.36297406641759,13.1441583696334,2.78547499972229,0.000690323825859424,0.750566151474574,0.425697760444155,0.87207579481157,19,2,100,0.128923194576792,-0.0838759804360953,39,5.07440220950975,1,-6.89719,256,0.2,0.2,20,"both",0.128923194576792,-0.0838759804360953
"3866","session2",-8.36297406641759,13.1441583696334,2.78547499972229,0.000690323825859424,0.750566151474574,0.425697760444155,0.87207579481157,19,2,100,0.128923194576792,-0.0838759804360953,39,2.70353135814143,1,-14.99401,256,0.2,0.2,20,"both",0.128923194576792,-0.0838759804360953
"3867","session2",-8.36297406641759,13.1441583696334,2.78547499972229,0.000690323825859424,0.750566151474574,0.425697760444155,0.87207579481157,19,2,100,0.128923194576792,-0.0838759804360953,39,3.76363251771907,0,-0.0272899999999998,256,0.2,0.2,20,"both",0.128923194576792,-0.0838759804360953
"3868","session2",-8.36297406641759,13.1441583696334,2.78547499972229,0.000690323825859424,0.750566151474574,0.425697760444155,0.87207579481157,19,2,100,0.128923194576792,-0.0838759804360953,39,8,1,-14.32316,256,0.2,0.2,20,"both",0.128923194576792,-0.0838759804360953
"3869","session2",-8.36297406641759,13.1441583696334,2.78547499972229,0.000690323825859424,0.750566151474574,0.425697760444155,0.87207579481157,19,2,100,0.128923194576792,-0.0838759804360953,39,4.1712874056244,1,3.78914,256,0.2,0.2,20,"both",0.128923194576792,-0.0838759804360953
"3870","session2",-8.36297406641759,13.1441583696334,2.78547499972229,0.000690323825859424,0.750566151474574,0.425697760444155,0.87207579481157,19,2,100,0.128923194576792,-0.0838759804360953,39,3.38463229779966,1,12.85027,256,0.2,0.2,20,"both",0.128923194576792,-0.0838759804360953
"3871","session2",-8.36297406641759,13.1441583696334,2.78547499972229,0.000690323825859424,0.750566151474574,0.425697760444155,0.87207579481157,19,2,100,0.128923194576792,-0.0838759804360953,39,2.0668901376845,1,12.8927,256,0.2,0.2,20,"both",0.128923194576792,-0.0838759804360953
"3872","session2",-8.36297406641759,13.1441583696334,2.78547499972229,0.000690323825859424,0.750566151474574,0.425697760444155,0.87207579481157,19,2,100,0.128923194576792,-0.0838759804360953,39,3.49713116006125,0,-31.3893,256,0.2,0.2,20,"both",0.128923194576792,-0.0838759804360953
"3873","session2",-8.36297406641759,13.1441583696334,2.78547499972229,0.000690323825859424,0.750566151474574,0.425697760444155,0.87207579481157,19,2,100,0.128923194576792,-0.0838759804360953,39,3.6609346071666,0,-13.83662,256,0.2,0.2,20,"both",0.128923194576792,-0.0838759804360953
"3874","session2",-8.36297406641759,13.1441583696334,2.78547499972229,0.000690323825859424,0.750566151474574,0.425697760444155,0.87207579481157,19,2,100,0.128923194576792,-0.0838759804360953,39,3.18797535666124,1,-15.90838,256,0.2,0.2,20,"both",0.128923194576792,-0.0838759804360953
"3875","session2",-8.36297406641759,13.1441583696334,2.78547499972229,0.000690323825859424,0.750566151474574,0.425697760444155,0.87207579481157,19,2,100,0.128923194576792,-0.0838759804360953,39,2.37403020257012,1,1.9614,256,0.2,0.2,20,"both",0.128923194576792,-0.0838759804360953
"3876","session2",-8.36297406641759,13.1441583696334,2.78547499972229,0.000690323825859424,0.750566151474574,0.425697760444155,0.87207579481157,19,2,100,0.128923194576792,-0.0838759804360953,39,2.88648142553001,0,-21.10868,256,0.2,0.2,20,"both",0.128923194576792,-0.0838759804360953
"3877","session2",-8.36297406641759,13.1441583696334,2.78547499972229,0.000690323825859424,0.750566151474574,0.425697760444155,0.87207579481157,19,2,100,0.128923194576792,-0.0838759804360953,39,2.98203748013416,0,-27.3406,256,0.2,0.2,20,"both",0.128923194576792,-0.0838759804360953
"3878","session2",-8.36297406641759,13.1441583696334,2.78547499972229,0.000690323825859424,0.750566151474574,0.425697760444155,0.87207579481157,19,2,100,0.128923194576792,-0.0838759804360953,39,7.03348456934624,1,-23.19308,256,0.2,0.2,20,"both",0.128923194576792,-0.0838759804360953
"3879","session2",-8.36297406641759,13.1441583696334,2.78547499972229,0.000690323825859424,0.750566151474574,0.425697760444155,0.87207579481157,19,2,100,0.128923194576792,-0.0838759804360953,39,2.02309309279359,1,12.7323,256,0.2,0.2,20,"both",0.128923194576792,-0.0838759804360953
"3880","session2",-8.36297406641759,13.1441583696334,2.78547499972229,0.000690323825859424,0.750566151474574,0.425697760444155,0.87207579481157,19,2,100,0.128923194576792,-0.0838759804360953,39,2.36887661920676,1,8.5093,256,0.2,0.2,20,"both",0.128923194576792,-0.0838759804360953
"3881","session2",-8.36297406641759,13.1441583696334,2.78547499972229,0.000690323825859424,0.750566151474574,0.425697760444155,0.87207579481157,19,2,100,0.128923194576792,-0.0838759804360953,39,2.62243500630676,0,-29.1262,256,0.2,0.2,20,"both",0.128923194576792,-0.0838759804360953
"3882","session2",-8.36297406641759,13.1441583696334,2.78547499972229,0.000690323825859424,0.750566151474574,0.425697760444155,0.87207579481157,19,2,100,0.128923194576792,-0.0838759804360953,39,3.67924602565,0,-26.172,256,0.2,0.2,20,"both",0.128923194576792,-0.0838759804360953
"3883","session2",-8.36297406641759,13.1441583696334,2.78547499972229,0.000690323825859424,0.750566151474574,0.425697760444155,0.87207579481157,19,2,100,0.128923194576792,-0.0838759804360953,39,3.71850166336766,0,-26.7896,256,0.2,0.2,20,"both",0.128923194576792,-0.0838759804360953
"3884","session2",-8.36297406641759,13.1441583696334,2.78547499972229,0.000690323825859424,0.750566151474574,0.425697760444155,0.87207579481157,19,2,100,0.128923194576792,-0.0838759804360953,39,4.35246396108772,1,-0.798499999999999,256,0.2,0.2,20,"both",0.128923194576792,-0.0838759804360953
"3885","session2",-8.36297406641759,13.1441583696334,2.78547499972229,0.000690323825859424,0.750566151474574,0.425697760444155,0.87207579481157,19,2,100,0.128923194576792,-0.0838759804360953,39,3.80956250706124,0,-25.889,256,0.2,0.2,20,"both",0.128923194576792,-0.0838759804360953
"3886","session2",-8.36297406641759,13.1441583696334,2.78547499972229,0.000690323825859424,0.750566151474574,0.425697760444155,0.87207579481157,19,2,100,0.128923194576792,-0.0838759804360953,39,3.55184334273755,0,0.82366,256,0.2,0.2,20,"both",0.128923194576792,-0.0838759804360953
"3887","session2",-8.36297406641759,13.1441583696334,2.78547499972229,0.000690323825859424,0.750566151474574,0.425697760444155,0.87207579481157,19,2,100,0.128923194576792,-0.0838759804360953,39,6.46086562929348,1,10.20086,256,0.2,0.2,20,"both",0.128923194576792,-0.0838759804360953
"3888","session2",-8.36297406641759,13.1441583696334,2.78547499972229,0.000690323825859424,0.750566151474574,0.425697760444155,0.87207579481157,19,2,100,0.128923194576792,-0.0838759804360953,39,3.8047971521042,1,3.02674,256,0.2,0.2,20,"both",0.128923194576792,-0.0838759804360953
"3889","session2",-8.36297406641759,13.1441583696334,2.78547499972229,0.000690323825859424,0.750566151474574,0.425697760444155,0.87207579481157,19,2,100,0.128923194576792,-0.0838759804360953,39,5.25305141333275,0,-20.97727,256,0.2,0.2,20,"both",0.128923194576792,-0.0838759804360953
"3890","session2",-8.36297406641759,13.1441583696334,2.78547499972229,0.000690323825859424,0.750566151474574,0.425697760444155,0.87207579481157,19,2,100,0.128923194576792,-0.0838759804360953,39,5.5126493856754,1,9.4602,256,0.2,0.2,20,"both",0.128923194576792,-0.0838759804360953
"3891","session2",-8.36297406641759,13.1441583696334,2.78547499972229,0.000690323825859424,0.750566151474574,0.425697760444155,0.87207579481157,19,2,100,0.128923194576792,-0.0838759804360953,39,7.15128260704773,1,-21.80485,256,0.2,0.2,20,"both",0.128923194576792,-0.0838759804360953
"3892","session2",-8.36297406641759,13.1441583696334,2.78547499972229,0.000690323825859424,0.750566151474574,0.425697760444155,0.87207579481157,19,2,100,0.128923194576792,-0.0838759804360953,39,5.68957323011457,0,-27.44635,256,0.2,0.2,20,"both",0.128923194576792,-0.0838759804360953
"3893","session2",-8.36297406641759,13.1441583696334,2.78547499972229,0.000690323825859424,0.750566151474574,0.425697760444155,0.87207579481157,19,2,100,0.128923194576792,-0.0838759804360953,39,4.42700455282926,1,-6.90232,256,0.2,0.2,20,"both",0.128923194576792,-0.0838759804360953
"3894","session2",-8.36297406641759,13.1441583696334,2.78547499972229,0.000690323825859424,0.750566151474574,0.425697760444155,0.87207579481157,19,2,100,0.128923194576792,-0.0838759804360953,39,4.94167372027287,0,-16.26205,256,0.2,0.2,20,"both",0.128923194576792,-0.0838759804360953
"3895","session2",-8.36297406641759,13.1441583696334,2.78547499972229,0.000690323825859424,0.750566151474574,0.425697760444155,0.87207579481157,19,2,100,0.128923194576792,-0.0838759804360953,39,4.96451069793534,1,1.69741,256,0.2,0.2,20,"both",0.128923194576792,-0.0838759804360953
"3896","session2",-8.36297406641759,13.1441583696334,2.78547499972229,0.000690323825859424,0.750566151474574,0.425697760444155,0.87207579481157,19,2,100,0.128923194576792,-0.0838759804360953,39,2.27710986215171,0,-29.52817,256,0.2,0.2,20,"both",0.128923194576792,-0.0838759804360953
"3897","session2",-8.36297406641759,13.1441583696334,2.78547499972229,0.000690323825859424,0.750566151474574,0.425697760444155,0.87207579481157,19,2,100,0.128923194576792,-0.0838759804360953,39,8,1,7.80032,256,0.2,0.2,20,"both",0.128923194576792,-0.0838759804360953
"3898","session2",-8.36297406641759,13.1441583696334,2.78547499972229,0.000690323825859424,0.750566151474574,0.425697760444155,0.87207579481157,19,2,100,0.128923194576792,-0.0838759804360953,39,5.43486756440402,1,3.89028,256,0.2,0.2,20,"both",0.128923194576792,-0.0838759804360953
"3899","session2",-8.36297406641759,13.1441583696334,2.78547499972229,0.000690323825859424,0.750566151474574,0.425697760444155,0.87207579481157,19,2,100,0.128923194576792,-0.0838759804360953,39,4.21706192708331,0,-20.81675,256,0.2,0.2,20,"both",0.128923194576792,-0.0838759804360953
"3900","session2",-8.36297406641759,13.1441583696334,2.78547499972229,0.000690323825859424,0.750566151474574,0.425697760444155,0.87207579481157,19,2,100,0.128923194576792,-0.0838759804360953,39,2.02578434074144,0,-28.2102,256,0.2,0.2,20,"both",0.128923194576792,-0.0838759804360953
"3901","session2",-15.6248273212302,14.2009798464342,1.6798456557961,4.63464391871279e-05,0.471174113754528,0.407565940990651,0.623402139370113,20,2,100,0.128923194576792,-0.0838759804360953,40,3.52791803297239,1,-8.26091703233,256,0.2,0.2,20,"both",0.128923194576792,-0.0838759804360953
"3902","session2",-15.6248273212302,14.2009798464342,1.6798456557961,4.63464391871279e-05,0.471174113754528,0.407565940990651,0.623402139370113,20,2,100,0.128923194576792,-0.0838759804360953,40,1.47998944491197,1,-11.3776725519,256,0.2,0.2,20,"both",0.128923194576792,-0.0838759804360953
"3903","session2",-15.6248273212302,14.2009798464342,1.6798456557961,4.63464391871279e-05,0.471174113754528,0.407565940990651,0.623402139370113,20,2,100,0.128923194576792,-0.0838759804360953,40,3.29298658231101,1,-18.4848534048,256,0.2,0.2,20,"both",0.128923194576792,-0.0838759804360953
"3904","session2",-15.6248273212302,14.2009798464342,1.6798456557961,4.63464391871279e-05,0.471174113754528,0.407565940990651,0.623402139370113,20,2,100,0.128923194576792,-0.0838759804360953,40,2.37772699725382,0,-25.893026072,256,0.2,0.2,20,"both",0.128923194576792,-0.0838759804360953
"3905","session2",-15.6248273212302,14.2009798464342,1.6798456557961,4.63464391871279e-05,0.471174113754528,0.407565940990651,0.623402139370113,20,2,100,0.128923194576792,-0.0838759804360953,40,2.17831399455315,1,41.55976,256,0.2,0.2,20,"both",0.128923194576792,-0.0838759804360953
"3906","session2",-15.6248273212302,14.2009798464342,1.6798456557961,4.63464391871279e-05,0.471174113754528,0.407565940990651,0.623402139370113,20,2,100,0.128923194576792,-0.0838759804360953,40,1.5368169497551,1,10.2774,256,0.2,0.2,20,"both",0.128923194576792,-0.0838759804360953
"3907","session2",-15.6248273212302,14.2009798464342,1.6798456557961,4.63464391871279e-05,0.471174113754528,0.407565940990651,0.623402139370113,20,2,100,0.128923194576792,-0.0838759804360953,40,3.51399402555868,0,-29.8079,256,0.2,0.2,20,"both",0.128923194576792,-0.0838759804360953
"3908","session2",-15.6248273212302,14.2009798464342,1.6798456557961,4.63464391871279e-05,0.471174113754528,0.407565940990651,0.623402139370113,20,2,100,0.128923194576792,-0.0838759804360953,40,2.50201958948066,1,-18.6104,256,0.2,0.2,20,"both",0.128923194576792,-0.0838759804360953
"3909","session2",-15.6248273212302,14.2009798464342,1.6798456557961,4.63464391871279e-05,0.471174113754528,0.407565940990651,0.623402139370113,20,2,100,0.128923194576792,-0.0838759804360953,40,4.98878999156348,0,-8.8012,256,0.2,0.2,20,"both",0.128923194576792,-0.0838759804360953
"3910","session2",-15.6248273212302,14.2009798464342,1.6798456557961,4.63464391871279e-05,0.471174113754528,0.407565940990651,0.623402139370113,20,2,100,0.128923194576792,-0.0838759804360953,40,1.49470483930763,1,-17.637448727,256,0.2,0.2,20,"both",0.128923194576792,-0.0838759804360953
"3911","session2",-15.6248273212302,14.2009798464342,1.6798456557961,4.63464391871279e-05,0.471174113754528,0.407565940990651,0.623402139370113,20,2,100,0.128923194576792,-0.0838759804360953,40,4.45889871184738,0,-13.10571,256,0.2,0.2,20,"both",0.128923194576792,-0.0838759804360953
"3912","session2",-15.6248273212302,14.2009798464342,1.6798456557961,4.63464391871279e-05,0.471174113754528,0.407565940990651,0.623402139370113,20,2,100,0.128923194576792,-0.0838759804360953,40,2.11073429833691,1,-12.1342050331,256,0.2,0.2,20,"both",0.128923194576792,-0.0838759804360953
"3913","session2",-15.6248273212302,14.2009798464342,1.6798456557961,4.63464391871279e-05,0.471174113754528,0.407565940990651,0.623402139370113,20,2,100,0.128923194576792,-0.0838759804360953,40,3.17143745841963,0,-18.748683982,256,0.2,0.2,20,"both",0.128923194576792,-0.0838759804360953
"3914","session2",-15.6248273212302,14.2009798464342,1.6798456557961,4.63464391871279e-05,0.471174113754528,0.407565940990651,0.623402139370113,20,2,100,0.128923194576792,-0.0838759804360953,40,3.6852410742935,1,-15.375904324,256,0.2,0.2,20,"both",0.128923194576792,-0.0838759804360953
"3915","session2",-15.6248273212302,14.2009798464342,1.6798456557961,4.63464391871279e-05,0.471174113754528,0.407565940990651,0.623402139370113,20,2,100,0.128923194576792,-0.0838759804360953,40,2.71286043275796,0,-18.57827,256,0.2,0.2,20,"both",0.128923194576792,-0.0838759804360953
"3916","session2",-15.6248273212302,14.2009798464342,1.6798456557961,4.63464391871279e-05,0.471174113754528,0.407565940990651,0.623402139370113,20,2,100,0.128923194576792,-0.0838759804360953,40,1.84713808198907,0,-24.97696,256,0.2,0.2,20,"both",0.128923194576792,-0.0838759804360953
"3917","session2",-15.6248273212302,14.2009798464342,1.6798456557961,4.63464391871279e-05,0.471174113754528,0.407565940990651,0.623402139370113,20,2,100,0.128923194576792,-0.0838759804360953,40,4.4064041546039,0,-19.10374,256,0.2,0.2,20,"both",0.128923194576792,-0.0838759804360953
"3918","session2",-15.6248273212302,14.2009798464342,1.6798456557961,4.63464391871279e-05,0.471174113754528,0.407565940990651,0.623402139370113,20,2,100,0.128923194576792,-0.0838759804360953,40,3.18791965915145,1,15.5382,256,0.2,0.2,20,"both",0.128923194576792,-0.0838759804360953
"3919","session2",-15.6248273212302,14.2009798464342,1.6798456557961,4.63464391871279e-05,0.471174113754528,0.407565940990651,0.623402139370113,20,2,100,0.128923194576792,-0.0838759804360953,40,3.659879111049,1,16.7245,256,0.2,0.2,20,"both",0.128923194576792,-0.0838759804360953
"3920","session2",-15.6248273212302,14.2009798464342,1.6798456557961,4.63464391871279e-05,0.471174113754528,0.407565940990651,0.623402139370113,20,2,100,0.128923194576792,-0.0838759804360953,40,7.11763655071822,0,-12.01639,256,0.2,0.2,20,"both",0.128923194576792,-0.0838759804360953
"3921","session2",-15.6248273212302,14.2009798464342,1.6798456557961,4.63464391871279e-05,0.471174113754528,0.407565940990651,0.623402139370113,20,2,100,0.128923194576792,-0.0838759804360953,40,3.14559740718749,1,2.6713,256,0.2,0.2,20,"both",0.128923194576792,-0.0838759804360953
"3922","session2",-15.6248273212302,14.2009798464342,1.6798456557961,4.63464391871279e-05,0.471174113754528,0.407565940990651,0.623402139370113,20,2,100,0.128923194576792,-0.0838759804360953,40,3.57481061178743,0,-18.41025,256,0.2,0.2,20,"both",0.128923194576792,-0.0838759804360953
"3923","session2",-15.6248273212302,14.2009798464342,1.6798456557961,4.63464391871279e-05,0.471174113754528,0.407565940990651,0.623402139370113,20,2,100,0.128923194576792,-0.0838759804360953,40,2.54264928537116,1,1.4818,256,0.2,0.2,20,"both",0.128923194576792,-0.0838759804360953
"3924","session2",-15.6248273212302,14.2009798464342,1.6798456557961,4.63464391871279e-05,0.471174113754528,0.407565940990651,0.623402139370113,20,2,100,0.128923194576792,-0.0838759804360953,40,3.05363025953871,1,-14.62349,256,0.2,0.2,20,"both",0.128923194576792,-0.0838759804360953
"3925","session2",-15.6248273212302,14.2009798464342,1.6798456557961,4.63464391871279e-05,0.471174113754528,0.407565940990651,0.623402139370113,20,2,100,0.128923194576792,-0.0838759804360953,40,4.36061553832568,0,-43.3412,256,0.2,0.2,20,"both",0.128923194576792,-0.0838759804360953
"3926","session2",-15.6248273212302,14.2009798464342,1.6798456557961,4.63464391871279e-05,0.471174113754528,0.407565940990651,0.623402139370113,20,2,100,0.128923194576792,-0.0838759804360953,40,2.07032099044706,1,-3.7181,256,0.2,0.2,20,"both",0.128923194576792,-0.0838759804360953
"3927","session2",-15.6248273212302,14.2009798464342,1.6798456557961,4.63464391871279e-05,0.471174113754528,0.407565940990651,0.623402139370113,20,2,100,0.128923194576792,-0.0838759804360953,40,3.64194064134147,1,-9.4547,256,0.2,0.2,20,"both",0.128923194576792,-0.0838759804360953
"3928","session2",-15.6248273212302,14.2009798464342,1.6798456557961,4.63464391871279e-05,0.471174113754528,0.407565940990651,0.623402139370113,20,2,100,0.128923194576792,-0.0838759804360953,40,2.27908569215772,0,-21.88884,256,0.2,0.2,20,"both",0.128923194576792,-0.0838759804360953
"3929","session2",-15.6248273212302,14.2009798464342,1.6798456557961,4.63464391871279e-05,0.471174113754528,0.407565940990651,0.623402139370113,20,2,100,0.128923194576792,-0.0838759804360953,40,3.32603751045563,1,-11.1422,256,0.2,0.2,20,"both",0.128923194576792,-0.0838759804360953
"3930","session2",-15.6248273212302,14.2009798464342,1.6798456557961,4.63464391871279e-05,0.471174113754528,0.407565940990651,0.623402139370113,20,2,100,0.128923194576792,-0.0838759804360953,40,2.31867163747764,0,-17.07317,256,0.2,0.2,20,"both",0.128923194576792,-0.0838759804360953
"3931","session2",-15.6248273212302,14.2009798464342,1.6798456557961,4.63464391871279e-05,0.471174113754528,0.407565940990651,0.623402139370113,20,2,100,0.128923194576792,-0.0838759804360953,40,2.81178086492352,1,-6.04244,256,0.2,0.2,20,"both",0.128923194576792,-0.0838759804360953
"3932","session2",-15.6248273212302,14.2009798464342,1.6798456557961,4.63464391871279e-05,0.471174113754528,0.407565940990651,0.623402139370113,20,2,100,0.128923194576792,-0.0838759804360953,40,6.36088302216588,0,-23.15948,256,0.2,0.2,20,"both",0.128923194576792,-0.0838759804360953
"3933","session2",-15.6248273212302,14.2009798464342,1.6798456557961,4.63464391871279e-05,0.471174113754528,0.407565940990651,0.623402139370113,20,2,100,0.128923194576792,-0.0838759804360953,40,4.18729018901188,1,-24.86529,256,0.2,0.2,20,"both",0.128923194576792,-0.0838759804360953
"3934","session2",-15.6248273212302,14.2009798464342,1.6798456557961,4.63464391871279e-05,0.471174113754528,0.407565940990651,0.623402139370113,20,2,100,0.128923194576792,-0.0838759804360953,40,4.12090209913165,1,0.967000000000002,256,0.2,0.2,20,"both",0.128923194576792,-0.0838759804360953
"3935","session2",-15.6248273212302,14.2009798464342,1.6798456557961,4.63464391871279e-05,0.471174113754528,0.407565940990651,0.623402139370113,20,2,100,0.128923194576792,-0.0838759804360953,40,3.45443630069352,0,-29.2608,256,0.2,0.2,20,"both",0.128923194576792,-0.0838759804360953
"3936","session2",-15.6248273212302,14.2009798464342,1.6798456557961,4.63464391871279e-05,0.471174113754528,0.407565940990651,0.623402139370113,20,2,100,0.128923194576792,-0.0838759804360953,40,2.81329940601655,0,-26.28341,256,0.2,0.2,20,"both",0.128923194576792,-0.0838759804360953
"3937","session2",-15.6248273212302,14.2009798464342,1.6798456557961,4.63464391871279e-05,0.471174113754528,0.407565940990651,0.623402139370113,20,2,100,0.128923194576792,-0.0838759804360953,40,7.5804982232877,1,-16.29414,256,0.2,0.2,20,"both",0.128923194576792,-0.0838759804360953
"3938","session2",-15.6248273212302,14.2009798464342,1.6798456557961,4.63464391871279e-05,0.471174113754528,0.407565940990651,0.623402139370113,20,2,100,0.128923194576792,-0.0838759804360953,40,3.04661991752745,1,-15.75707,256,0.2,0.2,20,"both",0.128923194576792,-0.0838759804360953
"3939","session2",-15.6248273212302,14.2009798464342,1.6798456557961,4.63464391871279e-05,0.471174113754528,0.407565940990651,0.623402139370113,20,2,100,0.128923194576792,-0.0838759804360953,40,2.643233102723,0,-30.633,256,0.2,0.2,20,"both",0.128923194576792,-0.0838759804360953
"3940","session2",-15.6248273212302,14.2009798464342,1.6798456557961,4.63464391871279e-05,0.471174113754528,0.407565940990651,0.623402139370113,20,2,100,0.128923194576792,-0.0838759804360953,40,2.45447677808437,1,-4.95557,256,0.2,0.2,20,"both",0.128923194576792,-0.0838759804360953
"3941","session2",-15.6248273212302,14.2009798464342,1.6798456557961,4.63464391871279e-05,0.471174113754528,0.407565940990651,0.623402139370113,20,2,100,0.128923194576792,-0.0838759804360953,40,3.5828353875463,1,-9.55388,256,0.2,0.2,20,"both",0.128923194576792,-0.0838759804360953
"3942","session2",-15.6248273212302,14.2009798464342,1.6798456557961,4.63464391871279e-05,0.471174113754528,0.407565940990651,0.623402139370113,20,2,100,0.128923194576792,-0.0838759804360953,40,1.8047762599412,1,-22.38939,256,0.2,0.2,20,"both",0.128923194576792,-0.0838759804360953
"3943","session2",-15.6248273212302,14.2009798464342,1.6798456557961,4.63464391871279e-05,0.471174113754528,0.407565940990651,0.623402139370113,20,2,100,0.128923194576792,-0.0838759804360953,40,2.02328905478501,0,-5.5377,256,0.2,0.2,20,"both",0.128923194576792,-0.0838759804360953
"3944","session2",-15.6248273212302,14.2009798464342,1.6798456557961,4.63464391871279e-05,0.471174113754528,0.407565940990651,0.623402139370113,20,2,100,0.128923194576792,-0.0838759804360953,40,3.28138242568882,1,4.5426,256,0.2,0.2,20,"both",0.128923194576792,-0.0838759804360953
"3945","session2",-15.6248273212302,14.2009798464342,1.6798456557961,4.63464391871279e-05,0.471174113754528,0.407565940990651,0.623402139370113,20,2,100,0.128923194576792,-0.0838759804360953,40,1.63562487786772,0,-21.94465,256,0.2,0.2,20,"both",0.128923194576792,-0.0838759804360953
"3946","session2",-15.6248273212302,14.2009798464342,1.6798456557961,4.63464391871279e-05,0.471174113754528,0.407565940990651,0.623402139370113,20,2,100,0.128923194576792,-0.0838759804360953,40,2.14732721264381,0,-22.97448,256,0.2,0.2,20,"both",0.128923194576792,-0.0838759804360953
"3947","session2",-15.6248273212302,14.2009798464342,1.6798456557961,4.63464391871279e-05,0.471174113754528,0.407565940990651,0.623402139370113,20,2,100,0.128923194576792,-0.0838759804360953,40,2.60607537799574,0,-27.3122,256,0.2,0.2,20,"both",0.128923194576792,-0.0838759804360953
"3948","session2",-15.6248273212302,14.2009798464342,1.6798456557961,4.63464391871279e-05,0.471174113754528,0.407565940990651,0.623402139370113,20,2,100,0.128923194576792,-0.0838759804360953,40,8,0,-13.69573,256,0.2,0.2,20,"both",0.128923194576792,-0.0838759804360953
"3949","session2",-15.6248273212302,14.2009798464342,1.6798456557961,4.63464391871279e-05,0.471174113754528,0.407565940990651,0.623402139370113,20,2,100,0.128923194576792,-0.0838759804360953,40,3.48641236486859,1,-18.75461,256,0.2,0.2,20,"both",0.128923194576792,-0.0838759804360953
"3950","session2",-15.6248273212302,14.2009798464342,1.6798456557961,4.63464391871279e-05,0.471174113754528,0.407565940990651,0.623402139370113,20,2,100,0.128923194576792,-0.0838759804360953,40,3.01813749542055,1,-16.4826658,256,0.2,0.2,20,"both",0.128923194576792,-0.0838759804360953
"3951","session2",-15.6248273212302,14.2009798464342,1.6798456557961,4.63464391871279e-05,0.471174113754528,0.407565940990651,0.623402139370113,20,2,100,0.128923194576792,-0.0838759804360953,40,3.12011734585668,1,-7.83981,256,0.2,0.2,20,"both",0.128923194576792,-0.0838759804360953
"3952","session2",-15.6248273212302,14.2009798464342,1.6798456557961,4.63464391871279e-05,0.471174113754528,0.407565940990651,0.623402139370113,20,2,100,0.128923194576792,-0.0838759804360953,40,2.93877787877143,1,-6.8282,256,0.2,0.2,20,"both",0.128923194576792,-0.0838759804360953
"3953","session2",-15.6248273212302,14.2009798464342,1.6798456557961,4.63464391871279e-05,0.471174113754528,0.407565940990651,0.623402139370113,20,2,100,0.128923194576792,-0.0838759804360953,40,2.88500563260307,1,-23.97627,256,0.2,0.2,20,"both",0.128923194576792,-0.0838759804360953
"3954","session2",-15.6248273212302,14.2009798464342,1.6798456557961,4.63464391871279e-05,0.471174113754528,0.407565940990651,0.623402139370113,20,2,100,0.128923194576792,-0.0838759804360953,40,3.56410686589093,0,-27.3911,256,0.2,0.2,20,"both",0.128923194576792,-0.0838759804360953
"3955","session2",-15.6248273212302,14.2009798464342,1.6798456557961,4.63464391871279e-05,0.471174113754528,0.407565940990651,0.623402139370113,20,2,100,0.128923194576792,-0.0838759804360953,40,3.03736691045276,0,-27.04951,256,0.2,0.2,20,"both",0.128923194576792,-0.0838759804360953
"3956","session2",-15.6248273212302,14.2009798464342,1.6798456557961,4.63464391871279e-05,0.471174113754528,0.407565940990651,0.623402139370113,20,2,100,0.128923194576792,-0.0838759804360953,40,2.47394814608793,1,-7.11656,256,0.2,0.2,20,"both",0.128923194576792,-0.0838759804360953
"3957","session2",-15.6248273212302,14.2009798464342,1.6798456557961,4.63464391871279e-05,0.471174113754528,0.407565940990651,0.623402139370113,20,2,100,0.128923194576792,-0.0838759804360953,40,2.29348255198874,0,-26.08549,256,0.2,0.2,20,"both",0.128923194576792,-0.0838759804360953
"3958","session2",-15.6248273212302,14.2009798464342,1.6798456557961,4.63464391871279e-05,0.471174113754528,0.407565940990651,0.623402139370113,20,2,100,0.128923194576792,-0.0838759804360953,40,2.68840547914528,1,-8.1464,256,0.2,0.2,20,"both",0.128923194576792,-0.0838759804360953
"3959","session2",-15.6248273212302,14.2009798464342,1.6798456557961,4.63464391871279e-05,0.471174113754528,0.407565940990651,0.623402139370113,20,2,100,0.128923194576792,-0.0838759804360953,40,2.43793618808906,0,-8.58096,256,0.2,0.2,20,"both",0.128923194576792,-0.0838759804360953
"3960","session2",-15.6248273212302,14.2009798464342,1.6798456557961,4.63464391871279e-05,0.471174113754528,0.407565940990651,0.623402139370113,20,2,100,0.128923194576792,-0.0838759804360953,40,1.79971302747164,0,-21.37259,256,0.2,0.2,20,"both",0.128923194576792,-0.0838759804360953
"3961","session2",-15.6248273212302,14.2009798464342,1.6798456557961,4.63464391871279e-05,0.471174113754528,0.407565940990651,0.623402139370113,20,2,100,0.128923194576792,-0.0838759804360953,40,2.66678443861885,1,-3.1595,256,0.2,0.2,20,"both",0.128923194576792,-0.0838759804360953
"3962","session2",-15.6248273212302,14.2009798464342,1.6798456557961,4.63464391871279e-05,0.471174113754528,0.407565940990651,0.623402139370113,20,2,100,0.128923194576792,-0.0838759804360953,40,2.44735036136522,0,-32.6951,256,0.2,0.2,20,"both",0.128923194576792,-0.0838759804360953
"3963","session2",-15.6248273212302,14.2009798464342,1.6798456557961,4.63464391871279e-05,0.471174113754528,0.407565940990651,0.623402139370113,20,2,100,0.128923194576792,-0.0838759804360953,40,2.04737154532095,1,-9.97566,256,0.2,0.2,20,"both",0.128923194576792,-0.0838759804360953
"3964","session2",-15.6248273212302,14.2009798464342,1.6798456557961,4.63464391871279e-05,0.471174113754528,0.407565940990651,0.623402139370113,20,2,100,0.128923194576792,-0.0838759804360953,40,1.82545624492996,1,-4.1785,256,0.2,0.2,20,"both",0.128923194576792,-0.0838759804360953
"3965","session2",-15.6248273212302,14.2009798464342,1.6798456557961,4.63464391871279e-05,0.471174113754528,0.407565940990651,0.623402139370113,20,2,100,0.128923194576792,-0.0838759804360953,40,2.16769952967106,0,-28.6942,256,0.2,0.2,20,"both",0.128923194576792,-0.0838759804360953
"3966","session2",-15.6248273212302,14.2009798464342,1.6798456557961,4.63464391871279e-05,0.471174113754528,0.407565940990651,0.623402139370113,20,2,100,0.128923194576792,-0.0838759804360953,40,2.73407105791229,1,-6.70808,256,0.2,0.2,20,"both",0.128923194576792,-0.0838759804360953
"3967","session2",-15.6248273212302,14.2009798464342,1.6798456557961,4.63464391871279e-05,0.471174113754528,0.407565940990651,0.623402139370113,20,2,100,0.128923194576792,-0.0838759804360953,40,2.41126881663173,0,-24.57753,256,0.2,0.2,20,"both",0.128923194576792,-0.0838759804360953
"3968","session2",-15.6248273212302,14.2009798464342,1.6798456557961,4.63464391871279e-05,0.471174113754528,0.407565940990651,0.623402139370113,20,2,100,0.128923194576792,-0.0838759804360953,40,2.32514187261749,1,-3.861,256,0.2,0.2,20,"both",0.128923194576792,-0.0838759804360953
"3969","session2",-15.6248273212302,14.2009798464342,1.6798456557961,4.63464391871279e-05,0.471174113754528,0.407565940990651,0.623402139370113,20,2,100,0.128923194576792,-0.0838759804360953,40,4.29163547917821,0,-23.8948,256,0.2,0.2,20,"both",0.128923194576792,-0.0838759804360953
"3970","session2",-15.6248273212302,14.2009798464342,1.6798456557961,4.63464391871279e-05,0.471174113754528,0.407565940990651,0.623402139370113,20,2,100,0.128923194576792,-0.0838759804360953,40,2.74122447267505,1,-25.66148,256,0.2,0.2,20,"both",0.128923194576792,-0.0838759804360953
"3971","session2",-15.6248273212302,14.2009798464342,1.6798456557961,4.63464391871279e-05,0.471174113754528,0.407565940990651,0.623402139370113,20,2,100,0.128923194576792,-0.0838759804360953,40,2.16314938368078,1,-6.265,256,0.2,0.2,20,"both",0.128923194576792,-0.0838759804360953
"3972","session2",-15.6248273212302,14.2009798464342,1.6798456557961,4.63464391871279e-05,0.471174113754528,0.407565940990651,0.623402139370113,20,2,100,0.128923194576792,-0.0838759804360953,40,1.44556242164061,0,-27.09355,256,0.2,0.2,20,"both",0.128923194576792,-0.0838759804360953
"3973","session2",-15.6248273212302,14.2009798464342,1.6798456557961,4.63464391871279e-05,0.471174113754528,0.407565940990651,0.623402139370113,20,2,100,0.128923194576792,-0.0838759804360953,40,3.01091873076023,0,-25.28875,256,0.2,0.2,20,"both",0.128923194576792,-0.0838759804360953
"3974","session2",-15.6248273212302,14.2009798464342,1.6798456557961,4.63464391871279e-05,0.471174113754528,0.407565940990651,0.623402139370113,20,2,100,0.128923194576792,-0.0838759804360953,40,3.25303900619757,0,-27.85647,256,0.2,0.2,20,"both",0.128923194576792,-0.0838759804360953
"3975","session2",-15.6248273212302,14.2009798464342,1.6798456557961,4.63464391871279e-05,0.471174113754528,0.407565940990651,0.623402139370113,20,2,100,0.128923194576792,-0.0838759804360953,40,3.15364410787294,1,-5.2418,256,0.2,0.2,20,"both",0.128923194576792,-0.0838759804360953
"3976","session2",-15.6248273212302,14.2009798464342,1.6798456557961,4.63464391871279e-05,0.471174113754528,0.407565940990651,0.623402139370113,20,2,100,0.128923194576792,-0.0838759804360953,40,5.84102698873836,0,-26.90713,256,0.2,0.2,20,"both",0.128923194576792,-0.0838759804360953
"3977","session2",-15.6248273212302,14.2009798464342,1.6798456557961,4.63464391871279e-05,0.471174113754528,0.407565940990651,0.623402139370113,20,2,100,0.128923194576792,-0.0838759804360953,40,2.65392977680197,0,-7.58464,256,0.2,0.2,20,"both",0.128923194576792,-0.0838759804360953
"3978","session2",-15.6248273212302,14.2009798464342,1.6798456557961,4.63464391871279e-05,0.471174113754528,0.407565940990651,0.623402139370113,20,2,100,0.128923194576792,-0.0838759804360953,40,2.78677915313007,1,-5.9468,256,0.2,0.2,20,"both",0.128923194576792,-0.0838759804360953
"3979","session2",-15.6248273212302,14.2009798464342,1.6798456557961,4.63464391871279e-05,0.471174113754528,0.407565940990651,0.623402139370113,20,2,100,0.128923194576792,-0.0838759804360953,40,4.10534571473116,0,-27.4472,256,0.2,0.2,20,"both",0.128923194576792,-0.0838759804360953
"3980","session2",-15.6248273212302,14.2009798464342,1.6798456557961,4.63464391871279e-05,0.471174113754528,0.407565940990651,0.623402139370113,20,2,100,0.128923194576792,-0.0838759804360953,40,3.28514205131593,1,-8.73258,256,0.2,0.2,20,"both",0.128923194576792,-0.0838759804360953
"3981","session2",-15.6248273212302,14.2009798464342,1.6798456557961,4.63464391871279e-05,0.471174113754528,0.407565940990651,0.623402139370113,20,2,100,0.128923194576792,-0.0838759804360953,40,2.60544067612826,1,-25.9125,256,0.2,0.2,20,"both",0.128923194576792,-0.0838759804360953
"3982","session2",-15.6248273212302,14.2009798464342,1.6798456557961,4.63464391871279e-05,0.471174113754528,0.407565940990651,0.623402139370113,20,2,100,0.128923194576792,-0.0838759804360953,40,2.58135592283678,1,-21.98525,256,0.2,0.2,20,"both",0.128923194576792,-0.0838759804360953
"3983","session2",-15.6248273212302,14.2009798464342,1.6798456557961,4.63464391871279e-05,0.471174113754528,0.407565940990651,0.623402139370113,20,2,100,0.128923194576792,-0.0838759804360953,40,1.71708133578956,1,-10.77397,256,0.2,0.2,20,"both",0.128923194576792,-0.0838759804360953
"3984","session2",-15.6248273212302,14.2009798464342,1.6798456557961,4.63464391871279e-05,0.471174113754528,0.407565940990651,0.623402139370113,20,2,100,0.128923194576792,-0.0838759804360953,40,3.55321102867175,0,-7.3491,256,0.2,0.2,20,"both",0.128923194576792,-0.0838759804360953
"3985","session2",-15.6248273212302,14.2009798464342,1.6798456557961,4.63464391871279e-05,0.471174113754528,0.407565940990651,0.623402139370113,20,2,100,0.128923194576792,-0.0838759804360953,40,2.12586370795071,0,-30.0507,256,0.2,0.2,20,"both",0.128923194576792,-0.0838759804360953
"3986","session2",-15.6248273212302,14.2009798464342,1.6798456557961,4.63464391871279e-05,0.471174113754528,0.407565940990651,0.623402139370113,20,2,100,0.128923194576792,-0.0838759804360953,40,4.05618932596696,0,-11.74771,256,0.2,0.2,20,"both",0.128923194576792,-0.0838759804360953
"3987","session2",-15.6248273212302,14.2009798464342,1.6798456557961,4.63464391871279e-05,0.471174113754528,0.407565940990651,0.623402139370113,20,2,100,0.128923194576792,-0.0838759804360953,40,3.13508614863165,0,-5.5285,256,0.2,0.2,20,"both",0.128923194576792,-0.0838759804360953
"3988","session2",-15.6248273212302,14.2009798464342,1.6798456557961,4.63464391871279e-05,0.471174113754528,0.407565940990651,0.623402139370113,20,2,100,0.128923194576792,-0.0838759804360953,40,3.7486823022184,1,-2.9118,256,0.2,0.2,20,"both",0.128923194576792,-0.0838759804360953
"3989","session2",-15.6248273212302,14.2009798464342,1.6798456557961,4.63464391871279e-05,0.471174113754528,0.407565940990651,0.623402139370113,20,2,100,0.128923194576792,-0.0838759804360953,40,2.22223052296643,1,-22.01354,256,0.2,0.2,20,"both",0.128923194576792,-0.0838759804360953
"3990","session2",-15.6248273212302,14.2009798464342,1.6798456557961,4.63464391871279e-05,0.471174113754528,0.407565940990651,0.623402139370113,20,2,100,0.128923194576792,-0.0838759804360953,40,4.42484435693514,1,-4.1814,256,0.2,0.2,20,"both",0.128923194576792,-0.0838759804360953
"3991","session2",-15.6248273212302,14.2009798464342,1.6798456557961,4.63464391871279e-05,0.471174113754528,0.407565940990651,0.623402139370113,20,2,100,0.128923194576792,-0.0838759804360953,40,2.28162665965942,1,-9.20181,256,0.2,0.2,20,"both",0.128923194576792,-0.0838759804360953
"3992","session2",-15.6248273212302,14.2009798464342,1.6798456557961,4.63464391871279e-05,0.471174113754528,0.407565940990651,0.623402139370113,20,2,100,0.128923194576792,-0.0838759804360953,40,3.12520637227091,1,-7.05889,256,0.2,0.2,20,"both",0.128923194576792,-0.0838759804360953
"3993","session2",-15.6248273212302,14.2009798464342,1.6798456557961,4.63464391871279e-05,0.471174113754528,0.407565940990651,0.623402139370113,20,2,100,0.128923194576792,-0.0838759804360953,40,2.8653366692737,1,-11.05405,256,0.2,0.2,20,"both",0.128923194576792,-0.0838759804360953
"3994","session2",-15.6248273212302,14.2009798464342,1.6798456557961,4.63464391871279e-05,0.471174113754528,0.407565940990651,0.623402139370113,20,2,100,0.128923194576792,-0.0838759804360953,40,1.92432617139739,1,-9.4295,256,0.2,0.2,20,"both",0.128923194576792,-0.0838759804360953
"3995","session2",-15.6248273212302,14.2009798464342,1.6798456557961,4.63464391871279e-05,0.471174113754528,0.407565940990651,0.623402139370113,20,2,100,0.128923194576792,-0.0838759804360953,40,3.02423269329776,1,-10.99079,256,0.2,0.2,20,"both",0.128923194576792,-0.0838759804360953
"3996","session2",-15.6248273212302,14.2009798464342,1.6798456557961,4.63464391871279e-05,0.471174113754528,0.407565940990651,0.623402139370113,20,2,100,0.128923194576792,-0.0838759804360953,40,3.39623559667836,1,-6.8637,256,0.2,0.2,20,"both",0.128923194576792,-0.0838759804360953
"3997","session2",-15.6248273212302,14.2009798464342,1.6798456557961,4.63464391871279e-05,0.471174113754528,0.407565940990651,0.623402139370113,20,2,100,0.128923194576792,-0.0838759804360953,40,3.61790314466886,0,-24.20063,256,0.2,0.2,20,"both",0.128923194576792,-0.0838759804360953
"3998","session2",-15.6248273212302,14.2009798464342,1.6798456557961,4.63464391871279e-05,0.471174113754528,0.407565940990651,0.623402139370113,20,2,100,0.128923194576792,-0.0838759804360953,40,3.97989356998385,1,-11.68275,256,0.2,0.2,20,"both",0.128923194576792,-0.0838759804360953
"3999","session2",-15.6248273212302,14.2009798464342,1.6798456557961,4.63464391871279e-05,0.471174113754528,0.407565940990651,0.623402139370113,20,2,100,0.128923194576792,-0.0838759804360953,40,1.86886319836367,0,-26.8002,256,0.2,0.2,20,"both",0.128923194576792,-0.0838759804360953
"4000","session2",-15.6248273212302,14.2009798464342,1.6798456557961,4.63464391871279e-05,0.471174113754528,0.407565940990651,0.623402139370113,20,2,100,0.128923194576792,-0.0838759804360953,40,3.01710577472401,1,-8.05454,256,0.2,0.2,20,"both",0.128923194576792,-0.0838759804360953
