"","session","alpha","beta","betart","lapse","intercept","sigma","ndt","participant_id","sessions","trials","alpha_obs_power","beta_obs_power","n","rts","resp","X","iter","real_effectsize_alpha","real_effectsize_beta","subjects","parameter","observed_effectsize_alpha","observed_effectsize_beta"
"1","session1",-28.656247290802,19.360376129299,4.7262049530646,1.32956709220999e-06,0.296377445895784,0.408507352159998,0.264343416706346,1,1,100,0.211839297861998,-0.044436980385,1,2.11257685535575,1,-8.376847341,1243,0.2,0,5,"both",0.211839297861998,-0.044436980385
"2","session1",-28.656247290802,19.360376129299,4.7262049530646,1.32956709220999e-06,0.296377445895784,0.408507352159998,0.264343416706346,1,1,100,0.211839297861998,-0.044436980385,1,2.16234695361374,1,-13.015449316,1243,0.2,0,5,"both",0.211839297861998,-0.044436980385
"3","session1",-28.656247290802,19.360376129299,4.7262049530646,1.32956709220999e-06,0.296377445895784,0.408507352159998,0.264343416706346,1,1,100,0.211839297861998,-0.044436980385,1,5.93516460663143,0,-17.347344041,1243,0.2,0,5,"both",0.211839297861998,-0.044436980385
"4","session1",-28.656247290802,19.360376129299,4.7262049530646,1.32956709220999e-06,0.296377445895784,0.408507352159998,0.264343416706346,1,1,100,0.211839297861998,-0.044436980385,1,3.47908053535399,0,-8.9505667872,1243,0.2,0,5,"both",0.211839297861998,-0.044436980385
"5","session1",-28.656247290802,19.360376129299,4.7262049530646,1.32956709220999e-06,0.296377445895784,0.408507352159998,0.264343416706346,1,1,100,0.211839297861998,-0.044436980385,1,5.88575731398553,0,-24.3042,1243,0.2,0,5,"both",0.211839297861998,-0.044436980385
"6","session1",-28.656247290802,19.360376129299,4.7262049530646,1.32956709220999e-06,0.296377445895784,0.408507352159998,0.264343416706346,1,1,100,0.211839297861998,-0.044436980385,1,2.36030549854895,1,29.14249,1243,0.2,0,5,"both",0.211839297861998,-0.044436980385
"7","session1",-28.656247290802,19.360376129299,4.7262049530646,1.32956709220999e-06,0.296377445895784,0.408507352159998,0.264343416706346,1,1,100,0.211839297861998,-0.044436980385,1,1.89912789977242,1,15.0434,1243,0.2,0,5,"both",0.211839297861998,-0.044436980385
"8","session1",-28.656247290802,19.360376129299,4.7262049530646,1.32956709220999e-06,0.296377445895784,0.408507352159998,0.264343416706346,1,1,100,0.211839297861998,-0.044436980385,1,1.31821102527883,1,-14.2253,1243,0.2,0,5,"both",0.211839297861998,-0.044436980385
"9","session1",-28.656247290802,19.360376129299,4.7262049530646,1.32956709220999e-06,0.296377445895784,0.408507352159998,0.264343416706346,1,1,100,0.211839297861998,-0.044436980385,1,1.93710166609702,1,-10.98764,1243,0.2,0,5,"both",0.211839297861998,-0.044436980385
"10","session1",-28.656247290802,19.360376129299,4.7262049530646,1.32956709220999e-06,0.296377445895784,0.408507352159998,0.264343416706346,1,1,100,0.211839297861998,-0.044436980385,1,3.6600151489445,1,-17.16406,1243,0.2,0,5,"both",0.211839297861998,-0.044436980385
"11","session1",-28.656247290802,19.360376129299,4.7262049530646,1.32956709220999e-06,0.296377445895784,0.408507352159998,0.264343416706346,1,1,100,0.211839297861998,-0.044436980385,1,4.66178254394204,1,-28.92019,1243,0.2,0,5,"both",0.211839297861998,-0.044436980385
"12","session1",-28.656247290802,19.360376129299,4.7262049530646,1.32956709220999e-06,0.296377445895784,0.408507352159998,0.264343416706346,1,1,100,0.211839297861998,-0.044436980385,1,2.61039665854398,0,-23.72923,1243,0.2,0,5,"both",0.211839297861998,-0.044436980385
"13","session1",-28.656247290802,19.360376129299,4.7262049530646,1.32956709220999e-06,0.296377445895784,0.408507352159998,0.264343416706346,1,1,100,0.211839297861998,-0.044436980385,1,1.67859358468533,0,-37.5929,1243,0.2,0,5,"both",0.211839297861998,-0.044436980385
"14","session1",-28.656247290802,19.360376129299,4.7262049530646,1.32956709220999e-06,0.296377445895784,0.408507352159998,0.264343416706346,1,1,100,0.211839297861998,-0.044436980385,1,5.6078543889571,0,-28.4623,1243,0.2,0,5,"both",0.211839297861998,-0.044436980385
"15","session1",-28.656247290802,19.360376129299,4.7262049530646,1.32956709220999e-06,0.296377445895784,0.408507352159998,0.264343416706346,1,1,100,0.211839297861998,-0.044436980385,1,4.97367229649989,1,-32.0126,1243,0.2,0,5,"both",0.211839297861998,-0.044436980385
"16","session1",-28.656247290802,19.360376129299,4.7262049530646,1.32956709220999e-06,0.296377445895784,0.408507352159998,0.264343416706346,1,1,100,0.211839297861998,-0.044436980385,1,6.37204131048607,1,-14.9136410512,1243,0.2,0,5,"both",0.211839297861998,-0.044436980385
"17","session1",-28.656247290802,19.360376129299,4.7262049530646,1.32956709220999e-06,0.296377445895784,0.408507352159998,0.264343416706346,1,1,100,0.211839297861998,-0.044436980385,1,6.45119618418948,0,-14.2142,1243,0.2,0,5,"both",0.211839297861998,-0.044436980385
"18","session1",-28.656247290802,19.360376129299,4.7262049530646,1.32956709220999e-06,0.296377445895784,0.408507352159998,0.264343416706346,1,1,100,0.211839297861998,-0.044436980385,1,2.28153792034275,1,12.7746,1243,0.2,0,5,"both",0.211839297861998,-0.044436980385
"19","session1",-28.656247290802,19.360376129299,4.7262049530646,1.32956709220999e-06,0.296377445895784,0.408507352159998,0.264343416706346,1,1,100,0.211839297861998,-0.044436980385,1,7.62507911547905,1,-2.4597,1243,0.2,0,5,"both",0.211839297861998,-0.044436980385
"20","session1",-28.656247290802,19.360376129299,4.7262049530646,1.32956709220999e-06,0.296377445895784,0.408507352159998,0.264343416706346,1,1,100,0.211839297861998,-0.044436980385,1,3.24703735552869,0,-34.7002,1243,0.2,0,5,"both",0.211839297861998,-0.044436980385
"21","session1",-28.656247290802,19.360376129299,4.7262049530646,1.32956709220999e-06,0.296377445895784,0.408507352159998,0.264343416706346,1,1,100,0.211839297861998,-0.044436980385,1,1.8001777431136,1,6.8355,1243,0.2,0,5,"both",0.211839297861998,-0.044436980385
"22","session1",-28.656247290802,19.360376129299,4.7262049530646,1.32956709220999e-06,0.296377445895784,0.408507352159998,0.264343416706346,1,1,100,0.211839297861998,-0.044436980385,1,1.53662796258808,1,5.3633,1243,0.2,0,5,"both",0.211839297861998,-0.044436980385
"23","session1",-28.656247290802,19.360376129299,4.7262049530646,1.32956709220999e-06,0.296377445895784,0.408507352159998,0.264343416706346,1,1,100,0.211839297861998,-0.044436980385,1,2.99024752621417,1,-24.8213,1243,0.2,0,5,"both",0.211839297861998,-0.044436980385
"24","session1",-28.656247290802,19.360376129299,4.7262049530646,1.32956709220999e-06,0.296377445895784,0.408507352159998,0.264343416706346,1,1,100,0.211839297861998,-0.044436980385,1,8,1,-13.40355,1243,0.2,0,5,"both",0.211839297861998,-0.044436980385
"25","session1",-28.656247290802,19.360376129299,4.7262049530646,1.32956709220999e-06,0.296377445895784,0.408507352159998,0.264343416706346,1,1,100,0.211839297861998,-0.044436980385,1,4.31927714602497,0,-22.1676622,1243,0.2,0,5,"both",0.211839297861998,-0.044436980385
"26","session1",-28.656247290802,19.360376129299,4.7262049530646,1.32956709220999e-06,0.296377445895784,0.408507352159998,0.264343416706346,1,1,100,0.211839297861998,-0.044436980385,1,2.77619250992339,1,-1.54399,1243,0.2,0,5,"both",0.211839297861998,-0.044436980385
"27","session1",-28.656247290802,19.360376129299,4.7262049530646,1.32956709220999e-06,0.296377445895784,0.408507352159998,0.264343416706346,1,1,100,0.211839297861998,-0.044436980385,1,3.91858808892698,0,-21.99377,1243,0.2,0,5,"both",0.211839297861998,-0.044436980385
"28","session1",-28.656247290802,19.360376129299,4.7262049530646,1.32956709220999e-06,0.296377445895784,0.408507352159998,0.264343416706346,1,1,100,0.211839297861998,-0.044436980385,1,3.60968311914803,1,-32.8286,1243,0.2,0,5,"both",0.211839297861998,-0.044436980385
"29","session1",-28.656247290802,19.360376129299,4.7262049530646,1.32956709220999e-06,0.296377445895784,0.408507352159998,0.264343416706346,1,1,100,0.211839297861998,-0.044436980385,1,1.57278960241987,0,-4.7115,1243,0.2,0,5,"both",0.211839297861998,-0.044436980385
"30","session1",-28.656247290802,19.360376129299,4.7262049530646,1.32956709220999e-06,0.296377445895784,0.408507352159998,0.264343416706346,1,1,100,0.211839297861998,-0.044436980385,1,1.95609875296734,1,11.6355,1243,0.2,0,5,"both",0.211839297861998,-0.044436980385
"31","session1",-28.656247290802,19.360376129299,4.7262049530646,1.32956709220999e-06,0.296377445895784,0.408507352159998,0.264343416706346,1,1,100,0.211839297861998,-0.044436980385,1,2.4691258958217,1,2.432,1243,0.2,0,5,"both",0.211839297861998,-0.044436980385
"32","session1",-28.656247290802,19.360376129299,4.7262049530646,1.32956709220999e-06,0.296377445895784,0.408507352159998,0.264343416706346,1,1,100,0.211839297861998,-0.044436980385,1,3.1750106296434,0,-49.964,1243,0.2,0,5,"both",0.211839297861998,-0.044436980385
"33","session1",-28.656247290802,19.360376129299,4.7262049530646,1.32956709220999e-06,0.296377445895784,0.408507352159998,0.264343416706346,1,1,100,0.211839297861998,-0.044436980385,1,1.937368384873,1,2.9993,1243,0.2,0,5,"both",0.211839297861998,-0.044436980385
"34","session1",-28.656247290802,19.360376129299,4.7262049530646,1.32956709220999e-06,0.296377445895784,0.408507352159998,0.264343416706346,1,1,100,0.211839297861998,-0.044436980385,1,6.00062342730083,0,-23.00261,1243,0.2,0,5,"both",0.211839297861998,-0.044436980385
"35","session1",-28.656247290802,19.360376129299,4.7262049530646,1.32956709220999e-06,0.296377445895784,0.408507352159998,0.264343416706346,1,1,100,0.211839297861998,-0.044436980385,1,6.29832675763625,0,-38.9596,1243,0.2,0,5,"both",0.211839297861998,-0.044436980385
"36","session1",-28.656247290802,19.360376129299,4.7262049530646,1.32956709220999e-06,0.296377445895784,0.408507352159998,0.264343416706346,1,1,100,0.211839297861998,-0.044436980385,1,2.08229584073753,1,-2.1509,1243,0.2,0,5,"both",0.211839297861998,-0.044436980385
"37","session1",-28.656247290802,19.360376129299,4.7262049530646,1.32956709220999e-06,0.296377445895784,0.408507352159998,0.264343416706346,1,1,100,0.211839297861998,-0.044436980385,1,1.24300737509679,1,2.8158,1243,0.2,0,5,"both",0.211839297861998,-0.044436980385
"38","session1",-28.656247290802,19.360376129299,4.7262049530646,1.32956709220999e-06,0.296377445895784,0.408507352159998,0.264343416706346,1,1,100,0.211839297861998,-0.044436980385,1,6.50311598310007,1,-30.7161,1243,0.2,0,5,"both",0.211839297861998,-0.044436980385
"39","session1",-28.656247290802,19.360376129299,4.7262049530646,1.32956709220999e-06,0.296377445895784,0.408507352159998,0.264343416706346,1,1,100,0.211839297861998,-0.044436980385,1,3.57697456386037,0,-1.5772,1243,0.2,0,5,"both",0.211839297861998,-0.044436980385
"40","session1",-28.656247290802,19.360376129299,4.7262049530646,1.32956709220999e-06,0.296377445895784,0.408507352159998,0.264343416706346,1,1,100,0.211839297861998,-0.044436980385,1,1.44780637797962,1,25.45181,1243,0.2,0,5,"both",0.211839297861998,-0.044436980385
"41","session1",-28.656247290802,19.360376129299,4.7262049530646,1.32956709220999e-06,0.296377445895784,0.408507352159998,0.264343416706346,1,1,100,0.211839297861998,-0.044436980385,1,3.7013388516229,1,-46.2836,1243,0.2,0,5,"both",0.211839297861998,-0.044436980385
"42","session1",-28.656247290802,19.360376129299,4.7262049530646,1.32956709220999e-06,0.296377445895784,0.408507352159998,0.264343416706346,1,1,100,0.211839297861998,-0.044436980385,1,4.96917773843087,0,-33.2118,1243,0.2,0,5,"both",0.211839297861998,-0.044436980385
"43","session1",-28.656247290802,19.360376129299,4.7262049530646,1.32956709220999e-06,0.296377445895784,0.408507352159998,0.264343416706346,1,1,100,0.211839297861998,-0.044436980385,1,8,1,-44.7895,1243,0.2,0,5,"both",0.211839297861998,-0.044436980385
"44","session1",-28.656247290802,19.360376129299,4.7262049530646,1.32956709220999e-06,0.296377445895784,0.408507352159998,0.264343416706346,1,1,100,0.211839297861998,-0.044436980385,1,1.74256245609144,1,40.2494,1243,0.2,0,5,"both",0.211839297861998,-0.044436980385
"45","session1",-28.656247290802,19.360376129299,4.7262049530646,1.32956709220999e-06,0.296377445895784,0.408507352159998,0.264343416706346,1,1,100,0.211839297861998,-0.044436980385,1,1.08251110218453,1,15.7761,1243,0.2,0,5,"both",0.211839297861998,-0.044436980385
"46","session1",-28.656247290802,19.360376129299,4.7262049530646,1.32956709220999e-06,0.296377445895784,0.408507352159998,0.264343416706346,1,1,100,0.211839297861998,-0.044436980385,1,2.04365189199643,1,-33.42073,1243,0.2,0,5,"both",0.211839297861998,-0.044436980385
"47","session1",-28.656247290802,19.360376129299,4.7262049530646,1.32956709220999e-06,0.296377445895784,0.408507352159998,0.264343416706346,1,1,100,0.211839297861998,-0.044436980385,1,4.56252260747827,0,-24.78285925,1243,0.2,0,5,"both",0.211839297861998,-0.044436980385
"48","session1",-28.656247290802,19.360376129299,4.7262049530646,1.32956709220999e-06,0.296377445895784,0.408507352159998,0.264343416706346,1,1,100,0.211839297861998,-0.044436980385,1,4.01284129533863,0,-33.31604,1243,0.2,0,5,"both",0.211839297861998,-0.044436980385
"49","session1",-28.656247290802,19.360376129299,4.7262049530646,1.32956709220999e-06,0.296377445895784,0.408507352159998,0.264343416706346,1,1,100,0.211839297861998,-0.044436980385,1,2.68650722317777,0,-23.83021051,1243,0.2,0,5,"both",0.211839297861998,-0.044436980385
"50","session1",-28.656247290802,19.360376129299,4.7262049530646,1.32956709220999e-06,0.296377445895784,0.408507352159998,0.264343416706346,1,1,100,0.211839297861998,-0.044436980385,1,5.7120869178043,0,-21.56535601,1243,0.2,0,5,"both",0.211839297861998,-0.044436980385
"51","session1",-28.656247290802,19.360376129299,4.7262049530646,1.32956709220999e-06,0.296377445895784,0.408507352159998,0.264343416706346,1,1,100,0.211839297861998,-0.044436980385,1,3.45772971406518,0,-20.38199041,1243,0.2,0,5,"both",0.211839297861998,-0.044436980385
"52","session1",-28.656247290802,19.360376129299,4.7262049530646,1.32956709220999e-06,0.296377445895784,0.408507352159998,0.264343416706346,1,1,100,0.211839297861998,-0.044436980385,1,2.35602597856015,1,-21.8957,1243,0.2,0,5,"both",0.211839297861998,-0.044436980385
"53","session1",-28.656247290802,19.360376129299,4.7262049530646,1.32956709220999e-06,0.296377445895784,0.408507352159998,0.264343416706346,1,1,100,0.211839297861998,-0.044436980385,1,1.56011364087311,1,5.63480000000001,1243,0.2,0,5,"both",0.211839297861998,-0.044436980385
"54","session1",-28.656247290802,19.360376129299,4.7262049530646,1.32956709220999e-06,0.296377445895784,0.408507352159998,0.264343416706346,1,1,100,0.211839297861998,-0.044436980385,1,1.60315647193948,1,12.5882,1243,0.2,0,5,"both",0.211839297861998,-0.044436980385
"55","session1",-28.656247290802,19.360376129299,4.7262049530646,1.32956709220999e-06,0.296377445895784,0.408507352159998,0.264343416706346,1,1,100,0.211839297861998,-0.044436980385,1,1.33743618928082,1,1.043,1243,0.2,0,5,"both",0.211839297861998,-0.044436980385
"56","session1",-28.656247290802,19.360376129299,4.7262049530646,1.32956709220999e-06,0.296377445895784,0.408507352159998,0.264343416706346,1,1,100,0.211839297861998,-0.044436980385,1,1.28512160110396,1,7.94,1243,0.2,0,5,"both",0.211839297861998,-0.044436980385
"57","session1",-28.656247290802,19.360376129299,4.7262049530646,1.32956709220999e-06,0.296377445895784,0.408507352159998,0.264343416706346,1,1,100,0.211839297861998,-0.044436980385,1,1.99725546938253,1,9.7939,1243,0.2,0,5,"both",0.211839297861998,-0.044436980385
"58","session1",-28.656247290802,19.360376129299,4.7262049530646,1.32956709220999e-06,0.296377445895784,0.408507352159998,0.264343416706346,1,1,100,0.211839297861998,-0.044436980385,1,2.63072140012149,1,-44.6358,1243,0.2,0,5,"both",0.211839297861998,-0.044436980385
"59","session1",-28.656247290802,19.360376129299,4.7262049530646,1.32956709220999e-06,0.296377445895784,0.408507352159998,0.264343416706346,1,1,100,0.211839297861998,-0.044436980385,1,4.11581034740897,0,-12.1668,1243,0.2,0,5,"both",0.211839297861998,-0.044436980385
"60","session1",-28.656247290802,19.360376129299,4.7262049530646,1.32956709220999e-06,0.296377445895784,0.408507352159998,0.264343416706346,1,1,100,0.211839297861998,-0.044436980385,1,2.89497232692515,1,-22.95383357,1243,0.2,0,5,"both",0.211839297861998,-0.044436980385
"61","session1",-28.656247290802,19.360376129299,4.7262049530646,1.32956709220999e-06,0.296377445895784,0.408507352159998,0.264343416706346,1,1,100,0.211839297861998,-0.044436980385,1,3.05394954544758,0,-44.8866,1243,0.2,0,5,"both",0.211839297861998,-0.044436980385
"62","session1",-28.656247290802,19.360376129299,4.7262049530646,1.32956709220999e-06,0.296377445895784,0.408507352159998,0.264343416706346,1,1,100,0.211839297861998,-0.044436980385,1,1.7115803492448,1,29.8192,1243,0.2,0,5,"both",0.211839297861998,-0.044436980385
"63","session1",-28.656247290802,19.360376129299,4.7262049530646,1.32956709220999e-06,0.296377445895784,0.408507352159998,0.264343416706346,1,1,100,0.211839297861998,-0.044436980385,1,3.13272426393669,1,-10.075,1243,0.2,0,5,"both",0.211839297861998,-0.044436980385
"64","session1",-28.656247290802,19.360376129299,4.7262049530646,1.32956709220999e-06,0.296377445895784,0.408507352159998,0.264343416706346,1,1,100,0.211839297861998,-0.044436980385,1,1.06220875864112,1,0.2042,1243,0.2,0,5,"both",0.211839297861998,-0.044436980385
"65","session1",-28.656247290802,19.360376129299,4.7262049530646,1.32956709220999e-06,0.296377445895784,0.408507352159998,0.264343416706346,1,1,100,0.211839297861998,-0.044436980385,1,3.02394839846201,0,-48.0808,1243,0.2,0,5,"both",0.211839297861998,-0.044436980385
"66","session1",-28.656247290802,19.360376129299,4.7262049530646,1.32956709220999e-06,0.296377445895784,0.408507352159998,0.264343416706346,1,1,100,0.211839297861998,-0.044436980385,1,6.25803277205566,0,-41.1256,1243,0.2,0,5,"both",0.211839297861998,-0.044436980385
"67","session1",-28.656247290802,19.360376129299,4.7262049530646,1.32956709220999e-06,0.296377445895784,0.408507352159998,0.264343416706346,1,1,100,0.211839297861998,-0.044436980385,1,3.5688235330404,1,-23.53577762,1243,0.2,0,5,"both",0.211839297861998,-0.044436980385
"68","session1",-28.656247290802,19.360376129299,4.7262049530646,1.32956709220999e-06,0.296377445895784,0.408507352159998,0.264343416706346,1,1,100,0.211839297861998,-0.044436980385,1,1.09658973862133,0,-6.9823,1243,0.2,0,5,"both",0.211839297861998,-0.044436980385
"69","session1",-28.656247290802,19.360376129299,4.7262049530646,1.32956709220999e-06,0.296377445895784,0.408507352159998,0.264343416706346,1,1,100,0.211839297861998,-0.044436980385,1,4.52331891183097,0,-23.46843044,1243,0.2,0,5,"both",0.211839297861998,-0.044436980385
"70","session1",-28.656247290802,19.360376129299,4.7262049530646,1.32956709220999e-06,0.296377445895784,0.408507352159998,0.264343416706346,1,1,100,0.211839297861998,-0.044436980385,1,3.77412109188067,1,-12.438,1243,0.2,0,5,"both",0.211839297861998,-0.044436980385
"71","session1",-28.656247290802,19.360376129299,4.7262049530646,1.32956709220999e-06,0.296377445895784,0.408507352159998,0.264343416706346,1,1,100,0.211839297861998,-0.044436980385,1,4.17230847837182,1,12.2248,1243,0.2,0,5,"both",0.211839297861998,-0.044436980385
"72","session1",-28.656247290802,19.360376129299,4.7262049530646,1.32956709220999e-06,0.296377445895784,0.408507352159998,0.264343416706346,1,1,100,0.211839297861998,-0.044436980385,1,2.72825300322303,1,-6.1688,1243,0.2,0,5,"both",0.211839297861998,-0.044436980385
"73","session1",-28.656247290802,19.360376129299,4.7262049530646,1.32956709220999e-06,0.296377445895784,0.408507352159998,0.264343416706346,1,1,100,0.211839297861998,-0.044436980385,1,2.28341361478572,1,0.1691,1243,0.2,0,5,"both",0.211839297861998,-0.044436980385
"74","session1",-28.656247290802,19.360376129299,4.7262049530646,1.32956709220999e-06,0.296377445895784,0.408507352159998,0.264343416706346,1,1,100,0.211839297861998,-0.044436980385,1,4.55385431914432,1,-38.5252,1243,0.2,0,5,"both",0.211839297861998,-0.044436980385
"75","session1",-28.656247290802,19.360376129299,4.7262049530646,1.32956709220999e-06,0.296377445895784,0.408507352159998,0.264343416706346,1,1,100,0.211839297861998,-0.044436980385,1,2.39994383986048,0,-24.6591171,1243,0.2,0,5,"both",0.211839297861998,-0.044436980385
"76","session1",-28.656247290802,19.360376129299,4.7262049530646,1.32956709220999e-06,0.296377445895784,0.408507352159998,0.264343416706346,1,1,100,0.211839297861998,-0.044436980385,1,3.22634957017499,0,-47.2974,1243,0.2,0,5,"both",0.211839297861998,-0.044436980385
"77","session1",-28.656247290802,19.360376129299,4.7262049530646,1.32956709220999e-06,0.296377445895784,0.408507352159998,0.264343416706346,1,1,100,0.211839297861998,-0.044436980385,1,1.9728702273167,1,2.1126,1243,0.2,0,5,"both",0.211839297861998,-0.044436980385
"78","session1",-28.656247290802,19.360376129299,4.7262049530646,1.32956709220999e-06,0.296377445895784,0.408507352159998,0.264343416706346,1,1,100,0.211839297861998,-0.044436980385,1,2.32262680810791,1,17.0512,1243,0.2,0,5,"both",0.211839297861998,-0.044436980385
"79","session1",-28.656247290802,19.360376129299,4.7262049530646,1.32956709220999e-06,0.296377445895784,0.408507352159998,0.264343416706346,1,1,100,0.211839297861998,-0.044436980385,1,1.45839489808654,1,24.9249,1243,0.2,0,5,"both",0.211839297861998,-0.044436980385
"80","session1",-28.656247290802,19.360376129299,4.7262049530646,1.32956709220999e-06,0.296377445895784,0.408507352159998,0.264343416706346,1,1,100,0.211839297861998,-0.044436980385,1,1.82846387619669,1,2.1311,1243,0.2,0,5,"both",0.211839297861998,-0.044436980385
"81","session1",-28.656247290802,19.360376129299,4.7262049530646,1.32956709220999e-06,0.296377445895784,0.408507352159998,0.264343416706346,1,1,100,0.211839297861998,-0.044436980385,1,2.66198764375398,1,-8.879,1243,0.2,0,5,"both",0.211839297861998,-0.044436980385
"82","session1",-28.656247290802,19.360376129299,4.7262049530646,1.32956709220999e-06,0.296377445895784,0.408507352159998,0.264343416706346,1,1,100,0.211839297861998,-0.044436980385,1,5.3768847037634,0,-32.13949,1243,0.2,0,5,"both",0.211839297861998,-0.044436980385
"83","session1",-28.656247290802,19.360376129299,4.7262049530646,1.32956709220999e-06,0.296377445895784,0.408507352159998,0.264343416706346,1,1,100,0.211839297861998,-0.044436980385,1,2.54422473434287,1,-0.925599999999999,1243,0.2,0,5,"both",0.211839297861998,-0.044436980385
"84","session1",-28.656247290802,19.360376129299,4.7262049530646,1.32956709220999e-06,0.296377445895784,0.408507352159998,0.264343416706346,1,1,100,0.211839297861998,-0.044436980385,1,3.70500340596935,0,-38.8458,1243,0.2,0,5,"both",0.211839297861998,-0.044436980385
"85","session1",-28.656247290802,19.360376129299,4.7262049530646,1.32956709220999e-06,0.296377445895784,0.408507352159998,0.264343416706346,1,1,100,0.211839297861998,-0.044436980385,1,2.7201572080082,0,-46.9875,1243,0.2,0,5,"both",0.211839297861998,-0.044436980385
"86","session1",-28.656247290802,19.360376129299,4.7262049530646,1.32956709220999e-06,0.296377445895784,0.408507352159998,0.264343416706346,1,1,100,0.211839297861998,-0.044436980385,1,1.20647671335873,1,2.9823,1243,0.2,0,5,"both",0.211839297861998,-0.044436980385
"87","session1",-28.656247290802,19.360376129299,4.7262049530646,1.32956709220999e-06,0.296377445895784,0.408507352159998,0.264343416706346,1,1,100,0.211839297861998,-0.044436980385,1,1.5443950196174,1,-5.0359,1243,0.2,0,5,"both",0.211839297861998,-0.044436980385
"88","session1",-28.656247290802,19.360376129299,4.7262049530646,1.32956709220999e-06,0.296377445895784,0.408507352159998,0.264343416706346,1,1,100,0.211839297861998,-0.044436980385,1,1.44857991072514,1,10.6281,1243,0.2,0,5,"both",0.211839297861998,-0.044436980385
"89","session1",-28.656247290802,19.360376129299,4.7262049530646,1.32956709220999e-06,0.296377445895784,0.408507352159998,0.264343416706346,1,1,100,0.211839297861998,-0.044436980385,1,2.37511382085612,0,-49.4219,1243,0.2,0,5,"both",0.211839297861998,-0.044436980385
"90","session1",-28.656247290802,19.360376129299,4.7262049530646,1.32956709220999e-06,0.296377445895784,0.408507352159998,0.264343416706346,1,1,100,0.211839297861998,-0.044436980385,1,7.47179265040909,0,-39.589,1243,0.2,0,5,"both",0.211839297861998,-0.044436980385
"91","session1",-28.656247290802,19.360376129299,4.7262049530646,1.32956709220999e-06,0.296377445895784,0.408507352159998,0.264343416706346,1,1,100,0.211839297861998,-0.044436980385,1,2.56321677710829,0,-35.9326,1243,0.2,0,5,"both",0.211839297861998,-0.044436980385
"92","session1",-28.656247290802,19.360376129299,4.7262049530646,1.32956709220999e-06,0.296377445895784,0.408507352159998,0.264343416706346,1,1,100,0.211839297861998,-0.044436980385,1,1.66241925635319,1,6.7452,1243,0.2,0,5,"both",0.211839297861998,-0.044436980385
"93","session1",-28.656247290802,19.360376129299,4.7262049530646,1.32956709220999e-06,0.296377445895784,0.408507352159998,0.264343416706346,1,1,100,0.211839297861998,-0.044436980385,1,1.84344040370134,1,7.1985,1243,0.2,0,5,"both",0.211839297861998,-0.044436980385
"94","session1",-28.656247290802,19.360376129299,4.7262049530646,1.32956709220999e-06,0.296377445895784,0.408507352159998,0.264343416706346,1,1,100,0.211839297861998,-0.044436980385,1,3.7872435702463,0,-37.4933,1243,0.2,0,5,"both",0.211839297861998,-0.044436980385
"95","session1",-28.656247290802,19.360376129299,4.7262049530646,1.32956709220999e-06,0.296377445895784,0.408507352159998,0.264343416706346,1,1,100,0.211839297861998,-0.044436980385,1,4.97941528419314,1,-28.05961,1243,0.2,0,5,"both",0.211839297861998,-0.044436980385
"96","session1",-28.656247290802,19.360376129299,4.7262049530646,1.32956709220999e-06,0.296377445895784,0.408507352159998,0.264343416706346,1,1,100,0.211839297861998,-0.044436980385,1,2.01503937876502,1,0.343900000000001,1243,0.2,0,5,"both",0.211839297861998,-0.044436980385
"97","session1",-28.656247290802,19.360376129299,4.7262049530646,1.32956709220999e-06,0.296377445895784,0.408507352159998,0.264343416706346,1,1,100,0.211839297861998,-0.044436980385,1,1.69558643147799,1,-0.435600000000001,1243,0.2,0,5,"both",0.211839297861998,-0.044436980385
"98","session1",-28.656247290802,19.360376129299,4.7262049530646,1.32956709220999e-06,0.296377445895784,0.408507352159998,0.264343416706346,1,1,100,0.211839297861998,-0.044436980385,1,5.15135056020158,0,-43.0407,1243,0.2,0,5,"both",0.211839297861998,-0.044436980385
"99","session1",-28.656247290802,19.360376129299,4.7262049530646,1.32956709220999e-06,0.296377445895784,0.408507352159998,0.264343416706346,1,1,100,0.211839297861998,-0.044436980385,1,2.81989773485166,1,-8.859,1243,0.2,0,5,"both",0.211839297861998,-0.044436980385
"100","session1",-28.656247290802,19.360376129299,4.7262049530646,1.32956709220999e-06,0.296377445895784,0.408507352159998,0.264343416706346,1,1,100,0.211839297861998,-0.044436980385,1,1.2081374714823,1,5.4199,1243,0.2,0,5,"both",0.211839297861998,-0.044436980385
"101","session1",-18.0880711593315,10.6794202484304,2.46739719764194,8.74750329355106e-06,0.972050489241212,0.332664972070419,0.242824984070107,2,1,100,0.211839297861998,-0.044436980385,2,3.38970100786944,1,-9.7571492969,1243,0.2,0,5,"both",0.211839297861998,-0.044436980385
"102","session1",-18.0880711593315,10.6794202484304,2.46739719764194,8.74750329355106e-06,0.972050489241212,0.332664972070419,0.242824984070107,2,1,100,0.211839297861998,-0.044436980385,2,3.90878937866545,1,-9.164262391,1243,0.2,0,5,"both",0.211839297861998,-0.044436980385
"103","session1",-18.0880711593315,10.6794202484304,2.46739719764194,8.74750329355106e-06,0.972050489241212,0.332664972070419,0.242824984070107,2,1,100,0.211839297861998,-0.044436980385,2,8,1,-16.8834144023,1243,0.2,0,5,"both",0.211839297861998,-0.044436980385
"104","session1",-18.0880711593315,10.6794202484304,2.46739719764194,8.74750329355106e-06,0.972050489241212,0.332664972070419,0.242824984070107,2,1,100,0.211839297861998,-0.044436980385,2,5.56616947627959,1,-20.9564816825,1243,0.2,0,5,"both",0.211839297861998,-0.044436980385
"105","session1",-18.0880711593315,10.6794202484304,2.46739719764194,8.74750329355106e-06,0.972050489241212,0.332664972070419,0.242824984070107,2,1,100,0.211839297861998,-0.044436980385,2,4.2520046386879,0,-29.3196,1243,0.2,0,5,"both",0.211839297861998,-0.044436980385
"106","session1",-18.0880711593315,10.6794202484304,2.46739719764194,8.74750329355106e-06,0.972050489241212,0.332664972070419,0.242824984070107,2,1,100,0.211839297861998,-0.044436980385,2,2.90124886634637,0,-28.89648,1243,0.2,0,5,"both",0.211839297861998,-0.044436980385
"107","session1",-18.0880711593315,10.6794202484304,2.46739719764194,8.74750329355106e-06,0.972050489241212,0.332664972070419,0.242824984070107,2,1,100,0.211839297861998,-0.044436980385,2,5.66394412982811,1,-23.92979,1243,0.2,0,5,"both",0.211839297861998,-0.044436980385
"108","session1",-18.0880711593315,10.6794202484304,2.46739719764194,8.74750329355106e-06,0.972050489241212,0.332664972070419,0.242824984070107,2,1,100,0.211839297861998,-0.044436980385,2,4.00963558486203,0,-20.51233,1243,0.2,0,5,"both",0.211839297861998,-0.044436980385
"109","session1",-18.0880711593315,10.6794202484304,2.46739719764194,8.74750329355106e-06,0.972050489241212,0.332664972070419,0.242824984070107,2,1,100,0.211839297861998,-0.044436980385,2,7.41586282617801,1,-13.91039,1243,0.2,0,5,"both",0.211839297861998,-0.044436980385
"110","session1",-18.0880711593315,10.6794202484304,2.46739719764194,8.74750329355106e-06,0.972050489241212,0.332664972070419,0.242824984070107,2,1,100,0.211839297861998,-0.044436980385,2,5.68848230814895,0,-21.61619,1243,0.2,0,5,"both",0.211839297861998,-0.044436980385
"111","session1",-18.0880711593315,10.6794202484304,2.46739719764194,8.74750329355106e-06,0.972050489241212,0.332664972070419,0.242824984070107,2,1,100,0.211839297861998,-0.044436980385,2,3.26659784887317,1,-7.0779,1243,0.2,0,5,"both",0.211839297861998,-0.044436980385
"112","session1",-18.0880711593315,10.6794202484304,2.46739719764194,8.74750329355106e-06,0.972050489241212,0.332664972070419,0.242824984070107,2,1,100,0.211839297861998,-0.044436980385,2,3.15999412324728,1,-18.08734,1243,0.2,0,5,"both",0.211839297861998,-0.044436980385
"113","session1",-18.0880711593315,10.6794202484304,2.46739719764194,8.74750329355106e-06,0.972050489241212,0.332664972070419,0.242824984070107,2,1,100,0.211839297861998,-0.044436980385,2,5.00450552951674,0,-25.46049,1243,0.2,0,5,"both",0.211839297861998,-0.044436980385
"114","session1",-18.0880711593315,10.6794202484304,2.46739719764194,8.74750329355106e-06,0.972050489241212,0.332664972070419,0.242824984070107,2,1,100,0.211839297861998,-0.044436980385,2,7.89996394030409,1,-20.20125,1243,0.2,0,5,"both",0.211839297861998,-0.044436980385
"115","session1",-18.0880711593315,10.6794202484304,2.46739719764194,8.74750329355106e-06,0.972050489241212,0.332664972070419,0.242824984070107,2,1,100,0.211839297861998,-0.044436980385,2,3.67944690541335,0,-32.69091,1243,0.2,0,5,"both",0.211839297861998,-0.044436980385
"116","session1",-18.0880711593315,10.6794202484304,2.46739719764194,8.74750329355106e-06,0.972050489241212,0.332664972070419,0.242824984070107,2,1,100,0.211839297861998,-0.044436980385,2,8,1,-16.00441,1243,0.2,0,5,"both",0.211839297861998,-0.044436980385
"117","session1",-18.0880711593315,10.6794202484304,2.46739719764194,8.74750329355106e-06,0.972050489241212,0.332664972070419,0.242824984070107,2,1,100,0.211839297861998,-0.044436980385,2,3.83620403269924,0,-36.5693,1243,0.2,0,5,"both",0.211839297861998,-0.044436980385
"118","session1",-18.0880711593315,10.6794202484304,2.46739719764194,8.74750329355106e-06,0.972050489241212,0.332664972070419,0.242824984070107,2,1,100,0.211839297861998,-0.044436980385,2,5.48612500833599,0,-25.58651,1243,0.2,0,5,"both",0.211839297861998,-0.044436980385
"119","session1",-18.0880711593315,10.6794202484304,2.46739719764194,8.74750329355106e-06,0.972050489241212,0.332664972070419,0.242824984070107,2,1,100,0.211839297861998,-0.044436980385,2,4.40631053879278,1,-19.6704,1243,0.2,0,5,"both",0.211839297861998,-0.044436980385
"120","session1",-18.0880711593315,10.6794202484304,2.46739719764194,8.74750329355106e-06,0.972050489241212,0.332664972070419,0.242824984070107,2,1,100,0.211839297861998,-0.044436980385,2,3.22388435763236,1,-18.04188,1243,0.2,0,5,"both",0.211839297861998,-0.044436980385
"121","session1",-18.0880711593315,10.6794202484304,2.46739719764194,8.74750329355106e-06,0.972050489241212,0.332664972070419,0.242824984070107,2,1,100,0.211839297861998,-0.044436980385,2,6.70140771737418,0,-20.20083,1243,0.2,0,5,"both",0.211839297861998,-0.044436980385
"122","session1",-18.0880711593315,10.6794202484304,2.46739719764194,8.74750329355106e-06,0.972050489241212,0.332664972070419,0.242824984070107,2,1,100,0.211839297861998,-0.044436980385,2,4.69003084995933,0,-16.55469,1243,0.2,0,5,"both",0.211839297861998,-0.044436980385
"123","session1",-18.0880711593315,10.6794202484304,2.46739719764194,8.74750329355106e-06,0.972050489241212,0.332664972070419,0.242824984070107,2,1,100,0.211839297861998,-0.044436980385,2,4.14857868714561,0,-29.01145,1243,0.2,0,5,"both",0.211839297861998,-0.044436980385
"124","session1",-18.0880711593315,10.6794202484304,2.46739719764194,8.74750329355106e-06,0.972050489241212,0.332664972070419,0.242824984070107,2,1,100,0.211839297861998,-0.044436980385,2,6.49093599420823,0,-16.34769,1243,0.2,0,5,"both",0.211839297861998,-0.044436980385
"125","session1",-18.0880711593315,10.6794202484304,2.46739719764194,8.74750329355106e-06,0.972050489241212,0.332664972070419,0.242824984070107,2,1,100,0.211839297861998,-0.044436980385,2,3.55969302032145,0,-31.98735,1243,0.2,0,5,"both",0.211839297861998,-0.044436980385
"126","session1",-18.0880711593315,10.6794202484304,2.46739719764194,8.74750329355106e-06,0.972050489241212,0.332664972070419,0.242824984070107,2,1,100,0.211839297861998,-0.044436980385,2,3.87791938524968,0,-29.97664,1243,0.2,0,5,"both",0.211839297861998,-0.044436980385
"127","session1",-18.0880711593315,10.6794202484304,2.46739719764194,8.74750329355106e-06,0.972050489241212,0.332664972070419,0.242824984070107,2,1,100,0.211839297861998,-0.044436980385,2,4.28926893480944,0,-14.01052,1243,0.2,0,5,"both",0.211839297861998,-0.044436980385
"128","session1",-18.0880711593315,10.6794202484304,2.46739719764194,8.74750329355106e-06,0.972050489241212,0.332664972070419,0.242824984070107,2,1,100,0.211839297861998,-0.044436980385,2,4.80618152700559,0,-19.99773,1243,0.2,0,5,"both",0.211839297861998,-0.044436980385
"129","session1",-18.0880711593315,10.6794202484304,2.46739719764194,8.74750329355106e-06,0.972050489241212,0.332664972070419,0.242824984070107,2,1,100,0.211839297861998,-0.044436980385,2,3.73794877204951,1,-23.42355,1243,0.2,0,5,"both",0.211839297861998,-0.044436980385
"130","session1",-18.0880711593315,10.6794202484304,2.46739719764194,8.74750329355106e-06,0.972050489241212,0.332664972070419,0.242824984070107,2,1,100,0.211839297861998,-0.044436980385,2,3.2714740817906,0,-30.197,1243,0.2,0,5,"both",0.211839297861998,-0.044436980385
"131","session1",-18.0880711593315,10.6794202484304,2.46739719764194,8.74750329355106e-06,0.972050489241212,0.332664972070419,0.242824984070107,2,1,100,0.211839297861998,-0.044436980385,2,1.77271209183419,1,8.9588,1243,0.2,0,5,"both",0.211839297861998,-0.044436980385
"132","session1",-18.0880711593315,10.6794202484304,2.46739719764194,8.74750329355106e-06,0.972050489241212,0.332664972070419,0.242824984070107,2,1,100,0.211839297861998,-0.044436980385,2,5.48901656046607,0,-17.61328,1243,0.2,0,5,"both",0.211839297861998,-0.044436980385
"133","session1",-18.0880711593315,10.6794202484304,2.46739719764194,8.74750329355106e-06,0.972050489241212,0.332664972070419,0.242824984070107,2,1,100,0.211839297861998,-0.044436980385,2,4.56931725133104,0,-11.36661,1243,0.2,0,5,"both",0.211839297861998,-0.044436980385
"134","session1",-18.0880711593315,10.6794202484304,2.46739719764194,8.74750329355106e-06,0.972050489241212,0.332664972070419,0.242824984070107,2,1,100,0.211839297861998,-0.044436980385,2,3.56726778435119,0,-34.1254,1243,0.2,0,5,"both",0.211839297861998,-0.044436980385
"135","session1",-18.0880711593315,10.6794202484304,2.46739719764194,8.74750329355106e-06,0.972050489241212,0.332664972070419,0.242824984070107,2,1,100,0.211839297861998,-0.044436980385,2,4.74972841340981,1,1.26364,1243,0.2,0,5,"both",0.211839297861998,-0.044436980385
"136","session1",-18.0880711593315,10.6794202484304,2.46739719764194,8.74750329355106e-06,0.972050489241212,0.332664972070419,0.242824984070107,2,1,100,0.211839297861998,-0.044436980385,2,7.69834476878792,1,-13.93279,1243,0.2,0,5,"both",0.211839297861998,-0.044436980385
"137","session1",-18.0880711593315,10.6794202484304,2.46739719764194,8.74750329355106e-06,0.972050489241212,0.332664972070419,0.242824984070107,2,1,100,0.211839297861998,-0.044436980385,2,5.2016889970893,0,-22.99522,1243,0.2,0,5,"both",0.211839297861998,-0.044436980385
"138","session1",-18.0880711593315,10.6794202484304,2.46739719764194,8.74750329355106e-06,0.972050489241212,0.332664972070419,0.242824984070107,2,1,100,0.211839297861998,-0.044436980385,2,3.86718937449079,1,-6.9972,1243,0.2,0,5,"both",0.211839297861998,-0.044436980385
"139","session1",-18.0880711593315,10.6794202484304,2.46739719764194,8.74750329355106e-06,0.972050489241212,0.332664972070419,0.242824984070107,2,1,100,0.211839297861998,-0.044436980385,2,6.92689399738448,0,-27.83575,1243,0.2,0,5,"both",0.211839297861998,-0.044436980385
"140","session1",-18.0880711593315,10.6794202484304,2.46739719764194,8.74750329355106e-06,0.972050489241212,0.332664972070419,0.242824984070107,2,1,100,0.211839297861998,-0.044436980385,2,4.82749951128311,1,-13.62054,1243,0.2,0,5,"both",0.211839297861998,-0.044436980385
"141","session1",-18.0880711593315,10.6794202484304,2.46739719764194,8.74750329355106e-06,0.972050489241212,0.332664972070419,0.242824984070107,2,1,100,0.211839297861998,-0.044436980385,2,4.03930262149463,1,-13.28982,1243,0.2,0,5,"both",0.211839297861998,-0.044436980385
"142","session1",-18.0880711593315,10.6794202484304,2.46739719764194,8.74750329355106e-06,0.972050489241212,0.332664972070419,0.242824984070107,2,1,100,0.211839297861998,-0.044436980385,2,2.83954908195802,1,-12.73081,1243,0.2,0,5,"both",0.211839297861998,-0.044436980385
"143","session1",-18.0880711593315,10.6794202484304,2.46739719764194,8.74750329355106e-06,0.972050489241212,0.332664972070419,0.242824984070107,2,1,100,0.211839297861998,-0.044436980385,2,5.77033659503064,1,-9.2022,1243,0.2,0,5,"both",0.211839297861998,-0.044436980385
"144","session1",-18.0880711593315,10.6794202484304,2.46739719764194,8.74750329355106e-06,0.972050489241212,0.332664972070419,0.242824984070107,2,1,100,0.211839297861998,-0.044436980385,2,3.45596044458331,1,-10.09077,1243,0.2,0,5,"both",0.211839297861998,-0.044436980385
"145","session1",-18.0880711593315,10.6794202484304,2.46739719764194,8.74750329355106e-06,0.972050489241212,0.332664972070419,0.242824984070107,2,1,100,0.211839297861998,-0.044436980385,2,5.86054108873999,1,-12.24704,1243,0.2,0,5,"both",0.211839297861998,-0.044436980385
"146","session1",-18.0880711593315,10.6794202484304,2.46739719764194,8.74750329355106e-06,0.972050489241212,0.332664972070419,0.242824984070107,2,1,100,0.211839297861998,-0.044436980385,2,3.59596173161486,0,-28.99129,1243,0.2,0,5,"both",0.211839297861998,-0.044436980385
"147","session1",-18.0880711593315,10.6794202484304,2.46739719764194,8.74750329355106e-06,0.972050489241212,0.332664972070419,0.242824984070107,2,1,100,0.211839297861998,-0.044436980385,2,3.48175963244558,0,-24.05995,1243,0.2,0,5,"both",0.211839297861998,-0.044436980385
"148","session1",-18.0880711593315,10.6794202484304,2.46739719764194,8.74750329355106e-06,0.972050489241212,0.332664972070419,0.242824984070107,2,1,100,0.211839297861998,-0.044436980385,2,3.14446312506063,0,-9.55483,1243,0.2,0,5,"both",0.211839297861998,-0.044436980385
"149","session1",-18.0880711593315,10.6794202484304,2.46739719764194,8.74750329355106e-06,0.972050489241212,0.332664972070419,0.242824984070107,2,1,100,0.211839297861998,-0.044436980385,2,6.11167204340001,1,-13.57394,1243,0.2,0,5,"both",0.211839297861998,-0.044436980385
"150","session1",-18.0880711593315,10.6794202484304,2.46739719764194,8.74750329355106e-06,0.972050489241212,0.332664972070419,0.242824984070107,2,1,100,0.211839297861998,-0.044436980385,2,3.72323070117338,0,-21.64139,1243,0.2,0,5,"both",0.211839297861998,-0.044436980385
"151","session1",-18.0880711593315,10.6794202484304,2.46739719764194,8.74750329355106e-06,0.972050489241212,0.332664972070419,0.242824984070107,2,1,100,0.211839297861998,-0.044436980385,2,3.69414154920455,0,-23.53747,1243,0.2,0,5,"both",0.211839297861998,-0.044436980385
"152","session1",-18.0880711593315,10.6794202484304,2.46739719764194,8.74750329355106e-06,0.972050489241212,0.332664972070419,0.242824984070107,2,1,100,0.211839297861998,-0.044436980385,2,4.37305135713096,1,-22.71879,1243,0.2,0,5,"both",0.211839297861998,-0.044436980385
"153","session1",-18.0880711593315,10.6794202484304,2.46739719764194,8.74750329355106e-06,0.972050489241212,0.332664972070419,0.242824984070107,2,1,100,0.211839297861998,-0.044436980385,2,7.1009869620363,1,-13.07936,1243,0.2,0,5,"both",0.211839297861998,-0.044436980385
"154","session1",-18.0880711593315,10.6794202484304,2.46739719764194,8.74750329355106e-06,0.972050489241212,0.332664972070419,0.242824984070107,2,1,100,0.211839297861998,-0.044436980385,2,3.21588092857665,0,-25.5814,1243,0.2,0,5,"both",0.211839297861998,-0.044436980385
"155","session1",-18.0880711593315,10.6794202484304,2.46739719764194,8.74750329355106e-06,0.972050489241212,0.332664972070419,0.242824984070107,2,1,100,0.211839297861998,-0.044436980385,2,5.79699208413402,0,-32.3838,1243,0.2,0,5,"both",0.211839297861998,-0.044436980385
"156","session1",-18.0880711593315,10.6794202484304,2.46739719764194,8.74750329355106e-06,0.972050489241212,0.332664972070419,0.242824984070107,2,1,100,0.211839297861998,-0.044436980385,2,5.54955478877164,0,-14.59899,1243,0.2,0,5,"both",0.211839297861998,-0.044436980385
"157","session1",-18.0880711593315,10.6794202484304,2.46739719764194,8.74750329355106e-06,0.972050489241212,0.332664972070419,0.242824984070107,2,1,100,0.211839297861998,-0.044436980385,2,4.57609260943748,1,-11.50546,1243,0.2,0,5,"both",0.211839297861998,-0.044436980385
"158","session1",-18.0880711593315,10.6794202484304,2.46739719764194,8.74750329355106e-06,0.972050489241212,0.332664972070419,0.242824984070107,2,1,100,0.211839297861998,-0.044436980385,2,6.98227853464476,0,-24.54698,1243,0.2,0,5,"both",0.211839297861998,-0.044436980385
"159","session1",-18.0880711593315,10.6794202484304,2.46739719764194,8.74750329355106e-06,0.972050489241212,0.332664972070419,0.242824984070107,2,1,100,0.211839297861998,-0.044436980385,2,5.62148503961542,0,-28.45118,1243,0.2,0,5,"both",0.211839297861998,-0.044436980385
"160","session1",-18.0880711593315,10.6794202484304,2.46739719764194,8.74750329355106e-06,0.972050489241212,0.332664972070419,0.242824984070107,2,1,100,0.211839297861998,-0.044436980385,2,2.53040591943513,0,-25.34743,1243,0.2,0,5,"both",0.211839297861998,-0.044436980385
"161","session1",-18.0880711593315,10.6794202484304,2.46739719764194,8.74750329355106e-06,0.972050489241212,0.332664972070419,0.242824984070107,2,1,100,0.211839297861998,-0.044436980385,2,4.75062720324592,0,-14.34212,1243,0.2,0,5,"both",0.211839297861998,-0.044436980385
"162","session1",-18.0880711593315,10.6794202484304,2.46739719764194,8.74750329355106e-06,0.972050489241212,0.332664972070419,0.242824984070107,2,1,100,0.211839297861998,-0.044436980385,2,4.09971969815383,1,-22.58794,1243,0.2,0,5,"both",0.211839297861998,-0.044436980385
"163","session1",-18.0880711593315,10.6794202484304,2.46739719764194,8.74750329355106e-06,0.972050489241212,0.332664972070419,0.242824984070107,2,1,100,0.211839297861998,-0.044436980385,2,6.54869859567651,0,-23.48791,1243,0.2,0,5,"both",0.211839297861998,-0.044436980385
"164","session1",-18.0880711593315,10.6794202484304,2.46739719764194,8.74750329355106e-06,0.972050489241212,0.332664972070419,0.242824984070107,2,1,100,0.211839297861998,-0.044436980385,2,2.93484774502467,0,-32.3831,1243,0.2,0,5,"both",0.211839297861998,-0.044436980385
"165","session1",-18.0880711593315,10.6794202484304,2.46739719764194,8.74750329355106e-06,0.972050489241212,0.332664972070419,0.242824984070107,2,1,100,0.211839297861998,-0.044436980385,2,4.84309935550594,0,-27.8175,1243,0.2,0,5,"both",0.211839297861998,-0.044436980385
"166","session1",-18.0880711593315,10.6794202484304,2.46739719764194,8.74750329355106e-06,0.972050489241212,0.332664972070419,0.242824984070107,2,1,100,0.211839297861998,-0.044436980385,2,7.03243882217194,1,-8.72881,1243,0.2,0,5,"both",0.211839297861998,-0.044436980385
"167","session1",-18.0880711593315,10.6794202484304,2.46739719764194,8.74750329355106e-06,0.972050489241212,0.332664972070419,0.242824984070107,2,1,100,0.211839297861998,-0.044436980385,2,4.24734705626809,0,-20.67193,1243,0.2,0,5,"both",0.211839297861998,-0.044436980385
"168","session1",-18.0880711593315,10.6794202484304,2.46739719764194,8.74750329355106e-06,0.972050489241212,0.332664972070419,0.242824984070107,2,1,100,0.211839297861998,-0.044436980385,2,3.33586575009829,0,-28.76425,1243,0.2,0,5,"both",0.211839297861998,-0.044436980385
"169","session1",-18.0880711593315,10.6794202484304,2.46739719764194,8.74750329355106e-06,0.972050489241212,0.332664972070419,0.242824984070107,2,1,100,0.211839297861998,-0.044436980385,2,4.52076693502482,1,-12.73794,1243,0.2,0,5,"both",0.211839297861998,-0.044436980385
"170","session1",-18.0880711593315,10.6794202484304,2.46739719764194,8.74750329355106e-06,0.972050489241212,0.332664972070419,0.242824984070107,2,1,100,0.211839297861998,-0.044436980385,2,7.94852648406412,1,-25.67187,1243,0.2,0,5,"both",0.211839297861998,-0.044436980385
"171","session1",-18.0880711593315,10.6794202484304,2.46739719764194,8.74750329355106e-06,0.972050489241212,0.332664972070419,0.242824984070107,2,1,100,0.211839297861998,-0.044436980385,2,8,1,-10.55552,1243,0.2,0,5,"both",0.211839297861998,-0.044436980385
"172","session1",-18.0880711593315,10.6794202484304,2.46739719764194,8.74750329355106e-06,0.972050489241212,0.332664972070419,0.242824984070107,2,1,100,0.211839297861998,-0.044436980385,2,2.87265496146486,1,-5.44,1243,0.2,0,5,"both",0.211839297861998,-0.044436980385
"173","session1",-18.0880711593315,10.6794202484304,2.46739719764194,8.74750329355106e-06,0.972050489241212,0.332664972070419,0.242824984070107,2,1,100,0.211839297861998,-0.044436980385,2,2.6805955616134,1,-13.66168,1243,0.2,0,5,"both",0.211839297861998,-0.044436980385
"174","session1",-18.0880711593315,10.6794202484304,2.46739719764194,8.74750329355106e-06,0.972050489241212,0.332664972070419,0.242824984070107,2,1,100,0.211839297861998,-0.044436980385,2,3.63491891095949,1,-12.1198,1243,0.2,0,5,"both",0.211839297861998,-0.044436980385
"175","session1",-18.0880711593315,10.6794202484304,2.46739719764194,8.74750329355106e-06,0.972050489241212,0.332664972070419,0.242824984070107,2,1,100,0.211839297861998,-0.044436980385,2,4.90387811810482,1,-13.84289,1243,0.2,0,5,"both",0.211839297861998,-0.044436980385
"176","session1",-18.0880711593315,10.6794202484304,2.46739719764194,8.74750329355106e-06,0.972050489241212,0.332664972070419,0.242824984070107,2,1,100,0.211839297861998,-0.044436980385,2,3.1747069449894,1,-27.87336,1243,0.2,0,5,"both",0.211839297861998,-0.044436980385
"177","session1",-18.0880711593315,10.6794202484304,2.46739719764194,8.74750329355106e-06,0.972050489241212,0.332664972070419,0.242824984070107,2,1,100,0.211839297861998,-0.044436980385,2,6.84807258348543,1,-11.80202,1243,0.2,0,5,"both",0.211839297861998,-0.044436980385
"178","session1",-18.0880711593315,10.6794202484304,2.46739719764194,8.74750329355106e-06,0.972050489241212,0.332664972070419,0.242824984070107,2,1,100,0.211839297861998,-0.044436980385,2,5.21365820422604,0,-11.29229,1243,0.2,0,5,"both",0.211839297861998,-0.044436980385
"179","session1",-18.0880711593315,10.6794202484304,2.46739719764194,8.74750329355106e-06,0.972050489241212,0.332664972070419,0.242824984070107,2,1,100,0.211839297861998,-0.044436980385,2,5.78799083086823,1,-11.03905,1243,0.2,0,5,"both",0.211839297861998,-0.044436980385
"180","session1",-18.0880711593315,10.6794202484304,2.46739719764194,8.74750329355106e-06,0.972050489241212,0.332664972070419,0.242824984070107,2,1,100,0.211839297861998,-0.044436980385,2,3.49026065605332,0,-27.6067,1243,0.2,0,5,"both",0.211839297861998,-0.044436980385
"181","session1",-18.0880711593315,10.6794202484304,2.46739719764194,8.74750329355106e-06,0.972050489241212,0.332664972070419,0.242824984070107,2,1,100,0.211839297861998,-0.044436980385,2,4.50703336542596,0,-27.6298,1243,0.2,0,5,"both",0.211839297861998,-0.044436980385
"182","session1",-18.0880711593315,10.6794202484304,2.46739719764194,8.74750329355106e-06,0.972050489241212,0.332664972070419,0.242824984070107,2,1,100,0.211839297861998,-0.044436980385,2,4.96829288164067,0,-24.34655,1243,0.2,0,5,"both",0.211839297861998,-0.044436980385
"183","session1",-18.0880711593315,10.6794202484304,2.46739719764194,8.74750329355106e-06,0.972050489241212,0.332664972070419,0.242824984070107,2,1,100,0.211839297861998,-0.044436980385,2,7.11855467164473,1,-13.34742,1243,0.2,0,5,"both",0.211839297861998,-0.044436980385
"184","session1",-18.0880711593315,10.6794202484304,2.46739719764194,8.74750329355106e-06,0.972050489241212,0.332664972070419,0.242824984070107,2,1,100,0.211839297861998,-0.044436980385,2,5.63835407456338,1,-12.79321,1243,0.2,0,5,"both",0.211839297861998,-0.044436980385
"185","session1",-18.0880711593315,10.6794202484304,2.46739719764194,8.74750329355106e-06,0.972050489241212,0.332664972070419,0.242824984070107,2,1,100,0.211839297861998,-0.044436980385,2,5.33300443329462,1,-14.09476,1243,0.2,0,5,"both",0.211839297861998,-0.044436980385
"186","session1",-18.0880711593315,10.6794202484304,2.46739719764194,8.74750329355106e-06,0.972050489241212,0.332664972070419,0.242824984070107,2,1,100,0.211839297861998,-0.044436980385,2,4.49301911433608,0,-24.81708,1243,0.2,0,5,"both",0.211839297861998,-0.044436980385
"187","session1",-18.0880711593315,10.6794202484304,2.46739719764194,8.74750329355106e-06,0.972050489241212,0.332664972070419,0.242824984070107,2,1,100,0.211839297861998,-0.044436980385,2,4.85969577534492,1,-12.32038,1243,0.2,0,5,"both",0.211839297861998,-0.044436980385
"188","session1",-18.0880711593315,10.6794202484304,2.46739719764194,8.74750329355106e-06,0.972050489241212,0.332664972070419,0.242824984070107,2,1,100,0.211839297861998,-0.044436980385,2,6.82028386245,1,-11.75956,1243,0.2,0,5,"both",0.211839297861998,-0.044436980385
"189","session1",-18.0880711593315,10.6794202484304,2.46739719764194,8.74750329355106e-06,0.972050489241212,0.332664972070419,0.242824984070107,2,1,100,0.211839297861998,-0.044436980385,2,6.56600584582732,0,-26.86687,1243,0.2,0,5,"both",0.211839297861998,-0.044436980385
"190","session1",-18.0880711593315,10.6794202484304,2.46739719764194,8.74750329355106e-06,0.972050489241212,0.332664972070419,0.242824984070107,2,1,100,0.211839297861998,-0.044436980385,2,6.44507176019445,1,-10.76663,1243,0.2,0,5,"both",0.211839297861998,-0.044436980385
"191","session1",-18.0880711593315,10.6794202484304,2.46739719764194,8.74750329355106e-06,0.972050489241212,0.332664972070419,0.242824984070107,2,1,100,0.211839297861998,-0.044436980385,2,3.23612129107575,1,-10.89351,1243,0.2,0,5,"both",0.211839297861998,-0.044436980385
"192","session1",-18.0880711593315,10.6794202484304,2.46739719764194,8.74750329355106e-06,0.972050489241212,0.332664972070419,0.242824984070107,2,1,100,0.211839297861998,-0.044436980385,2,5.00943858911055,0,-12.53229,1243,0.2,0,5,"both",0.211839297861998,-0.044436980385
"193","session1",-18.0880711593315,10.6794202484304,2.46739719764194,8.74750329355106e-06,0.972050489241212,0.332664972070419,0.242824984070107,2,1,100,0.211839297861998,-0.044436980385,2,5.19471212157059,1,-12.14493,1243,0.2,0,5,"both",0.211839297861998,-0.044436980385
"194","session1",-18.0880711593315,10.6794202484304,2.46739719764194,8.74750329355106e-06,0.972050489241212,0.332664972070419,0.242824984070107,2,1,100,0.211839297861998,-0.044436980385,2,4.68862787441324,0,-25.08254,1243,0.2,0,5,"both",0.211839297861998,-0.044436980385
"195","session1",-18.0880711593315,10.6794202484304,2.46739719764194,8.74750329355106e-06,0.972050489241212,0.332664972070419,0.242824984070107,2,1,100,0.211839297861998,-0.044436980385,2,4.9729898685363,1,-12.87437,1243,0.2,0,5,"both",0.211839297861998,-0.044436980385
"196","session1",-18.0880711593315,10.6794202484304,2.46739719764194,8.74750329355106e-06,0.972050489241212,0.332664972070419,0.242824984070107,2,1,100,0.211839297861998,-0.044436980385,2,3.56583662892344,0,-26.77521,1243,0.2,0,5,"both",0.211839297861998,-0.044436980385
"197","session1",-18.0880711593315,10.6794202484304,2.46739719764194,8.74750329355106e-06,0.972050489241212,0.332664972070419,0.242824984070107,2,1,100,0.211839297861998,-0.044436980385,2,4.00834619600877,0,-25.84066,1243,0.2,0,5,"both",0.211839297861998,-0.044436980385
"198","session1",-18.0880711593315,10.6794202484304,2.46739719764194,8.74750329355106e-06,0.972050489241212,0.332664972070419,0.242824984070107,2,1,100,0.211839297861998,-0.044436980385,2,2.92448077297567,0,-28.71244,1243,0.2,0,5,"both",0.211839297861998,-0.044436980385
"199","session1",-18.0880711593315,10.6794202484304,2.46739719764194,8.74750329355106e-06,0.972050489241212,0.332664972070419,0.242824984070107,2,1,100,0.211839297861998,-0.044436980385,2,4.86412262878866,0,-14.09257,1243,0.2,0,5,"both",0.211839297861998,-0.044436980385
"200","session1",-18.0880711593315,10.6794202484304,2.46739719764194,8.74750329355106e-06,0.972050489241212,0.332664972070419,0.242824984070107,2,1,100,0.211839297861998,-0.044436980385,2,5.49127281943853,0,-23.54196,1243,0.2,0,5,"both",0.211839297861998,-0.044436980385
"201","session1",-1.0217463077679,9.06059282909449,2.45025301823903,0.0376187009420108,-0.477012721293238,0.81561423596733,0.918337428844491,3,1,100,0.211839297861998,-0.044436980385,3,4.44488911528022,0,-9.7457753145,1243,0.2,0,5,"both",0.211839297861998,-0.044436980385
"202","session1",-1.0217463077679,9.06059282909449,2.45025301823903,0.0376187009420108,-0.477012721293238,0.81561423596733,0.918337428844491,3,1,100,0.211839297861998,-0.044436980385,3,3.91697066106572,1,7.933235884303,1243,0.2,0,5,"both",0.211839297861998,-0.044436980385
"203","session1",-1.0217463077679,9.06059282909449,2.45025301823903,0.0376187009420108,-0.477012721293238,0.81561423596733,0.918337428844491,3,1,100,0.211839297861998,-0.044436980385,3,1.15977772770923,0,1.2335565864,1243,0.2,0,5,"both",0.211839297861998,-0.044436980385
"204","session1",-1.0217463077679,9.06059282909449,2.45025301823903,0.0376187009420108,-0.477012721293238,0.81561423596733,0.918337428844491,3,1,100,0.211839297861998,-0.044436980385,3,4.8100267148917,1,4.11621371696,1243,0.2,0,5,"both",0.211839297861998,-0.044436980385
"205","session1",-1.0217463077679,9.06059282909449,2.45025301823903,0.0376187009420108,-0.477012721293238,0.81561423596733,0.918337428844491,3,1,100,0.211839297861998,-0.044436980385,3,2.55640669497287,1,9.093541,1243,0.2,0,5,"both",0.211839297861998,-0.044436980385
"206","session1",-1.0217463077679,9.06059282909449,2.45025301823903,0.0376187009420108,-0.477012721293238,0.81561423596733,0.918337428844491,3,1,100,0.211839297861998,-0.044436980385,3,1.20327133817763,1,3.29753,1243,0.2,0,5,"both",0.211839297861998,-0.044436980385
"207","session1",-1.0217463077679,9.06059282909449,2.45025301823903,0.0376187009420108,-0.477012721293238,0.81561423596733,0.918337428844491,3,1,100,0.211839297861998,-0.044436980385,3,1.30007086119664,1,11.93502,1243,0.2,0,5,"both",0.211839297861998,-0.044436980385
"208","session1",-1.0217463077679,9.06059282909449,2.45025301823903,0.0376187009420108,-0.477012721293238,0.81561423596733,0.918337428844491,3,1,100,0.211839297861998,-0.044436980385,3,1.50783973839621,0,-6.62103,1243,0.2,0,5,"both",0.211839297861998,-0.044436980385
"209","session1",-1.0217463077679,9.06059282909449,2.45025301823903,0.0376187009420108,-0.477012721293238,0.81561423596733,0.918337428844491,3,1,100,0.211839297861998,-0.044436980385,3,1.6074832336716,1,16.75989,1243,0.2,0,5,"both",0.211839297861998,-0.044436980385
"210","session1",-1.0217463077679,9.06059282909449,2.45025301823903,0.0376187009420108,-0.477012721293238,0.81561423596733,0.918337428844491,3,1,100,0.211839297861998,-0.044436980385,3,1.88624607829941,1,2.71478,1243,0.2,0,5,"both",0.211839297861998,-0.044436980385
"211","session1",-1.0217463077679,9.06059282909449,2.45025301823903,0.0376187009420108,-0.477012721293238,0.81561423596733,0.918337428844491,3,1,100,0.211839297861998,-0.044436980385,3,2.64305820298757,1,3.641355,1243,0.2,0,5,"both",0.211839297861998,-0.044436980385
"212","session1",-1.0217463077679,9.06059282909449,2.45025301823903,0.0376187009420108,-0.477012721293238,0.81561423596733,0.918337428844491,3,1,100,0.211839297861998,-0.044436980385,3,2.5592548337488,1,0.28866,1243,0.2,0,5,"both",0.211839297861998,-0.044436980385
"213","session1",-1.0217463077679,9.06059282909449,2.45025301823903,0.0376187009420108,-0.477012721293238,0.81561423596733,0.918337428844491,3,1,100,0.211839297861998,-0.044436980385,3,1.85784242019695,1,26.05764,1243,0.2,0,5,"both",0.211839297861998,-0.044436980385
"214","session1",-1.0217463077679,9.06059282909449,2.45025301823903,0.0376187009420108,-0.477012721293238,0.81561423596733,0.918337428844491,3,1,100,0.211839297861998,-0.044436980385,3,3.52412956544557,1,3.698197,1243,0.2,0,5,"both",0.211839297861998,-0.044436980385
"215","session1",-1.0217463077679,9.06059282909449,2.45025301823903,0.0376187009420108,-0.477012721293238,0.81561423596733,0.918337428844491,3,1,100,0.211839297861998,-0.044436980385,3,1.60946699839144,1,-1.352144,1243,0.2,0,5,"both",0.211839297861998,-0.044436980385
"216","session1",-1.0217463077679,9.06059282909449,2.45025301823903,0.0376187009420108,-0.477012721293238,0.81561423596733,0.918337428844491,3,1,100,0.211839297861998,-0.044436980385,3,2.27159339456105,0,-8.184503,1243,0.2,0,5,"both",0.211839297861998,-0.044436980385
"217","session1",-1.0217463077679,9.06059282909449,2.45025301823903,0.0376187009420108,-0.477012721293238,0.81561423596733,0.918337428844491,3,1,100,0.211839297861998,-0.044436980385,3,1.52050776710134,0,-6.73538,1243,0.2,0,5,"both",0.211839297861998,-0.044436980385
"218","session1",-1.0217463077679,9.06059282909449,2.45025301823903,0.0376187009420108,-0.477012721293238,0.81561423596733,0.918337428844491,3,1,100,0.211839297861998,-0.044436980385,3,2.22161094433603,0,-4.29195,1243,0.2,0,5,"both",0.211839297861998,-0.044436980385
"219","session1",-1.0217463077679,9.06059282909449,2.45025301823903,0.0376187009420108,-0.477012721293238,0.81561423596733,0.918337428844491,3,1,100,0.211839297861998,-0.044436980385,3,1.72918803622322,0,-6.79018,1243,0.2,0,5,"both",0.211839297861998,-0.044436980385
"220","session1",-1.0217463077679,9.06059282909449,2.45025301823903,0.0376187009420108,-0.477012721293238,0.81561423596733,0.918337428844491,3,1,100,0.211839297861998,-0.044436980385,3,1.58893458407216,1,0.13676,1243,0.2,0,5,"both",0.211839297861998,-0.044436980385
"221","session1",-1.0217463077679,9.06059282909449,2.45025301823903,0.0376187009420108,-0.477012721293238,0.81561423596733,0.918337428844491,3,1,100,0.211839297861998,-0.044436980385,3,2.2353767503886,0,-1.70723,1243,0.2,0,5,"both",0.211839297861998,-0.044436980385
"222","session1",-1.0217463077679,9.06059282909449,2.45025301823903,0.0376187009420108,-0.477012721293238,0.81561423596733,0.918337428844491,3,1,100,0.211839297861998,-0.044436980385,3,1.74276633514271,0,-2.96456,1243,0.2,0,5,"both",0.211839297861998,-0.044436980385
"223","session1",-1.0217463077679,9.06059282909449,2.45025301823903,0.0376187009420108,-0.477012721293238,0.81561423596733,0.918337428844491,3,1,100,0.211839297861998,-0.044436980385,3,1.77007580209889,0,-4.7362,1243,0.2,0,5,"both",0.211839297861998,-0.044436980385
"224","session1",-1.0217463077679,9.06059282909449,2.45025301823903,0.0376187009420108,-0.477012721293238,0.81561423596733,0.918337428844491,3,1,100,0.211839297861998,-0.044436980385,3,2.84226691153415,1,-1.739773,1243,0.2,0,5,"both",0.211839297861998,-0.044436980385
"225","session1",-1.0217463077679,9.06059282909449,2.45025301823903,0.0376187009420108,-0.477012721293238,0.81561423596733,0.918337428844491,3,1,100,0.211839297861998,-0.044436980385,3,2.19271311311961,1,-0.56832,1243,0.2,0,5,"both",0.211839297861998,-0.044436980385
"226","session1",-1.0217463077679,9.06059282909449,2.45025301823903,0.0376187009420108,-0.477012721293238,0.81561423596733,0.918337428844491,3,1,100,0.211839297861998,-0.044436980385,3,1.3037738122377,0,-5.77072,1243,0.2,0,5,"both",0.211839297861998,-0.044436980385
"227","session1",-1.0217463077679,9.06059282909449,2.45025301823903,0.0376187009420108,-0.477012721293238,0.81561423596733,0.918337428844491,3,1,100,0.211839297861998,-0.044436980385,3,1.63700794975359,1,2.65207,1243,0.2,0,5,"both",0.211839297861998,-0.044436980385
"228","session1",-1.0217463077679,9.06059282909449,2.45025301823903,0.0376187009420108,-0.477012721293238,0.81561423596733,0.918337428844491,3,1,100,0.211839297861998,-0.044436980385,3,2.11181013943325,1,-1.80271,1243,0.2,0,5,"both",0.211839297861998,-0.044436980385
"229","session1",-1.0217463077679,9.06059282909449,2.45025301823903,0.0376187009420108,-0.477012721293238,0.81561423596733,0.918337428844491,3,1,100,0.211839297861998,-0.044436980385,3,1.3437818919536,0,0.1925,1243,0.2,0,5,"both",0.211839297861998,-0.044436980385
"230","session1",-1.0217463077679,9.06059282909449,2.45025301823903,0.0376187009420108,-0.477012721293238,0.81561423596733,0.918337428844491,3,1,100,0.211839297861998,-0.044436980385,3,1.40984941469154,0,-5.68322,1243,0.2,0,5,"both",0.211839297861998,-0.044436980385
"231","session1",-1.0217463077679,9.06059282909449,2.45025301823903,0.0376187009420108,-0.477012721293238,0.81561423596733,0.918337428844491,3,1,100,0.211839297861998,-0.044436980385,3,2.06000782118846,0,-2.98628,1243,0.2,0,5,"both",0.211839297861998,-0.044436980385
"232","session1",-1.0217463077679,9.06059282909449,2.45025301823903,0.0376187009420108,-0.477012721293238,0.81561423596733,0.918337428844491,3,1,100,0.211839297861998,-0.044436980385,3,2.02149332435452,0,-4.75378,1243,0.2,0,5,"both",0.211839297861998,-0.044436980385
"233","session1",-1.0217463077679,9.06059282909449,2.45025301823903,0.0376187009420108,-0.477012721293238,0.81561423596733,0.918337428844491,3,1,100,0.211839297861998,-0.044436980385,3,3.96593997856143,0,2.032746,1243,0.2,0,5,"both",0.211839297861998,-0.044436980385
"234","session1",-1.0217463077679,9.06059282909449,2.45025301823903,0.0376187009420108,-0.477012721293238,0.81561423596733,0.918337428844491,3,1,100,0.211839297861998,-0.044436980385,3,3.31534274799202,0,1.7779,1243,0.2,0,5,"both",0.211839297861998,-0.044436980385
"235","session1",-1.0217463077679,9.06059282909449,2.45025301823903,0.0376187009420108,-0.477012721293238,0.81561423596733,0.918337428844491,3,1,100,0.211839297861998,-0.044436980385,3,1.36376015016124,1,-0.25901,1243,0.2,0,5,"both",0.211839297861998,-0.044436980385
"236","session1",-1.0217463077679,9.06059282909449,2.45025301823903,0.0376187009420108,-0.477012721293238,0.81561423596733,0.918337428844491,3,1,100,0.211839297861998,-0.044436980385,3,1.84767251583057,1,3.5956834,1243,0.2,0,5,"both",0.211839297861998,-0.044436980385
"237","session1",-1.0217463077679,9.06059282909449,2.45025301823903,0.0376187009420108,-0.477012721293238,0.81561423596733,0.918337428844491,3,1,100,0.211839297861998,-0.044436980385,3,2.27334830572356,0,-3.119812,1243,0.2,0,5,"both",0.211839297861998,-0.044436980385
"238","session1",-1.0217463077679,9.06059282909449,2.45025301823903,0.0376187009420108,-0.477012721293238,0.81561423596733,0.918337428844491,3,1,100,0.211839297861998,-0.044436980385,3,3.04424528804628,1,1.098934,1243,0.2,0,5,"both",0.211839297861998,-0.044436980385
"239","session1",-1.0217463077679,9.06059282909449,2.45025301823903,0.0376187009420108,-0.477012721293238,0.81561423596733,0.918337428844491,3,1,100,0.211839297861998,-0.044436980385,3,1.34291308956666,0,-6.628157,1243,0.2,0,5,"both",0.211839297861998,-0.044436980385
"240","session1",-1.0217463077679,9.06059282909449,2.45025301823903,0.0376187009420108,-0.477012721293238,0.81561423596733,0.918337428844491,3,1,100,0.211839297861998,-0.044436980385,3,1.67418083196915,1,1.38664,1243,0.2,0,5,"both",0.211839297861998,-0.044436980385
"241","session1",-1.0217463077679,9.06059282909449,2.45025301823903,0.0376187009420108,-0.477012721293238,0.81561423596733,0.918337428844491,3,1,100,0.211839297861998,-0.044436980385,3,4.03962805136108,0,-4.160848,1243,0.2,0,5,"both",0.211839297861998,-0.044436980385
"242","session1",-1.0217463077679,9.06059282909449,2.45025301823903,0.0376187009420108,-0.477012721293238,0.81561423596733,0.918337428844491,3,1,100,0.211839297861998,-0.044436980385,3,2.26561778306157,0,-2.8695181,1243,0.2,0,5,"both",0.211839297861998,-0.044436980385
"243","session1",-1.0217463077679,9.06059282909449,2.45025301823903,0.0376187009420108,-0.477012721293238,0.81561423596733,0.918337428844491,3,1,100,0.211839297861998,-0.044436980385,3,1.53485963375672,0,-2.47765,1243,0.2,0,5,"both",0.211839297861998,-0.044436980385
"244","session1",-1.0217463077679,9.06059282909449,2.45025301823903,0.0376187009420108,-0.477012721293238,0.81561423596733,0.918337428844491,3,1,100,0.211839297861998,-0.044436980385,3,2.32044156294652,1,4.44825,1243,0.2,0,5,"both",0.211839297861998,-0.044436980385
"245","session1",-1.0217463077679,9.06059282909449,2.45025301823903,0.0376187009420108,-0.477012721293238,0.81561423596733,0.918337428844491,3,1,100,0.211839297861998,-0.044436980385,3,1.4891970585037,0,-1.9748912,1243,0.2,0,5,"both",0.211839297861998,-0.044436980385
"246","session1",-1.0217463077679,9.06059282909449,2.45025301823903,0.0376187009420108,-0.477012721293238,0.81561423596733,0.918337428844491,3,1,100,0.211839297861998,-0.044436980385,3,1.24404357977565,1,2.83636,1243,0.2,0,5,"both",0.211839297861998,-0.044436980385
"247","session1",-1.0217463077679,9.06059282909449,2.45025301823903,0.0376187009420108,-0.477012721293238,0.81561423596733,0.918337428844491,3,1,100,0.211839297861998,-0.044436980385,3,3.33052261727652,0,2.595995,1243,0.2,0,5,"both",0.211839297861998,-0.044436980385
"248","session1",-1.0217463077679,9.06059282909449,2.45025301823903,0.0376187009420108,-0.477012721293238,0.81561423596733,0.918337428844491,3,1,100,0.211839297861998,-0.044436980385,3,1.13469691530436,0,-1.74763,1243,0.2,0,5,"both",0.211839297861998,-0.044436980385
"249","session1",-1.0217463077679,9.06059282909449,2.45025301823903,0.0376187009420108,-0.477012721293238,0.81561423596733,0.918337428844491,3,1,100,0.211839297861998,-0.044436980385,3,1.56361116768942,0,0.52614,1243,0.2,0,5,"both",0.211839297861998,-0.044436980385
"250","session1",-1.0217463077679,9.06059282909449,2.45025301823903,0.0376187009420108,-0.477012721293238,0.81561423596733,0.918337428844491,3,1,100,0.211839297861998,-0.044436980385,3,1.43189475755118,0,2.963452,1243,0.2,0,5,"both",0.211839297861998,-0.044436980385
"251","session1",-1.0217463077679,9.06059282909449,2.45025301823903,0.0376187009420108,-0.477012721293238,0.81561423596733,0.918337428844491,3,1,100,0.211839297861998,-0.044436980385,3,2.2494790469761,1,5.69615,1243,0.2,0,5,"both",0.211839297861998,-0.044436980385
"252","session1",-1.0217463077679,9.06059282909449,2.45025301823903,0.0376187009420108,-0.477012721293238,0.81561423596733,0.918337428844491,3,1,100,0.211839297861998,-0.044436980385,3,1.20660365810521,0,3.172082,1243,0.2,0,5,"both",0.211839297861998,-0.044436980385
"253","session1",-1.0217463077679,9.06059282909449,2.45025301823903,0.0376187009420108,-0.477012721293238,0.81561423596733,0.918337428844491,3,1,100,0.211839297861998,-0.044436980385,3,3.365463316038,1,3.505904,1243,0.2,0,5,"both",0.211839297861998,-0.044436980385
"254","session1",-1.0217463077679,9.06059282909449,2.45025301823903,0.0376187009420108,-0.477012721293238,0.81561423596733,0.918337428844491,3,1,100,0.211839297861998,-0.044436980385,3,3.96741857488944,1,6.86195,1243,0.2,0,5,"both",0.211839297861998,-0.044436980385
"255","session1",-1.0217463077679,9.06059282909449,2.45025301823903,0.0376187009420108,-0.477012721293238,0.81561423596733,0.918337428844491,3,1,100,0.211839297861998,-0.044436980385,3,2.10550612340043,1,2.532739,1243,0.2,0,5,"both",0.211839297861998,-0.044436980385
"256","session1",-1.0217463077679,9.06059282909449,2.45025301823903,0.0376187009420108,-0.477012721293238,0.81561423596733,0.918337428844491,3,1,100,0.211839297861998,-0.044436980385,3,1.20112398152007,0,4.700997,1243,0.2,0,5,"both",0.211839297861998,-0.044436980385
"257","session1",-1.0217463077679,9.06059282909449,2.45025301823903,0.0376187009420108,-0.477012721293238,0.81561423596733,0.918337428844491,3,1,100,0.211839297861998,-0.044436980385,3,1.76643347118527,1,4.558712,1243,0.2,0,5,"both",0.211839297861998,-0.044436980385
"258","session1",-1.0217463077679,9.06059282909449,2.45025301823903,0.0376187009420108,-0.477012721293238,0.81561423596733,0.918337428844491,3,1,100,0.211839297861998,-0.044436980385,3,1.5096491376954,1,9.75241,1243,0.2,0,5,"both",0.211839297861998,-0.044436980385
"259","session1",-1.0217463077679,9.06059282909449,2.45025301823903,0.0376187009420108,-0.477012721293238,0.81561423596733,0.918337428844491,3,1,100,0.211839297861998,-0.044436980385,3,2.65414568581615,0,-2.72091,1243,0.2,0,5,"both",0.211839297861998,-0.044436980385
"260","session1",-1.0217463077679,9.06059282909449,2.45025301823903,0.0376187009420108,-0.477012721293238,0.81561423596733,0.918337428844491,3,1,100,0.211839297861998,-0.044436980385,3,2.37015658324426,1,5.056929,1243,0.2,0,5,"both",0.211839297861998,-0.044436980385
"261","session1",-1.0217463077679,9.06059282909449,2.45025301823903,0.0376187009420108,-0.477012721293238,0.81561423596733,0.918337428844491,3,1,100,0.211839297861998,-0.044436980385,3,1.73968374713987,1,8.53485,1243,0.2,0,5,"both",0.211839297861998,-0.044436980385
"262","session1",-1.0217463077679,9.06059282909449,2.45025301823903,0.0376187009420108,-0.477012721293238,0.81561423596733,0.918337428844491,3,1,100,0.211839297861998,-0.044436980385,3,1.18236820021741,1,3.75517,1243,0.2,0,5,"both",0.211839297861998,-0.044436980385
"263","session1",-1.0217463077679,9.06059282909449,2.45025301823903,0.0376187009420108,-0.477012721293238,0.81561423596733,0.918337428844491,3,1,100,0.211839297861998,-0.044436980385,3,2.09575932455066,1,-2.2309,1243,0.2,0,5,"both",0.211839297861998,-0.044436980385
"264","session1",-1.0217463077679,9.06059282909449,2.45025301823903,0.0376187009420108,-0.477012721293238,0.81561423596733,0.918337428844491,3,1,100,0.211839297861998,-0.044436980385,3,1.53725337651253,0,3.843808,1243,0.2,0,5,"both",0.211839297861998,-0.044436980385
"265","session1",-1.0217463077679,9.06059282909449,2.45025301823903,0.0376187009420108,-0.477012721293238,0.81561423596733,0.918337428844491,3,1,100,0.211839297861998,-0.044436980385,3,3.97080939031378,0,-4.62472,1243,0.2,0,5,"both",0.211839297861998,-0.044436980385
"266","session1",-1.0217463077679,9.06059282909449,2.45025301823903,0.0376187009420108,-0.477012721293238,0.81561423596733,0.918337428844491,3,1,100,0.211839297861998,-0.044436980385,3,1.46064859001123,1,-2.581964,1243,0.2,0,5,"both",0.211839297861998,-0.044436980385
"267","session1",-1.0217463077679,9.06059282909449,2.45025301823903,0.0376187009420108,-0.477012721293238,0.81561423596733,0.918337428844491,3,1,100,0.211839297861998,-0.044436980385,3,3.09763716552718,0,5.069763,1243,0.2,0,5,"both",0.211839297861998,-0.044436980385
"268","session1",-1.0217463077679,9.06059282909449,2.45025301823903,0.0376187009420108,-0.477012721293238,0.81561423596733,0.918337428844491,3,1,100,0.211839297861998,-0.044436980385,3,6.41458649926988,1,5.057236,1243,0.2,0,5,"both",0.211839297861998,-0.044436980385
"269","session1",-1.0217463077679,9.06059282909449,2.45025301823903,0.0376187009420108,-0.477012721293238,0.81561423596733,0.918337428844491,3,1,100,0.211839297861998,-0.044436980385,3,3.26783962218231,0,-5.0097,1243,0.2,0,5,"both",0.211839297861998,-0.044436980385
"270","session1",-1.0217463077679,9.06059282909449,2.45025301823903,0.0376187009420108,-0.477012721293238,0.81561423596733,0.918337428844491,3,1,100,0.211839297861998,-0.044436980385,3,1.75667690882843,1,-4.56881,1243,0.2,0,5,"both",0.211839297861998,-0.044436980385
"271","session1",-1.0217463077679,9.06059282909449,2.45025301823903,0.0376187009420108,-0.477012721293238,0.81561423596733,0.918337428844491,3,1,100,0.211839297861998,-0.044436980385,3,2.6225404180833,0,5.07524,1243,0.2,0,5,"both",0.211839297861998,-0.044436980385
"272","session1",-1.0217463077679,9.06059282909449,2.45025301823903,0.0376187009420108,-0.477012721293238,0.81561423596733,0.918337428844491,3,1,100,0.211839297861998,-0.044436980385,3,1.59340410120771,1,4.17649,1243,0.2,0,5,"both",0.211839297861998,-0.044436980385
"273","session1",-1.0217463077679,9.06059282909449,2.45025301823903,0.0376187009420108,-0.477012721293238,0.81561423596733,0.918337428844491,3,1,100,0.211839297861998,-0.044436980385,3,2.5791272258658,0,-1.70555,1243,0.2,0,5,"both",0.211839297861998,-0.044436980385
"274","session1",-1.0217463077679,9.06059282909449,2.45025301823903,0.0376187009420108,-0.477012721293238,0.81561423596733,0.918337428844491,3,1,100,0.211839297861998,-0.044436980385,3,2.03989875685413,1,6.860542,1243,0.2,0,5,"both",0.211839297861998,-0.044436980385
"275","session1",-1.0217463077679,9.06059282909449,2.45025301823903,0.0376187009420108,-0.477012721293238,0.81561423596733,0.918337428844491,3,1,100,0.211839297861998,-0.044436980385,3,1.9908636165669,0,-3.13379,1243,0.2,0,5,"both",0.211839297861998,-0.044436980385
"276","session1",-1.0217463077679,9.06059282909449,2.45025301823903,0.0376187009420108,-0.477012721293238,0.81561423596733,0.918337428844491,3,1,100,0.211839297861998,-0.044436980385,3,2.25500025212448,0,-2.61909,1243,0.2,0,5,"both",0.211839297861998,-0.044436980385
"277","session1",-1.0217463077679,9.06059282909449,2.45025301823903,0.0376187009420108,-0.477012721293238,0.81561423596733,0.918337428844491,3,1,100,0.211839297861998,-0.044436980385,3,3.07030573240347,1,-3.902126,1243,0.2,0,5,"both",0.211839297861998,-0.044436980385
"278","session1",-1.0217463077679,9.06059282909449,2.45025301823903,0.0376187009420108,-0.477012721293238,0.81561423596733,0.918337428844491,3,1,100,0.211839297861998,-0.044436980385,3,1.99861187049508,0,-3.84863,1243,0.2,0,5,"both",0.211839297861998,-0.044436980385
"279","session1",-1.0217463077679,9.06059282909449,2.45025301823903,0.0376187009420108,-0.477012721293238,0.81561423596733,0.918337428844491,3,1,100,0.211839297861998,-0.044436980385,3,1.73330521079223,1,4.6557642,1243,0.2,0,5,"both",0.211839297861998,-0.044436980385
"280","session1",-1.0217463077679,9.06059282909449,2.45025301823903,0.0376187009420108,-0.477012721293238,0.81561423596733,0.918337428844491,3,1,100,0.211839297861998,-0.044436980385,3,1.97893254443492,1,-4.24679,1243,0.2,0,5,"both",0.211839297861998,-0.044436980385
"281","session1",-1.0217463077679,9.06059282909449,2.45025301823903,0.0376187009420108,-0.477012721293238,0.81561423596733,0.918337428844491,3,1,100,0.211839297861998,-0.044436980385,3,1.62883592046961,1,4.0781662,1243,0.2,0,5,"both",0.211839297861998,-0.044436980385
"282","session1",-1.0217463077679,9.06059282909449,2.45025301823903,0.0376187009420108,-0.477012721293238,0.81561423596733,0.918337428844491,3,1,100,0.211839297861998,-0.044436980385,3,1.35024522270482,0,-6.951766,1243,0.2,0,5,"both",0.211839297861998,-0.044436980385
"283","session1",-1.0217463077679,9.06059282909449,2.45025301823903,0.0376187009420108,-0.477012721293238,0.81561423596733,0.918337428844491,3,1,100,0.211839297861998,-0.044436980385,3,3.12909688525286,1,3.826486,1243,0.2,0,5,"both",0.211839297861998,-0.044436980385
"284","session1",-1.0217463077679,9.06059282909449,2.45025301823903,0.0376187009420108,-0.477012721293238,0.81561423596733,0.918337428844491,3,1,100,0.211839297861998,-0.044436980385,3,1.1891823734256,1,-3.100193,1243,0.2,0,5,"both",0.211839297861998,-0.044436980385
"285","session1",-1.0217463077679,9.06059282909449,2.45025301823903,0.0376187009420108,-0.477012721293238,0.81561423596733,0.918337428844491,3,1,100,0.211839297861998,-0.044436980385,3,1.61466151600781,1,5.352025,1243,0.2,0,5,"both",0.211839297861998,-0.044436980385
"286","session1",-1.0217463077679,9.06059282909449,2.45025301823903,0.0376187009420108,-0.477012721293238,0.81561423596733,0.918337428844491,3,1,100,0.211839297861998,-0.044436980385,3,1.8990122594375,1,-3.24683,1243,0.2,0,5,"both",0.211839297861998,-0.044436980385
"287","session1",-1.0217463077679,9.06059282909449,2.45025301823903,0.0376187009420108,-0.477012721293238,0.81561423596733,0.918337428844491,3,1,100,0.211839297861998,-0.044436980385,3,4.3467672404209,1,3.5299,1243,0.2,0,5,"both",0.211839297861998,-0.044436980385
"288","session1",-1.0217463077679,9.06059282909449,2.45025301823903,0.0376187009420108,-0.477012721293238,0.81561423596733,0.918337428844491,3,1,100,0.211839297861998,-0.044436980385,3,2.06458751946591,1,3.315691,1243,0.2,0,5,"both",0.211839297861998,-0.044436980385
"289","session1",-1.0217463077679,9.06059282909449,2.45025301823903,0.0376187009420108,-0.477012721293238,0.81561423596733,0.918337428844491,3,1,100,0.211839297861998,-0.044436980385,3,1.65959666234231,0,4.639191,1243,0.2,0,5,"both",0.211839297861998,-0.044436980385
"290","session1",-1.0217463077679,9.06059282909449,2.45025301823903,0.0376187009420108,-0.477012721293238,0.81561423596733,0.918337428844491,3,1,100,0.211839297861998,-0.044436980385,3,1.43544206488848,1,2.41207,1243,0.2,0,5,"both",0.211839297861998,-0.044436980385
"291","session1",-1.0217463077679,9.06059282909449,2.45025301823903,0.0376187009420108,-0.477012721293238,0.81561423596733,0.918337428844491,3,1,100,0.211839297861998,-0.044436980385,3,3.55830027422386,0,-9.74409,1243,0.2,0,5,"both",0.211839297861998,-0.044436980385
"292","session1",-1.0217463077679,9.06059282909449,2.45025301823903,0.0376187009420108,-0.477012721293238,0.81561423596733,0.918337428844491,3,1,100,0.211839297861998,-0.044436980385,3,2.1361737637794,1,6.370211,1243,0.2,0,5,"both",0.211839297861998,-0.044436980385
"293","session1",-1.0217463077679,9.06059282909449,2.45025301823903,0.0376187009420108,-0.477012721293238,0.81561423596733,0.918337428844491,3,1,100,0.211839297861998,-0.044436980385,3,1.85128097865522,1,4.3496,1243,0.2,0,5,"both",0.211839297861998,-0.044436980385
"294","session1",-1.0217463077679,9.06059282909449,2.45025301823903,0.0376187009420108,-0.477012721293238,0.81561423596733,0.918337428844491,3,1,100,0.211839297861998,-0.044436980385,3,2.10871073728382,1,5.849419,1243,0.2,0,5,"both",0.211839297861998,-0.044436980385
"295","session1",-1.0217463077679,9.06059282909449,2.45025301823903,0.0376187009420108,-0.477012721293238,0.81561423596733,0.918337428844491,3,1,100,0.211839297861998,-0.044436980385,3,2.24816256781101,0,-4.4616195,1243,0.2,0,5,"both",0.211839297861998,-0.044436980385
"296","session1",-1.0217463077679,9.06059282909449,2.45025301823903,0.0376187009420108,-0.477012721293238,0.81561423596733,0.918337428844491,3,1,100,0.211839297861998,-0.044436980385,3,2.17632932223303,1,2.15566,1243,0.2,0,5,"both",0.211839297861998,-0.044436980385
"297","session1",-1.0217463077679,9.06059282909449,2.45025301823903,0.0376187009420108,-0.477012721293238,0.81561423596733,0.918337428844491,3,1,100,0.211839297861998,-0.044436980385,3,2.86225656737916,1,4.5929466,1243,0.2,0,5,"both",0.211839297861998,-0.044436980385
"298","session1",-1.0217463077679,9.06059282909449,2.45025301823903,0.0376187009420108,-0.477012721293238,0.81561423596733,0.918337428844491,3,1,100,0.211839297861998,-0.044436980385,3,1.70431289465326,1,3.643548,1243,0.2,0,5,"both",0.211839297861998,-0.044436980385
"299","session1",-1.0217463077679,9.06059282909449,2.45025301823903,0.0376187009420108,-0.477012721293238,0.81561423596733,0.918337428844491,3,1,100,0.211839297861998,-0.044436980385,3,3.2030375589316,0,-4.775186,1243,0.2,0,5,"both",0.211839297861998,-0.044436980385
"300","session1",-1.0217463077679,9.06059282909449,2.45025301823903,0.0376187009420108,-0.477012721293238,0.81561423596733,0.918337428844491,3,1,100,0.211839297861998,-0.044436980385,3,2.92060071144764,1,-3.827948,1243,0.2,0,5,"both",0.211839297861998,-0.044436980385
"301","session1",6.31973631773418,9.31668145730406,3.5604312815621,0.0207948544364416,0.313752280694365,0.574681892809787,0.464367468531054,4,1,100,0.211839297861998,-0.044436980385,4,3.29744676924316,1,8.5703323263,1243,0.2,0,5,"both",0.211839297861998,-0.044436980385
"302","session1",6.31973631773418,9.31668145730406,3.5604312815621,0.0207948544364416,0.313752280694365,0.574681892809787,0.464367468531054,4,1,100,0.211839297861998,-0.044436980385,4,1.04641686728884,1,-4.1638025829,1243,0.2,0,5,"both",0.211839297861998,-0.044436980385
"303","session1",6.31973631773418,9.31668145730406,3.5604312815621,0.0207948544364416,0.313752280694365,0.574681892809787,0.464367468531054,4,1,100,0.211839297861998,-0.044436980385,4,3.52479640798969,0,-13.418669586,1243,0.2,0,5,"both",0.211839297861998,-0.044436980385
"304","session1",6.31973631773418,9.31668145730406,3.5604312815621,0.0207948544364416,0.313752280694365,0.574681892809787,0.464367468531054,4,1,100,0.211839297861998,-0.044436980385,4,2.20931861437904,0,-6.3045099197,1243,0.2,0,5,"both",0.211839297861998,-0.044436980385
"305","session1",6.31973631773418,9.31668145730406,3.5604312815621,0.0207948544364416,0.313752280694365,0.574681892809787,0.464367468531054,4,1,100,0.211839297861998,-0.044436980385,4,1.74892170912426,1,22.6058,1243,0.2,0,5,"both",0.211839297861998,-0.044436980385
"306","session1",6.31973631773418,9.31668145730406,3.5604312815621,0.0207948544364416,0.313752280694365,0.574681892809787,0.464367468531054,4,1,100,0.211839297861998,-0.044436980385,4,2.29555444270123,1,-11.31605,1243,0.2,0,5,"both",0.211839297861998,-0.044436980385
"307","session1",6.31973631773418,9.31668145730406,3.5604312815621,0.0207948544364416,0.313752280694365,0.574681892809787,0.464367468531054,4,1,100,0.211839297861998,-0.044436980385,4,6.47051548981775,1,14.49492,1243,0.2,0,5,"both",0.211839297861998,-0.044436980385
"308","session1",6.31973631773418,9.31668145730406,3.5604312815621,0.0207948544364416,0.313752280694365,0.574681892809787,0.464367468531054,4,1,100,0.211839297861998,-0.044436980385,4,2.02372474651913,0,-43.66169,1243,0.2,0,5,"both",0.211839297861998,-0.044436980385
"309","session1",6.31973631773418,9.31668145730406,3.5604312815621,0.0207948544364416,0.313752280694365,0.574681892809787,0.464367468531054,4,1,100,0.211839297861998,-0.044436980385,4,4.12245313287318,0,-20.37167,1243,0.2,0,5,"both",0.211839297861998,-0.044436980385
"310","session1",6.31973631773418,9.31668145730406,3.5604312815621,0.0207948544364416,0.313752280694365,0.574681892809787,0.464367468531054,4,1,100,0.211839297861998,-0.044436980385,4,2.88153756504734,0,-3.98717,1243,0.2,0,5,"both",0.211839297861998,-0.044436980385
"311","session1",6.31973631773418,9.31668145730406,3.5604312815621,0.0207948544364416,0.313752280694365,0.574681892809787,0.464367468531054,4,1,100,0.211839297861998,-0.044436980385,4,4.72821498067436,0,5.96426,1243,0.2,0,5,"both",0.211839297861998,-0.044436980385
"312","session1",6.31973631773418,9.31668145730406,3.5604312815621,0.0207948544364416,0.313752280694365,0.574681892809787,0.464367468531054,4,1,100,0.211839297861998,-0.044436980385,4,1.66534200698182,1,-8.2771,1243,0.2,0,5,"both",0.211839297861998,-0.044436980385
"313","session1",6.31973631773418,9.31668145730406,3.5604312815621,0.0207948544364416,0.313752280694365,0.574681892809787,0.464367468531054,4,1,100,0.211839297861998,-0.044436980385,4,1.99367532305509,1,6.457908,1243,0.2,0,5,"both",0.211839297861998,-0.044436980385
"314","session1",6.31973631773418,9.31668145730406,3.5604312815621,0.0207948544364416,0.313752280694365,0.574681892809787,0.464367468531054,4,1,100,0.211839297861998,-0.044436980385,4,1.39580873912536,0,-5.9741487412,1243,0.2,0,5,"both",0.211839297861998,-0.044436980385
"315","session1",6.31973631773418,9.31668145730406,3.5604312815621,0.0207948544364416,0.313752280694365,0.574681892809787,0.464367468531054,4,1,100,0.211839297861998,-0.044436980385,4,1.40851192045998,0,-32.6702,1243,0.2,0,5,"both",0.211839297861998,-0.044436980385
"316","session1",6.31973631773418,9.31668145730406,3.5604312815621,0.0207948544364416,0.313752280694365,0.574681892809787,0.464367468531054,4,1,100,0.211839297861998,-0.044436980385,4,1.67313336169748,0,-12.07553,1243,0.2,0,5,"both",0.211839297861998,-0.044436980385
"317","session1",6.31973631773418,9.31668145730406,3.5604312815621,0.0207948544364416,0.313752280694365,0.574681892809787,0.464367468531054,4,1,100,0.211839297861998,-0.044436980385,4,1.38609283883582,0,-29.84057,1243,0.2,0,5,"both",0.211839297861998,-0.044436980385
"318","session1",6.31973631773418,9.31668145730406,3.5604312815621,0.0207948544364416,0.313752280694365,0.574681892809787,0.464367468531054,4,1,100,0.211839297861998,-0.044436980385,4,2.21041620482658,0,-11.06538,1243,0.2,0,5,"both",0.211839297861998,-0.044436980385
"319","session1",6.31973631773418,9.31668145730406,3.5604312815621,0.0207948544364416,0.313752280694365,0.574681892809787,0.464367468531054,4,1,100,0.211839297861998,-0.044436980385,4,3.36054206717946,1,18.41153,1243,0.2,0,5,"both",0.211839297861998,-0.044436980385
"320","session1",6.31973631773418,9.31668145730406,3.5604312815621,0.0207948544364416,0.313752280694365,0.574681892809787,0.464367468531054,4,1,100,0.211839297861998,-0.044436980385,4,2.18067118664203,0,-35.47584,1243,0.2,0,5,"both",0.211839297861998,-0.044436980385
"321","session1",6.31973631773418,9.31668145730406,3.5604312815621,0.0207948544364416,0.313752280694365,0.574681892809787,0.464367468531054,4,1,100,0.211839297861998,-0.044436980385,4,3.2118803699023,1,26.9982,1243,0.2,0,5,"both",0.211839297861998,-0.044436980385
"322","session1",6.31973631773418,9.31668145730406,3.5604312815621,0.0207948544364416,0.313752280694365,0.574681892809787,0.464367468531054,4,1,100,0.211839297861998,-0.044436980385,4,6.12389848371544,1,6.13977,1243,0.2,0,5,"both",0.211839297861998,-0.044436980385
"323","session1",6.31973631773418,9.31668145730406,3.5604312815621,0.0207948544364416,0.313752280694365,0.574681892809787,0.464367468531054,4,1,100,0.211839297861998,-0.044436980385,4,4.2785617658528,0,-7.0433,1243,0.2,0,5,"both",0.211839297861998,-0.044436980385
"324","session1",6.31973631773418,9.31668145730406,3.5604312815621,0.0207948544364416,0.313752280694365,0.574681892809787,0.464367468531054,4,1,100,0.211839297861998,-0.044436980385,4,4.51627221863716,1,8.711737,1243,0.2,0,5,"both",0.211839297861998,-0.044436980385
"325","session1",6.31973631773418,9.31668145730406,3.5604312815621,0.0207948544364416,0.313752280694365,0.574681892809787,0.464367468531054,4,1,100,0.211839297861998,-0.044436980385,4,5.73064871072514,1,4.79409,1243,0.2,0,5,"both",0.211839297861998,-0.044436980385
"326","session1",6.31973631773418,9.31668145730406,3.5604312815621,0.0207948544364416,0.313752280694365,0.574681892809787,0.464367468531054,4,1,100,0.211839297861998,-0.044436980385,4,5.70257578656056,0,-10.950077,1243,0.2,0,5,"both",0.211839297861998,-0.044436980385
"327","session1",6.31973631773418,9.31668145730406,3.5604312815621,0.0207948544364416,0.313752280694365,0.574681892809787,0.464367468531054,4,1,100,0.211839297861998,-0.044436980385,4,2.74786655895064,1,14.8628,1243,0.2,0,5,"both",0.211839297861998,-0.044436980385
"328","session1",6.31973631773418,9.31668145730406,3.5604312815621,0.0207948544364416,0.313752280694365,0.574681892809787,0.464367468531054,4,1,100,0.211839297861998,-0.044436980385,4,3.40698250288205,0,3.55792,1243,0.2,0,5,"both",0.211839297861998,-0.044436980385
"329","session1",6.31973631773418,9.31668145730406,3.5604312815621,0.0207948544364416,0.313752280694365,0.574681892809787,0.464367468531054,4,1,100,0.211839297861998,-0.044436980385,4,2.54476500379498,1,5.19209,1243,0.2,0,5,"both",0.211839297861998,-0.044436980385
"330","session1",6.31973631773418,9.31668145730406,3.5604312815621,0.0207948544364416,0.313752280694365,0.574681892809787,0.464367468531054,4,1,100,0.211839297861998,-0.044436980385,4,6.33399943739652,1,11.60323,1243,0.2,0,5,"both",0.211839297861998,-0.044436980385
"331","session1",6.31973631773418,9.31668145730406,3.5604312815621,0.0207948544364416,0.313752280694365,0.574681892809787,0.464367468531054,4,1,100,0.211839297861998,-0.044436980385,4,3.37303973849706,0,-13.2338,1243,0.2,0,5,"both",0.211839297861998,-0.044436980385
"332","session1",6.31973631773418,9.31668145730406,3.5604312815621,0.0207948544364416,0.313752280694365,0.574681892809787,0.464367468531054,4,1,100,0.211839297861998,-0.044436980385,4,3.32376552675213,0,-9.38414,1243,0.2,0,5,"both",0.211839297861998,-0.044436980385
"333","session1",6.31973631773418,9.31668145730406,3.5604312815621,0.0207948544364416,0.313752280694365,0.574681892809787,0.464367468531054,4,1,100,0.211839297861998,-0.044436980385,4,6.3612275842498,0,-3.11361,1243,0.2,0,5,"both",0.211839297861998,-0.044436980385
"334","session1",6.31973631773418,9.31668145730406,3.5604312815621,0.0207948544364416,0.313752280694365,0.574681892809787,0.464367468531054,4,1,100,0.211839297861998,-0.044436980385,4,1.68832378854875,0,-6.332389,1243,0.2,0,5,"both",0.211839297861998,-0.044436980385
"335","session1",6.31973631773418,9.31668145730406,3.5604312815621,0.0207948544364416,0.313752280694365,0.574681892809787,0.464367468531054,4,1,100,0.211839297861998,-0.044436980385,4,1.96227196834263,0,11.68999,1243,0.2,0,5,"both",0.211839297861998,-0.044436980385
"336","session1",6.31973631773418,9.31668145730406,3.5604312815621,0.0207948544364416,0.313752280694365,0.574681892809787,0.464367468531054,4,1,100,0.211839297861998,-0.044436980385,4,1.67456550129952,0,5.666529,1243,0.2,0,5,"both",0.211839297861998,-0.044436980385
"337","session1",6.31973631773418,9.31668145730406,3.5604312815621,0.0207948544364416,0.313752280694365,0.574681892809787,0.464367468531054,4,1,100,0.211839297861998,-0.044436980385,4,2.26714616993432,1,13.92288,1243,0.2,0,5,"both",0.211839297861998,-0.044436980385
"338","session1",6.31973631773418,9.31668145730406,3.5604312815621,0.0207948544364416,0.313752280694365,0.574681892809787,0.464367468531054,4,1,100,0.211839297861998,-0.044436980385,4,8,0,5.45926,1243,0.2,0,5,"both",0.211839297861998,-0.044436980385
"339","session1",6.31973631773418,9.31668145730406,3.5604312815621,0.0207948544364416,0.313752280694365,0.574681892809787,0.464367468531054,4,1,100,0.211839297861998,-0.044436980385,4,4.42765176634752,1,7.61828,1243,0.2,0,5,"both",0.211839297861998,-0.044436980385
"340","session1",6.31973631773418,9.31668145730406,3.5604312815621,0.0207948544364416,0.313752280694365,0.574681892809787,0.464367468531054,4,1,100,0.211839297861998,-0.044436980385,4,1.95121734415262,0,8.0841,1243,0.2,0,5,"both",0.211839297861998,-0.044436980385
"341","session1",6.31973631773418,9.31668145730406,3.5604312815621,0.0207948544364416,0.313752280694365,0.574681892809787,0.464367468531054,4,1,100,0.211839297861998,-0.044436980385,4,5.22392434499942,1,7.67124,1243,0.2,0,5,"both",0.211839297861998,-0.044436980385
"342","session1",6.31973631773418,9.31668145730406,3.5604312815621,0.0207948544364416,0.313752280694365,0.574681892809787,0.464367468531054,4,1,100,0.211839297861998,-0.044436980385,4,7.77242337597548,1,2.13399,1243,0.2,0,5,"both",0.211839297861998,-0.044436980385
"343","session1",6.31973631773418,9.31668145730406,3.5604312815621,0.0207948544364416,0.313752280694365,0.574681892809787,0.464367468531054,4,1,100,0.211839297861998,-0.044436980385,4,2.20761055987797,0,5.403643,1243,0.2,0,5,"both",0.211839297861998,-0.044436980385
"344","session1",6.31973631773418,9.31668145730406,3.5604312815621,0.0207948544364416,0.313752280694365,0.574681892809787,0.464367468531054,4,1,100,0.211839297861998,-0.044436980385,4,8,0,8.365825,1243,0.2,0,5,"both",0.211839297861998,-0.044436980385
"345","session1",6.31973631773418,9.31668145730406,3.5604312815621,0.0207948544364416,0.313752280694365,0.574681892809787,0.464367468531054,4,1,100,0.211839297861998,-0.044436980385,4,2.08102688261808,1,15.93529,1243,0.2,0,5,"both",0.211839297861998,-0.044436980385
"346","session1",6.31973631773418,9.31668145730406,3.5604312815621,0.0207948544364416,0.313752280694365,0.574681892809787,0.464367468531054,4,1,100,0.211839297861998,-0.044436980385,4,5.65909297716279,0,-0.44547,1243,0.2,0,5,"both",0.211839297861998,-0.044436980385
"347","session1",6.31973631773418,9.31668145730406,3.5604312815621,0.0207948544364416,0.313752280694365,0.574681892809787,0.464367468531054,4,1,100,0.211839297861998,-0.044436980385,4,1.29422885505133,0,-2.56768,1243,0.2,0,5,"both",0.211839297861998,-0.044436980385
"348","session1",6.31973631773418,9.31668145730406,3.5604312815621,0.0207948544364416,0.313752280694365,0.574681892809787,0.464367468531054,4,1,100,0.211839297861998,-0.044436980385,4,2.82309512067201,1,18.358243,1243,0.2,0,5,"both",0.211839297861998,-0.044436980385
"349","session1",6.31973631773418,9.31668145730406,3.5604312815621,0.0207948544364416,0.313752280694365,0.574681892809787,0.464367468531054,4,1,100,0.211839297861998,-0.044436980385,4,2.98716350052453,0,1.65217,1243,0.2,0,5,"both",0.211839297861998,-0.044436980385
"350","session1",6.31973631773418,9.31668145730406,3.5604312815621,0.0207948544364416,0.313752280694365,0.574681892809787,0.464367468531054,4,1,100,0.211839297861998,-0.044436980385,4,8,0,-4.077037,1243,0.2,0,5,"both",0.211839297861998,-0.044436980385
"351","session1",6.31973631773418,9.31668145730406,3.5604312815621,0.0207948544364416,0.313752280694365,0.574681892809787,0.464367468531054,4,1,100,0.211839297861998,-0.044436980385,4,1.45942085462989,0,-14.34669,1243,0.2,0,5,"both",0.211839297861998,-0.044436980385
"352","session1",6.31973631773418,9.31668145730406,3.5604312815621,0.0207948544364416,0.313752280694365,0.574681892809787,0.464367468531054,4,1,100,0.211839297861998,-0.044436980385,4,2.76250899523786,0,-4.09478,1243,0.2,0,5,"both",0.211839297861998,-0.044436980385
"353","session1",6.31973631773418,9.31668145730406,3.5604312815621,0.0207948544364416,0.313752280694365,0.574681892809787,0.464367468531054,4,1,100,0.211839297861998,-0.044436980385,4,1.66171731775743,1,-3.96273,1243,0.2,0,5,"both",0.211839297861998,-0.044436980385
"354","session1",6.31973631773418,9.31668145730406,3.5604312815621,0.0207948544364416,0.313752280694365,0.574681892809787,0.464367468531054,4,1,100,0.211839297861998,-0.044436980385,4,1.85834206245542,0,-8.21707,1243,0.2,0,5,"both",0.211839297861998,-0.044436980385
"355","session1",6.31973631773418,9.31668145730406,3.5604312815621,0.0207948544364416,0.313752280694365,0.574681892809787,0.464367468531054,4,1,100,0.211839297861998,-0.044436980385,4,3.89586132584257,1,-0.83969,1243,0.2,0,5,"both",0.211839297861998,-0.044436980385
"356","session1",6.31973631773418,9.31668145730406,3.5604312815621,0.0207948544364416,0.313752280694365,0.574681892809787,0.464367468531054,4,1,100,0.211839297861998,-0.044436980385,4,3.56323628351566,0,13.48916,1243,0.2,0,5,"both",0.211839297861998,-0.044436980385
"357","session1",6.31973631773418,9.31668145730406,3.5604312815621,0.0207948544364416,0.313752280694365,0.574681892809787,0.464367468531054,4,1,100,0.211839297861998,-0.044436980385,4,4.32624213252388,1,16.65661,1243,0.2,0,5,"both",0.211839297861998,-0.044436980385
"358","session1",6.31973631773418,9.31668145730406,3.5604312815621,0.0207948544364416,0.313752280694365,0.574681892809787,0.464367468531054,4,1,100,0.211839297861998,-0.044436980385,4,1.23714689589587,1,21.79241,1243,0.2,0,5,"both",0.211839297861998,-0.044436980385
"359","session1",6.31973631773418,9.31668145730406,3.5604312815621,0.0207948544364416,0.313752280694365,0.574681892809787,0.464367468531054,4,1,100,0.211839297861998,-0.044436980385,4,1.30942140309865,1,24.94616,1243,0.2,0,5,"both",0.211839297861998,-0.044436980385
"360","session1",6.31973631773418,9.31668145730406,3.5604312815621,0.0207948544364416,0.313752280694365,0.574681892809787,0.464367468531054,4,1,100,0.211839297861998,-0.044436980385,4,2.76025829705773,0,-4.53135,1243,0.2,0,5,"both",0.211839297861998,-0.044436980385
"361","session1",6.31973631773418,9.31668145730406,3.5604312815621,0.0207948544364416,0.313752280694365,0.574681892809787,0.464367468531054,4,1,100,0.211839297861998,-0.044436980385,4,2.12088904644213,1,18.60999,1243,0.2,0,5,"both",0.211839297861998,-0.044436980385
"362","session1",6.31973631773418,9.31668145730406,3.5604312815621,0.0207948544364416,0.313752280694365,0.574681892809787,0.464367468531054,4,1,100,0.211839297861998,-0.044436980385,4,5.60378427852349,1,12.72877,1243,0.2,0,5,"both",0.211839297861998,-0.044436980385
"363","session1",6.31973631773418,9.31668145730406,3.5604312815621,0.0207948544364416,0.313752280694365,0.574681892809787,0.464367468531054,4,1,100,0.211839297861998,-0.044436980385,4,1.16475726768687,0,-6.08777,1243,0.2,0,5,"both",0.211839297861998,-0.044436980385
"364","session1",6.31973631773418,9.31668145730406,3.5604312815621,0.0207948544364416,0.313752280694365,0.574681892809787,0.464367468531054,4,1,100,0.211839297861998,-0.044436980385,4,5.00098216366578,1,14.69241,1243,0.2,0,5,"both",0.211839297861998,-0.044436980385
"365","session1",6.31973631773418,9.31668145730406,3.5604312815621,0.0207948544364416,0.313752280694365,0.574681892809787,0.464367468531054,4,1,100,0.211839297861998,-0.044436980385,4,1.54436610658458,1,15.49685,1243,0.2,0,5,"both",0.211839297861998,-0.044436980385
"366","session1",6.31973631773418,9.31668145730406,3.5604312815621,0.0207948544364416,0.313752280694365,0.574681892809787,0.464367468531054,4,1,100,0.211839297861998,-0.044436980385,4,2.85934007302794,0,-3.4951,1243,0.2,0,5,"both",0.211839297861998,-0.044436980385
"367","session1",6.31973631773418,9.31668145730406,3.5604312815621,0.0207948544364416,0.313752280694365,0.574681892809787,0.464367468531054,4,1,100,0.211839297861998,-0.044436980385,4,1.75408116110921,0,-9.758887,1243,0.2,0,5,"both",0.211839297861998,-0.044436980385
"368","session1",6.31973631773418,9.31668145730406,3.5604312815621,0.0207948544364416,0.313752280694365,0.574681892809787,0.464367468531054,4,1,100,0.211839297861998,-0.044436980385,4,2.91629684314112,0,0.14176,1243,0.2,0,5,"both",0.211839297861998,-0.044436980385
"369","session1",6.31973631773418,9.31668145730406,3.5604312815621,0.0207948544364416,0.313752280694365,0.574681892809787,0.464367468531054,4,1,100,0.211839297861998,-0.044436980385,4,2.90583222317261,1,13.30859,1243,0.2,0,5,"both",0.211839297861998,-0.044436980385
"370","session1",6.31973631773418,9.31668145730406,3.5604312815621,0.0207948544364416,0.313752280694365,0.574681892809787,0.464367468531054,4,1,100,0.211839297861998,-0.044436980385,4,8,0,-8.822063,1243,0.2,0,5,"both",0.211839297861998,-0.044436980385
"371","session1",6.31973631773418,9.31668145730406,3.5604312815621,0.0207948544364416,0.313752280694365,0.574681892809787,0.464367468531054,4,1,100,0.211839297861998,-0.044436980385,4,4.15418535996879,0,2.52025,1243,0.2,0,5,"both",0.211839297861998,-0.044436980385
"372","session1",6.31973631773418,9.31668145730406,3.5604312815621,0.0207948544364416,0.313752280694365,0.574681892809787,0.464367468531054,4,1,100,0.211839297861998,-0.044436980385,4,3.84252263629337,1,12.62615,1243,0.2,0,5,"both",0.211839297861998,-0.044436980385
"373","session1",6.31973631773418,9.31668145730406,3.5604312815621,0.0207948544364416,0.313752280694365,0.574681892809787,0.464367468531054,4,1,100,0.211839297861998,-0.044436980385,4,1.80511606118062,1,17.39257,1243,0.2,0,5,"both",0.211839297861998,-0.044436980385
"374","session1",6.31973631773418,9.31668145730406,3.5604312815621,0.0207948544364416,0.313752280694365,0.574681892809787,0.464367468531054,4,1,100,0.211839297861998,-0.044436980385,4,3.26764318669002,1,-4.09782,1243,0.2,0,5,"both",0.211839297861998,-0.044436980385
"375","session1",6.31973631773418,9.31668145730406,3.5604312815621,0.0207948544364416,0.313752280694365,0.574681892809787,0.464367468531054,4,1,100,0.211839297861998,-0.044436980385,4,3.31839447979313,1,9.22363,1243,0.2,0,5,"both",0.211839297861998,-0.044436980385
"376","session1",6.31973631773418,9.31668145730406,3.5604312815621,0.0207948544364416,0.313752280694365,0.574681892809787,0.464367468531054,4,1,100,0.211839297861998,-0.044436980385,4,2.1744567645426,0,17.85083,1243,0.2,0,5,"both",0.211839297861998,-0.044436980385
"377","session1",6.31973631773418,9.31668145730406,3.5604312815621,0.0207948544364416,0.313752280694365,0.574681892809787,0.464367468531054,4,1,100,0.211839297861998,-0.044436980385,4,4.95755959731187,1,11.89359,1243,0.2,0,5,"both",0.211839297861998,-0.044436980385
"378","session1",6.31973631773418,9.31668145730406,3.5604312815621,0.0207948544364416,0.313752280694365,0.574681892809787,0.464367468531054,4,1,100,0.211839297861998,-0.044436980385,4,3.55629619589723,0,3.71092,1243,0.2,0,5,"both",0.211839297861998,-0.044436980385
"379","session1",6.31973631773418,9.31668145730406,3.5604312815621,0.0207948544364416,0.313752280694365,0.574681892809787,0.464367468531054,4,1,100,0.211839297861998,-0.044436980385,4,1.56780260011799,0,-4.14362,1243,0.2,0,5,"both",0.211839297861998,-0.044436980385
"380","session1",6.31973631773418,9.31668145730406,3.5604312815621,0.0207948544364416,0.313752280694365,0.574681892809787,0.464367468531054,4,1,100,0.211839297861998,-0.044436980385,4,2.38705713960809,0,13.03087,1243,0.2,0,5,"both",0.211839297861998,-0.044436980385
"381","session1",6.31973631773418,9.31668145730406,3.5604312815621,0.0207948544364416,0.313752280694365,0.574681892809787,0.464367468531054,4,1,100,0.211839297861998,-0.044436980385,4,8,0,-0.68902,1243,0.2,0,5,"both",0.211839297861998,-0.044436980385
"382","session1",6.31973631773418,9.31668145730406,3.5604312815621,0.0207948544364416,0.313752280694365,0.574681892809787,0.464367468531054,4,1,100,0.211839297861998,-0.044436980385,4,7.58907246899498,0,13.51907,1243,0.2,0,5,"both",0.211839297861998,-0.044436980385
"383","session1",6.31973631773418,9.31668145730406,3.5604312815621,0.0207948544364416,0.313752280694365,0.574681892809787,0.464367468531054,4,1,100,0.211839297861998,-0.044436980385,4,4.73456154063135,0,-0.71536,1243,0.2,0,5,"both",0.211839297861998,-0.044436980385
"384","session1",6.31973631773418,9.31668145730406,3.5604312815621,0.0207948544364416,0.313752280694365,0.574681892809787,0.464367468531054,4,1,100,0.211839297861998,-0.044436980385,4,3.56861947824951,1,18.37565,1243,0.2,0,5,"both",0.211839297861998,-0.044436980385
"385","session1",6.31973631773418,9.31668145730406,3.5604312815621,0.0207948544364416,0.313752280694365,0.574681892809787,0.464367468531054,4,1,100,0.211839297861998,-0.044436980385,4,2.81958378160955,1,17.99586,1243,0.2,0,5,"both",0.211839297861998,-0.044436980385
"386","session1",6.31973631773418,9.31668145730406,3.5604312815621,0.0207948544364416,0.313752280694365,0.574681892809787,0.464367468531054,4,1,100,0.211839297861998,-0.044436980385,4,3.6418703137419,0,-8.03134,1243,0.2,0,5,"both",0.211839297861998,-0.044436980385
"387","session1",6.31973631773418,9.31668145730406,3.5604312815621,0.0207948544364416,0.313752280694365,0.574681892809787,0.464367468531054,4,1,100,0.211839297861998,-0.044436980385,4,2.00269618410436,1,15.24327,1243,0.2,0,5,"both",0.211839297861998,-0.044436980385
"388","session1",6.31973631773418,9.31668145730406,3.5604312815621,0.0207948544364416,0.313752280694365,0.574681892809787,0.464367468531054,4,1,100,0.211839297861998,-0.044436980385,4,2.51181209814949,0,-0.787840000000001,1243,0.2,0,5,"both",0.211839297861998,-0.044436980385
"389","session1",6.31973631773418,9.31668145730406,3.5604312815621,0.0207948544364416,0.313752280694365,0.574681892809787,0.464367468531054,4,1,100,0.211839297861998,-0.044436980385,4,1.42736069195297,1,18.87963,1243,0.2,0,5,"both",0.211839297861998,-0.044436980385
"390","session1",6.31973631773418,9.31668145730406,3.5604312815621,0.0207948544364416,0.313752280694365,0.574681892809787,0.464367468531054,4,1,100,0.211839297861998,-0.044436980385,4,2.17195727012746,0,15.65217,1243,0.2,0,5,"both",0.211839297861998,-0.044436980385
"391","session1",6.31973631773418,9.31668145730406,3.5604312815621,0.0207948544364416,0.313752280694365,0.574681892809787,0.464367468531054,4,1,100,0.211839297861998,-0.044436980385,4,1.98638717870783,1,-6.31263,1243,0.2,0,5,"both",0.211839297861998,-0.044436980385
"392","session1",6.31973631773418,9.31668145730406,3.5604312815621,0.0207948544364416,0.313752280694365,0.574681892809787,0.464367468531054,4,1,100,0.211839297861998,-0.044436980385,4,6.09466401334594,1,11.58247,1243,0.2,0,5,"both",0.211839297861998,-0.044436980385
"393","session1",6.31973631773418,9.31668145730406,3.5604312815621,0.0207948544364416,0.313752280694365,0.574681892809787,0.464367468531054,4,1,100,0.211839297861998,-0.044436980385,4,1.40816224209568,0,-11.155659,1243,0.2,0,5,"both",0.211839297861998,-0.044436980385
"394","session1",6.31973631773418,9.31668145730406,3.5604312815621,0.0207948544364416,0.313752280694365,0.574681892809787,0.464367468531054,4,1,100,0.211839297861998,-0.044436980385,4,4.41415259951785,0,-9.1266,1243,0.2,0,5,"both",0.211839297861998,-0.044436980385
"395","session1",6.31973631773418,9.31668145730406,3.5604312815621,0.0207948544364416,0.313752280694365,0.574681892809787,0.464367468531054,4,1,100,0.211839297861998,-0.044436980385,4,2.26984343339032,1,27.31599,1243,0.2,0,5,"both",0.211839297861998,-0.044436980385
"396","session1",6.31973631773418,9.31668145730406,3.5604312815621,0.0207948544364416,0.313752280694365,0.574681892809787,0.464367468531054,4,1,100,0.211839297861998,-0.044436980385,4,2.67995086343621,0,-7.33083,1243,0.2,0,5,"both",0.211839297861998,-0.044436980385
"397","session1",6.31973631773418,9.31668145730406,3.5604312815621,0.0207948544364416,0.313752280694365,0.574681892809787,0.464367468531054,4,1,100,0.211839297861998,-0.044436980385,4,4.45206092049343,0,-9.62104,1243,0.2,0,5,"both",0.211839297861998,-0.044436980385
"398","session1",6.31973631773418,9.31668145730406,3.5604312815621,0.0207948544364416,0.313752280694365,0.574681892809787,0.464367468531054,4,1,100,0.211839297861998,-0.044436980385,4,2.12602236001921,0,-5.96176,1243,0.2,0,5,"both",0.211839297861998,-0.044436980385
"399","session1",6.31973631773418,9.31668145730406,3.5604312815621,0.0207948544364416,0.313752280694365,0.574681892809787,0.464367468531054,4,1,100,0.211839297861998,-0.044436980385,4,2.25481199332223,0,-5.54381,1243,0.2,0,5,"both",0.211839297861998,-0.044436980385
"400","session1",6.31973631773418,9.31668145730406,3.5604312815621,0.0207948544364416,0.313752280694365,0.574681892809787,0.464367468531054,4,1,100,0.211839297861998,-0.044436980385,4,1.34653672443057,0,-4.52643,1243,0.2,0,5,"both",0.211839297861998,-0.044436980385
"401","session1",-18.3660378083869,10.3286779859591,1.73015646781121,0.00120527862935832,-0.0875366647839902,0.52052862968074,0.790407360947452,5,1,100,0.211839297861998,-0.044436980385,5,1.38439312724793,1,-10.1748526476,1243,0.2,0,5,"both",0.211839297861998,-0.044436980385
"402","session1",-18.3660378083869,10.3286779859591,1.73015646781121,0.00120527862935832,-0.0875366647839902,0.52052862968074,0.790407360947452,5,1,100,0.211839297861998,-0.044436980385,5,1.76777304978863,1,-11.4256785262,1243,0.2,0,5,"both",0.211839297861998,-0.044436980385
"403","session1",-18.3660378083869,10.3286779859591,1.73015646781121,0.00120527862935832,-0.0875366647839902,0.52052862968074,0.790407360947452,5,1,100,0.211839297861998,-0.044436980385,5,2.36457839214116,1,-16.4465507156,1243,0.2,0,5,"both",0.211839297861998,-0.044436980385
"404","session1",-18.3660378083869,10.3286779859591,1.73015646781121,0.00120527862935832,-0.0875366647839902,0.52052862968074,0.790407360947452,5,1,100,0.211839297861998,-0.044436980385,5,3.05231814678736,1,-22.402145934,1243,0.2,0,5,"both",0.211839297861998,-0.044436980385
"405","session1",-18.3660378083869,10.3286779859591,1.73015646781121,0.00120527862935832,-0.0875366647839902,0.52052862968074,0.790407360947452,5,1,100,0.211839297861998,-0.044436980385,5,2.06674298229979,1,-16.259,1243,0.2,0,5,"both",0.211839297861998,-0.044436980385
"406","session1",-18.3660378083869,10.3286779859591,1.73015646781121,0.00120527862935832,-0.0875366647839902,0.52052862968074,0.790407360947452,5,1,100,0.211839297861998,-0.044436980385,5,2.012468726028,0,-20.02489,1243,0.2,0,5,"both",0.211839297861998,-0.044436980385
"407","session1",-18.3660378083869,10.3286779859591,1.73015646781121,0.00120527862935832,-0.0875366647839902,0.52052862968074,0.790407360947452,5,1,100,0.211839297861998,-0.044436980385,5,2.21471022407324,0,-24.06583091,1243,0.2,0,5,"both",0.211839297861998,-0.044436980385
"408","session1",-18.3660378083869,10.3286779859591,1.73015646781121,0.00120527862935832,-0.0875366647839902,0.52052862968074,0.790407360947452,5,1,100,0.211839297861998,-0.044436980385,5,1.42073813981789,0,-37.3279,1243,0.2,0,5,"both",0.211839297861998,-0.044436980385
"409","session1",-18.3660378083869,10.3286779859591,1.73015646781121,0.00120527862935832,-0.0875366647839902,0.52052862968074,0.790407360947452,5,1,100,0.211839297861998,-0.044436980385,5,2.68789139363641,0,-18.20384,1243,0.2,0,5,"both",0.211839297861998,-0.044436980385
"410","session1",-18.3660378083869,10.3286779859591,1.73015646781121,0.00120527862935832,-0.0875366647839902,0.52052862968074,0.790407360947452,5,1,100,0.211839297861998,-0.044436980385,5,3.79976766033443,0,-19.3708082852,1243,0.2,0,5,"both",0.211839297861998,-0.044436980385
"411","session1",-18.3660378083869,10.3286779859591,1.73015646781121,0.00120527862935832,-0.0875366647839902,0.52052862968074,0.790407360947452,5,1,100,0.211839297861998,-0.044436980385,5,1.64719927721305,0,-31.26171,1243,0.2,0,5,"both",0.211839297861998,-0.044436980385
"412","session1",-18.3660378083869,10.3286779859591,1.73015646781121,0.00120527862935832,-0.0875366647839902,0.52052862968074,0.790407360947452,5,1,100,0.211839297861998,-0.044436980385,5,1.74163591073692,0,-41.4921,1243,0.2,0,5,"both",0.211839297861998,-0.044436980385
"413","session1",-18.3660378083869,10.3286779859591,1.73015646781121,0.00120527862935832,-0.0875366647839902,0.52052862968074,0.790407360947452,5,1,100,0.211839297861998,-0.044436980385,5,2.18962063840953,0,-29.12346,1243,0.2,0,5,"both",0.211839297861998,-0.044436980385
"414","session1",-18.3660378083869,10.3286779859591,1.73015646781121,0.00120527862935832,-0.0875366647839902,0.52052862968074,0.790407360947452,5,1,100,0.211839297861998,-0.044436980385,5,1.3784889436593,0,-26.71138,1243,0.2,0,5,"both",0.211839297861998,-0.044436980385
"415","session1",-18.3660378083869,10.3286779859591,1.73015646781121,0.00120527862935832,-0.0875366647839902,0.52052862968074,0.790407360947452,5,1,100,0.211839297861998,-0.044436980385,5,2.20125743184026,0,-20.28861,1243,0.2,0,5,"both",0.211839297861998,-0.044436980385
"416","session1",-18.3660378083869,10.3286779859591,1.73015646781121,0.00120527862935832,-0.0875366647839902,0.52052862968074,0.790407360947452,5,1,100,0.211839297861998,-0.044436980385,5,1.75637732052529,0,-15.73828,1243,0.2,0,5,"both",0.211839297861998,-0.044436980385
"417","session1",-18.3660378083869,10.3286779859591,1.73015646781121,0.00120527862935832,-0.0875366647839902,0.52052862968074,0.790407360947452,5,1,100,0.211839297861998,-0.044436980385,5,2.89889515264411,1,-12.22209,1243,0.2,0,5,"both",0.211839297861998,-0.044436980385
"418","session1",-18.3660378083869,10.3286779859591,1.73015646781121,0.00120527862935832,-0.0875366647839902,0.52052862968074,0.790407360947452,5,1,100,0.211839297861998,-0.044436980385,5,2.90335444449771,0,-16.13289,1243,0.2,0,5,"both",0.211839297861998,-0.044436980385
"419","session1",-18.3660378083869,10.3286779859591,1.73015646781121,0.00120527862935832,-0.0875366647839902,0.52052862968074,0.790407360947452,5,1,100,0.211839297861998,-0.044436980385,5,2.27433315833538,1,-7.11661,1243,0.2,0,5,"both",0.211839297861998,-0.044436980385
"420","session1",-18.3660378083869,10.3286779859591,1.73015646781121,0.00120527862935832,-0.0875366647839902,0.52052862968074,0.790407360947452,5,1,100,0.211839297861998,-0.044436980385,5,2.1416455516662,1,-16.5938,1243,0.2,0,5,"both",0.211839297861998,-0.044436980385
"421","session1",-18.3660378083869,10.3286779859591,1.73015646781121,0.00120527862935832,-0.0875366647839902,0.52052862968074,0.790407360947452,5,1,100,0.211839297861998,-0.044436980385,5,3.15659963477573,0,-21.53995,1243,0.2,0,5,"both",0.211839297861998,-0.044436980385
"422","session1",-18.3660378083869,10.3286779859591,1.73015646781121,0.00120527862935832,-0.0875366647839902,0.52052862968074,0.790407360947452,5,1,100,0.211839297861998,-0.044436980385,5,3.3227114068377,1,-18.19692,1243,0.2,0,5,"both",0.211839297861998,-0.044436980385
"423","session1",-18.3660378083869,10.3286779859591,1.73015646781121,0.00120527862935832,-0.0875366647839902,0.52052862968074,0.790407360947452,5,1,100,0.211839297861998,-0.044436980385,5,1.23403088156651,1,2.6385,1243,0.2,0,5,"both",0.211839297861998,-0.044436980385
"424","session1",-18.3660378083869,10.3286779859591,1.73015646781121,0.00120527862935832,-0.0875366647839902,0.52052862968074,0.790407360947452,5,1,100,0.211839297861998,-0.044436980385,5,1.60886556574352,1,-10.76925,1243,0.2,0,5,"both",0.211839297861998,-0.044436980385
"425","session1",-18.3660378083869,10.3286779859591,1.73015646781121,0.00120527862935832,-0.0875366647839902,0.52052862968074,0.790407360947452,5,1,100,0.211839297861998,-0.044436980385,5,2.61091275454369,1,-22.2835,1243,0.2,0,5,"both",0.211839297861998,-0.044436980385
"426","session1",-18.3660378083869,10.3286779859591,1.73015646781121,0.00120527862935832,-0.0875366647839902,0.52052862968074,0.790407360947452,5,1,100,0.211839297861998,-0.044436980385,5,1.24982253773664,1,-5.93277,1243,0.2,0,5,"both",0.211839297861998,-0.044436980385
"427","session1",-18.3660378083869,10.3286779859591,1.73015646781121,0.00120527862935832,-0.0875366647839902,0.52052862968074,0.790407360947452,5,1,100,0.211839297861998,-0.044436980385,5,2.86826023145009,1,-22.93483,1243,0.2,0,5,"both",0.211839297861998,-0.044436980385
"428","session1",-18.3660378083869,10.3286779859591,1.73015646781121,0.00120527862935832,-0.0875366647839902,0.52052862968074,0.790407360947452,5,1,100,0.211839297861998,-0.044436980385,5,2.61243202601995,0,-7.0543,1243,0.2,0,5,"both",0.211839297861998,-0.044436980385
"429","session1",-18.3660378083869,10.3286779859591,1.73015646781121,0.00120527862935832,-0.0875366647839902,0.52052862968074,0.790407360947452,5,1,100,0.211839297861998,-0.044436980385,5,2.02240548225861,0,-25.43776,1243,0.2,0,5,"both",0.211839297861998,-0.044436980385
"430","session1",-18.3660378083869,10.3286779859591,1.73015646781121,0.00120527862935832,-0.0875366647839902,0.52052862968074,0.790407360947452,5,1,100,0.211839297861998,-0.044436980385,5,1.81513549809744,0,-34.4053,1243,0.2,0,5,"both",0.211839297861998,-0.044436980385
"431","session1",-18.3660378083869,10.3286779859591,1.73015646781121,0.00120527862935832,-0.0875366647839902,0.52052862968074,0.790407360947452,5,1,100,0.211839297861998,-0.044436980385,5,2.48485832412342,0,-23.00854,1243,0.2,0,5,"both",0.211839297861998,-0.044436980385
"432","session1",-18.3660378083869,10.3286779859591,1.73015646781121,0.00120527862935832,-0.0875366647839902,0.52052862968074,0.790407360947452,5,1,100,0.211839297861998,-0.044436980385,5,2.41427023970827,1,1.2415,1243,0.2,0,5,"both",0.211839297861998,-0.044436980385
"433","session1",-18.3660378083869,10.3286779859591,1.73015646781121,0.00120527862935832,-0.0875366647839902,0.52052862968074,0.790407360947452,5,1,100,0.211839297861998,-0.044436980385,5,1.48357499040411,1,-17.32081,1243,0.2,0,5,"both",0.211839297861998,-0.044436980385
"434","session1",-18.3660378083869,10.3286779859591,1.73015646781121,0.00120527862935832,-0.0875366647839902,0.52052862968074,0.790407360947452,5,1,100,0.211839297861998,-0.044436980385,5,2.90088402501015,1,-12.07327,1243,0.2,0,5,"both",0.211839297861998,-0.044436980385
"435","session1",-18.3660378083869,10.3286779859591,1.73015646781121,0.00120527862935832,-0.0875366647839902,0.52052862968074,0.790407360947452,5,1,100,0.211839297861998,-0.044436980385,5,2.34594570380059,1,-26.8788,1243,0.2,0,5,"both",0.211839297861998,-0.044436980385
"436","session1",-18.3660378083869,10.3286779859591,1.73015646781121,0.00120527862935832,-0.0875366647839902,0.52052862968074,0.790407360947452,5,1,100,0.211839297861998,-0.044436980385,5,1.56571942638077,1,2.6688,1243,0.2,0,5,"both",0.211839297861998,-0.044436980385
"437","session1",-18.3660378083869,10.3286779859591,1.73015646781121,0.00120527862935832,-0.0875366647839902,0.52052862968074,0.790407360947452,5,1,100,0.211839297861998,-0.044436980385,5,1.51661008965978,0,-27.65164,1243,0.2,0,5,"both",0.211839297861998,-0.044436980385
"438","session1",-18.3660378083869,10.3286779859591,1.73015646781121,0.00120527862935832,-0.0875366647839902,0.52052862968074,0.790407360947452,5,1,100,0.211839297861998,-0.044436980385,5,1.44719210005544,1,-14.54718,1243,0.2,0,5,"both",0.211839297861998,-0.044436980385
"439","session1",-18.3660378083869,10.3286779859591,1.73015646781121,0.00120527862935832,-0.0875366647839902,0.52052862968074,0.790407360947452,5,1,100,0.211839297861998,-0.044436980385,5,1.58649249221017,0,-27.42616,1243,0.2,0,5,"both",0.211839297861998,-0.044436980385
"440","session1",-18.3660378083869,10.3286779859591,1.73015646781121,0.00120527862935832,-0.0875366647839902,0.52052862968074,0.790407360947452,5,1,100,0.211839297861998,-0.044436980385,5,2.1041285594362,1,-10.75642,1243,0.2,0,5,"both",0.211839297861998,-0.044436980385
"441","session1",-18.3660378083869,10.3286779859591,1.73015646781121,0.00120527862935832,-0.0875366647839902,0.52052862968074,0.790407360947452,5,1,100,0.211839297861998,-0.044436980385,5,1.5369486712097,0,-23.52267,1243,0.2,0,5,"both",0.211839297861998,-0.044436980385
"442","session1",-18.3660378083869,10.3286779859591,1.73015646781121,0.00120527862935832,-0.0875366647839902,0.52052862968074,0.790407360947452,5,1,100,0.211839297861998,-0.044436980385,5,2.2516318227723,1,-10.879,1243,0.2,0,5,"both",0.211839297861998,-0.044436980385
"443","session1",-18.3660378083869,10.3286779859591,1.73015646781121,0.00120527862935832,-0.0875366647839902,0.52052862968074,0.790407360947452,5,1,100,0.211839297861998,-0.044436980385,5,2.44911969792969,0,-19.63966,1243,0.2,0,5,"both",0.211839297861998,-0.044436980385
"444","session1",-18.3660378083869,10.3286779859591,1.73015646781121,0.00120527862935832,-0.0875366647839902,0.52052862968074,0.790407360947452,5,1,100,0.211839297861998,-0.044436980385,5,1.92075050789124,1,-24.37496,1243,0.2,0,5,"both",0.211839297861998,-0.044436980385
"445","session1",-18.3660378083869,10.3286779859591,1.73015646781121,0.00120527862935832,-0.0875366647839902,0.52052862968074,0.790407360947452,5,1,100,0.211839297861998,-0.044436980385,5,3.16844974470586,0,-7.88805,1243,0.2,0,5,"both",0.211839297861998,-0.044436980385
"446","session1",-18.3660378083869,10.3286779859591,1.73015646781121,0.00120527862935832,-0.0875366647839902,0.52052862968074,0.790407360947452,5,1,100,0.211839297861998,-0.044436980385,5,1.54374583508387,0,-31.698,1243,0.2,0,5,"both",0.211839297861998,-0.044436980385
"447","session1",-18.3660378083869,10.3286779859591,1.73015646781121,0.00120527862935832,-0.0875366647839902,0.52052862968074,0.790407360947452,5,1,100,0.211839297861998,-0.044436980385,5,1.89485616779817,1,-10.33088,1243,0.2,0,5,"both",0.211839297861998,-0.044436980385
"448","session1",-18.3660378083869,10.3286779859591,1.73015646781121,0.00120527862935832,-0.0875366647839902,0.52052862968074,0.790407360947452,5,1,100,0.211839297861998,-0.044436980385,5,1.48633228635129,0,-19.45617,1243,0.2,0,5,"both",0.211839297861998,-0.044436980385
"449","session1",-18.3660378083869,10.3286779859591,1.73015646781121,0.00120527862935832,-0.0875366647839902,0.52052862968074,0.790407360947452,5,1,100,0.211839297861998,-0.044436980385,5,1.84934277761272,1,-4.6034,1243,0.2,0,5,"both",0.211839297861998,-0.044436980385
"450","session1",-18.3660378083869,10.3286779859591,1.73015646781121,0.00120527862935832,-0.0875366647839902,0.52052862968074,0.790407360947452,5,1,100,0.211839297861998,-0.044436980385,5,1.85002280284304,1,-5.8604,1243,0.2,0,5,"both",0.211839297861998,-0.044436980385
"451","session1",-18.3660378083869,10.3286779859591,1.73015646781121,0.00120527862935832,-0.0875366647839902,0.52052862968074,0.790407360947452,5,1,100,0.211839297861998,-0.044436980385,5,2.1858914462341,1,-10.3589,1243,0.2,0,5,"both",0.211839297861998,-0.044436980385
"452","session1",-18.3660378083869,10.3286779859591,1.73015646781121,0.00120527862935832,-0.0875366647839902,0.52052862968074,0.790407360947452,5,1,100,0.211839297861998,-0.044436980385,5,1.50641418170868,1,-8.3063,1243,0.2,0,5,"both",0.211839297861998,-0.044436980385
"453","session1",-18.3660378083869,10.3286779859591,1.73015646781121,0.00120527862935832,-0.0875366647839902,0.52052862968074,0.790407360947452,5,1,100,0.211839297861998,-0.044436980385,5,2.35135841502787,0,-26.3132,1243,0.2,0,5,"both",0.211839297861998,-0.044436980385
"454","session1",-18.3660378083869,10.3286779859591,1.73015646781121,0.00120527862935832,-0.0875366647839902,0.52052862968074,0.790407360947452,5,1,100,0.211839297861998,-0.044436980385,5,2.27591130988037,0,-21.99511,1243,0.2,0,5,"both",0.211839297861998,-0.044436980385
"455","session1",-18.3660378083869,10.3286779859591,1.73015646781121,0.00120527862935832,-0.0875366647839902,0.52052862968074,0.790407360947452,5,1,100,0.211839297861998,-0.044436980385,5,1.89074021512111,0,-32.019,1243,0.2,0,5,"both",0.211839297861998,-0.044436980385
"456","session1",-18.3660378083869,10.3286779859591,1.73015646781121,0.00120527862935832,-0.0875366647839902,0.52052862968074,0.790407360947452,5,1,100,0.211839297861998,-0.044436980385,5,1.96327153851424,0,-27.43629,1243,0.2,0,5,"both",0.211839297861998,-0.044436980385
"457","session1",-18.3660378083869,10.3286779859591,1.73015646781121,0.00120527862935832,-0.0875366647839902,0.52052862968074,0.790407360947452,5,1,100,0.211839297861998,-0.044436980385,5,1.4539018990886,0,-30.23457,1243,0.2,0,5,"both",0.211839297861998,-0.044436980385
"458","session1",-18.3660378083869,10.3286779859591,1.73015646781121,0.00120527862935832,-0.0875366647839902,0.52052862968074,0.790407360947452,5,1,100,0.211839297861998,-0.044436980385,5,1.94271121743285,0,-36.0718,1243,0.2,0,5,"both",0.211839297861998,-0.044436980385
"459","session1",-18.3660378083869,10.3286779859591,1.73015646781121,0.00120527862935832,-0.0875366647839902,0.52052862968074,0.790407360947452,5,1,100,0.211839297861998,-0.044436980385,5,1.83665508126023,0,-13.17014,1243,0.2,0,5,"both",0.211839297861998,-0.044436980385
"460","session1",-18.3660378083869,10.3286779859591,1.73015646781121,0.00120527862935832,-0.0875366647839902,0.52052862968074,0.790407360947452,5,1,100,0.211839297861998,-0.044436980385,5,2.5272354376194,1,-11.6711,1243,0.2,0,5,"both",0.211839297861998,-0.044436980385
"461","session1",-18.3660378083869,10.3286779859591,1.73015646781121,0.00120527862935832,-0.0875366647839902,0.52052862968074,0.790407360947452,5,1,100,0.211839297861998,-0.044436980385,5,2.33879692690493,0,-12.27593,1243,0.2,0,5,"both",0.211839297861998,-0.044436980385
"462","session1",-18.3660378083869,10.3286779859591,1.73015646781121,0.00120527862935832,-0.0875366647839902,0.52052862968074,0.790407360947452,5,1,100,0.211839297861998,-0.044436980385,5,2.13789915440912,0,-18.39778,1243,0.2,0,5,"both",0.211839297861998,-0.044436980385
"463","session1",-18.3660378083869,10.3286779859591,1.73015646781121,0.00120527862935832,-0.0875366647839902,0.52052862968074,0.790407360947452,5,1,100,0.211839297861998,-0.044436980385,5,2.36476109432483,0,-22.8882,1243,0.2,0,5,"both",0.211839297861998,-0.044436980385
"464","session1",-18.3660378083869,10.3286779859591,1.73015646781121,0.00120527862935832,-0.0875366647839902,0.52052862968074,0.790407360947452,5,1,100,0.211839297861998,-0.044436980385,5,2.63717789309407,1,-25.00054,1243,0.2,0,5,"both",0.211839297861998,-0.044436980385
"465","session1",-18.3660378083869,10.3286779859591,1.73015646781121,0.00120527862935832,-0.0875366647839902,0.52052862968074,0.790407360947452,5,1,100,0.211839297861998,-0.044436980385,5,1.29288894486859,1,-21.59235,1243,0.2,0,5,"both",0.211839297861998,-0.044436980385
"466","session1",-18.3660378083869,10.3286779859591,1.73015646781121,0.00120527862935832,-0.0875366647839902,0.52052862968074,0.790407360947452,5,1,100,0.211839297861998,-0.044436980385,5,3.6411232565542,0,-23.54382,1243,0.2,0,5,"both",0.211839297861998,-0.044436980385
"467","session1",-18.3660378083869,10.3286779859591,1.73015646781121,0.00120527862935832,-0.0875366647839902,0.52052862968074,0.790407360947452,5,1,100,0.211839297861998,-0.044436980385,5,3.69936293839556,0,-23.62205,1243,0.2,0,5,"both",0.211839297861998,-0.044436980385
"468","session1",-18.3660378083869,10.3286779859591,1.73015646781121,0.00120527862935832,-0.0875366647839902,0.52052862968074,0.790407360947452,5,1,100,0.211839297861998,-0.044436980385,5,2.19513620507119,1,-7.5734,1243,0.2,0,5,"both",0.211839297861998,-0.044436980385
"469","session1",-18.3660378083869,10.3286779859591,1.73015646781121,0.00120527862935832,-0.0875366647839902,0.52052862968074,0.790407360947452,5,1,100,0.211839297861998,-0.044436980385,5,1.91054551653525,0,-11.55821,1243,0.2,0,5,"both",0.211839297861998,-0.044436980385
"470","session1",-18.3660378083869,10.3286779859591,1.73015646781121,0.00120527862935832,-0.0875366647839902,0.52052862968074,0.790407360947452,5,1,100,0.211839297861998,-0.044436980385,5,2.08148212610199,0,-20.59629,1243,0.2,0,5,"both",0.211839297861998,-0.044436980385
"471","session1",-18.3660378083869,10.3286779859591,1.73015646781121,0.00120527862935832,-0.0875366647839902,0.52052862968074,0.790407360947452,5,1,100,0.211839297861998,-0.044436980385,5,1.96616874520073,0,-21.65915,1243,0.2,0,5,"both",0.211839297861998,-0.044436980385
"472","session1",-18.3660378083869,10.3286779859591,1.73015646781121,0.00120527862935832,-0.0875366647839902,0.52052862968074,0.790407360947452,5,1,100,0.211839297861998,-0.044436980385,5,2.40203711786675,0,-29.2346,1243,0.2,0,5,"both",0.211839297861998,-0.044436980385
"473","session1",-18.3660378083869,10.3286779859591,1.73015646781121,0.00120527862935832,-0.0875366647839902,0.52052862968074,0.790407360947452,5,1,100,0.211839297861998,-0.044436980385,5,1.80626155653752,1,-4.96,1243,0.2,0,5,"both",0.211839297861998,-0.044436980385
"474","session1",-18.3660378083869,10.3286779859591,1.73015646781121,0.00120527862935832,-0.0875366647839902,0.52052862968074,0.790407360947452,5,1,100,0.211839297861998,-0.044436980385,5,3.3372351330082,1,-5.9308,1243,0.2,0,5,"both",0.211839297861998,-0.044436980385
"475","session1",-18.3660378083869,10.3286779859591,1.73015646781121,0.00120527862935832,-0.0875366647839902,0.52052862968074,0.790407360947452,5,1,100,0.211839297861998,-0.044436980385,5,1.51744038154479,0,-35.2919,1243,0.2,0,5,"both",0.211839297861998,-0.044436980385
"476","session1",-18.3660378083869,10.3286779859591,1.73015646781121,0.00120527862935832,-0.0875366647839902,0.52052862968074,0.790407360947452,5,1,100,0.211839297861998,-0.044436980385,5,2.17889235905426,1,-10.83318,1243,0.2,0,5,"both",0.211839297861998,-0.044436980385
"477","session1",-18.3660378083869,10.3286779859591,1.73015646781121,0.00120527862935832,-0.0875366647839902,0.52052862968074,0.790407360947452,5,1,100,0.211839297861998,-0.044436980385,5,1.87767319650195,0,-23.72004,1243,0.2,0,5,"both",0.211839297861998,-0.044436980385
"478","session1",-18.3660378083869,10.3286779859591,1.73015646781121,0.00120527862935832,-0.0875366647839902,0.52052862968074,0.790407360947452,5,1,100,0.211839297861998,-0.044436980385,5,2.28181805801977,1,-7.29044,1243,0.2,0,5,"both",0.211839297861998,-0.044436980385
"479","session1",-18.3660378083869,10.3286779859591,1.73015646781121,0.00120527862935832,-0.0875366647839902,0.52052862968074,0.790407360947452,5,1,100,0.211839297861998,-0.044436980385,5,3.14377456758927,0,-30.3658,1243,0.2,0,5,"both",0.211839297861998,-0.044436980385
"480","session1",-18.3660378083869,10.3286779859591,1.73015646781121,0.00120527862935832,-0.0875366647839902,0.52052862968074,0.790407360947452,5,1,100,0.211839297861998,-0.044436980385,5,2.60809715898708,1,-26.72322,1243,0.2,0,5,"both",0.211839297861998,-0.044436980385
"481","session1",-18.3660378083869,10.3286779859591,1.73015646781121,0.00120527862935832,-0.0875366647839902,0.52052862968074,0.790407360947452,5,1,100,0.211839297861998,-0.044436980385,5,3.10238719932262,0,-28.829,1243,0.2,0,5,"both",0.211839297861998,-0.044436980385
"482","session1",-18.3660378083869,10.3286779859591,1.73015646781121,0.00120527862935832,-0.0875366647839902,0.52052862968074,0.790407360947452,5,1,100,0.211839297861998,-0.044436980385,5,2.26878026024949,0,-7.34702,1243,0.2,0,5,"both",0.211839297861998,-0.044436980385
"483","session1",-18.3660378083869,10.3286779859591,1.73015646781121,0.00120527862935832,-0.0875366647839902,0.52052862968074,0.790407360947452,5,1,100,0.211839297861998,-0.044436980385,5,1.65823440960141,0,-29.8281,1243,0.2,0,5,"both",0.211839297861998,-0.044436980385
"484","session1",-18.3660378083869,10.3286779859591,1.73015646781121,0.00120527862935832,-0.0875366647839902,0.52052862968074,0.790407360947452,5,1,100,0.211839297861998,-0.044436980385,5,2.61980683977994,1,-9.7194,1243,0.2,0,5,"both",0.211839297861998,-0.044436980385
"485","session1",-18.3660378083869,10.3286779859591,1.73015646781121,0.00120527862935832,-0.0875366647839902,0.52052862968074,0.790407360947452,5,1,100,0.211839297861998,-0.044436980385,5,1.31392370216634,0,-10.76966,1243,0.2,0,5,"both",0.211839297861998,-0.044436980385
"486","session1",-18.3660378083869,10.3286779859591,1.73015646781121,0.00120527862935832,-0.0875366647839902,0.52052862968074,0.790407360947452,5,1,100,0.211839297861998,-0.044436980385,5,2.0340436788762,0,-25.10107,1243,0.2,0,5,"both",0.211839297861998,-0.044436980385
"487","session1",-18.3660378083869,10.3286779859591,1.73015646781121,0.00120527862935832,-0.0875366647839902,0.52052862968074,0.790407360947452,5,1,100,0.211839297861998,-0.044436980385,5,1.64716132272366,0,-33.6393,1243,0.2,0,5,"both",0.211839297861998,-0.044436980385
"488","session1",-18.3660378083869,10.3286779859591,1.73015646781121,0.00120527862935832,-0.0875366647839902,0.52052862968074,0.790407360947452,5,1,100,0.211839297861998,-0.044436980385,5,1.22467413639719,1,-10.0183,1243,0.2,0,5,"both",0.211839297861998,-0.044436980385
"489","session1",-18.3660378083869,10.3286779859591,1.73015646781121,0.00120527862935832,-0.0875366647839902,0.52052862968074,0.790407360947452,5,1,100,0.211839297861998,-0.044436980385,5,2.06784831802607,1,0.809700000000001,1243,0.2,0,5,"both",0.211839297861998,-0.044436980385
"490","session1",-18.3660378083869,10.3286779859591,1.73015646781121,0.00120527862935832,-0.0875366647839902,0.52052862968074,0.790407360947452,5,1,100,0.211839297861998,-0.044436980385,5,1.8667389968857,0,-10.93834,1243,0.2,0,5,"both",0.211839297861998,-0.044436980385
"491","session1",-18.3660378083869,10.3286779859591,1.73015646781121,0.00120527862935832,-0.0875366647839902,0.52052862968074,0.790407360947452,5,1,100,0.211839297861998,-0.044436980385,5,1.9498283800785,1,-27.8345,1243,0.2,0,5,"both",0.211839297861998,-0.044436980385
"492","session1",-18.3660378083869,10.3286779859591,1.73015646781121,0.00120527862935832,-0.0875366647839902,0.52052862968074,0.790407360947452,5,1,100,0.211839297861998,-0.044436980385,5,1.6187031954534,0,-35.3934,1243,0.2,0,5,"both",0.211839297861998,-0.044436980385
"493","session1",-18.3660378083869,10.3286779859591,1.73015646781121,0.00120527862935832,-0.0875366647839902,0.52052862968074,0.790407360947452,5,1,100,0.211839297861998,-0.044436980385,5,2.9944750338136,0,-24.3609,1243,0.2,0,5,"both",0.211839297861998,-0.044436980385
"494","session1",-18.3660378083869,10.3286779859591,1.73015646781121,0.00120527862935832,-0.0875366647839902,0.52052862968074,0.790407360947452,5,1,100,0.211839297861998,-0.044436980385,5,1.18130182718148,1,-5.9448,1243,0.2,0,5,"both",0.211839297861998,-0.044436980385
"495","session1",-18.3660378083869,10.3286779859591,1.73015646781121,0.00120527862935832,-0.0875366647839902,0.52052862968074,0.790407360947452,5,1,100,0.211839297861998,-0.044436980385,5,1.46335453241358,1,-5.42559,1243,0.2,0,5,"both",0.211839297861998,-0.044436980385
"496","session1",-18.3660378083869,10.3286779859591,1.73015646781121,0.00120527862935832,-0.0875366647839902,0.52052862968074,0.790407360947452,5,1,100,0.211839297861998,-0.044436980385,5,1.54263053783056,1,-4.1626,1243,0.2,0,5,"both",0.211839297861998,-0.044436980385
"497","session1",-18.3660378083869,10.3286779859591,1.73015646781121,0.00120527862935832,-0.0875366647839902,0.52052862968074,0.790407360947452,5,1,100,0.211839297861998,-0.044436980385,5,1.68380991288909,1,-12.08062,1243,0.2,0,5,"both",0.211839297861998,-0.044436980385
"498","session1",-18.3660378083869,10.3286779859591,1.73015646781121,0.00120527862935832,-0.0875366647839902,0.52052862968074,0.790407360947452,5,1,100,0.211839297861998,-0.044436980385,5,3.35984424700879,0,-25.2582,1243,0.2,0,5,"both",0.211839297861998,-0.044436980385
"499","session1",-18.3660378083869,10.3286779859591,1.73015646781121,0.00120527862935832,-0.0875366647839902,0.52052862968074,0.790407360947452,5,1,100,0.211839297861998,-0.044436980385,5,1.70721946726491,1,-14.15181,1243,0.2,0,5,"both",0.211839297861998,-0.044436980385
"500","session1",-18.3660378083869,10.3286779859591,1.73015646781121,0.00120527862935832,-0.0875366647839902,0.52052862968074,0.790407360947452,5,1,100,0.211839297861998,-0.044436980385,5,2.4065545821645,0,-24.17511,1243,0.2,0,5,"both",0.211839297861998,-0.044436980385
"501","session2",-24.5380228527156,23.4873509635566,3.72093419474608,0.000965109154531103,-0.230034681868207,0.620030559681326,0.649139754656445,1,2,100,0.211839297861998,-0.044436980385,6,5.34338826681142,1,-6.3029247293,1243,0.2,0,5,"both",0.211839297861998,-0.044436980385
"502","session2",-24.5380228527156,23.4873509635566,3.72093419474608,0.000965109154531103,-0.230034681868207,0.620030559681326,0.649139754656445,1,2,100,0.211839297861998,-0.044436980385,6,2.09105922578526,1,-10.329712828,1243,0.2,0,5,"both",0.211839297861998,-0.044436980385
"503","session2",-24.5380228527156,23.4873509635566,3.72093419474608,0.000965109154531103,-0.230034681868207,0.620030559681326,0.649139754656445,1,2,100,0.211839297861998,-0.044436980385,6,2.93108415423118,1,-16.6225320038,1243,0.2,0,5,"both",0.211839297861998,-0.044436980385
"504","session2",-24.5380228527156,23.4873509635566,3.72093419474608,0.000965109154531103,-0.230034681868207,0.620030559681326,0.649139754656445,1,2,100,0.211839297861998,-0.044436980385,6,6.17684129666568,1,-21.7589532172,1243,0.2,0,5,"both",0.211839297861998,-0.044436980385
"505","session2",-24.5380228527156,23.4873509635566,3.72093419474608,0.000965109154531103,-0.230034681868207,0.620030559681326,0.649139754656445,1,2,100,0.211839297861998,-0.044436980385,6,1.77456932903022,0,-35.72428,1243,0.2,0,5,"both",0.211839297861998,-0.044436980385
"506","session2",-24.5380228527156,23.4873509635566,3.72093419474608,0.000965109154531103,-0.230034681868207,0.620030559681326,0.649139754656445,1,2,100,0.211839297861998,-0.044436980385,6,2.21775291443548,0,-40.4768,1243,0.2,0,5,"both",0.211839297861998,-0.044436980385
"507","session2",-24.5380228527156,23.4873509635566,3.72093419474608,0.000965109154531103,-0.230034681868207,0.620030559681326,0.649139754656445,1,2,100,0.211839297861998,-0.044436980385,6,1.84118279046979,1,-25.078085194,1243,0.2,0,5,"both",0.211839297861998,-0.044436980385
"508","session2",-24.5380228527156,23.4873509635566,3.72093419474608,0.000965109154531103,-0.230034681868207,0.620030559681326,0.649139754656445,1,2,100,0.211839297861998,-0.044436980385,6,2.56349093166301,1,-25.29545,1243,0.2,0,5,"both",0.211839297861998,-0.044436980385
"509","session2",-24.5380228527156,23.4873509635566,3.72093419474608,0.000965109154531103,-0.230034681868207,0.620030559681326,0.649139754656445,1,2,100,0.211839297861998,-0.044436980385,6,1.93580929580995,1,-28.81918,1243,0.2,0,5,"both",0.211839297861998,-0.044436980385
"510","session2",-24.5380228527156,23.4873509635566,3.72093419474608,0.000965109154531103,-0.230034681868207,0.620030559681326,0.649139754656445,1,2,100,0.211839297861998,-0.044436980385,6,3.74043558395311,0,-32.41453,1243,0.2,0,5,"both",0.211839297861998,-0.044436980385
"511","session2",-24.5380228527156,23.4873509635566,3.72093419474608,0.000965109154531103,-0.230034681868207,0.620030559681326,0.649139754656445,1,2,100,0.211839297861998,-0.044436980385,6,2.27535735882556,1,-25.18252,1243,0.2,0,5,"both",0.211839297861998,-0.044436980385
"512","session2",-24.5380228527156,23.4873509635566,3.72093419474608,0.000965109154531103,-0.230034681868207,0.620030559681326,0.649139754656445,1,2,100,0.211839297861998,-0.044436980385,6,8,1,-32.01289,1243,0.2,0,5,"both",0.211839297861998,-0.044436980385
"513","session2",-24.5380228527156,23.4873509635566,3.72093419474608,0.000965109154531103,-0.230034681868207,0.620030559681326,0.649139754656445,1,2,100,0.211839297861998,-0.044436980385,6,2.76848687908657,0,-39.19275,1243,0.2,0,5,"both",0.211839297861998,-0.044436980385
"514","session2",-24.5380228527156,23.4873509635566,3.72093419474608,0.000965109154531103,-0.230034681868207,0.620030559681326,0.649139754656445,1,2,100,0.211839297861998,-0.044436980385,6,3.30047541775937,0,-35.18702,1243,0.2,0,5,"both",0.211839297861998,-0.044436980385
"515","session2",-24.5380228527156,23.4873509635566,3.72093419474608,0.000965109154531103,-0.230034681868207,0.620030559681326,0.649139754656445,1,2,100,0.211839297861998,-0.044436980385,6,5.71156374142778,1,-28.14133,1243,0.2,0,5,"both",0.211839297861998,-0.044436980385
"516","session2",-24.5380228527156,23.4873509635566,3.72093419474608,0.000965109154531103,-0.230034681868207,0.620030559681326,0.649139754656445,1,2,100,0.211839297861998,-0.044436980385,6,2.7255967242609,1,-28.89449,1243,0.2,0,5,"both",0.211839297861998,-0.044436980385
"517","session2",-24.5380228527156,23.4873509635566,3.72093419474608,0.000965109154531103,-0.230034681868207,0.620030559681326,0.649139754656445,1,2,100,0.211839297861998,-0.044436980385,6,7.66172710378311,0,-33.97491,1243,0.2,0,5,"both",0.211839297861998,-0.044436980385
"518","session2",-24.5380228527156,23.4873509635566,3.72093419474608,0.000965109154531103,-0.230034681868207,0.620030559681326,0.649139754656445,1,2,100,0.211839297861998,-0.044436980385,6,2.94209621952814,1,-29.15758,1243,0.2,0,5,"both",0.211839297861998,-0.044436980385
"519","session2",-24.5380228527156,23.4873509635566,3.72093419474608,0.000965109154531103,-0.230034681868207,0.620030559681326,0.649139754656445,1,2,100,0.211839297861998,-0.044436980385,6,5.92861554079706,1,-22.7273,1243,0.2,0,5,"both",0.211839297861998,-0.044436980385
"520","session2",-24.5380228527156,23.4873509635566,3.72093419474608,0.000965109154531103,-0.230034681868207,0.620030559681326,0.649139754656445,1,2,100,0.211839297861998,-0.044436980385,6,2.61701544192752,1,-30.34526,1243,0.2,0,5,"both",0.211839297861998,-0.044436980385
"521","session2",-24.5380228527156,23.4873509635566,3.72093419474608,0.000965109154531103,-0.230034681868207,0.620030559681326,0.649139754656445,1,2,100,0.211839297861998,-0.044436980385,6,1.4442318271365,0,-34.35761,1243,0.2,0,5,"both",0.211839297861998,-0.044436980385
"522","session2",-24.5380228527156,23.4873509635566,3.72093419474608,0.000965109154531103,-0.230034681868207,0.620030559681326,0.649139754656445,1,2,100,0.211839297861998,-0.044436980385,6,3.84510511756732,1,-35.41234,1243,0.2,0,5,"both",0.211839297861998,-0.044436980385
"523","session2",-24.5380228527156,23.4873509635566,3.72093419474608,0.000965109154531103,-0.230034681868207,0.620030559681326,0.649139754656445,1,2,100,0.211839297861998,-0.044436980385,6,1.68331328991574,1,-33.10096,1243,0.2,0,5,"both",0.211839297861998,-0.044436980385
"524","session2",-24.5380228527156,23.4873509635566,3.72093419474608,0.000965109154531103,-0.230034681868207,0.620030559681326,0.649139754656445,1,2,100,0.211839297861998,-0.044436980385,6,3.94625799382075,0,-31.57012,1243,0.2,0,5,"both",0.211839297861998,-0.044436980385
"525","session2",-24.5380228527156,23.4873509635566,3.72093419474608,0.000965109154531103,-0.230034681868207,0.620030559681326,0.649139754656445,1,2,100,0.211839297861998,-0.044436980385,6,3.28363837093147,0,-26.73988,1243,0.2,0,5,"both",0.211839297861998,-0.044436980385
"526","session2",-24.5380228527156,23.4873509635566,3.72093419474608,0.000965109154531103,-0.230034681868207,0.620030559681326,0.649139754656445,1,2,100,0.211839297861998,-0.044436980385,6,2.81276651136654,1,-35.05014,1243,0.2,0,5,"both",0.211839297861998,-0.044436980385
"527","session2",-24.5380228527156,23.4873509635566,3.72093419474608,0.000965109154531103,-0.230034681868207,0.620030559681326,0.649139754656445,1,2,100,0.211839297861998,-0.044436980385,6,5.4354805095094,1,-25.08592,1243,0.2,0,5,"both",0.211839297861998,-0.044436980385
"528","session2",-24.5380228527156,23.4873509635566,3.72093419474608,0.000965109154531103,-0.230034681868207,0.620030559681326,0.649139754656445,1,2,100,0.211839297861998,-0.044436980385,6,3.69603246839635,0,-32.32983,1243,0.2,0,5,"both",0.211839297861998,-0.044436980385
"529","session2",-24.5380228527156,23.4873509635566,3.72093419474608,0.000965109154531103,-0.230034681868207,0.620030559681326,0.649139754656445,1,2,100,0.211839297861998,-0.044436980385,6,2.83017554717382,1,-24.49699,1243,0.2,0,5,"both",0.211839297861998,-0.044436980385
"530","session2",-24.5380228527156,23.4873509635566,3.72093419474608,0.000965109154531103,-0.230034681868207,0.620030559681326,0.649139754656445,1,2,100,0.211839297861998,-0.044436980385,6,1.65847348326912,1,-37.14695,1243,0.2,0,5,"both",0.211839297861998,-0.044436980385
"531","session2",-24.5380228527156,23.4873509635566,3.72093419474608,0.000965109154531103,-0.230034681868207,0.620030559681326,0.649139754656445,1,2,100,0.211839297861998,-0.044436980385,6,2.21151951171091,0,-29.68328,1243,0.2,0,5,"both",0.211839297861998,-0.044436980385
"532","session2",-24.5380228527156,23.4873509635566,3.72093419474608,0.000965109154531103,-0.230034681868207,0.620030559681326,0.649139754656445,1,2,100,0.211839297861998,-0.044436980385,6,1.4825620895541,1,-10.1797,1243,0.2,0,5,"both",0.211839297861998,-0.044436980385
"533","session2",-24.5380228527156,23.4873509635566,3.72093419474608,0.000965109154531103,-0.230034681868207,0.620030559681326,0.649139754656445,1,2,100,0.211839297861998,-0.044436980385,6,2.69252630902975,0,-23.35245,1243,0.2,0,5,"both",0.211839297861998,-0.044436980385
"534","session2",-24.5380228527156,23.4873509635566,3.72093419474608,0.000965109154531103,-0.230034681868207,0.620030559681326,0.649139754656445,1,2,100,0.211839297861998,-0.044436980385,6,1.62173629281862,0,-47.71665,1243,0.2,0,5,"both",0.211839297861998,-0.044436980385
"535","session2",-24.5380228527156,23.4873509635566,3.72093419474608,0.000965109154531103,-0.230034681868207,0.620030559681326,0.649139754656445,1,2,100,0.211839297861998,-0.044436980385,6,7.1681007241334,0,-23.54997,1243,0.2,0,5,"both",0.211839297861998,-0.044436980385
"536","session2",-24.5380228527156,23.4873509635566,3.72093419474608,0.000965109154531103,-0.230034681868207,0.620030559681326,0.649139754656445,1,2,100,0.211839297861998,-0.044436980385,6,3.09379507127573,0,-38.8468,1243,0.2,0,5,"both",0.211839297861998,-0.044436980385
"537","session2",-24.5380228527156,23.4873509635566,3.72093419474608,0.000965109154531103,-0.230034681868207,0.620030559681326,0.649139754656445,1,2,100,0.211839297861998,-0.044436980385,6,1.73610161784526,0,-39.75232,1243,0.2,0,5,"both",0.211839297861998,-0.044436980385
"538","session2",-24.5380228527156,23.4873509635566,3.72093419474608,0.000965109154531103,-0.230034681868207,0.620030559681326,0.649139754656445,1,2,100,0.211839297861998,-0.044436980385,6,2.2605358351619,1,-8.2437,1243,0.2,0,5,"both",0.211839297861998,-0.044436980385
"539","session2",-24.5380228527156,23.4873509635566,3.72093419474608,0.000965109154531103,-0.230034681868207,0.620030559681326,0.649139754656445,1,2,100,0.211839297861998,-0.044436980385,6,2.72117535732157,1,-18.4298,1243,0.2,0,5,"both",0.211839297861998,-0.044436980385
"540","session2",-24.5380228527156,23.4873509635566,3.72093419474608,0.000965109154531103,-0.230034681868207,0.620030559681326,0.649139754656445,1,2,100,0.211839297861998,-0.044436980385,6,2.16348317207913,0,-26.81565,1243,0.2,0,5,"both",0.211839297861998,-0.044436980385
"541","session2",-24.5380228527156,23.4873509635566,3.72093419474608,0.000965109154531103,-0.230034681868207,0.620030559681326,0.649139754656445,1,2,100,0.211839297861998,-0.044436980385,6,3.66851275920217,1,-30.8827965,1243,0.2,0,5,"both",0.211839297861998,-0.044436980385
"542","session2",-24.5380228527156,23.4873509635566,3.72093419474608,0.000965109154531103,-0.230034681868207,0.620030559681326,0.649139754656445,1,2,100,0.211839297861998,-0.044436980385,6,1.84809426170431,1,-40.8803,1243,0.2,0,5,"both",0.211839297861998,-0.044436980385
"543","session2",-24.5380228527156,23.4873509635566,3.72093419474608,0.000965109154531103,-0.230034681868207,0.620030559681326,0.649139754656445,1,2,100,0.211839297861998,-0.044436980385,6,1.99769680660537,0,-34.96381,1243,0.2,0,5,"both",0.211839297861998,-0.044436980385
"544","session2",-24.5380228527156,23.4873509635566,3.72093419474608,0.000965109154531103,-0.230034681868207,0.620030559681326,0.649139754656445,1,2,100,0.211839297861998,-0.044436980385,6,4.52627341546571,1,-48.5417,1243,0.2,0,5,"both",0.211839297861998,-0.044436980385
"545","session2",-24.5380228527156,23.4873509635566,3.72093419474608,0.000965109154531103,-0.230034681868207,0.620030559681326,0.649139754656445,1,2,100,0.211839297861998,-0.044436980385,6,2.32766472017688,1,-34.31506,1243,0.2,0,5,"both",0.211839297861998,-0.044436980385
"546","session2",-24.5380228527156,23.4873509635566,3.72093419474608,0.000965109154531103,-0.230034681868207,0.620030559681326,0.649139754656445,1,2,100,0.211839297861998,-0.044436980385,6,1.30104042336782,0,-32.9282196,1243,0.2,0,5,"both",0.211839297861998,-0.044436980385
"547","session2",-24.5380228527156,23.4873509635566,3.72093419474608,0.000965109154531103,-0.230034681868207,0.620030559681326,0.649139754656445,1,2,100,0.211839297861998,-0.044436980385,6,1.74407513884773,0,-48.8235,1243,0.2,0,5,"both",0.211839297861998,-0.044436980385
"548","session2",-24.5380228527156,23.4873509635566,3.72093419474608,0.000965109154531103,-0.230034681868207,0.620030559681326,0.649139754656445,1,2,100,0.211839297861998,-0.044436980385,6,2.0472213688826,1,-15.2615,1243,0.2,0,5,"both",0.211839297861998,-0.044436980385
"549","session2",-24.5380228527156,23.4873509635566,3.72093419474608,0.000965109154531103,-0.230034681868207,0.620030559681326,0.649139754656445,1,2,100,0.211839297861998,-0.044436980385,6,1.54270018559146,1,-5.2818,1243,0.2,0,5,"both",0.211839297861998,-0.044436980385
"550","session2",-24.5380228527156,23.4873509635566,3.72093419474608,0.000965109154531103,-0.230034681868207,0.620030559681326,0.649139754656445,1,2,100,0.211839297861998,-0.044436980385,6,2.73514994775885,0,-47.7822,1243,0.2,0,5,"both",0.211839297861998,-0.044436980385
"551","session2",-24.5380228527156,23.4873509635566,3.72093419474608,0.000965109154531103,-0.230034681868207,0.620030559681326,0.649139754656445,1,2,100,0.211839297861998,-0.044436980385,6,1.77836838404079,1,-3.8315,1243,0.2,0,5,"both",0.211839297861998,-0.044436980385
"552","session2",-24.5380228527156,23.4873509635566,3.72093419474608,0.000965109154531103,-0.230034681868207,0.620030559681326,0.649139754656445,1,2,100,0.211839297861998,-0.044436980385,6,6.96026402754472,0,-32.706576,1243,0.2,0,5,"both",0.211839297861998,-0.044436980385
"553","session2",-24.5380228527156,23.4873509635566,3.72093419474608,0.000965109154531103,-0.230034681868207,0.620030559681326,0.649139754656445,1,2,100,0.211839297861998,-0.044436980385,6,1.73489579051931,0,-15.8867,1243,0.2,0,5,"both",0.211839297861998,-0.044436980385
"554","session2",-24.5380228527156,23.4873509635566,3.72093419474608,0.000965109154531103,-0.230034681868207,0.620030559681326,0.649139754656445,1,2,100,0.211839297861998,-0.044436980385,6,5.5631484920494,0,-16.1512,1243,0.2,0,5,"both",0.211839297861998,-0.044436980385
"555","session2",-24.5380228527156,23.4873509635566,3.72093419474608,0.000965109154531103,-0.230034681868207,0.620030559681326,0.649139754656445,1,2,100,0.211839297861998,-0.044436980385,6,2.69241384896922,0,-35.73322,1243,0.2,0,5,"both",0.211839297861998,-0.044436980385
"556","session2",-24.5380228527156,23.4873509635566,3.72093419474608,0.000965109154531103,-0.230034681868207,0.620030559681326,0.649139754656445,1,2,100,0.211839297861998,-0.044436980385,6,3.88987292672383,0,-33.83368,1243,0.2,0,5,"both",0.211839297861998,-0.044436980385
"557","session2",-24.5380228527156,23.4873509635566,3.72093419474608,0.000965109154531103,-0.230034681868207,0.620030559681326,0.649139754656445,1,2,100,0.211839297861998,-0.044436980385,6,2.9091439460645,0,-9.8727,1243,0.2,0,5,"both",0.211839297861998,-0.044436980385
"558","session2",-24.5380228527156,23.4873509635566,3.72093419474608,0.000965109154531103,-0.230034681868207,0.620030559681326,0.649139754656445,1,2,100,0.211839297861998,-0.044436980385,6,2.8456648287601,1,-6.0226,1243,0.2,0,5,"both",0.211839297861998,-0.044436980385
"559","session2",-24.5380228527156,23.4873509635566,3.72093419474608,0.000965109154531103,-0.230034681868207,0.620030559681326,0.649139754656445,1,2,100,0.211839297861998,-0.044436980385,6,1.38402266487086,1,-22.2172,1243,0.2,0,5,"both",0.211839297861998,-0.044436980385
"560","session2",-24.5380228527156,23.4873509635566,3.72093419474608,0.000965109154531103,-0.230034681868207,0.620030559681326,0.649139754656445,1,2,100,0.211839297861998,-0.044436980385,6,1.99211376478155,1,-20.0267,1243,0.2,0,5,"both",0.211839297861998,-0.044436980385
"561","session2",-24.5380228527156,23.4873509635566,3.72093419474608,0.000965109154531103,-0.230034681868207,0.620030559681326,0.649139754656445,1,2,100,0.211839297861998,-0.044436980385,6,3.23991529458787,1,-29.8099161,1243,0.2,0,5,"both",0.211839297861998,-0.044436980385
"562","session2",-24.5380228527156,23.4873509635566,3.72093419474608,0.000965109154531103,-0.230034681868207,0.620030559681326,0.649139754656445,1,2,100,0.211839297861998,-0.044436980385,6,2.37831509456305,1,-30.6066661,1243,0.2,0,5,"both",0.211839297861998,-0.044436980385
"563","session2",-24.5380228527156,23.4873509635566,3.72093419474608,0.000965109154531103,-0.230034681868207,0.620030559681326,0.649139754656445,1,2,100,0.211839297861998,-0.044436980385,6,5.04906128740076,0,-27.46126,1243,0.2,0,5,"both",0.211839297861998,-0.044436980385
"564","session2",-24.5380228527156,23.4873509635566,3.72093419474608,0.000965109154531103,-0.230034681868207,0.620030559681326,0.649139754656445,1,2,100,0.211839297861998,-0.044436980385,6,2.52781312594134,0,-41.75091,1243,0.2,0,5,"both",0.211839297861998,-0.044436980385
"565","session2",-24.5380228527156,23.4873509635566,3.72093419474608,0.000965109154531103,-0.230034681868207,0.620030559681326,0.649139754656445,1,2,100,0.211839297861998,-0.044436980385,6,1.18649023203336,0,-32.5927,1243,0.2,0,5,"both",0.211839297861998,-0.044436980385
"566","session2",-24.5380228527156,23.4873509635566,3.72093419474608,0.000965109154531103,-0.230034681868207,0.620030559681326,0.649139754656445,1,2,100,0.211839297861998,-0.044436980385,6,2.28866230563035,0,-34.29939,1243,0.2,0,5,"both",0.211839297861998,-0.044436980385
"567","session2",-24.5380228527156,23.4873509635566,3.72093419474608,0.000965109154531103,-0.230034681868207,0.620030559681326,0.649139754656445,1,2,100,0.211839297861998,-0.044436980385,6,2.22251891706028,1,-13.9015,1243,0.2,0,5,"both",0.211839297861998,-0.044436980385
"568","session2",-24.5380228527156,23.4873509635566,3.72093419474608,0.000965109154531103,-0.230034681868207,0.620030559681326,0.649139754656445,1,2,100,0.211839297861998,-0.044436980385,6,2.06939457341747,0,-49.6306,1243,0.2,0,5,"both",0.211839297861998,-0.044436980385
"569","session2",-24.5380228527156,23.4873509635566,3.72093419474608,0.000965109154531103,-0.230034681868207,0.620030559681326,0.649139754656445,1,2,100,0.211839297861998,-0.044436980385,6,2.26172134579702,0,-17.2294,1243,0.2,0,5,"both",0.211839297861998,-0.044436980385
"570","session2",-24.5380228527156,23.4873509635566,3.72093419474608,0.000965109154531103,-0.230034681868207,0.620030559681326,0.649139754656445,1,2,100,0.211839297861998,-0.044436980385,6,1.49851229030786,0,-28.6575004,1243,0.2,0,5,"both",0.211839297861998,-0.044436980385
"571","session2",-24.5380228527156,23.4873509635566,3.72093419474608,0.000965109154531103,-0.230034681868207,0.620030559681326,0.649139754656445,1,2,100,0.211839297861998,-0.044436980385,6,2.97965357048649,1,-40.13495,1243,0.2,0,5,"both",0.211839297861998,-0.044436980385
"572","session2",-24.5380228527156,23.4873509635566,3.72093419474608,0.000965109154531103,-0.230034681868207,0.620030559681326,0.649139754656445,1,2,100,0.211839297861998,-0.044436980385,6,3.03496877070508,1,-48.2784,1243,0.2,0,5,"both",0.211839297861998,-0.044436980385
"573","session2",-24.5380228527156,23.4873509635566,3.72093419474608,0.000965109154531103,-0.230034681868207,0.620030559681326,0.649139754656445,1,2,100,0.211839297861998,-0.044436980385,6,2.25089930904957,0,-43.3433,1243,0.2,0,5,"both",0.211839297861998,-0.044436980385
"574","session2",-24.5380228527156,23.4873509635566,3.72093419474608,0.000965109154531103,-0.230034681868207,0.620030559681326,0.649139754656445,1,2,100,0.211839297861998,-0.044436980385,6,3.16818220377797,1,-9.7132,1243,0.2,0,5,"both",0.211839297861998,-0.044436980385
"575","session2",-24.5380228527156,23.4873509635566,3.72093419474608,0.000965109154531103,-0.230034681868207,0.620030559681326,0.649139754656445,1,2,100,0.211839297861998,-0.044436980385,6,1.99239545538871,0,-46.8133,1243,0.2,0,5,"both",0.211839297861998,-0.044436980385
"576","session2",-24.5380228527156,23.4873509635566,3.72093419474608,0.000965109154531103,-0.230034681868207,0.620030559681326,0.649139754656445,1,2,100,0.211839297861998,-0.044436980385,6,1.97007223973952,0,-44.101,1243,0.2,0,5,"both",0.211839297861998,-0.044436980385
"577","session2",-24.5380228527156,23.4873509635566,3.72093419474608,0.000965109154531103,-0.230034681868207,0.620030559681326,0.649139754656445,1,2,100,0.211839297861998,-0.044436980385,6,2.71662468696573,0,-12.7511,1243,0.2,0,5,"both",0.211839297861998,-0.044436980385
"578","session2",-24.5380228527156,23.4873509635566,3.72093419474608,0.000965109154531103,-0.230034681868207,0.620030559681326,0.649139754656445,1,2,100,0.211839297861998,-0.044436980385,6,2.97597940794,0,-41.1358,1243,0.2,0,5,"both",0.211839297861998,-0.044436980385
"579","session2",-24.5380228527156,23.4873509635566,3.72093419474608,0.000965109154531103,-0.230034681868207,0.620030559681326,0.649139754656445,1,2,100,0.211839297861998,-0.044436980385,6,2.68471315440982,1,-19.32794,1243,0.2,0,5,"both",0.211839297861998,-0.044436980385
"580","session2",-24.5380228527156,23.4873509635566,3.72093419474608,0.000965109154531103,-0.230034681868207,0.620030559681326,0.649139754656445,1,2,100,0.211839297861998,-0.044436980385,6,3.09838098072059,0,-20.6464,1243,0.2,0,5,"both",0.211839297861998,-0.044436980385
"581","session2",-24.5380228527156,23.4873509635566,3.72093419474608,0.000965109154531103,-0.230034681868207,0.620030559681326,0.649139754656445,1,2,100,0.211839297861998,-0.044436980385,6,2.03839836288004,1,-34.00388,1243,0.2,0,5,"both",0.211839297861998,-0.044436980385
"582","session2",-24.5380228527156,23.4873509635566,3.72093419474608,0.000965109154531103,-0.230034681868207,0.620030559681326,0.649139754656445,1,2,100,0.211839297861998,-0.044436980385,6,1.54698298319645,1,28.9122,1243,0.2,0,5,"both",0.211839297861998,-0.044436980385
"583","session2",-24.5380228527156,23.4873509635566,3.72093419474608,0.000965109154531103,-0.230034681868207,0.620030559681326,0.649139754656445,1,2,100,0.211839297861998,-0.044436980385,6,3.8216504668712,1,-19.92506,1243,0.2,0,5,"both",0.211839297861998,-0.044436980385
"584","session2",-24.5380228527156,23.4873509635566,3.72093419474608,0.000965109154531103,-0.230034681868207,0.620030559681326,0.649139754656445,1,2,100,0.211839297861998,-0.044436980385,6,1.33659416655125,1,18.5993,1243,0.2,0,5,"both",0.211839297861998,-0.044436980385
"585","session2",-24.5380228527156,23.4873509635566,3.72093419474608,0.000965109154531103,-0.230034681868207,0.620030559681326,0.649139754656445,1,2,100,0.211839297861998,-0.044436980385,6,1.61512180636962,0,-40.44742,1243,0.2,0,5,"both",0.211839297861998,-0.044436980385
"586","session2",-24.5380228527156,23.4873509635566,3.72093419474608,0.000965109154531103,-0.230034681868207,0.620030559681326,0.649139754656445,1,2,100,0.211839297861998,-0.044436980385,6,3.08957335360454,1,4.2192,1243,0.2,0,5,"both",0.211839297861998,-0.044436980385
"587","session2",-24.5380228527156,23.4873509635566,3.72093419474608,0.000965109154531103,-0.230034681868207,0.620030559681326,0.649139754656445,1,2,100,0.211839297861998,-0.044436980385,6,3.33534469180145,0,-28.3658222,1243,0.2,0,5,"both",0.211839297861998,-0.044436980385
"588","session2",-24.5380228527156,23.4873509635566,3.72093419474608,0.000965109154531103,-0.230034681868207,0.620030559681326,0.649139754656445,1,2,100,0.211839297861998,-0.044436980385,6,1.4563254026019,0,-40.96757,1243,0.2,0,5,"both",0.211839297861998,-0.044436980385
"589","session2",-24.5380228527156,23.4873509635566,3.72093419474608,0.000965109154531103,-0.230034681868207,0.620030559681326,0.649139754656445,1,2,100,0.211839297861998,-0.044436980385,6,3.50416677720003,0,-20.7741,1243,0.2,0,5,"both",0.211839297861998,-0.044436980385
"590","session2",-24.5380228527156,23.4873509635566,3.72093419474608,0.000965109154531103,-0.230034681868207,0.620030559681326,0.649139754656445,1,2,100,0.211839297861998,-0.044436980385,6,1.59908561245032,1,-36.45367,1243,0.2,0,5,"both",0.211839297861998,-0.044436980385
"591","session2",-24.5380228527156,23.4873509635566,3.72093419474608,0.000965109154531103,-0.230034681868207,0.620030559681326,0.649139754656445,1,2,100,0.211839297861998,-0.044436980385,6,0.958730013583001,1,-5.7027,1243,0.2,0,5,"both",0.211839297861998,-0.044436980385
"592","session2",-24.5380228527156,23.4873509635566,3.72093419474608,0.000965109154531103,-0.230034681868207,0.620030559681326,0.649139754656445,1,2,100,0.211839297861998,-0.044436980385,6,2.13865514959213,0,-48.8653,1243,0.2,0,5,"both",0.211839297861998,-0.044436980385
"593","session2",-24.5380228527156,23.4873509635566,3.72093419474608,0.000965109154531103,-0.230034681868207,0.620030559681326,0.649139754656445,1,2,100,0.211839297861998,-0.044436980385,6,6.91560768327657,0,-25.54304,1243,0.2,0,5,"both",0.211839297861998,-0.044436980385
"594","session2",-24.5380228527156,23.4873509635566,3.72093419474608,0.000965109154531103,-0.230034681868207,0.620030559681326,0.649139754656445,1,2,100,0.211839297861998,-0.044436980385,6,1.27623848783742,1,-12.9282,1243,0.2,0,5,"both",0.211839297861998,-0.044436980385
"595","session2",-24.5380228527156,23.4873509635566,3.72093419474608,0.000965109154531103,-0.230034681868207,0.620030559681326,0.649139754656445,1,2,100,0.211839297861998,-0.044436980385,6,1.32935474695033,0,-49.95,1243,0.2,0,5,"both",0.211839297861998,-0.044436980385
"596","session2",-24.5380228527156,23.4873509635566,3.72093419474608,0.000965109154531103,-0.230034681868207,0.620030559681326,0.649139754656445,1,2,100,0.211839297861998,-0.044436980385,6,4.78156028684094,0,-27.640308,1243,0.2,0,5,"both",0.211839297861998,-0.044436980385
"597","session2",-24.5380228527156,23.4873509635566,3.72093419474608,0.000965109154531103,-0.230034681868207,0.620030559681326,0.649139754656445,1,2,100,0.211839297861998,-0.044436980385,6,1.68469083216771,0,-21.40182,1243,0.2,0,5,"both",0.211839297861998,-0.044436980385
"598","session2",-24.5380228527156,23.4873509635566,3.72093419474608,0.000965109154531103,-0.230034681868207,0.620030559681326,0.649139754656445,1,2,100,0.211839297861998,-0.044436980385,6,1.8277447754203,0,-49.5039,1243,0.2,0,5,"both",0.211839297861998,-0.044436980385
"599","session2",-24.5380228527156,23.4873509635566,3.72093419474608,0.000965109154531103,-0.230034681868207,0.620030559681326,0.649139754656445,1,2,100,0.211839297861998,-0.044436980385,6,1.7786390706982,0,-42.0285,1243,0.2,0,5,"both",0.211839297861998,-0.044436980385
"600","session2",-24.5380228527156,23.4873509635566,3.72093419474608,0.000965109154531103,-0.230034681868207,0.620030559681326,0.649139754656445,1,2,100,0.211839297861998,-0.044436980385,6,3.22335668469218,1,-49.3348,1243,0.2,0,5,"both",0.211839297861998,-0.044436980385
"601","session2",-25.5642468638672,11.6909219191232,1.39800807737126,1.91653945064301e-05,0.839703659607518,0.337318783887962,0.258322731236519,2,2,100,0.211839297861998,-0.044436980385,7,3.26875637801826,1,-8.7006958437,1243,0.2,0,5,"both",0.211839297861998,-0.044436980385
"602","session2",-25.5642468638672,11.6909219191232,1.39800807737126,1.91653945064301e-05,0.839703659607518,0.337318783887962,0.258322731236519,2,2,100,0.211839297861998,-0.044436980385,7,1.94587161857643,1,-11.78981203405,1243,0.2,0,5,"both",0.211839297861998,-0.044436980385
"603","session2",-25.5642468638672,11.6909219191232,1.39800807737126,1.91653945064301e-05,0.839703659607518,0.337318783887962,0.258322731236519,2,2,100,0.211839297861998,-0.044436980385,7,2.91510925687554,1,-17.6538179969,1243,0.2,0,5,"both",0.211839297861998,-0.044436980385
"604","session2",-25.5642468638672,11.6909219191232,1.39800807737126,1.91653945064301e-05,0.839703659607518,0.337318783887962,0.258322731236519,2,2,100,0.211839297861998,-0.044436980385,7,2.53975937888404,0,-24.558214159,1243,0.2,0,5,"both",0.211839297861998,-0.044436980385
"605","session2",-25.5642468638672,11.6909219191232,1.39800807737126,1.91653945064301e-05,0.839703659607518,0.337318783887962,0.258322731236519,2,2,100,0.211839297861998,-0.044436980385,7,2.56635250364454,1,-0.049059999999999,1243,0.2,0,5,"both",0.211839297861998,-0.044436980385
"606","session2",-25.5642468638672,11.6909219191232,1.39800807737126,1.91653945064301e-05,0.839703659607518,0.337318783887962,0.258322731236519,2,2,100,0.211839297861998,-0.044436980385,7,5.25682818316268,0,-35.1103,1243,0.2,0,5,"both",0.211839297861998,-0.044436980385
"607","session2",-25.5642468638672,11.6909219191232,1.39800807737126,1.91653945064301e-05,0.839703659607518,0.337318783887962,0.258322731236519,2,2,100,0.211839297861998,-0.044436980385,7,4.66986204939903,1,-20.69523372,1243,0.2,0,5,"both",0.211839297861998,-0.044436980385
"608","session2",-25.5642468638672,11.6909219191232,1.39800807737126,1.91653945064301e-05,0.839703659607518,0.337318783887962,0.258322731236519,2,2,100,0.211839297861998,-0.044436980385,7,2.30613573561432,0,-29.22286,1243,0.2,0,5,"both",0.211839297861998,-0.044436980385
"609","session2",-25.5642468638672,11.6909219191232,1.39800807737126,1.91653945064301e-05,0.839703659607518,0.337318783887962,0.258322731236519,2,2,100,0.211839297861998,-0.044436980385,7,5.45059936557478,0,-21.15261,1243,0.2,0,5,"both",0.211839297861998,-0.044436980385
"610","session2",-25.5642468638672,11.6909219191232,1.39800807737126,1.91653945064301e-05,0.839703659607518,0.337318783887962,0.258322731236519,2,2,100,0.211839297861998,-0.044436980385,7,1.82976781673334,1,-19.0493,1243,0.2,0,5,"both",0.211839297861998,-0.044436980385
"611","session2",-25.5642468638672,11.6909219191232,1.39800807737126,1.91653945064301e-05,0.839703659607518,0.337318783887962,0.258322731236519,2,2,100,0.211839297861998,-0.044436980385,7,4.5738767055471,0,-24.20087,1243,0.2,0,5,"both",0.211839297861998,-0.044436980385
"612","session2",-25.5642468638672,11.6909219191232,1.39800807737126,1.91653945064301e-05,0.839703659607518,0.337318783887962,0.258322731236519,2,2,100,0.211839297861998,-0.044436980385,7,2.98279064566728,0,-20.43902,1243,0.2,0,5,"both",0.211839297861998,-0.044436980385
"613","session2",-25.5642468638672,11.6909219191232,1.39800807737126,1.91653945064301e-05,0.839703659607518,0.337318783887962,0.258322731236519,2,2,100,0.211839297861998,-0.044436980385,7,2.82222535595128,1,-22.07586,1243,0.2,0,5,"both",0.211839297861998,-0.044436980385
"614","session2",-25.5642468638672,11.6909219191232,1.39800807737126,1.91653945064301e-05,0.839703659607518,0.337318783887962,0.258322731236519,2,2,100,0.211839297861998,-0.044436980385,7,3.73395402295789,1,26.4163,1243,0.2,0,5,"both",0.211839297861998,-0.044436980385
"615","session2",-25.5642468638672,11.6909219191232,1.39800807737126,1.91653945064301e-05,0.839703659607518,0.337318783887962,0.258322731236519,2,2,100,0.211839297861998,-0.044436980385,7,5.30266557332129,0,-32.4021,1243,0.2,0,5,"both",0.211839297861998,-0.044436980385
"616","session2",-25.5642468638672,11.6909219191232,1.39800807737126,1.91653945064301e-05,0.839703659607518,0.337318783887962,0.258322731236519,2,2,100,0.211839297861998,-0.044436980385,7,2.84614326703677,1,-19.77675,1243,0.2,0,5,"both",0.211839297861998,-0.044436980385
"617","session2",-25.5642468638672,11.6909219191232,1.39800807737126,1.91653945064301e-05,0.839703659607518,0.337318783887962,0.258322731236519,2,2,100,0.211839297861998,-0.044436980385,7,4.39045049477829,0,-25.51903,1243,0.2,0,5,"both",0.211839297861998,-0.044436980385
"618","session2",-25.5642468638672,11.6909219191232,1.39800807737126,1.91653945064301e-05,0.839703659607518,0.337318783887962,0.258322731236519,2,2,100,0.211839297861998,-0.044436980385,7,3.68967956159414,0,-23.34052,1243,0.2,0,5,"both",0.211839297861998,-0.044436980385
"619","session2",-25.5642468638672,11.6909219191232,1.39800807737126,1.91653945064301e-05,0.839703659607518,0.337318783887962,0.258322731236519,2,2,100,0.211839297861998,-0.044436980385,7,2.73698042586315,0,-22.44833,1243,0.2,0,5,"both",0.211839297861998,-0.044436980385
"620","session2",-25.5642468638672,11.6909219191232,1.39800807737126,1.91653945064301e-05,0.839703659607518,0.337318783887962,0.258322731236519,2,2,100,0.211839297861998,-0.044436980385,7,2.79834420497496,0,-20.12221,1243,0.2,0,5,"both",0.211839297861998,-0.044436980385
"621","session2",-25.5642468638672,11.6909219191232,1.39800807737126,1.91653945064301e-05,0.839703659607518,0.337318783887962,0.258322731236519,2,2,100,0.211839297861998,-0.044436980385,7,8,1,-23.64025,1243,0.2,0,5,"both",0.211839297861998,-0.044436980385
"622","session2",-25.5642468638672,11.6909219191232,1.39800807737126,1.91653945064301e-05,0.839703659607518,0.337318783887962,0.258322731236519,2,2,100,0.211839297861998,-0.044436980385,7,3.25736880613037,1,-25.81058,1243,0.2,0,5,"both",0.211839297861998,-0.044436980385
"623","session2",-25.5642468638672,11.6909219191232,1.39800807737126,1.91653945064301e-05,0.839703659607518,0.337318783887962,0.258322731236519,2,2,100,0.211839297861998,-0.044436980385,7,2.31595085281873,1,-22.66823,1243,0.2,0,5,"both",0.211839297861998,-0.044436980385
"624","session2",-25.5642468638672,11.6909219191232,1.39800807737126,1.91653945064301e-05,0.839703659607518,0.337318783887962,0.258322731236519,2,2,100,0.211839297861998,-0.044436980385,7,3.90902647110912,1,-13.09675,1243,0.2,0,5,"both",0.211839297861998,-0.044436980385
"625","session2",-25.5642468638672,11.6909219191232,1.39800807737126,1.91653945064301e-05,0.839703659607518,0.337318783887962,0.258322731236519,2,2,100,0.211839297861998,-0.044436980385,7,3.30069813054132,1,-26.7804,1243,0.2,0,5,"both",0.211839297861998,-0.044436980385
"626","session2",-25.5642468638672,11.6909219191232,1.39800807737126,1.91653945064301e-05,0.839703659607518,0.337318783887962,0.258322731236519,2,2,100,0.211839297861998,-0.044436980385,7,3.71290153007807,1,-16.3091,1243,0.2,0,5,"both",0.211839297861998,-0.044436980385
"627","session2",-25.5642468638672,11.6909219191232,1.39800807737126,1.91653945064301e-05,0.839703659607518,0.337318783887962,0.258322731236519,2,2,100,0.211839297861998,-0.044436980385,7,4.51713089120957,1,-15.88467,1243,0.2,0,5,"both",0.211839297861998,-0.044436980385
"628","session2",-25.5642468638672,11.6909219191232,1.39800807737126,1.91653945064301e-05,0.839703659607518,0.337318783887962,0.258322731236519,2,2,100,0.211839297861998,-0.044436980385,7,3.75928058654667,0,-32.6204,1243,0.2,0,5,"both",0.211839297861998,-0.044436980385
"629","session2",-25.5642468638672,11.6909219191232,1.39800807737126,1.91653945064301e-05,0.839703659607518,0.337318783887962,0.258322731236519,2,2,100,0.211839297861998,-0.044436980385,7,3.17988831071159,0,-32.8503,1243,0.2,0,5,"both",0.211839297861998,-0.044436980385
"630","session2",-25.5642468638672,11.6909219191232,1.39800807737126,1.91653945064301e-05,0.839703659607518,0.337318783887962,0.258322731236519,2,2,100,0.211839297861998,-0.044436980385,7,3.61378868409355,0,-33.62342,1243,0.2,0,5,"both",0.211839297861998,-0.044436980385
"631","session2",-25.5642468638672,11.6909219191232,1.39800807737126,1.91653945064301e-05,0.839703659607518,0.337318783887962,0.258322731236519,2,2,100,0.211839297861998,-0.044436980385,7,2.06120450848741,0,-27.20326,1243,0.2,0,5,"both",0.211839297861998,-0.044436980385
"632","session2",-25.5642468638672,11.6909219191232,1.39800807737126,1.91653945064301e-05,0.839703659607518,0.337318783887962,0.258322731236519,2,2,100,0.211839297861998,-0.044436980385,7,2.67044118062081,0,-19.35981,1243,0.2,0,5,"both",0.211839297861998,-0.044436980385
"633","session2",-25.5642468638672,11.6909219191232,1.39800807737126,1.91653945064301e-05,0.839703659607518,0.337318783887962,0.258322731236519,2,2,100,0.211839297861998,-0.044436980385,7,4.29664568073146,1,-23.67935,1243,0.2,0,5,"both",0.211839297861998,-0.044436980385
"634","session2",-25.5642468638672,11.6909219191232,1.39800807737126,1.91653945064301e-05,0.839703659607518,0.337318783887962,0.258322731236519,2,2,100,0.211839297861998,-0.044436980385,7,2.7727101515701,1,-18.42354,1243,0.2,0,5,"both",0.211839297861998,-0.044436980385
"635","session2",-25.5642468638672,11.6909219191232,1.39800807737126,1.91653945064301e-05,0.839703659607518,0.337318783887962,0.258322731236519,2,2,100,0.211839297861998,-0.044436980385,7,2.44014418736397,1,-28.35476,1243,0.2,0,5,"both",0.211839297861998,-0.044436980385
"636","session2",-25.5642468638672,11.6909219191232,1.39800807737126,1.91653945064301e-05,0.839703659607518,0.337318783887962,0.258322731236519,2,2,100,0.211839297861998,-0.044436980385,7,3.51803384302464,1,-28.59804,1243,0.2,0,5,"both",0.211839297861998,-0.044436980385
"637","session2",-25.5642468638672,11.6909219191232,1.39800807737126,1.91653945064301e-05,0.839703659607518,0.337318783887962,0.258322731236519,2,2,100,0.211839297861998,-0.044436980385,7,4.04513997573078,0,-17.10495,1243,0.2,0,5,"both",0.211839297861998,-0.044436980385
"638","session2",-25.5642468638672,11.6909219191232,1.39800807737126,1.91653945064301e-05,0.839703659607518,0.337318783887962,0.258322731236519,2,2,100,0.211839297861998,-0.044436980385,7,2.93564032408882,0,-22.97543,1243,0.2,0,5,"both",0.211839297861998,-0.044436980385
"639","session2",-25.5642468638672,11.6909219191232,1.39800807737126,1.91653945064301e-05,0.839703659607518,0.337318783887962,0.258322731236519,2,2,100,0.211839297861998,-0.044436980385,7,2.92045614966447,0,-31.8177,1243,0.2,0,5,"both",0.211839297861998,-0.044436980385
"640","session2",-25.5642468638672,11.6909219191232,1.39800807737126,1.91653945064301e-05,0.839703659607518,0.337318783887962,0.258322731236519,2,2,100,0.211839297861998,-0.044436980385,7,2.50637483656892,0,-31.6427,1243,0.2,0,5,"both",0.211839297861998,-0.044436980385
"641","session2",-25.5642468638672,11.6909219191232,1.39800807737126,1.91653945064301e-05,0.839703659607518,0.337318783887962,0.258322731236519,2,2,100,0.211839297861998,-0.044436980385,7,3.90528427697394,0,-30.4489,1243,0.2,0,5,"both",0.211839297861998,-0.044436980385
"642","session2",-25.5642468638672,11.6909219191232,1.39800807737126,1.91653945064301e-05,0.839703659607518,0.337318783887962,0.258322731236519,2,2,100,0.211839297861998,-0.044436980385,7,3.15098671356053,0,-10.54298,1243,0.2,0,5,"both",0.211839297861998,-0.044436980385
"643","session2",-25.5642468638672,11.6909219191232,1.39800807737126,1.91653945064301e-05,0.839703659607518,0.337318783887962,0.258322731236519,2,2,100,0.211839297861998,-0.044436980385,7,3.10726293405162,1,-4.0864,1243,0.2,0,5,"both",0.211839297861998,-0.044436980385
"644","session2",-25.5642468638672,11.6909219191232,1.39800807737126,1.91653945064301e-05,0.839703659607518,0.337318783887962,0.258322731236519,2,2,100,0.211839297861998,-0.044436980385,7,3.43612374451006,1,-29.27176,1243,0.2,0,5,"both",0.211839297861998,-0.044436980385
"645","session2",-25.5642468638672,11.6909219191232,1.39800807737126,1.91653945064301e-05,0.839703659607518,0.337318783887962,0.258322731236519,2,2,100,0.211839297861998,-0.044436980385,7,1.75967887878067,1,-21.6361629,1243,0.2,0,5,"both",0.211839297861998,-0.044436980385
"646","session2",-25.5642468638672,11.6909219191232,1.39800807737126,1.91653945064301e-05,0.839703659607518,0.337318783887962,0.258322731236519,2,2,100,0.211839297861998,-0.044436980385,7,3.03778355205968,1,-27.79158,1243,0.2,0,5,"both",0.211839297861998,-0.044436980385
"647","session2",-25.5642468638672,11.6909219191232,1.39800807737126,1.91653945064301e-05,0.839703659607518,0.337318783887962,0.258322731236519,2,2,100,0.211839297861998,-0.044436980385,7,3.34023139894709,1,-16.08617,1243,0.2,0,5,"both",0.211839297861998,-0.044436980385
"648","session2",-25.5642468638672,11.6909219191232,1.39800807737126,1.91653945064301e-05,0.839703659607518,0.337318783887962,0.258322731236519,2,2,100,0.211839297861998,-0.044436980385,7,4.0145412016,1,-27.06235,1243,0.2,0,5,"both",0.211839297861998,-0.044436980385
"649","session2",-25.5642468638672,11.6909219191232,1.39800807737126,1.91653945064301e-05,0.839703659607518,0.337318783887962,0.258322731236519,2,2,100,0.211839297861998,-0.044436980385,7,3.69229065241099,0,-34.853,1243,0.2,0,5,"both",0.211839297861998,-0.044436980385
"650","session2",-25.5642468638672,11.6909219191232,1.39800807737126,1.91653945064301e-05,0.839703659607518,0.337318783887962,0.258322731236519,2,2,100,0.211839297861998,-0.044436980385,7,3.32908735725967,0,-16.37869,1243,0.2,0,5,"both",0.211839297861998,-0.044436980385
"651","session2",-25.5642468638672,11.6909219191232,1.39800807737126,1.91653945064301e-05,0.839703659607518,0.337318783887962,0.258322731236519,2,2,100,0.211839297861998,-0.044436980385,7,2.76262557138979,0,-46.2846,1243,0.2,0,5,"both",0.211839297861998,-0.044436980385
"652","session2",-25.5642468638672,11.6909219191232,1.39800807737126,1.91653945064301e-05,0.839703659607518,0.337318783887962,0.258322731236519,2,2,100,0.211839297861998,-0.044436980385,7,2.47496502902097,1,-13.5948,1243,0.2,0,5,"both",0.211839297861998,-0.044436980385
"653","session2",-25.5642468638672,11.6909219191232,1.39800807737126,1.91653945064301e-05,0.839703659607518,0.337318783887962,0.258322731236519,2,2,100,0.211839297861998,-0.044436980385,7,3.28495360196949,0,-23.1469266,1243,0.2,0,5,"both",0.211839297861998,-0.044436980385
"654","session2",-25.5642468638672,11.6909219191232,1.39800807737126,1.91653945064301e-05,0.839703659607518,0.337318783887962,0.258322731236519,2,2,100,0.211839297861998,-0.044436980385,7,4.29684774652039,0,-22.4359026,1243,0.2,0,5,"both",0.211839297861998,-0.044436980385
"655","session2",-25.5642468638672,11.6909219191232,1.39800807737126,1.91653945064301e-05,0.839703659607518,0.337318783887962,0.258322731236519,2,2,100,0.211839297861998,-0.044436980385,7,3.1789209377928,0,-21.9639395,1243,0.2,0,5,"both",0.211839297861998,-0.044436980385
"656","session2",-25.5642468638672,11.6909219191232,1.39800807737126,1.91653945064301e-05,0.839703659607518,0.337318783887962,0.258322731236519,2,2,100,0.211839297861998,-0.044436980385,7,1.86342669298857,0,-31.78401,1243,0.2,0,5,"both",0.211839297861998,-0.044436980385
"657","session2",-25.5642468638672,11.6909219191232,1.39800807737126,1.91653945064301e-05,0.839703659607518,0.337318783887962,0.258322731236519,2,2,100,0.211839297861998,-0.044436980385,7,2.96286139680608,0,-47.1357,1243,0.2,0,5,"both",0.211839297861998,-0.044436980385
"658","session2",-25.5642468638672,11.6909219191232,1.39800807737126,1.91653945064301e-05,0.839703659607518,0.337318783887962,0.258322731236519,2,2,100,0.211839297861998,-0.044436980385,7,2.4351354716786,1,-10.0979,1243,0.2,0,5,"both",0.211839297861998,-0.044436980385
"659","session2",-25.5642468638672,11.6909219191232,1.39800807737126,1.91653945064301e-05,0.839703659607518,0.337318783887962,0.258322731236519,2,2,100,0.211839297861998,-0.044436980385,7,3.53972799342575,1,-30.38364,1243,0.2,0,5,"both",0.211839297861998,-0.044436980385
"660","session2",-25.5642468638672,11.6909219191232,1.39800807737126,1.91653945064301e-05,0.839703659607518,0.337318783887962,0.258322731236519,2,2,100,0.211839297861998,-0.044436980385,7,2.88385335262122,0,-36.9475,1243,0.2,0,5,"both",0.211839297861998,-0.044436980385
"661","session2",-25.5642468638672,11.6909219191232,1.39800807737126,1.91653945064301e-05,0.839703659607518,0.337318783887962,0.258322731236519,2,2,100,0.211839297861998,-0.044436980385,7,2.76929133148254,0,-38.905,1243,0.2,0,5,"both",0.211839297861998,-0.044436980385
"662","session2",-25.5642468638672,11.6909219191232,1.39800807737126,1.91653945064301e-05,0.839703659607518,0.337318783887962,0.258322731236519,2,2,100,0.211839297861998,-0.044436980385,7,3.50417664373763,1,2.1868,1243,0.2,0,5,"both",0.211839297861998,-0.044436980385
"663","session2",-25.5642468638672,11.6909219191232,1.39800807737126,1.91653945064301e-05,0.839703659607518,0.337318783887962,0.258322731236519,2,2,100,0.211839297861998,-0.044436980385,7,2.41354538877594,1,-11.3365,1243,0.2,0,5,"both",0.211839297861998,-0.044436980385
"664","session2",-25.5642468638672,11.6909219191232,1.39800807737126,1.91653945064301e-05,0.839703659607518,0.337318783887962,0.258322731236519,2,2,100,0.211839297861998,-0.044436980385,7,3.65645597672246,1,-14.79691,1243,0.2,0,5,"both",0.211839297861998,-0.044436980385
"665","session2",-25.5642468638672,11.6909219191232,1.39800807737126,1.91653945064301e-05,0.839703659607518,0.337318783887962,0.258322731236519,2,2,100,0.211839297861998,-0.044436980385,7,5.17034833890176,1,-16.27588,1243,0.2,0,5,"both",0.211839297861998,-0.044436980385
"666","session2",-25.5642468638672,11.6909219191232,1.39800807737126,1.91653945064301e-05,0.839703659607518,0.337318783887962,0.258322731236519,2,2,100,0.211839297861998,-0.044436980385,7,3.14401203359831,1,-36.0877,1243,0.2,0,5,"both",0.211839297861998,-0.044436980385
"667","session2",-25.5642468638672,11.6909219191232,1.39800807737126,1.91653945064301e-05,0.839703659607518,0.337318783887962,0.258322731236519,2,2,100,0.211839297861998,-0.044436980385,7,3.65235492223357,1,-13.60124,1243,0.2,0,5,"both",0.211839297861998,-0.044436980385
"668","session2",-25.5642468638672,11.6909219191232,1.39800807737126,1.91653945064301e-05,0.839703659607518,0.337318783887962,0.258322731236519,2,2,100,0.211839297861998,-0.044436980385,7,2.9185619665106,1,-9.9857,1243,0.2,0,5,"both",0.211839297861998,-0.044436980385
"669","session2",-25.5642468638672,11.6909219191232,1.39800807737126,1.91653945064301e-05,0.839703659607518,0.337318783887962,0.258322731236519,2,2,100,0.211839297861998,-0.044436980385,7,2.53393380108041,1,-28.1685,1243,0.2,0,5,"both",0.211839297861998,-0.044436980385
"670","session2",-25.5642468638672,11.6909219191232,1.39800807737126,1.91653945064301e-05,0.839703659607518,0.337318783887962,0.258322731236519,2,2,100,0.211839297861998,-0.044436980385,7,4.57777557179707,0,-13.6107,1243,0.2,0,5,"both",0.211839297861998,-0.044436980385
"671","session2",-25.5642468638672,11.6909219191232,1.39800807737126,1.91653945064301e-05,0.839703659607518,0.337318783887962,0.258322731236519,2,2,100,0.211839297861998,-0.044436980385,7,1.69340460749446,0,-46.7817,1243,0.2,0,5,"both",0.211839297861998,-0.044436980385
"672","session2",-25.5642468638672,11.6909219191232,1.39800807737126,1.91653945064301e-05,0.839703659607518,0.337318783887962,0.258322731236519,2,2,100,0.211839297861998,-0.044436980385,7,2.45567216336716,1,-1.9672,1243,0.2,0,5,"both",0.211839297861998,-0.044436980385
"673","session2",-25.5642468638672,11.6909219191232,1.39800807737126,1.91653945064301e-05,0.839703659607518,0.337318783887962,0.258322731236519,2,2,100,0.211839297861998,-0.044436980385,7,2.8243176020757,1,-13.46685,1243,0.2,0,5,"both",0.211839297861998,-0.044436980385
"674","session2",-25.5642468638672,11.6909219191232,1.39800807737126,1.91653945064301e-05,0.839703659607518,0.337318783887962,0.258322731236519,2,2,100,0.211839297861998,-0.044436980385,7,3.57504343109174,1,-9.4245,1243,0.2,0,5,"both",0.211839297861998,-0.044436980385
"675","session2",-25.5642468638672,11.6909219191232,1.39800807737126,1.91653945064301e-05,0.839703659607518,0.337318783887962,0.258322731236519,2,2,100,0.211839297861998,-0.044436980385,7,3.9264731100135,0,-40.1632,1243,0.2,0,5,"both",0.211839297861998,-0.044436980385
"676","session2",-25.5642468638672,11.6909219191232,1.39800807737126,1.91653945064301e-05,0.839703659607518,0.337318783887962,0.258322731236519,2,2,100,0.211839297861998,-0.044436980385,7,3.19796493243695,0,-40.1451,1243,0.2,0,5,"both",0.211839297861998,-0.044436980385
"677","session2",-25.5642468638672,11.6909219191232,1.39800807737126,1.91653945064301e-05,0.839703659607518,0.337318783887962,0.258322731236519,2,2,100,0.211839297861998,-0.044436980385,7,2.80079328404298,1,-11.483,1243,0.2,0,5,"both",0.211839297861998,-0.044436980385
"678","session2",-25.5642468638672,11.6909219191232,1.39800807737126,1.91653945064301e-05,0.839703659607518,0.337318783887962,0.258322731236519,2,2,100,0.211839297861998,-0.044436980385,7,3.52202948863394,1,-19.02362,1243,0.2,0,5,"both",0.211839297861998,-0.044436980385
"679","session2",-25.5642468638672,11.6909219191232,1.39800807737126,1.91653945064301e-05,0.839703659607518,0.337318783887962,0.258322731236519,2,2,100,0.211839297861998,-0.044436980385,7,2.25014106908322,0,-15.0418,1243,0.2,0,5,"both",0.211839297861998,-0.044436980385
"680","session2",-25.5642468638672,11.6909219191232,1.39800807737126,1.91653945064301e-05,0.839703659607518,0.337318783887962,0.258322731236519,2,2,100,0.211839297861998,-0.044436980385,7,2.78087511659026,1,-29.82637,1243,0.2,0,5,"both",0.211839297861998,-0.044436980385
"681","session2",-25.5642468638672,11.6909219191232,1.39800807737126,1.91653945064301e-05,0.839703659607518,0.337318783887962,0.258322731236519,2,2,100,0.211839297861998,-0.044436980385,7,3.07159067946742,0,-36.85754,1243,0.2,0,5,"both",0.211839297861998,-0.044436980385
"682","session2",-25.5642468638672,11.6909219191232,1.39800807737126,1.91653945064301e-05,0.839703659607518,0.337318783887962,0.258322731236519,2,2,100,0.211839297861998,-0.044436980385,7,2.86993662040573,0,-39.9842,1243,0.2,0,5,"both",0.211839297861998,-0.044436980385
"683","session2",-25.5642468638672,11.6909219191232,1.39800807737126,1.91653945064301e-05,0.839703659607518,0.337318783887962,0.258322731236519,2,2,100,0.211839297861998,-0.044436980385,7,3.30026915409147,1,-40.5346,1243,0.2,0,5,"both",0.211839297861998,-0.044436980385
"684","session2",-25.5642468638672,11.6909219191232,1.39800807737126,1.91653945064301e-05,0.839703659607518,0.337318783887962,0.258322731236519,2,2,100,0.211839297861998,-0.044436980385,7,1.68795920246659,1,-5.5586,1243,0.2,0,5,"both",0.211839297861998,-0.044436980385
"685","session2",-25.5642468638672,11.6909219191232,1.39800807737126,1.91653945064301e-05,0.839703659607518,0.337318783887962,0.258322731236519,2,2,100,0.211839297861998,-0.044436980385,7,4.20635751020598,0,-41.0052,1243,0.2,0,5,"both",0.211839297861998,-0.044436980385
"686","session2",-25.5642468638672,11.6909219191232,1.39800807737126,1.91653945064301e-05,0.839703659607518,0.337318783887962,0.258322731236519,2,2,100,0.211839297861998,-0.044436980385,7,2.42968235849981,1,-10.4755,1243,0.2,0,5,"both",0.211839297861998,-0.044436980385
"687","session2",-25.5642468638672,11.6909219191232,1.39800807737126,1.91653945064301e-05,0.839703659607518,0.337318783887962,0.258322731236519,2,2,100,0.211839297861998,-0.044436980385,7,1.65411278526757,0,-12.1859,1243,0.2,0,5,"both",0.211839297861998,-0.044436980385
"688","session2",-25.5642468638672,11.6909219191232,1.39800807737126,1.91653945064301e-05,0.839703659607518,0.337318783887962,0.258322731236519,2,2,100,0.211839297861998,-0.044436980385,7,4.55501632995172,1,-35.6346,1243,0.2,0,5,"both",0.211839297861998,-0.044436980385
"689","session2",-25.5642468638672,11.6909219191232,1.39800807737126,1.91653945064301e-05,0.839703659607518,0.337318783887962,0.258322731236519,2,2,100,0.211839297861998,-0.044436980385,7,3.21853721004366,0,-40.583,1243,0.2,0,5,"both",0.211839297861998,-0.044436980385
"690","session2",-25.5642468638672,11.6909219191232,1.39800807737126,1.91653945064301e-05,0.839703659607518,0.337318783887962,0.258322731236519,2,2,100,0.211839297861998,-0.044436980385,7,2.63784562743531,0,-5.8582,1243,0.2,0,5,"both",0.211839297861998,-0.044436980385
"691","session2",-25.5642468638672,11.6909219191232,1.39800807737126,1.91653945064301e-05,0.839703659607518,0.337318783887962,0.258322731236519,2,2,100,0.211839297861998,-0.044436980385,7,3.4255611891662,1,-7.0415,1243,0.2,0,5,"both",0.211839297861998,-0.044436980385
"692","session2",-25.5642468638672,11.6909219191232,1.39800807737126,1.91653945064301e-05,0.839703659607518,0.337318783887962,0.258322731236519,2,2,100,0.211839297861998,-0.044436980385,7,2.91730048909144,0,-43.922,1243,0.2,0,5,"both",0.211839297861998,-0.044436980385
"693","session2",-25.5642468638672,11.6909219191232,1.39800807737126,1.91653945064301e-05,0.839703659607518,0.337318783887962,0.258322731236519,2,2,100,0.211839297861998,-0.044436980385,7,3.35691413554802,1,-6.5744,1243,0.2,0,5,"both",0.211839297861998,-0.044436980385
"694","session2",-25.5642468638672,11.6909219191232,1.39800807737126,1.91653945064301e-05,0.839703659607518,0.337318783887962,0.258322731236519,2,2,100,0.211839297861998,-0.044436980385,7,2.16070875109078,1,-10.21,1243,0.2,0,5,"both",0.211839297861998,-0.044436980385
"695","session2",-25.5642468638672,11.6909219191232,1.39800807737126,1.91653945064301e-05,0.839703659607518,0.337318783887962,0.258322731236519,2,2,100,0.211839297861998,-0.044436980385,7,4.27722412560741,1,-10.39053,1243,0.2,0,5,"both",0.211839297861998,-0.044436980385
"696","session2",-25.5642468638672,11.6909219191232,1.39800807737126,1.91653945064301e-05,0.839703659607518,0.337318783887962,0.258322731236519,2,2,100,0.211839297861998,-0.044436980385,7,2.5099960579738,0,-40.5842,1243,0.2,0,5,"both",0.211839297861998,-0.044436980385
"697","session2",-25.5642468638672,11.6909219191232,1.39800807737126,1.91653945064301e-05,0.839703659607518,0.337318783887962,0.258322731236519,2,2,100,0.211839297861998,-0.044436980385,7,2.95033569123277,0,-34.6099,1243,0.2,0,5,"both",0.211839297861998,-0.044436980385
"698","session2",-25.5642468638672,11.6909219191232,1.39800807737126,1.91653945064301e-05,0.839703659607518,0.337318783887962,0.258322731236519,2,2,100,0.211839297861998,-0.044436980385,7,2.0184801752195,1,-12.4602,1243,0.2,0,5,"both",0.211839297861998,-0.044436980385
"699","session2",-25.5642468638672,11.6909219191232,1.39800807737126,1.91653945064301e-05,0.839703659607518,0.337318783887962,0.258322731236519,2,2,100,0.211839297861998,-0.044436980385,7,2.85921834555054,1,-39.3643,1243,0.2,0,5,"both",0.211839297861998,-0.044436980385
"700","session2",-25.5642468638672,11.6909219191232,1.39800807737126,1.91653945064301e-05,0.839703659607518,0.337318783887962,0.258322731236519,2,2,100,0.211839297861998,-0.044436980385,7,5.20863294153627,1,-18.35,1243,0.2,0,5,"both",0.211839297861998,-0.044436980385
"701","session2",41.1828465442126,1.89093231994325,2.08157323115354,0.000292340870314474,-0.579938102644895,0.954226797125566,0.917067614417473,3,2,100,0.211839297861998,-0.044436980385,8,2.22449561409909,0,10.15324084449,1243,0.2,0,5,"both",0.211839297861998,-0.044436980385
"702","session2",41.1828465442126,1.89093231994325,2.08157323115354,0.000292340870314474,-0.579938102644895,0.954226797125566,0.917067614417473,3,2,100,0.211839297861998,-0.044436980385,8,2.29243144456802,0,10.4205676819,1243,0.2,0,5,"both",0.211839297861998,-0.044436980385
"703","session2",41.1828465442126,1.89093231994325,2.08157323115354,0.000292340870314474,-0.579938102644895,0.954226797125566,0.917067614417473,3,2,100,0.211839297861998,-0.044436980385,8,1.60419085938127,0,20.116632025,1243,0.2,0,5,"both",0.211839297861998,-0.044436980385
"704","session2",41.1828465442126,1.89093231994325,2.08157323115354,0.000292340870314474,-0.579938102644895,0.954226797125566,0.917067614417473,3,2,100,0.211839297861998,-0.044436980385,8,1.45796252750787,0,24.843831499,1243,0.2,0,5,"both",0.211839297861998,-0.044436980385
"705","session2",41.1828465442126,1.89093231994325,2.08157323115354,0.000292340870314474,-0.579938102644895,0.954226797125566,0.917067614417473,3,2,100,0.211839297861998,-0.044436980385,8,1.83984404233903,0,29.73506968,1243,0.2,0,5,"both",0.211839297861998,-0.044436980385
"706","session2",41.1828465442126,1.89093231994325,2.08157323115354,0.000292340870314474,-0.579938102644895,0.954226797125566,0.917067614417473,3,2,100,0.211839297861998,-0.044436980385,8,4.26309646930873,0,34.5189,1243,0.2,0,5,"both",0.211839297861998,-0.044436980385
"707","session2",41.1828465442126,1.89093231994325,2.08157323115354,0.000292340870314474,-0.579938102644895,0.954226797125566,0.917067614417473,3,2,100,0.211839297861998,-0.044436980385,8,1.56797857332808,0,30.77584,1243,0.2,0,5,"both",0.211839297861998,-0.044436980385
"708","session2",41.1828465442126,1.89093231994325,2.08157323115354,0.000292340870314474,-0.579938102644895,0.954226797125566,0.917067614417473,3,2,100,0.211839297861998,-0.044436980385,8,1.07895195551547,1,48.8595,1243,0.2,0,5,"both",0.211839297861998,-0.044436980385
"709","session2",41.1828465442126,1.89093231994325,2.08157323115354,0.000292340870314474,-0.579938102644895,0.954226797125566,0.917067614417473,3,2,100,0.211839297861998,-0.044436980385,8,2.17680533289827,0,33.69678,1243,0.2,0,5,"both",0.211839297861998,-0.044436980385
"710","session2",41.1828465442126,1.89093231994325,2.08157323115354,0.000292340870314474,-0.579938102644895,0.954226797125566,0.917067614417473,3,2,100,0.211839297861998,-0.044436980385,8,1.27402088065422,1,45.66097,1243,0.2,0,5,"both",0.211839297861998,-0.044436980385
"711","session2",41.1828465442126,1.89093231994325,2.08157323115354,0.000292340870314474,-0.579938102644895,0.954226797125566,0.917067614417473,3,2,100,0.211839297861998,-0.044436980385,8,1.15735217415331,1,44.16126,1243,0.2,0,5,"both",0.211839297861998,-0.044436980385
"712","session2",41.1828465442126,1.89093231994325,2.08157323115354,0.000292340870314474,-0.579938102644895,0.954226797125566,0.917067614417473,3,2,100,0.211839297861998,-0.044436980385,8,2.77164056043865,1,42.35218,1243,0.2,0,5,"both",0.211839297861998,-0.044436980385
"713","session2",41.1828465442126,1.89093231994325,2.08157323115354,0.000292340870314474,-0.579938102644895,0.954226797125566,0.917067614417473,3,2,100,0.211839297861998,-0.044436980385,8,1.56362288364382,1,40.3779,1243,0.2,0,5,"both",0.211839297861998,-0.044436980385
"714","session2",41.1828465442126,1.89093231994325,2.08157323115354,0.000292340870314474,-0.579938102644895,0.954226797125566,0.917067614417473,3,2,100,0.211839297861998,-0.044436980385,8,1.65339536643077,0,37.77297,1243,0.2,0,5,"both",0.211839297861998,-0.044436980385
"715","session2",41.1828465442126,1.89093231994325,2.08157323115354,0.000292340870314474,-0.579938102644895,0.954226797125566,0.917067614417473,3,2,100,0.211839297861998,-0.044436980385,8,1.25579392946311,0,40.80526,1243,0.2,0,5,"both",0.211839297861998,-0.044436980385
"716","session2",41.1828465442126,1.89093231994325,2.08157323115354,0.000292340870314474,-0.579938102644895,0.954226797125566,0.917067614417473,3,2,100,0.211839297861998,-0.044436980385,8,1.31378623477909,1,43.84354,1243,0.2,0,5,"both",0.211839297861998,-0.044436980385
"717","session2",41.1828465442126,1.89093231994325,2.08157323115354,0.000292340870314474,-0.579938102644895,0.954226797125566,0.917067614417473,3,2,100,0.211839297861998,-0.044436980385,8,1.65038621289524,0,37.30224,1243,0.2,0,5,"both",0.211839297861998,-0.044436980385
"718","session2",41.1828465442126,1.89093231994325,2.08157323115354,0.000292340870314474,-0.579938102644895,0.954226797125566,0.917067614417473,3,2,100,0.211839297861998,-0.044436980385,8,1.04426357076674,0,34.18842,1243,0.2,0,5,"both",0.211839297861998,-0.044436980385
"719","session2",41.1828465442126,1.89093231994325,2.08157323115354,0.000292340870314474,-0.579938102644895,0.954226797125566,0.917067614417473,3,2,100,0.211839297861998,-0.044436980385,8,2.91542524367292,0,37.11268,1243,0.2,0,5,"both",0.211839297861998,-0.044436980385
"720","session2",41.1828465442126,1.89093231994325,2.08157323115354,0.000292340870314474,-0.579938102644895,0.954226797125566,0.917067614417473,3,2,100,0.211839297861998,-0.044436980385,8,1.46300101986381,1,41.57082,1243,0.2,0,5,"both",0.211839297861998,-0.044436980385
"721","session2",41.1828465442126,1.89093231994325,2.08157323115354,0.000292340870314474,-0.579938102644895,0.954226797125566,0.917067614417473,3,2,100,0.211839297861998,-0.044436980385,8,1.32992155242591,0,41.37862,1243,0.2,0,5,"both",0.211839297861998,-0.044436980385
"722","session2",41.1828465442126,1.89093231994325,2.08157323115354,0.000292340870314474,-0.579938102644895,0.954226797125566,0.917067614417473,3,2,100,0.211839297861998,-0.044436980385,8,1.12961779532231,0,42.84458,1243,0.2,0,5,"both",0.211839297861998,-0.044436980385
"723","session2",41.1828465442126,1.89093231994325,2.08157323115354,0.000292340870314474,-0.579938102644895,0.954226797125566,0.917067614417473,3,2,100,0.211839297861998,-0.044436980385,8,1.21034504871117,1,43.56692,1243,0.2,0,5,"both",0.211839297861998,-0.044436980385
"724","session2",41.1828465442126,1.89093231994325,2.08157323115354,0.000292340870314474,-0.579938102644895,0.954226797125566,0.917067614417473,3,2,100,0.211839297861998,-0.044436980385,8,2.36735316599633,0,27.8446,1243,0.2,0,5,"both",0.211839297861998,-0.044436980385
"725","session2",41.1828465442126,1.89093231994325,2.08157323115354,0.000292340870314474,-0.579938102644895,0.954226797125566,0.917067614417473,3,2,100,0.211839297861998,-0.044436980385,8,1.11561460128709,0,42.80328,1243,0.2,0,5,"both",0.211839297861998,-0.044436980385
"726","session2",41.1828465442126,1.89093231994325,2.08157323115354,0.000292340870314474,-0.579938102644895,0.954226797125566,0.917067614417473,3,2,100,0.211839297861998,-0.044436980385,8,1.1529783451642,1,41.52882,1243,0.2,0,5,"both",0.211839297861998,-0.044436980385
"727","session2",41.1828465442126,1.89093231994325,2.08157323115354,0.000292340870314474,-0.579938102644895,0.954226797125566,0.917067614417473,3,2,100,0.211839297861998,-0.044436980385,8,1.55653351660909,1,41.39984,1243,0.2,0,5,"both",0.211839297861998,-0.044436980385
"728","session2",41.1828465442126,1.89093231994325,2.08157323115354,0.000292340870314474,-0.579938102644895,0.954226797125566,0.917067614417473,3,2,100,0.211839297861998,-0.044436980385,8,5.45694350757965,0,38.58512,1243,0.2,0,5,"both",0.211839297861998,-0.044436980385
"729","session2",41.1828465442126,1.89093231994325,2.08157323115354,0.000292340870314474,-0.579938102644895,0.954226797125566,0.917067614417473,3,2,100,0.211839297861998,-0.044436980385,8,3.20190183107795,1,39.71999,1243,0.2,0,5,"both",0.211839297861998,-0.044436980385
"730","session2",41.1828465442126,1.89093231994325,2.08157323115354,0.000292340870314474,-0.579938102644895,0.954226797125566,0.917067614417473,3,2,100,0.211839297861998,-0.044436980385,8,1.23471473937198,1,37.16027,1243,0.2,0,5,"both",0.211839297861998,-0.044436980385
"731","session2",41.1828465442126,1.89093231994325,2.08157323115354,0.000292340870314474,-0.579938102644895,0.954226797125566,0.917067614417473,3,2,100,0.211839297861998,-0.044436980385,8,1.70539177394831,1,38.95991,1243,0.2,0,5,"both",0.211839297861998,-0.044436980385
"732","session2",41.1828465442126,1.89093231994325,2.08157323115354,0.000292340870314474,-0.579938102644895,0.954226797125566,0.917067614417473,3,2,100,0.211839297861998,-0.044436980385,8,3.29767385734908,0,34.45704,1243,0.2,0,5,"both",0.211839297861998,-0.044436980385
"733","session2",41.1828465442126,1.89093231994325,2.08157323115354,0.000292340870314474,-0.579938102644895,0.954226797125566,0.917067614417473,3,2,100,0.211839297861998,-0.044436980385,8,7.34567283105222,1,48.16916,1243,0.2,0,5,"both",0.211839297861998,-0.044436980385
"734","session2",41.1828465442126,1.89093231994325,2.08157323115354,0.000292340870314474,-0.579938102644895,0.954226797125566,0.917067614417473,3,2,100,0.211839297861998,-0.044436980385,8,2.58386519060927,1,42.82979,1243,0.2,0,5,"both",0.211839297861998,-0.044436980385
"735","session2",41.1828465442126,1.89093231994325,2.08157323115354,0.000292340870314474,-0.579938102644895,0.954226797125566,0.917067614417473,3,2,100,0.211839297861998,-0.044436980385,8,1.2230539202522,0,34.97945,1243,0.2,0,5,"both",0.211839297861998,-0.044436980385
"736","session2",41.1828465442126,1.89093231994325,2.08157323115354,0.000292340870314474,-0.579938102644895,0.954226797125566,0.917067614417473,3,2,100,0.211839297861998,-0.044436980385,8,1.81749855350351,0,37.03483,1243,0.2,0,5,"both",0.211839297861998,-0.044436980385
"737","session2",41.1828465442126,1.89093231994325,2.08157323115354,0.000292340870314474,-0.579938102644895,0.954226797125566,0.917067614417473,3,2,100,0.211839297861998,-0.044436980385,8,2.03569344062729,1,44.67864,1243,0.2,0,5,"both",0.211839297861998,-0.044436980385
"738","session2",41.1828465442126,1.89093231994325,2.08157323115354,0.000292340870314474,-0.579938102644895,0.954226797125566,0.917067614417473,3,2,100,0.211839297861998,-0.044436980385,8,5.12384450573476,1,44.62392,1243,0.2,0,5,"both",0.211839297861998,-0.044436980385
"739","session2",41.1828465442126,1.89093231994325,2.08157323115354,0.000292340870314474,-0.579938102644895,0.954226797125566,0.917067614417473,3,2,100,0.211839297861998,-0.044436980385,8,2.62067561811368,0,34.08294,1243,0.2,0,5,"both",0.211839297861998,-0.044436980385
"740","session2",41.1828465442126,1.89093231994325,2.08157323115354,0.000292340870314474,-0.579938102644895,0.954226797125566,0.917067614417473,3,2,100,0.211839297861998,-0.044436980385,8,1.27777510611551,0,36.49334,1243,0.2,0,5,"both",0.211839297861998,-0.044436980385
"741","session2",41.1828465442126,1.89093231994325,2.08157323115354,0.000292340870314474,-0.579938102644895,0.954226797125566,0.917067614417473,3,2,100,0.211839297861998,-0.044436980385,8,5.26972330883469,0,38.2291,1243,0.2,0,5,"both",0.211839297861998,-0.044436980385
"742","session2",41.1828465442126,1.89093231994325,2.08157323115354,0.000292340870314474,-0.579938102644895,0.954226797125566,0.917067614417473,3,2,100,0.211839297861998,-0.044436980385,8,2.43364727185738,1,41.56387,1243,0.2,0,5,"both",0.211839297861998,-0.044436980385
"743","session2",41.1828465442126,1.89093231994325,2.08157323115354,0.000292340870314474,-0.579938102644895,0.954226797125566,0.917067614417473,3,2,100,0.211839297861998,-0.044436980385,8,1.05498512657283,1,44.10682,1243,0.2,0,5,"both",0.211839297861998,-0.044436980385
"744","session2",41.1828465442126,1.89093231994325,2.08157323115354,0.000292340870314474,-0.579938102644895,0.954226797125566,0.917067614417473,3,2,100,0.211839297861998,-0.044436980385,8,1.43504981846764,0,35.94537,1243,0.2,0,5,"both",0.211839297861998,-0.044436980385
"745","session2",41.1828465442126,1.89093231994325,2.08157323115354,0.000292340870314474,-0.579938102644895,0.954226797125566,0.917067614417473,3,2,100,0.211839297861998,-0.044436980385,8,1.08937123978044,0,43.50787,1243,0.2,0,5,"both",0.211839297861998,-0.044436980385
"746","session2",41.1828465442126,1.89093231994325,2.08157323115354,0.000292340870314474,-0.579938102644895,0.954226797125566,0.917067614417473,3,2,100,0.211839297861998,-0.044436980385,8,3.12249324071236,1,42.76402,1243,0.2,0,5,"both",0.211839297861998,-0.044436980385
"747","session2",41.1828465442126,1.89093231994325,2.08157323115354,0.000292340870314474,-0.579938102644895,0.954226797125566,0.917067614417473,3,2,100,0.211839297861998,-0.044436980385,8,1.38520439201002,1,43.22353,1243,0.2,0,5,"both",0.211839297861998,-0.044436980385
"748","session2",41.1828465442126,1.89093231994325,2.08157323115354,0.000292340870314474,-0.579938102644895,0.954226797125566,0.917067614417473,3,2,100,0.211839297861998,-0.044436980385,8,1.33896505940686,0,36.23573,1243,0.2,0,5,"both",0.211839297861998,-0.044436980385
"749","session2",41.1828465442126,1.89093231994325,2.08157323115354,0.000292340870314474,-0.579938102644895,0.954226797125566,0.917067614417473,3,2,100,0.211839297861998,-0.044436980385,8,2.00469076962467,1,35.64605,1243,0.2,0,5,"both",0.211839297861998,-0.044436980385
"750","session2",41.1828465442126,1.89093231994325,2.08157323115354,0.000292340870314474,-0.579938102644895,0.954226797125566,0.917067614417473,3,2,100,0.211839297861998,-0.044436980385,8,1.10281280572278,0,38.04938,1243,0.2,0,5,"both",0.211839297861998,-0.044436980385
"751","session2",41.1828465442126,1.89093231994325,2.08157323115354,0.000292340870314474,-0.579938102644895,0.954226797125566,0.917067614417473,3,2,100,0.211839297861998,-0.044436980385,8,1.84427955956485,0,37.29104,1243,0.2,0,5,"both",0.211839297861998,-0.044436980385
"752","session2",41.1828465442126,1.89093231994325,2.08157323115354,0.000292340870314474,-0.579938102644895,0.954226797125566,0.917067614417473,3,2,100,0.211839297861998,-0.044436980385,8,1.47241865810269,0,35.36479,1243,0.2,0,5,"both",0.211839297861998,-0.044436980385
"753","session2",41.1828465442126,1.89093231994325,2.08157323115354,0.000292340870314474,-0.579938102644895,0.954226797125566,0.917067614417473,3,2,100,0.211839297861998,-0.044436980385,8,1.63076389346072,0,37.54229,1243,0.2,0,5,"both",0.211839297861998,-0.044436980385
"754","session2",41.1828465442126,1.89093231994325,2.08157323115354,0.000292340870314474,-0.579938102644895,0.954226797125566,0.917067614417473,3,2,100,0.211839297861998,-0.044436980385,8,1.12547891383797,1,44.72739,1243,0.2,0,5,"both",0.211839297861998,-0.044436980385
"755","session2",41.1828465442126,1.89093231994325,2.08157323115354,0.000292340870314474,-0.579938102644895,0.954226797125566,0.917067614417473,3,2,100,0.211839297861998,-0.044436980385,8,1.55600024309126,0,35.78321,1243,0.2,0,5,"both",0.211839297861998,-0.044436980385
"756","session2",41.1828465442126,1.89093231994325,2.08157323115354,0.000292340870314474,-0.579938102644895,0.954226797125566,0.917067614417473,3,2,100,0.211839297861998,-0.044436980385,8,3.05960753923221,1,41.71768,1243,0.2,0,5,"both",0.211839297861998,-0.044436980385
"757","session2",41.1828465442126,1.89093231994325,2.08157323115354,0.000292340870314474,-0.579938102644895,0.954226797125566,0.917067614417473,3,2,100,0.211839297861998,-0.044436980385,8,2.01247229048806,1,43.76423,1243,0.2,0,5,"both",0.211839297861998,-0.044436980385
"758","session2",41.1828465442126,1.89093231994325,2.08157323115354,0.000292340870314474,-0.579938102644895,0.954226797125566,0.917067614417473,3,2,100,0.211839297861998,-0.044436980385,8,1.4183341043723,0,37.42613,1243,0.2,0,5,"both",0.211839297861998,-0.044436980385
"759","session2",41.1828465442126,1.89093231994325,2.08157323115354,0.000292340870314474,-0.579938102644895,0.954226797125566,0.917067614417473,3,2,100,0.211839297861998,-0.044436980385,8,1.79775451062295,0,36.70885,1243,0.2,0,5,"both",0.211839297861998,-0.044436980385
"760","session2",41.1828465442126,1.89093231994325,2.08157323115354,0.000292340870314474,-0.579938102644895,0.954226797125566,0.917067614417473,3,2,100,0.211839297861998,-0.044436980385,8,1.09820534326434,0,43.01918,1243,0.2,0,5,"both",0.211839297861998,-0.044436980385
"761","session2",41.1828465442126,1.89093231994325,2.08157323115354,0.000292340870314474,-0.579938102644895,0.954226797125566,0.917067614417473,3,2,100,0.211839297861998,-0.044436980385,8,1.13207847836242,1,46.84881,1243,0.2,0,5,"both",0.211839297861998,-0.044436980385
"762","session2",41.1828465442126,1.89093231994325,2.08157323115354,0.000292340870314474,-0.579938102644895,0.954226797125566,0.917067614417473,3,2,100,0.211839297861998,-0.044436980385,8,1.12609807970761,0,36.36556,1243,0.2,0,5,"both",0.211839297861998,-0.044436980385
"763","session2",41.1828465442126,1.89093231994325,2.08157323115354,0.000292340870314474,-0.579938102644895,0.954226797125566,0.917067614417473,3,2,100,0.211839297861998,-0.044436980385,8,1.7973165500869,0,36.79966,1243,0.2,0,5,"both",0.211839297861998,-0.044436980385
"764","session2",41.1828465442126,1.89093231994325,2.08157323115354,0.000292340870314474,-0.579938102644895,0.954226797125566,0.917067614417473,3,2,100,0.211839297861998,-0.044436980385,8,1.43544681739595,1,42.98243,1243,0.2,0,5,"both",0.211839297861998,-0.044436980385
"765","session2",41.1828465442126,1.89093231994325,2.08157323115354,0.000292340870314474,-0.579938102644895,0.954226797125566,0.917067614417473,3,2,100,0.211839297861998,-0.044436980385,8,1.85012192229432,1,42.06414,1243,0.2,0,5,"both",0.211839297861998,-0.044436980385
"766","session2",41.1828465442126,1.89093231994325,2.08157323115354,0.000292340870314474,-0.579938102644895,0.954226797125566,0.917067614417473,3,2,100,0.211839297861998,-0.044436980385,8,1.30229138635038,1,43.96903,1243,0.2,0,5,"both",0.211839297861998,-0.044436980385
"767","session2",41.1828465442126,1.89093231994325,2.08157323115354,0.000292340870314474,-0.579938102644895,0.954226797125566,0.917067614417473,3,2,100,0.211839297861998,-0.044436980385,8,2.08083459071513,1,44.41173,1243,0.2,0,5,"both",0.211839297861998,-0.044436980385
"768","session2",41.1828465442126,1.89093231994325,2.08157323115354,0.000292340870314474,-0.579938102644895,0.954226797125566,0.917067614417473,3,2,100,0.211839297861998,-0.044436980385,8,1.30963832157677,0,38.47834,1243,0.2,0,5,"both",0.211839297861998,-0.044436980385
"769","session2",41.1828465442126,1.89093231994325,2.08157323115354,0.000292340870314474,-0.579938102644895,0.954226797125566,0.917067614417473,3,2,100,0.211839297861998,-0.044436980385,8,1.24752809037533,1,43.40594,1243,0.2,0,5,"both",0.211839297861998,-0.044436980385
"770","session2",41.1828465442126,1.89093231994325,2.08157323115354,0.000292340870314474,-0.579938102644895,0.954226797125566,0.917067614417473,3,2,100,0.211839297861998,-0.044436980385,8,1.8325715292105,0,36.96154,1243,0.2,0,5,"both",0.211839297861998,-0.044436980385
"771","session2",41.1828465442126,1.89093231994325,2.08157323115354,0.000292340870314474,-0.579938102644895,0.954226797125566,0.917067614417473,3,2,100,0.211839297861998,-0.044436980385,8,1.08213544152046,0,36.84896,1243,0.2,0,5,"both",0.211839297861998,-0.044436980385
"772","session2",41.1828465442126,1.89093231994325,2.08157323115354,0.000292340870314474,-0.579938102644895,0.954226797125566,0.917067614417473,3,2,100,0.211839297861998,-0.044436980385,8,1.29609286266758,0,38.85869,1243,0.2,0,5,"both",0.211839297861998,-0.044436980385
"773","session2",41.1828465442126,1.89093231994325,2.08157323115354,0.000292340870314474,-0.579938102644895,0.954226797125566,0.917067614417473,3,2,100,0.211839297861998,-0.044436980385,8,1.41651381849635,1,39.75837,1243,0.2,0,5,"both",0.211839297861998,-0.044436980385
"774","session2",41.1828465442126,1.89093231994325,2.08157323115354,0.000292340870314474,-0.579938102644895,0.954226797125566,0.917067614417473,3,2,100,0.211839297861998,-0.044436980385,8,2.9544340157938,1,43.13151,1243,0.2,0,5,"both",0.211839297861998,-0.044436980385
"775","session2",41.1828465442126,1.89093231994325,2.08157323115354,0.000292340870314474,-0.579938102644895,0.954226797125566,0.917067614417473,3,2,100,0.211839297861998,-0.044436980385,8,2.09817188969067,1,43.77693,1243,0.2,0,5,"both",0.211839297861998,-0.044436980385
"776","session2",41.1828465442126,1.89093231994325,2.08157323115354,0.000292340870314474,-0.579938102644895,0.954226797125566,0.917067614417473,3,2,100,0.211839297861998,-0.044436980385,8,1.73139724374653,0,41.88224,1243,0.2,0,5,"both",0.211839297861998,-0.044436980385
"777","session2",41.1828465442126,1.89093231994325,2.08157323115354,0.000292340870314474,-0.579938102644895,0.954226797125566,0.917067614417473,3,2,100,0.211839297861998,-0.044436980385,8,1.1478950444364,0,36.67117,1243,0.2,0,5,"both",0.211839297861998,-0.044436980385
"778","session2",41.1828465442126,1.89093231994325,2.08157323115354,0.000292340870314474,-0.579938102644895,0.954226797125566,0.917067614417473,3,2,100,0.211839297861998,-0.044436980385,8,3.87776735983769,1,43.18951,1243,0.2,0,5,"both",0.211839297861998,-0.044436980385
"779","session2",41.1828465442126,1.89093231994325,2.08157323115354,0.000292340870314474,-0.579938102644895,0.954226797125566,0.917067614417473,3,2,100,0.211839297861998,-0.044436980385,8,1.87637235424636,1,45.55988,1243,0.2,0,5,"both",0.211839297861998,-0.044436980385
"780","session2",41.1828465442126,1.89093231994325,2.08157323115354,0.000292340870314474,-0.579938102644895,0.954226797125566,0.917067614417473,3,2,100,0.211839297861998,-0.044436980385,8,1.75322481211437,0,37.76144,1243,0.2,0,5,"both",0.211839297861998,-0.044436980385
"781","session2",41.1828465442126,1.89093231994325,2.08157323115354,0.000292340870314474,-0.579938102644895,0.954226797125566,0.917067614417473,3,2,100,0.211839297861998,-0.044436980385,8,1.22799371827261,0,36.58588,1243,0.2,0,5,"both",0.211839297861998,-0.044436980385
"782","session2",41.1828465442126,1.89093231994325,2.08157323115354,0.000292340870314474,-0.579938102644895,0.954226797125566,0.917067614417473,3,2,100,0.211839297861998,-0.044436980385,8,1.32687379766665,1,43.68034,1243,0.2,0,5,"both",0.211839297861998,-0.044436980385
"783","session2",41.1828465442126,1.89093231994325,2.08157323115354,0.000292340870314474,-0.579938102644895,0.954226797125566,0.917067614417473,3,2,100,0.211839297861998,-0.044436980385,8,1.51175229710887,1,43.55202,1243,0.2,0,5,"both",0.211839297861998,-0.044436980385
"784","session2",41.1828465442126,1.89093231994325,2.08157323115354,0.000292340870314474,-0.579938102644895,0.954226797125566,0.917067614417473,3,2,100,0.211839297861998,-0.044436980385,8,1.12537954273115,0,37.86269,1243,0.2,0,5,"both",0.211839297861998,-0.044436980385
"785","session2",41.1828465442126,1.89093231994325,2.08157323115354,0.000292340870314474,-0.579938102644895,0.954226797125566,0.917067614417473,3,2,100,0.211839297861998,-0.044436980385,8,1.34860600055794,0,39.21171,1243,0.2,0,5,"both",0.211839297861998,-0.044436980385
"786","session2",41.1828465442126,1.89093231994325,2.08157323115354,0.000292340870314474,-0.579938102644895,0.954226797125566,0.917067614417473,3,2,100,0.211839297861998,-0.044436980385,8,1.60455186136117,0,37.06585,1243,0.2,0,5,"both",0.211839297861998,-0.044436980385
"787","session2",41.1828465442126,1.89093231994325,2.08157323115354,0.000292340870314474,-0.579938102644895,0.954226797125566,0.917067614417473,3,2,100,0.211839297861998,-0.044436980385,8,1.64375125569459,1,42.88125,1243,0.2,0,5,"both",0.211839297861998,-0.044436980385
"788","session2",41.1828465442126,1.89093231994325,2.08157323115354,0.000292340870314474,-0.579938102644895,0.954226797125566,0.917067614417473,3,2,100,0.211839297861998,-0.044436980385,8,3.26832519513644,1,43.35609,1243,0.2,0,5,"both",0.211839297861998,-0.044436980385
"789","session2",41.1828465442126,1.89093231994325,2.08157323115354,0.000292340870314474,-0.579938102644895,0.954226797125566,0.917067614417473,3,2,100,0.211839297861998,-0.044436980385,8,3.48336729635156,1,42.22458,1243,0.2,0,5,"both",0.211839297861998,-0.044436980385
"790","session2",41.1828465442126,1.89093231994325,2.08157323115354,0.000292340870314474,-0.579938102644895,0.954226797125566,0.917067614417473,3,2,100,0.211839297861998,-0.044436980385,8,1.22985462217086,1,45.07938,1243,0.2,0,5,"both",0.211839297861998,-0.044436980385
"791","session2",41.1828465442126,1.89093231994325,2.08157323115354,0.000292340870314474,-0.579938102644895,0.954226797125566,0.917067614417473,3,2,100,0.211839297861998,-0.044436980385,8,1.37029300066551,1,42.55373,1243,0.2,0,5,"both",0.211839297861998,-0.044436980385
"792","session2",41.1828465442126,1.89093231994325,2.08157323115354,0.000292340870314474,-0.579938102644895,0.954226797125566,0.917067614417473,3,2,100,0.211839297861998,-0.044436980385,8,2.32537426827744,0,37.99849,1243,0.2,0,5,"both",0.211839297861998,-0.044436980385
"793","session2",41.1828465442126,1.89093231994325,2.08157323115354,0.000292340870314474,-0.579938102644895,0.954226797125566,0.917067614417473,3,2,100,0.211839297861998,-0.044436980385,8,1.83501320278115,0,38.48268,1243,0.2,0,5,"both",0.211839297861998,-0.044436980385
"794","session2",41.1828465442126,1.89093231994325,2.08157323115354,0.000292340870314474,-0.579938102644895,0.954226797125566,0.917067614417473,3,2,100,0.211839297861998,-0.044436980385,8,1.5204472143522,0,36.71659,1243,0.2,0,5,"both",0.211839297861998,-0.044436980385
"795","session2",41.1828465442126,1.89093231994325,2.08157323115354,0.000292340870314474,-0.579938102644895,0.954226797125566,0.917067614417473,3,2,100,0.211839297861998,-0.044436980385,8,1.4923469108087,1,43.07803,1243,0.2,0,5,"both",0.211839297861998,-0.044436980385
"796","session2",41.1828465442126,1.89093231994325,2.08157323115354,0.000292340870314474,-0.579938102644895,0.954226797125566,0.917067614417473,3,2,100,0.211839297861998,-0.044436980385,8,1.6041842742602,1,42.84931,1243,0.2,0,5,"both",0.211839297861998,-0.044436980385
"797","session2",41.1828465442126,1.89093231994325,2.08157323115354,0.000292340870314474,-0.579938102644895,0.954226797125566,0.917067614417473,3,2,100,0.211839297861998,-0.044436980385,8,1.68838420429066,1,42.56241,1243,0.2,0,5,"both",0.211839297861998,-0.044436980385
"798","session2",41.1828465442126,1.89093231994325,2.08157323115354,0.000292340870314474,-0.579938102644895,0.954226797125566,0.917067614417473,3,2,100,0.211839297861998,-0.044436980385,8,1.67875541615333,0,38.50295,1243,0.2,0,5,"both",0.211839297861998,-0.044436980385
"799","session2",41.1828465442126,1.89093231994325,2.08157323115354,0.000292340870314474,-0.579938102644895,0.954226797125566,0.917067614417473,3,2,100,0.211839297861998,-0.044436980385,8,1.98320984890004,1,42.24797,1243,0.2,0,5,"both",0.211839297861998,-0.044436980385
"800","session2",41.1828465442126,1.89093231994325,2.08157323115354,0.000292340870314474,-0.579938102644895,0.954226797125566,0.917067614417473,3,2,100,0.211839297861998,-0.044436980385,8,4.75702808448423,0,37.16917,1243,0.2,0,5,"both",0.211839297861998,-0.044436980385
"801","session2",13.8337951122314,18.0291717308753,1.37308507046827,0.000332597369785607,0.684121324046593,0.549373526097585,0.365285593854101,4,2,100,0.211839297861998,-0.044436980385,9,3.3795697724403,0,-7.8723094731,1243,0.2,0,5,"both",0.211839297861998,-0.044436980385
"802","session2",13.8337951122314,18.0291717308753,1.37308507046827,0.000332597369785607,0.684121324046593,0.549373526097585,0.365285593854101,4,2,100,0.211839297861998,-0.044436980385,9,3.31943147264656,1,5.4732534588,1243,0.2,0,5,"both",0.211839297861998,-0.044436980385
"803","session2",13.8337951122314,18.0291717308753,1.37308507046827,0.000332597369785607,0.684121324046593,0.549373526097585,0.365285593854101,4,2,100,0.211839297861998,-0.044436980385,9,2.52125919824655,0,-2.4968371574,1243,0.2,0,5,"both",0.211839297861998,-0.044436980385
"804","session2",13.8337951122314,18.0291717308753,1.37308507046827,0.000332597369785607,0.684121324046593,0.549373526097585,0.365285593854101,4,2,100,0.211839297861998,-0.044436980385,9,4.89489570845524,0,3.162287371,1243,0.2,0,5,"both",0.211839297861998,-0.044436980385
"805","session2",13.8337951122314,18.0291717308753,1.37308507046827,0.000332597369785607,0.684121324046593,0.549373526097585,0.365285593854101,4,2,100,0.211839297861998,-0.044436980385,9,2.40791648913513,1,10.9552,1243,0.2,0,5,"both",0.211839297861998,-0.044436980385
"806","session2",13.8337951122314,18.0291717308753,1.37308507046827,0.000332597369785607,0.684121324046593,0.549373526097585,0.365285593854101,4,2,100,0.211839297861998,-0.044436980385,9,1.9284874611612,0,1.29275,1243,0.2,0,5,"both",0.211839297861998,-0.044436980385
"807","session2",13.8337951122314,18.0291717308753,1.37308507046827,0.000332597369785607,0.684121324046593,0.549373526097585,0.365285593854101,4,2,100,0.211839297861998,-0.044436980385,9,1.72307028215691,0,-4.98748,1243,0.2,0,5,"both",0.211839297861998,-0.044436980385
"808","session2",13.8337951122314,18.0291717308753,1.37308507046827,0.000332597369785607,0.684121324046593,0.549373526097585,0.365285593854101,4,2,100,0.211839297861998,-0.044436980385,9,2.49002062955537,1,5.08515,1243,0.2,0,5,"both",0.211839297861998,-0.044436980385
"809","session2",13.8337951122314,18.0291717308753,1.37308507046827,0.000332597369785607,0.684121324046593,0.549373526097585,0.365285593854101,4,2,100,0.211839297861998,-0.044436980385,9,1.95748759265612,0,3.36067,1243,0.2,0,5,"both",0.211839297861998,-0.044436980385
"810","session2",13.8337951122314,18.0291717308753,1.37308507046827,0.000332597369785607,0.684121324046593,0.549373526097585,0.365285593854101,4,2,100,0.211839297861998,-0.044436980385,9,2.6298900926753,0,-22.26274,1243,0.2,0,5,"both",0.211839297861998,-0.044436980385
"811","session2",13.8337951122314,18.0291717308753,1.37308507046827,0.000332597369785607,0.684121324046593,0.549373526097585,0.365285593854101,4,2,100,0.211839297861998,-0.044436980385,9,1.2582656751872,0,5.02813,1243,0.2,0,5,"both",0.211839297861998,-0.044436980385
"812","session2",13.8337951122314,18.0291717308753,1.37308507046827,0.000332597369785607,0.684121324046593,0.549373526097585,0.365285593854101,4,2,100,0.211839297861998,-0.044436980385,9,1.12640086670366,1,8.03674,1243,0.2,0,5,"both",0.211839297861998,-0.044436980385
"813","session2",13.8337951122314,18.0291717308753,1.37308507046827,0.000332597369785607,0.684121324046593,0.549373526097585,0.365285593854101,4,2,100,0.211839297861998,-0.044436980385,9,1.74313018858275,0,-12.17007,1243,0.2,0,5,"both",0.211839297861998,-0.044436980385
"814","session2",13.8337951122314,18.0291717308753,1.37308507046827,0.000332597369785607,0.684121324046593,0.549373526097585,0.365285593854101,4,2,100,0.211839297861998,-0.044436980385,9,2.73996150757287,0,3.12215,1243,0.2,0,5,"both",0.211839297861998,-0.044436980385
"815","session2",13.8337951122314,18.0291717308753,1.37308507046827,0.000332597369785607,0.684121324046593,0.549373526097585,0.365285593854101,4,2,100,0.211839297861998,-0.044436980385,9,3.6852062162337,1,6.32414,1243,0.2,0,5,"both",0.211839297861998,-0.044436980385
"816","session2",13.8337951122314,18.0291717308753,1.37308507046827,0.000332597369785607,0.684121324046593,0.549373526097585,0.365285593854101,4,2,100,0.211839297861998,-0.044436980385,9,2.6183850925213,1,-0.9078,1243,0.2,0,5,"both",0.211839297861998,-0.044436980385
"817","session2",13.8337951122314,18.0291717308753,1.37308507046827,0.000332597369785607,0.684121324046593,0.549373526097585,0.365285593854101,4,2,100,0.211839297861998,-0.044436980385,9,2.01175680736611,0,13.90893,1243,0.2,0,5,"both",0.211839297861998,-0.044436980385
"818","session2",13.8337951122314,18.0291717308753,1.37308507046827,0.000332597369785607,0.684121324046593,0.549373526097585,0.365285593854101,4,2,100,0.211839297861998,-0.044436980385,9,7.14808550336175,0,1.6887,1243,0.2,0,5,"both",0.211839297861998,-0.044436980385
"819","session2",13.8337951122314,18.0291717308753,1.37308507046827,0.000332597369785607,0.684121324046593,0.549373526097585,0.365285593854101,4,2,100,0.211839297861998,-0.044436980385,9,1.97626019694738,0,5.1124,1243,0.2,0,5,"both",0.211839297861998,-0.044436980385
"820","session2",13.8337951122314,18.0291717308753,1.37308507046827,0.000332597369785607,0.684121324046593,0.549373526097585,0.365285593854101,4,2,100,0.211839297861998,-0.044436980385,9,5.25814176234984,0,-1.51634,1243,0.2,0,5,"both",0.211839297861998,-0.044436980385
"821","session2",13.8337951122314,18.0291717308753,1.37308507046827,0.000332597369785607,0.684121324046593,0.549373526097585,0.365285593854101,4,2,100,0.211839297861998,-0.044436980385,9,2.7353561191767,0,-1.44801,1243,0.2,0,5,"both",0.211839297861998,-0.044436980385
"822","session2",13.8337951122314,18.0291717308753,1.37308507046827,0.000332597369785607,0.684121324046593,0.549373526097585,0.365285593854101,4,2,100,0.211839297861998,-0.044436980385,9,5.43514523655657,0,8.5488071236,1243,0.2,0,5,"both",0.211839297861998,-0.044436980385
"823","session2",13.8337951122314,18.0291717308753,1.37308507046827,0.000332597369785607,0.684121324046593,0.549373526097585,0.365285593854101,4,2,100,0.211839297861998,-0.044436980385,9,3.75513343227509,0,0.86447,1243,0.2,0,5,"both",0.211839297861998,-0.044436980385
"824","session2",13.8337951122314,18.0291717308753,1.37308507046827,0.000332597369785607,0.684121324046593,0.549373526097585,0.365285593854101,4,2,100,0.211839297861998,-0.044436980385,9,5.83765129995724,0,-2.86381,1243,0.2,0,5,"both",0.211839297861998,-0.044436980385
"825","session2",13.8337951122314,18.0291717308753,1.37308507046827,0.000332597369785607,0.684121324046593,0.549373526097585,0.365285593854101,4,2,100,0.211839297861998,-0.044436980385,9,2.38823453619806,0,43.5769,1243,0.2,0,5,"both",0.211839297861998,-0.044436980385
"826","session2",13.8337951122314,18.0291717308753,1.37308507046827,0.000332597369785607,0.684121324046593,0.549373526097585,0.365285593854101,4,2,100,0.211839297861998,-0.044436980385,9,2.9180762646591,1,28.8406,1243,0.2,0,5,"both",0.211839297861998,-0.044436980385
"827","session2",13.8337951122314,18.0291717308753,1.37308507046827,0.000332597369785607,0.684121324046593,0.549373526097585,0.365285593854101,4,2,100,0.211839297861998,-0.044436980385,9,1.55813622215645,1,14.50608,1243,0.2,0,5,"both",0.211839297861998,-0.044436980385
"828","session2",13.8337951122314,18.0291717308753,1.37308507046827,0.000332597369785607,0.684121324046593,0.549373526097585,0.365285593854101,4,2,100,0.211839297861998,-0.044436980385,9,3.04645809213596,0,7.07437,1243,0.2,0,5,"both",0.211839297861998,-0.044436980385
"829","session2",13.8337951122314,18.0291717308753,1.37308507046827,0.000332597369785607,0.684121324046593,0.549373526097585,0.365285593854101,4,2,100,0.211839297861998,-0.044436980385,9,2.25821525217001,0,8.09788,1243,0.2,0,5,"both",0.211839297861998,-0.044436980385
"830","session2",13.8337951122314,18.0291717308753,1.37308507046827,0.000332597369785607,0.684121324046593,0.549373526097585,0.365285593854101,4,2,100,0.211839297861998,-0.044436980385,9,1.99475279533201,0,37.9921,1243,0.2,0,5,"both",0.211839297861998,-0.044436980385
"831","session2",13.8337951122314,18.0291717308753,1.37308507046827,0.000332597369785607,0.684121324046593,0.549373526097585,0.365285593854101,4,2,100,0.211839297861998,-0.044436980385,9,4.38311989800088,0,17.216393085,1243,0.2,0,5,"both",0.211839297861998,-0.044436980385
"832","session2",13.8337951122314,18.0291717308753,1.37308507046827,0.000332597369785607,0.684121324046593,0.549373526097585,0.365285593854101,4,2,100,0.211839297861998,-0.044436980385,9,3.30862819219102,0,14.04549,1243,0.2,0,5,"both",0.211839297861998,-0.044436980385
"833","session2",13.8337951122314,18.0291717308753,1.37308507046827,0.000332597369785607,0.684121324046593,0.549373526097585,0.365285593854101,4,2,100,0.211839297861998,-0.044436980385,9,3.88523210842803,1,10.5117,1243,0.2,0,5,"both",0.211839297861998,-0.044436980385
"834","session2",13.8337951122314,18.0291717308753,1.37308507046827,0.000332597369785607,0.684121324046593,0.549373526097585,0.365285593854101,4,2,100,0.211839297861998,-0.044436980385,9,1.84244670786221,1,34.62978,1243,0.2,0,5,"both",0.211839297861998,-0.044436980385
"835","session2",13.8337951122314,18.0291717308753,1.37308507046827,0.000332597369785607,0.684121324046593,0.549373526097585,0.365285593854101,4,2,100,0.211839297861998,-0.044436980385,9,3.68724767782858,1,21.119493116,1243,0.2,0,5,"both",0.211839297861998,-0.044436980385
"836","session2",13.8337951122314,18.0291717308753,1.37308507046827,0.000332597369785607,0.684121324046593,0.549373526097585,0.365285593854101,4,2,100,0.211839297861998,-0.044436980385,9,3.99449082338185,1,37.4363,1243,0.2,0,5,"both",0.211839297861998,-0.044436980385
"837","session2",13.8337951122314,18.0291717308753,1.37308507046827,0.000332597369785607,0.684121324046593,0.549373526097585,0.365285593854101,4,2,100,0.211839297861998,-0.044436980385,9,1.3460686788352,0,26.0415,1243,0.2,0,5,"both",0.211839297861998,-0.044436980385
"838","session2",13.8337951122314,18.0291717308753,1.37308507046827,0.000332597369785607,0.684121324046593,0.549373526097585,0.365285593854101,4,2,100,0.211839297861998,-0.044436980385,9,7.52939267791346,0,-14.2185,1243,0.2,0,5,"both",0.211839297861998,-0.044436980385
"839","session2",13.8337951122314,18.0291717308753,1.37308507046827,0.000332597369785607,0.684121324046593,0.549373526097585,0.365285593854101,4,2,100,0.211839297861998,-0.044436980385,9,6.19329333187297,1,24.05528,1243,0.2,0,5,"both",0.211839297861998,-0.044436980385
"840","session2",13.8337951122314,18.0291717308753,1.37308507046827,0.000332597369785607,0.684121324046593,0.549373526097585,0.365285593854101,4,2,100,0.211839297861998,-0.044436980385,9,4.77352141103526,1,18.657646509,1243,0.2,0,5,"both",0.211839297861998,-0.044436980385
"841","session2",13.8337951122314,18.0291717308753,1.37308507046827,0.000332597369785607,0.684121324046593,0.549373526097585,0.365285593854101,4,2,100,0.211839297861998,-0.044436980385,9,3.32657656007081,1,19.75961,1243,0.2,0,5,"both",0.211839297861998,-0.044436980385
"842","session2",13.8337951122314,18.0291717308753,1.37308507046827,0.000332597369785607,0.684121324046593,0.549373526097585,0.365285593854101,4,2,100,0.211839297861998,-0.044436980385,9,2.94301598392043,1,49.8527,1243,0.2,0,5,"both",0.211839297861998,-0.044436980385
"843","session2",13.8337951122314,18.0291717308753,1.37308507046827,0.000332597369785607,0.684121324046593,0.549373526097585,0.365285593854101,4,2,100,0.211839297861998,-0.044436980385,9,4.3259515245051,1,8.78353,1243,0.2,0,5,"both",0.211839297861998,-0.044436980385
"844","session2",13.8337951122314,18.0291717308753,1.37308507046827,0.000332597369785607,0.684121324046593,0.549373526097585,0.365285593854101,4,2,100,0.211839297861998,-0.044436980385,9,3.15191177887742,0,-46.10361,1243,0.2,0,5,"both",0.211839297861998,-0.044436980385
"845","session2",13.8337951122314,18.0291717308753,1.37308507046827,0.000332597369785607,0.684121324046593,0.549373526097585,0.365285593854101,4,2,100,0.211839297861998,-0.044436980385,9,1.28585814513872,0,-16.59957,1243,0.2,0,5,"both",0.211839297861998,-0.044436980385
"846","session2",13.8337951122314,18.0291717308753,1.37308507046827,0.000332597369785607,0.684121324046593,0.549373526097585,0.365285593854101,4,2,100,0.211839297861998,-0.044436980385,9,3.29083520541782,1,5.44594,1243,0.2,0,5,"both",0.211839297861998,-0.044436980385
"847","session2",13.8337951122314,18.0291717308753,1.37308507046827,0.000332597369785607,0.684121324046593,0.549373526097585,0.365285593854101,4,2,100,0.211839297861998,-0.044436980385,9,5.16393422942822,0,9.75655,1243,0.2,0,5,"both",0.211839297861998,-0.044436980385
"848","session2",13.8337951122314,18.0291717308753,1.37308507046827,0.000332597369785607,0.684121324046593,0.549373526097585,0.365285593854101,4,2,100,0.211839297861998,-0.044436980385,9,1.03428810724457,0,-12.0901,1243,0.2,0,5,"both",0.211839297861998,-0.044436980385
"849","session2",13.8337951122314,18.0291717308753,1.37308507046827,0.000332597369785607,0.684121324046593,0.549373526097585,0.365285593854101,4,2,100,0.211839297861998,-0.044436980385,9,2.18664935142215,0,27.3273,1243,0.2,0,5,"both",0.211839297861998,-0.044436980385
"850","session2",13.8337951122314,18.0291717308753,1.37308507046827,0.000332597369785607,0.684121324046593,0.549373526097585,0.365285593854101,4,2,100,0.211839297861998,-0.044436980385,9,1.22524621247381,1,37.9011,1243,0.2,0,5,"both",0.211839297861998,-0.044436980385
"851","session2",13.8337951122314,18.0291717308753,1.37308507046827,0.000332597369785607,0.684121324046593,0.549373526097585,0.365285593854101,4,2,100,0.211839297861998,-0.044436980385,9,7.25235868931814,0,-0.640600000000003,1243,0.2,0,5,"both",0.211839297861998,-0.044436980385
"852","session2",13.8337951122314,18.0291717308753,1.37308507046827,0.000332597369785607,0.684121324046593,0.549373526097585,0.365285593854101,4,2,100,0.211839297861998,-0.044436980385,9,2.29069284096074,1,23.14129,1243,0.2,0,5,"both",0.211839297861998,-0.044436980385
"853","session2",13.8337951122314,18.0291717308753,1.37308507046827,0.000332597369785607,0.684121324046593,0.549373526097585,0.365285593854101,4,2,100,0.211839297861998,-0.044436980385,9,1.42826689816495,1,27.6199,1243,0.2,0,5,"both",0.211839297861998,-0.044436980385
"854","session2",13.8337951122314,18.0291717308753,1.37308507046827,0.000332597369785607,0.684121324046593,0.549373526097585,0.365285593854101,4,2,100,0.211839297861998,-0.044436980385,9,3.29877181365363,0,8.4089,1243,0.2,0,5,"both",0.211839297861998,-0.044436980385
"855","session2",13.8337951122314,18.0291717308753,1.37308507046827,0.000332597369785607,0.684121324046593,0.549373526097585,0.365285593854101,4,2,100,0.211839297861998,-0.044436980385,9,2.74153895605602,1,19.62041,1243,0.2,0,5,"both",0.211839297861998,-0.044436980385
"856","session2",13.8337951122314,18.0291717308753,1.37308507046827,0.000332597369785607,0.684121324046593,0.549373526097585,0.365285593854101,4,2,100,0.211839297861998,-0.044436980385,9,3.05135425174398,1,24.56133,1243,0.2,0,5,"both",0.211839297861998,-0.044436980385
"857","session2",13.8337951122314,18.0291717308753,1.37308507046827,0.000332597369785607,0.684121324046593,0.549373526097585,0.365285593854101,4,2,100,0.211839297861998,-0.044436980385,9,6.94283264228959,1,18.66704,1243,0.2,0,5,"both",0.211839297861998,-0.044436980385
"858","session2",13.8337951122314,18.0291717308753,1.37308507046827,0.000332597369785607,0.684121324046593,0.549373526097585,0.365285593854101,4,2,100,0.211839297861998,-0.044436980385,9,2.20641387663716,0,1.439,1243,0.2,0,5,"both",0.211839297861998,-0.044436980385
"859","session2",13.8337951122314,18.0291717308753,1.37308507046827,0.000332597369785607,0.684121324046593,0.549373526097585,0.365285593854101,4,2,100,0.211839297861998,-0.044436980385,9,2.9528007363416,0,11.7158,1243,0.2,0,5,"both",0.211839297861998,-0.044436980385
"860","session2",13.8337951122314,18.0291717308753,1.37308507046827,0.000332597369785607,0.684121324046593,0.549373526097585,0.365285593854101,4,2,100,0.211839297861998,-0.044436980385,9,5.09462720937697,0,-21.8937,1243,0.2,0,5,"both",0.211839297861998,-0.044436980385
"861","session2",13.8337951122314,18.0291717308753,1.37308507046827,0.000332597369785607,0.684121324046593,0.549373526097585,0.365285593854101,4,2,100,0.211839297861998,-0.044436980385,9,1.5202022547548,1,29.51,1243,0.2,0,5,"both",0.211839297861998,-0.044436980385
"862","session2",13.8337951122314,18.0291717308753,1.37308507046827,0.000332597369785607,0.684121324046593,0.549373526097585,0.365285593854101,4,2,100,0.211839297861998,-0.044436980385,9,2.29761206767772,0,-5.46054,1243,0.2,0,5,"both",0.211839297861998,-0.044436980385
"863","session2",13.8337951122314,18.0291717308753,1.37308507046827,0.000332597369785607,0.684121324046593,0.549373526097585,0.365285593854101,4,2,100,0.211839297861998,-0.044436980385,9,5.32737376260551,1,19.25893,1243,0.2,0,5,"both",0.211839297861998,-0.044436980385
"864","session2",13.8337951122314,18.0291717308753,1.37308507046827,0.000332597369785607,0.684121324046593,0.549373526097585,0.365285593854101,4,2,100,0.211839297861998,-0.044436980385,9,4.05497087178476,0,-6.7982,1243,0.2,0,5,"both",0.211839297861998,-0.044436980385
"865","session2",13.8337951122314,18.0291717308753,1.37308507046827,0.000332597369785607,0.684121324046593,0.549373526097585,0.365285593854101,4,2,100,0.211839297861998,-0.044436980385,9,8,1,7.95754,1243,0.2,0,5,"both",0.211839297861998,-0.044436980385
"866","session2",13.8337951122314,18.0291717308753,1.37308507046827,0.000332597369785607,0.684121324046593,0.549373526097585,0.365285593854101,4,2,100,0.211839297861998,-0.044436980385,9,2.65120685765161,0,14.96894,1243,0.2,0,5,"both",0.211839297861998,-0.044436980385
"867","session2",13.8337951122314,18.0291717308753,1.37308507046827,0.000332597369785607,0.684121324046593,0.549373526097585,0.365285593854101,4,2,100,0.211839297861998,-0.044436980385,9,3.65962049540037,0,17.77877,1243,0.2,0,5,"both",0.211839297861998,-0.044436980385
"868","session2",13.8337951122314,18.0291717308753,1.37308507046827,0.000332597369785607,0.684121324046593,0.549373526097585,0.365285593854101,4,2,100,0.211839297861998,-0.044436980385,9,1.32399297854761,1,39.5592,1243,0.2,0,5,"both",0.211839297861998,-0.044436980385
"869","session2",13.8337951122314,18.0291717308753,1.37308507046827,0.000332597369785607,0.684121324046593,0.549373526097585,0.365285593854101,4,2,100,0.211839297861998,-0.044436980385,9,1.47308281683043,1,21.0929,1243,0.2,0,5,"both",0.211839297861998,-0.044436980385
"870","session2",13.8337951122314,18.0291717308753,1.37308507046827,0.000332597369785607,0.684121324046593,0.549373526097585,0.365285593854101,4,2,100,0.211839297861998,-0.044436980385,9,3.16852864892419,1,26.93397,1243,0.2,0,5,"both",0.211839297861998,-0.044436980385
"871","session2",13.8337951122314,18.0291717308753,1.37308507046827,0.000332597369785607,0.684121324046593,0.549373526097585,0.365285593854101,4,2,100,0.211839297861998,-0.044436980385,9,4.80095349261998,0,16.85681,1243,0.2,0,5,"both",0.211839297861998,-0.044436980385
"872","session2",13.8337951122314,18.0291717308753,1.37308507046827,0.000332597369785607,0.684121324046593,0.549373526097585,0.365285593854101,4,2,100,0.211839297861998,-0.044436980385,9,2.39370283295598,1,16.59736,1243,0.2,0,5,"both",0.211839297861998,-0.044436980385
"873","session2",13.8337951122314,18.0291717308753,1.37308507046827,0.000332597369785607,0.684121324046593,0.549373526097585,0.365285593854101,4,2,100,0.211839297861998,-0.044436980385,9,2.42813986190478,1,25.47603,1243,0.2,0,5,"both",0.211839297861998,-0.044436980385
"874","session2",13.8337951122314,18.0291717308753,1.37308507046827,0.000332597369785607,0.684121324046593,0.549373526097585,0.365285593854101,4,2,100,0.211839297861998,-0.044436980385,9,2.10176701472602,1,21.1051,1243,0.2,0,5,"both",0.211839297861998,-0.044436980385
"875","session2",13.8337951122314,18.0291717308753,1.37308507046827,0.000332597369785607,0.684121324046593,0.549373526097585,0.365285593854101,4,2,100,0.211839297861998,-0.044436980385,9,3.23472656186198,1,7.30225,1243,0.2,0,5,"both",0.211839297861998,-0.044436980385
"876","session2",13.8337951122314,18.0291717308753,1.37308507046827,0.000332597369785607,0.684121324046593,0.549373526097585,0.365285593854101,4,2,100,0.211839297861998,-0.044436980385,9,3.63124151759137,1,23.922,1243,0.2,0,5,"both",0.211839297861998,-0.044436980385
"877","session2",13.8337951122314,18.0291717308753,1.37308507046827,0.000332597369785607,0.684121324046593,0.549373526097585,0.365285593854101,4,2,100,0.211839297861998,-0.044436980385,9,4.05905477184044,0,6.97206,1243,0.2,0,5,"both",0.211839297861998,-0.044436980385
"878","session2",13.8337951122314,18.0291717308753,1.37308507046827,0.000332597369785607,0.684121324046593,0.549373526097585,0.365285593854101,4,2,100,0.211839297861998,-0.044436980385,9,5.59540707971062,1,11.97321936,1243,0.2,0,5,"both",0.211839297861998,-0.044436980385
"879","session2",13.8337951122314,18.0291717308753,1.37308507046827,0.000332597369785607,0.684121324046593,0.549373526097585,0.365285593854101,4,2,100,0.211839297861998,-0.044436980385,9,3.12170408612081,1,20.94196,1243,0.2,0,5,"both",0.211839297861998,-0.044436980385
"880","session2",13.8337951122314,18.0291717308753,1.37308507046827,0.000332597369785607,0.684121324046593,0.549373526097585,0.365285593854101,4,2,100,0.211839297861998,-0.044436980385,9,1.81230058669417,0,-10.09379,1243,0.2,0,5,"both",0.211839297861998,-0.044436980385
"881","session2",13.8337951122314,18.0291717308753,1.37308507046827,0.000332597369785607,0.684121324046593,0.549373526097585,0.365285593854101,4,2,100,0.211839297861998,-0.044436980385,9,2.05304333240838,0,-3.4262,1243,0.2,0,5,"both",0.211839297861998,-0.044436980385
"882","session2",13.8337951122314,18.0291717308753,1.37308507046827,0.000332597369785607,0.684121324046593,0.549373526097585,0.365285593854101,4,2,100,0.211839297861998,-0.044436980385,9,2.30500564705932,0,3.6249,1243,0.2,0,5,"both",0.211839297861998,-0.044436980385
"883","session2",13.8337951122314,18.0291717308753,1.37308507046827,0.000332597369785607,0.684121324046593,0.549373526097585,0.365285593854101,4,2,100,0.211839297861998,-0.044436980385,9,8,1,4.57903,1243,0.2,0,5,"both",0.211839297861998,-0.044436980385
"884","session2",13.8337951122314,18.0291717308753,1.37308507046827,0.000332597369785607,0.684121324046593,0.549373526097585,0.365285593854101,4,2,100,0.211839297861998,-0.044436980385,9,3.90993851264941,1,0.88835,1243,0.2,0,5,"both",0.211839297861998,-0.044436980385
"885","session2",13.8337951122314,18.0291717308753,1.37308507046827,0.000332597369785607,0.684121324046593,0.549373526097585,0.365285593854101,4,2,100,0.211839297861998,-0.044436980385,9,3.99143308946431,0,22.0386,1243,0.2,0,5,"both",0.211839297861998,-0.044436980385
"886","session2",13.8337951122314,18.0291717308753,1.37308507046827,0.000332597369785607,0.684121324046593,0.549373526097585,0.365285593854101,4,2,100,0.211839297861998,-0.044436980385,9,1.8133494281797,0,-6.23542,1243,0.2,0,5,"both",0.211839297861998,-0.044436980385
"887","session2",13.8337951122314,18.0291717308753,1.37308507046827,0.000332597369785607,0.684121324046593,0.549373526097585,0.365285593854101,4,2,100,0.211839297861998,-0.044436980385,9,2.59165624960266,1,4.81725,1243,0.2,0,5,"both",0.211839297861998,-0.044436980385
"888","session2",13.8337951122314,18.0291717308753,1.37308507046827,0.000332597369785607,0.684121324046593,0.549373526097585,0.365285593854101,4,2,100,0.211839297861998,-0.044436980385,9,3.0025803370521,0,18.30674,1243,0.2,0,5,"both",0.211839297861998,-0.044436980385
"889","session2",13.8337951122314,18.0291717308753,1.37308507046827,0.000332597369785607,0.684121324046593,0.549373526097585,0.365285593854101,4,2,100,0.211839297861998,-0.044436980385,9,1.07864689183096,0,0.136469999999999,1243,0.2,0,5,"both",0.211839297861998,-0.044436980385
"890","session2",13.8337951122314,18.0291717308753,1.37308507046827,0.000332597369785607,0.684121324046593,0.549373526097585,0.365285593854101,4,2,100,0.211839297861998,-0.044436980385,9,2.87669339961771,0,19.10461,1243,0.2,0,5,"both",0.211839297861998,-0.044436980385
"891","session2",13.8337951122314,18.0291717308753,1.37308507046827,0.000332597369785607,0.684121324046593,0.549373526097585,0.365285593854101,4,2,100,0.211839297861998,-0.044436980385,9,1.74587959468502,1,-0.7994,1243,0.2,0,5,"both",0.211839297861998,-0.044436980385
"892","session2",13.8337951122314,18.0291717308753,1.37308507046827,0.000332597369785607,0.684121324046593,0.549373526097585,0.365285593854101,4,2,100,0.211839297861998,-0.044436980385,9,1.77998479820535,1,27.34341,1243,0.2,0,5,"both",0.211839297861998,-0.044436980385
"893","session2",13.8337951122314,18.0291717308753,1.37308507046827,0.000332597369785607,0.684121324046593,0.549373526097585,0.365285593854101,4,2,100,0.211839297861998,-0.044436980385,9,3.87826335070715,1,16.89965,1243,0.2,0,5,"both",0.211839297861998,-0.044436980385
"894","session2",13.8337951122314,18.0291717308753,1.37308507046827,0.000332597369785607,0.684121324046593,0.549373526097585,0.365285593854101,4,2,100,0.211839297861998,-0.044436980385,9,7.0855877260452,1,21.08012,1243,0.2,0,5,"both",0.211839297861998,-0.044436980385
"895","session2",13.8337951122314,18.0291717308753,1.37308507046827,0.000332597369785607,0.684121324046593,0.549373526097585,0.365285593854101,4,2,100,0.211839297861998,-0.044436980385,9,1.93240452945348,1,1.68578,1243,0.2,0,5,"both",0.211839297861998,-0.044436980385
"896","session2",13.8337951122314,18.0291717308753,1.37308507046827,0.000332597369785607,0.684121324046593,0.549373526097585,0.365285593854101,4,2,100,0.211839297861998,-0.044436980385,9,2.20729371621615,0,-10.07162,1243,0.2,0,5,"both",0.211839297861998,-0.044436980385
"897","session2",13.8337951122314,18.0291717308753,1.37308507046827,0.000332597369785607,0.684121324046593,0.549373526097585,0.365285593854101,4,2,100,0.211839297861998,-0.044436980385,9,2.94137025431608,0,26.3255,1243,0.2,0,5,"both",0.211839297861998,-0.044436980385
"898","session2",13.8337951122314,18.0291717308753,1.37308507046827,0.000332597369785607,0.684121324046593,0.549373526097585,0.365285593854101,4,2,100,0.211839297861998,-0.044436980385,9,2.1270545682331,0,18.50175,1243,0.2,0,5,"both",0.211839297861998,-0.044436980385
"899","session2",13.8337951122314,18.0291717308753,1.37308507046827,0.000332597369785607,0.684121324046593,0.549373526097585,0.365285593854101,4,2,100,0.211839297861998,-0.044436980385,9,3.93471218077765,0,-3.04367,1243,0.2,0,5,"both",0.211839297861998,-0.044436980385
"900","session2",13.8337951122314,18.0291717308753,1.37308507046827,0.000332597369785607,0.684121324046593,0.549373526097585,0.365285593854101,4,2,100,0.211839297861998,-0.044436980385,9,2.56708729397801,0,-11.87201,1243,0.2,0,5,"both",0.211839297861998,-0.044436980385
"901","session2",-37.807667039559,5.20077734545709,1.23463076647423,0.000413963159637464,0.0257304529640862,0.544456629631155,0.76516646543611,5,2,100,0.211839297861998,-0.044436980385,10,1.3437247287865,1,-6.196458631,1243,0.2,0,5,"both",0.211839297861998,-0.044436980385
"902","session2",-37.807667039559,5.20077734545709,1.23463076647423,0.000413963159637464,0.0257304529640862,0.544456629631155,0.76516646543611,5,2,100,0.211839297861998,-0.044436980385,10,2.36352320269423,1,-9.3300766327,1243,0.2,0,5,"both",0.211839297861998,-0.044436980385
"903","session2",-37.807667039559,5.20077734545709,1.23463076647423,0.000413963159637464,0.0257304529640862,0.544456629631155,0.76516646543611,5,2,100,0.211839297861998,-0.044436980385,10,1.35910159780276,1,-18.157903262,1243,0.2,0,5,"both",0.211839297861998,-0.044436980385
"904","session2",-37.807667039559,5.20077734545709,1.23463076647423,0.000413963159637464,0.0257304529640862,0.544456629631155,0.76516646543611,5,2,100,0.211839297861998,-0.044436980385,10,1.18749693278319,1,-23.864897824,1243,0.2,0,5,"both",0.211839297861998,-0.044436980385
"905","session2",-37.807667039559,5.20077734545709,1.23463076647423,0.000413963159637464,0.0257304529640862,0.544456629631155,0.76516646543611,5,2,100,0.211839297861998,-0.044436980385,10,2.04828841752024,1,-33.02307,1243,0.2,0,5,"both",0.211839297861998,-0.044436980385
"906","session2",-37.807667039559,5.20077734545709,1.23463076647423,0.000413963159637464,0.0257304529640862,0.544456629631155,0.76516646543611,5,2,100,0.211839297861998,-0.044436980385,10,3.93501978583173,1,-37.8135,1243,0.2,0,5,"both",0.211839297861998,-0.044436980385
"907","session2",-37.807667039559,5.20077734545709,1.23463076647423,0.000413963159637464,0.0257304529640862,0.544456629631155,0.76516646543611,5,2,100,0.211839297861998,-0.044436980385,10,3.13955510426446,0,-39.96859789,1243,0.2,0,5,"both",0.211839297861998,-0.044436980385
"908","session2",-37.807667039559,5.20077734545709,1.23463076647423,0.000413963159637464,0.0257304529640862,0.544456629631155,0.76516646543611,5,2,100,0.211839297861998,-0.044436980385,10,2.32992844720093,0,-44.51439,1243,0.2,0,5,"both",0.211839297861998,-0.044436980385
"909","session2",-37.807667039559,5.20077734545709,1.23463076647423,0.000413963159637464,0.0257304529640862,0.544456629631155,0.76516646543611,5,2,100,0.211839297861998,-0.044436980385,10,1.31614628204833,1,-23.88209,1243,0.2,0,5,"both",0.211839297861998,-0.044436980385
"910","session2",-37.807667039559,5.20077734545709,1.23463076647423,0.000413963159637464,0.0257304529640862,0.544456629631155,0.76516646543611,5,2,100,0.211839297861998,-0.044436980385,10,1.71280512570372,1,-32.83243,1243,0.2,0,5,"both",0.211839297861998,-0.044436980385
"911","session2",-37.807667039559,5.20077734545709,1.23463076647423,0.000413963159637464,0.0257304529640862,0.544456629631155,0.76516646543611,5,2,100,0.211839297861998,-0.044436980385,10,4.27059551671674,0,-36.5584,1243,0.2,0,5,"both",0.211839297861998,-0.044436980385
"912","session2",-37.807667039559,5.20077734545709,1.23463076647423,0.000413963159637464,0.0257304529640862,0.544456629631155,0.76516646543611,5,2,100,0.211839297861998,-0.044436980385,10,1.92530661576395,0,-43.79005,1243,0.2,0,5,"both",0.211839297861998,-0.044436980385
"913","session2",-37.807667039559,5.20077734545709,1.23463076647423,0.000413963159637464,0.0257304529640862,0.544456629631155,0.76516646543611,5,2,100,0.211839297861998,-0.044436980385,10,3.38684615950806,1,-30.69381,1243,0.2,0,5,"both",0.211839297861998,-0.044436980385
"914","session2",-37.807667039559,5.20077734545709,1.23463076647423,0.000413963159637464,0.0257304529640862,0.544456629631155,0.76516646543611,5,2,100,0.211839297861998,-0.044436980385,10,2.38027805700232,1,-34.38743,1243,0.2,0,5,"both",0.211839297861998,-0.044436980385
"915","session2",-37.807667039559,5.20077734545709,1.23463076647423,0.000413963159637464,0.0257304529640862,0.544456629631155,0.76516646543611,5,2,100,0.211839297861998,-0.044436980385,10,1.47326762921099,1,-39.09344,1243,0.2,0,5,"both",0.211839297861998,-0.044436980385
"916","session2",-37.807667039559,5.20077734545709,1.23463076647423,0.000413963159637464,0.0257304529640862,0.544456629631155,0.76516646543611,5,2,100,0.211839297861998,-0.044436980385,10,1.50813899280295,0,-43.36846,1243,0.2,0,5,"both",0.211839297861998,-0.044436980385
"917","session2",-37.807667039559,5.20077734545709,1.23463076647423,0.000413963159637464,0.0257304529640862,0.544456629631155,0.76516646543611,5,2,100,0.211839297861998,-0.044436980385,10,2.068952041996,0,-35.20886,1243,0.2,0,5,"both",0.211839297861998,-0.044436980385
"918","session2",-37.807667039559,5.20077734545709,1.23463076647423,0.000413963159637464,0.0257304529640862,0.544456629631155,0.76516646543611,5,2,100,0.211839297861998,-0.044436980385,10,2.27962605620858,0,-46.7625,1243,0.2,0,5,"both",0.211839297861998,-0.044436980385
"919","session2",-37.807667039559,5.20077734545709,1.23463076647423,0.000413963159637464,0.0257304529640862,0.544456629631155,0.76516646543611,5,2,100,0.211839297861998,-0.044436980385,10,1.96069447693903,1,-30.95476,1243,0.2,0,5,"both",0.211839297861998,-0.044436980385
"920","session2",-37.807667039559,5.20077734545709,1.23463076647423,0.000413963159637464,0.0257304529640862,0.544456629631155,0.76516646543611,5,2,100,0.211839297861998,-0.044436980385,10,2.98579400860836,1,-42.04233,1243,0.2,0,5,"both",0.211839297861998,-0.044436980385
"921","session2",-37.807667039559,5.20077734545709,1.23463076647423,0.000413963159637464,0.0257304529640862,0.544456629631155,0.76516646543611,5,2,100,0.211839297861998,-0.044436980385,10,1.24605126495847,1,-41.98321,1243,0.2,0,5,"both",0.211839297861998,-0.044436980385
"922","session2",-37.807667039559,5.20077734545709,1.23463076647423,0.000413963159637464,0.0257304529640862,0.544456629631155,0.76516646543611,5,2,100,0.211839297861998,-0.044436980385,10,1.75501685218351,0,-41.77259,1243,0.2,0,5,"both",0.211839297861998,-0.044436980385
"923","session2",-37.807667039559,5.20077734545709,1.23463076647423,0.000413963159637464,0.0257304529640862,0.544456629631155,0.76516646543611,5,2,100,0.211839297861998,-0.044436980385,10,2.3167820751437,1,-21.8032,1243,0.2,0,5,"both",0.211839297861998,-0.044436980385
"924","session2",-37.807667039559,5.20077734545709,1.23463076647423,0.000413963159637464,0.0257304529640862,0.544456629631155,0.76516646543611,5,2,100,0.211839297861998,-0.044436980385,10,2.03767255885092,0,-35.10571,1243,0.2,0,5,"both",0.211839297861998,-0.044436980385
"925","session2",-37.807667039559,5.20077734545709,1.23463076647423,0.000413963159637464,0.0257304529640862,0.544456629631155,0.76516646543611,5,2,100,0.211839297861998,-0.044436980385,10,2.04959427734916,0,-40.4519,1243,0.2,0,5,"both",0.211839297861998,-0.044436980385
"926","session2",-37.807667039559,5.20077734545709,1.23463076647423,0.000413963159637464,0.0257304529640862,0.544456629631155,0.76516646543611,5,2,100,0.211839297861998,-0.044436980385,10,1.41963085227202,1,-37.00481,1243,0.2,0,5,"both",0.211839297861998,-0.044436980385
"927","session2",-37.807667039559,5.20077734545709,1.23463076647423,0.000413963159637464,0.0257304529640862,0.544456629631155,0.76516646543611,5,2,100,0.211839297861998,-0.044436980385,10,1.61552296944224,0,-45.12826,1243,0.2,0,5,"both",0.211839297861998,-0.044436980385
"928","session2",-37.807667039559,5.20077734545709,1.23463076647423,0.000413963159637464,0.0257304529640862,0.544456629631155,0.76516646543611,5,2,100,0.211839297861998,-0.044436980385,10,2.33201442426081,0,-43.48445,1243,0.2,0,5,"both",0.211839297861998,-0.044436980385
"929","session2",-37.807667039559,5.20077734545709,1.23463076647423,0.000413963159637464,0.0257304529640862,0.544456629631155,0.76516646543611,5,2,100,0.211839297861998,-0.044436980385,10,3.2051666787276,0,-35.70858,1243,0.2,0,5,"both",0.211839297861998,-0.044436980385
"930","session2",-37.807667039559,5.20077734545709,1.23463076647423,0.000413963159637464,0.0257304529640862,0.544456629631155,0.76516646543611,5,2,100,0.211839297861998,-0.044436980385,10,2.89035441942305,1,-33.20729,1243,0.2,0,5,"both",0.211839297861998,-0.044436980385
"931","session2",-37.807667039559,5.20077734545709,1.23463076647423,0.000413963159637464,0.0257304529640862,0.544456629631155,0.76516646543611,5,2,100,0.211839297861998,-0.044436980385,10,2.42079408520916,0,-42.57151,1243,0.2,0,5,"both",0.211839297861998,-0.044436980385
"932","session2",-37.807667039559,5.20077734545709,1.23463076647423,0.000413963159637464,0.0257304529640862,0.544456629631155,0.76516646543611,5,2,100,0.211839297861998,-0.044436980385,10,1.98934307477352,1,-35.78587,1243,0.2,0,5,"both",0.211839297861998,-0.044436980385
"933","session2",-37.807667039559,5.20077734545709,1.23463076647423,0.000413963159637464,0.0257304529640862,0.544456629631155,0.76516646543611,5,2,100,0.211839297861998,-0.044436980385,10,1.40414872717597,0,-44.48523,1243,0.2,0,5,"both",0.211839297861998,-0.044436980385
"934","session2",-37.807667039559,5.20077734545709,1.23463076647423,0.000413963159637464,0.0257304529640862,0.544456629631155,0.76516646543611,5,2,100,0.211839297861998,-0.044436980385,10,4.21613553391538,0,-35.2854,1243,0.2,0,5,"both",0.211839297861998,-0.044436980385
"935","session2",-37.807667039559,5.20077734545709,1.23463076647423,0.000413963159637464,0.0257304529640862,0.544456629631155,0.76516646543611,5,2,100,0.211839297861998,-0.044436980385,10,1.10981454743622,0,-41.34412,1243,0.2,0,5,"both",0.211839297861998,-0.044436980385
"936","session2",-37.807667039559,5.20077734545709,1.23463076647423,0.000413963159637464,0.0257304529640862,0.544456629631155,0.76516646543611,5,2,100,0.211839297861998,-0.044436980385,10,1.62037752868893,1,-41.83111,1243,0.2,0,5,"both",0.211839297861998,-0.044436980385
"937","session2",-37.807667039559,5.20077734545709,1.23463076647423,0.000413963159637464,0.0257304529640862,0.544456629631155,0.76516646543611,5,2,100,0.211839297861998,-0.044436980385,10,1.2848618956658,0,-41.69769,1243,0.2,0,5,"both",0.211839297861998,-0.044436980385
"938","session2",-37.807667039559,5.20077734545709,1.23463076647423,0.000413963159637464,0.0257304529640862,0.544456629631155,0.76516646543611,5,2,100,0.211839297861998,-0.044436980385,10,3.00827502242686,0,-43.5792,1243,0.2,0,5,"both",0.211839297861998,-0.044436980385
"939","session2",-37.807667039559,5.20077734545709,1.23463076647423,0.000413963159637464,0.0257304529640862,0.544456629631155,0.76516646543611,5,2,100,0.211839297861998,-0.044436980385,10,2.12935815632449,1,-34.43526,1243,0.2,0,5,"both",0.211839297861998,-0.044436980385
"940","session2",-37.807667039559,5.20077734545709,1.23463076647423,0.000413963159637464,0.0257304529640862,0.544456629631155,0.76516646543611,5,2,100,0.211839297861998,-0.044436980385,10,1.53867844759788,1,-21.5336,1243,0.2,0,5,"both",0.211839297861998,-0.044436980385
"941","session2",-37.807667039559,5.20077734545709,1.23463076647423,0.000413963159637464,0.0257304529640862,0.544456629631155,0.76516646543611,5,2,100,0.211839297861998,-0.044436980385,10,3.70437681810177,0,-42.06435,1243,0.2,0,5,"both",0.211839297861998,-0.044436980385
"942","session2",-37.807667039559,5.20077734545709,1.23463076647423,0.000413963159637464,0.0257304529640862,0.544456629631155,0.76516646543611,5,2,100,0.211839297861998,-0.044436980385,10,2.36135413412164,0,-46.65628,1243,0.2,0,5,"both",0.211839297861998,-0.044436980385
"943","session2",-37.807667039559,5.20077734545709,1.23463076647423,0.000413963159637464,0.0257304529640862,0.544456629631155,0.76516646543611,5,2,100,0.211839297861998,-0.044436980385,10,1.95463071810438,1,-34.38392,1243,0.2,0,5,"both",0.211839297861998,-0.044436980385
"944","session2",-37.807667039559,5.20077734545709,1.23463076647423,0.000413963159637464,0.0257304529640862,0.544456629631155,0.76516646543611,5,2,100,0.211839297861998,-0.044436980385,10,1.54695048884755,0,-47.7947,1243,0.2,0,5,"both",0.211839297861998,-0.044436980385
"945","session2",-37.807667039559,5.20077734545709,1.23463076647423,0.000413963159637464,0.0257304529640862,0.544456629631155,0.76516646543611,5,2,100,0.211839297861998,-0.044436980385,10,1.74436447230446,1,-32.19193,1243,0.2,0,5,"both",0.211839297861998,-0.044436980385
"946","session2",-37.807667039559,5.20077734545709,1.23463076647423,0.000413963159637464,0.0257304529640862,0.544456629631155,0.76516646543611,5,2,100,0.211839297861998,-0.044436980385,10,4.15803824634668,0,-32.85212,1243,0.2,0,5,"both",0.211839297861998,-0.044436980385
"947","session2",-37.807667039559,5.20077734545709,1.23463076647423,0.000413963159637464,0.0257304529640862,0.544456629631155,0.76516646543611,5,2,100,0.211839297861998,-0.044436980385,10,1.18640393752849,1,-28.14773,1243,0.2,0,5,"both",0.211839297861998,-0.044436980385
"948","session2",-37.807667039559,5.20077734545709,1.23463076647423,0.000413963159637464,0.0257304529640862,0.544456629631155,0.76516646543611,5,2,100,0.211839297861998,-0.044436980385,10,2.1493839220125,0,-41.73939,1243,0.2,0,5,"both",0.211839297861998,-0.044436980385
"949","session2",-37.807667039559,5.20077734545709,1.23463076647423,0.000413963159637464,0.0257304529640862,0.544456629631155,0.76516646543611,5,2,100,0.211839297861998,-0.044436980385,10,2.54733763521905,0,-42.66765,1243,0.2,0,5,"both",0.211839297861998,-0.044436980385
"950","session2",-37.807667039559,5.20077734545709,1.23463076647423,0.000413963159637464,0.0257304529640862,0.544456629631155,0.76516646543611,5,2,100,0.211839297861998,-0.044436980385,10,3.98591865218066,1,-28.81732,1243,0.2,0,5,"both",0.211839297861998,-0.044436980385
"951","session2",-37.807667039559,5.20077734545709,1.23463076647423,0.000413963159637464,0.0257304529640862,0.544456629631155,0.76516646543611,5,2,100,0.211839297861998,-0.044436980385,10,2.28528937505698,1,-33.76503,1243,0.2,0,5,"both",0.211839297861998,-0.044436980385
"952","session2",-37.807667039559,5.20077734545709,1.23463076647423,0.000413963159637464,0.0257304529640862,0.544456629631155,0.76516646543611,5,2,100,0.211839297861998,-0.044436980385,10,2.13167881464478,1,-31.69773,1243,0.2,0,5,"both",0.211839297861998,-0.044436980385
"953","session2",-37.807667039559,5.20077734545709,1.23463076647423,0.000413963159637464,0.0257304529640862,0.544456629631155,0.76516646543611,5,2,100,0.211839297861998,-0.044436980385,10,2.40029092408033,1,-33.8786,1243,0.2,0,5,"both",0.211839297861998,-0.044436980385
"954","session2",-37.807667039559,5.20077734545709,1.23463076647423,0.000413963159637464,0.0257304529640862,0.544456629631155,0.76516646543611,5,2,100,0.211839297861998,-0.044436980385,10,1.60293854810138,1,-42.10224,1243,0.2,0,5,"both",0.211839297861998,-0.044436980385
"955","session2",-37.807667039559,5.20077734545709,1.23463076647423,0.000413963159637464,0.0257304529640862,0.544456629631155,0.76516646543611,5,2,100,0.211839297861998,-0.044436980385,10,1.96285983839628,0,-45.73762,1243,0.2,0,5,"both",0.211839297861998,-0.044436980385
"956","session2",-37.807667039559,5.20077734545709,1.23463076647423,0.000413963159637464,0.0257304529640862,0.544456629631155,0.76516646543611,5,2,100,0.211839297861998,-0.044436980385,10,2.49181323803694,1,-30.7575,1243,0.2,0,5,"both",0.211839297861998,-0.044436980385
"957","session2",-37.807667039559,5.20077734545709,1.23463076647423,0.000413963159637464,0.0257304529640862,0.544456629631155,0.76516646543611,5,2,100,0.211839297861998,-0.044436980385,10,3.69441357783483,1,-31.74118,1243,0.2,0,5,"both",0.211839297861998,-0.044436980385
"958","session2",-37.807667039559,5.20077734545709,1.23463076647423,0.000413963159637464,0.0257304529640862,0.544456629631155,0.76516646543611,5,2,100,0.211839297861998,-0.044436980385,10,1.33821949944923,1,-31.49271,1243,0.2,0,5,"both",0.211839297861998,-0.044436980385
"959","session2",-37.807667039559,5.20077734545709,1.23463076647423,0.000413963159637464,0.0257304529640862,0.544456629631155,0.76516646543611,5,2,100,0.211839297861998,-0.044436980385,10,1.69120348901881,0,-40.85459,1243,0.2,0,5,"both",0.211839297861998,-0.044436980385
"960","session2",-37.807667039559,5.20077734545709,1.23463076647423,0.000413963159637464,0.0257304529640862,0.544456629631155,0.76516646543611,5,2,100,0.211839297861998,-0.044436980385,10,3.43991744874224,0,-41.38113,1243,0.2,0,5,"both",0.211839297861998,-0.044436980385
"961","session2",-37.807667039559,5.20077734545709,1.23463076647423,0.000413963159637464,0.0257304529640862,0.544456629631155,0.76516646543611,5,2,100,0.211839297861998,-0.044436980385,10,2.07630818443634,1,-32.90236,1243,0.2,0,5,"both",0.211839297861998,-0.044436980385
"962","session2",-37.807667039559,5.20077734545709,1.23463076647423,0.000413963159637464,0.0257304529640862,0.544456629631155,0.76516646543611,5,2,100,0.211839297861998,-0.044436980385,10,2.08261978227187,0,-40.80296,1243,0.2,0,5,"both",0.211839297861998,-0.044436980385
"963","session2",-37.807667039559,5.20077734545709,1.23463076647423,0.000413963159637464,0.0257304529640862,0.544456629631155,0.76516646543611,5,2,100,0.211839297861998,-0.044436980385,10,1.41278541029805,0,-40.87745,1243,0.2,0,5,"both",0.211839297861998,-0.044436980385
"964","session2",-37.807667039559,5.20077734545709,1.23463076647423,0.000413963159637464,0.0257304529640862,0.544456629631155,0.76516646543611,5,2,100,0.211839297861998,-0.044436980385,10,1.32965748334446,0,-40.42051,1243,0.2,0,5,"both",0.211839297861998,-0.044436980385
"965","session2",-37.807667039559,5.20077734545709,1.23463076647423,0.000413963159637464,0.0257304529640862,0.544456629631155,0.76516646543611,5,2,100,0.211839297861998,-0.044436980385,10,2.72188753753224,1,-32.32801,1243,0.2,0,5,"both",0.211839297861998,-0.044436980385
"966","session2",-37.807667039559,5.20077734545709,1.23463076647423,0.000413963159637464,0.0257304529640862,0.544456629631155,0.76516646543611,5,2,100,0.211839297861998,-0.044436980385,10,1.72931562763635,0,-40.99608,1243,0.2,0,5,"both",0.211839297861998,-0.044436980385
"967","session2",-37.807667039559,5.20077734545709,1.23463076647423,0.000413963159637464,0.0257304529640862,0.544456629631155,0.76516646543611,5,2,100,0.211839297861998,-0.044436980385,10,3.96454894452857,0,-36.22176,1243,0.2,0,5,"both",0.211839297861998,-0.044436980385
"968","session2",-37.807667039559,5.20077734545709,1.23463076647423,0.000413963159637464,0.0257304529640862,0.544456629631155,0.76516646543611,5,2,100,0.211839297861998,-0.044436980385,10,1.85412969232472,0,-42.6675,1243,0.2,0,5,"both",0.211839297861998,-0.044436980385
"969","session2",-37.807667039559,5.20077734545709,1.23463076647423,0.000413963159637464,0.0257304529640862,0.544456629631155,0.76516646543611,5,2,100,0.211839297861998,-0.044436980385,10,2.10312125776931,1,-33.61585,1243,0.2,0,5,"both",0.211839297861998,-0.044436980385
"970","session2",-37.807667039559,5.20077734545709,1.23463076647423,0.000413963159637464,0.0257304529640862,0.544456629631155,0.76516646543611,5,2,100,0.211839297861998,-0.044436980385,10,3.76109126126712,0,-40.69868,1243,0.2,0,5,"both",0.211839297861998,-0.044436980385
"971","session2",-37.807667039559,5.20077734545709,1.23463076647423,0.000413963159637464,0.0257304529640862,0.544456629631155,0.76516646543611,5,2,100,0.211839297861998,-0.044436980385,10,2.32174401214103,0,-41.71881,1243,0.2,0,5,"both",0.211839297861998,-0.044436980385
"972","session2",-37.807667039559,5.20077734545709,1.23463076647423,0.000413963159637464,0.0257304529640862,0.544456629631155,0.76516646543611,5,2,100,0.211839297861998,-0.044436980385,10,2.02473482958579,1,-30.72497,1243,0.2,0,5,"both",0.211839297861998,-0.044436980385
"973","session2",-37.807667039559,5.20077734545709,1.23463076647423,0.000413963159637464,0.0257304529640862,0.544456629631155,0.76516646543611,5,2,100,0.211839297861998,-0.044436980385,10,1.7531560692411,0,-43.85538,1243,0.2,0,5,"both",0.211839297861998,-0.044436980385
"974","session2",-37.807667039559,5.20077734545709,1.23463076647423,0.000413963159637464,0.0257304529640862,0.544456629631155,0.76516646543611,5,2,100,0.211839297861998,-0.044436980385,10,2.61336186517035,1,-41.99812,1243,0.2,0,5,"both",0.211839297861998,-0.044436980385
"975","session2",-37.807667039559,5.20077734545709,1.23463076647423,0.000413963159637464,0.0257304529640862,0.544456629631155,0.76516646543611,5,2,100,0.211839297861998,-0.044436980385,10,1.21774419088323,1,-31.73791,1243,0.2,0,5,"both",0.211839297861998,-0.044436980385
"976","session2",-37.807667039559,5.20077734545709,1.23463076647423,0.000413963159637464,0.0257304529640862,0.544456629631155,0.76516646543611,5,2,100,0.211839297861998,-0.044436980385,10,2.07543122917395,1,-30.49648,1243,0.2,0,5,"both",0.211839297861998,-0.044436980385
"977","session2",-37.807667039559,5.20077734545709,1.23463076647423,0.000413963159637464,0.0257304529640862,0.544456629631155,0.76516646543611,5,2,100,0.211839297861998,-0.044436980385,10,2.82762957289045,1,-33.31347,1243,0.2,0,5,"both",0.211839297861998,-0.044436980385
"978","session2",-37.807667039559,5.20077734545709,1.23463076647423,0.000413963159637464,0.0257304529640862,0.544456629631155,0.76516646543611,5,2,100,0.211839297861998,-0.044436980385,10,1.46283792727479,1,-34.85312,1243,0.2,0,5,"both",0.211839297861998,-0.044436980385
"979","session2",-37.807667039559,5.20077734545709,1.23463076647423,0.000413963159637464,0.0257304529640862,0.544456629631155,0.76516646543611,5,2,100,0.211839297861998,-0.044436980385,10,2.38896296250904,0,-40.61467,1243,0.2,0,5,"both",0.211839297861998,-0.044436980385
"980","session2",-37.807667039559,5.20077734545709,1.23463076647423,0.000413963159637464,0.0257304529640862,0.544456629631155,0.76516646543611,5,2,100,0.211839297861998,-0.044436980385,10,1.52856509088838,1,-41.37014,1243,0.2,0,5,"both",0.211839297861998,-0.044436980385
"981","session2",-37.807667039559,5.20077734545709,1.23463076647423,0.000413963159637464,0.0257304529640862,0.544456629631155,0.76516646543611,5,2,100,0.211839297861998,-0.044436980385,10,1.59084420778794,0,-39.30686,1243,0.2,0,5,"both",0.211839297861998,-0.044436980385
"982","session2",-37.807667039559,5.20077734545709,1.23463076647423,0.000413963159637464,0.0257304529640862,0.544456629631155,0.76516646543611,5,2,100,0.211839297861998,-0.044436980385,10,2.33927971801384,1,-31.9386,1243,0.2,0,5,"both",0.211839297861998,-0.044436980385
"983","session2",-37.807667039559,5.20077734545709,1.23463076647423,0.000413963159637464,0.0257304529640862,0.544456629631155,0.76516646543611,5,2,100,0.211839297861998,-0.044436980385,10,1.31575005059493,1,-34.77784,1243,0.2,0,5,"both",0.211839297861998,-0.044436980385
"984","session2",-37.807667039559,5.20077734545709,1.23463076647423,0.000413963159637464,0.0257304529640862,0.544456629631155,0.76516646543611,5,2,100,0.211839297861998,-0.044436980385,10,1.56101376110631,0,-41.66342,1243,0.2,0,5,"both",0.211839297861998,-0.044436980385
"985","session2",-37.807667039559,5.20077734545709,1.23463076647423,0.000413963159637464,0.0257304529640862,0.544456629631155,0.76516646543611,5,2,100,0.211839297861998,-0.044436980385,10,1.87751066575257,1,-32.02462,1243,0.2,0,5,"both",0.211839297861998,-0.044436980385
"986","session2",-37.807667039559,5.20077734545709,1.23463076647423,0.000413963159637464,0.0257304529640862,0.544456629631155,0.76516646543611,5,2,100,0.211839297861998,-0.044436980385,10,2.18577277416554,1,-33.55494,1243,0.2,0,5,"both",0.211839297861998,-0.044436980385
"987","session2",-37.807667039559,5.20077734545709,1.23463076647423,0.000413963159637464,0.0257304529640862,0.544456629631155,0.76516646543611,5,2,100,0.211839297861998,-0.044436980385,10,1.60770134616973,1,-32.72678,1243,0.2,0,5,"both",0.211839297861998,-0.044436980385
"988","session2",-37.807667039559,5.20077734545709,1.23463076647423,0.000413963159637464,0.0257304529640862,0.544456629631155,0.76516646543611,5,2,100,0.211839297861998,-0.044436980385,10,1.81319229189759,0,-34.29893,1243,0.2,0,5,"both",0.211839297861998,-0.044436980385
"989","session2",-37.807667039559,5.20077734545709,1.23463076647423,0.000413963159637464,0.0257304529640862,0.544456629631155,0.76516646543611,5,2,100,0.211839297861998,-0.044436980385,10,2.48763091152961,0,-40.01383,1243,0.2,0,5,"both",0.211839297861998,-0.044436980385
"990","session2",-37.807667039559,5.20077734545709,1.23463076647423,0.000413963159637464,0.0257304529640862,0.544456629631155,0.76516646543611,5,2,100,0.211839297861998,-0.044436980385,10,2.24655377523495,1,-42.69774,1243,0.2,0,5,"both",0.211839297861998,-0.044436980385
"991","session2",-37.807667039559,5.20077734545709,1.23463076647423,0.000413963159637464,0.0257304529640862,0.544456629631155,0.76516646543611,5,2,100,0.211839297861998,-0.044436980385,10,1.61581207208867,1,-32.94663,1243,0.2,0,5,"both",0.211839297861998,-0.044436980385
"992","session2",-37.807667039559,5.20077734545709,1.23463076647423,0.000413963159637464,0.0257304529640862,0.544456629631155,0.76516646543611,5,2,100,0.211839297861998,-0.044436980385,10,1.70938800833289,1,-44.41854,1243,0.2,0,5,"both",0.211839297861998,-0.044436980385
"993","session2",-37.807667039559,5.20077734545709,1.23463076647423,0.000413963159637464,0.0257304529640862,0.544456629631155,0.76516646543611,5,2,100,0.211839297861998,-0.044436980385,10,1.77106762337379,0,-34.144,1243,0.2,0,5,"both",0.211839297861998,-0.044436980385
"994","session2",-37.807667039559,5.20077734545709,1.23463076647423,0.000413963159637464,0.0257304529640862,0.544456629631155,0.76516646543611,5,2,100,0.211839297861998,-0.044436980385,10,2.67191190267092,0,-31.83363,1243,0.2,0,5,"both",0.211839297861998,-0.044436980385
"995","session2",-37.807667039559,5.20077734545709,1.23463076647423,0.000413963159637464,0.0257304529640862,0.544456629631155,0.76516646543611,5,2,100,0.211839297861998,-0.044436980385,10,2.80199253459189,0,-34.48209,1243,0.2,0,5,"both",0.211839297861998,-0.044436980385
"996","session2",-37.807667039559,5.20077734545709,1.23463076647423,0.000413963159637464,0.0257304529640862,0.544456629631155,0.76516646543611,5,2,100,0.211839297861998,-0.044436980385,10,2.26196811918998,0,-43.48124,1243,0.2,0,5,"both",0.211839297861998,-0.044436980385
"997","session2",-37.807667039559,5.20077734545709,1.23463076647423,0.000413963159637464,0.0257304529640862,0.544456629631155,0.76516646543611,5,2,100,0.211839297861998,-0.044436980385,10,2.39265891621358,0,-43.47955,1243,0.2,0,5,"both",0.211839297861998,-0.044436980385
"998","session2",-37.807667039559,5.20077734545709,1.23463076647423,0.000413963159637464,0.0257304529640862,0.544456629631155,0.76516646543611,5,2,100,0.211839297861998,-0.044436980385,10,2.17300262385372,0,-32.5008,1243,0.2,0,5,"both",0.211839297861998,-0.044436980385
"999","session2",-37.807667039559,5.20077734545709,1.23463076647423,0.000413963159637464,0.0257304529640862,0.544456629631155,0.76516646543611,5,2,100,0.211839297861998,-0.044436980385,10,1.45028776077335,0,-41.76916,1243,0.2,0,5,"both",0.211839297861998,-0.044436980385
"1000","session2",-37.807667039559,5.20077734545709,1.23463076647423,0.000413963159637464,0.0257304529640862,0.544456629631155,0.76516646543611,5,2,100,0.211839297861998,-0.044436980385,10,2.22293628341946,1,-33.28653,1243,0.2,0,5,"both",0.211839297861998,-0.044436980385
