"","session","alpha","beta","betart","lapse","intercept","sigma","ndt","participant_id","sessions","trials","alpha_obs_power","beta_obs_power","n","rts","resp","X","iter","real_effectsize_alpha","real_effectsize_beta","subjects","parameter","observed_effectsize_alpha","observed_effectsize_beta"
"1","session1",1.87759846852923,18.8752552250591,4.22287736519184,0.00116294652326684,0.379992396181801,0.325534631380887,0.206911504488183,1,1,50,0.316024327818377,-0.2124384493623,1,4.49681089348788,0,-11.8849495606,2554,0.8,0,12,"both",0.316024327818377,-0.2124384493623
"2","session1",1.87759846852923,18.8752552250591,4.22287736519184,0.00116294652326684,0.379992396181801,0.325534631380887,0.206911504488183,1,1,50,0.316024327818377,-0.2124384493623,1,5.42202787415468,0,4.2695585431,2554,0.8,0,12,"both",0.316024327818377,-0.2124384493623
"3","session1",1.87759846852923,18.8752552250591,4.22287736519184,0.00116294652326684,0.379992396181801,0.325534631380887,0.206911504488183,1,1,50,0.316024327818377,-0.2124384493623,1,5.6804968875217,1,12.4067215021,2554,0.8,0,12,"both",0.316024327818377,-0.2124384493623
"4","session1",1.87759846852923,18.8752552250591,4.22287736519184,0.00116294652326684,0.379992396181801,0.325534631380887,0.206911504488183,1,1,50,0.316024327818377,-0.2124384493623,1,4.91876027498242,1,6.0338657314,2554,0.8,0,12,"both",0.316024327818377,-0.2124384493623
"5","session1",1.87759846852923,18.8752552250591,4.22287736519184,0.00116294652326684,0.379992396181801,0.325534631380887,0.206911504488183,1,1,50,0.316024327818377,-0.2124384493623,1,1.88666796007138,0,-24.09225,2554,0.8,0,12,"both",0.316024327818377,-0.2124384493623
"6","session1",1.87759846852923,18.8752552250591,4.22287736519184,0.00116294652326684,0.379992396181801,0.325534631380887,0.206911504488183,1,1,50,0.316024327818377,-0.2124384493623,1,2.43480254105453,1,25.07254,2554,0.8,0,12,"both",0.316024327818377,-0.2124384493623
"7","session1",1.87759846852923,18.8752552250591,4.22287736519184,0.00116294652326684,0.379992396181801,0.325534631380887,0.206911504488183,1,1,50,0.316024327818377,-0.2124384493623,1,2.47136548787615,1,24.09717,2554,0.8,0,12,"both",0.316024327818377,-0.2124384493623
"8","session1",1.87759846852923,18.8752552250591,4.22287736519184,0.00116294652326684,0.379992396181801,0.325534631380887,0.206911504488183,1,1,50,0.316024327818377,-0.2124384493623,1,3.56265520104963,0,6.40309,2554,0.8,0,12,"both",0.316024327818377,-0.2124384493623
"9","session1",1.87759846852923,18.8752552250591,4.22287736519184,0.00116294652326684,0.379992396181801,0.325534631380887,0.206911504488183,1,1,50,0.316024327818377,-0.2124384493623,1,3.60550029931468,0,10.21953,2554,0.8,0,12,"both",0.316024327818377,-0.2124384493623
"10","session1",1.87759846852923,18.8752552250591,4.22287736519184,0.00116294652326684,0.379992396181801,0.325534631380887,0.206911504488183,1,1,50,0.316024327818377,-0.2124384493623,1,1.84898805267958,1,44.56407,2554,0.8,0,12,"both",0.316024327818377,-0.2124384493623
"11","session1",1.87759846852923,18.8752552250591,4.22287736519184,0.00116294652326684,0.379992396181801,0.325534631380887,0.206911504488183,1,1,50,0.316024327818377,-0.2124384493623,1,2.12542795320086,1,20.71469,2554,0.8,0,12,"both",0.316024327818377,-0.2124384493623
"12","session1",1.87759846852923,18.8752552250591,4.22287736519184,0.00116294652326684,0.379992396181801,0.325534631380887,0.206911504488183,1,1,50,0.316024327818377,-0.2124384493623,1,4.09486096146819,1,-2.74652,2554,0.8,0,12,"both",0.316024327818377,-0.2124384493623
"13","session1",1.87759846852923,18.8752552250591,4.22287736519184,0.00116294652326684,0.379992396181801,0.325534631380887,0.206911504488183,1,1,50,0.316024327818377,-0.2124384493623,1,3.28553341174345,1,20.75837,2554,0.8,0,12,"both",0.316024327818377,-0.2124384493623
"14","session1",1.87759846852923,18.8752552250591,4.22287736519184,0.00116294652326684,0.379992396181801,0.325534631380887,0.206911504488183,1,1,50,0.316024327818377,-0.2124384493623,1,3.20260797466511,1,15.44384,2554,0.8,0,12,"both",0.316024327818377,-0.2124384493623
"15","session1",1.87759846852923,18.8752552250591,4.22287736519184,0.00116294652326684,0.379992396181801,0.325534631380887,0.206911504488183,1,1,50,0.316024327818377,-0.2124384493623,1,2.00957941253962,1,22.00645,2554,0.8,0,12,"both",0.316024327818377,-0.2124384493623
"16","session1",1.87759846852923,18.8752552250591,4.22287736519184,0.00116294652326684,0.379992396181801,0.325534631380887,0.206911504488183,1,1,50,0.316024327818377,-0.2124384493623,1,3.48728716915508,1,2.14792,2554,0.8,0,12,"both",0.316024327818377,-0.2124384493623
"17","session1",1.87759846852923,18.8752552250591,4.22287736519184,0.00116294652326684,0.379992396181801,0.325534631380887,0.206911504488183,1,1,50,0.316024327818377,-0.2124384493623,1,3.1200257791616,0,-0.61228371742,2554,0.8,0,12,"both",0.316024327818377,-0.2124384493623
"18","session1",1.87759846852923,18.8752552250591,4.22287736519184,0.00116294652326684,0.379992396181801,0.325534631380887,0.206911504488183,1,1,50,0.316024327818377,-0.2124384493623,1,3.65903169994922,1,14.56551,2554,0.8,0,12,"both",0.316024327818377,-0.2124384493623
"19","session1",1.87759846852923,18.8752552250591,4.22287736519184,0.00116294652326684,0.379992396181801,0.325534631380887,0.206911504488183,1,1,50,0.316024327818377,-0.2124384493623,1,5.83617855613317,0,-4.00253,2554,0.8,0,12,"both",0.316024327818377,-0.2124384493623
"20","session1",1.87759846852923,18.8752552250591,4.22287736519184,0.00116294652326684,0.379992396181801,0.325534631380887,0.206911504488183,1,1,50,0.316024327818377,-0.2124384493623,1,3.96723487525535,1,5.51785,2554,0.8,0,12,"both",0.316024327818377,-0.2124384493623
"21","session1",1.87759846852923,18.8752552250591,4.22287736519184,0.00116294652326684,0.379992396181801,0.325534631380887,0.206911504488183,1,1,50,0.316024327818377,-0.2124384493623,1,3.64072648521103,1,10.3533,2554,0.8,0,12,"both",0.316024327818377,-0.2124384493623
"22","session1",1.87759846852923,18.8752552250591,4.22287736519184,0.00116294652326684,0.379992396181801,0.325534631380887,0.206911504488183,1,1,50,0.316024327818377,-0.2124384493623,1,2.91230700560883,1,15.62808,2554,0.8,0,12,"both",0.316024327818377,-0.2124384493623
"23","session1",1.87759846852923,18.8752552250591,4.22287736519184,0.00116294652326684,0.379992396181801,0.325534631380887,0.206911504488183,1,1,50,0.316024327818377,-0.2124384493623,1,2.03145374825919,1,30.58254,2554,0.8,0,12,"both",0.316024327818377,-0.2124384493623
"24","session1",1.87759846852923,18.8752552250591,4.22287736519184,0.00116294652326684,0.379992396181801,0.325534631380887,0.206911504488183,1,1,50,0.316024327818377,-0.2124384493623,1,1.48395956413508,0,-43.9236,2554,0.8,0,12,"both",0.316024327818377,-0.2124384493623
"25","session1",1.87759846852923,18.8752552250591,4.22287736519184,0.00116294652326684,0.379992396181801,0.325534631380887,0.206911504488183,1,1,50,0.316024327818377,-0.2124384493623,1,2.81451856104326,1,-6.35455,2554,0.8,0,12,"both",0.316024327818377,-0.2124384493623
"26","session1",1.87759846852923,18.8752552250591,4.22287736519184,0.00116294652326684,0.379992396181801,0.325534631380887,0.206911504488183,1,1,50,0.316024327818377,-0.2124384493623,1,1.88219753902538,0,-22.37293,2554,0.8,0,12,"both",0.316024327818377,-0.2124384493623
"27","session1",1.87759846852923,18.8752552250591,4.22287736519184,0.00116294652326684,0.379992396181801,0.325534631380887,0.206911504488183,1,1,50,0.316024327818377,-0.2124384493623,1,4.58031147420653,0,-0.612690000000001,2554,0.8,0,12,"both",0.316024327818377,-0.2124384493623
"28","session1",1.87759846852923,18.8752552250591,4.22287736519184,0.00116294652326684,0.379992396181801,0.325534631380887,0.206911504488183,1,1,50,0.316024327818377,-0.2124384493623,1,2.10195766975759,1,13.00606,2554,0.8,0,12,"both",0.316024327818377,-0.2124384493623
"29","session1",1.87759846852923,18.8752552250591,4.22287736519184,0.00116294652326684,0.379992396181801,0.325534631380887,0.206911504488183,1,1,50,0.316024327818377,-0.2124384493623,1,1.18051559407844,1,25.0991,2554,0.8,0,12,"both",0.316024327818377,-0.2124384493623
"30","session1",1.87759846852923,18.8752552250591,4.22287736519184,0.00116294652326684,0.379992396181801,0.325534631380887,0.206911504488183,1,1,50,0.316024327818377,-0.2124384493623,1,3.82633909785102,0,-12.737142,2554,0.8,0,12,"both",0.316024327818377,-0.2124384493623
"31","session1",1.87759846852923,18.8752552250591,4.22287736519184,0.00116294652326684,0.379992396181801,0.325534631380887,0.206911504488183,1,1,50,0.316024327818377,-0.2124384493623,1,2.18605459019322,1,13.20584,2554,0.8,0,12,"both",0.316024327818377,-0.2124384493623
"32","session1",1.87759846852923,18.8752552250591,4.22287736519184,0.00116294652326684,0.379992396181801,0.325534631380887,0.206911504488183,1,1,50,0.316024327818377,-0.2124384493623,1,3.82365697963766,0,-4.02843,2554,0.8,0,12,"both",0.316024327818377,-0.2124384493623
"33","session1",1.87759846852923,18.8752552250591,4.22287736519184,0.00116294652326684,0.379992396181801,0.325534631380887,0.206911504488183,1,1,50,0.316024327818377,-0.2124384493623,1,6.29971617390139,0,13.46612,2554,0.8,0,12,"both",0.316024327818377,-0.2124384493623
"34","session1",1.87759846852923,18.8752552250591,4.22287736519184,0.00116294652326684,0.379992396181801,0.325534631380887,0.206911504488183,1,1,50,0.316024327818377,-0.2124384493623,1,5.58391504839896,1,19.98277,2554,0.8,0,12,"both",0.316024327818377,-0.2124384493623
"35","session1",1.87759846852923,18.8752552250591,4.22287736519184,0.00116294652326684,0.379992396181801,0.325534631380887,0.206911504488183,1,1,50,0.316024327818377,-0.2124384493623,1,3.20826059295015,0,-11.36062,2554,0.8,0,12,"both",0.316024327818377,-0.2124384493623
"36","session1",1.87759846852923,18.8752552250591,4.22287736519184,0.00116294652326684,0.379992396181801,0.325534631380887,0.206911504488183,1,1,50,0.316024327818377,-0.2124384493623,1,3.47766751821307,0,24.67166,2554,0.8,0,12,"both",0.316024327818377,-0.2124384493623
"37","session1",1.87759846852923,18.8752552250591,4.22287736519184,0.00116294652326684,0.379992396181801,0.325534631380887,0.206911504488183,1,1,50,0.316024327818377,-0.2124384493623,1,2.84599067403398,1,19.25042,2554,0.8,0,12,"both",0.316024327818377,-0.2124384493623
"38","session1",1.87759846852923,18.8752552250591,4.22287736519184,0.00116294652326684,0.379992396181801,0.325534631380887,0.206911504488183,1,1,50,0.316024327818377,-0.2124384493623,1,2.98491437356254,0,-23.25037,2554,0.8,0,12,"both",0.316024327818377,-0.2124384493623
"39","session1",1.87759846852923,18.8752552250591,4.22287736519184,0.00116294652326684,0.379992396181801,0.325534631380887,0.206911504488183,1,1,50,0.316024327818377,-0.2124384493623,1,5.45044257580633,1,19.12773,2554,0.8,0,12,"both",0.316024327818377,-0.2124384493623
"40","session1",1.87759846852923,18.8752552250591,4.22287736519184,0.00116294652326684,0.379992396181801,0.325534631380887,0.206911504488183,1,1,50,0.316024327818377,-0.2124384493623,1,3.87116170811354,0,-4.99362,2554,0.8,0,12,"both",0.316024327818377,-0.2124384493623
"41","session1",1.87759846852923,18.8752552250591,4.22287736519184,0.00116294652326684,0.379992396181801,0.325534631380887,0.206911504488183,1,1,50,0.316024327818377,-0.2124384493623,1,2.59355501388658,0,-19.67183,2554,0.8,0,12,"both",0.316024327818377,-0.2124384493623
"42","session1",1.87759846852923,18.8752552250591,4.22287736519184,0.00116294652326684,0.379992396181801,0.325534631380887,0.206911504488183,1,1,50,0.316024327818377,-0.2124384493623,1,1.81731294355578,0,-13.44595,2554,0.8,0,12,"both",0.316024327818377,-0.2124384493623
"43","session1",1.87759846852923,18.8752552250591,4.22287736519184,0.00116294652326684,0.379992396181801,0.325534631380887,0.206911504488183,1,1,50,0.316024327818377,-0.2124384493623,1,3.23874092508314,0,14.35219,2554,0.8,0,12,"both",0.316024327818377,-0.2124384493623
"44","session1",1.87759846852923,18.8752552250591,4.22287736519184,0.00116294652326684,0.379992396181801,0.325534631380887,0.206911504488183,1,1,50,0.316024327818377,-0.2124384493623,1,4.04654052612371,1,12.84754,2554,0.8,0,12,"both",0.316024327818377,-0.2124384493623
"45","session1",1.87759846852923,18.8752552250591,4.22287736519184,0.00116294652326684,0.379992396181801,0.325534631380887,0.206911504488183,1,1,50,0.316024327818377,-0.2124384493623,1,2.25415378551462,0,-27.46762,2554,0.8,0,12,"both",0.316024327818377,-0.2124384493623
"46","session1",1.87759846852923,18.8752552250591,4.22287736519184,0.00116294652326684,0.379992396181801,0.325534631380887,0.206911504488183,1,1,50,0.316024327818377,-0.2124384493623,1,4.45148034306819,0,-15.07608,2554,0.8,0,12,"both",0.316024327818377,-0.2124384493623
"47","session1",1.87759846852923,18.8752552250591,4.22287736519184,0.00116294652326684,0.379992396181801,0.325534631380887,0.206911504488183,1,1,50,0.316024327818377,-0.2124384493623,1,2.43123034233953,0,-25.6379,2554,0.8,0,12,"both",0.316024327818377,-0.2124384493623
"48","session1",1.87759846852923,18.8752552250591,4.22287736519184,0.00116294652326684,0.379992396181801,0.325534631380887,0.206911504488183,1,1,50,0.316024327818377,-0.2124384493623,1,4.36622629545743,0,-9.30377,2554,0.8,0,12,"both",0.316024327818377,-0.2124384493623
"49","session1",1.87759846852923,18.8752552250591,4.22287736519184,0.00116294652326684,0.379992396181801,0.325534631380887,0.206911504488183,1,1,50,0.316024327818377,-0.2124384493623,1,3.3724025202213,1,14.11518,2554,0.8,0,12,"both",0.316024327818377,-0.2124384493623
"50","session1",1.87759846852923,18.8752552250591,4.22287736519184,0.00116294652326684,0.379992396181801,0.325534631380887,0.206911504488183,1,1,50,0.316024327818377,-0.2124384493623,1,4.8817887895852,0,1.87574,2554,0.8,0,12,"both",0.316024327818377,-0.2124384493623
"51","session1",6.56444616645811,11.5270796712673,2.10670911094334,0.00584720950692225,0.129401437722343,0.584601141267937,0.656816112398521,2,1,50,0.316024327818377,-0.2124384493623,2,2.49619156654258,1,9.9155542346,2554,0.8,0,12,"both",0.316024327818377,-0.2124384493623
"52","session1",6.56444616645811,11.5270796712673,2.10670911094334,0.00584720950692225,0.129401437722343,0.584601141267937,0.656816112398521,2,1,50,0.316024327818377,-0.2124384493623,2,4.70431552140627,0,-5.35774380744,2554,0.8,0,12,"both",0.316024327818377,-0.2124384493623
"53","session1",6.56444616645811,11.5270796712673,2.10670911094334,0.00584720950692225,0.129401437722343,0.584601141267937,0.656816112398521,2,1,50,0.316024327818377,-0.2124384493623,2,3.19650776641435,1,1.9667658389,2554,0.8,0,12,"both",0.316024327818377,-0.2124384493623
"54","session1",6.56444616645811,11.5270796712673,2.10670911094334,0.00584720950692225,0.129401437722343,0.584601141267937,0.656816112398521,2,1,50,0.316024327818377,-0.2124384493623,2,3.81757778110234,0,-0.98073916064,2554,0.8,0,12,"both",0.316024327818377,-0.2124384493623
"55","session1",6.56444616645811,11.5270796712673,2.10670911094334,0.00584720950692225,0.129401437722343,0.584601141267937,0.656816112398521,2,1,50,0.316024327818377,-0.2124384493623,2,2.85799169132606,1,4.2881,2554,0.8,0,12,"both",0.316024327818377,-0.2124384493623
"56","session1",6.56444616645811,11.5270796712673,2.10670911094334,0.00584720950692225,0.129401437722343,0.584601141267937,0.656816112398521,2,1,50,0.316024327818377,-0.2124384493623,2,1.63549920059599,0,-1.988826,2554,0.8,0,12,"both",0.316024327818377,-0.2124384493623
"57","session1",6.56444616645811,11.5270796712673,2.10670911094334,0.00584720950692225,0.129401437722343,0.584601141267937,0.656816112398521,2,1,50,0.316024327818377,-0.2124384493623,2,1.76449630172567,1,-3.95628,2554,0.8,0,12,"both",0.316024327818377,-0.2124384493623
"58","session1",6.56444616645811,11.5270796712673,2.10670911094334,0.00584720950692225,0.129401437722343,0.584601141267937,0.656816112398521,2,1,50,0.316024327818377,-0.2124384493623,2,1.36607179137802,0,-16.8644859,2554,0.8,0,12,"both",0.316024327818377,-0.2124384493623
"59","session1",6.56444616645811,11.5270796712673,2.10670911094334,0.00584720950692225,0.129401437722343,0.584601141267937,0.656816112398521,2,1,50,0.316024327818377,-0.2124384493623,2,3.17509275484803,0,-1.99259,2554,0.8,0,12,"both",0.316024327818377,-0.2124384493623
"60","session1",6.56444616645811,11.5270796712673,2.10670911094334,0.00584720950692225,0.129401437722343,0.584601141267937,0.656816112398521,2,1,50,0.316024327818377,-0.2124384493623,2,2.31132429203802,0,0.26668188974,2554,0.8,0,12,"both",0.316024327818377,-0.2124384493623
"61","session1",6.56444616645811,11.5270796712673,2.10670911094334,0.00584720950692225,0.129401437722343,0.584601141267937,0.656816112398521,2,1,50,0.316024327818377,-0.2124384493623,2,2.72886637881405,0,-30.616,2554,0.8,0,12,"both",0.316024327818377,-0.2124384493623
"62","session1",6.56444616645811,11.5270796712673,2.10670911094334,0.00584720950692225,0.129401437722343,0.584601141267937,0.656816112398521,2,1,50,0.316024327818377,-0.2124384493623,2,1.6699197514049,1,17.65092,2554,0.8,0,12,"both",0.316024327818377,-0.2124384493623
"63","session1",6.56444616645811,11.5270796712673,2.10670911094334,0.00584720950692225,0.129401437722343,0.584601141267937,0.656816112398521,2,1,50,0.316024327818377,-0.2124384493623,2,2.10309014392198,0,-3.6390196,2554,0.8,0,12,"both",0.316024327818377,-0.2124384493623
"64","session1",6.56444616645811,11.5270796712673,2.10670911094334,0.00584720950692225,0.129401437722343,0.584601141267937,0.656816112398521,2,1,50,0.316024327818377,-0.2124384493623,2,4.04325825137752,0,1.71199489858,2554,0.8,0,12,"both",0.316024327818377,-0.2124384493623
"65","session1",6.56444616645811,11.5270796712673,2.10670911094334,0.00584720950692225,0.129401437722343,0.584601141267937,0.656816112398521,2,1,50,0.316024327818377,-0.2124384493623,2,1.08128500464712,0,-10.57577,2554,0.8,0,12,"both",0.316024327818377,-0.2124384493623
"66","session1",6.56444616645811,11.5270796712673,2.10670911094334,0.00584720950692225,0.129401437722343,0.584601141267937,0.656816112398521,2,1,50,0.316024327818377,-0.2124384493623,2,6.40841613528881,0,6.11013,2554,0.8,0,12,"both",0.316024327818377,-0.2124384493623
"67","session1",6.56444616645811,11.5270796712673,2.10670911094334,0.00584720950692225,0.129401437722343,0.584601141267937,0.656816112398521,2,1,50,0.316024327818377,-0.2124384493623,2,1.97926414825911,0,-1.12094,2554,0.8,0,12,"both",0.316024327818377,-0.2124384493623
"68","session1",6.56444616645811,11.5270796712673,2.10670911094334,0.00584720950692225,0.129401437722343,0.584601141267937,0.656816112398521,2,1,50,0.316024327818377,-0.2124384493623,2,1.97439429381582,1,10.37369,2554,0.8,0,12,"both",0.316024327818377,-0.2124384493623
"69","session1",6.56444616645811,11.5270796712673,2.10670911094334,0.00584720950692225,0.129401437722343,0.584601141267937,0.656816112398521,2,1,50,0.316024327818377,-0.2124384493623,2,5.01170112996153,0,-14.01315,2554,0.8,0,12,"both",0.316024327818377,-0.2124384493623
"70","session1",6.56444616645811,11.5270796712673,2.10670911094334,0.00584720950692225,0.129401437722343,0.584601141267937,0.656816112398521,2,1,50,0.316024327818377,-0.2124384493623,2,2.15953906589849,0,-0.12441,2554,0.8,0,12,"both",0.316024327818377,-0.2124384493623
"71","session1",6.56444616645811,11.5270796712673,2.10670911094334,0.00584720950692225,0.129401437722343,0.584601141267937,0.656816112398521,2,1,50,0.316024327818377,-0.2124384493623,2,2.30345457576013,0,-7.70441,2554,0.8,0,12,"both",0.316024327818377,-0.2124384493623
"72","session1",6.56444616645811,11.5270796712673,2.10670911094334,0.00584720950692225,0.129401437722343,0.584601141267937,0.656816112398521,2,1,50,0.316024327818377,-0.2124384493623,2,2.38172520908745,1,2.55988,2554,0.8,0,12,"both",0.316024327818377,-0.2124384493623
"73","session1",6.56444616645811,11.5270796712673,2.10670911094334,0.00584720950692225,0.129401437722343,0.584601141267937,0.656816112398521,2,1,50,0.316024327818377,-0.2124384493623,2,1.35649880290377,0,-4.816286,2554,0.8,0,12,"both",0.316024327818377,-0.2124384493623
"74","session1",6.56444616645811,11.5270796712673,2.10670911094334,0.00584720950692225,0.129401437722343,0.584601141267937,0.656816112398521,2,1,50,0.316024327818377,-0.2124384493623,2,2.81258030671369,1,5.32302,2554,0.8,0,12,"both",0.316024327818377,-0.2124384493623
"75","session1",6.56444616645811,11.5270796712673,2.10670911094334,0.00584720950692225,0.129401437722343,0.584601141267937,0.656816112398521,2,1,50,0.316024327818377,-0.2124384493623,2,1.39943333231325,0,-1.44522,2554,0.8,0,12,"both",0.316024327818377,-0.2124384493623
"76","session1",6.56444616645811,11.5270796712673,2.10670911094334,0.00584720950692225,0.129401437722343,0.584601141267937,0.656816112398521,2,1,50,0.316024327818377,-0.2124384493623,2,2.64766309423302,0,-4.72658,2554,0.8,0,12,"both",0.316024327818377,-0.2124384493623
"77","session1",6.56444616645811,11.5270796712673,2.10670911094334,0.00584720950692225,0.129401437722343,0.584601141267937,0.656816112398521,2,1,50,0.316024327818377,-0.2124384493623,2,5.71818332088027,0,4.56451,2554,0.8,0,12,"both",0.316024327818377,-0.2124384493623
"78","session1",6.56444616645811,11.5270796712673,2.10670911094334,0.00584720950692225,0.129401437722343,0.584601141267937,0.656816112398521,2,1,50,0.316024327818377,-0.2124384493623,2,2.49622158344611,0,3.50498,2554,0.8,0,12,"both",0.316024327818377,-0.2124384493623
"79","session1",6.56444616645811,11.5270796712673,2.10670911094334,0.00584720950692225,0.129401437722343,0.584601141267937,0.656816112398521,2,1,50,0.316024327818377,-0.2124384493623,2,2.02439891240293,1,9.22125,2554,0.8,0,12,"both",0.316024327818377,-0.2124384493623
"80","session1",6.56444616645811,11.5270796712673,2.10670911094334,0.00584720950692225,0.129401437722343,0.584601141267937,0.656816112398521,2,1,50,0.316024327818377,-0.2124384493623,2,1.71922029689168,0,10.44908,2554,0.8,0,12,"both",0.316024327818377,-0.2124384493623
"81","session1",6.56444616645811,11.5270796712673,2.10670911094334,0.00584720950692225,0.129401437722343,0.584601141267937,0.656816112398521,2,1,50,0.316024327818377,-0.2124384493623,2,1.59069130738281,0,7.12771,2554,0.8,0,12,"both",0.316024327818377,-0.2124384493623
"82","session1",6.56444616645811,11.5270796712673,2.10670911094334,0.00584720950692225,0.129401437722343,0.584601141267937,0.656816112398521,2,1,50,0.316024327818377,-0.2124384493623,2,3.38018321892113,0,-14.02135,2554,0.8,0,12,"both",0.316024327818377,-0.2124384493623
"83","session1",6.56444616645811,11.5270796712673,2.10670911094334,0.00584720950692225,0.129401437722343,0.584601141267937,0.656816112398521,2,1,50,0.316024327818377,-0.2124384493623,2,2.01751093871213,1,7.1841,2554,0.8,0,12,"both",0.316024327818377,-0.2124384493623
"84","session1",6.56444616645811,11.5270796712673,2.10670911094334,0.00584720950692225,0.129401437722343,0.584601141267937,0.656816112398521,2,1,50,0.316024327818377,-0.2124384493623,2,2.77381752611512,0,-2.08756,2554,0.8,0,12,"both",0.316024327818377,-0.2124384493623
"85","session1",6.56444616645811,11.5270796712673,2.10670911094334,0.00584720950692225,0.129401437722343,0.584601141267937,0.656816112398521,2,1,50,0.316024327818377,-0.2124384493623,2,3.68316062758969,0,-4.42565,2554,0.8,0,12,"both",0.316024327818377,-0.2124384493623
"86","session1",6.56444616645811,11.5270796712673,2.10670911094334,0.00584720950692225,0.129401437722343,0.584601141267937,0.656816112398521,2,1,50,0.316024327818377,-0.2124384493623,2,6.63209805621024,1,17.67929,2554,0.8,0,12,"both",0.316024327818377,-0.2124384493623
"87","session1",6.56444616645811,11.5270796712673,2.10670911094334,0.00584720950692225,0.129401437722343,0.584601141267937,0.656816112398521,2,1,50,0.316024327818377,-0.2124384493623,2,2.5040933555057,0,-1.42281,2554,0.8,0,12,"both",0.316024327818377,-0.2124384493623
"88","session1",6.56444616645811,11.5270796712673,2.10670911094334,0.00584720950692225,0.129401437722343,0.584601141267937,0.656816112398521,2,1,50,0.316024327818377,-0.2124384493623,2,1.89885858304108,1,16.07222,2554,0.8,0,12,"both",0.316024327818377,-0.2124384493623
"89","session1",6.56444616645811,11.5270796712673,2.10670911094334,0.00584720950692225,0.129401437722343,0.584601141267937,0.656816112398521,2,1,50,0.316024327818377,-0.2124384493623,2,1.51527425722956,1,19.95092,2554,0.8,0,12,"both",0.316024327818377,-0.2124384493623
"90","session1",6.56444616645811,11.5270796712673,2.10670911094334,0.00584720950692225,0.129401437722343,0.584601141267937,0.656816112398521,2,1,50,0.316024327818377,-0.2124384493623,2,2.78124350224395,0,-1.08035,2554,0.8,0,12,"both",0.316024327818377,-0.2124384493623
"91","session1",6.56444616645811,11.5270796712673,2.10670911094334,0.00584720950692225,0.129401437722343,0.584601141267937,0.656816112398521,2,1,50,0.316024327818377,-0.2124384493623,2,1.83611342545215,1,4.74101,2554,0.8,0,12,"both",0.316024327818377,-0.2124384493623
"92","session1",6.56444616645811,11.5270796712673,2.10670911094334,0.00584720950692225,0.129401437722343,0.584601141267937,0.656816112398521,2,1,50,0.316024327818377,-0.2124384493623,2,2.25597764036295,1,7.53889,2554,0.8,0,12,"both",0.316024327818377,-0.2124384493623
"93","session1",6.56444616645811,11.5270796712673,2.10670911094334,0.00584720950692225,0.129401437722343,0.584601141267937,0.656816112398521,2,1,50,0.316024327818377,-0.2124384493623,2,3.38324380909826,0,-1.38637,2554,0.8,0,12,"both",0.316024327818377,-0.2124384493623
"94","session1",6.56444616645811,11.5270796712673,2.10670911094334,0.00584720950692225,0.129401437722343,0.584601141267937,0.656816112398521,2,1,50,0.316024327818377,-0.2124384493623,2,2.29584348442876,0,2.16927,2554,0.8,0,12,"both",0.316024327818377,-0.2124384493623
"95","session1",6.56444616645811,11.5270796712673,2.10670911094334,0.00584720950692225,0.129401437722343,0.584601141267937,0.656816112398521,2,1,50,0.316024327818377,-0.2124384493623,2,2.45085442932804,0,9.47025,2554,0.8,0,12,"both",0.316024327818377,-0.2124384493623
"96","session1",6.56444616645811,11.5270796712673,2.10670911094334,0.00584720950692225,0.129401437722343,0.584601141267937,0.656816112398521,2,1,50,0.316024327818377,-0.2124384493623,2,3.47672156857832,1,18.28546,2554,0.8,0,12,"both",0.316024327818377,-0.2124384493623
"97","session1",6.56444616645811,11.5270796712673,2.10670911094334,0.00584720950692225,0.129401437722343,0.584601141267937,0.656816112398521,2,1,50,0.316024327818377,-0.2124384493623,2,4.23643563088072,1,2.56207,2554,0.8,0,12,"both",0.316024327818377,-0.2124384493623
"98","session1",6.56444616645811,11.5270796712673,2.10670911094334,0.00584720950692225,0.129401437722343,0.584601141267937,0.656816112398521,2,1,50,0.316024327818377,-0.2124384493623,2,2.60267724653845,0,1.31127,2554,0.8,0,12,"both",0.316024327818377,-0.2124384493623
"99","session1",6.56444616645811,11.5270796712673,2.10670911094334,0.00584720950692225,0.129401437722343,0.584601141267937,0.656816112398521,2,1,50,0.316024327818377,-0.2124384493623,2,1.84159951100577,1,-1.0405,2554,0.8,0,12,"both",0.316024327818377,-0.2124384493623
"100","session1",6.56444616645811,11.5270796712673,2.10670911094334,0.00584720950692225,0.129401437722343,0.584601141267937,0.656816112398521,2,1,50,0.316024327818377,-0.2124384493623,2,2.34333186075413,1,17.31069,2554,0.8,0,12,"both",0.316024327818377,-0.2124384493623
"101","session1",-13.7400984266175,10.7542388962405,1.32218338824968,2.30262879667927e-06,0.103703464024404,0.459747826915607,0.744041864227245,3,1,50,0.316024327818377,-0.2124384493623,3,2.92852882109637,1,-8.6372347984,2554,0.8,0,12,"both",0.316024327818377,-0.2124384493623
"102","session1",-13.7400984266175,10.7542388962405,1.32218338824968,2.30262879667927e-06,0.103703464024404,0.459747826915607,0.744041864227245,3,1,50,0.316024327818377,-0.2124384493623,3,2.7765520596684,1,-10.3890980624,2554,0.8,0,12,"both",0.316024327818377,-0.2124384493623
"103","session1",-13.7400984266175,10.7542388962405,1.32218338824968,2.30262879667927e-06,0.103703464024404,0.459747826915607,0.744041864227245,3,1,50,0.316024327818377,-0.2124384493623,3,1.929339614839,0,-15.7173732095,2554,0.8,0,12,"both",0.316024327818377,-0.2124384493623
"104","session1",-13.7400984266175,10.7542388962405,1.32218338824968,2.30262879667927e-06,0.103703464024404,0.459747826915607,0.744041864227245,3,1,50,0.316024327818377,-0.2124384493623,3,2.85753947255277,1,-10.7495807445,2554,0.8,0,12,"both",0.316024327818377,-0.2124384493623
"105","session1",-13.7400984266175,10.7542388962405,1.32218338824968,2.30262879667927e-06,0.103703464024404,0.459747826915607,0.744041864227245,3,1,50,0.316024327818377,-0.2124384493623,3,1.57956043860441,1,-12.7186949733,2554,0.8,0,12,"both",0.316024327818377,-0.2124384493623
"106","session1",-13.7400984266175,10.7542388962405,1.32218338824968,2.30262879667927e-06,0.103703464024404,0.459747826915607,0.744041864227245,3,1,50,0.316024327818377,-0.2124384493623,3,1.43983545967243,1,-23.97534,2554,0.8,0,12,"both",0.316024327818377,-0.2124384493623
"107","session1",-13.7400984266175,10.7542388962405,1.32218338824968,2.30262879667927e-06,0.103703464024404,0.459747826915607,0.744041864227245,3,1,50,0.316024327818377,-0.2124384493623,3,2.10366751854023,0,-28.7055,2554,0.8,0,12,"both",0.316024327818377,-0.2124384493623
"108","session1",-13.7400984266175,10.7542388962405,1.32218338824968,2.30262879667927e-06,0.103703464024404,0.459747826915607,0.744041864227245,3,1,50,0.316024327818377,-0.2124384493623,3,1.91767440636593,0,-30.01537,2554,0.8,0,12,"both",0.316024327818377,-0.2124384493623
"109","session1",-13.7400984266175,10.7542388962405,1.32218338824968,2.30262879667927e-06,0.103703464024404,0.459747826915607,0.744041864227245,3,1,50,0.316024327818377,-0.2124384493623,3,3.12943871434853,0,-18.79486,2554,0.8,0,12,"both",0.316024327818377,-0.2124384493623
"110","session1",-13.7400984266175,10.7542388962405,1.32218338824968,2.30262879667927e-06,0.103703464024404,0.459747826915607,0.744041864227245,3,1,50,0.316024327818377,-0.2124384493623,3,2.31758219308833,0,-22.67553,2554,0.8,0,12,"both",0.316024327818377,-0.2124384493623
"111","session1",-13.7400984266175,10.7542388962405,1.32218338824968,2.30262879667927e-06,0.103703464024404,0.459747826915607,0.744041864227245,3,1,50,0.316024327818377,-0.2124384493623,3,2.6866827946631,1,-4.13021,2554,0.8,0,12,"both",0.316024327818377,-0.2124384493623
"112","session1",-13.7400984266175,10.7542388962405,1.32218338824968,2.30262879667927e-06,0.103703464024404,0.459747826915607,0.744041864227245,3,1,50,0.316024327818377,-0.2124384493623,3,3.20753720873497,1,-15.28912,2554,0.8,0,12,"both",0.316024327818377,-0.2124384493623
"113","session1",-13.7400984266175,10.7542388962405,1.32218338824968,2.30262879667927e-06,0.103703464024404,0.459747826915607,0.744041864227245,3,1,50,0.316024327818377,-0.2124384493623,3,1.32814044836435,0,-29.86832,2554,0.8,0,12,"both",0.316024327818377,-0.2124384493623
"114","session1",-13.7400984266175,10.7542388962405,1.32218338824968,2.30262879667927e-06,0.103703464024404,0.459747826915607,0.744041864227245,3,1,50,0.316024327818377,-0.2124384493623,3,1.70479677894089,0,-27.83927,2554,0.8,0,12,"both",0.316024327818377,-0.2124384493623
"115","session1",-13.7400984266175,10.7542388962405,1.32218338824968,2.30262879667927e-06,0.103703464024404,0.459747826915607,0.744041864227245,3,1,50,0.316024327818377,-0.2124384493623,3,2.08193512516191,0,-18.75811,2554,0.8,0,12,"both",0.316024327818377,-0.2124384493623
"116","session1",-13.7400984266175,10.7542388962405,1.32218338824968,2.30262879667927e-06,0.103703464024404,0.459747826915607,0.744041864227245,3,1,50,0.316024327818377,-0.2124384493623,3,3.08032018209855,1,-5.75357,2554,0.8,0,12,"both",0.316024327818377,-0.2124384493623
"117","session1",-13.7400984266175,10.7542388962405,1.32218338824968,2.30262879667927e-06,0.103703464024404,0.459747826915607,0.744041864227245,3,1,50,0.316024327818377,-0.2124384493623,3,1.66981665035496,1,-12.43232,2554,0.8,0,12,"both",0.316024327818377,-0.2124384493623
"118","session1",-13.7400984266175,10.7542388962405,1.32218338824968,2.30262879667927e-06,0.103703464024404,0.459747826915607,0.744041864227245,3,1,50,0.316024327818377,-0.2124384493623,3,2.36260275986706,0,-17.80348,2554,0.8,0,12,"both",0.316024327818377,-0.2124384493623
"119","session1",-13.7400984266175,10.7542388962405,1.32218338824968,2.30262879667927e-06,0.103703464024404,0.459747826915607,0.744041864227245,3,1,50,0.316024327818377,-0.2124384493623,3,3.08241682919941,0,-19.13056,2554,0.8,0,12,"both",0.316024327818377,-0.2124384493623
"120","session1",-13.7400984266175,10.7542388962405,1.32218338824968,2.30262879667927e-06,0.103703464024404,0.459747826915607,0.744041864227245,3,1,50,0.316024327818377,-0.2124384493623,3,3.03677170503145,0,-17.82745,2554,0.8,0,12,"both",0.316024327818377,-0.2124384493623
"121","session1",-13.7400984266175,10.7542388962405,1.32218338824968,2.30262879667927e-06,0.103703464024404,0.459747826915607,0.744041864227245,3,1,50,0.316024327818377,-0.2124384493623,3,2.10592401269338,0,-20.20534,2554,0.8,0,12,"both",0.316024327818377,-0.2124384493623
"122","session1",-13.7400984266175,10.7542388962405,1.32218338824968,2.30262879667927e-06,0.103703464024404,0.459747826915607,0.744041864227245,3,1,50,0.316024327818377,-0.2124384493623,3,3.14220820094612,0,-17.94345,2554,0.8,0,12,"both",0.316024327818377,-0.2124384493623
"123","session1",-13.7400984266175,10.7542388962405,1.32218338824968,2.30262879667927e-06,0.103703464024404,0.459747826915607,0.744041864227245,3,1,50,0.316024327818377,-0.2124384493623,3,1.83696143746664,0,-17.86713,2554,0.8,0,12,"both",0.316024327818377,-0.2124384493623
"124","session1",-13.7400984266175,10.7542388962405,1.32218338824968,2.30262879667927e-06,0.103703464024404,0.459747826915607,0.744041864227245,3,1,50,0.316024327818377,-0.2124384493623,3,4.23841917661361,0,-14.00328,2554,0.8,0,12,"both",0.316024327818377,-0.2124384493623
"125","session1",-13.7400984266175,10.7542388962405,1.32218338824968,2.30262879667927e-06,0.103703464024404,0.459747826915607,0.744041864227245,3,1,50,0.316024327818377,-0.2124384493623,3,2.57589250452514,0,-13.28698,2554,0.8,0,12,"both",0.316024327818377,-0.2124384493623
"126","session1",-13.7400984266175,10.7542388962405,1.32218338824968,2.30262879667927e-06,0.103703464024404,0.459747826915607,0.744041864227245,3,1,50,0.316024327818377,-0.2124384493623,3,1.93124945718844,0,-17.04925,2554,0.8,0,12,"both",0.316024327818377,-0.2124384493623
"127","session1",-13.7400984266175,10.7542388962405,1.32218338824968,2.30262879667927e-06,0.103703464024404,0.459747826915607,0.744041864227245,3,1,50,0.316024327818377,-0.2124384493623,3,1.26366400516669,0,-12.93996,2554,0.8,0,12,"both",0.316024327818377,-0.2124384493623
"128","session1",-13.7400984266175,10.7542388962405,1.32218338824968,2.30262879667927e-06,0.103703464024404,0.459747826915607,0.744041864227245,3,1,50,0.316024327818377,-0.2124384493623,3,1.95373402817644,1,-13.85652,2554,0.8,0,12,"both",0.316024327818377,-0.2124384493623
"129","session1",-13.7400984266175,10.7542388962405,1.32218338824968,2.30262879667927e-06,0.103703464024404,0.459747826915607,0.744041864227245,3,1,50,0.316024327818377,-0.2124384493623,3,3.22723240156287,1,-12.78907,2554,0.8,0,12,"both",0.316024327818377,-0.2124384493623
"130","session1",-13.7400984266175,10.7542388962405,1.32218338824968,2.30262879667927e-06,0.103703464024404,0.459747826915607,0.744041864227245,3,1,50,0.316024327818377,-0.2124384493623,3,2.33724879425571,0,-15.39829,2554,0.8,0,12,"both",0.316024327818377,-0.2124384493623
"131","session1",-13.7400984266175,10.7542388962405,1.32218338824968,2.30262879667927e-06,0.103703464024404,0.459747826915607,0.744041864227245,3,1,50,0.316024327818377,-0.2124384493623,3,2.48935726493518,0,-16.41618,2554,0.8,0,12,"both",0.316024327818377,-0.2124384493623
"132","session1",-13.7400984266175,10.7542388962405,1.32218338824968,2.30262879667927e-06,0.103703464024404,0.459747826915607,0.744041864227245,3,1,50,0.316024327818377,-0.2124384493623,3,3.37284092853832,1,-9.31494,2554,0.8,0,12,"both",0.316024327818377,-0.2124384493623
"133","session1",-13.7400984266175,10.7542388962405,1.32218338824968,2.30262879667927e-06,0.103703464024404,0.459747826915607,0.744041864227245,3,1,50,0.316024327818377,-0.2124384493623,3,2.33978932208127,1,-16.04277,2554,0.8,0,12,"both",0.316024327818377,-0.2124384493623
"134","session1",-13.7400984266175,10.7542388962405,1.32218338824968,2.30262879667927e-06,0.103703464024404,0.459747826915607,0.744041864227245,3,1,50,0.316024327818377,-0.2124384493623,3,2.49050778321184,0,-11.96453,2554,0.8,0,12,"both",0.316024327818377,-0.2124384493623
"135","session1",-13.7400984266175,10.7542388962405,1.32218338824968,2.30262879667927e-06,0.103703464024404,0.459747826915607,0.744041864227245,3,1,50,0.316024327818377,-0.2124384493623,3,2.78557573970017,0,-25.9651,2554,0.8,0,12,"both",0.316024327818377,-0.2124384493623
"136","session1",-13.7400984266175,10.7542388962405,1.32218338824968,2.30262879667927e-06,0.103703464024404,0.459747826915607,0.744041864227245,3,1,50,0.316024327818377,-0.2124384493623,3,1.52039336427599,1,-15.18092,2554,0.8,0,12,"both",0.316024327818377,-0.2124384493623
"137","session1",-13.7400984266175,10.7542388962405,1.32218338824968,2.30262879667927e-06,0.103703464024404,0.459747826915607,0.744041864227245,3,1,50,0.316024327818377,-0.2124384493623,3,3.02725273231905,1,-11.47856,2554,0.8,0,12,"both",0.316024327818377,-0.2124384493623
"138","session1",-13.7400984266175,10.7542388962405,1.32218338824968,2.30262879667927e-06,0.103703464024404,0.459747826915607,0.744041864227245,3,1,50,0.316024327818377,-0.2124384493623,3,2.63627367838832,0,-18.71743,2554,0.8,0,12,"both",0.316024327818377,-0.2124384493623
"139","session1",-13.7400984266175,10.7542388962405,1.32218338824968,2.30262879667927e-06,0.103703464024404,0.459747826915607,0.744041864227245,3,1,50,0.316024327818377,-0.2124384493623,3,1.85748618875274,0,-16.85306,2554,0.8,0,12,"both",0.316024327818377,-0.2124384493623
"140","session1",-13.7400984266175,10.7542388962405,1.32218338824968,2.30262879667927e-06,0.103703464024404,0.459747826915607,0.744041864227245,3,1,50,0.316024327818377,-0.2124384493623,3,1.92418766976222,0,-9.89999,2554,0.8,0,12,"both",0.316024327818377,-0.2124384493623
"141","session1",-13.7400984266175,10.7542388962405,1.32218338824968,2.30262879667927e-06,0.103703464024404,0.459747826915607,0.744041864227245,3,1,50,0.316024327818377,-0.2124384493623,3,2.19035280719134,0,-19.74355,2554,0.8,0,12,"both",0.316024327818377,-0.2124384493623
"142","session1",-13.7400984266175,10.7542388962405,1.32218338824968,2.30262879667927e-06,0.103703464024404,0.459747826915607,0.744041864227245,3,1,50,0.316024327818377,-0.2124384493623,3,2.55502953852746,0,-9.87111,2554,0.8,0,12,"both",0.316024327818377,-0.2124384493623
"143","session1",-13.7400984266175,10.7542388962405,1.32218338824968,2.30262879667927e-06,0.103703464024404,0.459747826915607,0.744041864227245,3,1,50,0.316024327818377,-0.2124384493623,3,1.34605749222016,0,-10.6845,2554,0.8,0,12,"both",0.316024327818377,-0.2124384493623
"144","session1",-13.7400984266175,10.7542388962405,1.32218338824968,2.30262879667927e-06,0.103703464024404,0.459747826915607,0.744041864227245,3,1,50,0.316024327818377,-0.2124384493623,3,2.13591152938297,1,-7.72958,2554,0.8,0,12,"both",0.316024327818377,-0.2124384493623
"145","session1",-13.7400984266175,10.7542388962405,1.32218338824968,2.30262879667927e-06,0.103703464024404,0.459747826915607,0.744041864227245,3,1,50,0.316024327818377,-0.2124384493623,3,2.65837458048599,0,-15.63217,2554,0.8,0,12,"both",0.316024327818377,-0.2124384493623
"146","session1",-13.7400984266175,10.7542388962405,1.32218338824968,2.30262879667927e-06,0.103703464024404,0.459747826915607,0.744041864227245,3,1,50,0.316024327818377,-0.2124384493623,3,3.8881799386255,0,-19.22313,2554,0.8,0,12,"both",0.316024327818377,-0.2124384493623
"147","session1",-13.7400984266175,10.7542388962405,1.32218338824968,2.30262879667927e-06,0.103703464024404,0.459747826915607,0.744041864227245,3,1,50,0.316024327818377,-0.2124384493623,3,3.30013015575845,1,-10.28472,2554,0.8,0,12,"both",0.316024327818377,-0.2124384493623
"148","session1",-13.7400984266175,10.7542388962405,1.32218338824968,2.30262879667927e-06,0.103703464024404,0.459747826915607,0.744041864227245,3,1,50,0.316024327818377,-0.2124384493623,3,2.79963793633937,1,-7.70327,2554,0.8,0,12,"both",0.316024327818377,-0.2124384493623
"149","session1",-13.7400984266175,10.7542388962405,1.32218338824968,2.30262879667927e-06,0.103703464024404,0.459747826915607,0.744041864227245,3,1,50,0.316024327818377,-0.2124384493623,3,1.9254967272121,0,-5.25916,2554,0.8,0,12,"both",0.316024327818377,-0.2124384493623
"150","session1",-13.7400984266175,10.7542388962405,1.32218338824968,2.30262879667927e-06,0.103703464024404,0.459747826915607,0.744041864227245,3,1,50,0.316024327818377,-0.2124384493623,3,2.8046820614103,0,-18.35173,2554,0.8,0,12,"both",0.316024327818377,-0.2124384493623
"151","session1",-7.6226534583969,17.9513830521177,2.21962882969515,1.82499655595106e-05,0.970527382270801,0.344246218530051,0.113962948507972,4,1,50,0.316024327818377,-0.2124384493623,4,3.97567563322653,0,-7.35638596604,2554,0.8,0,12,"both",0.316024327818377,-0.2124384493623
"152","session1",-7.6226534583969,17.9513830521177,2.21962882969515,1.82499655595106e-05,0.970527382270801,0.344246218530051,0.113962948507972,4,1,50,0.316024327818377,-0.2124384493623,4,4.67381207510563,1,6.6298573757,2554,0.8,0,12,"both",0.316024327818377,-0.2124384493623
"153","session1",-7.6226534583969,17.9513830521177,2.21962882969515,1.82499655595106e-05,0.970527382270801,0.344246218530051,0.113962948507972,4,1,50,0.316024327818377,-0.2124384493623,4,3.6329645846825,0,0.98297485586,2554,0.8,0,12,"both",0.316024327818377,-0.2124384493623
"154","session1",-7.6226534583969,17.9513830521177,2.21962882969515,1.82499655595106e-05,0.970527382270801,0.344246218530051,0.113962948507972,4,1,50,0.316024327818377,-0.2124384493623,4,3.61101096135569,1,4.6677315035,2554,0.8,0,12,"both",0.316024327818377,-0.2124384493623
"155","session1",-7.6226534583969,17.9513830521177,2.21962882969515,1.82499655595106e-05,0.970527382270801,0.344246218530051,0.113962948507972,4,1,50,0.316024327818377,-0.2124384493623,4,3.88322929800222,1,11.49467,2554,0.8,0,12,"both",0.316024327818377,-0.2124384493623
"156","session1",-7.6226534583969,17.9513830521177,2.21962882969515,1.82499655595106e-05,0.970527382270801,0.344246218530051,0.113962948507972,4,1,50,0.316024327818377,-0.2124384493623,4,5.07059193607925,0,-16.06036,2554,0.8,0,12,"both",0.316024327818377,-0.2124384493623
"157","session1",-7.6226534583969,17.9513830521177,2.21962882969515,1.82499655595106e-05,0.970527382270801,0.344246218530051,0.113962948507972,4,1,50,0.316024327818377,-0.2124384493623,4,4.46587185761548,0,-0.655194,2554,0.8,0,12,"both",0.316024327818377,-0.2124384493623
"158","session1",-7.6226534583969,17.9513830521177,2.21962882969515,1.82499655595106e-05,0.970527382270801,0.344246218530051,0.113962948507972,4,1,50,0.316024327818377,-0.2124384493623,4,6.10560302721968,1,-3.038542,2554,0.8,0,12,"both",0.316024327818377,-0.2124384493623
"159","session1",-7.6226534583969,17.9513830521177,2.21962882969515,1.82499655595106e-05,0.970527382270801,0.344246218530051,0.113962948507972,4,1,50,0.316024327818377,-0.2124384493623,4,2.57248631876133,1,-6.5563,2554,0.8,0,12,"both",0.316024327818377,-0.2124384493623
"160","session1",-7.6226534583969,17.9513830521177,2.21962882969515,1.82499655595106e-05,0.970527382270801,0.344246218530051,0.113962948507972,4,1,50,0.316024327818377,-0.2124384493623,4,3.94383641926865,1,-2.49400648425,2554,0.8,0,12,"both",0.316024327818377,-0.2124384493623
"161","session1",-7.6226534583969,17.9513830521177,2.21962882969515,1.82499655595106e-05,0.970527382270801,0.344246218530051,0.113962948507972,4,1,50,0.316024327818377,-0.2124384493623,4,6.71609635635086,1,5.25489,2554,0.8,0,12,"both",0.316024327818377,-0.2124384493623
"162","session1",-7.6226534583969,17.9513830521177,2.21962882969515,1.82499655595106e-05,0.970527382270801,0.344246218530051,0.113962948507972,4,1,50,0.316024327818377,-0.2124384493623,4,2.44236392863259,0,13.08623,2554,0.8,0,12,"both",0.316024327818377,-0.2124384493623
"163","session1",-7.6226534583969,17.9513830521177,2.21962882969515,1.82499655595106e-05,0.970527382270801,0.344246218530051,0.113962948507972,4,1,50,0.316024327818377,-0.2124384493623,4,6.99393473063823,1,-12.48649,2554,0.8,0,12,"both",0.316024327818377,-0.2124384493623
"164","session1",-7.6226534583969,17.9513830521177,2.21962882969515,1.82499655595106e-05,0.970527382270801,0.344246218530051,0.113962948507972,4,1,50,0.316024327818377,-0.2124384493623,4,4.48357312890748,0,-11.8175,2554,0.8,0,12,"both",0.316024327818377,-0.2124384493623
"165","session1",-7.6226534583969,17.9513830521177,2.21962882969515,1.82499655595106e-05,0.970527382270801,0.344246218530051,0.113962948507972,4,1,50,0.316024327818377,-0.2124384493623,4,5.02556179882671,1,-4.7298906838,2554,0.8,0,12,"both",0.316024327818377,-0.2124384493623
"166","session1",-7.6226534583969,17.9513830521177,2.21962882969515,1.82499655595106e-05,0.970527382270801,0.344246218530051,0.113962948507972,4,1,50,0.316024327818377,-0.2124384493623,4,4.70555829634878,0,-20.28269,2554,0.8,0,12,"both",0.316024327818377,-0.2124384493623
"167","session1",-7.6226534583969,17.9513830521177,2.21962882969515,1.82499655595106e-05,0.970527382270801,0.344246218530051,0.113962948507972,4,1,50,0.316024327818377,-0.2124384493623,4,3.63373446730861,1,-6.9551982645,2554,0.8,0,12,"both",0.316024327818377,-0.2124384493623
"168","session1",-7.6226534583969,17.9513830521177,2.21962882969515,1.82499655595106e-05,0.970527382270801,0.344246218530051,0.113962948507972,4,1,50,0.316024327818377,-0.2124384493623,4,1.89114682005365,0,-39.0573,2554,0.8,0,12,"both",0.316024327818377,-0.2124384493623
"169","session1",-7.6226534583969,17.9513830521177,2.21962882969515,1.82499655595106e-05,0.970527382270801,0.344246218530051,0.113962948507972,4,1,50,0.316024327818377,-0.2124384493623,4,2.38775047994611,1,13.32678,2554,0.8,0,12,"both",0.316024327818377,-0.2124384493623
"170","session1",-7.6226534583969,17.9513830521177,2.21962882969515,1.82499655595106e-05,0.970527382270801,0.344246218530051,0.113962948507972,4,1,50,0.316024327818377,-0.2124384493623,4,2.9574654548317,0,-47.4628,2554,0.8,0,12,"both",0.316024327818377,-0.2124384493623
"171","session1",-7.6226534583969,17.9513830521177,2.21962882969515,1.82499655595106e-05,0.970527382270801,0.344246218530051,0.113962948507972,4,1,50,0.316024327818377,-0.2124384493623,4,3.59271725355583,1,-5.01256,2554,0.8,0,12,"both",0.316024327818377,-0.2124384493623
"172","session1",-7.6226534583969,17.9513830521177,2.21962882969515,1.82499655595106e-05,0.970527382270801,0.344246218530051,0.113962948507972,4,1,50,0.316024327818377,-0.2124384493623,4,4.07045977634388,0,9.40838,2554,0.8,0,12,"both",0.316024327818377,-0.2124384493623
"173","session1",-7.6226534583969,17.9513830521177,2.21962882969515,1.82499655595106e-05,0.970527382270801,0.344246218530051,0.113962948507972,4,1,50,0.316024327818377,-0.2124384493623,4,5.48315080401871,1,-7.48904,2554,0.8,0,12,"both",0.316024327818377,-0.2124384493623
"174","session1",-7.6226534583969,17.9513830521177,2.21962882969515,1.82499655595106e-05,0.970527382270801,0.344246218530051,0.113962948507972,4,1,50,0.316024327818377,-0.2124384493623,4,4.34484324863048,1,5.58049,2554,0.8,0,12,"both",0.316024327818377,-0.2124384493623
"175","session1",-7.6226534583969,17.9513830521177,2.21962882969515,1.82499655595106e-05,0.970527382270801,0.344246218530051,0.113962948507972,4,1,50,0.316024327818377,-0.2124384493623,4,4.98912732837552,1,-15.12169,2554,0.8,0,12,"both",0.316024327818377,-0.2124384493623
"176","session1",-7.6226534583969,17.9513830521177,2.21962882969515,1.82499655595106e-05,0.970527382270801,0.344246218530051,0.113962948507972,4,1,50,0.316024327818377,-0.2124384493623,4,7.36748773335768,1,-11.3628400522,2554,0.8,0,12,"both",0.316024327818377,-0.2124384493623
"177","session1",-7.6226534583969,17.9513830521177,2.21962882969515,1.82499655595106e-05,0.970527382270801,0.344246218530051,0.113962948507972,4,1,50,0.316024327818377,-0.2124384493623,4,4.40861738810402,0,-12.81285,2554,0.8,0,12,"both",0.316024327818377,-0.2124384493623
"178","session1",-7.6226534583969,17.9513830521177,2.21962882969515,1.82499655595106e-05,0.970527382270801,0.344246218530051,0.113962948507972,4,1,50,0.316024327818377,-0.2124384493623,4,4.11414785183037,0,-22.24215,2554,0.8,0,12,"both",0.316024327818377,-0.2124384493623
"179","session1",-7.6226534583969,17.9513830521177,2.21962882969515,1.82499655595106e-05,0.970527382270801,0.344246218530051,0.113962948507972,4,1,50,0.316024327818377,-0.2124384493623,4,5.39486524745702,1,-7.27083,2554,0.8,0,12,"both",0.316024327818377,-0.2124384493623
"180","session1",-7.6226534583969,17.9513830521177,2.21962882969515,1.82499655595106e-05,0.970527382270801,0.344246218530051,0.113962948507972,4,1,50,0.316024327818377,-0.2124384493623,4,5.76154618277819,0,-10.79886,2554,0.8,0,12,"both",0.316024327818377,-0.2124384493623
"181","session1",-7.6226534583969,17.9513830521177,2.21962882969515,1.82499655595106e-05,0.970527382270801,0.344246218530051,0.113962948507972,4,1,50,0.316024327818377,-0.2124384493623,4,4.84757799471328,0,-2.5565,2554,0.8,0,12,"both",0.316024327818377,-0.2124384493623
"182","session1",-7.6226534583969,17.9513830521177,2.21962882969515,1.82499655595106e-05,0.970527382270801,0.344246218530051,0.113962948507972,4,1,50,0.316024327818377,-0.2124384493623,4,5.38272206753287,0,-9.846702726701,2554,0.8,0,12,"both",0.316024327818377,-0.2124384493623
"183","session1",-7.6226534583969,17.9513830521177,2.21962882969515,1.82499655595106e-05,0.970527382270801,0.344246218530051,0.113962948507972,4,1,50,0.316024327818377,-0.2124384493623,4,3.36512394737527,0,4.5795,2554,0.8,0,12,"both",0.316024327818377,-0.2124384493623
"184","session1",-7.6226534583969,17.9513830521177,2.21962882969515,1.82499655595106e-05,0.970527382270801,0.344246218530051,0.113962948507972,4,1,50,0.316024327818377,-0.2124384493623,4,4.19639504591506,1,26.45343,2554,0.8,0,12,"both",0.316024327818377,-0.2124384493623
"185","session1",-7.6226534583969,17.9513830521177,2.21962882969515,1.82499655595106e-05,0.970527382270801,0.344246218530051,0.113962948507972,4,1,50,0.316024327818377,-0.2124384493623,4,3.42308596050009,1,-1.195,2554,0.8,0,12,"both",0.316024327818377,-0.2124384493623
"186","session1",-7.6226534583969,17.9513830521177,2.21962882969515,1.82499655595106e-05,0.970527382270801,0.344246218530051,0.113962948507972,4,1,50,0.316024327818377,-0.2124384493623,4,5.15937155030352,0,-29.37286,2554,0.8,0,12,"both",0.316024327818377,-0.2124384493623
"187","session1",-7.6226534583969,17.9513830521177,2.21962882969515,1.82499655595106e-05,0.970527382270801,0.344246218530051,0.113962948507972,4,1,50,0.316024327818377,-0.2124384493623,4,4.03475823502041,1,-20.24548,2554,0.8,0,12,"both",0.316024327818377,-0.2124384493623
"188","session1",-7.6226534583969,17.9513830521177,2.21962882969515,1.82499655595106e-05,0.970527382270801,0.344246218530051,0.113962948507972,4,1,50,0.316024327818377,-0.2124384493623,4,3.44129682322235,0,-13.5238,2554,0.8,0,12,"both",0.316024327818377,-0.2124384493623
"189","session1",-7.6226534583969,17.9513830521177,2.21962882969515,1.82499655595106e-05,0.970527382270801,0.344246218530051,0.113962948507972,4,1,50,0.316024327818377,-0.2124384493623,4,2.88034594922951,1,11.10985,2554,0.8,0,12,"both",0.316024327818377,-0.2124384493623
"190","session1",-7.6226534583969,17.9513830521177,2.21962882969515,1.82499655595106e-05,0.970527382270801,0.344246218530051,0.113962948507972,4,1,50,0.316024327818377,-0.2124384493623,4,3.93905186306145,0,-14.48068,2554,0.8,0,12,"both",0.316024327818377,-0.2124384493623
"191","session1",-7.6226534583969,17.9513830521177,2.21962882969515,1.82499655595106e-05,0.970527382270801,0.344246218530051,0.113962948507972,4,1,50,0.316024327818377,-0.2124384493623,4,2.35168101756582,1,30.77098,2554,0.8,0,12,"both",0.316024327818377,-0.2124384493623
"192","session1",-7.6226534583969,17.9513830521177,2.21962882969515,1.82499655595106e-05,0.970527382270801,0.344246218530051,0.113962948507972,4,1,50,0.316024327818377,-0.2124384493623,4,2.65999998117278,0,-28.07038,2554,0.8,0,12,"both",0.316024327818377,-0.2124384493623
"193","session1",-7.6226534583969,17.9513830521177,2.21962882969515,1.82499655595106e-05,0.970527382270801,0.344246218530051,0.113962948507972,4,1,50,0.316024327818377,-0.2124384493623,4,8,0,-17.85232,2554,0.8,0,12,"both",0.316024327818377,-0.2124384493623
"194","session1",-7.6226534583969,17.9513830521177,2.21962882969515,1.82499655595106e-05,0.970527382270801,0.344246218530051,0.113962948507972,4,1,50,0.316024327818377,-0.2124384493623,4,2.25782708744824,0,-20.49346,2554,0.8,0,12,"both",0.316024327818377,-0.2124384493623
"195","session1",-7.6226534583969,17.9513830521177,2.21962882969515,1.82499655595106e-05,0.970527382270801,0.344246218530051,0.113962948507972,4,1,50,0.316024327818377,-0.2124384493623,4,3.92031115729459,0,-22.74917,2554,0.8,0,12,"both",0.316024327818377,-0.2124384493623
"196","session1",-7.6226534583969,17.9513830521177,2.21962882969515,1.82499655595106e-05,0.970527382270801,0.344246218530051,0.113962948507972,4,1,50,0.316024327818377,-0.2124384493623,4,3.24595988147703,0,-31.65566,2554,0.8,0,12,"both",0.316024327818377,-0.2124384493623
"197","session1",-7.6226534583969,17.9513830521177,2.21962882969515,1.82499655595106e-05,0.970527382270801,0.344246218530051,0.113962948507972,4,1,50,0.316024327818377,-0.2124384493623,4,2.70822206510188,1,11.49596,2554,0.8,0,12,"both",0.316024327818377,-0.2124384493623
"198","session1",-7.6226534583969,17.9513830521177,2.21962882969515,1.82499655595106e-05,0.970527382270801,0.344246218530051,0.113962948507972,4,1,50,0.316024327818377,-0.2124384493623,4,3.46845290451759,1,8.1412,2554,0.8,0,12,"both",0.316024327818377,-0.2124384493623
"199","session1",-7.6226534583969,17.9513830521177,2.21962882969515,1.82499655595106e-05,0.970527382270801,0.344246218530051,0.113962948507972,4,1,50,0.316024327818377,-0.2124384493623,4,1.78076557606043,1,43.488,2554,0.8,0,12,"both",0.316024327818377,-0.2124384493623
"200","session1",-7.6226534583969,17.9513830521177,2.21962882969515,1.82499655595106e-05,0.970527382270801,0.344246218530051,0.113962948507972,4,1,50,0.316024327818377,-0.2124384493623,4,3.77158947193381,0,-16.31071,2554,0.8,0,12,"both",0.316024327818377,-0.2124384493623
"201","session1",-12.6716753047486,17.339950575066,3.60572258127422,0.000326761611152323,-0.177899359992996,0.490867254105478,0.639086104959771,5,1,50,0.316024327818377,-0.2124384493623,5,3.55070760545748,1,7.1138247448,2554,0.8,0,12,"both",0.316024327818377,-0.2124384493623
"202","session1",-12.6716753047486,17.339950575066,3.60572258127422,0.000326761611152323,-0.177899359992996,0.490867254105478,0.639086104959771,5,1,50,0.316024327818377,-0.2124384493623,5,3.85151127696847,0,-9.1229786682,2554,0.8,0,12,"both",0.316024327818377,-0.2124384493623
"203","session1",-12.6716753047486,17.339950575066,3.60572258127422,0.000326761611152323,-0.177899359992996,0.490867254105478,0.639086104959771,5,1,50,0.316024327818377,-0.2124384493623,5,2.32148752706148,1,0.9291364746,2554,0.8,0,12,"both",0.316024327818377,-0.2124384493623
"204","session1",-12.6716753047486,17.339950575066,3.60572258127422,0.000326761611152323,-0.177899359992996,0.490867254105478,0.639086104959771,5,1,50,0.316024327818377,-0.2124384493623,5,1.45481397449987,1,-3.5527735652,2554,0.8,0,12,"both",0.316024327818377,-0.2124384493623
"205","session1",-12.6716753047486,17.339950575066,3.60572258127422,0.000326761611152323,-0.177899359992996,0.490867254105478,0.639086104959771,5,1,50,0.316024327818377,-0.2124384493623,5,2.91487430932087,1,-3.1774,2554,0.8,0,12,"both",0.316024327818377,-0.2124384493623
"206","session1",-12.6716753047486,17.339950575066,3.60572258127422,0.000326761611152323,-0.177899359992996,0.490867254105478,0.639086104959771,5,1,50,0.316024327818377,-0.2124384493623,5,1.77532045781049,0,-37.11138,2554,0.8,0,12,"both",0.316024327818377,-0.2124384493623
"207","session1",-12.6716753047486,17.339950575066,3.60572258127422,0.000326761611152323,-0.177899359992996,0.490867254105478,0.639086104959771,5,1,50,0.316024327818377,-0.2124384493623,5,2.23604144850163,1,-7.25334,2554,0.8,0,12,"both",0.316024327818377,-0.2124384493623
"208","session1",-12.6716753047486,17.339950575066,3.60572258127422,0.000326761611152323,-0.177899359992996,0.490867254105478,0.639086104959771,5,1,50,0.316024327818377,-0.2124384493623,5,2.5301169711163,1,-6.93535,2554,0.8,0,12,"both",0.316024327818377,-0.2124384493623
"209","session1",-12.6716753047486,17.339950575066,3.60572258127422,0.000326761611152323,-0.177899359992996,0.490867254105478,0.639086104959771,5,1,50,0.316024327818377,-0.2124384493623,5,2.03297759899053,1,-13.67366,2554,0.8,0,12,"both",0.316024327818377,-0.2124384493623
"210","session1",-12.6716753047486,17.339950575066,3.60572258127422,0.000326761611152323,-0.177899359992996,0.490867254105478,0.639086104959771,5,1,50,0.316024327818377,-0.2124384493623,5,2.20982291894608,1,-6.80461,2554,0.8,0,12,"both",0.316024327818377,-0.2124384493623
"211","session1",-12.6716753047486,17.339950575066,3.60572258127422,0.000326761611152323,-0.177899359992996,0.490867254105478,0.639086104959771,5,1,50,0.316024327818377,-0.2124384493623,5,4.10535646780645,1,-3.6496,2554,0.8,0,12,"both",0.316024327818377,-0.2124384493623
"212","session1",-12.6716753047486,17.339950575066,3.60572258127422,0.000326761611152323,-0.177899359992996,0.490867254105478,0.639086104959771,5,1,50,0.316024327818377,-0.2124384493623,5,2.12040134177464,0,-49.4149,2554,0.8,0,12,"both",0.316024327818377,-0.2124384493623
"213","session1",-12.6716753047486,17.339950575066,3.60572258127422,0.000326761611152323,-0.177899359992996,0.490867254105478,0.639086104959771,5,1,50,0.316024327818377,-0.2124384493623,5,2.76619701647626,1,-3.7744,2554,0.8,0,12,"both",0.316024327818377,-0.2124384493623
"214","session1",-12.6716753047486,17.339950575066,3.60572258127422,0.000326761611152323,-0.177899359992996,0.490867254105478,0.639086104959771,5,1,50,0.316024327818377,-0.2124384493623,5,2.61766785815823,0,-7.44764,2554,0.8,0,12,"both",0.316024327818377,-0.2124384493623
"215","session1",-12.6716753047486,17.339950575066,3.60572258127422,0.000326761611152323,-0.177899359992996,0.490867254105478,0.639086104959771,5,1,50,0.316024327818377,-0.2124384493623,5,2.48667734825367,1,0.685700000000001,2554,0.8,0,12,"both",0.316024327818377,-0.2124384493623
"216","session1",-12.6716753047486,17.339950575066,3.60572258127422,0.000326761611152323,-0.177899359992996,0.490867254105478,0.639086104959771,5,1,50,0.316024327818377,-0.2124384493623,5,2.53831129963254,1,-3.72583,2554,0.8,0,12,"both",0.316024327818377,-0.2124384493623
"217","session1",-12.6716753047486,17.339950575066,3.60572258127422,0.000326761611152323,-0.177899359992996,0.490867254105478,0.639086104959771,5,1,50,0.316024327818377,-0.2124384493623,5,2.96059506663773,1,-18.01887,2554,0.8,0,12,"both",0.316024327818377,-0.2124384493623
"218","session1",-12.6716753047486,17.339950575066,3.60572258127422,0.000326761611152323,-0.177899359992996,0.490867254105478,0.639086104959771,5,1,50,0.316024327818377,-0.2124384493623,5,2.38457427613983,1,-21.03423,2554,0.8,0,12,"both",0.316024327818377,-0.2124384493623
"219","session1",-12.6716753047486,17.339950575066,3.60572258127422,0.000326761611152323,-0.177899359992996,0.490867254105478,0.639086104959771,5,1,50,0.316024327818377,-0.2124384493623,5,2.55890262939767,1,11.5645,2554,0.8,0,12,"both",0.316024327818377,-0.2124384493623
"220","session1",-12.6716753047486,17.339950575066,3.60572258127422,0.000326761611152323,-0.177899359992996,0.490867254105478,0.639086104959771,5,1,50,0.316024327818377,-0.2124384493623,5,2.14919101654842,0,-30.34575,2554,0.8,0,12,"both",0.316024327818377,-0.2124384493623
"221","session1",-12.6716753047486,17.339950575066,3.60572258127422,0.000326761611152323,-0.177899359992996,0.490867254105478,0.639086104959771,5,1,50,0.316024327818377,-0.2124384493623,5,1.93591336467018,0,-41.11495,2554,0.8,0,12,"both",0.316024327818377,-0.2124384493623
"222","session1",-12.6716753047486,17.339950575066,3.60572258127422,0.000326761611152323,-0.177899359992996,0.490867254105478,0.639086104959771,5,1,50,0.316024327818377,-0.2124384493623,5,3.92871653313906,0,-18.67179,2554,0.8,0,12,"both",0.316024327818377,-0.2124384493623
"223","session1",-12.6716753047486,17.339950575066,3.60572258127422,0.000326761611152323,-0.177899359992996,0.490867254105478,0.639086104959771,5,1,50,0.316024327818377,-0.2124384493623,5,2.55768615617505,1,-33.4165,2554,0.8,0,12,"both",0.316024327818377,-0.2124384493623
"224","session1",-12.6716753047486,17.339950575066,3.60572258127422,0.000326761611152323,-0.177899359992996,0.490867254105478,0.639086104959771,5,1,50,0.316024327818377,-0.2124384493623,5,1.27090858868236,0,-35.7248,2554,0.8,0,12,"both",0.316024327818377,-0.2124384493623
"225","session1",-12.6716753047486,17.339950575066,3.60572258127422,0.000326761611152323,-0.177899359992996,0.490867254105478,0.639086104959771,5,1,50,0.316024327818377,-0.2124384493623,5,3.1597485696808,1,-26.42421,2554,0.8,0,12,"both",0.316024327818377,-0.2124384493623
"226","session1",-12.6716753047486,17.339950575066,3.60572258127422,0.000326761611152323,-0.177899359992996,0.490867254105478,0.639086104959771,5,1,50,0.316024327818377,-0.2124384493623,5,1.84717197261506,0,-47.1054,2554,0.8,0,12,"both",0.316024327818377,-0.2124384493623
"227","session1",-12.6716753047486,17.339950575066,3.60572258127422,0.000326761611152323,-0.177899359992996,0.490867254105478,0.639086104959771,5,1,50,0.316024327818377,-0.2124384493623,5,1.8307487980243,0,-31.8533,2554,0.8,0,12,"both",0.316024327818377,-0.2124384493623
"228","session1",-12.6716753047486,17.339950575066,3.60572258127422,0.000326761611152323,-0.177899359992996,0.490867254105478,0.639086104959771,5,1,50,0.316024327818377,-0.2124384493623,5,2.50732218017801,0,-45.4891,2554,0.8,0,12,"both",0.316024327818377,-0.2124384493623
"229","session1",-12.6716753047486,17.339950575066,3.60572258127422,0.000326761611152323,-0.177899359992996,0.490867254105478,0.639086104959771,5,1,50,0.316024327818377,-0.2124384493623,5,2.99452549097491,0,-17.20183,2554,0.8,0,12,"both",0.316024327818377,-0.2124384493623
"230","session1",-12.6716753047486,17.339950575066,3.60572258127422,0.000326761611152323,-0.177899359992996,0.490867254105478,0.639086104959771,5,1,50,0.316024327818377,-0.2124384493623,5,1.52372594028475,0,-32.98495,2554,0.8,0,12,"both",0.316024327818377,-0.2124384493623
"231","session1",-12.6716753047486,17.339950575066,3.60572258127422,0.000326761611152323,-0.177899359992996,0.490867254105478,0.639086104959771,5,1,50,0.316024327818377,-0.2124384493623,5,1.96685469486648,0,-37.3731,2554,0.8,0,12,"both",0.316024327818377,-0.2124384493623
"232","session1",-12.6716753047486,17.339950575066,3.60572258127422,0.000326761611152323,-0.177899359992996,0.490867254105478,0.639086104959771,5,1,50,0.316024327818377,-0.2124384493623,5,1.87123167806786,0,-44.2279,2554,0.8,0,12,"both",0.316024327818377,-0.2124384493623
"233","session1",-12.6716753047486,17.339950575066,3.60572258127422,0.000326761611152323,-0.177899359992996,0.490867254105478,0.639086104959771,5,1,50,0.316024327818377,-0.2124384493623,5,2.90092317981827,1,-6.77248,2554,0.8,0,12,"both",0.316024327818377,-0.2124384493623
"234","session1",-12.6716753047486,17.339950575066,3.60572258127422,0.000326761611152323,-0.177899359992996,0.490867254105478,0.639086104959771,5,1,50,0.316024327818377,-0.2124384493623,5,2.78532948768772,1,-6.0424,2554,0.8,0,12,"both",0.316024327818377,-0.2124384493623
"235","session1",-12.6716753047486,17.339950575066,3.60572258127422,0.000326761611152323,-0.177899359992996,0.490867254105478,0.639086104959771,5,1,50,0.316024327818377,-0.2124384493623,5,1.60569547975763,0,-31.47,2554,0.8,0,12,"both",0.316024327818377,-0.2124384493623
"236","session1",-12.6716753047486,17.339950575066,3.60572258127422,0.000326761611152323,-0.177899359992996,0.490867254105478,0.639086104959771,5,1,50,0.316024327818377,-0.2124384493623,5,1.99650043224453,1,-4.8176,2554,0.8,0,12,"both",0.316024327818377,-0.2124384493623
"237","session1",-12.6716753047486,17.339950575066,3.60572258127422,0.000326761611152323,-0.177899359992996,0.490867254105478,0.639086104959771,5,1,50,0.316024327818377,-0.2124384493623,5,3.71662818595512,1,-7.7133,2554,0.8,0,12,"both",0.316024327818377,-0.2124384493623
"238","session1",-12.6716753047486,17.339950575066,3.60572258127422,0.000326761611152323,-0.177899359992996,0.490867254105478,0.639086104959771,5,1,50,0.316024327818377,-0.2124384493623,5,2.12623189635726,0,-36.5505,2554,0.8,0,12,"both",0.316024327818377,-0.2124384493623
"239","session1",-12.6716753047486,17.339950575066,3.60572258127422,0.000326761611152323,-0.177899359992996,0.490867254105478,0.639086104959771,5,1,50,0.316024327818377,-0.2124384493623,5,2.84928348146002,1,-17.40966,2554,0.8,0,12,"both",0.316024327818377,-0.2124384493623
"240","session1",-12.6716753047486,17.339950575066,3.60572258127422,0.000326761611152323,-0.177899359992996,0.490867254105478,0.639086104959771,5,1,50,0.316024327818377,-0.2124384493623,5,2.03300355282387,0,-30.80185,2554,0.8,0,12,"both",0.316024327818377,-0.2124384493623
"241","session1",-12.6716753047486,17.339950575066,3.60572258127422,0.000326761611152323,-0.177899359992996,0.490867254105478,0.639086104959771,5,1,50,0.316024327818377,-0.2124384493623,5,2.90604066855588,0,-22.64974,2554,0.8,0,12,"both",0.316024327818377,-0.2124384493623
"242","session1",-12.6716753047486,17.339950575066,3.60572258127422,0.000326761611152323,-0.177899359992996,0.490867254105478,0.639086104959771,5,1,50,0.316024327818377,-0.2124384493623,5,2.07075457531566,1,-6.49407,2554,0.8,0,12,"both",0.316024327818377,-0.2124384493623
"243","session1",-12.6716753047486,17.339950575066,3.60572258127422,0.000326761611152323,-0.177899359992996,0.490867254105478,0.639086104959771,5,1,50,0.316024327818377,-0.2124384493623,5,2.59769086619837,0,-3.6908,2554,0.8,0,12,"both",0.316024327818377,-0.2124384493623
"244","session1",-12.6716753047486,17.339950575066,3.60572258127422,0.000326761611152323,-0.177899359992996,0.490867254105478,0.639086104959771,5,1,50,0.316024327818377,-0.2124384493623,5,3.90075811872612,0,-8.5547,2554,0.8,0,12,"both",0.316024327818377,-0.2124384493623
"245","session1",-12.6716753047486,17.339950575066,3.60572258127422,0.000326761611152323,-0.177899359992996,0.490867254105478,0.639086104959771,5,1,50,0.316024327818377,-0.2124384493623,5,3.39550416208539,1,4.86398,2554,0.8,0,12,"both",0.316024327818377,-0.2124384493623
"246","session1",-12.6716753047486,17.339950575066,3.60572258127422,0.000326761611152323,-0.177899359992996,0.490867254105478,0.639086104959771,5,1,50,0.316024327818377,-0.2124384493623,5,1.97797494821503,1,-8.3008,2554,0.8,0,12,"both",0.316024327818377,-0.2124384493623
"247","session1",-12.6716753047486,17.339950575066,3.60572258127422,0.000326761611152323,-0.177899359992996,0.490867254105478,0.639086104959771,5,1,50,0.316024327818377,-0.2124384493623,5,2.25503913557454,1,-2.6036,2554,0.8,0,12,"both",0.316024327818377,-0.2124384493623
"248","session1",-12.6716753047486,17.339950575066,3.60572258127422,0.000326761611152323,-0.177899359992996,0.490867254105478,0.639086104959771,5,1,50,0.316024327818377,-0.2124384493623,5,2.02683815669547,0,-33.7261,2554,0.8,0,12,"both",0.316024327818377,-0.2124384493623
"249","session1",-12.6716753047486,17.339950575066,3.60572258127422,0.000326761611152323,-0.177899359992996,0.490867254105478,0.639086104959771,5,1,50,0.316024327818377,-0.2124384493623,5,1.98495050547126,0,-36.3257,2554,0.8,0,12,"both",0.316024327818377,-0.2124384493623
"250","session1",-12.6716753047486,17.339950575066,3.60572258127422,0.000326761611152323,-0.177899359992996,0.490867254105478,0.639086104959771,5,1,50,0.316024327818377,-0.2124384493623,5,1.61935742336497,1,-10.39571,2554,0.8,0,12,"both",0.316024327818377,-0.2124384493623
"251","session1",-11.1292778150102,15.5156211248976,2.55591733783416,0.00122999922217015,0.377819324377988,0.346835316613941,0.358134101320752,6,1,50,0.316024327818377,-0.2124384493623,6,3.05627092410306,1,-8.3776207909,2554,0.8,0,12,"both",0.316024327818377,-0.2124384493623
"252","session1",-11.1292778150102,15.5156211248976,2.55591733783416,0.00122999922217015,0.377819324377988,0.346835316613941,0.358134101320752,6,1,50,0.316024327818377,-0.2124384493623,6,2.64769641436617,0,-9.21956868396,2554,0.8,0,12,"both",0.316024327818377,-0.2124384493623
"253","session1",-11.1292778150102,15.5156211248976,2.55591733783416,0.00122999922217015,0.377819324377988,0.346835316613941,0.358134101320752,6,1,50,0.316024327818377,-0.2124384493623,6,2.01720913569639,1,-2.58754011362,2554,0.8,0,12,"both",0.316024327818377,-0.2124384493623
"254","session1",-11.1292778150102,15.5156211248976,2.55591733783416,0.00122999922217015,0.377819324377988,0.346835316613941,0.358134101320752,6,1,50,0.316024327818377,-0.2124384493623,6,4.72416559003752,0,-9.06701831927,2554,0.8,0,12,"both",0.316024327818377,-0.2124384493623
"255","session1",-11.1292778150102,15.5156211248976,2.55591733783416,0.00122999922217015,0.377819324377988,0.346835316613941,0.358134101320752,6,1,50,0.316024327818377,-0.2124384493623,6,2.58942212342595,0,-8.55497560659,2554,0.8,0,12,"both",0.316024327818377,-0.2124384493623
"256","session1",-11.1292778150102,15.5156211248976,2.55591733783416,0.00122999922217015,0.377819324377988,0.346835316613941,0.358134101320752,6,1,50,0.316024327818377,-0.2124384493623,6,2.77425112405917,0,-32.61687,2554,0.8,0,12,"both",0.316024327818377,-0.2124384493623
"257","session1",-11.1292778150102,15.5156211248976,2.55591733783416,0.00122999922217015,0.377819324377988,0.346835316613941,0.358134101320752,6,1,50,0.316024327818377,-0.2124384493623,6,2.31585337460332,0,-3.91141,2554,0.8,0,12,"both",0.316024327818377,-0.2124384493623
"258","session1",-11.1292778150102,15.5156211248976,2.55591733783416,0.00122999922217015,0.377819324377988,0.346835316613941,0.358134101320752,6,1,50,0.316024327818377,-0.2124384493623,6,3.68077066225335,1,1.21724094256,2554,0.8,0,12,"both",0.316024327818377,-0.2124384493623
"259","session1",-11.1292778150102,15.5156211248976,2.55591733783416,0.00122999922217015,0.377819324377988,0.346835316613941,0.358134101320752,6,1,50,0.316024327818377,-0.2124384493623,6,3.61561669453887,0,4.22168,2554,0.8,0,12,"both",0.316024327818377,-0.2124384493623
"260","session1",-11.1292778150102,15.5156211248976,2.55591733783416,0.00122999922217015,0.377819324377988,0.346835316613941,0.358134101320752,6,1,50,0.316024327818377,-0.2124384493623,6,1.48849102479514,1,30.451,2554,0.8,0,12,"both",0.316024327818377,-0.2124384493623
"261","session1",-11.1292778150102,15.5156211248976,2.55591733783416,0.00122999922217015,0.377819324377988,0.346835316613941,0.358134101320752,6,1,50,0.316024327818377,-0.2124384493623,6,3.77657388156446,1,3.18849,2554,0.8,0,12,"both",0.316024327818377,-0.2124384493623
"262","session1",-11.1292778150102,15.5156211248976,2.55591733783416,0.00122999922217015,0.377819324377988,0.346835316613941,0.358134101320752,6,1,50,0.316024327818377,-0.2124384493623,6,1.57344483440036,0,13.25128,2554,0.8,0,12,"both",0.316024327818377,-0.2124384493623
"263","session1",-11.1292778150102,15.5156211248976,2.55591733783416,0.00122999922217015,0.377819324377988,0.346835316613941,0.358134101320752,6,1,50,0.316024327818377,-0.2124384493623,6,1.76812535062929,1,8.6931,2554,0.8,0,12,"both",0.316024327818377,-0.2124384493623
"264","session1",-11.1292778150102,15.5156211248976,2.55591733783416,0.00122999922217015,0.377819324377988,0.346835316613941,0.358134101320752,6,1,50,0.316024327818377,-0.2124384493623,6,2.4138150212744,1,23.21932,2554,0.8,0,12,"both",0.316024327818377,-0.2124384493623
"265","session1",-11.1292778150102,15.5156211248976,2.55591733783416,0.00122999922217015,0.377819324377988,0.346835316613941,0.358134101320752,6,1,50,0.316024327818377,-0.2124384493623,6,2.70643393216101,1,5.2767,2554,0.8,0,12,"both",0.316024327818377,-0.2124384493623
"266","session1",-11.1292778150102,15.5156211248976,2.55591733783416,0.00122999922217015,0.377819324377988,0.346835316613941,0.358134101320752,6,1,50,0.316024327818377,-0.2124384493623,6,2.50939015667498,1,-19.39162,2554,0.8,0,12,"both",0.316024327818377,-0.2124384493623
"267","session1",-11.1292778150102,15.5156211248976,2.55591733783416,0.00122999922217015,0.377819324377988,0.346835316613941,0.358134101320752,6,1,50,0.316024327818377,-0.2124384493623,6,5.52712819072591,0,-12.2397,2554,0.8,0,12,"both",0.316024327818377,-0.2124384493623
"268","session1",-11.1292778150102,15.5156211248976,2.55591733783416,0.00122999922217015,0.377819324377988,0.346835316613941,0.358134101320752,6,1,50,0.316024327818377,-0.2124384493623,6,2.47255162019787,1,-3.5183659975,2554,0.8,0,12,"both",0.316024327818377,-0.2124384493623
"269","session1",-11.1292778150102,15.5156211248976,2.55591733783416,0.00122999922217015,0.377819324377988,0.346835316613941,0.358134101320752,6,1,50,0.316024327818377,-0.2124384493623,6,2.99959704044339,1,-7.5244729784,2554,0.8,0,12,"both",0.316024327818377,-0.2124384493623
"270","session1",-11.1292778150102,15.5156211248976,2.55591733783416,0.00122999922217015,0.377819324377988,0.346835316613941,0.358134101320752,6,1,50,0.316024327818377,-0.2124384493623,6,1.49641532072239,1,-10.8083,2554,0.8,0,12,"both",0.316024327818377,-0.2124384493623
"271","session1",-11.1292778150102,15.5156211248976,2.55591733783416,0.00122999922217015,0.377819324377988,0.346835316613941,0.358134101320752,6,1,50,0.316024327818377,-0.2124384493623,6,2.67735284608288,0,-14.42095,2554,0.8,0,12,"both",0.316024327818377,-0.2124384493623
"272","session1",-11.1292778150102,15.5156211248976,2.55591733783416,0.00122999922217015,0.377819324377988,0.346835316613941,0.358134101320752,6,1,50,0.316024327818377,-0.2124384493623,6,1.55800558540958,0,-34.14009,2554,0.8,0,12,"both",0.316024327818377,-0.2124384493623
"273","session1",-11.1292778150102,15.5156211248976,2.55591733783416,0.00122999922217015,0.377819324377988,0.346835316613941,0.358134101320752,6,1,50,0.316024327818377,-0.2124384493623,6,3.21906052983277,0,-17.87521,2554,0.8,0,12,"both",0.316024327818377,-0.2124384493623
"274","session1",-11.1292778150102,15.5156211248976,2.55591733783416,0.00122999922217015,0.377819324377988,0.346835316613941,0.358134101320752,6,1,50,0.316024327818377,-0.2124384493623,6,4.04095960998194,1,-5.05297658065,2554,0.8,0,12,"both",0.316024327818377,-0.2124384493623
"275","session1",-11.1292778150102,15.5156211248976,2.55591733783416,0.00122999922217015,0.377819324377988,0.346835316613941,0.358134101320752,6,1,50,0.316024327818377,-0.2124384493623,6,3.52484677577437,1,-6.882082189922,2554,0.8,0,12,"both",0.316024327818377,-0.2124384493623
"276","session1",-11.1292778150102,15.5156211248976,2.55591733783416,0.00122999922217015,0.377819324377988,0.346835316613941,0.358134101320752,6,1,50,0.316024327818377,-0.2124384493623,6,2.08780214072709,1,11.6516,2554,0.8,0,12,"both",0.316024327818377,-0.2124384493623
"277","session1",-11.1292778150102,15.5156211248976,2.55591733783416,0.00122999922217015,0.377819324377988,0.346835316613941,0.358134101320752,6,1,50,0.316024327818377,-0.2124384493623,6,2.36893336294048,1,12.34109,2554,0.8,0,12,"both",0.316024327818377,-0.2124384493623
"278","session1",-11.1292778150102,15.5156211248976,2.55591733783416,0.00122999922217015,0.377819324377988,0.346835316613941,0.358134101320752,6,1,50,0.316024327818377,-0.2124384493623,6,3.67647709405237,0,-0.167899999999999,2554,0.8,0,12,"both",0.316024327818377,-0.2124384493623
"279","session1",-11.1292778150102,15.5156211248976,2.55591733783416,0.00122999922217015,0.377819324377988,0.346835316613941,0.358134101320752,6,1,50,0.316024327818377,-0.2124384493623,6,1.23742862818306,0,-25.8541,2554,0.8,0,12,"both",0.316024327818377,-0.2124384493623
"280","session1",-11.1292778150102,15.5156211248976,2.55591733783416,0.00122999922217015,0.377819324377988,0.346835316613941,0.358134101320752,6,1,50,0.316024327818377,-0.2124384493623,6,2.24224198710519,1,-5.36201,2554,0.8,0,12,"both",0.316024327818377,-0.2124384493623
"281","session1",-11.1292778150102,15.5156211248976,2.55591733783416,0.00122999922217015,0.377819324377988,0.346835316613941,0.358134101320752,6,1,50,0.316024327818377,-0.2124384493623,6,2.85513138920712,1,16.9814,2554,0.8,0,12,"both",0.316024327818377,-0.2124384493623
"282","session1",-11.1292778150102,15.5156211248976,2.55591733783416,0.00122999922217015,0.377819324377988,0.346835316613941,0.358134101320752,6,1,50,0.316024327818377,-0.2124384493623,6,4.66154072260638,1,1.13629,2554,0.8,0,12,"both",0.316024327818377,-0.2124384493623
"283","session1",-11.1292778150102,15.5156211248976,2.55591733783416,0.00122999922217015,0.377819324377988,0.346835316613941,0.358134101320752,6,1,50,0.316024327818377,-0.2124384493623,6,2.14142607162295,1,17.14888,2554,0.8,0,12,"both",0.316024327818377,-0.2124384493623
"284","session1",-11.1292778150102,15.5156211248976,2.55591733783416,0.00122999922217015,0.377819324377988,0.346835316613941,0.358134101320752,6,1,50,0.316024327818377,-0.2124384493623,6,3.37821487061036,1,-8.43874,2554,0.8,0,12,"both",0.316024327818377,-0.2124384493623
"285","session1",-11.1292778150102,15.5156211248976,2.55591733783416,0.00122999922217015,0.377819324377988,0.346835316613941,0.358134101320752,6,1,50,0.316024327818377,-0.2124384493623,6,3.21248723887419,0,-6.88278,2554,0.8,0,12,"both",0.316024327818377,-0.2124384493623
"286","session1",-11.1292778150102,15.5156211248976,2.55591733783416,0.00122999922217015,0.377819324377988,0.346835316613941,0.358134101320752,6,1,50,0.316024327818377,-0.2124384493623,6,1.34203002471015,1,9.22675,2554,0.8,0,12,"both",0.316024327818377,-0.2124384493623
"287","session1",-11.1292778150102,15.5156211248976,2.55591733783416,0.00122999922217015,0.377819324377988,0.346835316613941,0.358134101320752,6,1,50,0.316024327818377,-0.2124384493623,6,4.03357615597057,1,0.74754,2554,0.8,0,12,"both",0.316024327818377,-0.2124384493623
"288","session1",-11.1292778150102,15.5156211248976,2.55591733783416,0.00122999922217015,0.377819324377988,0.346835316613941,0.358134101320752,6,1,50,0.316024327818377,-0.2124384493623,6,1.97311656831811,1,16.3402,2554,0.8,0,12,"both",0.316024327818377,-0.2124384493623
"289","session1",-11.1292778150102,15.5156211248976,2.55591733783416,0.00122999922217015,0.377819324377988,0.346835316613941,0.358134101320752,6,1,50,0.316024327818377,-0.2124384493623,6,2.23001684759845,1,-4.38419,2554,0.8,0,12,"both",0.316024327818377,-0.2124384493623
"290","session1",-11.1292778150102,15.5156211248976,2.55591733783416,0.00122999922217015,0.377819324377988,0.346835316613941,0.358134101320752,6,1,50,0.316024327818377,-0.2124384493623,6,5.90953598097898,1,-9.78021,2554,0.8,0,12,"both",0.316024327818377,-0.2124384493623
"291","session1",-11.1292778150102,15.5156211248976,2.55591733783416,0.00122999922217015,0.377819324377988,0.346835316613941,0.358134101320752,6,1,50,0.316024327818377,-0.2124384493623,6,2.12103779158862,1,27.64159,2554,0.8,0,12,"both",0.316024327818377,-0.2124384493623
"292","session1",-11.1292778150102,15.5156211248976,2.55591733783416,0.00122999922217015,0.377819324377988,0.346835316613941,0.358134101320752,6,1,50,0.316024327818377,-0.2124384493623,6,1.66973219668225,1,11.4531,2554,0.8,0,12,"both",0.316024327818377,-0.2124384493623
"293","session1",-11.1292778150102,15.5156211248976,2.55591733783416,0.00122999922217015,0.377819324377988,0.346835316613941,0.358134101320752,6,1,50,0.316024327818377,-0.2124384493623,6,2.77349070988469,0,-19.47478,2554,0.8,0,12,"both",0.316024327818377,-0.2124384493623
"294","session1",-11.1292778150102,15.5156211248976,2.55591733783416,0.00122999922217015,0.377819324377988,0.346835316613941,0.358134101320752,6,1,50,0.316024327818377,-0.2124384493623,6,1.74314029317508,1,3.9255,2554,0.8,0,12,"both",0.316024327818377,-0.2124384493623
"295","session1",-11.1292778150102,15.5156211248976,2.55591733783416,0.00122999922217015,0.377819324377988,0.346835316613941,0.358134101320752,6,1,50,0.316024327818377,-0.2124384493623,6,2.46074932970786,1,-6.12425,2554,0.8,0,12,"both",0.316024327818377,-0.2124384493623
"296","session1",-11.1292778150102,15.5156211248976,2.55591733783416,0.00122999922217015,0.377819324377988,0.346835316613941,0.358134101320752,6,1,50,0.316024327818377,-0.2124384493623,6,3.06831025108271,1,-2.0823,2554,0.8,0,12,"both",0.316024327818377,-0.2124384493623
"297","session1",-11.1292778150102,15.5156211248976,2.55591733783416,0.00122999922217015,0.377819324377988,0.346835316613941,0.358134101320752,6,1,50,0.316024327818377,-0.2124384493623,6,2.58986091866434,0,-23.32224,2554,0.8,0,12,"both",0.316024327818377,-0.2124384493623
"298","session1",-11.1292778150102,15.5156211248976,2.55591733783416,0.00122999922217015,0.377819324377988,0.346835316613941,0.358134101320752,6,1,50,0.316024327818377,-0.2124384493623,6,2.90244428756921,1,7.90324,2554,0.8,0,12,"both",0.316024327818377,-0.2124384493623
"299","session1",-11.1292778150102,15.5156211248976,2.55591733783416,0.00122999922217015,0.377819324377988,0.346835316613941,0.358134101320752,6,1,50,0.316024327818377,-0.2124384493623,6,4.48054471851175,1,-10.30829,2554,0.8,0,12,"both",0.316024327818377,-0.2124384493623
"300","session1",-11.1292778150102,15.5156211248976,2.55591733783416,0.00122999922217015,0.377819324377988,0.346835316613941,0.358134101320752,6,1,50,0.316024327818377,-0.2124384493623,6,2.4534098679159,0,-17.2647,2554,0.8,0,12,"both",0.316024327818377,-0.2124384493623
"301","session1",-5.24646216408661,10.6360078059309,2.51367964705967,0.00862919240945144,0.103361672202312,0.598385198114783,0.592366860814586,7,1,50,0.316024327818377,-0.2124384493623,7,3.62977239945328,1,10.1567128803,2554,0.8,0,12,"both",0.316024327818377,-0.2124384493623
"302","session1",-5.24646216408661,10.6360078059309,2.51367964705967,0.00862919240945144,0.103361672202312,0.598385198114783,0.592366860814586,7,1,50,0.316024327818377,-0.2124384493623,7,2.124074291995,0,-7.2997610117,2554,0.8,0,12,"both",0.316024327818377,-0.2124384493623
"303","session1",-5.24646216408661,10.6360078059309,2.51367964705967,0.00862919240945144,0.103361672202312,0.598385198114783,0.592366860814586,7,1,50,0.316024327818377,-0.2124384493623,7,2.09360938098171,1,-0.5015390596,2554,0.8,0,12,"both",0.316024327818377,-0.2124384493623
"304","session1",-5.24646216408661,10.6360078059309,2.51367964705967,0.00862919240945144,0.103361672202312,0.598385198114783,0.592366860814586,7,1,50,0.316024327818377,-0.2124384493623,7,2.03089768551437,1,-3.151162209628,2554,0.8,0,12,"both",0.316024327818377,-0.2124384493623
"305","session1",-5.24646216408661,10.6360078059309,2.51367964705967,0.00862919240945144,0.103361672202312,0.598385198114783,0.592366860814586,7,1,50,0.316024327818377,-0.2124384493623,7,1.42691287770043,0,-10.32829,2554,0.8,0,12,"both",0.316024327818377,-0.2124384493623
"306","session1",-5.24646216408661,10.6360078059309,2.51367964705967,0.00862919240945144,0.103361672202312,0.598385198114783,0.592366860814586,7,1,50,0.316024327818377,-0.2124384493623,7,1.40316053979324,0,-1.50595,2554,0.8,0,12,"both",0.316024327818377,-0.2124384493623
"307","session1",-5.24646216408661,10.6360078059309,2.51367964705967,0.00862919240945144,0.103361672202312,0.598385198114783,0.592366860814586,7,1,50,0.316024327818377,-0.2124384493623,7,1.90012006898731,1,10.52951,2554,0.8,0,12,"both",0.316024327818377,-0.2124384493623
"308","session1",-5.24646216408661,10.6360078059309,2.51367964705967,0.00862919240945144,0.103361672202312,0.598385198114783,0.592366860814586,7,1,50,0.316024327818377,-0.2124384493623,7,4.24763522393774,1,1.01182,2554,0.8,0,12,"both",0.316024327818377,-0.2124384493623
"309","session1",-5.24646216408661,10.6360078059309,2.51367964705967,0.00862919240945144,0.103361672202312,0.598385198114783,0.592366860814586,7,1,50,0.316024327818377,-0.2124384493623,7,3.31506608999707,1,-10.62242,2554,0.8,0,12,"both",0.316024327818377,-0.2124384493623
"310","session1",-5.24646216408661,10.6360078059309,2.51367964705967,0.00862919240945144,0.103361672202312,0.598385198114783,0.592366860814586,7,1,50,0.316024327818377,-0.2124384493623,7,4.11417186984182,1,-12.84718,2554,0.8,0,12,"both",0.316024327818377,-0.2124384493623
"311","session1",-5.24646216408661,10.6360078059309,2.51367964705967,0.00862919240945144,0.103361672202312,0.598385198114783,0.592366860814586,7,1,50,0.316024327818377,-0.2124384493623,7,2.29994209100669,0,-9.74961753653,2554,0.8,0,12,"both",0.316024327818377,-0.2124384493623
"312","session1",-5.24646216408661,10.6360078059309,2.51367964705967,0.00862919240945144,0.103361672202312,0.598385198114783,0.592366860814586,7,1,50,0.316024327818377,-0.2124384493623,7,1.1636857937478,0,-34.75734,2554,0.8,0,12,"both",0.316024327818377,-0.2124384493623
"313","session1",-5.24646216408661,10.6360078059309,2.51367964705967,0.00862919240945144,0.103361672202312,0.598385198114783,0.592366860814586,7,1,50,0.316024327818377,-0.2124384493623,7,2.93386889944665,1,15.32088,2554,0.8,0,12,"both",0.316024327818377,-0.2124384493623
"314","session1",-5.24646216408661,10.6360078059309,2.51367964705967,0.00862919240945144,0.103361672202312,0.598385198114783,0.592366860814586,7,1,50,0.316024327818377,-0.2124384493623,7,1.52105465858017,0,0.3933,2554,0.8,0,12,"both",0.316024327818377,-0.2124384493623
"315","session1",-5.24646216408661,10.6360078059309,2.51367964705967,0.00862919240945144,0.103361672202312,0.598385198114783,0.592366860814586,7,1,50,0.316024327818377,-0.2124384493623,7,8,0,-14.45636,2554,0.8,0,12,"both",0.316024327818377,-0.2124384493623
"316","session1",-5.24646216408661,10.6360078059309,2.51367964705967,0.00862919240945144,0.103361672202312,0.598385198114783,0.592366860814586,7,1,50,0.316024327818377,-0.2124384493623,7,4.00273261914311,1,-2.00759,2554,0.8,0,12,"both",0.316024327818377,-0.2124384493623
"317","session1",-5.24646216408661,10.6360078059309,2.51367964705967,0.00862919240945144,0.103361672202312,0.598385198114783,0.592366860814586,7,1,50,0.316024327818377,-0.2124384493623,7,2.35231069368325,1,23.35836,2554,0.8,0,12,"both",0.316024327818377,-0.2124384493623
"318","session1",-5.24646216408661,10.6360078059309,2.51367964705967,0.00862919240945144,0.103361672202312,0.598385198114783,0.592366860814586,7,1,50,0.316024327818377,-0.2124384493623,7,3.43605414460444,1,6.8825,2554,0.8,0,12,"both",0.316024327818377,-0.2124384493623
"319","session1",-5.24646216408661,10.6360078059309,2.51367964705967,0.00862919240945144,0.103361672202312,0.598385198114783,0.592366860814586,7,1,50,0.316024327818377,-0.2124384493623,7,1.17459065611814,1,22.02979,2554,0.8,0,12,"both",0.316024327818377,-0.2124384493623
"320","session1",-5.24646216408661,10.6360078059309,2.51367964705967,0.00862919240945144,0.103361672202312,0.598385198114783,0.592366860814586,7,1,50,0.316024327818377,-0.2124384493623,7,2.0123427446476,1,11.42097,2554,0.8,0,12,"both",0.316024327818377,-0.2124384493623
"321","session1",-5.24646216408661,10.6360078059309,2.51367964705967,0.00862919240945144,0.103361672202312,0.598385198114783,0.592366860814586,7,1,50,0.316024327818377,-0.2124384493623,7,1.08934706186445,1,-18.5451,2554,0.8,0,12,"both",0.316024327818377,-0.2124384493623
"322","session1",-5.24646216408661,10.6360078059309,2.51367964705967,0.00862919240945144,0.103361672202312,0.598385198114783,0.592366860814586,7,1,50,0.316024327818377,-0.2124384493623,7,2.65719847442888,0,-28.9492,2554,0.8,0,12,"both",0.316024327818377,-0.2124384493623
"323","session1",-5.24646216408661,10.6360078059309,2.51367964705967,0.00862919240945144,0.103361672202312,0.598385198114783,0.592366860814586,7,1,50,0.316024327818377,-0.2124384493623,7,4.50940901920214,0,-13.26465,2554,0.8,0,12,"both",0.316024327818377,-0.2124384493623
"324","session1",-5.24646216408661,10.6360078059309,2.51367964705967,0.00862919240945144,0.103361672202312,0.598385198114783,0.592366860814586,7,1,50,0.316024327818377,-0.2124384493623,7,2.64901856049184,0,-48.6423,2554,0.8,0,12,"both",0.316024327818377,-0.2124384493623
"325","session1",-5.24646216408661,10.6360078059309,2.51367964705967,0.00862919240945144,0.103361672202312,0.598385198114783,0.592366860814586,7,1,50,0.316024327818377,-0.2124384493623,7,2.24339611338339,0,-15.47938,2554,0.8,0,12,"both",0.316024327818377,-0.2124384493623
"326","session1",-5.24646216408661,10.6360078059309,2.51367964705967,0.00862919240945144,0.103361672202312,0.598385198114783,0.592366860814586,7,1,50,0.316024327818377,-0.2124384493623,7,1.67983844244957,0,-4.25575,2554,0.8,0,12,"both",0.316024327818377,-0.2124384493623
"327","session1",-5.24646216408661,10.6360078059309,2.51367964705967,0.00862919240945144,0.103361672202312,0.598385198114783,0.592366860814586,7,1,50,0.316024327818377,-0.2124384493623,7,1.91803713282646,1,2.16441,2554,0.8,0,12,"both",0.316024327818377,-0.2124384493623
"328","session1",-5.24646216408661,10.6360078059309,2.51367964705967,0.00862919240945144,0.103361672202312,0.598385198114783,0.592366860814586,7,1,50,0.316024327818377,-0.2124384493623,7,0.954834225690235,0,-29.8027,2554,0.8,0,12,"both",0.316024327818377,-0.2124384493623
"329","session1",-5.24646216408661,10.6360078059309,2.51367964705967,0.00862919240945144,0.103361672202312,0.598385198114783,0.592366860814586,7,1,50,0.316024327818377,-0.2124384493623,7,2.08779587631773,0,-33.40211,2554,0.8,0,12,"both",0.316024327818377,-0.2124384493623
"330","session1",-5.24646216408661,10.6360078059309,2.51367964705967,0.00862919240945144,0.103361672202312,0.598385198114783,0.592366860814586,7,1,50,0.316024327818377,-0.2124384493623,7,1.31624421164507,1,8.22182,2554,0.8,0,12,"both",0.316024327818377,-0.2124384493623
"331","session1",-5.24646216408661,10.6360078059309,2.51367964705967,0.00862919240945144,0.103361672202312,0.598385198114783,0.592366860814586,7,1,50,0.316024327818377,-0.2124384493623,7,1.21119031968817,0,-29.76495,2554,0.8,0,12,"both",0.316024327818377,-0.2124384493623
"332","session1",-5.24646216408661,10.6360078059309,2.51367964705967,0.00862919240945144,0.103361672202312,0.598385198114783,0.592366860814586,7,1,50,0.316024327818377,-0.2124384493623,7,1.57529426243979,0,-22.30076,2554,0.8,0,12,"both",0.316024327818377,-0.2124384493623
"333","session1",-5.24646216408661,10.6360078059309,2.51367964705967,0.00862919240945144,0.103361672202312,0.598385198114783,0.592366860814586,7,1,50,0.316024327818377,-0.2124384493623,7,2.78967609313641,1,2.53362,2554,0.8,0,12,"both",0.316024327818377,-0.2124384493623
"334","session1",-5.24646216408661,10.6360078059309,2.51367964705967,0.00862919240945144,0.103361672202312,0.598385198114783,0.592366860814586,7,1,50,0.316024327818377,-0.2124384493623,7,4.88599520976259,1,-9.5128,2554,0.8,0,12,"both",0.316024327818377,-0.2124384493623
"335","session1",-5.24646216408661,10.6360078059309,2.51367964705967,0.00862919240945144,0.103361672202312,0.598385198114783,0.592366860814586,7,1,50,0.316024327818377,-0.2124384493623,7,1.7658244279689,0,-20.33492,2554,0.8,0,12,"both",0.316024327818377,-0.2124384493623
"336","session1",-5.24646216408661,10.6360078059309,2.51367964705967,0.00862919240945144,0.103361672202312,0.598385198114783,0.592366860814586,7,1,50,0.316024327818377,-0.2124384493623,7,2.30641929599461,0,-15.21062,2554,0.8,0,12,"both",0.316024327818377,-0.2124384493623
"337","session1",-5.24646216408661,10.6360078059309,2.51367964705967,0.00862919240945144,0.103361672202312,0.598385198114783,0.592366860814586,7,1,50,0.316024327818377,-0.2124384493623,7,5.24495153158509,0,-3.19881,2554,0.8,0,12,"both",0.316024327818377,-0.2124384493623
"338","session1",-5.24646216408661,10.6360078059309,2.51367964705967,0.00862919240945144,0.103361672202312,0.598385198114783,0.592366860814586,7,1,50,0.316024327818377,-0.2124384493623,7,2.52693666723717,0,-16.47375,2554,0.8,0,12,"both",0.316024327818377,-0.2124384493623
"339","session1",-5.24646216408661,10.6360078059309,2.51367964705967,0.00862919240945144,0.103361672202312,0.598385198114783,0.592366860814586,7,1,50,0.316024327818377,-0.2124384493623,7,1.79326028759314,0,-14.80916,2554,0.8,0,12,"both",0.316024327818377,-0.2124384493623
"340","session1",-5.24646216408661,10.6360078059309,2.51367964705967,0.00862919240945144,0.103361672202312,0.598385198114783,0.592366860814586,7,1,50,0.316024327818377,-0.2124384493623,7,2.39135261433711,0,-16.92947,2554,0.8,0,12,"both",0.316024327818377,-0.2124384493623
"341","session1",-5.24646216408661,10.6360078059309,2.51367964705967,0.00862919240945144,0.103361672202312,0.598385198114783,0.592366860814586,7,1,50,0.316024327818377,-0.2124384493623,7,5.61159297818676,0,-15.43321,2554,0.8,0,12,"both",0.316024327818377,-0.2124384493623
"342","session1",-5.24646216408661,10.6360078059309,2.51367964705967,0.00862919240945144,0.103361672202312,0.598385198114783,0.592366860814586,7,1,50,0.316024327818377,-0.2124384493623,7,5.57852403941796,1,8.99496,2554,0.8,0,12,"both",0.316024327818377,-0.2124384493623
"343","session1",-5.24646216408661,10.6360078059309,2.51367964705967,0.00862919240945144,0.103361672202312,0.598385198114783,0.592366860814586,7,1,50,0.316024327818377,-0.2124384493623,7,1.51944119524581,1,16.35538,2554,0.8,0,12,"both",0.316024327818377,-0.2124384493623
"344","session1",-5.24646216408661,10.6360078059309,2.51367964705967,0.00862919240945144,0.103361672202312,0.598385198114783,0.592366860814586,7,1,50,0.316024327818377,-0.2124384493623,7,2.30461782939777,0,-15.43865,2554,0.8,0,12,"both",0.316024327818377,-0.2124384493623
"345","session1",-5.24646216408661,10.6360078059309,2.51367964705967,0.00862919240945144,0.103361672202312,0.598385198114783,0.592366860814586,7,1,50,0.316024327818377,-0.2124384493623,7,4.08857195580755,1,-2.90539,2554,0.8,0,12,"both",0.316024327818377,-0.2124384493623
"346","session1",-5.24646216408661,10.6360078059309,2.51367964705967,0.00862919240945144,0.103361672202312,0.598385198114783,0.592366860814586,7,1,50,0.316024327818377,-0.2124384493623,7,2.33877498074981,1,-7.65192,2554,0.8,0,12,"both",0.316024327818377,-0.2124384493623
"347","session1",-5.24646216408661,10.6360078059309,2.51367964705967,0.00862919240945144,0.103361672202312,0.598385198114783,0.592366860814586,7,1,50,0.316024327818377,-0.2124384493623,7,1.21961703760795,0,-19.83277,2554,0.8,0,12,"both",0.316024327818377,-0.2124384493623
"348","session1",-5.24646216408661,10.6360078059309,2.51367964705967,0.00862919240945144,0.103361672202312,0.598385198114783,0.592366860814586,7,1,50,0.316024327818377,-0.2124384493623,7,1.49774046344247,0,0.95493,2554,0.8,0,12,"both",0.316024327818377,-0.2124384493623
"349","session1",-5.24646216408661,10.6360078059309,2.51367964705967,0.00862919240945144,0.103361672202312,0.598385198114783,0.592366860814586,7,1,50,0.316024327818377,-0.2124384493623,7,2.13345344656414,1,0.31643,2554,0.8,0,12,"both",0.316024327818377,-0.2124384493623
"350","session1",-5.24646216408661,10.6360078059309,2.51367964705967,0.00862919240945144,0.103361672202312,0.598385198114783,0.592366860814586,7,1,50,0.316024327818377,-0.2124384493623,7,3.36857413972971,0,-12.98992,2554,0.8,0,12,"both",0.316024327818377,-0.2124384493623
"351","session1",-9.73710135370116,4.05352822887687,4.06979704665876,0.00321042817300523,0.0256465849858455,0.50108560761164,0.795628637884277,8,1,50,0.316024327818377,-0.2124384493623,8,1.41789208445468,1,-8.7568139505,2554,0.8,0,12,"both",0.316024327818377,-0.2124384493623
"352","session1",-9.73710135370116,4.05352822887687,4.06979704665876,0.00321042817300523,0.0256465849858455,0.50108560761164,0.795628637884277,8,1,50,0.316024327818377,-0.2124384493623,8,1.89696844538619,0,-11.2919864854,2554,0.8,0,12,"both",0.316024327818377,-0.2124384493623
"353","session1",-9.73710135370116,4.05352822887687,4.06979704665876,0.00321042817300523,0.0256465849858455,0.50108560761164,0.795628637884277,8,1,50,0.316024327818377,-0.2124384493623,8,1.48609245622936,1,-4.2515675867,2554,0.8,0,12,"both",0.316024327818377,-0.2124384493623
"354","session1",-9.73710135370116,4.05352822887687,4.06979704665876,0.00321042817300523,0.0256465849858455,0.50108560761164,0.795628637884277,8,1,50,0.316024327818377,-0.2124384493623,8,3.65131703150207,1,-10.20452626312,2554,0.8,0,12,"both",0.316024327818377,-0.2124384493623
"355","session1",-9.73710135370116,4.05352822887687,4.06979704665876,0.00321042817300523,0.0256465849858455,0.50108560761164,0.795628637884277,8,1,50,0.316024327818377,-0.2124384493623,8,3.03957165109738,0,-29.1223,2554,0.8,0,12,"both",0.316024327818377,-0.2124384493623
"356","session1",-9.73710135370116,4.05352822887687,4.06979704665876,0.00321042817300523,0.0256465849858455,0.50108560761164,0.795628637884277,8,1,50,0.316024327818377,-0.2124384493623,8,1.71882402787597,1,31.90419,2554,0.8,0,12,"both",0.316024327818377,-0.2124384493623
"357","session1",-9.73710135370116,4.05352822887687,4.06979704665876,0.00321042817300523,0.0256465849858455,0.50108560761164,0.795628637884277,8,1,50,0.316024327818377,-0.2124384493623,8,1.33099933938369,0,-22.97331,2554,0.8,0,12,"both",0.316024327818377,-0.2124384493623
"358","session1",-9.73710135370116,4.05352822887687,4.06979704665876,0.00321042817300523,0.0256465849858455,0.50108560761164,0.795628637884277,8,1,50,0.316024327818377,-0.2124384493623,8,3.1040203991453,0,-10.90378,2554,0.8,0,12,"both",0.316024327818377,-0.2124384493623
"359","session1",-9.73710135370116,4.05352822887687,4.06979704665876,0.00321042817300523,0.0256465849858455,0.50108560761164,0.795628637884277,8,1,50,0.316024327818377,-0.2124384493623,8,1.70492611469403,1,20.3959,2554,0.8,0,12,"both",0.316024327818377,-0.2124384493623
"360","session1",-9.73710135370116,4.05352822887687,4.06979704665876,0.00321042817300523,0.0256465849858455,0.50108560761164,0.795628637884277,8,1,50,0.316024327818377,-0.2124384493623,8,5.07921972707138,0,-8.52279,2554,0.8,0,12,"both",0.316024327818377,-0.2124384493623
"361","session1",-9.73710135370116,4.05352822887687,4.06979704665876,0.00321042817300523,0.0256465849858455,0.50108560761164,0.795628637884277,8,1,50,0.316024327818377,-0.2124384493623,8,3.19468337966692,0,-12.91762,2554,0.8,0,12,"both",0.316024327818377,-0.2124384493623
"362","session1",-9.73710135370116,4.05352822887687,4.06979704665876,0.00321042817300523,0.0256465849858455,0.50108560761164,0.795628637884277,8,1,50,0.316024327818377,-0.2124384493623,8,1.70687162750359,1,2.96141,2554,0.8,0,12,"both",0.316024327818377,-0.2124384493623
"363","session1",-9.73710135370116,4.05352822887687,4.06979704665876,0.00321042817300523,0.0256465849858455,0.50108560761164,0.795628637884277,8,1,50,0.316024327818377,-0.2124384493623,8,2.57630866079613,1,-7.7225,2554,0.8,0,12,"both",0.316024327818377,-0.2124384493623
"364","session1",-9.73710135370116,4.05352822887687,4.06979704665876,0.00321042817300523,0.0256465849858455,0.50108560761164,0.795628637884277,8,1,50,0.316024327818377,-0.2124384493623,8,3.28417015798048,0,-8.44539,2554,0.8,0,12,"both",0.316024327818377,-0.2124384493623
"365","session1",-9.73710135370116,4.05352822887687,4.06979704665876,0.00321042817300523,0.0256465849858455,0.50108560761164,0.795628637884277,8,1,50,0.316024327818377,-0.2124384493623,8,5.55064896376402,1,-11.988,2554,0.8,0,12,"both",0.316024327818377,-0.2124384493623
"366","session1",-9.73710135370116,4.05352822887687,4.06979704665876,0.00321042817300523,0.0256465849858455,0.50108560761164,0.795628637884277,8,1,50,0.316024327818377,-0.2124384493623,8,3.05650891910086,1,-3.79731,2554,0.8,0,12,"both",0.316024327818377,-0.2124384493623
"367","session1",-9.73710135370116,4.05352822887687,4.06979704665876,0.00321042817300523,0.0256465849858455,0.50108560761164,0.795628637884277,8,1,50,0.316024327818377,-0.2124384493623,8,2.46461809849521,0,-13.71911,2554,0.8,0,12,"both",0.316024327818377,-0.2124384493623
"368","session1",-9.73710135370116,4.05352822887687,4.06979704665876,0.00321042817300523,0.0256465849858455,0.50108560761164,0.795628637884277,8,1,50,0.316024327818377,-0.2124384493623,8,2.05837006850732,1,-4.0702,2554,0.8,0,12,"both",0.316024327818377,-0.2124384493623
"369","session1",-9.73710135370116,4.05352822887687,4.06979704665876,0.00321042817300523,0.0256465849858455,0.50108560761164,0.795628637884277,8,1,50,0.316024327818377,-0.2124384493623,8,2.13851062766298,0,-20.75384,2554,0.8,0,12,"both",0.316024327818377,-0.2124384493623
"370","session1",-9.73710135370116,4.05352822887687,4.06979704665876,0.00321042817300523,0.0256465849858455,0.50108560761164,0.795628637884277,8,1,50,0.316024327818377,-0.2124384493623,8,5.92970861025507,0,-7.3938,2554,0.8,0,12,"both",0.316024327818377,-0.2124384493623
"371","session1",-9.73710135370116,4.05352822887687,4.06979704665876,0.00321042817300523,0.0256465849858455,0.50108560761164,0.795628637884277,8,1,50,0.316024327818377,-0.2124384493623,8,2.2158853514811,1,-4.03646,2554,0.8,0,12,"both",0.316024327818377,-0.2124384493623
"372","session1",-9.73710135370116,4.05352822887687,4.06979704665876,0.00321042817300523,0.0256465849858455,0.50108560761164,0.795628637884277,8,1,50,0.316024327818377,-0.2124384493623,8,5.33783979286065,0,-8.3742,2554,0.8,0,12,"both",0.316024327818377,-0.2124384493623
"373","session1",-9.73710135370116,4.05352822887687,4.06979704665876,0.00321042817300523,0.0256465849858455,0.50108560761164,0.795628637884277,8,1,50,0.316024327818377,-0.2124384493623,8,1.42674857760023,1,-3.97857,2554,0.8,0,12,"both",0.316024327818377,-0.2124384493623
"374","session1",-9.73710135370116,4.05352822887687,4.06979704665876,0.00321042817300523,0.0256465849858455,0.50108560761164,0.795628637884277,8,1,50,0.316024327818377,-0.2124384493623,8,2.74202221354056,0,-11.81581,2554,0.8,0,12,"both",0.316024327818377,-0.2124384493623
"375","session1",-9.73710135370116,4.05352822887687,4.06979704665876,0.00321042817300523,0.0256465849858455,0.50108560761164,0.795628637884277,8,1,50,0.316024327818377,-0.2124384493623,8,2.71250130195402,0,-10.52806,2554,0.8,0,12,"both",0.316024327818377,-0.2124384493623
"376","session1",-9.73710135370116,4.05352822887687,4.06979704665876,0.00321042817300523,0.0256465849858455,0.50108560761164,0.795628637884277,8,1,50,0.316024327818377,-0.2124384493623,8,1.8665398772993,1,-3.51276,2554,0.8,0,12,"both",0.316024327818377,-0.2124384493623
"377","session1",-9.73710135370116,4.05352822887687,4.06979704665876,0.00321042817300523,0.0256465849858455,0.50108560761164,0.795628637884277,8,1,50,0.316024327818377,-0.2124384493623,8,2.3842314403725,1,-13.30068,2554,0.8,0,12,"both",0.316024327818377,-0.2124384493623
"378","session1",-9.73710135370116,4.05352822887687,4.06979704665876,0.00321042817300523,0.0256465849858455,0.50108560761164,0.795628637884277,8,1,50,0.316024327818377,-0.2124384493623,8,8,1,-7.85694,2554,0.8,0,12,"both",0.316024327818377,-0.2124384493623
"379","session1",-9.73710135370116,4.05352822887687,4.06979704665876,0.00321042817300523,0.0256465849858455,0.50108560761164,0.795628637884277,8,1,50,0.316024327818377,-0.2124384493623,8,2.39713813724261,1,-1.59905,2554,0.8,0,12,"both",0.316024327818377,-0.2124384493623
"380","session1",-9.73710135370116,4.05352822887687,4.06979704665876,0.00321042817300523,0.0256465849858455,0.50108560761164,0.795628637884277,8,1,50,0.316024327818377,-0.2124384493623,8,2.50861704344741,0,-15.45158,2554,0.8,0,12,"both",0.316024327818377,-0.2124384493623
"381","session1",-9.73710135370116,4.05352822887687,4.06979704665876,0.00321042817300523,0.0256465849858455,0.50108560761164,0.795628637884277,8,1,50,0.316024327818377,-0.2124384493623,8,2.41131883339609,0,-13.95154,2554,0.8,0,12,"both",0.316024327818377,-0.2124384493623
"382","session1",-9.73710135370116,4.05352822887687,4.06979704665876,0.00321042817300523,0.0256465849858455,0.50108560761164,0.795628637884277,8,1,50,0.316024327818377,-0.2124384493623,8,1.07454431838467,1,2.95606,2554,0.8,0,12,"both",0.316024327818377,-0.2124384493623
"383","session1",-9.73710135370116,4.05352822887687,4.06979704665876,0.00321042817300523,0.0256465849858455,0.50108560761164,0.795628637884277,8,1,50,0.316024327818377,-0.2124384493623,8,4.28999907212951,0,-10.52552,2554,0.8,0,12,"both",0.316024327818377,-0.2124384493623
"384","session1",-9.73710135370116,4.05352822887687,4.06979704665876,0.00321042817300523,0.0256465849858455,0.50108560761164,0.795628637884277,8,1,50,0.316024327818377,-0.2124384493623,8,1.59931055722269,1,-4.8913,2554,0.8,0,12,"both",0.316024327818377,-0.2124384493623
"385","session1",-9.73710135370116,4.05352822887687,4.06979704665876,0.00321042817300523,0.0256465849858455,0.50108560761164,0.795628637884277,8,1,50,0.316024327818377,-0.2124384493623,8,4.09884556909449,0,-9.87501,2554,0.8,0,12,"both",0.316024327818377,-0.2124384493623
"386","session1",-9.73710135370116,4.05352822887687,4.06979704665876,0.00321042817300523,0.0256465849858455,0.50108560761164,0.795628637884277,8,1,50,0.316024327818377,-0.2124384493623,8,1.65001558215387,1,-3.53753,2554,0.8,0,12,"both",0.316024327818377,-0.2124384493623
"387","session1",-9.73710135370116,4.05352822887687,4.06979704665876,0.00321042817300523,0.0256465849858455,0.50108560761164,0.795628637884277,8,1,50,0.316024327818377,-0.2124384493623,8,1.66189283256861,0,-8.47066,2554,0.8,0,12,"both",0.316024327818377,-0.2124384493623
"388","session1",-9.73710135370116,4.05352822887687,4.06979704665876,0.00321042817300523,0.0256465849858455,0.50108560761164,0.795628637884277,8,1,50,0.316024327818377,-0.2124384493623,8,1.372330012445,1,-3.30955,2554,0.8,0,12,"both",0.316024327818377,-0.2124384493623
"389","session1",-9.73710135370116,4.05352822887687,4.06979704665876,0.00321042817300523,0.0256465849858455,0.50108560761164,0.795628637884277,8,1,50,0.316024327818377,-0.2124384493623,8,2.38673765690078,0,-13.25009,2554,0.8,0,12,"both",0.316024327818377,-0.2124384493623
"390","session1",-9.73710135370116,4.05352822887687,4.06979704665876,0.00321042817300523,0.0256465849858455,0.50108560761164,0.795628637884277,8,1,50,0.316024327818377,-0.2124384493623,8,2.32760379994951,1,-5.52303,2554,0.8,0,12,"both",0.316024327818377,-0.2124384493623
"391","session1",-9.73710135370116,4.05352822887687,4.06979704665876,0.00321042817300523,0.0256465849858455,0.50108560761164,0.795628637884277,8,1,50,0.316024327818377,-0.2124384493623,8,2.39232677549031,1,-4.67932,2554,0.8,0,12,"both",0.316024327818377,-0.2124384493623
"392","session1",-9.73710135370116,4.05352822887687,4.06979704665876,0.00321042817300523,0.0256465849858455,0.50108560761164,0.795628637884277,8,1,50,0.316024327818377,-0.2124384493623,8,2.3625952204228,1,-1.82371,2554,0.8,0,12,"both",0.316024327818377,-0.2124384493623
"393","session1",-9.73710135370116,4.05352822887687,4.06979704665876,0.00321042817300523,0.0256465849858455,0.50108560761164,0.795628637884277,8,1,50,0.316024327818377,-0.2124384493623,8,2.63687402227094,0,-10.3376,2554,0.8,0,12,"both",0.316024327818377,-0.2124384493623
"394","session1",-9.73710135370116,4.05352822887687,4.06979704665876,0.00321042817300523,0.0256465849858455,0.50108560761164,0.795628637884277,8,1,50,0.316024327818377,-0.2124384493623,8,3.07955005003786,0,-8.93607,2554,0.8,0,12,"both",0.316024327818377,-0.2124384493623
"395","session1",-9.73710135370116,4.05352822887687,4.06979704665876,0.00321042817300523,0.0256465849858455,0.50108560761164,0.795628637884277,8,1,50,0.316024327818377,-0.2124384493623,8,2.18740009974701,1,-1.61863,2554,0.8,0,12,"both",0.316024327818377,-0.2124384493623
"396","session1",-9.73710135370116,4.05352822887687,4.06979704665876,0.00321042817300523,0.0256465849858455,0.50108560761164,0.795628637884277,8,1,50,0.316024327818377,-0.2124384493623,8,2.34071383662029,1,-11.65632,2554,0.8,0,12,"both",0.316024327818377,-0.2124384493623
"397","session1",-9.73710135370116,4.05352822887687,4.06979704665876,0.00321042817300523,0.0256465849858455,0.50108560761164,0.795628637884277,8,1,50,0.316024327818377,-0.2124384493623,8,2.41637673381125,1,-2.2133,2554,0.8,0,12,"both",0.316024327818377,-0.2124384493623
"398","session1",-9.73710135370116,4.05352822887687,4.06979704665876,0.00321042817300523,0.0256465849858455,0.50108560761164,0.795628637884277,8,1,50,0.316024327818377,-0.2124384493623,8,1.74554086041822,0,-14.97158,2554,0.8,0,12,"both",0.316024327818377,-0.2124384493623
"399","session1",-9.73710135370116,4.05352822887687,4.06979704665876,0.00321042817300523,0.0256465849858455,0.50108560761164,0.795628637884277,8,1,50,0.316024327818377,-0.2124384493623,8,5.33284734215379,1,-4.60887,2554,0.8,0,12,"both",0.316024327818377,-0.2124384493623
"400","session1",-9.73710135370116,4.05352822887687,4.06979704665876,0.00321042817300523,0.0256465849858455,0.50108560761164,0.795628637884277,8,1,50,0.316024327818377,-0.2124384493623,8,4.21718851175649,1,-4.94067,2554,0.8,0,12,"both",0.316024327818377,-0.2124384493623
"401","session1",-8.67821539907719,14.2370923236846,2.27727534323434,0.000411436076269929,0.324537030367299,0.398542403776395,0.390240342327017,9,1,50,0.316024327818377,-0.2124384493623,9,2.0588653486674,0,-6.3147711239,2554,0.8,0,12,"both",0.316024327818377,-0.2124384493623
"402","session1",-8.67821539907719,14.2370923236846,2.27727534323434,0.000411436076269929,0.324537030367299,0.398542403776395,0.390240342327017,9,1,50,0.316024327818377,-0.2124384493623,9,2.36579425306409,1,5.9894290726,2554,0.8,0,12,"both",0.316024327818377,-0.2124384493623
"403","session1",-8.67821539907719,14.2370923236846,2.27727534323434,0.000411436076269929,0.324537030367299,0.398542403776395,0.390240342327017,9,1,50,0.316024327818377,-0.2124384493623,9,2.89285003507593,1,1.3501891197,2554,0.8,0,12,"both",0.316024327818377,-0.2124384493623
"404","session1",-8.67821539907719,14.2370923236846,2.27727534323434,0.000411436076269929,0.324537030367299,0.398542403776395,0.390240342327017,9,1,50,0.316024327818377,-0.2124384493623,9,3.56727199507736,1,-3.14928104338,2554,0.8,0,12,"both",0.316024327818377,-0.2124384493623
"405","session1",-8.67821539907719,14.2370923236846,2.27727534323434,0.000411436076269929,0.324537030367299,0.398542403776395,0.390240342327017,9,1,50,0.316024327818377,-0.2124384493623,9,2.88124990870383,1,-3.74636,2554,0.8,0,12,"both",0.316024327818377,-0.2124384493623
"406","session1",-8.67821539907719,14.2370923236846,2.27727534323434,0.000411436076269929,0.324537030367299,0.398542403776395,0.390240342327017,9,1,50,0.316024327818377,-0.2124384493623,9,2.93729354240612,0,-12.09274,2554,0.8,0,12,"both",0.316024327818377,-0.2124384493623
"407","session1",-8.67821539907719,14.2370923236846,2.27727534323434,0.000411436076269929,0.324537030367299,0.398542403776395,0.390240342327017,9,1,50,0.316024327818377,-0.2124384493623,9,2.69553976452966,1,-0.9636,2554,0.8,0,12,"both",0.316024327818377,-0.2124384493623
"408","session1",-8.67821539907719,14.2370923236846,2.27727534323434,0.000411436076269929,0.324537030367299,0.398542403776395,0.390240342327017,9,1,50,0.316024327818377,-0.2124384493623,9,1.89974007057952,1,-7.25108,2554,0.8,0,12,"both",0.316024327818377,-0.2124384493623
"409","session1",-8.67821539907719,14.2370923236846,2.27727534323434,0.000411436076269929,0.324537030367299,0.398542403776395,0.390240342327017,9,1,50,0.316024327818377,-0.2124384493623,9,1.3047493339886,1,-9.45279,2554,0.8,0,12,"both",0.316024327818377,-0.2124384493623
"410","session1",-8.67821539907719,14.2370923236846,2.27727534323434,0.000411436076269929,0.324537030367299,0.398542403776395,0.390240342327017,9,1,50,0.316024327818377,-0.2124384493623,9,3.3217806993521,1,-4.19041,2554,0.8,0,12,"both",0.316024327818377,-0.2124384493623
"411","session1",-8.67821539907719,14.2370923236846,2.27727534323434,0.000411436076269929,0.324537030367299,0.398542403776395,0.390240342327017,9,1,50,0.316024327818377,-0.2124384493623,9,2.58311478635238,0,6.5649,2554,0.8,0,12,"both",0.316024327818377,-0.2124384493623
"412","session1",-8.67821539907719,14.2370923236846,2.27727534323434,0.000411436076269929,0.324537030367299,0.398542403776395,0.390240342327017,9,1,50,0.316024327818377,-0.2124384493623,9,1.25560800139708,0,-36.9013,2554,0.8,0,12,"both",0.316024327818377,-0.2124384493623
"413","session1",-8.67821539907719,14.2370923236846,2.27727534323434,0.000411436076269929,0.324537030367299,0.398542403776395,0.390240342327017,9,1,50,0.316024327818377,-0.2124384493623,9,3.45169436341177,1,-6.01155,2554,0.8,0,12,"both",0.316024327818377,-0.2124384493623
"414","session1",-8.67821539907719,14.2370923236846,2.27727534323434,0.000411436076269929,0.324537030367299,0.398542403776395,0.390240342327017,9,1,50,0.316024327818377,-0.2124384493623,9,4.23671451203915,1,-13.06086,2554,0.8,0,12,"both",0.316024327818377,-0.2124384493623
"415","session1",-8.67821539907719,14.2370923236846,2.27727534323434,0.000411436076269929,0.324537030367299,0.398542403776395,0.390240342327017,9,1,50,0.316024327818377,-0.2124384493623,9,1.90285349602365,0,-48.0652,2554,0.8,0,12,"both",0.316024327818377,-0.2124384493623
"416","session1",-8.67821539907719,14.2370923236846,2.27727534323434,0.000411436076269929,0.324537030367299,0.398542403776395,0.390240342327017,9,1,50,0.316024327818377,-0.2124384493623,9,1.65943242910774,0,1.1582,2554,0.8,0,12,"both",0.316024327818377,-0.2124384493623
"417","session1",-8.67821539907719,14.2370923236846,2.27727534323434,0.000411436076269929,0.324537030367299,0.398542403776395,0.390240342327017,9,1,50,0.316024327818377,-0.2124384493623,9,3.80620871070432,0,-8.32961,2554,0.8,0,12,"both",0.316024327818377,-0.2124384493623
"418","session1",-8.67821539907719,14.2370923236846,2.27727534323434,0.000411436076269929,0.324537030367299,0.398542403776395,0.390240342327017,9,1,50,0.316024327818377,-0.2124384493623,9,1.82414196183538,1,-16.9128,2554,0.8,0,12,"both",0.316024327818377,-0.2124384493623
"419","session1",-8.67821539907719,14.2370923236846,2.27727534323434,0.000411436076269929,0.324537030367299,0.398542403776395,0.390240342327017,9,1,50,0.316024327818377,-0.2124384493623,9,1.66009569523316,1,9.4337,2554,0.8,0,12,"both",0.316024327818377,-0.2124384493623
"420","session1",-8.67821539907719,14.2370923236846,2.27727534323434,0.000411436076269929,0.324537030367299,0.398542403776395,0.390240342327017,9,1,50,0.316024327818377,-0.2124384493623,9,3.4080735941451,0,-2.25277,2554,0.8,0,12,"both",0.316024327818377,-0.2124384493623
"421","session1",-8.67821539907719,14.2370923236846,2.27727534323434,0.000411436076269929,0.324537030367299,0.398542403776395,0.390240342327017,9,1,50,0.316024327818377,-0.2124384493623,9,2.87566799246978,1,-16.87672,2554,0.8,0,12,"both",0.316024327818377,-0.2124384493623
"422","session1",-8.67821539907719,14.2370923236846,2.27727534323434,0.000411436076269929,0.324537030367299,0.398542403776395,0.390240342327017,9,1,50,0.316024327818377,-0.2124384493623,9,2.63571953399711,0,-16.290976634,2554,0.8,0,12,"both",0.316024327818377,-0.2124384493623
"423","session1",-8.67821539907719,14.2370923236846,2.27727534323434,0.000411436076269929,0.324537030367299,0.398542403776395,0.390240342327017,9,1,50,0.316024327818377,-0.2124384493623,9,2.73456772477006,0,-26.3416,2554,0.8,0,12,"both",0.316024327818377,-0.2124384493623
"424","session1",-8.67821539907719,14.2370923236846,2.27727534323434,0.000411436076269929,0.324537030367299,0.398542403776395,0.390240342327017,9,1,50,0.316024327818377,-0.2124384493623,9,3.14532172361002,1,-17.005757,2554,0.8,0,12,"both",0.316024327818377,-0.2124384493623
"425","session1",-8.67821539907719,14.2370923236846,2.27727534323434,0.000411436076269929,0.324537030367299,0.398542403776395,0.390240342327017,9,1,50,0.316024327818377,-0.2124384493623,9,1.80828378223302,0,-27.60659,2554,0.8,0,12,"both",0.316024327818377,-0.2124384493623
"426","session1",-8.67821539907719,14.2370923236846,2.27727534323434,0.000411436076269929,0.324537030367299,0.398542403776395,0.390240342327017,9,1,50,0.316024327818377,-0.2124384493623,9,3.26236214272518,0,-15.5173722993,2554,0.8,0,12,"both",0.316024327818377,-0.2124384493623
"427","session1",-8.67821539907719,14.2370923236846,2.27727534323434,0.000411436076269929,0.324537030367299,0.398542403776395,0.390240342327017,9,1,50,0.316024327818377,-0.2124384493623,9,1.76765410360729,1,24.8314,2554,0.8,0,12,"both",0.316024327818377,-0.2124384493623
"428","session1",-8.67821539907719,14.2370923236846,2.27727534323434,0.000411436076269929,0.324537030367299,0.398542403776395,0.390240342327017,9,1,50,0.316024327818377,-0.2124384493623,9,1.72118988078829,0,-25.76913,2554,0.8,0,12,"both",0.316024327818377,-0.2124384493623
"429","session1",-8.67821539907719,14.2370923236846,2.27727534323434,0.000411436076269929,0.324537030367299,0.398542403776395,0.390240342327017,9,1,50,0.316024327818377,-0.2124384493623,9,2.11006250307408,0,-12.5311902521,2554,0.8,0,12,"both",0.316024327818377,-0.2124384493623
"430","session1",-8.67821539907719,14.2370923236846,2.27727534323434,0.000411436076269929,0.324537030367299,0.398542403776395,0.390240342327017,9,1,50,0.316024327818377,-0.2124384493623,9,7.01256894445508,0,-18.26219,2554,0.8,0,12,"both",0.316024327818377,-0.2124384493623
"431","session1",-8.67821539907719,14.2370923236846,2.27727534323434,0.000411436076269929,0.324537030367299,0.398542403776395,0.390240342327017,9,1,50,0.316024327818377,-0.2124384493623,9,2.5722017517095,0,-9.44865667921,2554,0.8,0,12,"both",0.316024327818377,-0.2124384493623
"432","session1",-8.67821539907719,14.2370923236846,2.27727534323434,0.000411436076269929,0.324537030367299,0.398542403776395,0.390240342327017,9,1,50,0.316024327818377,-0.2124384493623,9,2.46848257713178,1,10.3952,2554,0.8,0,12,"both",0.316024327818377,-0.2124384493623
"433","session1",-8.67821539907719,14.2370923236846,2.27727534323434,0.000411436076269929,0.324537030367299,0.398542403776395,0.390240342327017,9,1,50,0.316024327818377,-0.2124384493623,9,2.54423620451236,0,-23.3935,2554,0.8,0,12,"both",0.316024327818377,-0.2124384493623
"434","session1",-8.67821539907719,14.2370923236846,2.27727534323434,0.000411436076269929,0.324537030367299,0.398542403776395,0.390240342327017,9,1,50,0.316024327818377,-0.2124384493623,9,1.55215776858833,0,-37.15574,2554,0.8,0,12,"both",0.316024327818377,-0.2124384493623
"435","session1",-8.67821539907719,14.2370923236846,2.27727534323434,0.000411436076269929,0.324537030367299,0.398542403776395,0.390240342327017,9,1,50,0.316024327818377,-0.2124384493623,9,1.94572259146529,0,-43.9109,2554,0.8,0,12,"both",0.316024327818377,-0.2124384493623
"436","session1",-8.67821539907719,14.2370923236846,2.27727534323434,0.000411436076269929,0.324537030367299,0.398542403776395,0.390240342327017,9,1,50,0.316024327818377,-0.2124384493623,9,2.07274637799768,0,-41.70197,2554,0.8,0,12,"both",0.316024327818377,-0.2124384493623
"437","session1",-8.67821539907719,14.2370923236846,2.27727534323434,0.000411436076269929,0.324537030367299,0.398542403776395,0.390240342327017,9,1,50,0.316024327818377,-0.2124384493623,9,1.81364410289499,0,-21.68069,2554,0.8,0,12,"both",0.316024327818377,-0.2124384493623
"438","session1",-8.67821539907719,14.2370923236846,2.27727534323434,0.000411436076269929,0.324537030367299,0.398542403776395,0.390240342327017,9,1,50,0.316024327818377,-0.2124384493623,9,1.48718269624075,0,-29.5878,2554,0.8,0,12,"both",0.316024327818377,-0.2124384493623
"439","session1",-8.67821539907719,14.2370923236846,2.27727534323434,0.000411436076269929,0.324537030367299,0.398542403776395,0.390240342327017,9,1,50,0.316024327818377,-0.2124384493623,9,1.53868744215485,0,-24.10001,2554,0.8,0,12,"both",0.316024327818377,-0.2124384493623
"440","session1",-8.67821539907719,14.2370923236846,2.27727534323434,0.000411436076269929,0.324537030367299,0.398542403776395,0.390240342327017,9,1,50,0.316024327818377,-0.2124384493623,9,2.12188979828623,0,-18.90827,2554,0.8,0,12,"both",0.316024327818377,-0.2124384493623
"441","session1",-8.67821539907719,14.2370923236846,2.27727534323434,0.000411436076269929,0.324537030367299,0.398542403776395,0.390240342327017,9,1,50,0.316024327818377,-0.2124384493623,9,2.79146071714873,1,0.0686999999999998,2554,0.8,0,12,"both",0.316024327818377,-0.2124384493623
"442","session1",-8.67821539907719,14.2370923236846,2.27727534323434,0.000411436076269929,0.324537030367299,0.398542403776395,0.390240342327017,9,1,50,0.316024327818377,-0.2124384493623,9,2.96496326035288,1,3.26583,2554,0.8,0,12,"both",0.316024327818377,-0.2124384493623
"443","session1",-8.67821539907719,14.2370923236846,2.27727534323434,0.000411436076269929,0.324537030367299,0.398542403776395,0.390240342327017,9,1,50,0.316024327818377,-0.2124384493623,9,3.58451271372913,0,-24.3406,2554,0.8,0,12,"both",0.316024327818377,-0.2124384493623
"444","session1",-8.67821539907719,14.2370923236846,2.27727534323434,0.000411436076269929,0.324537030367299,0.398542403776395,0.390240342327017,9,1,50,0.316024327818377,-0.2124384493623,9,1.96895023870377,0,-15.3366,2554,0.8,0,12,"both",0.316024327818377,-0.2124384493623
"445","session1",-8.67821539907719,14.2370923236846,2.27727534323434,0.000411436076269929,0.324537030367299,0.398542403776395,0.390240342327017,9,1,50,0.316024327818377,-0.2124384493623,9,1.3848605664442,0,-22.02185,2554,0.8,0,12,"both",0.316024327818377,-0.2124384493623
"446","session1",-8.67821539907719,14.2370923236846,2.27727534323434,0.000411436076269929,0.324537030367299,0.398542403776395,0.390240342327017,9,1,50,0.316024327818377,-0.2124384493623,9,5.17091807153297,1,-20.11154,2554,0.8,0,12,"both",0.316024327818377,-0.2124384493623
"447","session1",-8.67821539907719,14.2370923236846,2.27727534323434,0.000411436076269929,0.324537030367299,0.398542403776395,0.390240342327017,9,1,50,0.316024327818377,-0.2124384493623,9,1.39159275543039,1,-19.21546,2554,0.8,0,12,"both",0.316024327818377,-0.2124384493623
"448","session1",-8.67821539907719,14.2370923236846,2.27727534323434,0.000411436076269929,0.324537030367299,0.398542403776395,0.390240342327017,9,1,50,0.316024327818377,-0.2124384493623,9,1.31779108888562,1,17.70598,2554,0.8,0,12,"both",0.316024327818377,-0.2124384493623
"449","session1",-8.67821539907719,14.2370923236846,2.27727534323434,0.000411436076269929,0.324537030367299,0.398542403776395,0.390240342327017,9,1,50,0.316024327818377,-0.2124384493623,9,2.439816766988,0,-24.09255,2554,0.8,0,12,"both",0.316024327818377,-0.2124384493623
"450","session1",-8.67821539907719,14.2370923236846,2.27727534323434,0.000411436076269929,0.324537030367299,0.398542403776395,0.390240342327017,9,1,50,0.316024327818377,-0.2124384493623,9,2.97286868017589,1,4.1359,2554,0.8,0,12,"both",0.316024327818377,-0.2124384493623
"451","session1",-29.9354840611627,6.08822239192591,2.64536200689495,0.00212237072177606,0.108515109492,0.576444371282464,0.756462137307448,10,1,50,0.316024327818377,-0.2124384493623,10,4.52218288066061,1,-6.64841512341,2554,0.8,0,12,"both",0.316024327818377,-0.2124384493623
"452","session1",-29.9354840611627,6.08822239192591,2.64536200689495,0.00212237072177606,0.108515109492,0.576444371282464,0.756462137307448,10,1,50,0.316024327818377,-0.2124384493623,10,2.71249228269043,1,-9.2264575617,2554,0.8,0,12,"both",0.316024327818377,-0.2124384493623
"453","session1",-29.9354840611627,6.08822239192591,2.64536200689495,0.00212237072177606,0.108515109492,0.576444371282464,0.756462137307448,10,1,50,0.316024327818377,-0.2124384493623,10,1.29286500038274,1,-18.6803535089,2554,0.8,0,12,"both",0.316024327818377,-0.2124384493623
"454","session1",-29.9354840611627,6.08822239192591,2.64536200689495,0.00212237072177606,0.108515109492,0.576444371282464,0.756462137307448,10,1,50,0.316024327818377,-0.2124384493623,10,3.18133215886961,1,-24.8848965779,2554,0.8,0,12,"both",0.316024327818377,-0.2124384493623
"455","session1",-29.9354840611627,6.08822239192591,2.64536200689495,0.00212237072177606,0.108515109492,0.576444371282464,0.756462137307448,10,1,50,0.316024327818377,-0.2124384493623,10,1.25189591795573,1,-23.04466,2554,0.8,0,12,"both",0.316024327818377,-0.2124384493623
"456","session1",-29.9354840611627,6.08822239192591,2.64536200689495,0.00212237072177606,0.108515109492,0.576444371282464,0.756462137307448,10,1,50,0.316024327818377,-0.2124384493623,10,3.62519494344035,0,-30.5449,2554,0.8,0,12,"both",0.316024327818377,-0.2124384493623
"457","session1",-29.9354840611627,6.08822239192591,2.64536200689495,0.00212237072177606,0.108515109492,0.576444371282464,0.756462137307448,10,1,50,0.316024327818377,-0.2124384493623,10,5.47126976868564,1,-27.55095,2554,0.8,0,12,"both",0.316024327818377,-0.2124384493623
"458","session1",-29.9354840611627,6.08822239192591,2.64536200689495,0.00212237072177606,0.108515109492,0.576444371282464,0.756462137307448,10,1,50,0.316024327818377,-0.2124384493623,10,4.63041504142837,1,-28.37818,2554,0.8,0,12,"both",0.316024327818377,-0.2124384493623
"459","session1",-29.9354840611627,6.08822239192591,2.64536200689495,0.00212237072177606,0.108515109492,0.576444371282464,0.756462137307448,10,1,50,0.316024327818377,-0.2124384493623,10,1.9056773362493,0,-35.59588,2554,0.8,0,12,"both",0.316024327818377,-0.2124384493623
"460","session1",-29.9354840611627,6.08822239192591,2.64536200689495,0.00212237072177606,0.108515109492,0.576444371282464,0.756462137307448,10,1,50,0.316024327818377,-0.2124384493623,10,3.1188795814764,0,-38.71484,2554,0.8,0,12,"both",0.316024327818377,-0.2124384493623
"461","session1",-29.9354840611627,6.08822239192591,2.64536200689495,0.00212237072177606,0.108515109492,0.576444371282464,0.756462137307448,10,1,50,0.316024327818377,-0.2124384493623,10,3.01190119272729,0,-34.03315,2554,0.8,0,12,"both",0.316024327818377,-0.2124384493623
"462","session1",-29.9354840611627,6.08822239192591,2.64536200689495,0.00212237072177606,0.108515109492,0.576444371282464,0.756462137307448,10,1,50,0.316024327818377,-0.2124384493623,10,2.90755080583712,1,-28.91949,2554,0.8,0,12,"both",0.316024327818377,-0.2124384493623
"463","session1",-29.9354840611627,6.08822239192591,2.64536200689495,0.00212237072177606,0.108515109492,0.576444371282464,0.756462137307448,10,1,50,0.316024327818377,-0.2124384493623,10,2.94510911974885,0,-28.66723,2554,0.8,0,12,"both",0.316024327818377,-0.2124384493623
"464","session1",-29.9354840611627,6.08822239192591,2.64536200689495,0.00212237072177606,0.108515109492,0.576444371282464,0.756462137307448,10,1,50,0.316024327818377,-0.2124384493623,10,5.88287370466891,0,-31.05733,2554,0.8,0,12,"both",0.316024327818377,-0.2124384493623
"465","session1",-29.9354840611627,6.08822239192591,2.64536200689495,0.00212237072177606,0.108515109492,0.576444371282464,0.756462137307448,10,1,50,0.316024327818377,-0.2124384493623,10,1.82656169387987,0,-30.47876,2554,0.8,0,12,"both",0.316024327818377,-0.2124384493623
"466","session1",-29.9354840611627,6.08822239192591,2.64536200689495,0.00212237072177606,0.108515109492,0.576444371282464,0.756462137307448,10,1,50,0.316024327818377,-0.2124384493623,10,4.51255287363433,0,-32.53102,2554,0.8,0,12,"both",0.316024327818377,-0.2124384493623
"467","session1",-29.9354840611627,6.08822239192591,2.64536200689495,0.00212237072177606,0.108515109492,0.576444371282464,0.756462137307448,10,1,50,0.316024327818377,-0.2124384493623,10,3.99822268707479,0,-28.26631,2554,0.8,0,12,"both",0.316024327818377,-0.2124384493623
"468","session1",-29.9354840611627,6.08822239192591,2.64536200689495,0.00212237072177606,0.108515109492,0.576444371282464,0.756462137307448,10,1,50,0.316024327818377,-0.2124384493623,10,2.55518625280867,1,-30.47164,2554,0.8,0,12,"both",0.316024327818377,-0.2124384493623
"469","session1",-29.9354840611627,6.08822239192591,2.64536200689495,0.00212237072177606,0.108515109492,0.576444371282464,0.756462137307448,10,1,50,0.316024327818377,-0.2124384493623,10,2.04489184410314,1,-26.13214,2554,0.8,0,12,"both",0.316024327818377,-0.2124384493623
"470","session1",-29.9354840611627,6.08822239192591,2.64536200689495,0.00212237072177606,0.108515109492,0.576444371282464,0.756462137307448,10,1,50,0.316024327818377,-0.2124384493623,10,3.26986734704885,1,-26.6227,2554,0.8,0,12,"both",0.316024327818377,-0.2124384493623
"471","session1",-29.9354840611627,6.08822239192591,2.64536200689495,0.00212237072177606,0.108515109492,0.576444371282464,0.756462137307448,10,1,50,0.316024327818377,-0.2124384493623,10,4.13164356123329,1,-22.9662,2554,0.8,0,12,"both",0.316024327818377,-0.2124384493623
"472","session1",-29.9354840611627,6.08822239192591,2.64536200689495,0.00212237072177606,0.108515109492,0.576444371282464,0.756462137307448,10,1,50,0.316024327818377,-0.2124384493623,10,3.77527540658979,0,-33.18125,2554,0.8,0,12,"both",0.316024327818377,-0.2124384493623
"473","session1",-29.9354840611627,6.08822239192591,2.64536200689495,0.00212237072177606,0.108515109492,0.576444371282464,0.756462137307448,10,1,50,0.316024327818377,-0.2124384493623,10,3.89432380847676,0,-27.43055,2554,0.8,0,12,"both",0.316024327818377,-0.2124384493623
"474","session1",-29.9354840611627,6.08822239192591,2.64536200689495,0.00212237072177606,0.108515109492,0.576444371282464,0.756462137307448,10,1,50,0.316024327818377,-0.2124384493623,10,2.55207645810806,1,-23.69696,2554,0.8,0,12,"both",0.316024327818377,-0.2124384493623
"475","session1",-29.9354840611627,6.08822239192591,2.64536200689495,0.00212237072177606,0.108515109492,0.576444371282464,0.756462137307448,10,1,50,0.316024327818377,-0.2124384493623,10,2.85784545632314,1,-30.94073,2554,0.8,0,12,"both",0.316024327818377,-0.2124384493623
"476","session1",-29.9354840611627,6.08822239192591,2.64536200689495,0.00212237072177606,0.108515109492,0.576444371282464,0.756462137307448,10,1,50,0.316024327818377,-0.2124384493623,10,7.12572142353174,1,-32.54113,2554,0.8,0,12,"both",0.316024327818377,-0.2124384493623
"477","session1",-29.9354840611627,6.08822239192591,2.64536200689495,0.00212237072177606,0.108515109492,0.576444371282464,0.756462137307448,10,1,50,0.316024327818377,-0.2124384493623,10,4.74557496959025,0,-31.50233,2554,0.8,0,12,"both",0.316024327818377,-0.2124384493623
"478","session1",-29.9354840611627,6.08822239192591,2.64536200689495,0.00212237072177606,0.108515109492,0.576444371282464,0.756462137307448,10,1,50,0.316024327818377,-0.2124384493623,10,3.06170453369896,1,-28.47954,2554,0.8,0,12,"both",0.316024327818377,-0.2124384493623
"479","session1",-29.9354840611627,6.08822239192591,2.64536200689495,0.00212237072177606,0.108515109492,0.576444371282464,0.756462137307448,10,1,50,0.316024327818377,-0.2124384493623,10,2.55982700621227,1,-27.38446,2554,0.8,0,12,"both",0.316024327818377,-0.2124384493623
"480","session1",-29.9354840611627,6.08822239192591,2.64536200689495,0.00212237072177606,0.108515109492,0.576444371282464,0.756462137307448,10,1,50,0.316024327818377,-0.2124384493623,10,2.8388993235235,1,-29.59743,2554,0.8,0,12,"both",0.316024327818377,-0.2124384493623
"481","session1",-29.9354840611627,6.08822239192591,2.64536200689495,0.00212237072177606,0.108515109492,0.576444371282464,0.756462137307448,10,1,50,0.316024327818377,-0.2124384493623,10,2.4576058884433,1,-22.29558,2554,0.8,0,12,"both",0.316024327818377,-0.2124384493623
"482","session1",-29.9354840611627,6.08822239192591,2.64536200689495,0.00212237072177606,0.108515109492,0.576444371282464,0.756462137307448,10,1,50,0.316024327818377,-0.2124384493623,10,3.90423666411353,0,-30.04564,2554,0.8,0,12,"both",0.316024327818377,-0.2124384493623
"483","session1",-29.9354840611627,6.08822239192591,2.64536200689495,0.00212237072177606,0.108515109492,0.576444371282464,0.756462137307448,10,1,50,0.316024327818377,-0.2124384493623,10,3.09716953844093,1,-27.81009,2554,0.8,0,12,"both",0.316024327818377,-0.2124384493623
"484","session1",-29.9354840611627,6.08822239192591,2.64536200689495,0.00212237072177606,0.108515109492,0.576444371282464,0.756462137307448,10,1,50,0.316024327818377,-0.2124384493623,10,3.82326949827208,0,-31.75228,2554,0.8,0,12,"both",0.316024327818377,-0.2124384493623
"485","session1",-29.9354840611627,6.08822239192591,2.64536200689495,0.00212237072177606,0.108515109492,0.576444371282464,0.756462137307448,10,1,50,0.316024327818377,-0.2124384493623,10,2.60958196536699,0,-31.878,2554,0.8,0,12,"both",0.316024327818377,-0.2124384493623
"486","session1",-29.9354840611627,6.08822239192591,2.64536200689495,0.00212237072177606,0.108515109492,0.576444371282464,0.756462137307448,10,1,50,0.316024327818377,-0.2124384493623,10,3.34319716547386,0,-38.18583,2554,0.8,0,12,"both",0.316024327818377,-0.2124384493623
"487","session1",-29.9354840611627,6.08822239192591,2.64536200689495,0.00212237072177606,0.108515109492,0.576444371282464,0.756462137307448,10,1,50,0.316024327818377,-0.2124384493623,10,3.3652038181442,1,-32.76057,2554,0.8,0,12,"both",0.316024327818377,-0.2124384493623
"488","session1",-29.9354840611627,6.08822239192591,2.64536200689495,0.00212237072177606,0.108515109492,0.576444371282464,0.756462137307448,10,1,50,0.316024327818377,-0.2124384493623,10,2.80306759053194,0,-27.90565,2554,0.8,0,12,"both",0.316024327818377,-0.2124384493623
"489","session1",-29.9354840611627,6.08822239192591,2.64536200689495,0.00212237072177606,0.108515109492,0.576444371282464,0.756462137307448,10,1,50,0.316024327818377,-0.2124384493623,10,2.33948337849598,0,-31.76967,2554,0.8,0,12,"both",0.316024327818377,-0.2124384493623
"490","session1",-29.9354840611627,6.08822239192591,2.64536200689495,0.00212237072177606,0.108515109492,0.576444371282464,0.756462137307448,10,1,50,0.316024327818377,-0.2124384493623,10,2.57716348262144,0,-27.00486,2554,0.8,0,12,"both",0.316024327818377,-0.2124384493623
"491","session1",-29.9354840611627,6.08822239192591,2.64536200689495,0.00212237072177606,0.108515109492,0.576444371282464,0.756462137307448,10,1,50,0.316024327818377,-0.2124384493623,10,3.14612028085637,1,-34.46736,2554,0.8,0,12,"both",0.316024327818377,-0.2124384493623
"492","session1",-29.9354840611627,6.08822239192591,2.64536200689495,0.00212237072177606,0.108515109492,0.576444371282464,0.756462137307448,10,1,50,0.316024327818377,-0.2124384493623,10,2.20693282537938,1,-24.7313,2554,0.8,0,12,"both",0.316024327818377,-0.2124384493623
"493","session1",-29.9354840611627,6.08822239192591,2.64536200689495,0.00212237072177606,0.108515109492,0.576444371282464,0.756462137307448,10,1,50,0.316024327818377,-0.2124384493623,10,1.20849940954244,0,-34.67434,2554,0.8,0,12,"both",0.316024327818377,-0.2124384493623
"494","session1",-29.9354840611627,6.08822239192591,2.64536200689495,0.00212237072177606,0.108515109492,0.576444371282464,0.756462137307448,10,1,50,0.316024327818377,-0.2124384493623,10,3.94964505075124,0,-35.50367,2554,0.8,0,12,"both",0.316024327818377,-0.2124384493623
"495","session1",-29.9354840611627,6.08822239192591,2.64536200689495,0.00212237072177606,0.108515109492,0.576444371282464,0.756462137307448,10,1,50,0.316024327818377,-0.2124384493623,10,2.18433606080215,1,-25.24572,2554,0.8,0,12,"both",0.316024327818377,-0.2124384493623
"496","session1",-29.9354840611627,6.08822239192591,2.64536200689495,0.00212237072177606,0.108515109492,0.576444371282464,0.756462137307448,10,1,50,0.316024327818377,-0.2124384493623,10,1.21678435059936,0,-36.9292,2554,0.8,0,12,"both",0.316024327818377,-0.2124384493623
"497","session1",-29.9354840611627,6.08822239192591,2.64536200689495,0.00212237072177606,0.108515109492,0.576444371282464,0.756462137307448,10,1,50,0.316024327818377,-0.2124384493623,10,2.29420787325821,0,-39.34154,2554,0.8,0,12,"both",0.316024327818377,-0.2124384493623
"498","session1",-29.9354840611627,6.08822239192591,2.64536200689495,0.00212237072177606,0.108515109492,0.576444371282464,0.756462137307448,10,1,50,0.316024327818377,-0.2124384493623,10,2.2108380260812,0,-33.19788,2554,0.8,0,12,"both",0.316024327818377,-0.2124384493623
"499","session1",-29.9354840611627,6.08822239192591,2.64536200689495,0.00212237072177606,0.108515109492,0.576444371282464,0.756462137307448,10,1,50,0.316024327818377,-0.2124384493623,10,2.34082640904907,0,-25.93607,2554,0.8,0,12,"both",0.316024327818377,-0.2124384493623
"500","session1",-29.9354840611627,6.08822239192591,2.64536200689495,0.00212237072177606,0.108515109492,0.576444371282464,0.756462137307448,10,1,50,0.316024327818377,-0.2124384493623,10,1.69442451475998,1,-36.58356,2554,0.8,0,12,"both",0.316024327818377,-0.2124384493623
"501","session1",-33.9922340985938,7.61551587405714,1.57359675912326,0.00757734020261744,0.910418491605618,0.35169740024325,0.28748557314626,11,1,50,0.316024327818377,-0.2124384493623,11,1.9590025086074,1,-8.6399106098,2554,0.8,0,12,"both",0.316024327818377,-0.2124384493623
"502","session1",-33.9922340985938,7.61551587405714,1.57359675912326,0.00757734020261744,0.910418491605618,0.35169740024325,0.28748557314626,11,1,50,0.316024327818377,-0.2124384493623,11,4.88446109143135,1,-12.563921597,2554,0.8,0,12,"both",0.316024327818377,-0.2124384493623
"503","session1",-33.9922340985938,7.61551587405714,1.57359675912326,0.00757734020261744,0.910418491605618,0.35169740024325,0.28748557314626,11,1,50,0.316024327818377,-0.2124384493623,11,2.52616992051062,1,-16.4389430717,2554,0.8,0,12,"both",0.316024327818377,-0.2124384493623
"504","session1",-33.9922340985938,7.61551587405714,1.57359675912326,0.00757734020261744,0.910418491605618,0.35169740024325,0.28748557314626,11,1,50,0.316024327818377,-0.2124384493623,11,5.79420881383335,1,-24.518910477,2554,0.8,0,12,"both",0.316024327818377,-0.2124384493623
"505","session1",-33.9922340985938,7.61551587405714,1.57359675912326,0.00757734020261744,0.910418491605618,0.35169740024325,0.28748557314626,11,1,50,0.316024327818377,-0.2124384493623,11,4.67708355319257,1,-33.29405,2554,0.8,0,12,"both",0.316024327818377,-0.2124384493623
"506","session1",-33.9922340985938,7.61551587405714,1.57359675912326,0.00757734020261744,0.910418491605618,0.35169740024325,0.28748557314626,11,1,50,0.316024327818377,-0.2124384493623,11,2.52717743750265,1,-6.6024,2554,0.8,0,12,"both",0.316024327818377,-0.2124384493623
"507","session1",-33.9922340985938,7.61551587405714,1.57359675912326,0.00757734020261744,0.910418491605618,0.35169740024325,0.28748557314626,11,1,50,0.316024327818377,-0.2124384493623,11,5.0772096321365,0,-29.26165,2554,0.8,0,12,"both",0.316024327818377,-0.2124384493623
"508","session1",-33.9922340985938,7.61551587405714,1.57359675912326,0.00757734020261744,0.910418491605618,0.35169740024325,0.28748557314626,11,1,50,0.316024327818377,-0.2124384493623,11,4.26746913916183,1,-25.96699,2554,0.8,0,12,"both",0.316024327818377,-0.2124384493623
"509","session1",-33.9922340985938,7.61551587405714,1.57359675912326,0.00757734020261744,0.910418491605618,0.35169740024325,0.28748557314626,11,1,50,0.316024327818377,-0.2124384493623,11,3.09836571341627,0,-49.4218,2554,0.8,0,12,"both",0.316024327818377,-0.2124384493623
"510","session1",-33.9922340985938,7.61551587405714,1.57359675912326,0.00757734020261744,0.910418491605618,0.35169740024325,0.28748557314626,11,1,50,0.316024327818377,-0.2124384493623,11,4.48676868540868,0,-47.0427,2554,0.8,0,12,"both",0.316024327818377,-0.2124384493623
"511","session1",-33.9922340985938,7.61551587405714,1.57359675912326,0.00757734020261744,0.910418491605618,0.35169740024325,0.28748557314626,11,1,50,0.316024327818377,-0.2124384493623,11,3.60026058343681,1,-22.5735,2554,0.8,0,12,"both",0.316024327818377,-0.2124384493623
"512","session1",-33.9922340985938,7.61551587405714,1.57359675912326,0.00757734020261744,0.910418491605618,0.35169740024325,0.28748557314626,11,1,50,0.316024327818377,-0.2124384493623,11,4.01912895833459,0,-41.05633,2554,0.8,0,12,"both",0.316024327818377,-0.2124384493623
"513","session1",-33.9922340985938,7.61551587405714,1.57359675912326,0.00757734020261744,0.910418491605618,0.35169740024325,0.28748557314626,11,1,50,0.316024327818377,-0.2124384493623,11,2.91392241728453,1,-31.77358,2554,0.8,0,12,"both",0.316024327818377,-0.2124384493623
"514","session1",-33.9922340985938,7.61551587405714,1.57359675912326,0.00757734020261744,0.910418491605618,0.35169740024325,0.28748557314626,11,1,50,0.316024327818377,-0.2124384493623,11,5.29877891517989,1,-25.29034,2554,0.8,0,12,"both",0.316024327818377,-0.2124384493623
"515","session1",-33.9922340985938,7.61551587405714,1.57359675912326,0.00757734020261744,0.910418491605618,0.35169740024325,0.28748557314626,11,1,50,0.316024327818377,-0.2124384493623,11,3.50219314527777,0,-41.86072,2554,0.8,0,12,"both",0.316024327818377,-0.2124384493623
"516","session1",-33.9922340985938,7.61551587405714,1.57359675912326,0.00757734020261744,0.910418491605618,0.35169740024325,0.28748557314626,11,1,50,0.316024327818377,-0.2124384493623,11,2.67868178523382,1,-45.50785,2554,0.8,0,12,"both",0.316024327818377,-0.2124384493623
"517","session1",-33.9922340985938,7.61551587405714,1.57359675912326,0.00757734020261744,0.910418491605618,0.35169740024325,0.28748557314626,11,1,50,0.316024327818377,-0.2124384493623,11,3.37483960489331,1,-23.2047,2554,0.8,0,12,"both",0.316024327818377,-0.2124384493623
"518","session1",-33.9922340985938,7.61551587405714,1.57359675912326,0.00757734020261744,0.910418491605618,0.35169740024325,0.28748557314626,11,1,50,0.316024327818377,-0.2124384493623,11,4.80546854764014,1,-23.62547,2554,0.8,0,12,"both",0.316024327818377,-0.2124384493623
"519","session1",-33.9922340985938,7.61551587405714,1.57359675912326,0.00757734020261744,0.910418491605618,0.35169740024325,0.28748557314626,11,1,50,0.316024327818377,-0.2124384493623,11,2.12267820823869,0,-48.8411,2554,0.8,0,12,"both",0.316024327818377,-0.2124384493623
"520","session1",-33.9922340985938,7.61551587405714,1.57359675912326,0.00757734020261744,0.910418491605618,0.35169740024325,0.28748557314626,11,1,50,0.316024327818377,-0.2124384493623,11,2.24543254041248,0,-44.42852,2554,0.8,0,12,"both",0.316024327818377,-0.2124384493623
"521","session1",-33.9922340985938,7.61551587405714,1.57359675912326,0.00757734020261744,0.910418491605618,0.35169740024325,0.28748557314626,11,1,50,0.316024327818377,-0.2124384493623,11,4.52819500399871,1,-33.89857,2554,0.8,0,12,"both",0.316024327818377,-0.2124384493623
"522","session1",-33.9922340985938,7.61551587405714,1.57359675912326,0.00757734020261744,0.910418491605618,0.35169740024325,0.28748557314626,11,1,50,0.316024327818377,-0.2124384493623,11,2.15560667356893,1,-17.0805,2554,0.8,0,12,"both",0.316024327818377,-0.2124384493623
"523","session1",-33.9922340985938,7.61551587405714,1.57359675912326,0.00757734020261744,0.910418491605618,0.35169740024325,0.28748557314626,11,1,50,0.316024327818377,-0.2124384493623,11,2.8429513611307,0,-42.69044,2554,0.8,0,12,"both",0.316024327818377,-0.2124384493623
"524","session1",-33.9922340985938,7.61551587405714,1.57359675912326,0.00757734020261744,0.910418491605618,0.35169740024325,0.28748557314626,11,1,50,0.316024327818377,-0.2124384493623,11,2.00538466843719,0,-46.89114,2554,0.8,0,12,"both",0.316024327818377,-0.2124384493623
"525","session1",-33.9922340985938,7.61551587405714,1.57359675912326,0.00757734020261744,0.910418491605618,0.35169740024325,0.28748557314626,11,1,50,0.316024327818377,-0.2124384493623,11,4.60396348329333,0,-30.0477,2554,0.8,0,12,"both",0.316024327818377,-0.2124384493623
"526","session1",-33.9922340985938,7.61551587405714,1.57359675912326,0.00757734020261744,0.910418491605618,0.35169740024325,0.28748557314626,11,1,50,0.316024327818377,-0.2124384493623,11,5.41757899962357,0,-42.21732,2554,0.8,0,12,"both",0.316024327818377,-0.2124384493623
"527","session1",-33.9922340985938,7.61551587405714,1.57359675912326,0.00757734020261744,0.910418491605618,0.35169740024325,0.28748557314626,11,1,50,0.316024327818377,-0.2124384493623,11,5.23479451578685,1,-29.39232,2554,0.8,0,12,"both",0.316024327818377,-0.2124384493623
"528","session1",-33.9922340985938,7.61551587405714,1.57359675912326,0.00757734020261744,0.910418491605618,0.35169740024325,0.28748557314626,11,1,50,0.316024327818377,-0.2124384493623,11,2.05888699514531,1,-18.4694,2554,0.8,0,12,"both",0.316024327818377,-0.2124384493623
"529","session1",-33.9922340985938,7.61551587405714,1.57359675912326,0.00757734020261744,0.910418491605618,0.35169740024325,0.28748557314626,11,1,50,0.316024327818377,-0.2124384493623,11,5.06706680056398,1,-26.87593,2554,0.8,0,12,"both",0.316024327818377,-0.2124384493623
"530","session1",-33.9922340985938,7.61551587405714,1.57359675912326,0.00757734020261744,0.910418491605618,0.35169740024325,0.28748557314626,11,1,50,0.316024327818377,-0.2124384493623,11,4.359838713859,1,-27.39782,2554,0.8,0,12,"both",0.316024327818377,-0.2124384493623
"531","session1",-33.9922340985938,7.61551587405714,1.57359675912326,0.00757734020261744,0.910418491605618,0.35169740024325,0.28748557314626,11,1,50,0.316024327818377,-0.2124384493623,11,2.34856944815917,0,-43.84471,2554,0.8,0,12,"both",0.316024327818377,-0.2124384493623
"532","session1",-33.9922340985938,7.61551587405714,1.57359675912326,0.00757734020261744,0.910418491605618,0.35169740024325,0.28748557314626,11,1,50,0.316024327818377,-0.2124384493623,11,5.50509216547881,0,-37.54602,2554,0.8,0,12,"both",0.316024327818377,-0.2124384493623
"533","session1",-33.9922340985938,7.61551587405714,1.57359675912326,0.00757734020261744,0.910418491605618,0.35169740024325,0.28748557314626,11,1,50,0.316024327818377,-0.2124384493623,11,4.39097484493226,0,-37.76928,2554,0.8,0,12,"both",0.316024327818377,-0.2124384493623
"534","session1",-33.9922340985938,7.61551587405714,1.57359675912326,0.00757734020261744,0.910418491605618,0.35169740024325,0.28748557314626,11,1,50,0.316024327818377,-0.2124384493623,11,4.72596111714085,1,-28.52181,2554,0.8,0,12,"both",0.316024327818377,-0.2124384493623
"535","session1",-33.9922340985938,7.61551587405714,1.57359675912326,0.00757734020261744,0.910418491605618,0.35169740024325,0.28748557314626,11,1,50,0.316024327818377,-0.2124384493623,11,2.93393534430677,1,-34.67614,2554,0.8,0,12,"both",0.316024327818377,-0.2124384493623
"536","session1",-33.9922340985938,7.61551587405714,1.57359675912326,0.00757734020261744,0.910418491605618,0.35169740024325,0.28748557314626,11,1,50,0.316024327818377,-0.2124384493623,11,4.68697845129924,1,-40.04482,2554,0.8,0,12,"both",0.316024327818377,-0.2124384493623
"537","session1",-33.9922340985938,7.61551587405714,1.57359675912326,0.00757734020261744,0.910418491605618,0.35169740024325,0.28748557314626,11,1,50,0.316024327818377,-0.2124384493623,11,2.51714578273929,0,-42.76613,2554,0.8,0,12,"both",0.316024327818377,-0.2124384493623
"538","session1",-33.9922340985938,7.61551587405714,1.57359675912326,0.00757734020261744,0.910418491605618,0.35169740024325,0.28748557314626,11,1,50,0.316024327818377,-0.2124384493623,11,6.99125570065867,1,-27.07645,2554,0.8,0,12,"both",0.316024327818377,-0.2124384493623
"539","session1",-33.9922340985938,7.61551587405714,1.57359675912326,0.00757734020261744,0.910418491605618,0.35169740024325,0.28748557314626,11,1,50,0.316024327818377,-0.2124384493623,11,5.50886997413007,1,-39.26029,2554,0.8,0,12,"both",0.316024327818377,-0.2124384493623
"540","session1",-33.9922340985938,7.61551587405714,1.57359675912326,0.00757734020261744,0.910418491605618,0.35169740024325,0.28748557314626,11,1,50,0.316024327818377,-0.2124384493623,11,6.23013848669833,0,-27.68499,2554,0.8,0,12,"both",0.316024327818377,-0.2124384493623
"541","session1",-33.9922340985938,7.61551587405714,1.57359675912326,0.00757734020261744,0.910418491605618,0.35169740024325,0.28748557314626,11,1,50,0.316024327818377,-0.2124384493623,11,2.8546957572609,1,-47.7948,2554,0.8,0,12,"both",0.316024327818377,-0.2124384493623
"542","session1",-33.9922340985938,7.61551587405714,1.57359675912326,0.00757734020261744,0.910418491605618,0.35169740024325,0.28748557314626,11,1,50,0.316024327818377,-0.2124384493623,11,1.41816620961611,0,-46.7234,2554,0.8,0,12,"both",0.316024327818377,-0.2124384493623
"543","session1",-33.9922340985938,7.61551587405714,1.57359675912326,0.00757734020261744,0.910418491605618,0.35169740024325,0.28748557314626,11,1,50,0.316024327818377,-0.2124384493623,11,3.16067931853118,0,-39.88495,2554,0.8,0,12,"both",0.316024327818377,-0.2124384493623
"544","session1",-33.9922340985938,7.61551587405714,1.57359675912326,0.00757734020261744,0.910418491605618,0.35169740024325,0.28748557314626,11,1,50,0.316024327818377,-0.2124384493623,11,4.1083467875524,1,-26.24765,2554,0.8,0,12,"both",0.316024327818377,-0.2124384493623
"545","session1",-33.9922340985938,7.61551587405714,1.57359675912326,0.00757734020261744,0.910418491605618,0.35169740024325,0.28748557314626,11,1,50,0.316024327818377,-0.2124384493623,11,3.42926932533038,1,-31.84146,2554,0.8,0,12,"both",0.316024327818377,-0.2124384493623
"546","session1",-33.9922340985938,7.61551587405714,1.57359675912326,0.00757734020261744,0.910418491605618,0.35169740024325,0.28748557314626,11,1,50,0.316024327818377,-0.2124384493623,11,3.03546754209465,0,-38.99264,2554,0.8,0,12,"both",0.316024327818377,-0.2124384493623
"547","session1",-33.9922340985938,7.61551587405714,1.57359675912326,0.00757734020261744,0.910418491605618,0.35169740024325,0.28748557314626,11,1,50,0.316024327818377,-0.2124384493623,11,2.15380977845212,0,-41.45951,2554,0.8,0,12,"both",0.316024327818377,-0.2124384493623
"548","session1",-33.9922340985938,7.61551587405714,1.57359675912326,0.00757734020261744,0.910418491605618,0.35169740024325,0.28748557314626,11,1,50,0.316024327818377,-0.2124384493623,11,4.40283367269283,0,-33.07734,2554,0.8,0,12,"both",0.316024327818377,-0.2124384493623
"549","session1",-33.9922340985938,7.61551587405714,1.57359675912326,0.00757734020261744,0.910418491605618,0.35169740024325,0.28748557314626,11,1,50,0.316024327818377,-0.2124384493623,11,3.63568933865734,1,-27.98018,2554,0.8,0,12,"both",0.316024327818377,-0.2124384493623
"550","session1",-33.9922340985938,7.61551587405714,1.57359675912326,0.00757734020261744,0.910418491605618,0.35169740024325,0.28748557314626,11,1,50,0.316024327818377,-0.2124384493623,11,2.97535648856035,1,-29.3277,2554,0.8,0,12,"both",0.316024327818377,-0.2124384493623
"551","session1",7.69559963851106,5.25031931189082,1.04305242456814,0.0747652954472923,0.607704800741107,0.483946878671033,0.660377665432766,12,1,50,0.316024327818377,-0.2124384493623,12,2.91118880064135,1,9.6179392556,2554,0.8,0,12,"both",0.316024327818377,-0.2124384493623
"552","session1",7.69559963851106,5.25031931189082,1.04305242456814,0.0747652954472923,0.607704800741107,0.483946878671033,0.660377665432766,12,1,50,0.316024327818377,-0.2124384493623,12,2.19331950292183,0,-5.6894580092,2554,0.8,0,12,"both",0.316024327818377,-0.2124384493623
"553","session1",7.69559963851106,5.25031931189082,1.04305242456814,0.0747652954472923,0.607704800741107,0.483946878671033,0.660377665432766,12,1,50,0.316024327818377,-0.2124384493623,12,2.48879408014945,0,-0.87592063876332,2554,0.8,0,12,"both",0.316024327818377,-0.2124384493623
"554","session1",7.69559963851106,5.25031931189082,1.04305242456814,0.0747652954472923,0.607704800741107,0.483946878671033,0.660377665432766,12,1,50,0.316024327818377,-0.2124384493623,12,6.31047229756144,0,5.3300874821,2554,0.8,0,12,"both",0.316024327818377,-0.2124384493623
"555","session1",7.69559963851106,5.25031931189082,1.04305242456814,0.0747652954472923,0.607704800741107,0.483946878671033,0.660377665432766,12,1,50,0.316024327818377,-0.2124384493623,12,3.67660506394406,1,9.76652,2554,0.8,0,12,"both",0.316024327818377,-0.2124384493623
"556","session1",7.69559963851106,5.25031931189082,1.04305242456814,0.0747652954472923,0.607704800741107,0.483946878671033,0.660377665432766,12,1,50,0.316024327818377,-0.2124384493623,12,3.19639128782997,0,-21.4358,2554,0.8,0,12,"both",0.316024327818377,-0.2124384493623
"557","session1",7.69559963851106,5.25031931189082,1.04305242456814,0.0747652954472923,0.607704800741107,0.483946878671033,0.660377665432766,12,1,50,0.316024327818377,-0.2124384493623,12,3.88116330522716,0,8.50061,2554,0.8,0,12,"both",0.316024327818377,-0.2124384493623
"558","session1",7.69559963851106,5.25031931189082,1.04305242456814,0.0747652954472923,0.607704800741107,0.483946878671033,0.660377665432766,12,1,50,0.316024327818377,-0.2124384493623,12,1.77337197024749,1,16.48532,2554,0.8,0,12,"both",0.316024327818377,-0.2124384493623
"559","session1",7.69559963851106,5.25031931189082,1.04305242456814,0.0747652954472923,0.607704800741107,0.483946878671033,0.660377665432766,12,1,50,0.316024327818377,-0.2124384493623,12,4.45521667563634,1,10.69293,2554,0.8,0,12,"both",0.316024327818377,-0.2124384493623
"560","session1",7.69559963851106,5.25031931189082,1.04305242456814,0.0747652954472923,0.607704800741107,0.483946878671033,0.660377665432766,12,1,50,0.316024327818377,-0.2124384493623,12,4.48843104503629,0,12.96196,2554,0.8,0,12,"both",0.316024327818377,-0.2124384493623
"561","session1",7.69559963851106,5.25031931189082,1.04305242456814,0.0747652954472923,0.607704800741107,0.483946878671033,0.660377665432766,12,1,50,0.316024327818377,-0.2124384493623,12,1.61275593241852,1,16.47918,2554,0.8,0,12,"both",0.316024327818377,-0.2124384493623
"562","session1",7.69559963851106,5.25031931189082,1.04305242456814,0.0747652954472923,0.607704800741107,0.483946878671033,0.660377665432766,12,1,50,0.316024327818377,-0.2124384493623,12,2.4924492380733,0,-19.317,2554,0.8,0,12,"both",0.316024327818377,-0.2124384493623
"563","session1",7.69559963851106,5.25031931189082,1.04305242456814,0.0747652954472923,0.607704800741107,0.483946878671033,0.660377665432766,12,1,50,0.316024327818377,-0.2124384493623,12,4.54438220344326,1,5.93077,2554,0.8,0,12,"both",0.316024327818377,-0.2124384493623
"564","session1",7.69559963851106,5.25031931189082,1.04305242456814,0.0747652954472923,0.607704800741107,0.483946878671033,0.660377665432766,12,1,50,0.316024327818377,-0.2124384493623,12,1.5689290597966,0,5.189512591,2554,0.8,0,12,"both",0.316024327818377,-0.2124384493623
"565","session1",7.69559963851106,5.25031931189082,1.04305242456814,0.0747652954472923,0.607704800741107,0.483946878671033,0.660377665432766,12,1,50,0.316024327818377,-0.2124384493623,12,4.48266931766605,1,6.16393,2554,0.8,0,12,"both",0.316024327818377,-0.2124384493623
"566","session1",7.69559963851106,5.25031931189082,1.04305242456814,0.0747652954472923,0.607704800741107,0.483946878671033,0.660377665432766,12,1,50,0.316024327818377,-0.2124384493623,12,3.98088658482141,0,-0.90129,2554,0.8,0,12,"both",0.316024327818377,-0.2124384493623
"567","session1",7.69559963851106,5.25031931189082,1.04305242456814,0.0747652954472923,0.607704800741107,0.483946878671033,0.660377665432766,12,1,50,0.316024327818377,-0.2124384493623,12,3.71302620702757,1,25.0786,2554,0.8,0,12,"both",0.316024327818377,-0.2124384493623
"568","session1",7.69559963851106,5.25031931189082,1.04305242456814,0.0747652954472923,0.607704800741107,0.483946878671033,0.660377665432766,12,1,50,0.316024327818377,-0.2124384493623,12,7.34527369959716,0,4.73252,2554,0.8,0,12,"both",0.316024327818377,-0.2124384493623
"569","session1",7.69559963851106,5.25031931189082,1.04305242456814,0.0747652954472923,0.607704800741107,0.483946878671033,0.660377665432766,12,1,50,0.316024327818377,-0.2124384493623,12,3.30991781249078,0,-7.072919,2554,0.8,0,12,"both",0.316024327818377,-0.2124384493623
"570","session1",7.69559963851106,5.25031931189082,1.04305242456814,0.0747652954472923,0.607704800741107,0.483946878671033,0.660377665432766,12,1,50,0.316024327818377,-0.2124384493623,12,3.73034394249033,0,-5.33648,2554,0.8,0,12,"both",0.316024327818377,-0.2124384493623
"571","session1",7.69559963851106,5.25031931189082,1.04305242456814,0.0747652954472923,0.607704800741107,0.483946878671033,0.660377665432766,12,1,50,0.316024327818377,-0.2124384493623,12,3.95679184370072,0,5.01769,2554,0.8,0,12,"both",0.316024327818377,-0.2124384493623
"572","session1",7.69559963851106,5.25031931189082,1.04305242456814,0.0747652954472923,0.607704800741107,0.483946878671033,0.660377665432766,12,1,50,0.316024327818377,-0.2124384493623,12,2.63603819118673,1,11.53185,2554,0.8,0,12,"both",0.316024327818377,-0.2124384493623
"573","session1",7.69559963851106,5.25031931189082,1.04305242456814,0.0747652954472923,0.607704800741107,0.483946878671033,0.660377665432766,12,1,50,0.316024327818377,-0.2124384493623,12,1.73721727269859,0,12.31025,2554,0.8,0,12,"both",0.316024327818377,-0.2124384493623
"574","session1",7.69559963851106,5.25031931189082,1.04305242456814,0.0747652954472923,0.607704800741107,0.483946878671033,0.660377665432766,12,1,50,0.316024327818377,-0.2124384493623,12,2.55585750865647,1,11.94419,2554,0.8,0,12,"both",0.316024327818377,-0.2124384493623
"575","session1",7.69559963851106,5.25031931189082,1.04305242456814,0.0747652954472923,0.607704800741107,0.483946878671033,0.660377665432766,12,1,50,0.316024327818377,-0.2124384493623,12,4.75200322727253,0,5.53008,2554,0.8,0,12,"both",0.316024327818377,-0.2124384493623
"576","session1",7.69559963851106,5.25031931189082,1.04305242456814,0.0747652954472923,0.607704800741107,0.483946878671033,0.660377665432766,12,1,50,0.316024327818377,-0.2124384493623,12,2.77223747559414,0,9.96145,2554,0.8,0,12,"both",0.316024327818377,-0.2124384493623
"577","session1",7.69559963851106,5.25031931189082,1.04305242456814,0.0747652954472923,0.607704800741107,0.483946878671033,0.660377665432766,12,1,50,0.316024327818377,-0.2124384493623,12,2.1760678800209,1,16.3251,2554,0.8,0,12,"both",0.316024327818377,-0.2124384493623
"578","session1",7.69559963851106,5.25031931189082,1.04305242456814,0.0747652954472923,0.607704800741107,0.483946878671033,0.660377665432766,12,1,50,0.316024327818377,-0.2124384493623,12,2.27011949580462,0,-0.12678,2554,0.8,0,12,"both",0.316024327818377,-0.2124384493623
"579","session1",7.69559963851106,5.25031931189082,1.04305242456814,0.0747652954472923,0.607704800741107,0.483946878671033,0.660377665432766,12,1,50,0.316024327818377,-0.2124384493623,12,3.77711507526509,1,11.3749,2554,0.8,0,12,"both",0.316024327818377,-0.2124384493623
"580","session1",7.69559963851106,5.25031931189082,1.04305242456814,0.0747652954472923,0.607704800741107,0.483946878671033,0.660377665432766,12,1,50,0.316024327818377,-0.2124384493623,12,5.20576626177057,0,1.20245,2554,0.8,0,12,"both",0.316024327818377,-0.2124384493623
"581","session1",7.69559963851106,5.25031931189082,1.04305242456814,0.0747652954472923,0.607704800741107,0.483946878671033,0.660377665432766,12,1,50,0.316024327818377,-0.2124384493623,12,2.2507018745486,1,11.77463,2554,0.8,0,12,"both",0.316024327818377,-0.2124384493623
"582","session1",7.69559963851106,5.25031931189082,1.04305242456814,0.0747652954472923,0.607704800741107,0.483946878671033,0.660377665432766,12,1,50,0.316024327818377,-0.2124384493623,12,1.81754523616276,1,47.5867,2554,0.8,0,12,"both",0.316024327818377,-0.2124384493623
"583","session1",7.69559963851106,5.25031931189082,1.04305242456814,0.0747652954472923,0.607704800741107,0.483946878671033,0.660377665432766,12,1,50,0.316024327818377,-0.2124384493623,12,2.2379638485022,1,14.43132,2554,0.8,0,12,"both",0.316024327818377,-0.2124384493623
"584","session1",7.69559963851106,5.25031931189082,1.04305242456814,0.0747652954472923,0.607704800741107,0.483946878671033,0.660377665432766,12,1,50,0.316024327818377,-0.2124384493623,12,2.36727881500522,0,0.4155,2554,0.8,0,12,"both",0.316024327818377,-0.2124384493623
"585","session1",7.69559963851106,5.25031931189082,1.04305242456814,0.0747652954472923,0.607704800741107,0.483946878671033,0.660377665432766,12,1,50,0.316024327818377,-0.2124384493623,12,3.01071824772125,0,-0.0542400000000001,2554,0.8,0,12,"both",0.316024327818377,-0.2124384493623
"586","session1",7.69559963851106,5.25031931189082,1.04305242456814,0.0747652954472923,0.607704800741107,0.483946878671033,0.660377665432766,12,1,50,0.316024327818377,-0.2124384493623,12,2.35856471191123,0,7.18327,2554,0.8,0,12,"both",0.316024327818377,-0.2124384493623
"587","session1",7.69559963851106,5.25031931189082,1.04305242456814,0.0747652954472923,0.607704800741107,0.483946878671033,0.660377665432766,12,1,50,0.316024327818377,-0.2124384493623,12,3.21792051244419,1,13.78162,2554,0.8,0,12,"both",0.316024327818377,-0.2124384493623
"588","session1",7.69559963851106,5.25031931189082,1.04305242456814,0.0747652954472923,0.607704800741107,0.483946878671033,0.660377665432766,12,1,50,0.316024327818377,-0.2124384493623,12,3.45351953992966,1,3.98091,2554,0.8,0,12,"both",0.316024327818377,-0.2124384493623
"589","session1",7.69559963851106,5.25031931189082,1.04305242456814,0.0747652954472923,0.607704800741107,0.483946878671033,0.660377665432766,12,1,50,0.316024327818377,-0.2124384493623,12,2.43322032299755,0,6.54366,2554,0.8,0,12,"both",0.316024327818377,-0.2124384493623
"590","session1",7.69559963851106,5.25031931189082,1.04305242456814,0.0747652954472923,0.607704800741107,0.483946878671033,0.660377665432766,12,1,50,0.316024327818377,-0.2124384493623,12,6.24883539181616,1,7.55403,2554,0.8,0,12,"both",0.316024327818377,-0.2124384493623
"591","session1",7.69559963851106,5.25031931189082,1.04305242456814,0.0747652954472923,0.607704800741107,0.483946878671033,0.660377665432766,12,1,50,0.316024327818377,-0.2124384493623,12,2.89623986806246,0,18.44264,2554,0.8,0,12,"both",0.316024327818377,-0.2124384493623
"592","session1",7.69559963851106,5.25031931189082,1.04305242456814,0.0747652954472923,0.607704800741107,0.483946878671033,0.660377665432766,12,1,50,0.316024327818377,-0.2124384493623,12,5.59260220661237,1,11.84316,2554,0.8,0,12,"both",0.316024327818377,-0.2124384493623
"593","session1",7.69559963851106,5.25031931189082,1.04305242456814,0.0747652954472923,0.607704800741107,0.483946878671033,0.660377665432766,12,1,50,0.316024327818377,-0.2124384493623,12,5.91869797125436,0,-3.1078,2554,0.8,0,12,"both",0.316024327818377,-0.2124384493623
"594","session1",7.69559963851106,5.25031931189082,1.04305242456814,0.0747652954472923,0.607704800741107,0.483946878671033,0.660377665432766,12,1,50,0.316024327818377,-0.2124384493623,12,3.80804400232544,1,15.71406,2554,0.8,0,12,"both",0.316024327818377,-0.2124384493623
"595","session1",7.69559963851106,5.25031931189082,1.04305242456814,0.0747652954472923,0.607704800741107,0.483946878671033,0.660377665432766,12,1,50,0.316024327818377,-0.2124384493623,12,3.44373544977534,0,-1.79206,2554,0.8,0,12,"both",0.316024327818377,-0.2124384493623
"596","session1",7.69559963851106,5.25031931189082,1.04305242456814,0.0747652954472923,0.607704800741107,0.483946878671033,0.660377665432766,12,1,50,0.316024327818377,-0.2124384493623,12,2.67686644955519,1,12.59574,2554,0.8,0,12,"both",0.316024327818377,-0.2124384493623
"597","session1",7.69559963851106,5.25031931189082,1.04305242456814,0.0747652954472923,0.607704800741107,0.483946878671033,0.660377665432766,12,1,50,0.316024327818377,-0.2124384493623,12,3.1800611850634,1,18.7432,2554,0.8,0,12,"both",0.316024327818377,-0.2124384493623
"598","session1",7.69559963851106,5.25031931189082,1.04305242456814,0.0747652954472923,0.607704800741107,0.483946878671033,0.660377665432766,12,1,50,0.316024327818377,-0.2124384493623,12,2.54920944494187,1,17.79345,2554,0.8,0,12,"both",0.316024327818377,-0.2124384493623
"599","session1",7.69559963851106,5.25031931189082,1.04305242456814,0.0747652954472923,0.607704800741107,0.483946878671033,0.660377665432766,12,1,50,0.316024327818377,-0.2124384493623,12,3.22805605034203,0,-2.0339,2554,0.8,0,12,"both",0.316024327818377,-0.2124384493623
"600","session1",7.69559963851106,5.25031931189082,1.04305242456814,0.0747652954472923,0.607704800741107,0.483946878671033,0.660377665432766,12,1,50,0.316024327818377,-0.2124384493623,12,6.64838898596762,0,2.54399,2554,0.8,0,12,"both",0.316024327818377,-0.2124384493623
"601","session2",-2.36784260994276,10.3853453525187,2.54121724857961,0.000397816824408467,0.0619164581726433,0.395541218896187,0.532901907201645,1,2,50,0.316024327818377,-0.2124384493623,13,1.59424700245385,1,9.20567846741,2554,0.8,0,12,"both",0.316024327818377,-0.2124384493623
"602","session2",-2.36784260994276,10.3853453525187,2.54121724857961,0.000397816824408467,0.0619164581726433,0.395541218896187,0.532901907201645,1,2,50,0.316024327818377,-0.2124384493623,13,2.3789322754408,0,-8.4290733788,2554,0.8,0,12,"both",0.316024327818377,-0.2124384493623
"603","session2",-2.36784260994276,10.3853453525187,2.54121724857961,0.000397816824408467,0.0619164581726433,0.395541218896187,0.532901907201645,1,2,50,0.316024327818377,-0.2124384493623,13,2.51918223147037,1,0.67106130812,2554,0.8,0,12,"both",0.316024327818377,-0.2124384493623
"604","session2",-2.36784260994276,10.3853453525187,2.54121724857961,0.000397816824408467,0.0619164581726433,0.395541218896187,0.532901907201645,1,2,50,0.316024327818377,-0.2124384493623,13,1.96134703818048,0,-3.63648203393,2554,0.8,0,12,"both",0.316024327818377,-0.2124384493623
"605","session2",-2.36784260994276,10.3853453525187,2.54121724857961,0.000397816824408467,0.0619164581726433,0.395541218896187,0.532901907201645,1,2,50,0.316024327818377,-0.2124384493623,13,1.34949312243219,0,-13.82977,2554,0.8,0,12,"both",0.316024327818377,-0.2124384493623
"606","session2",-2.36784260994276,10.3853453525187,2.54121724857961,0.000397816824408467,0.0619164581726433,0.395541218896187,0.532901907201645,1,2,50,0.316024327818377,-0.2124384493623,13,1.72629932736187,1,0.339975,2554,0.8,0,12,"both",0.316024327818377,-0.2124384493623
"607","session2",-2.36784260994276,10.3853453525187,2.54121724857961,0.000397816824408467,0.0619164581726433,0.395541218896187,0.532901907201645,1,2,50,0.316024327818377,-0.2124384493623,13,3.99317772819519,1,-2.61182,2554,0.8,0,12,"both",0.316024327818377,-0.2124384493623
"608","session2",-2.36784260994276,10.3853453525187,2.54121724857961,0.000397816824408467,0.0619164581726433,0.395541218896187,0.532901907201645,1,2,50,0.316024327818377,-0.2124384493623,13,2.52894583766358,0,-0.18898,2554,0.8,0,12,"both",0.316024327818377,-0.2124384493623
"609","session2",-2.36784260994276,10.3853453525187,2.54121724857961,0.000397816824408467,0.0619164581726433,0.395541218896187,0.532901907201645,1,2,50,0.316024327818377,-0.2124384493623,13,2.58119016151405,1,34.91965,2554,0.8,0,12,"both",0.316024327818377,-0.2124384493623
"610","session2",-2.36784260994276,10.3853453525187,2.54121724857961,0.000397816824408467,0.0619164581726433,0.395541218896187,0.532901907201645,1,2,50,0.316024327818377,-0.2124384493623,13,3.17231873813146,0,2.57486,2554,0.8,0,12,"both",0.316024327818377,-0.2124384493623
"611","session2",-2.36784260994276,10.3853453525187,2.54121724857961,0.000397816824408467,0.0619164581726433,0.395541218896187,0.532901907201645,1,2,50,0.316024327818377,-0.2124384493623,13,2.48012315197853,1,8.62824,2554,0.8,0,12,"both",0.316024327818377,-0.2124384493623
"612","session2",-2.36784260994276,10.3853453525187,2.54121724857961,0.000397816824408467,0.0619164581726433,0.395541218896187,0.532901907201645,1,2,50,0.316024327818377,-0.2124384493623,13,2.44432274459369,0,-39.83411,2554,0.8,0,12,"both",0.316024327818377,-0.2124384493623
"613","session2",-2.36784260994276,10.3853453525187,2.54121724857961,0.000397816824408467,0.0619164581726433,0.395541218896187,0.532901907201645,1,2,50,0.316024327818377,-0.2124384493623,13,2.27353270972742,1,4.63387,2554,0.8,0,12,"both",0.316024327818377,-0.2124384493623
"614","session2",-2.36784260994276,10.3853453525187,2.54121724857961,0.000397816824408467,0.0619164581726433,0.395541218896187,0.532901907201645,1,2,50,0.316024327818377,-0.2124384493623,13,2.74566172380003,0,-1.50734,2554,0.8,0,12,"both",0.316024327818377,-0.2124384493623
"615","session2",-2.36784260994276,10.3853453525187,2.54121724857961,0.000397816824408467,0.0619164581726433,0.395541218896187,0.532901907201645,1,2,50,0.316024327818377,-0.2124384493623,13,2.55254463969276,1,0.955344,2554,0.8,0,12,"both",0.316024327818377,-0.2124384493623
"616","session2",-2.36784260994276,10.3853453525187,2.54121724857961,0.000397816824408467,0.0619164581726433,0.395541218896187,0.532901907201645,1,2,50,0.316024327818377,-0.2124384493623,13,1.29908729844054,1,11.94686,2554,0.8,0,12,"both",0.316024327818377,-0.2124384493623
"617","session2",-2.36784260994276,10.3853453525187,2.54121724857961,0.000397816824408467,0.0619164581726433,0.395541218896187,0.532901907201645,1,2,50,0.316024327818377,-0.2124384493623,13,1.43599052498649,0,-14.20641,2554,0.8,0,12,"both",0.316024327818377,-0.2124384493623
"618","session2",-2.36784260994276,10.3853453525187,2.54121724857961,0.000397816824408467,0.0619164581726433,0.395541218896187,0.532901907201645,1,2,50,0.316024327818377,-0.2124384493623,13,1.2352801732007,0,-8.1066,2554,0.8,0,12,"both",0.316024327818377,-0.2124384493623
"619","session2",-2.36784260994276,10.3853453525187,2.54121724857961,0.000397816824408467,0.0619164581726433,0.395541218896187,0.532901907201645,1,2,50,0.316024327818377,-0.2124384493623,13,2.47009191047411,1,5.323,2554,0.8,0,12,"both",0.316024327818377,-0.2124384493623
"620","session2",-2.36784260994276,10.3853453525187,2.54121724857961,0.000397816824408467,0.0619164581726433,0.395541218896187,0.532901907201645,1,2,50,0.316024327818377,-0.2124384493623,13,2.42634426811113,0,-6.532168,2554,0.8,0,12,"both",0.316024327818377,-0.2124384493623
"621","session2",-2.36784260994276,10.3853453525187,2.54121724857961,0.000397816824408467,0.0619164581726433,0.395541218896187,0.532901907201645,1,2,50,0.316024327818377,-0.2124384493623,13,3.40295900854767,1,-6.99296,2554,0.8,0,12,"both",0.316024327818377,-0.2124384493623
"622","session2",-2.36784260994276,10.3853453525187,2.54121724857961,0.000397816824408467,0.0619164581726433,0.395541218896187,0.532901907201645,1,2,50,0.316024327818377,-0.2124384493623,13,2.61642083031918,1,-7.96748,2554,0.8,0,12,"both",0.316024327818377,-0.2124384493623
"623","session2",-2.36784260994276,10.3853453525187,2.54121724857961,0.000397816824408467,0.0619164581726433,0.395541218896187,0.532901907201645,1,2,50,0.316024327818377,-0.2124384493623,13,2.71282735974388,1,9.14269,2554,0.8,0,12,"both",0.316024327818377,-0.2124384493623
"624","session2",-2.36784260994276,10.3853453525187,2.54121724857961,0.000397816824408467,0.0619164581726433,0.395541218896187,0.532901907201645,1,2,50,0.316024327818377,-0.2124384493623,13,1.25977958779724,1,6.13943,2554,0.8,0,12,"both",0.316024327818377,-0.2124384493623
"625","session2",-2.36784260994276,10.3853453525187,2.54121724857961,0.000397816824408467,0.0619164581726433,0.395541218896187,0.532901907201645,1,2,50,0.316024327818377,-0.2124384493623,13,1.81845807968539,0,-12.46723,2554,0.8,0,12,"both",0.316024327818377,-0.2124384493623
"626","session2",-2.36784260994276,10.3853453525187,2.54121724857961,0.000397816824408467,0.0619164581726433,0.395541218896187,0.532901907201645,1,2,50,0.316024327818377,-0.2124384493623,13,1.42326380181797,1,24.876647,2554,0.8,0,12,"both",0.316024327818377,-0.2124384493623
"627","session2",-2.36784260994276,10.3853453525187,2.54121724857961,0.000397816824408467,0.0619164581726433,0.395541218896187,0.532901907201645,1,2,50,0.316024327818377,-0.2124384493623,13,2.36302539368621,0,-8.88624,2554,0.8,0,12,"both",0.316024327818377,-0.2124384493623
"628","session2",-2.36784260994276,10.3853453525187,2.54121724857961,0.000397816824408467,0.0619164581726433,0.395541218896187,0.532901907201645,1,2,50,0.316024327818377,-0.2124384493623,13,2.15992815298344,0,-5.65755,2554,0.8,0,12,"both",0.316024327818377,-0.2124384493623
"629","session2",-2.36784260994276,10.3853453525187,2.54121724857961,0.000397816824408467,0.0619164581726433,0.395541218896187,0.532901907201645,1,2,50,0.316024327818377,-0.2124384493623,13,1.7697876904565,0,-9.55841,2554,0.8,0,12,"both",0.316024327818377,-0.2124384493623
"630","session2",-2.36784260994276,10.3853453525187,2.54121724857961,0.000397816824408467,0.0619164581726433,0.395541218896187,0.532901907201645,1,2,50,0.316024327818377,-0.2124384493623,13,2.39123515069467,0,6.9115,2554,0.8,0,12,"both",0.316024327818377,-0.2124384493623
"631","session2",-2.36784260994276,10.3853453525187,2.54121724857961,0.000397816824408467,0.0619164581726433,0.395541218896187,0.532901907201645,1,2,50,0.316024327818377,-0.2124384493623,13,1.67090879799236,0,6.161625,2554,0.8,0,12,"both",0.316024327818377,-0.2124384493623
"632","session2",-2.36784260994276,10.3853453525187,2.54121724857961,0.000397816824408467,0.0619164581726433,0.395541218896187,0.532901907201645,1,2,50,0.316024327818377,-0.2124384493623,13,3.87346821853017,1,8.58512,2554,0.8,0,12,"both",0.316024327818377,-0.2124384493623
"633","session2",-2.36784260994276,10.3853453525187,2.54121724857961,0.000397816824408467,0.0619164581726433,0.395541218896187,0.532901907201645,1,2,50,0.316024327818377,-0.2124384493623,13,1.03238808760909,1,28.19596,2554,0.8,0,12,"both",0.316024327818377,-0.2124384493623
"634","session2",-2.36784260994276,10.3853453525187,2.54121724857961,0.000397816824408467,0.0619164581726433,0.395541218896187,0.532901907201645,1,2,50,0.316024327818377,-0.2124384493623,13,1.54532366415414,0,-10.47821,2554,0.8,0,12,"both",0.316024327818377,-0.2124384493623
"635","session2",-2.36784260994276,10.3853453525187,2.54121724857961,0.000397816824408467,0.0619164581726433,0.395541218896187,0.532901907201645,1,2,50,0.316024327818377,-0.2124384493623,13,2.91488432969929,0,-2.83049,2554,0.8,0,12,"both",0.316024327818377,-0.2124384493623
"636","session2",-2.36784260994276,10.3853453525187,2.54121724857961,0.000397816824408467,0.0619164581726433,0.395541218896187,0.532901907201645,1,2,50,0.316024327818377,-0.2124384493623,13,1.96246509389724,1,6.234594,2554,0.8,0,12,"both",0.316024327818377,-0.2124384493623
"637","session2",-2.36784260994276,10.3853453525187,2.54121724857961,0.000397816824408467,0.0619164581726433,0.395541218896187,0.532901907201645,1,2,50,0.316024327818377,-0.2124384493623,13,2.71803790262923,1,3.74735,2554,0.8,0,12,"both",0.316024327818377,-0.2124384493623
"638","session2",-2.36784260994276,10.3853453525187,2.54121724857961,0.000397816824408467,0.0619164581726433,0.395541218896187,0.532901907201645,1,2,50,0.316024327818377,-0.2124384493623,13,3.40314465353069,0,-11.00844,2554,0.8,0,12,"both",0.316024327818377,-0.2124384493623
"639","session2",-2.36784260994276,10.3853453525187,2.54121724857961,0.000397816824408467,0.0619164581726433,0.395541218896187,0.532901907201645,1,2,50,0.316024327818377,-0.2124384493623,13,2.50277624564055,1,7.36333,2554,0.8,0,12,"both",0.316024327818377,-0.2124384493623
"640","session2",-2.36784260994276,10.3853453525187,2.54121724857961,0.000397816824408467,0.0619164581726433,0.395541218896187,0.532901907201645,1,2,50,0.316024327818377,-0.2124384493623,13,1.60294187100889,0,9.91313,2554,0.8,0,12,"both",0.316024327818377,-0.2124384493623
"641","session2",-2.36784260994276,10.3853453525187,2.54121724857961,0.000397816824408467,0.0619164581726433,0.395541218896187,0.532901907201645,1,2,50,0.316024327818377,-0.2124384493623,13,2.69236642453168,0,-5.027226,2554,0.8,0,12,"both",0.316024327818377,-0.2124384493623
"642","session2",-2.36784260994276,10.3853453525187,2.54121724857961,0.000397816824408467,0.0619164581726433,0.395541218896187,0.532901907201645,1,2,50,0.316024327818377,-0.2124384493623,13,1.77353357310401,1,12.76265,2554,0.8,0,12,"both",0.316024327818377,-0.2124384493623
"643","session2",-2.36784260994276,10.3853453525187,2.54121724857961,0.000397816824408467,0.0619164581726433,0.395541218896187,0.532901907201645,1,2,50,0.316024327818377,-0.2124384493623,13,1.85347494451909,0,-12.95961,2554,0.8,0,12,"both",0.316024327818377,-0.2124384493623
"644","session2",-2.36784260994276,10.3853453525187,2.54121724857961,0.000397816824408467,0.0619164581726433,0.395541218896187,0.532901907201645,1,2,50,0.316024327818377,-0.2124384493623,13,4.2347839369509,0,-7.72861,2554,0.8,0,12,"both",0.316024327818377,-0.2124384493623
"645","session2",-2.36784260994276,10.3853453525187,2.54121724857961,0.000397816824408467,0.0619164581726433,0.395541218896187,0.532901907201645,1,2,50,0.316024327818377,-0.2124384493623,13,2.25973860452729,0,-6.84185,2554,0.8,0,12,"both",0.316024327818377,-0.2124384493623
"646","session2",-2.36784260994276,10.3853453525187,2.54121724857961,0.000397816824408467,0.0619164581726433,0.395541218896187,0.532901907201645,1,2,50,0.316024327818377,-0.2124384493623,13,0.97889199356897,1,9.525079,2554,0.8,0,12,"both",0.316024327818377,-0.2124384493623
"647","session2",-2.36784260994276,10.3853453525187,2.54121724857961,0.000397816824408467,0.0619164581726433,0.395541218896187,0.532901907201645,1,2,50,0.316024327818377,-0.2124384493623,13,1.23296425030162,1,11.55038,2554,0.8,0,12,"both",0.316024327818377,-0.2124384493623
"648","session2",-2.36784260994276,10.3853453525187,2.54121724857961,0.000397816824408467,0.0619164581726433,0.395541218896187,0.532901907201645,1,2,50,0.316024327818377,-0.2124384493623,13,3.38491179228662,0,-5.3989517,2554,0.8,0,12,"both",0.316024327818377,-0.2124384493623
"649","session2",-2.36784260994276,10.3853453525187,2.54121724857961,0.000397816824408467,0.0619164581726433,0.395541218896187,0.532901907201645,1,2,50,0.316024327818377,-0.2124384493623,13,1.62593686729041,1,3.942201,2554,0.8,0,12,"both",0.316024327818377,-0.2124384493623
"650","session2",-2.36784260994276,10.3853453525187,2.54121724857961,0.000397816824408467,0.0619164581726433,0.395541218896187,0.532901907201645,1,2,50,0.316024327818377,-0.2124384493623,13,2.6980706654508,0,-7.240021,2554,0.8,0,12,"both",0.316024327818377,-0.2124384493623
"651","session2",-5.30855964647919,15.8989669427906,1.45470324334379,0.000155808808809481,-0.0613830680037828,0.67537246028282,0.852254631356759,2,2,50,0.316024327818377,-0.2124384493623,14,1.78538741233109,1,-10.6122812941,2554,0.8,0,12,"both",0.316024327818377,-0.2124384493623
"652","session2",-5.30855964647919,15.8989669427906,1.45470324334379,0.000155808808809481,-0.0613830680037828,0.67537246028282,0.852254631356759,2,2,50,0.316024327818377,-0.2124384493623,14,1.88632052908183,1,-11.1307885364,2554,0.8,0,12,"both",0.316024327818377,-0.2124384493623
"653","session2",-5.30855964647919,15.8989669427906,1.45470324334379,0.000155808808809481,-0.0613830680037828,0.67537246028282,0.852254631356759,2,2,50,0.316024327818377,-0.2124384493623,14,2.63473541211044,0,-16.087677509,2554,0.8,0,12,"both",0.316024327818377,-0.2124384493623
"654","session2",-5.30855964647919,15.8989669427906,1.45470324334379,0.000155808808809481,-0.0613830680037828,0.67537246028282,0.852254631356759,2,2,50,0.316024327818377,-0.2124384493623,14,2.34040603331066,1,-11.2651838282,2554,0.8,0,12,"both",0.316024327818377,-0.2124384493623
"655","session2",-5.30855964647919,15.8989669427906,1.45470324334379,0.000155808808809481,-0.0613830680037828,0.67537246028282,0.852254631356759,2,2,50,0.316024327818377,-0.2124384493623,14,2.69052604386075,0,-17.4943,2554,0.8,0,12,"both",0.316024327818377,-0.2124384493623
"656","session2",-5.30855964647919,15.8989669427906,1.45470324334379,0.000155808808809481,-0.0613830680037828,0.67537246028282,0.852254631356759,2,2,50,0.316024327818377,-0.2124384493623,14,3.09744022972268,0,-6.86918,2554,0.8,0,12,"both",0.316024327818377,-0.2124384493623
"657","session2",-5.30855964647919,15.8989669427906,1.45470324334379,0.000155808808809481,-0.0613830680037828,0.67537246028282,0.852254631356759,2,2,50,0.316024327818377,-0.2124384493623,14,7.01605770362323,1,-5.5215055099,2554,0.8,0,12,"both",0.316024327818377,-0.2124384493623
"658","session2",-5.30855964647919,15.8989669427906,1.45470324334379,0.000155808808809481,-0.0613830680037828,0.67537246028282,0.852254631356759,2,2,50,0.316024327818377,-0.2124384493623,14,1.43815846098171,0,-14.383167779,2554,0.8,0,12,"both",0.316024327818377,-0.2124384493623
"659","session2",-5.30855964647919,15.8989669427906,1.45470324334379,0.000155808808809481,-0.0613830680037828,0.67537246028282,0.852254631356759,2,2,50,0.316024327818377,-0.2124384493623,14,4.35601397816228,1,-9.64379,2554,0.8,0,12,"both",0.316024327818377,-0.2124384493623
"660","session2",-5.30855964647919,15.8989669427906,1.45470324334379,0.000155808808809481,-0.0613830680037828,0.67537246028282,0.852254631356759,2,2,50,0.316024327818377,-0.2124384493623,14,1.71828822188259,0,-15.02269,2554,0.8,0,12,"both",0.316024327818377,-0.2124384493623
"661","session2",-5.30855964647919,15.8989669427906,1.45470324334379,0.000155808808809481,-0.0613830680037828,0.67537246028282,0.852254631356759,2,2,50,0.316024327818377,-0.2124384493623,14,3.52180773944012,1,-9.70649,2554,0.8,0,12,"both",0.316024327818377,-0.2124384493623
"662","session2",-5.30855964647919,15.8989669427906,1.45470324334379,0.000155808808809481,-0.0613830680037828,0.67537246028282,0.852254631356759,2,2,50,0.316024327818377,-0.2124384493623,14,2.01591705230732,0,-17.67097,2554,0.8,0,12,"both",0.316024327818377,-0.2124384493623
"663","session2",-5.30855964647919,15.8989669427906,1.45470324334379,0.000155808808809481,-0.0613830680037828,0.67537246028282,0.852254631356759,2,2,50,0.316024327818377,-0.2124384493623,14,2.03537934198328,0,-9.00241,2554,0.8,0,12,"both",0.316024327818377,-0.2124384493623
"664","session2",-5.30855964647919,15.8989669427906,1.45470324334379,0.000155808808809481,-0.0613830680037828,0.67537246028282,0.852254631356759,2,2,50,0.316024327818377,-0.2124384493623,14,2.41192984374782,0,-14.42131,2554,0.8,0,12,"both",0.316024327818377,-0.2124384493623
"665","session2",-5.30855964647919,15.8989669427906,1.45470324334379,0.000155808808809481,-0.0613830680037828,0.67537246028282,0.852254631356759,2,2,50,0.316024327818377,-0.2124384493623,14,1.27504830704054,1,-7.22233,2554,0.8,0,12,"both",0.316024327818377,-0.2124384493623
"666","session2",-5.30855964647919,15.8989669427906,1.45470324334379,0.000155808808809481,-0.0613830680037828,0.67537246028282,0.852254631356759,2,2,50,0.316024327818377,-0.2124384493623,14,5.36854754288635,0,-5.33719,2554,0.8,0,12,"both",0.316024327818377,-0.2124384493623
"667","session2",-5.30855964647919,15.8989669427906,1.45470324334379,0.000155808808809481,-0.0613830680037828,0.67537246028282,0.852254631356759,2,2,50,0.316024327818377,-0.2124384493623,14,1.27373977930994,1,-5.18787,2554,0.8,0,12,"both",0.316024327818377,-0.2124384493623
"668","session2",-5.30855964647919,15.8989669427906,1.45470324334379,0.000155808808809481,-0.0613830680037828,0.67537246028282,0.852254631356759,2,2,50,0.316024327818377,-0.2124384493623,14,2.64400914142798,1,-1.67916,2554,0.8,0,12,"both",0.316024327818377,-0.2124384493623
"669","session2",-5.30855964647919,15.8989669427906,1.45470324334379,0.000155808808809481,-0.0613830680037828,0.67537246028282,0.852254631356759,2,2,50,0.316024327818377,-0.2124384493623,14,2.2393843558432,0,-14.60215,2554,0.8,0,12,"both",0.316024327818377,-0.2124384493623
"670","session2",-5.30855964647919,15.8989669427906,1.45470324334379,0.000155808808809481,-0.0613830680037828,0.67537246028282,0.852254631356759,2,2,50,0.316024327818377,-0.2124384493623,14,1.1537293143647,1,-9.97845,2554,0.8,0,12,"both",0.316024327818377,-0.2124384493623
"671","session2",-5.30855964647919,15.8989669427906,1.45470324334379,0.000155808808809481,-0.0613830680037828,0.67537246028282,0.852254631356759,2,2,50,0.316024327818377,-0.2124384493623,14,2.15218495133722,1,-15.16633,2554,0.8,0,12,"both",0.316024327818377,-0.2124384493623
"672","session2",-5.30855964647919,15.8989669427906,1.45470324334379,0.000155808808809481,-0.0613830680037828,0.67537246028282,0.852254631356759,2,2,50,0.316024327818377,-0.2124384493623,14,4.02408481428434,1,-9.51484,2554,0.8,0,12,"both",0.316024327818377,-0.2124384493623
"673","session2",-5.30855964647919,15.8989669427906,1.45470324334379,0.000155808808809481,-0.0613830680037828,0.67537246028282,0.852254631356759,2,2,50,0.316024327818377,-0.2124384493623,14,1.88163081144509,0,-12.63910837,2554,0.8,0,12,"both",0.316024327818377,-0.2124384493623
"674","session2",-5.30855964647919,15.8989669427906,1.45470324334379,0.000155808808809481,-0.0613830680037828,0.67537246028282,0.852254631356759,2,2,50,0.316024327818377,-0.2124384493623,14,3.04626284633284,1,-11.95861,2554,0.8,0,12,"both",0.316024327818377,-0.2124384493623
"675","session2",-5.30855964647919,15.8989669427906,1.45470324334379,0.000155808808809481,-0.0613830680037828,0.67537246028282,0.852254631356759,2,2,50,0.316024327818377,-0.2124384493623,14,1.26136101341585,1,-23.54238,2554,0.8,0,12,"both",0.316024327818377,-0.2124384493623
"676","session2",-5.30855964647919,15.8989669427906,1.45470324334379,0.000155808808809481,-0.0613830680037828,0.67537246028282,0.852254631356759,2,2,50,0.316024327818377,-0.2124384493623,14,1.23396692413233,1,30.831,2554,0.8,0,12,"both",0.316024327818377,-0.2124384493623
"677","session2",-5.30855964647919,15.8989669427906,1.45470324334379,0.000155808808809481,-0.0613830680037828,0.67537246028282,0.852254631356759,2,2,50,0.316024327818377,-0.2124384493623,14,1.52054513331005,0,-18.83438,2554,0.8,0,12,"both",0.316024327818377,-0.2124384493623
"678","session2",-5.30855964647919,15.8989669427906,1.45470324334379,0.000155808808809481,-0.0613830680037828,0.67537246028282,0.852254631356759,2,2,50,0.316024327818377,-0.2124384493623,14,3.77816685603611,0,-14.11954771,2554,0.8,0,12,"both",0.316024327818377,-0.2124384493623
"679","session2",-5.30855964647919,15.8989669427906,1.45470324334379,0.000155808808809481,-0.0613830680037828,0.67537246028282,0.852254631356759,2,2,50,0.316024327818377,-0.2124384493623,14,3.61382091774936,0,-15.06706,2554,0.8,0,12,"both",0.316024327818377,-0.2124384493623
"680","session2",-5.30855964647919,15.8989669427906,1.45470324334379,0.000155808808809481,-0.0613830680037828,0.67537246028282,0.852254631356759,2,2,50,0.316024327818377,-0.2124384493623,14,1.88035870155392,0,-17.40316,2554,0.8,0,12,"both",0.316024327818377,-0.2124384493623
"681","session2",-5.30855964647919,15.8989669427906,1.45470324334379,0.000155808808809481,-0.0613830680037828,0.67537246028282,0.852254631356759,2,2,50,0.316024327818377,-0.2124384493623,14,2.34876949886462,0,-13.96864,2554,0.8,0,12,"both",0.316024327818377,-0.2124384493623
"682","session2",-5.30855964647919,15.8989669427906,1.45470324334379,0.000155808808809481,-0.0613830680037828,0.67537246028282,0.852254631356759,2,2,50,0.316024327818377,-0.2124384493623,14,4.28517528412689,0,-14.15043,2554,0.8,0,12,"both",0.316024327818377,-0.2124384493623
"683","session2",-5.30855964647919,15.8989669427906,1.45470324334379,0.000155808808809481,-0.0613830680037828,0.67537246028282,0.852254631356759,2,2,50,0.316024327818377,-0.2124384493623,14,1.65327009412961,0,-12.96423,2554,0.8,0,12,"both",0.316024327818377,-0.2124384493623
"684","session2",-5.30855964647919,15.8989669427906,1.45470324334379,0.000155808808809481,-0.0613830680037828,0.67537246028282,0.852254631356759,2,2,50,0.316024327818377,-0.2124384493623,14,2.27246536678839,0,-12.33105,2554,0.8,0,12,"both",0.316024327818377,-0.2124384493623
"685","session2",-5.30855964647919,15.8989669427906,1.45470324334379,0.000155808808809481,-0.0613830680037828,0.67537246028282,0.852254631356759,2,2,50,0.316024327818377,-0.2124384493623,14,1.56684852324936,1,-13.11619,2554,0.8,0,12,"both",0.316024327818377,-0.2124384493623
"686","session2",-5.30855964647919,15.8989669427906,1.45470324334379,0.000155808808809481,-0.0613830680037828,0.67537246028282,0.852254631356759,2,2,50,0.316024327818377,-0.2124384493623,14,1.80565786539963,0,-13.89879,2554,0.8,0,12,"both",0.316024327818377,-0.2124384493623
"687","session2",-5.30855964647919,15.8989669427906,1.45470324334379,0.000155808808809481,-0.0613830680037828,0.67537246028282,0.852254631356759,2,2,50,0.316024327818377,-0.2124384493623,14,1.57409004213064,0,-10.74556,2554,0.8,0,12,"both",0.316024327818377,-0.2124384493623
"688","session2",-5.30855964647919,15.8989669427906,1.45470324334379,0.000155808808809481,-0.0613830680037828,0.67537246028282,0.852254631356759,2,2,50,0.316024327818377,-0.2124384493623,14,1.64651218408407,1,-11.02797,2554,0.8,0,12,"both",0.316024327818377,-0.2124384493623
"689","session2",-5.30855964647919,15.8989669427906,1.45470324334379,0.000155808808809481,-0.0613830680037828,0.67537246028282,0.852254631356759,2,2,50,0.316024327818377,-0.2124384493623,14,1.64027985265044,1,-13.33684,2554,0.8,0,12,"both",0.316024327818377,-0.2124384493623
"690","session2",-5.30855964647919,15.8989669427906,1.45470324334379,0.000155808808809481,-0.0613830680037828,0.67537246028282,0.852254631356759,2,2,50,0.316024327818377,-0.2124384493623,14,4.38666128401719,0,-16.05287,2554,0.8,0,12,"both",0.316024327818377,-0.2124384493623
"691","session2",-5.30855964647919,15.8989669427906,1.45470324334379,0.000155808808809481,-0.0613830680037828,0.67537246028282,0.852254631356759,2,2,50,0.316024327818377,-0.2124384493623,14,1.67121821519323,0,-5.66402,2554,0.8,0,12,"both",0.316024327818377,-0.2124384493623
"692","session2",-5.30855964647919,15.8989669427906,1.45470324334379,0.000155808808809481,-0.0613830680037828,0.67537246028282,0.852254631356759,2,2,50,0.316024327818377,-0.2124384493623,14,1.36092725990276,1,-14.33213,2554,0.8,0,12,"both",0.316024327818377,-0.2124384493623
"693","session2",-5.30855964647919,15.8989669427906,1.45470324334379,0.000155808808809481,-0.0613830680037828,0.67537246028282,0.852254631356759,2,2,50,0.316024327818377,-0.2124384493623,14,1.09931277932424,1,13.3594,2554,0.8,0,12,"both",0.316024327818377,-0.2124384493623
"694","session2",-5.30855964647919,15.8989669427906,1.45470324334379,0.000155808808809481,-0.0613830680037828,0.67537246028282,0.852254631356759,2,2,50,0.316024327818377,-0.2124384493623,14,1.61640642458356,0,-15.02003,2554,0.8,0,12,"both",0.316024327818377,-0.2124384493623
"695","session2",-5.30855964647919,15.8989669427906,1.45470324334379,0.000155808808809481,-0.0613830680037828,0.67537246028282,0.852254631356759,2,2,50,0.316024327818377,-0.2124384493623,14,2.49903939450358,0,-18.28442,2554,0.8,0,12,"both",0.316024327818377,-0.2124384493623
"696","session2",-5.30855964647919,15.8989669427906,1.45470324334379,0.000155808808809481,-0.0613830680037828,0.67537246028282,0.852254631356759,2,2,50,0.316024327818377,-0.2124384493623,14,2.74983325576291,0,-5.72433,2554,0.8,0,12,"both",0.316024327818377,-0.2124384493623
"697","session2",-5.30855964647919,15.8989669427906,1.45470324334379,0.000155808808809481,-0.0613830680037828,0.67537246028282,0.852254631356759,2,2,50,0.316024327818377,-0.2124384493623,14,1.4672869004299,1,11.22069,2554,0.8,0,12,"both",0.316024327818377,-0.2124384493623
"698","session2",-5.30855964647919,15.8989669427906,1.45470324334379,0.000155808808809481,-0.0613830680037828,0.67537246028282,0.852254631356759,2,2,50,0.316024327818377,-0.2124384493623,14,1.69172529755524,1,1.0633,2554,0.8,0,12,"both",0.316024327818377,-0.2124384493623
"699","session2",-5.30855964647919,15.8989669427906,1.45470324334379,0.000155808808809481,-0.0613830680037828,0.67537246028282,0.852254631356759,2,2,50,0.316024327818377,-0.2124384493623,14,1.91985217722299,0,-6.84414,2554,0.8,0,12,"both",0.316024327818377,-0.2124384493623
"700","session2",-5.30855964647919,15.8989669427906,1.45470324334379,0.000155808808809481,-0.0613830680037828,0.67537246028282,0.852254631356759,2,2,50,0.316024327818377,-0.2124384493623,14,1.88419403156461,0,-20.96239,2554,0.8,0,12,"both",0.316024327818377,-0.2124384493623
"701","session2",9.09295741084442,12.4791045447304,2.08729853501429,0.000344112937168923,0.0901537679166164,0.408763348428725,0.530230194362659,3,2,50,0.316024327818377,-0.2124384493623,15,2.33289415134421,0,-9.5886346255,2554,0.8,0,12,"both",0.316024327818377,-0.2124384493623
"702","session2",9.09295741084442,12.4791045447304,2.08729853501429,0.000344112937168923,0.0901537679166164,0.408763348428725,0.530230194362659,3,2,50,0.316024327818377,-0.2124384493623,15,2.86637559168628,0,5.6607715197,2554,0.8,0,12,"both",0.316024327818377,-0.2124384493623
"703","session2",9.09295741084442,12.4791045447304,2.08729853501429,0.000344112937168923,0.0901537679166164,0.408763348428725,0.530230194362659,3,2,50,0.316024327818377,-0.2124384493623,15,3.37463305552793,0,13.3336066367,2554,0.8,0,12,"both",0.316024327818377,-0.2124384493623
"704","session2",9.09295741084442,12.4791045447304,2.08729853501429,0.000344112937168923,0.0901537679166164,0.408763348428725,0.530230194362659,3,2,50,0.316024327818377,-0.2124384493623,15,1.74196534214194,1,20.3107536,2554,0.8,0,12,"both",0.316024327818377,-0.2124384493623
"705","session2",9.09295741084442,12.4791045447304,2.08729853501429,0.000344112937168923,0.0901537679166164,0.408763348428725,0.530230194362659,3,2,50,0.316024327818377,-0.2124384493623,15,3.63562242931501,1,47.5525,2554,0.8,0,12,"both",0.316024327818377,-0.2124384493623
"706","session2",9.09295741084442,12.4791045447304,2.08729853501429,0.000344112937168923,0.0901537679166164,0.408763348428725,0.530230194362659,3,2,50,0.316024327818377,-0.2124384493623,15,2.14313379593439,0,18.63965,2554,0.8,0,12,"both",0.316024327818377,-0.2124384493623
"707","session2",9.09295741084442,12.4791045447304,2.08729853501429,0.000344112937168923,0.0901537679166164,0.408763348428725,0.530230194362659,3,2,50,0.316024327818377,-0.2124384493623,15,2.85714811596945,1,37.9994,2554,0.8,0,12,"both",0.316024327818377,-0.2124384493623
"708","session2",9.09295741084442,12.4791045447304,2.08729853501429,0.000344112937168923,0.0901537679166164,0.408763348428725,0.530230194362659,3,2,50,0.316024327818377,-0.2124384493623,15,2.07908795537238,0,18.82866,2554,0.8,0,12,"both",0.316024327818377,-0.2124384493623
"709","session2",9.09295741084442,12.4791045447304,2.08729853501429,0.000344112937168923,0.0901537679166164,0.408763348428725,0.530230194362659,3,2,50,0.316024327818377,-0.2124384493623,15,1.77677684313882,1,33.5118,2554,0.8,0,12,"both",0.316024327818377,-0.2124384493623
"710","session2",9.09295741084442,12.4791045447304,2.08729853501429,0.000344112937168923,0.0901537679166164,0.408763348428725,0.530230194362659,3,2,50,0.316024327818377,-0.2124384493623,15,1.49961926424586,1,22.00689,2554,0.8,0,12,"both",0.316024327818377,-0.2124384493623
"711","session2",9.09295741084442,12.4791045447304,2.08729853501429,0.000344112937168923,0.0901537679166164,0.408763348428725,0.530230194362659,3,2,50,0.316024327818377,-0.2124384493623,15,1.54269596234608,1,25.50131,2554,0.8,0,12,"both",0.316024327818377,-0.2124384493623
"712","session2",9.09295741084442,12.4791045447304,2.08729853501429,0.000344112937168923,0.0901537679166164,0.408763348428725,0.530230194362659,3,2,50,0.316024327818377,-0.2124384493623,15,1.68571652953079,1,18.31805,2554,0.8,0,12,"both",0.316024327818377,-0.2124384493623
"713","session2",9.09295741084442,12.4791045447304,2.08729853501429,0.000344112937168923,0.0901537679166164,0.408763348428725,0.530230194362659,3,2,50,0.316024327818377,-0.2124384493623,15,1.94986465369208,1,21.05721,2554,0.8,0,12,"both",0.316024327818377,-0.2124384493623
"714","session2",9.09295741084442,12.4791045447304,2.08729853501429,0.000344112937168923,0.0901537679166164,0.408763348428725,0.530230194362659,3,2,50,0.316024327818377,-0.2124384493623,15,1.4833606791128,0,21.29914,2554,0.8,0,12,"both",0.316024327818377,-0.2124384493623
"715","session2",9.09295741084442,12.4791045447304,2.08729853501429,0.000344112937168923,0.0901537679166164,0.408763348428725,0.530230194362659,3,2,50,0.316024327818377,-0.2124384493623,15,2.41951920093662,1,33.9393,2554,0.8,0,12,"both",0.316024327818377,-0.2124384493623
"716","session2",9.09295741084442,12.4791045447304,2.08729853501429,0.000344112937168923,0.0901537679166164,0.408763348428725,0.530230194362659,3,2,50,0.316024327818377,-0.2124384493623,15,1.60478336502747,1,9.51446,2554,0.8,0,12,"both",0.316024327818377,-0.2124384493623
"717","session2",9.09295741084442,12.4791045447304,2.08729853501429,0.000344112937168923,0.0901537679166164,0.408763348428725,0.530230194362659,3,2,50,0.316024327818377,-0.2124384493623,15,1.07439985032634,1,22.72986,2554,0.8,0,12,"both",0.316024327818377,-0.2124384493623
"718","session2",9.09295741084442,12.4791045447304,2.08729853501429,0.000344112937168923,0.0901537679166164,0.408763348428725,0.530230194362659,3,2,50,0.316024327818377,-0.2124384493623,15,1.35305572587806,1,31.9536,2554,0.8,0,12,"both",0.316024327818377,-0.2124384493623
"719","session2",9.09295741084442,12.4791045447304,2.08729853501429,0.000344112937168923,0.0901537679166164,0.408763348428725,0.530230194362659,3,2,50,0.316024327818377,-0.2124384493623,15,2.41251830766082,1,6.8761,2554,0.8,0,12,"both",0.316024327818377,-0.2124384493623
"720","session2",9.09295741084442,12.4791045447304,2.08729853501429,0.000344112937168923,0.0901537679166164,0.408763348428725,0.530230194362659,3,2,50,0.316024327818377,-0.2124384493623,15,2.41615018794218,0,-7.41808,2554,0.8,0,12,"both",0.316024327818377,-0.2124384493623
"721","session2",9.09295741084442,12.4791045447304,2.08729853501429,0.000344112937168923,0.0901537679166164,0.408763348428725,0.530230194362659,3,2,50,0.316024327818377,-0.2124384493623,15,1.24858367514588,0,-3.3732,2554,0.8,0,12,"both",0.316024327818377,-0.2124384493623
"722","session2",9.09295741084442,12.4791045447304,2.08729853501429,0.000344112937168923,0.0901537679166164,0.408763348428725,0.530230194362659,3,2,50,0.316024327818377,-0.2124384493623,15,1.93061083905998,0,14.67573,2554,0.8,0,12,"both",0.316024327818377,-0.2124384493623
"723","session2",9.09295741084442,12.4791045447304,2.08729853501429,0.000344112937168923,0.0901537679166164,0.408763348428725,0.530230194362659,3,2,50,0.316024327818377,-0.2124384493623,15,1.29875877170232,1,7.61618,2554,0.8,0,12,"both",0.316024327818377,-0.2124384493623
"724","session2",9.09295741084442,12.4791045447304,2.08729853501429,0.000344112937168923,0.0901537679166164,0.408763348428725,0.530230194362659,3,2,50,0.316024327818377,-0.2124384493623,15,2.99814666046206,1,0.10206,2554,0.8,0,12,"both",0.316024327818377,-0.2124384493623
"725","session2",9.09295741084442,12.4791045447304,2.08729853501429,0.000344112937168923,0.0901537679166164,0.408763348428725,0.530230194362659,3,2,50,0.316024327818377,-0.2124384493623,15,1.45676601040511,0,-12.46666,2554,0.8,0,12,"both",0.316024327818377,-0.2124384493623
"726","session2",9.09295741084442,12.4791045447304,2.08729853501429,0.000344112937168923,0.0901537679166164,0.408763348428725,0.530230194362659,3,2,50,0.316024327818377,-0.2124384493623,15,2.08390136528384,1,47.8854,2554,0.8,0,12,"both",0.316024327818377,-0.2124384493623
"727","session2",9.09295741084442,12.4791045447304,2.08729853501429,0.000344112937168923,0.0901537679166164,0.408763348428725,0.530230194362659,3,2,50,0.316024327818377,-0.2124384493623,15,2.13877736937141,0,-4.7392,2554,0.8,0,12,"both",0.316024327818377,-0.2124384493623
"728","session2",9.09295741084442,12.4791045447304,2.08729853501429,0.000344112937168923,0.0901537679166164,0.408763348428725,0.530230194362659,3,2,50,0.316024327818377,-0.2124384493623,15,1.42205048748435,0,-19.9293,2554,0.8,0,12,"both",0.316024327818377,-0.2124384493623
"729","session2",9.09295741084442,12.4791045447304,2.08729853501429,0.000344112937168923,0.0901537679166164,0.408763348428725,0.530230194362659,3,2,50,0.316024327818377,-0.2124384493623,15,2.08500099796493,0,9.95366,2554,0.8,0,12,"both",0.316024327818377,-0.2124384493623
"730","session2",9.09295741084442,12.4791045447304,2.08729853501429,0.000344112937168923,0.0901537679166164,0.408763348428725,0.530230194362659,3,2,50,0.316024327818377,-0.2124384493623,15,2.36159690764198,0,-2.74334,2554,0.8,0,12,"both",0.316024327818377,-0.2124384493623
"731","session2",9.09295741084442,12.4791045447304,2.08729853501429,0.000344112937168923,0.0901537679166164,0.408763348428725,0.530230194362659,3,2,50,0.316024327818377,-0.2124384493623,15,2.51574431087432,1,26.8992,2554,0.8,0,12,"both",0.316024327818377,-0.2124384493623
"732","session2",9.09295741084442,12.4791045447304,2.08729853501429,0.000344112937168923,0.0901537679166164,0.408763348428725,0.530230194362659,3,2,50,0.316024327818377,-0.2124384493623,15,3.1857978910633,1,5.65469,2554,0.8,0,12,"both",0.316024327818377,-0.2124384493623
"733","session2",9.09295741084442,12.4791045447304,2.08729853501429,0.000344112937168923,0.0901537679166164,0.408763348428725,0.530230194362659,3,2,50,0.316024327818377,-0.2124384493623,15,2.3082392222921,0,-2.4779,2554,0.8,0,12,"both",0.316024327818377,-0.2124384493623
"734","session2",9.09295741084442,12.4791045447304,2.08729853501429,0.000344112937168923,0.0901537679166164,0.408763348428725,0.530230194362659,3,2,50,0.316024327818377,-0.2124384493623,15,1.95971127395255,0,29.547,2554,0.8,0,12,"both",0.316024327818377,-0.2124384493623
"735","session2",9.09295741084442,12.4791045447304,2.08729853501429,0.000344112937168923,0.0901537679166164,0.408763348428725,0.530230194362659,3,2,50,0.316024327818377,-0.2124384493623,15,1.66584322031857,1,37.04009,2554,0.8,0,12,"both",0.316024327818377,-0.2124384493623
"736","session2",9.09295741084442,12.4791045447304,2.08729853501429,0.000344112937168923,0.0901537679166164,0.408763348428725,0.530230194362659,3,2,50,0.316024327818377,-0.2124384493623,15,2.18049363209362,0,16.18924,2554,0.8,0,12,"both",0.316024327818377,-0.2124384493623
"737","session2",9.09295741084442,12.4791045447304,2.08729853501429,0.000344112937168923,0.0901537679166164,0.408763348428725,0.530230194362659,3,2,50,0.316024327818377,-0.2124384493623,15,1.54554585430183,1,25.43013,2554,0.8,0,12,"both",0.316024327818377,-0.2124384493623
"738","session2",9.09295741084442,12.4791045447304,2.08729853501429,0.000344112937168923,0.0901537679166164,0.408763348428725,0.530230194362659,3,2,50,0.316024327818377,-0.2124384493623,15,3.28093351956733,0,14.71451,2554,0.8,0,12,"both",0.316024327818377,-0.2124384493623
"739","session2",9.09295741084442,12.4791045447304,2.08729853501429,0.000344112937168923,0.0901537679166164,0.408763348428725,0.530230194362659,3,2,50,0.316024327818377,-0.2124384493623,15,1.85418800791587,1,18.99544,2554,0.8,0,12,"both",0.316024327818377,-0.2124384493623
"740","session2",9.09295741084442,12.4791045447304,2.08729853501429,0.000344112937168923,0.0901537679166164,0.408763348428725,0.530230194362659,3,2,50,0.316024327818377,-0.2124384493623,15,2.21639679746906,0,22.3958,2554,0.8,0,12,"both",0.316024327818377,-0.2124384493623
"741","session2",9.09295741084442,12.4791045447304,2.08729853501429,0.000344112937168923,0.0901537679166164,0.408763348428725,0.530230194362659,3,2,50,0.316024327818377,-0.2124384493623,15,1.95846524928981,0,-23.13802,2554,0.8,0,12,"both",0.316024327818377,-0.2124384493623
"742","session2",9.09295741084442,12.4791045447304,2.08729853501429,0.000344112937168923,0.0901537679166164,0.408763348428725,0.530230194362659,3,2,50,0.316024327818377,-0.2124384493623,15,1.38339703373089,1,46.5185,2554,0.8,0,12,"both",0.316024327818377,-0.2124384493623
"743","session2",9.09295741084442,12.4791045447304,2.08729853501429,0.000344112937168923,0.0901537679166164,0.408763348428725,0.530230194362659,3,2,50,0.316024327818377,-0.2124384493623,15,1.76487360102099,0,-32.9808,2554,0.8,0,12,"both",0.316024327818377,-0.2124384493623
"744","session2",9.09295741084442,12.4791045447304,2.08729853501429,0.000344112937168923,0.0901537679166164,0.408763348428725,0.530230194362659,3,2,50,0.316024327818377,-0.2124384493623,15,1.66726543753529,0,-9.244,2554,0.8,0,12,"both",0.316024327818377,-0.2124384493623
"745","session2",9.09295741084442,12.4791045447304,2.08729853501429,0.000344112937168923,0.0901537679166164,0.408763348428725,0.530230194362659,3,2,50,0.316024327818377,-0.2124384493623,15,2.73676144357503,1,24.9846,2554,0.8,0,12,"both",0.316024327818377,-0.2124384493623
"746","session2",9.09295741084442,12.4791045447304,2.08729853501429,0.000344112937168923,0.0901537679166164,0.408763348428725,0.530230194362659,3,2,50,0.316024327818377,-0.2124384493623,15,1.89742355233422,0,-12.60757,2554,0.8,0,12,"both",0.316024327818377,-0.2124384493623
"747","session2",9.09295741084442,12.4791045447304,2.08729853501429,0.000344112937168923,0.0901537679166164,0.408763348428725,0.530230194362659,3,2,50,0.316024327818377,-0.2124384493623,15,2.69946862047556,1,32.9356,2554,0.8,0,12,"both",0.316024327818377,-0.2124384493623
"748","session2",9.09295741084442,12.4791045447304,2.08729853501429,0.000344112937168923,0.0901537679166164,0.408763348428725,0.530230194362659,3,2,50,0.316024327818377,-0.2124384493623,15,2.30365906731967,1,38.1632,2554,0.8,0,12,"both",0.316024327818377,-0.2124384493623
"749","session2",9.09295741084442,12.4791045447304,2.08729853501429,0.000344112937168923,0.0901537679166164,0.408763348428725,0.530230194362659,3,2,50,0.316024327818377,-0.2124384493623,15,1.68076685100516,0,2.5498,2554,0.8,0,12,"both",0.316024327818377,-0.2124384493623
"750","session2",9.09295741084442,12.4791045447304,2.08729853501429,0.000344112937168923,0.0901537679166164,0.408763348428725,0.530230194362659,3,2,50,0.316024327818377,-0.2124384493623,15,2.30579124786461,1,25.41211,2554,0.8,0,12,"both",0.316024327818377,-0.2124384493623
"751","session2",21.6658195504804,9.11200174517164,1.75629466821211,0.00138133626825303,0.758496798344056,0.310605248965802,0.235095459128021,4,2,50,0.316024327818377,-0.2124384493623,16,2.49578619053127,0,9.0178467882,2554,0.8,0,12,"both",0.316024327818377,-0.2124384493623
"752","session2",21.6658195504804,9.11200174517164,1.75629466821211,0.00138133626825303,0.758496798344056,0.310605248965802,0.235095459128021,4,2,50,0.316024327818377,-0.2124384493623,16,4.41605558430608,0,10.6286742378,2554,0.8,0,12,"both",0.316024327818377,-0.2124384493623
"753","session2",21.6658195504804,9.11200174517164,1.75629466821211,0.00138133626825303,0.758496798344056,0.310605248965802,0.235095459128021,4,2,50,0.316024327818377,-0.2124384493623,16,5.09190228511024,0,17.6670679535,2554,0.8,0,12,"both",0.316024327818377,-0.2124384493623
"754","session2",21.6658195504804,9.11200174517164,1.75629466821211,0.00138133626825303,0.758496798344056,0.310605248965802,0.235095459128021,4,2,50,0.316024327818377,-0.2124384493623,16,2.83612546439614,1,24.52883864,2554,0.8,0,12,"both",0.316024327818377,-0.2124384493623
"755","session2",21.6658195504804,9.11200174517164,1.75629466821211,0.00138133626825303,0.758496798344056,0.310605248965802,0.235095459128021,4,2,50,0.316024327818377,-0.2124384493623,16,3.04681922717428,1,39.6636,2554,0.8,0,12,"both",0.316024327818377,-0.2124384493623
"756","session2",21.6658195504804,9.11200174517164,1.75629466821211,0.00138133626825303,0.758496798344056,0.310605248965802,0.235095459128021,4,2,50,0.316024327818377,-0.2124384493623,16,3.58525781279726,0,22.4154,2554,0.8,0,12,"both",0.316024327818377,-0.2124384493623
"757","session2",21.6658195504804,9.11200174517164,1.75629466821211,0.00138133626825303,0.758496798344056,0.310605248965802,0.235095459128021,4,2,50,0.316024327818377,-0.2124384493623,16,4.18919696864069,0,21.17291,2554,0.8,0,12,"both",0.316024327818377,-0.2124384493623
"758","session2",21.6658195504804,9.11200174517164,1.75629466821211,0.00138133626825303,0.758496798344056,0.310605248965802,0.235095459128021,4,2,50,0.316024327818377,-0.2124384493623,16,3.07476759975082,1,30.91927,2554,0.8,0,12,"both",0.316024327818377,-0.2124384493623
"759","session2",21.6658195504804,9.11200174517164,1.75629466821211,0.00138133626825303,0.758496798344056,0.310605248965802,0.235095459128021,4,2,50,0.316024327818377,-0.2124384493623,16,2.30585466796667,1,18.26309,2554,0.8,0,12,"both",0.316024327818377,-0.2124384493623
"760","session2",21.6658195504804,9.11200174517164,1.75629466821211,0.00138133626825303,0.758496798344056,0.310605248965802,0.235095459128021,4,2,50,0.316024327818377,-0.2124384493623,16,2.7537066102848,0,-2.9087,2554,0.8,0,12,"both",0.316024327818377,-0.2124384493623
"761","session2",21.6658195504804,9.11200174517164,1.75629466821211,0.00138133626825303,0.758496798344056,0.310605248965802,0.235095459128021,4,2,50,0.316024327818377,-0.2124384493623,16,3.20594461415201,1,22.91385,2554,0.8,0,12,"both",0.316024327818377,-0.2124384493623
"762","session2",21.6658195504804,9.11200174517164,1.75629466821211,0.00138133626825303,0.758496798344056,0.310605248965802,0.235095459128021,4,2,50,0.316024327818377,-0.2124384493623,16,3.37850033551035,1,34.608,2554,0.8,0,12,"both",0.316024327818377,-0.2124384493623
"763","session2",21.6658195504804,9.11200174517164,1.75629466821211,0.00138133626825303,0.758496798344056,0.310605248965802,0.235095459128021,4,2,50,0.316024327818377,-0.2124384493623,16,4.53011771344954,1,17.82717,2554,0.8,0,12,"both",0.316024327818377,-0.2124384493623
"764","session2",21.6658195504804,9.11200174517164,1.75629466821211,0.00138133626825303,0.758496798344056,0.310605248965802,0.235095459128021,4,2,50,0.316024327818377,-0.2124384493623,16,3.04031328699128,0,18.00426927,2554,0.8,0,12,"both",0.316024327818377,-0.2124384493623
"765","session2",21.6658195504804,9.11200174517164,1.75629466821211,0.00138133626825303,0.758496798344056,0.310605248965802,0.235095459128021,4,2,50,0.316024327818377,-0.2124384493623,16,3.20204225012981,1,38.7265,2554,0.8,0,12,"both",0.316024327818377,-0.2124384493623
"766","session2",21.6658195504804,9.11200174517164,1.75629466821211,0.00138133626825303,0.758496798344056,0.310605248965802,0.235095459128021,4,2,50,0.316024327818377,-0.2124384493623,16,1.87009605222119,1,32.8141,2554,0.8,0,12,"both",0.316024327818377,-0.2124384493623
"767","session2",21.6658195504804,9.11200174517164,1.75629466821211,0.00138133626825303,0.758496798344056,0.310605248965802,0.235095459128021,4,2,50,0.316024327818377,-0.2124384493623,16,3.79905059292762,0,22.71097,2554,0.8,0,12,"both",0.316024327818377,-0.2124384493623
"768","session2",21.6658195504804,9.11200174517164,1.75629466821211,0.00138133626825303,0.758496798344056,0.310605248965802,0.235095459128021,4,2,50,0.316024327818377,-0.2124384493623,16,2.3272588775494,1,36.5704,2554,0.8,0,12,"both",0.316024327818377,-0.2124384493623
"769","session2",21.6658195504804,9.11200174517164,1.75629466821211,0.00138133626825303,0.758496798344056,0.310605248965802,0.235095459128021,4,2,50,0.316024327818377,-0.2124384493623,16,3.32474144186351,1,25.53296,2554,0.8,0,12,"both",0.316024327818377,-0.2124384493623
"770","session2",21.6658195504804,9.11200174517164,1.75629466821211,0.00138133626825303,0.758496798344056,0.310605248965802,0.235095459128021,4,2,50,0.316024327818377,-0.2124384493623,16,2.75146083872559,0,13.0408,2554,0.8,0,12,"both",0.316024327818377,-0.2124384493623
"771","session2",21.6658195504804,9.11200174517164,1.75629466821211,0.00138133626825303,0.758496798344056,0.310605248965802,0.235095459128021,4,2,50,0.316024327818377,-0.2124384493623,16,3.15425003997711,1,11.14107,2554,0.8,0,12,"both",0.316024327818377,-0.2124384493623
"772","session2",21.6658195504804,9.11200174517164,1.75629466821211,0.00138133626825303,0.758496798344056,0.310605248965802,0.235095459128021,4,2,50,0.316024327818377,-0.2124384493623,16,3.99153086911859,1,22.34423,2554,0.8,0,12,"both",0.316024327818377,-0.2124384493623
"773","session2",21.6658195504804,9.11200174517164,1.75629466821211,0.00138133626825303,0.758496798344056,0.310605248965802,0.235095459128021,4,2,50,0.316024327818377,-0.2124384493623,16,3.58696339387228,1,41.8721,2554,0.8,0,12,"both",0.316024327818377,-0.2124384493623
"774","session2",21.6658195504804,9.11200174517164,1.75629466821211,0.00138133626825303,0.758496798344056,0.310605248965802,0.235095459128021,4,2,50,0.316024327818377,-0.2124384493623,16,2.42521647552733,1,30.4261,2554,0.8,0,12,"both",0.316024327818377,-0.2124384493623
"775","session2",21.6658195504804,9.11200174517164,1.75629466821211,0.00138133626825303,0.758496798344056,0.310605248965802,0.235095459128021,4,2,50,0.316024327818377,-0.2124384493623,16,1.9607661724117,0,13.9866,2554,0.8,0,12,"both",0.316024327818377,-0.2124384493623
"776","session2",21.6658195504804,9.11200174517164,1.75629466821211,0.00138133626825303,0.758496798344056,0.310605248965802,0.235095459128021,4,2,50,0.316024327818377,-0.2124384493623,16,3.70216123207652,1,36.8018,2554,0.8,0,12,"both",0.316024327818377,-0.2124384493623
"777","session2",21.6658195504804,9.11200174517164,1.75629466821211,0.00138133626825303,0.758496798344056,0.310605248965802,0.235095459128021,4,2,50,0.316024327818377,-0.2124384493623,16,3.29849395016538,1,18.92885,2554,0.8,0,12,"both",0.316024327818377,-0.2124384493623
"778","session2",21.6658195504804,9.11200174517164,1.75629466821211,0.00138133626825303,0.758496798344056,0.310605248965802,0.235095459128021,4,2,50,0.316024327818377,-0.2124384493623,16,2.8916638741314,0,12.2264,2554,0.8,0,12,"both",0.316024327818377,-0.2124384493623
"779","session2",21.6658195504804,9.11200174517164,1.75629466821211,0.00138133626825303,0.758496798344056,0.310605248965802,0.235095459128021,4,2,50,0.316024327818377,-0.2124384493623,16,1.22261952789623,1,32.9523,2554,0.8,0,12,"both",0.316024327818377,-0.2124384493623
"780","session2",21.6658195504804,9.11200174517164,1.75629466821211,0.00138133626825303,0.758496798344056,0.310605248965802,0.235095459128021,4,2,50,0.316024327818377,-0.2124384493623,16,2.76017749795494,1,22.13114,2554,0.8,0,12,"both",0.316024327818377,-0.2124384493623
"781","session2",21.6658195504804,9.11200174517164,1.75629466821211,0.00138133626825303,0.758496798344056,0.310605248965802,0.235095459128021,4,2,50,0.316024327818377,-0.2124384493623,16,2.05556891876094,0,-1.1194,2554,0.8,0,12,"both",0.316024327818377,-0.2124384493623
"782","session2",21.6658195504804,9.11200174517164,1.75629466821211,0.00138133626825303,0.758496798344056,0.310605248965802,0.235095459128021,4,2,50,0.316024327818377,-0.2124384493623,16,3.11226506633728,0,8.73973,2554,0.8,0,12,"both",0.316024327818377,-0.2124384493623
"783","session2",21.6658195504804,9.11200174517164,1.75629466821211,0.00138133626825303,0.758496798344056,0.310605248965802,0.235095459128021,4,2,50,0.316024327818377,-0.2124384493623,16,2.76957417946988,0,12.70972,2554,0.8,0,12,"both",0.316024327818377,-0.2124384493623
"784","session2",21.6658195504804,9.11200174517164,1.75629466821211,0.00138133626825303,0.758496798344056,0.310605248965802,0.235095459128021,4,2,50,0.316024327818377,-0.2124384493623,16,3.24460612852447,0,11.90415,2554,0.8,0,12,"both",0.316024327818377,-0.2124384493623
"785","session2",21.6658195504804,9.11200174517164,1.75629466821211,0.00138133626825303,0.758496798344056,0.310605248965802,0.235095459128021,4,2,50,0.316024327818377,-0.2124384493623,16,3.73562205032605,0,26.56936,2554,0.8,0,12,"both",0.316024327818377,-0.2124384493623
"786","session2",21.6658195504804,9.11200174517164,1.75629466821211,0.00138133626825303,0.758496798344056,0.310605248965802,0.235095459128021,4,2,50,0.316024327818377,-0.2124384493623,16,2.79674039842587,1,23.88959,2554,0.8,0,12,"both",0.316024327818377,-0.2124384493623
"787","session2",21.6658195504804,9.11200174517164,1.75629466821211,0.00138133626825303,0.758496798344056,0.310605248965802,0.235095459128021,4,2,50,0.316024327818377,-0.2124384493623,16,3.03064400490748,1,25.8657,2554,0.8,0,12,"both",0.316024327818377,-0.2124384493623
"788","session2",21.6658195504804,9.11200174517164,1.75629466821211,0.00138133626825303,0.758496798344056,0.310605248965802,0.235095459128021,4,2,50,0.316024327818377,-0.2124384493623,16,3.94859246237506,0,14.75135,2554,0.8,0,12,"both",0.316024327818377,-0.2124384493623
"789","session2",21.6658195504804,9.11200174517164,1.75629466821211,0.00138133626825303,0.758496798344056,0.310605248965802,0.235095459128021,4,2,50,0.316024327818377,-0.2124384493623,16,2.63652791970339,0,10.85085,2554,0.8,0,12,"both",0.316024327818377,-0.2124384493623
"790","session2",21.6658195504804,9.11200174517164,1.75629466821211,0.00138133626825303,0.758496798344056,0.310605248965802,0.235095459128021,4,2,50,0.316024327818377,-0.2124384493623,16,3.57472518582823,0,13.8277,2554,0.8,0,12,"both",0.316024327818377,-0.2124384493623
"791","session2",21.6658195504804,9.11200174517164,1.75629466821211,0.00138133626825303,0.758496798344056,0.310605248965802,0.235095459128021,4,2,50,0.316024327818377,-0.2124384493623,16,2.54229039412131,0,12.70713,2554,0.8,0,12,"both",0.316024327818377,-0.2124384493623
"792","session2",21.6658195504804,9.11200174517164,1.75629466821211,0.00138133626825303,0.758496798344056,0.310605248965802,0.235095459128021,4,2,50,0.316024327818377,-0.2124384493623,16,2.48673100711964,1,24.45675,2554,0.8,0,12,"both",0.316024327818377,-0.2124384493623
"793","session2",21.6658195504804,9.11200174517164,1.75629466821211,0.00138133626825303,0.758496798344056,0.310605248965802,0.235095459128021,4,2,50,0.316024327818377,-0.2124384493623,16,3.05196685484682,1,26.87317,2554,0.8,0,12,"both",0.316024327818377,-0.2124384493623
"794","session2",21.6658195504804,9.11200174517164,1.75629466821211,0.00138133626825303,0.758496798344056,0.310605248965802,0.235095459128021,4,2,50,0.316024327818377,-0.2124384493623,16,3.08813803660597,1,13.70477,2554,0.8,0,12,"both",0.316024327818377,-0.2124384493623
"795","session2",21.6658195504804,9.11200174517164,1.75629466821211,0.00138133626825303,0.758496798344056,0.310605248965802,0.235095459128021,4,2,50,0.316024327818377,-0.2124384493623,16,3.59073435937542,0,11.84025,2554,0.8,0,12,"both",0.316024327818377,-0.2124384493623
"796","session2",21.6658195504804,9.11200174517164,1.75629466821211,0.00138133626825303,0.758496798344056,0.310605248965802,0.235095459128021,4,2,50,0.316024327818377,-0.2124384493623,16,3.79839432017813,0,16.48207,2554,0.8,0,12,"both",0.316024327818377,-0.2124384493623
"797","session2",21.6658195504804,9.11200174517164,1.75629466821211,0.00138133626825303,0.758496798344056,0.310605248965802,0.235095459128021,4,2,50,0.316024327818377,-0.2124384493623,16,4.90174888093513,1,23.54477,2554,0.8,0,12,"both",0.316024327818377,-0.2124384493623
"798","session2",21.6658195504804,9.11200174517164,1.75629466821211,0.00138133626825303,0.758496798344056,0.310605248965802,0.235095459128021,4,2,50,0.316024327818377,-0.2124384493623,16,2.90635862907134,0,25.98993,2554,0.8,0,12,"both",0.316024327818377,-0.2124384493623
"799","session2",21.6658195504804,9.11200174517164,1.75629466821211,0.00138133626825303,0.758496798344056,0.310605248965802,0.235095459128021,4,2,50,0.316024327818377,-0.2124384493623,16,3.1130697877734,0,25.1069,2554,0.8,0,12,"both",0.316024327818377,-0.2124384493623
"800","session2",21.6658195504804,9.11200174517164,1.75629466821211,0.00138133626825303,0.758496798344056,0.310605248965802,0.235095459128021,4,2,50,0.316024327818377,-0.2124384493623,16,3.52447191844259,0,27.29617,2554,0.8,0,12,"both",0.316024327818377,-0.2124384493623
"801","session2",-12.1390789617626,9.23634004909639,5.06788916247348,0.000268415943827722,-0.273803025610272,0.453092222468812,0.571648987980018,5,2,50,0.316024327818377,-0.2124384493623,17,5.9939371563001,1,-9.77329431011,2554,0.8,0,12,"both",0.316024327818377,-0.2124384493623
"802","session2",-12.1390789617626,9.23634004909639,5.06788916247348,0.000268415943827722,-0.273803025610272,0.453092222468812,0.571648987980018,5,2,50,0.316024327818377,-0.2124384493623,17,4.01767346752093,0,-11.6971317882,2554,0.8,0,12,"both",0.316024327818377,-0.2124384493623
"803","session2",-12.1390789617626,9.23634004909639,5.06788916247348,0.000268415943827722,-0.273803025610272,0.453092222468812,0.571648987980018,5,2,50,0.316024327818377,-0.2124384493623,17,2.46296376131429,1,-3.2218496056,2554,0.8,0,12,"both",0.316024327818377,-0.2124384493623
"804","session2",-12.1390789617626,9.23634004909639,5.06788916247348,0.000268415943827722,-0.273803025610272,0.453092222468812,0.571648987980018,5,2,50,0.316024327818377,-0.2124384493623,17,3.99405742946201,0,-11.1073100494,2554,0.8,0,12,"both",0.316024327818377,-0.2124384493623
"805","session2",-12.1390789617626,9.23634004909639,5.06788916247348,0.000268415943827722,-0.273803025610272,0.453092222468812,0.571648987980018,5,2,50,0.316024327818377,-0.2124384493623,17,3.7487824139497,0,-16.59982,2554,0.8,0,12,"both",0.316024327818377,-0.2124384493623
"806","session2",-12.1390789617626,9.23634004909639,5.06788916247348,0.000268415943827722,-0.273803025610272,0.453092222468812,0.571648987980018,5,2,50,0.316024327818377,-0.2124384493623,17,2.04292016656486,0,-14.97941,2554,0.8,0,12,"both",0.316024327818377,-0.2124384493623
"807","session2",-12.1390789617626,9.23634004909639,5.06788916247348,0.000268415943827722,-0.273803025610272,0.453092222468812,0.571648987980018,5,2,50,0.316024327818377,-0.2124384493623,17,2.4326818555053,1,-11.38403,2554,0.8,0,12,"both",0.316024327818377,-0.2124384493623
"808","session2",-12.1390789617626,9.23634004909639,5.06788916247348,0.000268415943827722,-0.273803025610272,0.453092222468812,0.571648987980018,5,2,50,0.316024327818377,-0.2124384493623,17,2.16902781917944,1,-2.46854,2554,0.8,0,12,"both",0.316024327818377,-0.2124384493623
"809","session2",-12.1390789617626,9.23634004909639,5.06788916247348,0.000268415943827722,-0.273803025610272,0.453092222468812,0.571648987980018,5,2,50,0.316024327818377,-0.2124384493623,17,2.18422115686138,1,-11.84783,2554,0.8,0,12,"both",0.316024327818377,-0.2124384493623
"810","session2",-12.1390789617626,9.23634004909639,5.06788916247348,0.000268415943827722,-0.273803025610272,0.453092222468812,0.571648987980018,5,2,50,0.316024327818377,-0.2124384493623,17,2.38926301595157,0,-4.72846,2554,0.8,0,12,"both",0.316024327818377,-0.2124384493623
"811","session2",-12.1390789617626,9.23634004909639,5.06788916247348,0.000268415943827722,-0.273803025610272,0.453092222468812,0.571648987980018,5,2,50,0.316024327818377,-0.2124384493623,17,1.25523759429862,1,40.49487,2554,0.8,0,12,"both",0.316024327818377,-0.2124384493623
"812","session2",-12.1390789617626,9.23634004909639,5.06788916247348,0.000268415943827722,-0.273803025610272,0.453092222468812,0.571648987980018,5,2,50,0.316024327818377,-0.2124384493623,17,2.67580081148613,1,-7.7974075157,2554,0.8,0,12,"both",0.316024327818377,-0.2124384493623
"813","session2",-12.1390789617626,9.23634004909639,5.06788916247348,0.000268415943827722,-0.273803025610272,0.453092222468812,0.571648987980018,5,2,50,0.316024327818377,-0.2124384493623,17,2.68711569182201,1,-10.1606913209,2554,0.8,0,12,"both",0.316024327818377,-0.2124384493623
"814","session2",-12.1390789617626,9.23634004909639,5.06788916247348,0.000268415943827722,-0.273803025610272,0.453092222468812,0.571648987980018,5,2,50,0.316024327818377,-0.2124384493623,17,2.1310051048085,0,-32.5967,2554,0.8,0,12,"both",0.316024327818377,-0.2124384493623
"815","session2",-12.1390789617626,9.23634004909639,5.06788916247348,0.000268415943827722,-0.273803025610272,0.453092222468812,0.571648987980018,5,2,50,0.316024327818377,-0.2124384493623,17,3.00359090400218,1,-17.08168,2554,0.8,0,12,"both",0.316024327818377,-0.2124384493623
"816","session2",-12.1390789617626,9.23634004909639,5.06788916247348,0.000268415943827722,-0.273803025610272,0.453092222468812,0.571648987980018,5,2,50,0.316024327818377,-0.2124384493623,17,1.36130853557606,0,-24.60944,2554,0.8,0,12,"both",0.316024327818377,-0.2124384493623
"817","session2",-12.1390789617626,9.23634004909639,5.06788916247348,0.000268415943827722,-0.273803025610272,0.453092222468812,0.571648987980018,5,2,50,0.316024327818377,-0.2124384493623,17,4.96692893036242,0,-12.17682,2554,0.8,0,12,"both",0.316024327818377,-0.2124384493623
"818","session2",-12.1390789617626,9.23634004909639,5.06788916247348,0.000268415943827722,-0.273803025610272,0.453092222468812,0.571648987980018,5,2,50,0.316024327818377,-0.2124384493623,17,1.85157841770029,1,7.7218,2554,0.8,0,12,"both",0.316024327818377,-0.2124384493623
"819","session2",-12.1390789617626,9.23634004909639,5.06788916247348,0.000268415943827722,-0.273803025610272,0.453092222468812,0.571648987980018,5,2,50,0.316024327818377,-0.2124384493623,17,2.48318205514203,1,18.3279,2554,0.8,0,12,"both",0.316024327818377,-0.2124384493623
"820","session2",-12.1390789617626,9.23634004909639,5.06788916247348,0.000268415943827722,-0.273803025610272,0.453092222468812,0.571648987980018,5,2,50,0.316024327818377,-0.2124384493623,17,3.1967384625147,1,-10.11052,2554,0.8,0,12,"both",0.316024327818377,-0.2124384493623
"821","session2",-12.1390789617626,9.23634004909639,5.06788916247348,0.000268415943827722,-0.273803025610272,0.453092222468812,0.571648987980018,5,2,50,0.316024327818377,-0.2124384493623,17,2.24853754291158,1,-3.33512,2554,0.8,0,12,"both",0.316024327818377,-0.2124384493623
"822","session2",-12.1390789617626,9.23634004909639,5.06788916247348,0.000268415943827722,-0.273803025610272,0.453092222468812,0.571648987980018,5,2,50,0.316024327818377,-0.2124384493623,17,3.1362079444868,1,-8.64127,2554,0.8,0,12,"both",0.316024327818377,-0.2124384493623
"823","session2",-12.1390789617626,9.23634004909639,5.06788916247348,0.000268415943827722,-0.273803025610272,0.453092222468812,0.571648987980018,5,2,50,0.316024327818377,-0.2124384493623,17,4.23275449614794,1,-11.62238,2554,0.8,0,12,"both",0.316024327818377,-0.2124384493623
"824","session2",-12.1390789617626,9.23634004909639,5.06788916247348,0.000268415943827722,-0.273803025610272,0.453092222468812,0.571648987980018,5,2,50,0.316024327818377,-0.2124384493623,17,3.36323770628116,0,-18.83433,2554,0.8,0,12,"both",0.316024327818377,-0.2124384493623
"825","session2",-12.1390789617626,9.23634004909639,5.06788916247348,0.000268415943827722,-0.273803025610272,0.453092222468812,0.571648987980018,5,2,50,0.316024327818377,-0.2124384493623,17,1.8072706543395,1,-0.369,2554,0.8,0,12,"both",0.316024327818377,-0.2124384493623
"826","session2",-12.1390789617626,9.23634004909639,5.06788916247348,0.000268415943827722,-0.273803025610272,0.453092222468812,0.571648987980018,5,2,50,0.316024327818377,-0.2124384493623,17,4.89273627433866,0,-9.60004,2554,0.8,0,12,"both",0.316024327818377,-0.2124384493623
"827","session2",-12.1390789617626,9.23634004909639,5.06788916247348,0.000268415943827722,-0.273803025610272,0.453092222468812,0.571648987980018,5,2,50,0.316024327818377,-0.2124384493623,17,2.82227691461444,1,-15.62555,2554,0.8,0,12,"both",0.316024327818377,-0.2124384493623
"828","session2",-12.1390789617626,9.23634004909639,5.06788916247348,0.000268415943827722,-0.273803025610272,0.453092222468812,0.571648987980018,5,2,50,0.316024327818377,-0.2124384493623,17,3.52888728446368,0,-16.23568,2554,0.8,0,12,"both",0.316024327818377,-0.2124384493623
"829","session2",-12.1390789617626,9.23634004909639,5.06788916247348,0.000268415943827722,-0.273803025610272,0.453092222468812,0.571648987980018,5,2,50,0.316024327818377,-0.2124384493623,17,3.31594895407866,1,-2.2753,2554,0.8,0,12,"both",0.316024327818377,-0.2124384493623
"830","session2",-12.1390789617626,9.23634004909639,5.06788916247348,0.000268415943827722,-0.273803025610272,0.453092222468812,0.571648987980018,5,2,50,0.316024327818377,-0.2124384493623,17,2.3963175435585,1,-16.90118,2554,0.8,0,12,"both",0.316024327818377,-0.2124384493623
"831","session2",-12.1390789617626,9.23634004909639,5.06788916247348,0.000268415943827722,-0.273803025610272,0.453092222468812,0.571648987980018,5,2,50,0.316024327818377,-0.2124384493623,17,1.62456917364286,1,-0.8857,2554,0.8,0,12,"both",0.316024327818377,-0.2124384493623
"832","session2",-12.1390789617626,9.23634004909639,5.06788916247348,0.000268415943827722,-0.273803025610272,0.453092222468812,0.571648987980018,5,2,50,0.316024327818377,-0.2124384493623,17,2.36971567968589,1,1.2906,2554,0.8,0,12,"both",0.316024327818377,-0.2124384493623
"833","session2",-12.1390789617626,9.23634004909639,5.06788916247348,0.000268415943827722,-0.273803025610272,0.453092222468812,0.571648987980018,5,2,50,0.316024327818377,-0.2124384493623,17,1.88436860981562,0,-11.2339,2554,0.8,0,12,"both",0.316024327818377,-0.2124384493623
"834","session2",-12.1390789617626,9.23634004909639,5.06788916247348,0.000268415943827722,-0.273803025610272,0.453092222468812,0.571648987980018,5,2,50,0.316024327818377,-0.2124384493623,17,1.71625789344951,0,-20.53793,2554,0.8,0,12,"both",0.316024327818377,-0.2124384493623
"835","session2",-12.1390789617626,9.23634004909639,5.06788916247348,0.000268415943827722,-0.273803025610272,0.453092222468812,0.571648987980018,5,2,50,0.316024327818377,-0.2124384493623,17,6.58275825329893,1,-6.58023,2554,0.8,0,12,"both",0.316024327818377,-0.2124384493623
"836","session2",-12.1390789617626,9.23634004909639,5.06788916247348,0.000268415943827722,-0.273803025610272,0.453092222468812,0.571648987980018,5,2,50,0.316024327818377,-0.2124384493623,17,1.38193194164954,0,-24.97874,2554,0.8,0,12,"both",0.316024327818377,-0.2124384493623
"837","session2",-12.1390789617626,9.23634004909639,5.06788916247348,0.000268415943827722,-0.273803025610272,0.453092222468812,0.571648987980018,5,2,50,0.316024327818377,-0.2124384493623,17,1.65010715856045,0,-30.9406,2554,0.8,0,12,"both",0.316024327818377,-0.2124384493623
"838","session2",-12.1390789617626,9.23634004909639,5.06788916247348,0.000268415943827722,-0.273803025610272,0.453092222468812,0.571648987980018,5,2,50,0.316024327818377,-0.2124384493623,17,2.18685323278833,1,-1.384,2554,0.8,0,12,"both",0.316024327818377,-0.2124384493623
"839","session2",-12.1390789617626,9.23634004909639,5.06788916247348,0.000268415943827722,-0.273803025610272,0.453092222468812,0.571648987980018,5,2,50,0.316024327818377,-0.2124384493623,17,3.2673959692007,1,-9.44827,2554,0.8,0,12,"both",0.316024327818377,-0.2124384493623
"840","session2",-12.1390789617626,9.23634004909639,5.06788916247348,0.000268415943827722,-0.273803025610272,0.453092222468812,0.571648987980018,5,2,50,0.316024327818377,-0.2124384493623,17,1.2015508142206,0,-27.633,2554,0.8,0,12,"both",0.316024327818377,-0.2124384493623
"841","session2",-12.1390789617626,9.23634004909639,5.06788916247348,0.000268415943827722,-0.273803025610272,0.453092222468812,0.571648987980018,5,2,50,0.316024327818377,-0.2124384493623,17,2.55728056723113,1,-2.21957,2554,0.8,0,12,"both",0.316024327818377,-0.2124384493623
"842","session2",-12.1390789617626,9.23634004909639,5.06788916247348,0.000268415943827722,-0.273803025610272,0.453092222468812,0.571648987980018,5,2,50,0.316024327818377,-0.2124384493623,17,1.3884150932064,0,-14.33296,2554,0.8,0,12,"both",0.316024327818377,-0.2124384493623
"843","session2",-12.1390789617626,9.23634004909639,5.06788916247348,0.000268415943827722,-0.273803025610272,0.453092222468812,0.571648987980018,5,2,50,0.316024327818377,-0.2124384493623,17,2.25685501558451,1,-16.58234,2554,0.8,0,12,"both",0.316024327818377,-0.2124384493623
"844","session2",-12.1390789617626,9.23634004909639,5.06788916247348,0.000268415943827722,-0.273803025610272,0.453092222468812,0.571648987980018,5,2,50,0.316024327818377,-0.2124384493623,17,1.43957514259627,1,1.5528,2554,0.8,0,12,"both",0.316024327818377,-0.2124384493623
"845","session2",-12.1390789617626,9.23634004909639,5.06788916247348,0.000268415943827722,-0.273803025610272,0.453092222468812,0.571648987980018,5,2,50,0.316024327818377,-0.2124384493623,17,1.59561061263948,0,-25.80282,2554,0.8,0,12,"both",0.316024327818377,-0.2124384493623
"846","session2",-12.1390789617626,9.23634004909639,5.06788916247348,0.000268415943827722,-0.273803025610272,0.453092222468812,0.571648987980018,5,2,50,0.316024327818377,-0.2124384493623,17,1.26797595018882,0,-2.234,2554,0.8,0,12,"both",0.316024327818377,-0.2124384493623
"847","session2",-12.1390789617626,9.23634004909639,5.06788916247348,0.000268415943827722,-0.273803025610272,0.453092222468812,0.571648987980018,5,2,50,0.316024327818377,-0.2124384493623,17,2.17875725888139,1,-16.73903,2554,0.8,0,12,"both",0.316024327818377,-0.2124384493623
"848","session2",-12.1390789617626,9.23634004909639,5.06788916247348,0.000268415943827722,-0.273803025610272,0.453092222468812,0.571648987980018,5,2,50,0.316024327818377,-0.2124384493623,17,2.38077835803114,1,-17.36682,2554,0.8,0,12,"both",0.316024327818377,-0.2124384493623
"849","session2",-12.1390789617626,9.23634004909639,5.06788916247348,0.000268415943827722,-0.273803025610272,0.453092222468812,0.571648987980018,5,2,50,0.316024327818377,-0.2124384493623,17,2.45830356653103,1,-7.4506,2554,0.8,0,12,"both",0.316024327818377,-0.2124384493623
"850","session2",-12.1390789617626,9.23634004909639,5.06788916247348,0.000268415943827722,-0.273803025610272,0.453092222468812,0.571648987980018,5,2,50,0.316024327818377,-0.2124384493623,17,2.42331550374871,0,-18.89116,2554,0.8,0,12,"both",0.316024327818377,-0.2124384493623
"851","session2",-20.8090484448644,16.6719345998042,2.44754035815285,0.000134963911936499,0.178896609614868,0.340568333471843,0.492493480870077,6,2,50,0.316024327818377,-0.2124384493623,18,1.81420771551894,1,-9.027201285,2554,0.8,0,12,"both",0.316024327818377,-0.2124384493623
"852","session2",-20.8090484448644,16.6719345998042,2.44754035815285,0.000134963911936499,0.178896609614868,0.340568333471843,0.492493480870077,6,2,50,0.316024327818377,-0.2124384493623,18,3.55890830750418,1,-13.07648681126,2554,0.8,0,12,"both",0.316024327818377,-0.2124384493623
"853","session2",-20.8090484448644,16.6719345998042,2.44754035815285,0.000134963911936499,0.178896609614868,0.340568333471843,0.492493480870077,6,2,50,0.316024327818377,-0.2124384493623,18,4.18333576801495,0,-18.9577223732,2554,0.8,0,12,"both",0.316024327818377,-0.2124384493623
"854","session2",-20.8090484448644,16.6719345998042,2.44754035815285,0.000134963911936499,0.178896609614868,0.340568333471843,0.492493480870077,6,2,50,0.316024327818377,-0.2124384493623,18,2.23835718335944,1,-12.3382413869,2554,0.8,0,12,"both",0.316024327818377,-0.2124384493623
"855","session2",-20.8090484448644,16.6719345998042,2.44754035815285,0.000134963911936499,0.178896609614868,0.340568333471843,0.492493480870077,6,2,50,0.316024327818377,-0.2124384493623,18,1.9726166563213,1,-17.75863936,2554,0.8,0,12,"both",0.316024327818377,-0.2124384493623
"856","session2",-20.8090484448644,16.6719345998042,2.44754035815285,0.000134963911936499,0.178896609614868,0.340568333471843,0.492493480870077,6,2,50,0.316024327818377,-0.2124384493623,18,3.93585470235199,1,-22.92092,2554,0.8,0,12,"both",0.316024327818377,-0.2124384493623
"857","session2",-20.8090484448644,16.6719345998042,2.44754035815285,0.000134963911936499,0.178896609614868,0.340568333471843,0.492493480870077,6,2,50,0.316024327818377,-0.2124384493623,18,1.87932885137617,0,-20.96869,2554,0.8,0,12,"both",0.316024327818377,-0.2124384493623
"858","session2",-20.8090484448644,16.6719345998042,2.44754035815285,0.000134963911936499,0.178896609614868,0.340568333471843,0.492493480870077,6,2,50,0.316024327818377,-0.2124384493623,18,2.120904642521,1,-15.16475,2554,0.8,0,12,"both",0.316024327818377,-0.2124384493623
"859","session2",-20.8090484448644,16.6719345998042,2.44754035815285,0.000134963911936499,0.178896609614868,0.340568333471843,0.492493480870077,6,2,50,0.316024327818377,-0.2124384493623,18,2.70512189297839,0,-21.503467789,2554,0.8,0,12,"both",0.316024327818377,-0.2124384493623
"860","session2",-20.8090484448644,16.6719345998042,2.44754035815285,0.000134963911936499,0.178896609614868,0.340568333471843,0.492493480870077,6,2,50,0.316024327818377,-0.2124384493623,18,4.10418881897297,0,-20.37936,2554,0.8,0,12,"both",0.316024327818377,-0.2124384493623
"861","session2",-20.8090484448644,16.6719345998042,2.44754035815285,0.000134963911936499,0.178896609614868,0.340568333471843,0.492493480870077,6,2,50,0.316024327818377,-0.2124384493623,18,3.53930032347135,1,-22.07345,2554,0.8,0,12,"both",0.316024327818377,-0.2124384493623
"862","session2",-20.8090484448644,16.6719345998042,2.44754035815285,0.000134963911936499,0.178896609614868,0.340568333471843,0.492493480870077,6,2,50,0.316024327818377,-0.2124384493623,18,2.19886181197777,0,-17.54264499,2554,0.8,0,12,"both",0.316024327818377,-0.2124384493623
"863","session2",-20.8090484448644,16.6719345998042,2.44754035815285,0.000134963911936499,0.178896609614868,0.340568333471843,0.492493480870077,6,2,50,0.316024327818377,-0.2124384493623,18,2.87035429357617,0,-40.2955,2554,0.8,0,12,"both",0.316024327818377,-0.2124384493623
"864","session2",-20.8090484448644,16.6719345998042,2.44754035815285,0.000134963911936499,0.178896609614868,0.340568333471843,0.492493480870077,6,2,50,0.316024327818377,-0.2124384493623,18,2.34220887011486,0,-32.9266,2554,0.8,0,12,"both",0.316024327818377,-0.2124384493623
"865","session2",-20.8090484448644,16.6719345998042,2.44754035815285,0.000134963911936499,0.178896609614868,0.340568333471843,0.492493480870077,6,2,50,0.316024327818377,-0.2124384493623,18,1.68426024340099,1,-13.21699,2554,0.8,0,12,"both",0.316024327818377,-0.2124384493623
"866","session2",-20.8090484448644,16.6719345998042,2.44754035815285,0.000134963911936499,0.178896609614868,0.340568333471843,0.492493480870077,6,2,50,0.316024327818377,-0.2124384493623,18,3.21731635914974,0,-21.4489,2554,0.8,0,12,"both",0.316024327818377,-0.2124384493623
"867","session2",-20.8090484448644,16.6719345998042,2.44754035815285,0.000134963911936499,0.178896609614868,0.340568333471843,0.492493480870077,6,2,50,0.316024327818377,-0.2124384493623,18,3.77454531326427,0,-22.35973,2554,0.8,0,12,"both",0.316024327818377,-0.2124384493623
"868","session2",-20.8090484448644,16.6719345998042,2.44754035815285,0.000134963911936499,0.178896609614868,0.340568333471843,0.492493480870077,6,2,50,0.316024327818377,-0.2124384493623,18,3.45346463480722,0,-19.81719,2554,0.8,0,12,"both",0.316024327818377,-0.2124384493623
"869","session2",-20.8090484448644,16.6719345998042,2.44754035815285,0.000134963911936499,0.178896609614868,0.340568333471843,0.492493480870077,6,2,50,0.316024327818377,-0.2124384493623,18,2.99392053254914,1,-11.05184,2554,0.8,0,12,"both",0.316024327818377,-0.2124384493623
"870","session2",-20.8090484448644,16.6719345998042,2.44754035815285,0.000134963911936499,0.178896609614868,0.340568333471843,0.492493480870077,6,2,50,0.316024327818377,-0.2124384493623,18,2.64958536424441,0,-19.95048,2554,0.8,0,12,"both",0.316024327818377,-0.2124384493623
"871","session2",-20.8090484448644,16.6719345998042,2.44754035815285,0.000134963911936499,0.178896609614868,0.340568333471843,0.492493480870077,6,2,50,0.316024327818377,-0.2124384493623,18,2.53002077639422,0,-14.15841,2554,0.8,0,12,"both",0.316024327818377,-0.2124384493623
"872","session2",-20.8090484448644,16.6719345998042,2.44754035815285,0.000134963911936499,0.178896609614868,0.340568333471843,0.492493480870077,6,2,50,0.316024327818377,-0.2124384493623,18,3.93894836742626,0,-29.0791,2554,0.8,0,12,"both",0.316024327818377,-0.2124384493623
"873","session2",-20.8090484448644,16.6719345998042,2.44754035815285,0.000134963911936499,0.178896609614868,0.340568333471843,0.492493480870077,6,2,50,0.316024327818377,-0.2124384493623,18,1.98846441510476,1,-13.24264,2554,0.8,0,12,"both",0.316024327818377,-0.2124384493623
"874","session2",-20.8090484448644,16.6719345998042,2.44754035815285,0.000134963911936499,0.178896609614868,0.340568333471843,0.492493480870077,6,2,50,0.316024327818377,-0.2124384493623,18,5.50197975524972,1,-14.28066,2554,0.8,0,12,"both",0.316024327818377,-0.2124384493623
"875","session2",-20.8090484448644,16.6719345998042,2.44754035815285,0.000134963911936499,0.178896609614868,0.340568333471843,0.492493480870077,6,2,50,0.316024327818377,-0.2124384493623,18,2.65820658340709,1,-15.33241,2554,0.8,0,12,"both",0.316024327818377,-0.2124384493623
"876","session2",-20.8090484448644,16.6719345998042,2.44754035815285,0.000134963911936499,0.178896609614868,0.340568333471843,0.492493480870077,6,2,50,0.316024327818377,-0.2124384493623,18,3.10821566135937,0,-34.2587,2554,0.8,0,12,"both",0.316024327818377,-0.2124384493623
"877","session2",-20.8090484448644,16.6719345998042,2.44754035815285,0.000134963911936499,0.178896609614868,0.340568333471843,0.492493480870077,6,2,50,0.316024327818377,-0.2124384493623,18,1.74381236776921,0,-13.98365,2554,0.8,0,12,"both",0.316024327818377,-0.2124384493623
"878","session2",-20.8090484448644,16.6719345998042,2.44754035815285,0.000134963911936499,0.178896609614868,0.340568333471843,0.492493480870077,6,2,50,0.316024327818377,-0.2124384493623,18,2.6777453633479,0,-11.645,2554,0.8,0,12,"both",0.316024327818377,-0.2124384493623
"879","session2",-20.8090484448644,16.6719345998042,2.44754035815285,0.000134963911936499,0.178896609614868,0.340568333471843,0.492493480870077,6,2,50,0.316024327818377,-0.2124384493623,18,2.46557594236477,0,-21.03504,2554,0.8,0,12,"both",0.316024327818377,-0.2124384493623
"880","session2",-20.8090484448644,16.6719345998042,2.44754035815285,0.000134963911936499,0.178896609614868,0.340568333471843,0.492493480870077,6,2,50,0.316024327818377,-0.2124384493623,18,1.86452427192314,0,-39.2727,2554,0.8,0,12,"both",0.316024327818377,-0.2124384493623
"881","session2",-20.8090484448644,16.6719345998042,2.44754035815285,0.000134963911936499,0.178896609614868,0.340568333471843,0.492493480870077,6,2,50,0.316024327818377,-0.2124384493623,18,2.37174909331857,1,-14.2423,2554,0.8,0,12,"both",0.316024327818377,-0.2124384493623
"882","session2",-20.8090484448644,16.6719345998042,2.44754035815285,0.000134963911936499,0.178896609614868,0.340568333471843,0.492493480870077,6,2,50,0.316024327818377,-0.2124384493623,18,4.08724589404265,0,-17.48776,2554,0.8,0,12,"both",0.316024327818377,-0.2124384493623
"883","session2",-20.8090484448644,16.6719345998042,2.44754035815285,0.000134963911936499,0.178896609614868,0.340568333471843,0.492493480870077,6,2,50,0.316024327818377,-0.2124384493623,18,2.09409067319716,0,-16.74522,2554,0.8,0,12,"both",0.316024327818377,-0.2124384493623
"884","session2",-20.8090484448644,16.6719345998042,2.44754035815285,0.000134963911936499,0.178896609614868,0.340568333471843,0.492493480870077,6,2,50,0.316024327818377,-0.2124384493623,18,3.92404661762838,1,-21.17906,2554,0.8,0,12,"both",0.316024327818377,-0.2124384493623
"885","session2",-20.8090484448644,16.6719345998042,2.44754035815285,0.000134963911936499,0.178896609614868,0.340568333471843,0.492493480870077,6,2,50,0.316024327818377,-0.2124384493623,18,2.50382734835243,0,-12.5748,2554,0.8,0,12,"both",0.316024327818377,-0.2124384493623
"886","session2",-20.8090484448644,16.6719345998042,2.44754035815285,0.000134963911936499,0.178896609614868,0.340568333471843,0.492493480870077,6,2,50,0.316024327818377,-0.2124384493623,18,2.40465980002499,0,-17.8238,2554,0.8,0,12,"both",0.316024327818377,-0.2124384493623
"887","session2",-20.8090484448644,16.6719345998042,2.44754035815285,0.000134963911936499,0.178896609614868,0.340568333471843,0.492493480870077,6,2,50,0.316024327818377,-0.2124384493623,18,1.96816852814014,0,-34.9338,2554,0.8,0,12,"both",0.316024327818377,-0.2124384493623
"888","session2",-20.8090484448644,16.6719345998042,2.44754035815285,0.000134963911936499,0.178896609614868,0.340568333471843,0.492493480870077,6,2,50,0.316024327818377,-0.2124384493623,18,1.7908954185533,0,-25.81147,2554,0.8,0,12,"both",0.316024327818377,-0.2124384493623
"889","session2",-20.8090484448644,16.6719345998042,2.44754035815285,0.000134963911936499,0.178896609614868,0.340568333471843,0.492493480870077,6,2,50,0.316024327818377,-0.2124384493623,18,1.70181284812532,1,-11.21253,2554,0.8,0,12,"both",0.316024327818377,-0.2124384493623
"890","session2",-20.8090484448644,16.6719345998042,2.44754035815285,0.000134963911936499,0.178896609614868,0.340568333471843,0.492493480870077,6,2,50,0.316024327818377,-0.2124384493623,18,2.97865273606802,1,-19.30022,2554,0.8,0,12,"both",0.316024327818377,-0.2124384493623
"891","session2",-20.8090484448644,16.6719345998042,2.44754035815285,0.000134963911936499,0.178896609614868,0.340568333471843,0.492493480870077,6,2,50,0.316024327818377,-0.2124384493623,18,1.81244403711039,1,-8.63288,2554,0.8,0,12,"both",0.316024327818377,-0.2124384493623
"892","session2",-20.8090484448644,16.6719345998042,2.44754035815285,0.000134963911936499,0.178896609614868,0.340568333471843,0.492493480870077,6,2,50,0.316024327818377,-0.2124384493623,18,2.30456057686146,1,-4.41672,2554,0.8,0,12,"both",0.316024327818377,-0.2124384493623
"893","session2",-20.8090484448644,16.6719345998042,2.44754035815285,0.000134963911936499,0.178896609614868,0.340568333471843,0.492493480870077,6,2,50,0.316024327818377,-0.2124384493623,18,2.15768036192287,1,3.7772,2554,0.8,0,12,"both",0.316024327818377,-0.2124384493623
"894","session2",-20.8090484448644,16.6719345998042,2.44754035815285,0.000134963911936499,0.178896609614868,0.340568333471843,0.492493480870077,6,2,50,0.316024327818377,-0.2124384493623,18,3.44252462636962,1,-13.13046,2554,0.8,0,12,"both",0.316024327818377,-0.2124384493623
"895","session2",-20.8090484448644,16.6719345998042,2.44754035815285,0.000134963911936499,0.178896609614868,0.340568333471843,0.492493480870077,6,2,50,0.316024327818377,-0.2124384493623,18,3.08614816082739,0,-22.76377,2554,0.8,0,12,"both",0.316024327818377,-0.2124384493623
"896","session2",-20.8090484448644,16.6719345998042,2.44754035815285,0.000134963911936499,0.178896609614868,0.340568333471843,0.492493480870077,6,2,50,0.316024327818377,-0.2124384493623,18,3.80781577492414,1,-19.28565,2554,0.8,0,12,"both",0.316024327818377,-0.2124384493623
"897","session2",-20.8090484448644,16.6719345998042,2.44754035815285,0.000134963911936499,0.178896609614868,0.340568333471843,0.492493480870077,6,2,50,0.316024327818377,-0.2124384493623,18,2.78844706943174,1,-9.8579,2554,0.8,0,12,"both",0.316024327818377,-0.2124384493623
"898","session2",-20.8090484448644,16.6719345998042,2.44754035815285,0.000134963911936499,0.178896609614868,0.340568333471843,0.492493480870077,6,2,50,0.316024327818377,-0.2124384493623,18,3.68029966604224,1,-12.01328,2554,0.8,0,12,"both",0.316024327818377,-0.2124384493623
"899","session2",-20.8090484448644,16.6719345998042,2.44754035815285,0.000134963911936499,0.178896609614868,0.340568333471843,0.492493480870077,6,2,50,0.316024327818377,-0.2124384493623,18,2.19464111543591,1,-26.83093,2554,0.8,0,12,"both",0.316024327818377,-0.2124384493623
"900","session2",-20.8090484448644,16.6719345998042,2.44754035815285,0.000134963911936499,0.178896609614868,0.340568333471843,0.492493480870077,6,2,50,0.316024327818377,-0.2124384493623,18,2.32565656972009,1,-12.64705,2554,0.8,0,12,"both",0.316024327818377,-0.2124384493623
"901","session2",-9.7011124593412,16.4957282810772,2.39401652004047,0.000105194466129144,-0.214658882088814,0.527464779569712,0.780379189049678,7,2,50,0.316024327818377,-0.2124384493623,19,1.65419344336154,1,-9.7262096466,2554,0.8,0,12,"both",0.316024327818377,-0.2124384493623
"902","session2",-9.7011124593412,16.4957282810772,2.39401652004047,0.000105194466129144,-0.214658882088814,0.527464779569712,0.780379189049678,7,2,50,0.316024327818377,-0.2124384493623,19,2.07980313069336,0,-12.379774972,2554,0.8,0,12,"both",0.316024327818377,-0.2124384493623
"903","session2",-9.7011124593412,16.4957282810772,2.39401652004047,0.000105194466129144,-0.214658882088814,0.527464779569712,0.780379189049678,7,2,50,0.316024327818377,-0.2124384493623,19,2.72572381985984,1,-2.7014637622,2554,0.8,0,12,"both",0.316024327818377,-0.2124384493623
"904","session2",-9.7011124593412,16.4957282810772,2.39401652004047,0.000105194466129144,-0.214658882088814,0.527464779569712,0.780379189049678,7,2,50,0.316024327818377,-0.2124384493623,19,1.78951275719797,1,-9.738636264,2554,0.8,0,12,"both",0.316024327818377,-0.2124384493623
"905","session2",-9.7011124593412,16.4957282810772,2.39401652004047,0.000105194466129144,-0.214658882088814,0.527464779569712,0.780379189049678,7,2,50,0.316024327818377,-0.2124384493623,19,2.01172066840032,1,-11.3562873295,2554,0.8,0,12,"both",0.316024327818377,-0.2124384493623
"906","session2",-9.7011124593412,16.4957282810772,2.39401652004047,0.000105194466129144,-0.214658882088814,0.527464779569712,0.780379189049678,7,2,50,0.316024327818377,-0.2124384493623,19,1.49408122001243,0,-15.7848036473,2554,0.8,0,12,"both",0.316024327818377,-0.2124384493623
"907","session2",-9.7011124593412,16.4957282810772,2.39401652004047,0.000105194466129144,-0.214658882088814,0.527464779569712,0.780379189049678,7,2,50,0.316024327818377,-0.2124384493623,19,1.79320749364099,1,-15.42758,2554,0.8,0,12,"both",0.316024327818377,-0.2124384493623
"908","session2",-9.7011124593412,16.4957282810772,2.39401652004047,0.000105194466129144,-0.214658882088814,0.527464779569712,0.780379189049678,7,2,50,0.316024327818377,-0.2124384493623,19,1.6452583623773,0,-17.8242775684,2554,0.8,0,12,"both",0.316024327818377,-0.2124384493623
"909","session2",-9.7011124593412,16.4957282810772,2.39401652004047,0.000105194466129144,-0.214658882088814,0.527464779569712,0.780379189049678,7,2,50,0.316024327818377,-0.2124384493623,19,1.8911968210985,1,-8.98472,2554,0.8,0,12,"both",0.316024327818377,-0.2124384493623
"910","session2",-9.7011124593412,16.4957282810772,2.39401652004047,0.000105194466129144,-0.214658882088814,0.527464779569712,0.780379189049678,7,2,50,0.316024327818377,-0.2124384493623,19,1.15532300808346,0,-1.629,2554,0.8,0,12,"both",0.316024327818377,-0.2124384493623
"911","session2",-9.7011124593412,16.4957282810772,2.39401652004047,0.000105194466129144,-0.214658882088814,0.527464779569712,0.780379189049678,7,2,50,0.316024327818377,-0.2124384493623,19,1.97316279904345,0,30.7822,2554,0.8,0,12,"both",0.316024327818377,-0.2124384493623
"912","session2",-9.7011124593412,16.4957282810772,2.39401652004047,0.000105194466129144,-0.214658882088814,0.527464779569712,0.780379189049678,7,2,50,0.316024327818377,-0.2124384493623,19,1.84542484784468,1,-10.2472,2554,0.8,0,12,"both",0.316024327818377,-0.2124384493623
"913","session2",-9.7011124593412,16.4957282810772,2.39401652004047,0.000105194466129144,-0.214658882088814,0.527464779569712,0.780379189049678,7,2,50,0.316024327818377,-0.2124384493623,19,3.53226523553691,1,-6.997522411,2554,0.8,0,12,"both",0.316024327818377,-0.2124384493623
"914","session2",-9.7011124593412,16.4957282810772,2.39401652004047,0.000105194466129144,-0.214658882088814,0.527464779569712,0.780379189049678,7,2,50,0.316024327818377,-0.2124384493623,19,1.64594694162337,0,-34.0418,2554,0.8,0,12,"both",0.316024327818377,-0.2124384493623
"915","session2",-9.7011124593412,16.4957282810772,2.39401652004047,0.000105194466129144,-0.214658882088814,0.527464779569712,0.780379189049678,7,2,50,0.316024327818377,-0.2124384493623,19,1.66472825753109,0,-3.00988,2554,0.8,0,12,"both",0.316024327818377,-0.2124384493623
"916","session2",-9.7011124593412,16.4957282810772,2.39401652004047,0.000105194466129144,-0.214658882088814,0.527464779569712,0.780379189049678,7,2,50,0.316024327818377,-0.2124384493623,19,1.52513463612062,1,-5.2528054729,2554,0.8,0,12,"both",0.316024327818377,-0.2124384493623
"917","session2",-9.7011124593412,16.4957282810772,2.39401652004047,0.000105194466129144,-0.214658882088814,0.527464779569712,0.780379189049678,7,2,50,0.316024327818377,-0.2124384493623,19,1.89286898178166,0,-7.8251614232,2554,0.8,0,12,"both",0.316024327818377,-0.2124384493623
"918","session2",-9.7011124593412,16.4957282810772,2.39401652004047,0.000105194466129144,-0.214658882088814,0.527464779569712,0.780379189049678,7,2,50,0.316024327818377,-0.2124384493623,19,1.49758420038347,1,-6.05429728385,2554,0.8,0,12,"both",0.316024327818377,-0.2124384493623
"919","session2",-9.7011124593412,16.4957282810772,2.39401652004047,0.000105194466129144,-0.214658882088814,0.527464779569712,0.780379189049678,7,2,50,0.316024327818377,-0.2124384493623,19,1.42810149564515,1,34.2009,2554,0.8,0,12,"both",0.316024327818377,-0.2124384493623
"920","session2",-9.7011124593412,16.4957282810772,2.39401652004047,0.000105194466129144,-0.214658882088814,0.527464779569712,0.780379189049678,7,2,50,0.316024327818377,-0.2124384493623,19,1.45410638994103,1,-9.2708,2554,0.8,0,12,"both",0.316024327818377,-0.2124384493623
"921","session2",-9.7011124593412,16.4957282810772,2.39401652004047,0.000105194466129144,-0.214658882088814,0.527464779569712,0.780379189049678,7,2,50,0.316024327818377,-0.2124384493623,19,1.56937977070291,1,39.6368,2554,0.8,0,12,"both",0.316024327818377,-0.2124384493623
"922","session2",-9.7011124593412,16.4957282810772,2.39401652004047,0.000105194466129144,-0.214658882088814,0.527464779569712,0.780379189049678,7,2,50,0.316024327818377,-0.2124384493623,19,1.50773141666024,0,-26.16813,2554,0.8,0,12,"both",0.316024327818377,-0.2124384493623
"923","session2",-9.7011124593412,16.4957282810772,2.39401652004047,0.000105194466129144,-0.214658882088814,0.527464779569712,0.780379189049678,7,2,50,0.316024327818377,-0.2124384493623,19,2.40185824822847,0,-11.92796,2554,0.8,0,12,"both",0.316024327818377,-0.2124384493623
"924","session2",-9.7011124593412,16.4957282810772,2.39401652004047,0.000105194466129144,-0.214658882088814,0.527464779569712,0.780379189049678,7,2,50,0.316024327818377,-0.2124384493623,19,2.76841062860311,1,-11.6635345831,2554,0.8,0,12,"both",0.316024327818377,-0.2124384493623
"925","session2",-9.7011124593412,16.4957282810772,2.39401652004047,0.000105194466129144,-0.214658882088814,0.527464779569712,0.780379189049678,7,2,50,0.316024327818377,-0.2124384493623,19,1.70852023470149,1,39.9238,2554,0.8,0,12,"both",0.316024327818377,-0.2124384493623
"926","session2",-9.7011124593412,16.4957282810772,2.39401652004047,0.000105194466129144,-0.214658882088814,0.527464779569712,0.780379189049678,7,2,50,0.316024327818377,-0.2124384493623,19,1.06790212513552,1,-21.59675,2554,0.8,0,12,"both",0.316024327818377,-0.2124384493623
"927","session2",-9.7011124593412,16.4957282810772,2.39401652004047,0.000105194466129144,-0.214658882088814,0.527464779569712,0.780379189049678,7,2,50,0.316024327818377,-0.2124384493623,19,1.92773257585529,1,-26.97478,2554,0.8,0,12,"both",0.316024327818377,-0.2124384493623
"928","session2",-9.7011124593412,16.4957282810772,2.39401652004047,0.000105194466129144,-0.214658882088814,0.527464779569712,0.780379189049678,7,2,50,0.316024327818377,-0.2124384493623,19,4.25843004307139,0,-19.11913,2554,0.8,0,12,"both",0.316024327818377,-0.2124384493623
"929","session2",-9.7011124593412,16.4957282810772,2.39401652004047,0.000105194466129144,-0.214658882088814,0.527464779569712,0.780379189049678,7,2,50,0.316024327818377,-0.2124384493623,19,1.45464535030006,1,24.5785,2554,0.8,0,12,"both",0.316024327818377,-0.2124384493623
"930","session2",-9.7011124593412,16.4957282810772,2.39401652004047,0.000105194466129144,-0.214658882088814,0.527464779569712,0.780379189049678,7,2,50,0.316024327818377,-0.2124384493623,19,1.95363873929158,1,30.867,2554,0.8,0,12,"both",0.316024327818377,-0.2124384493623
"931","session2",-9.7011124593412,16.4957282810772,2.39401652004047,0.000105194466129144,-0.214658882088814,0.527464779569712,0.780379189049678,7,2,50,0.316024327818377,-0.2124384493623,19,2.12092909880373,0,-17.2100269322,2554,0.8,0,12,"both",0.316024327818377,-0.2124384493623
"932","session2",-9.7011124593412,16.4957282810772,2.39401652004047,0.000105194466129144,-0.214658882088814,0.527464779569712,0.780379189049678,7,2,50,0.316024327818377,-0.2124384493623,19,2.05397388422888,0,-10.1247,2554,0.8,0,12,"both",0.316024327818377,-0.2124384493623
"933","session2",-9.7011124593412,16.4957282810772,2.39401652004047,0.000105194466129144,-0.214658882088814,0.527464779569712,0.780379189049678,7,2,50,0.316024327818377,-0.2124384493623,19,1.15561706081291,1,19.98665,2554,0.8,0,12,"both",0.316024327818377,-0.2124384493623
"934","session2",-9.7011124593412,16.4957282810772,2.39401652004047,0.000105194466129144,-0.214658882088814,0.527464779569712,0.780379189049678,7,2,50,0.316024327818377,-0.2124384493623,19,1.27567672379923,1,35.8124,2554,0.8,0,12,"both",0.316024327818377,-0.2124384493623
"935","session2",-9.7011124593412,16.4957282810772,2.39401652004047,0.000105194466129144,-0.214658882088814,0.527464779569712,0.780379189049678,7,2,50,0.316024327818377,-0.2124384493623,19,1.41387673445892,1,-14.3472944628,2554,0.8,0,12,"both",0.316024327818377,-0.2124384493623
"936","session2",-9.7011124593412,16.4957282810772,2.39401652004047,0.000105194466129144,-0.214658882088814,0.527464779569712,0.780379189049678,7,2,50,0.316024327818377,-0.2124384493623,19,1.1005289882207,0,-45.6325,2554,0.8,0,12,"both",0.316024327818377,-0.2124384493623
"937","session2",-9.7011124593412,16.4957282810772,2.39401652004047,0.000105194466129144,-0.214658882088814,0.527464779569712,0.780379189049678,7,2,50,0.316024327818377,-0.2124384493623,19,2.39835149915939,0,-1.2234,2554,0.8,0,12,"both",0.316024327818377,-0.2124384493623
"938","session2",-9.7011124593412,16.4957282810772,2.39401652004047,0.000105194466129144,-0.214658882088814,0.527464779569712,0.780379189049678,7,2,50,0.316024327818377,-0.2124384493623,19,2.94521438884091,0,-13.29596773252,2554,0.8,0,12,"both",0.316024327818377,-0.2124384493623
"939","session2",-9.7011124593412,16.4957282810772,2.39401652004047,0.000105194466129144,-0.214658882088814,0.527464779569712,0.780379189049678,7,2,50,0.316024327818377,-0.2124384493623,19,1.85899839128994,1,-2.47111,2554,0.8,0,12,"both",0.316024327818377,-0.2124384493623
"940","session2",-9.7011124593412,16.4957282810772,2.39401652004047,0.000105194466129144,-0.214658882088814,0.527464779569712,0.780379189049678,7,2,50,0.316024327818377,-0.2124384493623,19,5.52466376103536,0,-12.3360368347,2554,0.8,0,12,"both",0.316024327818377,-0.2124384493623
"941","session2",-9.7011124593412,16.4957282810772,2.39401652004047,0.000105194466129144,-0.214658882088814,0.527464779569712,0.780379189049678,7,2,50,0.316024327818377,-0.2124384493623,19,2.12007362125155,0,-11.0503090452,2554,0.8,0,12,"both",0.316024327818377,-0.2124384493623
"942","session2",-9.7011124593412,16.4957282810772,2.39401652004047,0.000105194466129144,-0.214658882088814,0.527464779569712,0.780379189049678,7,2,50,0.316024327818377,-0.2124384493623,19,1.23923529014086,0,22.01991,2554,0.8,0,12,"both",0.316024327818377,-0.2124384493623
"943","session2",-9.7011124593412,16.4957282810772,2.39401652004047,0.000105194466129144,-0.214658882088814,0.527464779569712,0.780379189049678,7,2,50,0.316024327818377,-0.2124384493623,19,1.15561853274932,0,-32.59261,2554,0.8,0,12,"both",0.316024327818377,-0.2124384493623
"944","session2",-9.7011124593412,16.4957282810772,2.39401652004047,0.000105194466129144,-0.214658882088814,0.527464779569712,0.780379189049678,7,2,50,0.316024327818377,-0.2124384493623,19,4.37757759111071,1,-11.36299,2554,0.8,0,12,"both",0.316024327818377,-0.2124384493623
"945","session2",-9.7011124593412,16.4957282810772,2.39401652004047,0.000105194466129144,-0.214658882088814,0.527464779569712,0.780379189049678,7,2,50,0.316024327818377,-0.2124384493623,19,6.14250079509446,0,-9.73269740632,2554,0.8,0,12,"both",0.316024327818377,-0.2124384493623
"946","session2",-9.7011124593412,16.4957282810772,2.39401652004047,0.000105194466129144,-0.214658882088814,0.527464779569712,0.780379189049678,7,2,50,0.316024327818377,-0.2124384493623,19,2.54140534300842,1,42.16958,2554,0.8,0,12,"both",0.316024327818377,-0.2124384493623
"947","session2",-9.7011124593412,16.4957282810772,2.39401652004047,0.000105194466129144,-0.214658882088814,0.527464779569712,0.780379189049678,7,2,50,0.316024327818377,-0.2124384493623,19,1.92107514224301,0,-30.49307,2554,0.8,0,12,"both",0.316024327818377,-0.2124384493623
"948","session2",-9.7011124593412,16.4957282810772,2.39401652004047,0.000105194466129144,-0.214658882088814,0.527464779569712,0.780379189049678,7,2,50,0.316024327818377,-0.2124384493623,19,2.93142914118264,0,-15.76556,2554,0.8,0,12,"both",0.316024327818377,-0.2124384493623
"949","session2",-9.7011124593412,16.4957282810772,2.39401652004047,0.000105194466129144,-0.214658882088814,0.527464779569712,0.780379189049678,7,2,50,0.316024327818377,-0.2124384493623,19,1.83629130596385,0,-6.0645504657,2554,0.8,0,12,"both",0.316024327818377,-0.2124384493623
"950","session2",-9.7011124593412,16.4957282810772,2.39401652004047,0.000105194466129144,-0.214658882088814,0.527464779569712,0.780379189049678,7,2,50,0.316024327818377,-0.2124384493623,19,3.83096379225279,0,-12.97668,2554,0.8,0,12,"both",0.316024327818377,-0.2124384493623
"951","session2",-57.0651883501672,29.3741589771724,5.14433700307724,0.00146905984421356,-0.551114362549741,0.452704433088128,0.854778958773497,8,2,50,0.316024327818377,-0.2124384493623,20,1.76912139142933,1,-10.1871295244,2554,0.8,0,12,"both",0.316024327818377,-0.2124384493623
"952","session2",-57.0651883501672,29.3741589771724,5.14433700307724,0.00146905984421356,-0.551114362549741,0.452704433088128,0.854778958773497,8,2,50,0.316024327818377,-0.2124384493623,20,1.93901450687589,1,-12.79513487718,2554,0.8,0,12,"both",0.316024327818377,-0.2124384493623
"953","session2",-57.0651883501672,29.3741589771724,5.14433700307724,0.00146905984421356,-0.551114362549741,0.452704433088128,0.854778958773497,8,2,50,0.316024327818377,-0.2124384493623,20,1.62907162379439,0,-16.79278783552,2554,0.8,0,12,"both",0.316024327818377,-0.2124384493623
"954","session2",-57.0651883501672,29.3741589771724,5.14433700307724,0.00146905984421356,-0.551114362549741,0.452704433088128,0.854778958773497,8,2,50,0.316024327818377,-0.2124384493623,20,1.3275361322431,1,-10.0891735965,2554,0.8,0,12,"both",0.316024327818377,-0.2124384493623
"955","session2",-57.0651883501672,29.3741589771724,5.14433700307724,0.00146905984421356,-0.551114362549741,0.452704433088128,0.854778958773497,8,2,50,0.316024327818377,-0.2124384493623,20,2.031189887184,0,-12.33982,2554,0.8,0,12,"both",0.316024327818377,-0.2124384493623
"956","session2",-57.0651883501672,29.3741589771724,5.14433700307724,0.00146905984421356,-0.551114362549741,0.452704433088128,0.854778958773497,8,2,50,0.316024327818377,-0.2124384493623,20,1.48610070007518,1,-7.246862837,2554,0.8,0,12,"both",0.316024327818377,-0.2124384493623
"957","session2",-57.0651883501672,29.3741589771724,5.14433700307724,0.00146905984421356,-0.551114362549741,0.452704433088128,0.854778958773497,8,2,50,0.316024327818377,-0.2124384493623,20,1.91420823230458,1,-13.500863907,2554,0.8,0,12,"both",0.316024327818377,-0.2124384493623
"958","session2",-57.0651883501672,29.3741589771724,5.14433700307724,0.00146905984421356,-0.551114362549741,0.452704433088128,0.854778958773497,8,2,50,0.316024327818377,-0.2124384493623,20,1.75856618005509,0,-22.71396,2554,0.8,0,12,"both",0.316024327818377,-0.2124384493623
"959","session2",-57.0651883501672,29.3741589771724,5.14433700307724,0.00146905984421356,-0.551114362549741,0.452704433088128,0.854778958773497,8,2,50,0.316024327818377,-0.2124384493623,20,2.07705647112463,1,-13.56012,2554,0.8,0,12,"both",0.316024327818377,-0.2124384493623
"960","session2",-57.0651883501672,29.3741589771724,5.14433700307724,0.00146905984421356,-0.551114362549741,0.452704433088128,0.854778958773497,8,2,50,0.316024327818377,-0.2124384493623,20,2.24992951835231,1,-17.56056,2554,0.8,0,12,"both",0.316024327818377,-0.2124384493623
"961","session2",-57.0651883501672,29.3741589771724,5.14433700307724,0.00146905984421356,-0.551114362549741,0.452704433088128,0.854778958773497,8,2,50,0.316024327818377,-0.2124384493623,20,2.99174862698508,1,-30.1799,2554,0.8,0,12,"both",0.316024327818377,-0.2124384493623
"962","session2",-57.0651883501672,29.3741589771724,5.14433700307724,0.00146905984421356,-0.551114362549741,0.452704433088128,0.854778958773497,8,2,50,0.316024327818377,-0.2124384493623,20,1.43361941223514,1,-7.28224,2554,0.8,0,12,"both",0.316024327818377,-0.2124384493623
"963","session2",-57.0651883501672,29.3741589771724,5.14433700307724,0.00146905984421356,-0.551114362549741,0.452704433088128,0.854778958773497,8,2,50,0.316024327818377,-0.2124384493623,20,1.93786863369508,1,-23.05058,2554,0.8,0,12,"both",0.316024327818377,-0.2124384493623
"964","session2",-57.0651883501672,29.3741589771724,5.14433700307724,0.00146905984421356,-0.551114362549741,0.452704433088128,0.854778958773497,8,2,50,0.316024327818377,-0.2124384493623,20,2.58066732525431,1,-49.57042,2554,0.8,0,12,"both",0.316024327818377,-0.2124384493623
"965","session2",-57.0651883501672,29.3741589771724,5.14433700307724,0.00146905984421356,-0.551114362549741,0.452704433088128,0.854778958773497,8,2,50,0.316024327818377,-0.2124384493623,20,2.60303430737941,1,-27.66907019,2554,0.8,0,12,"both",0.316024327818377,-0.2124384493623
"966","session2",-57.0651883501672,29.3741589771724,5.14433700307724,0.00146905984421356,-0.551114362549741,0.452704433088128,0.854778958773497,8,2,50,0.316024327818377,-0.2124384493623,20,2.27291950467275,1,-29.2344713573,2554,0.8,0,12,"both",0.316024327818377,-0.2124384493623
"967","session2",-57.0651883501672,29.3741589771724,5.14433700307724,0.00146905984421356,-0.551114362549741,0.452704433088128,0.854778958773497,8,2,50,0.316024327818377,-0.2124384493623,20,1.19984691122041,1,28.29176,2554,0.8,0,12,"both",0.316024327818377,-0.2124384493623
"968","session2",-57.0651883501672,29.3741589771724,5.14433700307724,0.00146905984421356,-0.551114362549741,0.452704433088128,0.854778958773497,8,2,50,0.316024327818377,-0.2124384493623,20,1.59776902087771,1,-29.8105,2554,0.8,0,12,"both",0.316024327818377,-0.2124384493623
"969","session2",-57.0651883501672,29.3741589771724,5.14433700307724,0.00146905984421356,-0.551114362549741,0.452704433088128,0.854778958773497,8,2,50,0.316024327818377,-0.2124384493623,20,2.18966561742216,1,-37.61780408,2554,0.8,0,12,"both",0.316024327818377,-0.2124384493623
"970","session2",-57.0651883501672,29.3741589771724,5.14433700307724,0.00146905984421356,-0.551114362549741,0.452704433088128,0.854778958773497,8,2,50,0.316024327818377,-0.2124384493623,20,2.82825629285055,1,-18.8129,2554,0.8,0,12,"both",0.316024327818377,-0.2124384493623
"971","session2",-57.0651883501672,29.3741589771724,5.14433700307724,0.00146905984421356,-0.551114362549741,0.452704433088128,0.854778958773497,8,2,50,0.316024327818377,-0.2124384493623,20,2.03124113821455,1,35.6465,2554,0.8,0,12,"both",0.316024327818377,-0.2124384493623
"972","session2",-57.0651883501672,29.3741589771724,5.14433700307724,0.00146905984421356,-0.551114362549741,0.452704433088128,0.854778958773497,8,2,50,0.316024327818377,-0.2124384493623,20,2.03485166525642,0,-43.3557908,2554,0.8,0,12,"both",0.316024327818377,-0.2124384493623
"973","session2",-57.0651883501672,29.3741589771724,5.14433700307724,0.00146905984421356,-0.551114362549741,0.452704433088128,0.854778958773497,8,2,50,0.316024327818377,-0.2124384493623,20,2.77628142893608,0,-39.35668162,2554,0.8,0,12,"both",0.316024327818377,-0.2124384493623
"974","session2",-57.0651883501672,29.3741589771724,5.14433700307724,0.00146905984421356,-0.551114362549741,0.452704433088128,0.854778958773497,8,2,50,0.316024327818377,-0.2124384493623,20,1.64519681957643,0,-36.7915134,2554,0.8,0,12,"both",0.316024327818377,-0.2124384493623
"975","session2",-57.0651883501672,29.3741589771724,5.14433700307724,0.00146905984421356,-0.551114362549741,0.452704433088128,0.854778958773497,8,2,50,0.316024327818377,-0.2124384493623,20,3.55693561156151,1,-33.59119256,2554,0.8,0,12,"both",0.316024327818377,-0.2124384493623
"976","session2",-57.0651883501672,29.3741589771724,5.14433700307724,0.00146905984421356,-0.551114362549741,0.452704433088128,0.854778958773497,8,2,50,0.316024327818377,-0.2124384493623,20,2.29801984604933,1,-37.02672,2554,0.8,0,12,"both",0.316024327818377,-0.2124384493623
"977","session2",-57.0651883501672,29.3741589771724,5.14433700307724,0.00146905984421356,-0.551114362549741,0.452704433088128,0.854778958773497,8,2,50,0.316024327818377,-0.2124384493623,20,1.56436443524737,1,-7.0904,2554,0.8,0,12,"both",0.316024327818377,-0.2124384493623
"978","session2",-57.0651883501672,29.3741589771724,5.14433700307724,0.00146905984421356,-0.551114362549741,0.452704433088128,0.854778958773497,8,2,50,0.316024327818377,-0.2124384493623,20,1.64094811770144,0,-39.5231676,2554,0.8,0,12,"both",0.316024327818377,-0.2124384493623
"979","session2",-57.0651883501672,29.3741589771724,5.14433700307724,0.00146905984421356,-0.551114362549741,0.452704433088128,0.854778958773497,8,2,50,0.316024327818377,-0.2124384493623,20,2.2305938079902,0,-37.3254438,2554,0.8,0,12,"both",0.316024327818377,-0.2124384493623
"980","session2",-57.0651883501672,29.3741589771724,5.14433700307724,0.00146905984421356,-0.551114362549741,0.452704433088128,0.854778958773497,8,2,50,0.316024327818377,-0.2124384493623,20,1.99600420112489,0,-35.7747969,2554,0.8,0,12,"both",0.316024327818377,-0.2124384493623
"981","session2",-57.0651883501672,29.3741589771724,5.14433700307724,0.00146905984421356,-0.551114362549741,0.452704433088128,0.854778958773497,8,2,50,0.316024327818377,-0.2124384493623,20,2.24463370676947,0,-40.68402,2554,0.8,0,12,"both",0.316024327818377,-0.2124384493623
"982","session2",-57.0651883501672,29.3741589771724,5.14433700307724,0.00146905984421356,-0.551114362549741,0.452704433088128,0.854778958773497,8,2,50,0.316024327818377,-0.2124384493623,20,1.88973213919825,1,-37.86033,2554,0.8,0,12,"both",0.316024327818377,-0.2124384493623
"983","session2",-57.0651883501672,29.3741589771724,5.14433700307724,0.00146905984421356,-0.551114362549741,0.452704433088128,0.854778958773497,8,2,50,0.316024327818377,-0.2124384493623,20,1.99819509038063,1,-12.6036,2554,0.8,0,12,"both",0.316024327818377,-0.2124384493623
"984","session2",-57.0651883501672,29.3741589771724,5.14433700307724,0.00146905984421356,-0.551114362549741,0.452704433088128,0.854778958773497,8,2,50,0.316024327818377,-0.2124384493623,20,1.68028937738062,1,-46.33513,2554,0.8,0,12,"both",0.316024327818377,-0.2124384493623
"985","session2",-57.0651883501672,29.3741589771724,5.14433700307724,0.00146905984421356,-0.551114362549741,0.452704433088128,0.854778958773497,8,2,50,0.316024327818377,-0.2124384493623,20,4.22480779643506,1,-36.6744511,2554,0.8,0,12,"both",0.316024327818377,-0.2124384493623
"986","session2",-57.0651883501672,29.3741589771724,5.14433700307724,0.00146905984421356,-0.551114362549741,0.452704433088128,0.854778958773497,8,2,50,0.316024327818377,-0.2124384493623,20,2.07910471701555,0,-36.02869,2554,0.8,0,12,"both",0.316024327818377,-0.2124384493623
"987","session2",-57.0651883501672,29.3741589771724,5.14433700307724,0.00146905984421356,-0.551114362549741,0.452704433088128,0.854778958773497,8,2,50,0.316024327818377,-0.2124384493623,20,1.56553006325957,1,-15.4366,2554,0.8,0,12,"both",0.316024327818377,-0.2124384493623
"988","session2",-57.0651883501672,29.3741589771724,5.14433700307724,0.00146905984421356,-0.551114362549741,0.452704433088128,0.854778958773497,8,2,50,0.316024327818377,-0.2124384493623,20,1.7832224070431,1,12.9902,2554,0.8,0,12,"both",0.316024327818377,-0.2124384493623
"989","session2",-57.0651883501672,29.3741589771724,5.14433700307724,0.00146905984421356,-0.551114362549741,0.452704433088128,0.854778958773497,8,2,50,0.316024327818377,-0.2124384493623,20,3.15440934013449,1,-37.9297,2554,0.8,0,12,"both",0.316024327818377,-0.2124384493623
"990","session2",-57.0651883501672,29.3741589771724,5.14433700307724,0.00146905984421356,-0.551114362549741,0.452704433088128,0.854778958773497,8,2,50,0.316024327818377,-0.2124384493623,20,1.69816553046439,0,-25.60251,2554,0.8,0,12,"both",0.316024327818377,-0.2124384493623
"991","session2",-57.0651883501672,29.3741589771724,5.14433700307724,0.00146905984421356,-0.551114362549741,0.452704433088128,0.854778958773497,8,2,50,0.316024327818377,-0.2124384493623,20,1.19910822845438,1,-4.2004,2554,0.8,0,12,"both",0.316024327818377,-0.2124384493623
"992","session2",-57.0651883501672,29.3741589771724,5.14433700307724,0.00146905984421356,-0.551114362549741,0.452704433088128,0.854778958773497,8,2,50,0.316024327818377,-0.2124384493623,20,3.11986448685235,1,-37.5868713,2554,0.8,0,12,"both",0.316024327818377,-0.2124384493623
"993","session2",-57.0651883501672,29.3741589771724,5.14433700307724,0.00146905984421356,-0.551114362549741,0.452704433088128,0.854778958773497,8,2,50,0.316024327818377,-0.2124384493623,20,2.78043832353795,1,-38.4400761,2554,0.8,0,12,"both",0.316024327818377,-0.2124384493623
"994","session2",-57.0651883501672,29.3741589771724,5.14433700307724,0.00146905984421356,-0.551114362549741,0.452704433088128,0.854778958773497,8,2,50,0.316024327818377,-0.2124384493623,20,2.25783228072696,1,-40.69202,2554,0.8,0,12,"both",0.316024327818377,-0.2124384493623
"995","session2",-57.0651883501672,29.3741589771724,5.14433700307724,0.00146905984421356,-0.551114362549741,0.452704433088128,0.854778958773497,8,2,50,0.316024327818377,-0.2124384493623,20,1.94941782379706,1,-16.2612,2554,0.8,0,12,"both",0.316024327818377,-0.2124384493623
"996","session2",-57.0651883501672,29.3741589771724,5.14433700307724,0.00146905984421356,-0.551114362549741,0.452704433088128,0.854778958773497,8,2,50,0.316024327818377,-0.2124384493623,20,2.2746759694522,0,-41.6005292,2554,0.8,0,12,"both",0.316024327818377,-0.2124384493623
"997","session2",-57.0651883501672,29.3741589771724,5.14433700307724,0.00146905984421356,-0.551114362549741,0.452704433088128,0.854778958773497,8,2,50,0.316024327818377,-0.2124384493623,20,1.89883961703336,1,-40.4395721,2554,0.8,0,12,"both",0.316024327818377,-0.2124384493623
"998","session2",-57.0651883501672,29.3741589771724,5.14433700307724,0.00146905984421356,-0.551114362549741,0.452704433088128,0.854778958773497,8,2,50,0.316024327818377,-0.2124384493623,20,2.18329879422413,1,-16.2646,2554,0.8,0,12,"both",0.316024327818377,-0.2124384493623
"999","session2",-57.0651883501672,29.3741589771724,5.14433700307724,0.00146905984421356,-0.551114362549741,0.452704433088128,0.854778958773497,8,2,50,0.316024327818377,-0.2124384493623,20,2.47554149732922,1,-41.018116,2554,0.8,0,12,"both",0.316024327818377,-0.2124384493623
"1000","session2",-57.0651883501672,29.3741589771724,5.14433700307724,0.00146905984421356,-0.551114362549741,0.452704433088128,0.854778958773497,8,2,50,0.316024327818377,-0.2124384493623,20,1.63492682181424,1,-27.6763,2554,0.8,0,12,"both",0.316024327818377,-0.2124384493623
"1001","session2",14.2445873681382,14.2372671615816,2.93691674410255,1.51784515870965e-05,0.110173994532847,0.294379844669215,0.414684150311138,9,2,50,0.316024327818377,-0.2124384493623,21,2.83054990738587,0,7.4149385834,2554,0.8,0,12,"both",0.316024327818377,-0.2124384493623
"1002","session2",14.2445873681382,14.2372671615816,2.93691674410255,1.51784515870965e-05,0.110173994532847,0.294379844669215,0.414684150311138,9,2,50,0.316024327818377,-0.2124384493623,21,3.48840421813299,0,11.1480193099,2554,0.8,0,12,"both",0.316024327818377,-0.2124384493623
"1003","session2",14.2445873681382,14.2372671615816,2.93691674410255,1.51784515870965e-05,0.110173994532847,0.294379844669215,0.414684150311138,9,2,50,0.316024327818377,-0.2124384493623,21,2.01976930504977,0,13.841591511,2554,0.8,0,12,"both",0.316024327818377,-0.2124384493623
"1004","session2",14.2445873681382,14.2372671615816,2.93691674410255,1.51784515870965e-05,0.110173994532847,0.294379844669215,0.414684150311138,9,2,50,0.316024327818377,-0.2124384493623,21,2.43117592994329,1,23.2933590544,2554,0.8,0,12,"both",0.316024327818377,-0.2124384493623
"1005","session2",14.2445873681382,14.2372671615816,2.93691674410255,1.51784515870965e-05,0.110173994532847,0.294379844669215,0.414684150311138,9,2,50,0.316024327818377,-0.2124384493623,21,2.41565723194361,1,16.26047,2554,0.8,0,12,"both",0.316024327818377,-0.2124384493623
"1006","session2",14.2445873681382,14.2372671615816,2.93691674410255,1.51784515870965e-05,0.110173994532847,0.294379844669215,0.414684150311138,9,2,50,0.316024327818377,-0.2124384493623,21,2.44682319199273,0,22.10412,2554,0.8,0,12,"both",0.316024327818377,-0.2124384493623
"1007","session2",14.2445873681382,14.2372671615816,2.93691674410255,1.51784515870965e-05,0.110173994532847,0.294379844669215,0.414684150311138,9,2,50,0.316024327818377,-0.2124384493623,21,1.94525277567142,1,47.9387,2554,0.8,0,12,"both",0.316024327818377,-0.2124384493623
"1008","session2",14.2445873681382,14.2372671615816,2.93691674410255,1.51784515870965e-05,0.110173994532847,0.294379844669215,0.414684150311138,9,2,50,0.316024327818377,-0.2124384493623,21,3.57551272821377,1,16.8498,2554,0.8,0,12,"both",0.316024327818377,-0.2124384493623
"1009","session2",14.2445873681382,14.2372671615816,2.93691674410255,1.51784515870965e-05,0.110173994532847,0.294379844669215,0.414684150311138,9,2,50,0.316024327818377,-0.2124384493623,21,2.6360148638058,0,21.2192,2554,0.8,0,12,"both",0.316024327818377,-0.2124384493623
"1010","session2",14.2445873681382,14.2372671615816,2.93691674410255,1.51784515870965e-05,0.110173994532847,0.294379844669215,0.414684150311138,9,2,50,0.316024327818377,-0.2124384493623,21,1.49450232944018,1,47.7513,2554,0.8,0,12,"both",0.316024327818377,-0.2124384493623
"1011","session2",14.2445873681382,14.2372671615816,2.93691674410255,1.51784515870965e-05,0.110173994532847,0.294379844669215,0.414684150311138,9,2,50,0.316024327818377,-0.2124384493623,21,2.40571204930774,0,15.457089418,2554,0.8,0,12,"both",0.316024327818377,-0.2124384493623
"1012","session2",14.2445873681382,14.2372671615816,2.93691674410255,1.51784515870965e-05,0.110173994532847,0.294379844669215,0.414684150311138,9,2,50,0.316024327818377,-0.2124384493623,21,3.82574424053766,1,16.05689,2554,0.8,0,12,"both",0.316024327818377,-0.2124384493623
"1013","session2",14.2445873681382,14.2372671615816,2.93691674410255,1.51784515870965e-05,0.110173994532847,0.294379844669215,0.414684150311138,9,2,50,0.316024327818377,-0.2124384493623,21,2.46286245732101,0,10.0514,2554,0.8,0,12,"both",0.316024327818377,-0.2124384493623
"1014","session2",14.2445873681382,14.2372671615816,2.93691674410255,1.51784515870965e-05,0.110173994532847,0.294379844669215,0.414684150311138,9,2,50,0.316024327818377,-0.2124384493623,21,2.92136877161818,0,18.31260045,2554,0.8,0,12,"both",0.316024327818377,-0.2124384493623
"1015","session2",14.2445873681382,14.2372671615816,2.93691674410255,1.51784515870965e-05,0.110173994532847,0.294379844669215,0.414684150311138,9,2,50,0.316024327818377,-0.2124384493623,21,1.49559951342388,0,-35.6437,2554,0.8,0,12,"both",0.316024327818377,-0.2124384493623
"1016","session2",14.2445873681382,14.2372671615816,2.93691674410255,1.51784515870965e-05,0.110173994532847,0.294379844669215,0.414684150311138,9,2,50,0.316024327818377,-0.2124384493623,21,2.60086442249441,0,22.06177331,2554,0.8,0,12,"both",0.316024327818377,-0.2124384493623
"1017","session2",14.2445873681382,14.2372671615816,2.93691674410255,1.51784515870965e-05,0.110173994532847,0.294379844669215,0.414684150311138,9,2,50,0.316024327818377,-0.2124384493623,21,1.79736303749117,1,34.87017,2554,0.8,0,12,"both",0.316024327818377,-0.2124384493623
"1018","session2",14.2445873681382,14.2372671615816,2.93691674410255,1.51784515870965e-05,0.110173994532847,0.294379844669215,0.414684150311138,9,2,50,0.316024327818377,-0.2124384493623,21,2.34418142466737,0,7.4388,2554,0.8,0,12,"both",0.316024327818377,-0.2124384493623
"1019","session2",14.2445873681382,14.2372671615816,2.93691674410255,1.51784515870965e-05,0.110173994532847,0.294379844669215,0.414684150311138,9,2,50,0.316024327818377,-0.2124384493623,21,1.27157974733806,0,-11.4061,2554,0.8,0,12,"both",0.316024327818377,-0.2124384493623
"1020","session2",14.2445873681382,14.2372671615816,2.93691674410255,1.51784515870965e-05,0.110173994532847,0.294379844669215,0.414684150311138,9,2,50,0.316024327818377,-0.2124384493623,21,2.42336154445061,1,10.6533,2554,0.8,0,12,"both",0.316024327818377,-0.2124384493623
"1021","session2",14.2445873681382,14.2372671615816,2.93691674410255,1.51784515870965e-05,0.110173994532847,0.294379844669215,0.414684150311138,9,2,50,0.316024327818377,-0.2124384493623,21,2.46823546560345,0,6.4277,2554,0.8,0,12,"both",0.316024327818377,-0.2124384493623
"1022","session2",14.2445873681382,14.2372671615816,2.93691674410255,1.51784515870965e-05,0.110173994532847,0.294379844669215,0.414684150311138,9,2,50,0.316024327818377,-0.2124384493623,21,2.94835413379524,1,21.17359254,2554,0.8,0,12,"both",0.316024327818377,-0.2124384493623
"1023","session2",14.2445873681382,14.2372671615816,2.93691674410255,1.51784515870965e-05,0.110173994532847,0.294379844669215,0.414684150311138,9,2,50,0.316024327818377,-0.2124384493623,21,2.52025147915512,1,22.54364,2554,0.8,0,12,"both",0.316024327818377,-0.2124384493623
"1024","session2",14.2445873681382,14.2372671615816,2.93691674410255,1.51784515870965e-05,0.110173994532847,0.294379844669215,0.414684150311138,9,2,50,0.316024327818377,-0.2124384493623,21,2.1474095596789,1,28.41252,2554,0.8,0,12,"both",0.316024327818377,-0.2124384493623
"1025","session2",14.2445873681382,14.2372671615816,2.93691674410255,1.51784515870965e-05,0.110173994532847,0.294379844669215,0.414684150311138,9,2,50,0.316024327818377,-0.2124384493623,21,1.80839975744717,0,26.36711,2554,0.8,0,12,"both",0.316024327818377,-0.2124384493623
"1026","session2",14.2445873681382,14.2372671615816,2.93691674410255,1.51784515870965e-05,0.110173994532847,0.294379844669215,0.414684150311138,9,2,50,0.316024327818377,-0.2124384493623,21,1.27603422969318,1,36.1608,2554,0.8,0,12,"both",0.316024327818377,-0.2124384493623
"1027","session2",14.2445873681382,14.2372671615816,2.93691674410255,1.51784515870965e-05,0.110173994532847,0.294379844669215,0.414684150311138,9,2,50,0.316024327818377,-0.2124384493623,21,2.48423380494172,1,29.3366,2554,0.8,0,12,"both",0.316024327818377,-0.2124384493623
"1028","session2",14.2445873681382,14.2372671615816,2.93691674410255,1.51784515870965e-05,0.110173994532847,0.294379844669215,0.414684150311138,9,2,50,0.316024327818377,-0.2124384493623,21,1.90000618442926,1,46.8706,2554,0.8,0,12,"both",0.316024327818377,-0.2124384493623
"1029","session2",14.2445873681382,14.2372671615816,2.93691674410255,1.51784515870965e-05,0.110173994532847,0.294379844669215,0.414684150311138,9,2,50,0.316024327818377,-0.2124384493623,21,2.1102925331373,1,20.13086,2554,0.8,0,12,"both",0.316024327818377,-0.2124384493623
"1030","session2",14.2445873681382,14.2372671615816,2.93691674410255,1.51784515870965e-05,0.110173994532847,0.294379844669215,0.414684150311138,9,2,50,0.316024327818377,-0.2124384493623,21,1.65162376185509,1,30.8699,2554,0.8,0,12,"both",0.316024327818377,-0.2124384493623
"1031","session2",14.2445873681382,14.2372671615816,2.93691674410255,1.51784515870965e-05,0.110173994532847,0.294379844669215,0.414684150311138,9,2,50,0.316024327818377,-0.2124384493623,21,2.42892148075077,1,6.9848,2554,0.8,0,12,"both",0.316024327818377,-0.2124384493623
"1032","session2",14.2445873681382,14.2372671615816,2.93691674410255,1.51784515870965e-05,0.110173994532847,0.294379844669215,0.414684150311138,9,2,50,0.316024327818377,-0.2124384493623,21,1.58901041098302,1,42.6069,2554,0.8,0,12,"both",0.316024327818377,-0.2124384493623
"1033","session2",14.2445873681382,14.2372671615816,2.93691674410255,1.51784515870965e-05,0.110173994532847,0.294379844669215,0.414684150311138,9,2,50,0.316024327818377,-0.2124384493623,21,1.1935431777233,1,28.2408,2554,0.8,0,12,"both",0.316024327818377,-0.2124384493623
"1034","session2",14.2445873681382,14.2372671615816,2.93691674410255,1.51784515870965e-05,0.110173994532847,0.294379844669215,0.414684150311138,9,2,50,0.316024327818377,-0.2124384493623,21,1.74811225031802,0,8.0482,2554,0.8,0,12,"both",0.316024327818377,-0.2124384493623
"1035","session2",14.2445873681382,14.2372671615816,2.93691674410255,1.51784515870965e-05,0.110173994532847,0.294379844669215,0.414684150311138,9,2,50,0.316024327818377,-0.2124384493623,21,2.06470343751355,1,36.6272,2554,0.8,0,12,"both",0.316024327818377,-0.2124384493623
"1036","session2",14.2445873681382,14.2372671615816,2.93691674410255,1.51784515870965e-05,0.110173994532847,0.294379844669215,0.414684150311138,9,2,50,0.316024327818377,-0.2124384493623,21,1.76689088113643,1,30.5358,2554,0.8,0,12,"both",0.316024327818377,-0.2124384493623
"1037","session2",14.2445873681382,14.2372671615816,2.93691674410255,1.51784515870965e-05,0.110173994532847,0.294379844669215,0.414684150311138,9,2,50,0.316024327818377,-0.2124384493623,21,2.41375107372735,0,8.70472,2554,0.8,0,12,"both",0.316024327818377,-0.2124384493623
"1038","session2",14.2445873681382,14.2372671615816,2.93691674410255,1.51784515870965e-05,0.110173994532847,0.294379844669215,0.414684150311138,9,2,50,0.316024327818377,-0.2124384493623,21,2.19011873343352,0,3.737,2554,0.8,0,12,"both",0.316024327818377,-0.2124384493623
"1039","session2",14.2445873681382,14.2372671615816,2.93691674410255,1.51784515870965e-05,0.110173994532847,0.294379844669215,0.414684150311138,9,2,50,0.316024327818377,-0.2124384493623,21,1.68851678296023,1,31.49577,2554,0.8,0,12,"both",0.316024327818377,-0.2124384493623
"1040","session2",14.2445873681382,14.2372671615816,2.93691674410255,1.51784515870965e-05,0.110173994532847,0.294379844669215,0.414684150311138,9,2,50,0.316024327818377,-0.2124384493623,21,1.74331789657389,1,33.0833,2554,0.8,0,12,"both",0.316024327818377,-0.2124384493623
"1041","session2",14.2445873681382,14.2372671615816,2.93691674410255,1.51784515870965e-05,0.110173994532847,0.294379844669215,0.414684150311138,9,2,50,0.316024327818377,-0.2124384493623,21,2.99739546104547,1,22.29017,2554,0.8,0,12,"both",0.316024327818377,-0.2124384493623
"1042","session2",14.2445873681382,14.2372671615816,2.93691674410255,1.51784515870965e-05,0.110173994532847,0.294379844669215,0.414684150311138,9,2,50,0.316024327818377,-0.2124384493623,21,1.92823334796659,0,5.21256,2554,0.8,0,12,"both",0.316024327818377,-0.2124384493623
"1043","session2",14.2445873681382,14.2372671615816,2.93691674410255,1.51784515870965e-05,0.110173994532847,0.294379844669215,0.414684150311138,9,2,50,0.316024327818377,-0.2124384493623,21,3.74370888514679,0,19.10869,2554,0.8,0,12,"both",0.316024327818377,-0.2124384493623
"1044","session2",14.2445873681382,14.2372671615816,2.93691674410255,1.51784515870965e-05,0.110173994532847,0.294379844669215,0.414684150311138,9,2,50,0.316024327818377,-0.2124384493623,21,2.45506316823251,0,7.8964,2554,0.8,0,12,"both",0.316024327818377,-0.2124384493623
"1045","session2",14.2445873681382,14.2372671615816,2.93691674410255,1.51784515870965e-05,0.110173994532847,0.294379844669215,0.414684150311138,9,2,50,0.316024327818377,-0.2124384493623,21,1.57071454899065,0,25.7964,2554,0.8,0,12,"both",0.316024327818377,-0.2124384493623
"1046","session2",14.2445873681382,14.2372671615816,2.93691674410255,1.51784515870965e-05,0.110173994532847,0.294379844669215,0.414684150311138,9,2,50,0.316024327818377,-0.2124384493623,21,1.9133037187014,1,32.59683,2554,0.8,0,12,"both",0.316024327818377,-0.2124384493623
"1047","session2",14.2445873681382,14.2372671615816,2.93691674410255,1.51784515870965e-05,0.110173994532847,0.294379844669215,0.414684150311138,9,2,50,0.316024327818377,-0.2124384493623,21,1.31844984947085,0,31.3537,2554,0.8,0,12,"both",0.316024327818377,-0.2124384493623
"1048","session2",14.2445873681382,14.2372671615816,2.93691674410255,1.51784515870965e-05,0.110173994532847,0.294379844669215,0.414684150311138,9,2,50,0.316024327818377,-0.2124384493623,21,1.79300978756533,1,35.1331,2554,0.8,0,12,"both",0.316024327818377,-0.2124384493623
"1049","session2",14.2445873681382,14.2372671615816,2.93691674410255,1.51784515870965e-05,0.110173994532847,0.294379844669215,0.414684150311138,9,2,50,0.316024327818377,-0.2124384493623,21,1.37315910166144,1,31.4921,2554,0.8,0,12,"both",0.316024327818377,-0.2124384493623
"1050","session2",14.2445873681382,14.2372671615816,2.93691674410255,1.51784515870965e-05,0.110173994532847,0.294379844669215,0.414684150311138,9,2,50,0.316024327818377,-0.2124384493623,21,2.8171048611125,0,11.03878,2554,0.8,0,12,"both",0.316024327818377,-0.2124384493623
"1051","session2",-0.790638891934108,7.74247182235469,4.45185920079292,0.00120165729443621,-0.103060694673334,0.41888720685308,0.679617681796511,10,2,50,0.316024327818377,-0.2124384493623,22,3.55272185988994,0,-7.6978102651,2554,0.8,0,12,"both",0.316024327818377,-0.2124384493623
"1052","session2",-0.790638891934108,7.74247182235469,4.45185920079292,0.00120165729443621,-0.103060694673334,0.41888720685308,0.679617681796511,10,2,50,0.316024327818377,-0.2124384493623,22,3.60970712011826,0,3.41948202552,2554,0.8,0,12,"both",0.316024327818377,-0.2124384493623
"1053","session2",-0.790638891934108,7.74247182235469,4.45185920079292,0.00120165729443621,-0.103060694673334,0.41888720685308,0.679617681796511,10,2,50,0.316024327818377,-0.2124384493623,22,1.42751324035135,1,12.3304663555,2554,0.8,0,12,"both",0.316024327818377,-0.2124384493623
"1054","session2",-0.790638891934108,7.74247182235469,4.45185920079292,0.00120165729443621,-0.103060694673334,0.41888720685308,0.679617681796511,10,2,50,0.316024327818377,-0.2124384493623,22,2.11293751082432,1,8.4962174997,2554,0.8,0,12,"both",0.316024327818377,-0.2124384493623
"1055","session2",-0.790638891934108,7.74247182235469,4.45185920079292,0.00120165729443621,-0.103060694673334,0.41888720685308,0.679617681796511,10,2,50,0.316024327818377,-0.2124384493623,22,2.81514224776476,1,3.9437361274,2554,0.8,0,12,"both",0.316024327818377,-0.2124384493623
"1056","session2",-0.790638891934108,7.74247182235469,4.45185920079292,0.00120165729443621,-0.103060694673334,0.41888720685308,0.679617681796511,10,2,50,0.316024327818377,-0.2124384493623,22,1.49721989152442,0,12.25406,2554,0.8,0,12,"both",0.316024327818377,-0.2124384493623
"1057","session2",-0.790638891934108,7.74247182235469,4.45185920079292,0.00120165729443621,-0.103060694673334,0.41888720685308,0.679617681796511,10,2,50,0.316024327818377,-0.2124384493623,22,1.75217884473948,1,7.85987,2554,0.8,0,12,"both",0.316024327818377,-0.2124384493623
"1058","session2",-0.790638891934108,7.74247182235469,4.45185920079292,0.00120165729443621,-0.103060694673334,0.41888720685308,0.679617681796511,10,2,50,0.316024327818377,-0.2124384493623,22,2.68839893932209,0,-1.7705889552,2554,0.8,0,12,"both",0.316024327818377,-0.2124384493623
"1059","session2",-0.790638891934108,7.74247182235469,4.45185920079292,0.00120165729443621,-0.103060694673334,0.41888720685308,0.679617681796511,10,2,50,0.316024327818377,-0.2124384493623,22,2.66587733592148,1,-4.52469,2554,0.8,0,12,"both",0.316024327818377,-0.2124384493623
"1060","session2",-0.790638891934108,7.74247182235469,4.45185920079292,0.00120165729443621,-0.103060694673334,0.41888720685308,0.679617681796511,10,2,50,0.316024327818377,-0.2124384493623,22,1.39225839978661,0,-21.57357,2554,0.8,0,12,"both",0.316024327818377,-0.2124384493623
"1061","session2",-0.790638891934108,7.74247182235469,4.45185920079292,0.00120165729443621,-0.103060694673334,0.41888720685308,0.679617681796511,10,2,50,0.316024327818377,-0.2124384493623,22,3.90200136152132,0,-0.30303444134,2554,0.8,0,12,"both",0.316024327818377,-0.2124384493623
"1062","session2",-0.790638891934108,7.74247182235469,4.45185920079292,0.00120165729443621,-0.103060694673334,0.41888720685308,0.679617681796511,10,2,50,0.316024327818377,-0.2124384493623,22,1.97039087611882,0,-19.86647,2554,0.8,0,12,"both",0.316024327818377,-0.2124384493623
"1063","session2",-0.790638891934108,7.74247182235469,4.45185920079292,0.00120165729443621,-0.103060694673334,0.41888720685308,0.679617681796511,10,2,50,0.316024327818377,-0.2124384493623,22,3.01399515558353,1,9.57736,2554,0.8,0,12,"both",0.316024327818377,-0.2124384493623
"1064","session2",-0.790638891934108,7.74247182235469,4.45185920079292,0.00120165729443621,-0.103060694673334,0.41888720685308,0.679617681796511,10,2,50,0.316024327818377,-0.2124384493623,22,2.19140849542801,1,-5.41781,2554,0.8,0,12,"both",0.316024327818377,-0.2124384493623
"1065","session2",-0.790638891934108,7.74247182235469,4.45185920079292,0.00120165729443621,-0.103060694673334,0.41888720685308,0.679617681796511,10,2,50,0.316024327818377,-0.2124384493623,22,1.83056875883738,0,-20.99029,2554,0.8,0,12,"both",0.316024327818377,-0.2124384493623
"1066","session2",-0.790638891934108,7.74247182235469,4.45185920079292,0.00120165729443621,-0.103060694673334,0.41888720685308,0.679617681796511,10,2,50,0.316024327818377,-0.2124384493623,22,2.10156444199032,1,44.16435,2554,0.8,0,12,"both",0.316024327818377,-0.2124384493623
"1067","session2",-0.790638891934108,7.74247182235469,4.45185920079292,0.00120165729443621,-0.103060694673334,0.41888720685308,0.679617681796511,10,2,50,0.316024327818377,-0.2124384493623,22,1.54990108514861,0,-27.9438,2554,0.8,0,12,"both",0.316024327818377,-0.2124384493623
"1068","session2",-0.790638891934108,7.74247182235469,4.45185920079292,0.00120165729443621,-0.103060694673334,0.41888720685308,0.679617681796511,10,2,50,0.316024327818377,-0.2124384493623,22,1.28770417075616,0,-23.08472,2554,0.8,0,12,"both",0.316024327818377,-0.2124384493623
"1069","session2",-0.790638891934108,7.74247182235469,4.45185920079292,0.00120165729443621,-0.103060694673334,0.41888720685308,0.679617681796511,10,2,50,0.316024327818377,-0.2124384493623,22,1.52683282933934,1,12.16078,2554,0.8,0,12,"both",0.316024327818377,-0.2124384493623
"1070","session2",-0.790638891934108,7.74247182235469,4.45185920079292,0.00120165729443621,-0.103060694673334,0.41888720685308,0.679617681796511,10,2,50,0.316024327818377,-0.2124384493623,22,2.72527572275675,1,-0.32239,2554,0.8,0,12,"both",0.316024327818377,-0.2124384493623
"1071","session2",-0.790638891934108,7.74247182235469,4.45185920079292,0.00120165729443621,-0.103060694673334,0.41888720685308,0.679617681796511,10,2,50,0.316024327818377,-0.2124384493623,22,1.91913589688856,1,13.85711,2554,0.8,0,12,"both",0.316024327818377,-0.2124384493623
"1072","session2",-0.790638891934108,7.74247182235469,4.45185920079292,0.00120165729443621,-0.103060694673334,0.41888720685308,0.679617681796511,10,2,50,0.316024327818377,-0.2124384493623,22,2.13506891957373,0,-8.64404,2554,0.8,0,12,"both",0.316024327818377,-0.2124384493623
"1073","session2",-0.790638891934108,7.74247182235469,4.45185920079292,0.00120165729443621,-0.103060694673334,0.41888720685308,0.679617681796511,10,2,50,0.316024327818377,-0.2124384493623,22,1.96063680156511,0,-14.92961,2554,0.8,0,12,"both",0.316024327818377,-0.2124384493623
"1074","session2",-0.790638891934108,7.74247182235469,4.45185920079292,0.00120165729443621,-0.103060694673334,0.41888720685308,0.679617681796511,10,2,50,0.316024327818377,-0.2124384493623,22,1.70810747833935,1,11.03427,2554,0.8,0,12,"both",0.316024327818377,-0.2124384493623
"1075","session2",-0.790638891934108,7.74247182235469,4.45185920079292,0.00120165729443621,-0.103060694673334,0.41888720685308,0.679617681796511,10,2,50,0.316024327818377,-0.2124384493623,22,2.4639807270746,0,-5.33905,2554,0.8,0,12,"both",0.316024327818377,-0.2124384493623
"1076","session2",-0.790638891934108,7.74247182235469,4.45185920079292,0.00120165729443621,-0.103060694673334,0.41888720685308,0.679617681796511,10,2,50,0.316024327818377,-0.2124384493623,22,2.82487321926331,0,-9.96787,2554,0.8,0,12,"both",0.316024327818377,-0.2124384493623
"1077","session2",-0.790638891934108,7.74247182235469,4.45185920079292,0.00120165729443621,-0.103060694673334,0.41888720685308,0.679617681796511,10,2,50,0.316024327818377,-0.2124384493623,22,2.98097921656157,0,-0.13981,2554,0.8,0,12,"both",0.316024327818377,-0.2124384493623
"1078","session2",-0.790638891934108,7.74247182235469,4.45185920079292,0.00120165729443621,-0.103060694673334,0.41888720685308,0.679617681796511,10,2,50,0.316024327818377,-0.2124384493623,22,2.74621995131606,0,-9.80325,2554,0.8,0,12,"both",0.316024327818377,-0.2124384493623
"1079","session2",-0.790638891934108,7.74247182235469,4.45185920079292,0.00120165729443621,-0.103060694673334,0.41888720685308,0.679617681796511,10,2,50,0.316024327818377,-0.2124384493623,22,2.53202895164175,0,-10.92342,2554,0.8,0,12,"both",0.316024327818377,-0.2124384493623
"1080","session2",-0.790638891934108,7.74247182235469,4.45185920079292,0.00120165729443621,-0.103060694673334,0.41888720685308,0.679617681796511,10,2,50,0.316024327818377,-0.2124384493623,22,2.98481045212132,1,-3.24069,2554,0.8,0,12,"both",0.316024327818377,-0.2124384493623
"1081","session2",-0.790638891934108,7.74247182235469,4.45185920079292,0.00120165729443621,-0.103060694673334,0.41888720685308,0.679617681796511,10,2,50,0.316024327818377,-0.2124384493623,22,3.48812307087734,0,-6.83642,2554,0.8,0,12,"both",0.316024327818377,-0.2124384493623
"1082","session2",-0.790638891934108,7.74247182235469,4.45185920079292,0.00120165729443621,-0.103060694673334,0.41888720685308,0.679617681796511,10,2,50,0.316024327818377,-0.2124384493623,22,3.73687992309895,1,6.87092,2554,0.8,0,12,"both",0.316024327818377,-0.2124384493623
"1083","session2",-0.790638891934108,7.74247182235469,4.45185920079292,0.00120165729443621,-0.103060694673334,0.41888720685308,0.679617681796511,10,2,50,0.316024327818377,-0.2124384493623,22,2.47810531104555,0,-0.88308,2554,0.8,0,12,"both",0.316024327818377,-0.2124384493623
"1084","session2",-0.790638891934108,7.74247182235469,4.45185920079292,0.00120165729443621,-0.103060694673334,0.41888720685308,0.679617681796511,10,2,50,0.316024327818377,-0.2124384493623,22,1.81834246495546,0,-15.489772,2554,0.8,0,12,"both",0.316024327818377,-0.2124384493623
"1085","session2",-0.790638891934108,7.74247182235469,4.45185920079292,0.00120165729443621,-0.103060694673334,0.41888720685308,0.679617681796511,10,2,50,0.316024327818377,-0.2124384493623,22,2.29456059353058,0,-9.3224885,2554,0.8,0,12,"both",0.316024327818377,-0.2124384493623
"1086","session2",-0.790638891934108,7.74247182235469,4.45185920079292,0.00120165729443621,-0.103060694673334,0.41888720685308,0.679617681796511,10,2,50,0.316024327818377,-0.2124384493623,22,2.36343894688133,0,-7.30338,2554,0.8,0,12,"both",0.316024327818377,-0.2124384493623
"1087","session2",-0.790638891934108,7.74247182235469,4.45185920079292,0.00120165729443621,-0.103060694673334,0.41888720685308,0.679617681796511,10,2,50,0.316024327818377,-0.2124384493623,22,1.27340908072365,1,10.28616,2554,0.8,0,12,"both",0.316024327818377,-0.2124384493623
"1088","session2",-0.790638891934108,7.74247182235469,4.45185920079292,0.00120165729443621,-0.103060694673334,0.41888720685308,0.679617681796511,10,2,50,0.316024327818377,-0.2124384493623,22,2.41372250527836,0,-7.199877,2554,0.8,0,12,"both",0.316024327818377,-0.2124384493623
"1089","session2",-0.790638891934108,7.74247182235469,4.45185920079292,0.00120165729443621,-0.103060694673334,0.41888720685308,0.679617681796511,10,2,50,0.316024327818377,-0.2124384493623,22,2.47293263979645,1,7.80151,2554,0.8,0,12,"both",0.316024327818377,-0.2124384493623
"1090","session2",-0.790638891934108,7.74247182235469,4.45185920079292,0.00120165729443621,-0.103060694673334,0.41888720685308,0.679617681796511,10,2,50,0.316024327818377,-0.2124384493623,22,2.32641124717398,1,6.238268,2554,0.8,0,12,"both",0.316024327818377,-0.2124384493623
"1091","session2",-0.790638891934108,7.74247182235469,4.45185920079292,0.00120165729443621,-0.103060694673334,0.41888720685308,0.679617681796511,10,2,50,0.316024327818377,-0.2124384493623,22,1.41405068720559,1,14.69065,2554,0.8,0,12,"both",0.316024327818377,-0.2124384493623
"1092","session2",-0.790638891934108,7.74247182235469,4.45185920079292,0.00120165729443621,-0.103060694673334,0.41888720685308,0.679617681796511,10,2,50,0.316024327818377,-0.2124384493623,22,3.03151477611207,0,-10.01256,2554,0.8,0,12,"both",0.316024327818377,-0.2124384493623
"1093","session2",-0.790638891934108,7.74247182235469,4.45185920079292,0.00120165729443621,-0.103060694673334,0.41888720685308,0.679617681796511,10,2,50,0.316024327818377,-0.2124384493623,22,3.87002988250677,0,-6.35959,2554,0.8,0,12,"both",0.316024327818377,-0.2124384493623
"1094","session2",-0.790638891934108,7.74247182235469,4.45185920079292,0.00120165729443621,-0.103060694673334,0.41888720685308,0.679617681796511,10,2,50,0.316024327818377,-0.2124384493623,22,5.00758788396461,0,-6.88645,2554,0.8,0,12,"both",0.316024327818377,-0.2124384493623
"1095","session2",-0.790638891934108,7.74247182235469,4.45185920079292,0.00120165729443621,-0.103060694673334,0.41888720685308,0.679617681796511,10,2,50,0.316024327818377,-0.2124384493623,22,2.1021075827357,1,7.83015,2554,0.8,0,12,"both",0.316024327818377,-0.2124384493623
"1096","session2",-0.790638891934108,7.74247182235469,4.45185920079292,0.00120165729443621,-0.103060694673334,0.41888720685308,0.679617681796511,10,2,50,0.316024327818377,-0.2124384493623,22,2.44111243700653,0,-7.31889,2554,0.8,0,12,"both",0.316024327818377,-0.2124384493623
"1097","session2",-0.790638891934108,7.74247182235469,4.45185920079292,0.00120165729443621,-0.103060694673334,0.41888720685308,0.679617681796511,10,2,50,0.316024327818377,-0.2124384493623,22,1.94639200457955,0,-11.46068,2554,0.8,0,12,"both",0.316024327818377,-0.2124384493623
"1098","session2",-0.790638891934108,7.74247182235469,4.45185920079292,0.00120165729443621,-0.103060694673334,0.41888720685308,0.679617681796511,10,2,50,0.316024327818377,-0.2124384493623,22,3.19134650530337,1,5.756317,2554,0.8,0,12,"both",0.316024327818377,-0.2124384493623
"1099","session2",-0.790638891934108,7.74247182235469,4.45185920079292,0.00120165729443621,-0.103060694673334,0.41888720685308,0.679617681796511,10,2,50,0.316024327818377,-0.2124384493623,22,1.58023767785027,0,8.65019,2554,0.8,0,12,"both",0.316024327818377,-0.2124384493623
"1100","session2",-0.790638891934108,7.74247182235469,4.45185920079292,0.00120165729443621,-0.103060694673334,0.41888720685308,0.679617681796511,10,2,50,0.316024327818377,-0.2124384493623,22,2.15768513421553,0,-5.026344,2554,0.8,0,12,"both",0.316024327818377,-0.2124384493623
"1101","session2",-0.211621753687542,6.53696988466992,1.64559267567131,9.36897979386114e-05,0.351577977957925,0.387193063460074,0.410545946769326,11,2,50,0.316024327818377,-0.2124384493623,23,2.24636926467833,1,7.3551052767,2554,0.8,0,12,"both",0.316024327818377,-0.2124384493623
"1102","session2",-0.211621753687542,6.53696988466992,1.64559267567131,9.36897979386114e-05,0.351577977957925,0.387193063460074,0.410545946769326,11,2,50,0.316024327818377,-0.2124384493623,23,1.52885277039503,0,-7.3723678163,2554,0.8,0,12,"both",0.316024327818377,-0.2124384493623
"1103","session2",-0.211621753687542,6.53696988466992,1.64559267567131,9.36897979386114e-05,0.351577977957925,0.387193063460074,0.410545946769326,11,2,50,0.316024327818377,-0.2124384493623,23,1.35727535500196,0,-3.3413070725914,2554,0.8,0,12,"both",0.316024327818377,-0.2124384493623
"1104","session2",-0.211621753687542,6.53696988466992,1.64559267567131,9.36897979386114e-05,0.351577977957925,0.387193063460074,0.410545946769326,11,2,50,0.316024327818377,-0.2124384493623,23,1.83441874942813,1,2.82562859887,2554,0.8,0,12,"both",0.316024327818377,-0.2124384493623
"1105","session2",-0.211621753687542,6.53696988466992,1.64559267567131,9.36897979386114e-05,0.351577977957925,0.387193063460074,0.410545946769326,11,2,50,0.316024327818377,-0.2124384493623,23,2.93804038575641,0,-0.8225914205,2554,0.8,0,12,"both",0.316024327818377,-0.2124384493623
"1106","session2",-0.211621753687542,6.53696988466992,1.64559267567131,9.36897979386114e-05,0.351577977957925,0.387193063460074,0.410545946769326,11,2,50,0.316024327818377,-0.2124384493623,23,2.6880892395114,0,-1.41315,2554,0.8,0,12,"both",0.316024327818377,-0.2124384493623
"1107","session2",-0.211621753687542,6.53696988466992,1.64559267567131,9.36897979386114e-05,0.351577977957925,0.387193063460074,0.410545946769326,11,2,50,0.316024327818377,-0.2124384493623,23,2.33960031833014,0,3.80517,2554,0.8,0,12,"both",0.316024327818377,-0.2124384493623
"1108","session2",-0.211621753687542,6.53696988466992,1.64559267567131,9.36897979386114e-05,0.351577977957925,0.387193063460074,0.410545946769326,11,2,50,0.316024327818377,-0.2124384493623,23,2.70630181904443,0,-1.65036,2554,0.8,0,12,"both",0.316024327818377,-0.2124384493623
"1109","session2",-0.211621753687542,6.53696988466992,1.64559267567131,9.36897979386114e-05,0.351577977957925,0.387193063460074,0.410545946769326,11,2,50,0.316024327818377,-0.2124384493623,23,2.11269589309542,0,-3.82033,2554,0.8,0,12,"both",0.316024327818377,-0.2124384493623
"1110","session2",-0.211621753687542,6.53696988466992,1.64559267567131,9.36897979386114e-05,0.351577977957925,0.387193063460074,0.410545946769326,11,2,50,0.316024327818377,-0.2124384493623,23,1.8221019715199,1,11.15,2554,0.8,0,12,"both",0.316024327818377,-0.2124384493623
"1111","session2",-0.211621753687542,6.53696988466992,1.64559267567131,9.36897979386114e-05,0.351577977957925,0.387193063460074,0.410545946769326,11,2,50,0.316024327818377,-0.2124384493623,23,1.55550233454569,1,5.43732,2554,0.8,0,12,"both",0.316024327818377,-0.2124384493623
"1112","session2",-0.211621753687542,6.53696988466992,1.64559267567131,9.36897979386114e-05,0.351577977957925,0.387193063460074,0.410545946769326,11,2,50,0.316024327818377,-0.2124384493623,23,2.3614560211681,0,6.34358,2554,0.8,0,12,"both",0.316024327818377,-0.2124384493623
"1113","session2",-0.211621753687542,6.53696988466992,1.64559267567131,9.36897979386114e-05,0.351577977957925,0.387193063460074,0.410545946769326,11,2,50,0.316024327818377,-0.2124384493623,23,2.03237979760001,1,4.836070028,2554,0.8,0,12,"both",0.316024327818377,-0.2124384493623
"1114","session2",-0.211621753687542,6.53696988466992,1.64559267567131,9.36897979386114e-05,0.351577977957925,0.387193063460074,0.410545946769326,11,2,50,0.316024327818377,-0.2124384493623,23,5.44900229641909,1,4.26782,2554,0.8,0,12,"both",0.316024327818377,-0.2124384493623
"1115","session2",-0.211621753687542,6.53696988466992,1.64559267567131,9.36897979386114e-05,0.351577977957925,0.387193063460074,0.410545946769326,11,2,50,0.316024327818377,-0.2124384493623,23,1.04070823890884,1,-7.10661,2554,0.8,0,12,"both",0.316024327818377,-0.2124384493623
"1116","session2",-0.211621753687542,6.53696988466992,1.64559267567131,9.36897979386114e-05,0.351577977957925,0.387193063460074,0.410545946769326,11,2,50,0.316024327818377,-0.2124384493623,23,1.80330081768532,1,23.76103,2554,0.8,0,12,"both",0.316024327818377,-0.2124384493623
"1117","session2",-0.211621753687542,6.53696988466992,1.64559267567131,9.36897979386114e-05,0.351577977957925,0.387193063460074,0.410545946769326,11,2,50,0.316024327818377,-0.2124384493623,23,2.46469495924767,1,2.952571,2554,0.8,0,12,"both",0.316024327818377,-0.2124384493623
"1118","session2",-0.211621753687542,6.53696988466992,1.64559267567131,9.36897979386114e-05,0.351577977957925,0.387193063460074,0.410545946769326,11,2,50,0.316024327818377,-0.2124384493623,23,2.88600822368457,0,0.705796,2554,0.8,0,12,"both",0.316024327818377,-0.2124384493623
"1119","session2",-0.211621753687542,6.53696988466992,1.64559267567131,9.36897979386114e-05,0.351577977957925,0.387193063460074,0.410545946769326,11,2,50,0.316024327818377,-0.2124384493623,23,1.7029158532686,1,34.34102,2554,0.8,0,12,"both",0.316024327818377,-0.2124384493623
"1120","session2",-0.211621753687542,6.53696988466992,1.64559267567131,9.36897979386114e-05,0.351577977957925,0.387193063460074,0.410545946769326,11,2,50,0.316024327818377,-0.2124384493623,23,2.6446807838567,1,28.93313,2554,0.8,0,12,"both",0.316024327818377,-0.2124384493623
"1121","session2",-0.211621753687542,6.53696988466992,1.64559267567131,9.36897979386114e-05,0.351577977957925,0.387193063460074,0.410545946769326,11,2,50,0.316024327818377,-0.2124384493623,23,1.90204756310914,1,12.940901,2554,0.8,0,12,"both",0.316024327818377,-0.2124384493623
"1122","session2",-0.211621753687542,6.53696988466992,1.64559267567131,9.36897979386114e-05,0.351577977957925,0.387193063460074,0.410545946769326,11,2,50,0.316024327818377,-0.2124384493623,23,1.18259279061773,1,15.29873,2554,0.8,0,12,"both",0.316024327818377,-0.2124384493623
"1123","session2",-0.211621753687542,6.53696988466992,1.64559267567131,9.36897979386114e-05,0.351577977957925,0.387193063460074,0.410545946769326,11,2,50,0.316024327818377,-0.2124384493623,23,2.34997653161044,1,4.5997,2554,0.8,0,12,"both",0.316024327818377,-0.2124384493623
"1124","session2",-0.211621753687542,6.53696988466992,1.64559267567131,9.36897979386114e-05,0.351577977957925,0.387193063460074,0.410545946769326,11,2,50,0.316024327818377,-0.2124384493623,23,1.63829426584174,1,-2.42825,2554,0.8,0,12,"both",0.316024327818377,-0.2124384493623
"1125","session2",-0.211621753687542,6.53696988466992,1.64559267567131,9.36897979386114e-05,0.351577977957925,0.387193063460074,0.410545946769326,11,2,50,0.316024327818377,-0.2124384493623,23,2.88823160364554,1,1.86533,2554,0.8,0,12,"both",0.316024327818377,-0.2124384493623
"1126","session2",-0.211621753687542,6.53696988466992,1.64559267567131,9.36897979386114e-05,0.351577977957925,0.387193063460074,0.410545946769326,11,2,50,0.316024327818377,-0.2124384493623,23,1.75687218437075,1,6.47679,2554,0.8,0,12,"both",0.316024327818377,-0.2124384493623
"1127","session2",-0.211621753687542,6.53696988466992,1.64559267567131,9.36897979386114e-05,0.351577977957925,0.387193063460074,0.410545946769326,11,2,50,0.316024327818377,-0.2124384493623,23,2.00199264160671,0,0.984540000000001,2554,0.8,0,12,"both",0.316024327818377,-0.2124384493623
"1128","session2",-0.211621753687542,6.53696988466992,1.64559267567131,9.36897979386114e-05,0.351577977957925,0.387193063460074,0.410545946769326,11,2,50,0.316024327818377,-0.2124384493623,23,1.49085193380756,1,7.92332,2554,0.8,0,12,"both",0.316024327818377,-0.2124384493623
"1129","session2",-0.211621753687542,6.53696988466992,1.64559267567131,9.36897979386114e-05,0.351577977957925,0.387193063460074,0.410545946769326,11,2,50,0.316024327818377,-0.2124384493623,23,2.60267795075701,1,3.587339,2554,0.8,0,12,"both",0.316024327818377,-0.2124384493623
"1130","session2",-0.211621753687542,6.53696988466992,1.64559267567131,9.36897979386114e-05,0.351577977957925,0.387193063460074,0.410545946769326,11,2,50,0.316024327818377,-0.2124384493623,23,2.97209608945219,0,5.61318,2554,0.8,0,12,"both",0.316024327818377,-0.2124384493623
"1131","session2",-0.211621753687542,6.53696988466992,1.64559267567131,9.36897979386114e-05,0.351577977957925,0.387193063460074,0.410545946769326,11,2,50,0.316024327818377,-0.2124384493623,23,1.77627139587003,1,0.0608699999999995,2554,0.8,0,12,"both",0.316024327818377,-0.2124384493623
"1132","session2",-0.211621753687542,6.53696988466992,1.64559267567131,9.36897979386114e-05,0.351577977957925,0.387193063460074,0.410545946769326,11,2,50,0.316024327818377,-0.2124384493623,23,1.84972769382255,1,8.915376,2554,0.8,0,12,"both",0.316024327818377,-0.2124384493623
"1133","session2",-0.211621753687542,6.53696988466992,1.64559267567131,9.36897979386114e-05,0.351577977957925,0.387193063460074,0.410545946769326,11,2,50,0.316024327818377,-0.2124384493623,23,1.87339241689967,0,5.54509,2554,0.8,0,12,"both",0.316024327818377,-0.2124384493623
"1134","session2",-0.211621753687542,6.53696988466992,1.64559267567131,9.36897979386114e-05,0.351577977957925,0.387193063460074,0.410545946769326,11,2,50,0.316024327818377,-0.2124384493623,23,2.06267417329254,0,-10.0452,2554,0.8,0,12,"both",0.316024327818377,-0.2124384493623
"1135","session2",-0.211621753687542,6.53696988466992,1.64559267567131,9.36897979386114e-05,0.351577977957925,0.387193063460074,0.410545946769326,11,2,50,0.316024327818377,-0.2124384493623,23,2.76991392708666,0,-5.162229,2554,0.8,0,12,"both",0.316024327818377,-0.2124384493623
"1136","session2",-0.211621753687542,6.53696988466992,1.64559267567131,9.36897979386114e-05,0.351577977957925,0.387193063460074,0.410545946769326,11,2,50,0.316024327818377,-0.2124384493623,23,2.67139024303822,1,7.67513,2554,0.8,0,12,"both",0.316024327818377,-0.2124384493623
"1137","session2",-0.211621753687542,6.53696988466992,1.64559267567131,9.36897979386114e-05,0.351577977957925,0.387193063460074,0.410545946769326,11,2,50,0.316024327818377,-0.2124384493623,23,2.3116824348513,0,-5.33901,2554,0.8,0,12,"both",0.316024327818377,-0.2124384493623
"1138","session2",-0.211621753687542,6.53696988466992,1.64559267567131,9.36897979386114e-05,0.351577977957925,0.387193063460074,0.410545946769326,11,2,50,0.316024327818377,-0.2124384493623,23,2.11603080694679,0,0.88613,2554,0.8,0,12,"both",0.316024327818377,-0.2124384493623
"1139","session2",-0.211621753687542,6.53696988466992,1.64559267567131,9.36897979386114e-05,0.351577977957925,0.387193063460074,0.410545946769326,11,2,50,0.316024327818377,-0.2124384493623,23,4.8935297535929,0,-2.688055,2554,0.8,0,12,"both",0.316024327818377,-0.2124384493623
"1140","session2",-0.211621753687542,6.53696988466992,1.64559267567131,9.36897979386114e-05,0.351577977957925,0.387193063460074,0.410545946769326,11,2,50,0.316024327818377,-0.2124384493623,23,2.85309652028279,1,1.11162,2554,0.8,0,12,"both",0.316024327818377,-0.2124384493623
"1141","session2",-0.211621753687542,6.53696988466992,1.64559267567131,9.36897979386114e-05,0.351577977957925,0.387193063460074,0.410545946769326,11,2,50,0.316024327818377,-0.2124384493623,23,3.21282505108858,1,-5.87555,2554,0.8,0,12,"both",0.316024327818377,-0.2124384493623
"1142","session2",-0.211621753687542,6.53696988466992,1.64559267567131,9.36897979386114e-05,0.351577977957925,0.387193063460074,0.410545946769326,11,2,50,0.316024327818377,-0.2124384493623,23,2.58268660498333,0,-10.70345,2554,0.8,0,12,"both",0.316024327818377,-0.2124384493623
"1143","session2",-0.211621753687542,6.53696988466992,1.64559267567131,9.36897979386114e-05,0.351577977957925,0.387193063460074,0.410545946769326,11,2,50,0.316024327818377,-0.2124384493623,23,3.70980026077661,1,6.84637,2554,0.8,0,12,"both",0.316024327818377,-0.2124384493623
"1144","session2",-0.211621753687542,6.53696988466992,1.64559267567131,9.36897979386114e-05,0.351577977957925,0.387193063460074,0.410545946769326,11,2,50,0.316024327818377,-0.2124384493623,23,2.30663886376752,0,-3.95892,2554,0.8,0,12,"both",0.316024327818377,-0.2124384493623
"1145","session2",-0.211621753687542,6.53696988466992,1.64559267567131,9.36897979386114e-05,0.351577977957925,0.387193063460074,0.410545946769326,11,2,50,0.316024327818377,-0.2124384493623,23,1.75872690064645,1,10.36672,2554,0.8,0,12,"both",0.316024327818377,-0.2124384493623
"1146","session2",-0.211621753687542,6.53696988466992,1.64559267567131,9.36897979386114e-05,0.351577977957925,0.387193063460074,0.410545946769326,11,2,50,0.316024327818377,-0.2124384493623,23,3.45425747185347,1,3.89788,2554,0.8,0,12,"both",0.316024327818377,-0.2124384493623
"1147","session2",-0.211621753687542,6.53696988466992,1.64559267567131,9.36897979386114e-05,0.351577977957925,0.387193063460074,0.410545946769326,11,2,50,0.316024327818377,-0.2124384493623,23,2.04016086307684,1,3.8571228,2554,0.8,0,12,"both",0.316024327818377,-0.2124384493623
"1148","session2",-0.211621753687542,6.53696988466992,1.64559267567131,9.36897979386114e-05,0.351577977957925,0.387193063460074,0.410545946769326,11,2,50,0.316024327818377,-0.2124384493623,23,1.42910599364591,0,-12.89355,2554,0.8,0,12,"both",0.316024327818377,-0.2124384493623
"1149","session2",-0.211621753687542,6.53696988466992,1.64559267567131,9.36897979386114e-05,0.351577977957925,0.387193063460074,0.410545946769326,11,2,50,0.316024327818377,-0.2124384493623,23,2.81362187441787,0,-7.55059,2554,0.8,0,12,"both",0.316024327818377,-0.2124384493623
"1150","session2",-0.211621753687542,6.53696988466992,1.64559267567131,9.36897979386114e-05,0.351577977957925,0.387193063460074,0.410545946769326,11,2,50,0.316024327818377,-0.2124384493623,23,2.91151535921855,1,4.346629,2554,0.8,0,12,"both",0.316024327818377,-0.2124384493623
"1151","session2",11.3354320144017,6.51034982774659,2.08008110646758,5.31333298773135e-05,0.174244305461525,0.421884967212733,0.742456298880628,12,2,50,0.316024327818377,-0.2124384493623,24,3.66459533666778,0,8.90485124238,2554,0.8,0,12,"both",0.316024327818377,-0.2124384493623
"1152","session2",11.3354320144017,6.51034982774659,2.08008110646758,5.31333298773135e-05,0.174244305461525,0.421884967212733,0.742456298880628,12,2,50,0.316024327818377,-0.2124384493623,24,2.76325878272722,1,9.4416746972,2554,0.8,0,12,"both",0.316024327818377,-0.2124384493623
"1153","session2",11.3354320144017,6.51034982774659,2.08008110646758,5.31333298773135e-05,0.174244305461525,0.421884967212733,0.742456298880628,12,2,50,0.316024327818377,-0.2124384493623,24,2.2402454578939,0,0.507448378988,2554,0.8,0,12,"both",0.316024327818377,-0.2124384493623
"1154","session2",11.3354320144017,6.51034982774659,2.08008110646758,5.31333298773135e-05,0.174244305461525,0.421884967212733,0.742456298880628,12,2,50,0.316024327818377,-0.2124384493623,24,1.5398672525373,0,8.3111005637,2554,0.8,0,12,"both",0.316024327818377,-0.2124384493623
"1155","session2",11.3354320144017,6.51034982774659,2.08008110646758,5.31333298773135e-05,0.174244305461525,0.421884967212733,0.742456298880628,12,2,50,0.316024327818377,-0.2124384493623,24,2.74795149833674,1,10.7399120251,2554,0.8,0,12,"both",0.316024327818377,-0.2124384493623
"1156","session2",11.3354320144017,6.51034982774659,2.08008110646758,5.31333298773135e-05,0.174244305461525,0.421884967212733,0.742456298880628,12,2,50,0.316024327818377,-0.2124384493623,24,2.46834882507173,0,-18.70433,2554,0.8,0,12,"both",0.316024327818377,-0.2124384493623
"1157","session2",11.3354320144017,6.51034982774659,2.08008110646758,5.31333298773135e-05,0.174244305461525,0.421884967212733,0.742456298880628,12,2,50,0.316024327818377,-0.2124384493623,24,1.86857062038074,1,25.4008,2554,0.8,0,12,"both",0.316024327818377,-0.2124384493623
"1158","session2",11.3354320144017,6.51034982774659,2.08008110646758,5.31333298773135e-05,0.174244305461525,0.421884967212733,0.742456298880628,12,2,50,0.316024327818377,-0.2124384493623,24,2.47274119248737,1,9.88275,2554,0.8,0,12,"both",0.316024327818377,-0.2124384493623
"1159","session2",11.3354320144017,6.51034982774659,2.08008110646758,5.31333298773135e-05,0.174244305461525,0.421884967212733,0.742456298880628,12,2,50,0.316024327818377,-0.2124384493623,24,2.46124081766172,0,-28.1646,2554,0.8,0,12,"both",0.316024327818377,-0.2124384493623
"1160","session2",11.3354320144017,6.51034982774659,2.08008110646758,5.31333298773135e-05,0.174244305461525,0.421884967212733,0.742456298880628,12,2,50,0.316024327818377,-0.2124384493623,24,3.52232156385975,0,4.08148,2554,0.8,0,12,"both",0.316024327818377,-0.2124384493623
"1161","session2",11.3354320144017,6.51034982774659,2.08008110646758,5.31333298773135e-05,0.174244305461525,0.421884967212733,0.742456298880628,12,2,50,0.316024327818377,-0.2124384493623,24,2.11312028977902,1,16.24131,2554,0.8,0,12,"both",0.316024327818377,-0.2124384493623
"1162","session2",11.3354320144017,6.51034982774659,2.08008110646758,5.31333298773135e-05,0.174244305461525,0.421884967212733,0.742456298880628,12,2,50,0.316024327818377,-0.2124384493623,24,1.90952571674,0,3.73044,2554,0.8,0,12,"both",0.316024327818377,-0.2124384493623
"1163","session2",11.3354320144017,6.51034982774659,2.08008110646758,5.31333298773135e-05,0.174244305461525,0.421884967212733,0.742456298880628,12,2,50,0.316024327818377,-0.2124384493623,24,2.37053509973012,1,14.93188,2554,0.8,0,12,"both",0.316024327818377,-0.2124384493623
"1164","session2",11.3354320144017,6.51034982774659,2.08008110646758,5.31333298773135e-05,0.174244305461525,0.421884967212733,0.742456298880628,12,2,50,0.316024327818377,-0.2124384493623,24,2.38270397399749,1,17.43296,2554,0.8,0,12,"both",0.316024327818377,-0.2124384493623
"1165","session2",11.3354320144017,6.51034982774659,2.08008110646758,5.31333298773135e-05,0.174244305461525,0.421884967212733,0.742456298880628,12,2,50,0.316024327818377,-0.2124384493623,24,4.00715441832734,0,10.06867,2554,0.8,0,12,"both",0.316024327818377,-0.2124384493623
"1166","session2",11.3354320144017,6.51034982774659,2.08008110646758,5.31333298773135e-05,0.174244305461525,0.421884967212733,0.742456298880628,12,2,50,0.316024327818377,-0.2124384493623,24,2.04012600690414,0,6.67675,2554,0.8,0,12,"both",0.316024327818377,-0.2124384493623
"1167","session2",11.3354320144017,6.51034982774659,2.08008110646758,5.31333298773135e-05,0.174244305461525,0.421884967212733,0.742456298880628,12,2,50,0.316024327818377,-0.2124384493623,24,1.91338351051013,1,14.48571,2554,0.8,0,12,"both",0.316024327818377,-0.2124384493623
"1168","session2",11.3354320144017,6.51034982774659,2.08008110646758,5.31333298773135e-05,0.174244305461525,0.421884967212733,0.742456298880628,12,2,50,0.316024327818377,-0.2124384493623,24,2.01669696774287,0,5.33593,2554,0.8,0,12,"both",0.316024327818377,-0.2124384493623
"1169","session2",11.3354320144017,6.51034982774659,2.08008110646758,5.31333298773135e-05,0.174244305461525,0.421884967212733,0.742456298880628,12,2,50,0.316024327818377,-0.2124384493623,24,2.17305549202253,1,15.69654,2554,0.8,0,12,"both",0.316024327818377,-0.2124384493623
"1170","session2",11.3354320144017,6.51034982774659,2.08008110646758,5.31333298773135e-05,0.174244305461525,0.421884967212733,0.742456298880628,12,2,50,0.316024327818377,-0.2124384493623,24,3.58507345486749,1,12.05232,2554,0.8,0,12,"both",0.316024327818377,-0.2124384493623
"1171","session2",11.3354320144017,6.51034982774659,2.08008110646758,5.31333298773135e-05,0.174244305461525,0.421884967212733,0.742456298880628,12,2,50,0.316024327818377,-0.2124384493623,24,3.67699679516808,0,9.1671,2554,0.8,0,12,"both",0.316024327818377,-0.2124384493623
"1172","session2",11.3354320144017,6.51034982774659,2.08008110646758,5.31333298773135e-05,0.174244305461525,0.421884967212733,0.742456298880628,12,2,50,0.316024327818377,-0.2124384493623,24,3.13418714852738,1,10.89723,2554,0.8,0,12,"both",0.316024327818377,-0.2124384493623
"1173","session2",11.3354320144017,6.51034982774659,2.08008110646758,5.31333298773135e-05,0.174244305461525,0.421884967212733,0.742456298880628,12,2,50,0.316024327818377,-0.2124384493623,24,2.42477196983527,0,11.61668,2554,0.8,0,12,"both",0.316024327818377,-0.2124384493623
"1174","session2",11.3354320144017,6.51034982774659,2.08008110646758,5.31333298773135e-05,0.174244305461525,0.421884967212733,0.742456298880628,12,2,50,0.316024327818377,-0.2124384493623,24,2.50958261616725,0,10.68607,2554,0.8,0,12,"both",0.316024327818377,-0.2124384493623
"1175","session2",11.3354320144017,6.51034982774659,2.08008110646758,5.31333298773135e-05,0.174244305461525,0.421884967212733,0.742456298880628,12,2,50,0.316024327818377,-0.2124384493623,24,1.96455149250388,0,-3.36287,2554,0.8,0,12,"both",0.316024327818377,-0.2124384493623
"1176","session2",11.3354320144017,6.51034982774659,2.08008110646758,5.31333298773135e-05,0.174244305461525,0.421884967212733,0.742456298880628,12,2,50,0.316024327818377,-0.2124384493623,24,1.53961298270112,1,13.74407,2554,0.8,0,12,"both",0.316024327818377,-0.2124384493623
"1177","session2",11.3354320144017,6.51034982774659,2.08008110646758,5.31333298773135e-05,0.174244305461525,0.421884967212733,0.742456298880628,12,2,50,0.316024327818377,-0.2124384493623,24,2.09828359279955,0,6.00697,2554,0.8,0,12,"both",0.316024327818377,-0.2124384493623
"1178","session2",11.3354320144017,6.51034982774659,2.08008110646758,5.31333298773135e-05,0.174244305461525,0.421884967212733,0.742456298880628,12,2,50,0.316024327818377,-0.2124384493623,24,1.84388592988019,1,10.86853,2554,0.8,0,12,"both",0.316024327818377,-0.2124384493623
"1179","session2",11.3354320144017,6.51034982774659,2.08008110646758,5.31333298773135e-05,0.174244305461525,0.421884967212733,0.742456298880628,12,2,50,0.316024327818377,-0.2124384493623,24,4.20243699785346,1,11.17109,2554,0.8,0,12,"both",0.316024327818377,-0.2124384493623
"1180","session2",11.3354320144017,6.51034982774659,2.08008110646758,5.31333298773135e-05,0.174244305461525,0.421884967212733,0.742456298880628,12,2,50,0.316024327818377,-0.2124384493623,24,3.18841423053842,0,8.25156,2554,0.8,0,12,"both",0.316024327818377,-0.2124384493623
"1181","session2",11.3354320144017,6.51034982774659,2.08008110646758,5.31333298773135e-05,0.174244305461525,0.421884967212733,0.742456298880628,12,2,50,0.316024327818377,-0.2124384493623,24,3.55506941152549,1,11.00693,2554,0.8,0,12,"both",0.316024327818377,-0.2124384493623
"1182","session2",11.3354320144017,6.51034982774659,2.08008110646758,5.31333298773135e-05,0.174244305461525,0.421884967212733,0.742456298880628,12,2,50,0.316024327818377,-0.2124384493623,24,1.74338044385225,1,16.10022,2554,0.8,0,12,"both",0.316024327818377,-0.2124384493623
"1183","session2",11.3354320144017,6.51034982774659,2.08008110646758,5.31333298773135e-05,0.174244305461525,0.421884967212733,0.742456298880628,12,2,50,0.316024327818377,-0.2124384493623,24,2.55223278300349,1,12.9322,2554,0.8,0,12,"both",0.316024327818377,-0.2124384493623
"1184","session2",11.3354320144017,6.51034982774659,2.08008110646758,5.31333298773135e-05,0.174244305461525,0.421884967212733,0.742456298880628,12,2,50,0.316024327818377,-0.2124384493623,24,2.32100398900725,0,12.62443,2554,0.8,0,12,"both",0.316024327818377,-0.2124384493623
"1185","session2",11.3354320144017,6.51034982774659,2.08008110646758,5.31333298773135e-05,0.174244305461525,0.421884967212733,0.742456298880628,12,2,50,0.316024327818377,-0.2124384493623,24,2.03785364742805,1,9.56505,2554,0.8,0,12,"both",0.316024327818377,-0.2124384493623
"1186","session2",11.3354320144017,6.51034982774659,2.08008110646758,5.31333298773135e-05,0.174244305461525,0.421884967212733,0.742456298880628,12,2,50,0.316024327818377,-0.2124384493623,24,4.76503550675282,0,7.70215,2554,0.8,0,12,"both",0.316024327818377,-0.2124384493623
"1187","session2",11.3354320144017,6.51034982774659,2.08008110646758,5.31333298773135e-05,0.174244305461525,0.421884967212733,0.742456298880628,12,2,50,0.316024327818377,-0.2124384493623,24,2.45621321494742,1,6.62065,2554,0.8,0,12,"both",0.316024327818377,-0.2124384493623
"1188","session2",11.3354320144017,6.51034982774659,2.08008110646758,5.31333298773135e-05,0.174244305461525,0.421884967212733,0.742456298880628,12,2,50,0.316024327818377,-0.2124384493623,24,3.51640203432237,1,7.65467,2554,0.8,0,12,"both",0.316024327818377,-0.2124384493623
"1189","session2",11.3354320144017,6.51034982774659,2.08008110646758,5.31333298773135e-05,0.174244305461525,0.421884967212733,0.742456298880628,12,2,50,0.316024327818377,-0.2124384493623,24,3.00976135851772,1,14.51294,2554,0.8,0,12,"both",0.316024327818377,-0.2124384493623
"1190","session2",11.3354320144017,6.51034982774659,2.08008110646758,5.31333298773135e-05,0.174244305461525,0.421884967212733,0.742456298880628,12,2,50,0.316024327818377,-0.2124384493623,24,1.98470747678873,1,14.4432,2554,0.8,0,12,"both",0.316024327818377,-0.2124384493623
"1191","session2",11.3354320144017,6.51034982774659,2.08008110646758,5.31333298773135e-05,0.174244305461525,0.421884967212733,0.742456298880628,12,2,50,0.316024327818377,-0.2124384493623,24,1.86843430608007,0,10.87563,2554,0.8,0,12,"both",0.316024327818377,-0.2124384493623
"1192","session2",11.3354320144017,6.51034982774659,2.08008110646758,5.31333298773135e-05,0.174244305461525,0.421884967212733,0.742456298880628,12,2,50,0.316024327818377,-0.2124384493623,24,2.62627191712918,0,13.07144,2554,0.8,0,12,"both",0.316024327818377,-0.2124384493623
"1193","session2",11.3354320144017,6.51034982774659,2.08008110646758,5.31333298773135e-05,0.174244305461525,0.421884967212733,0.742456298880628,12,2,50,0.316024327818377,-0.2124384493623,24,3.32251575334735,0,11.0415,2554,0.8,0,12,"both",0.316024327818377,-0.2124384493623
"1194","session2",11.3354320144017,6.51034982774659,2.08008110646758,5.31333298773135e-05,0.174244305461525,0.421884967212733,0.742456298880628,12,2,50,0.316024327818377,-0.2124384493623,24,4.49089462498421,1,14.04828,2554,0.8,0,12,"both",0.316024327818377,-0.2124384493623
"1195","session2",11.3354320144017,6.51034982774659,2.08008110646758,5.31333298773135e-05,0.174244305461525,0.421884967212733,0.742456298880628,12,2,50,0.316024327818377,-0.2124384493623,24,1.81752515251983,1,15.78326,2554,0.8,0,12,"both",0.316024327818377,-0.2124384493623
"1196","session2",11.3354320144017,6.51034982774659,2.08008110646758,5.31333298773135e-05,0.174244305461525,0.421884967212733,0.742456298880628,12,2,50,0.316024327818377,-0.2124384493623,24,2.20749135595187,0,6.18618,2554,0.8,0,12,"both",0.316024327818377,-0.2124384493623
"1197","session2",11.3354320144017,6.51034982774659,2.08008110646758,5.31333298773135e-05,0.174244305461525,0.421884967212733,0.742456298880628,12,2,50,0.316024327818377,-0.2124384493623,24,2.94804602706228,0,8.39306,2554,0.8,0,12,"both",0.316024327818377,-0.2124384493623
"1198","session2",11.3354320144017,6.51034982774659,2.08008110646758,5.31333298773135e-05,0.174244305461525,0.421884967212733,0.742456298880628,12,2,50,0.316024327818377,-0.2124384493623,24,2.57626456820948,1,10.21763,2554,0.8,0,12,"both",0.316024327818377,-0.2124384493623
"1199","session2",11.3354320144017,6.51034982774659,2.08008110646758,5.31333298773135e-05,0.174244305461525,0.421884967212733,0.742456298880628,12,2,50,0.316024327818377,-0.2124384493623,24,3.62472187661377,0,16.72645,2554,0.8,0,12,"both",0.316024327818377,-0.2124384493623
"1200","session2",11.3354320144017,6.51034982774659,2.08008110646758,5.31333298773135e-05,0.174244305461525,0.421884967212733,0.742456298880628,12,2,50,0.316024327818377,-0.2124384493623,24,1.68710608453913,1,20.11787,2554,0.8,0,12,"both",0.316024327818377,-0.2124384493623
