"","session","alpha","beta","betart","lapse","intercept","sigma","ndt","participant_id","sessions","trials","alpha_obs_power","beta_obs_power","n","rts","resp","X","iter","real_effectsize_alpha","real_effectsize_beta","subjects","parameter","observed_effectsize_alpha","observed_effectsize_beta"
"1","session1",-6.63976969018821,11.5510750579738,2.30024129246414,0.00332056925522065,0.870414809518793,0.435443506379229,0.297989026061368,1,1,75,0.209114059183239,0.858731965229456,1,2.01746365164368,1,-9.0426830708,3251,0.6,0,6,"both",0.209114059183239,0.858731965229456
"2","session1",-6.63976969018821,11.5510750579738,2.30024129246414,0.00332056925522065,0.870414809518793,0.435443506379229,0.297989026061368,1,1,75,0.209114059183239,0.858731965229456,1,4.2395214336909,0,-10.1121995362,3251,0.6,0,6,"both",0.209114059183239,0.858731965229456
"3","session1",-6.63976969018821,11.5510750579738,2.30024129246414,0.00332056925522065,0.870414809518793,0.435443506379229,0.297989026061368,1,1,75,0.209114059183239,0.858731965229456,1,4.02002371441307,1,-2.4782267464,3251,0.6,0,6,"both",0.209114059183239,0.858731965229456
"4","session1",-6.63976969018821,11.5510750579738,2.30024129246414,0.00332056925522065,0.870414809518793,0.435443506379229,0.297989026061368,1,1,75,0.209114059183239,0.858731965229456,1,3.32308327855715,1,-9.27954083838,3251,0.6,0,6,"both",0.209114059183239,0.858731965229456
"5","session1",-6.63976969018821,11.5510750579738,2.30024129246414,0.00332056925522065,0.870414809518793,0.435443506379229,0.297989026061368,1,1,75,0.209114059183239,0.858731965229456,1,1.98362160596495,0,-45.5795,3251,0.6,0,6,"both",0.209114059183239,0.858731965229456
"6","session1",-6.63976969018821,11.5510750579738,2.30024129246414,0.00332056925522065,0.870414809518793,0.435443506379229,0.297989026061368,1,1,75,0.209114059183239,0.858731965229456,1,1.79408191457957,1,25.76447,3251,0.6,0,6,"both",0.209114059183239,0.858731965229456
"7","session1",-6.63976969018821,11.5510750579738,2.30024129246414,0.00332056925522065,0.870414809518793,0.435443506379229,0.297989026061368,1,1,75,0.209114059183239,0.858731965229456,1,6.02973556190719,0,-3.15093,3251,0.6,0,6,"both",0.209114059183239,0.858731965229456
"8","session1",-6.63976969018821,11.5510750579738,2.30024129246414,0.00332056925522065,0.870414809518793,0.435443506379229,0.297989026061368,1,1,75,0.209114059183239,0.858731965229456,1,4.13555576575184,1,-15.8072,3251,0.6,0,6,"both",0.209114059183239,0.858731965229456
"9","session1",-6.63976969018821,11.5510750579738,2.30024129246414,0.00332056925522065,0.870414809518793,0.435443506379229,0.297989026061368,1,1,75,0.209114059183239,0.858731965229456,1,2.8775154902071,0,-10.7951915003,3251,0.6,0,6,"both",0.209114059183239,0.858731965229456
"10","session1",-6.63976969018821,11.5510750579738,2.30024129246414,0.00332056925522065,0.870414809518793,0.435443506379229,0.297989026061368,1,1,75,0.209114059183239,0.858731965229456,1,2.79240551150421,0,-35.65714,3251,0.6,0,6,"both",0.209114059183239,0.858731965229456
"11","session1",-6.63976969018821,11.5510750579738,2.30024129246414,0.00332056925522065,0.870414809518793,0.435443506379229,0.297989026061368,1,1,75,0.209114059183239,0.858731965229456,1,4.84846939309271,1,2.34825,3251,0.6,0,6,"both",0.209114059183239,0.858731965229456
"12","session1",-6.63976969018821,11.5510750579738,2.30024129246414,0.00332056925522065,0.870414809518793,0.435443506379229,0.297989026061368,1,1,75,0.209114059183239,0.858731965229456,1,2.03665916184704,0,-49.43521,3251,0.6,0,6,"both",0.209114059183239,0.858731965229456
"13","session1",-6.63976969018821,11.5510750579738,2.30024129246414,0.00332056925522065,0.870414809518793,0.435443506379229,0.297989026061368,1,1,75,0.209114059183239,0.858731965229456,1,2.11444614363261,1,23.9196,3251,0.6,0,6,"both",0.209114059183239,0.858731965229456
"14","session1",-6.63976969018821,11.5510750579738,2.30024129246414,0.00332056925522065,0.870414809518793,0.435443506379229,0.297989026061368,1,1,75,0.209114059183239,0.858731965229456,1,3.68231743915373,1,35.3819,3251,0.6,0,6,"both",0.209114059183239,0.858731965229456
"15","session1",-6.63976969018821,11.5510750579738,2.30024129246414,0.00332056925522065,0.870414809518793,0.435443506379229,0.297989026061368,1,1,75,0.209114059183239,0.858731965229456,1,4.50392880136492,0,-16.44898,3251,0.6,0,6,"both",0.209114059183239,0.858731965229456
"16","session1",-6.63976969018821,11.5510750579738,2.30024129246414,0.00332056925522065,0.870414809518793,0.435443506379229,0.297989026061368,1,1,75,0.209114059183239,0.858731965229456,1,2.88770571706609,1,23.73899,3251,0.6,0,6,"both",0.209114059183239,0.858731965229456
"17","session1",-6.63976969018821,11.5510750579738,2.30024129246414,0.00332056925522065,0.870414809518793,0.435443506379229,0.297989026061368,1,1,75,0.209114059183239,0.858731965229456,1,4.26703598216031,0,-13.45332,3251,0.6,0,6,"both",0.209114059183239,0.858731965229456
"18","session1",-6.63976969018821,11.5510750579738,2.30024129246414,0.00332056925522065,0.870414809518793,0.435443506379229,0.297989026061368,1,1,75,0.209114059183239,0.858731965229456,1,2.8423793247836,0,-5.89642,3251,0.6,0,6,"both",0.209114059183239,0.858731965229456
"19","session1",-6.63976969018821,11.5510750579738,2.30024129246414,0.00332056925522065,0.870414809518793,0.435443506379229,0.297989026061368,1,1,75,0.209114059183239,0.858731965229456,1,3.05441116137756,0,-33.6937,3251,0.6,0,6,"both",0.209114059183239,0.858731965229456
"20","session1",-6.63976969018821,11.5510750579738,2.30024129246414,0.00332056925522065,0.870414809518793,0.435443506379229,0.297989026061368,1,1,75,0.209114059183239,0.858731965229456,1,7.78926450860339,0,-14.43332,3251,0.6,0,6,"both",0.209114059183239,0.858731965229456
"21","session1",-6.63976969018821,11.5510750579738,2.30024129246414,0.00332056925522065,0.870414809518793,0.435443506379229,0.297989026061368,1,1,75,0.209114059183239,0.858731965229456,1,4.21615200955618,1,-3.988823,3251,0.6,0,6,"both",0.209114059183239,0.858731965229456
"22","session1",-6.63976969018821,11.5510750579738,2.30024129246414,0.00332056925522065,0.870414809518793,0.435443506379229,0.297989026061368,1,1,75,0.209114059183239,0.858731965229456,1,3.98113023630314,1,-7.33495,3251,0.6,0,6,"both",0.209114059183239,0.858731965229456
"23","session1",-6.63976969018821,11.5510750579738,2.30024129246414,0.00332056925522065,0.870414809518793,0.435443506379229,0.297989026061368,1,1,75,0.209114059183239,0.858731965229456,1,2.37466813004689,1,14.19622,3251,0.6,0,6,"both",0.209114059183239,0.858731965229456
"24","session1",-6.63976969018821,11.5510750579738,2.30024129246414,0.00332056925522065,0.870414809518793,0.435443506379229,0.297989026061368,1,1,75,0.209114059183239,0.858731965229456,1,4.92216538903456,0,-17.59494,3251,0.6,0,6,"both",0.209114059183239,0.858731965229456
"25","session1",-6.63976969018821,11.5510750579738,2.30024129246414,0.00332056925522065,0.870414809518793,0.435443506379229,0.297989026061368,1,1,75,0.209114059183239,0.858731965229456,1,3.99360921154017,1,-2.74214,3251,0.6,0,6,"both",0.209114059183239,0.858731965229456
"26","session1",-6.63976969018821,11.5510750579738,2.30024129246414,0.00332056925522065,0.870414809518793,0.435443506379229,0.297989026061368,1,1,75,0.209114059183239,0.858731965229456,1,3.99970291136407,0,-21.67617,3251,0.6,0,6,"both",0.209114059183239,0.858731965229456
"27","session1",-6.63976969018821,11.5510750579738,2.30024129246414,0.00332056925522065,0.870414809518793,0.435443506379229,0.297989026061368,1,1,75,0.209114059183239,0.858731965229456,1,4.22464819627089,0,-6.845254,3251,0.6,0,6,"both",0.209114059183239,0.858731965229456
"28","session1",-6.63976969018821,11.5510750579738,2.30024129246414,0.00332056925522065,0.870414809518793,0.435443506379229,0.297989026061368,1,1,75,0.209114059183239,0.858731965229456,1,1.99908295933901,1,10.07102,3251,0.6,0,6,"both",0.209114059183239,0.858731965229456
"29","session1",-6.63976969018821,11.5510750579738,2.30024129246414,0.00332056925522065,0.870414809518793,0.435443506379229,0.297989026061368,1,1,75,0.209114059183239,0.858731965229456,1,4.51270871834887,1,-4.08304,3251,0.6,0,6,"both",0.209114059183239,0.858731965229456
"30","session1",-6.63976969018821,11.5510750579738,2.30024129246414,0.00332056925522065,0.870414809518793,0.435443506379229,0.297989026061368,1,1,75,0.209114059183239,0.858731965229456,1,2.34559415045217,1,-6.16463,3251,0.6,0,6,"both",0.209114059183239,0.858731965229456
"31","session1",-6.63976969018821,11.5510750579738,2.30024129246414,0.00332056925522065,0.870414809518793,0.435443506379229,0.297989026061368,1,1,75,0.209114059183239,0.858731965229456,1,2.68630105977642,0,-14.58341,3251,0.6,0,6,"both",0.209114059183239,0.858731965229456
"32","session1",-6.63976969018821,11.5510750579738,2.30024129246414,0.00332056925522065,0.870414809518793,0.435443506379229,0.297989026061368,1,1,75,0.209114059183239,0.858731965229456,1,8,1,-10.63534,3251,0.6,0,6,"both",0.209114059183239,0.858731965229456
"33","session1",-6.63976969018821,11.5510750579738,2.30024129246414,0.00332056925522065,0.870414809518793,0.435443506379229,0.297989026061368,1,1,75,0.209114059183239,0.858731965229456,1,8,0,-15.81776,3251,0.6,0,6,"both",0.209114059183239,0.858731965229456
"34","session1",-6.63976969018821,11.5510750579738,2.30024129246414,0.00332056925522065,0.870414809518793,0.435443506379229,0.297989026061368,1,1,75,0.209114059183239,0.858731965229456,1,2.15703949738807,1,-7.73465,3251,0.6,0,6,"both",0.209114059183239,0.858731965229456
"35","session1",-6.63976969018821,11.5510750579738,2.30024129246414,0.00332056925522065,0.870414809518793,0.435443506379229,0.297989026061368,1,1,75,0.209114059183239,0.858731965229456,1,4.05531128467569,1,1.93196,3251,0.6,0,6,"both",0.209114059183239,0.858731965229456
"36","session1",-6.63976969018821,11.5510750579738,2.30024129246414,0.00332056925522065,0.870414809518793,0.435443506379229,0.297989026061368,1,1,75,0.209114059183239,0.858731965229456,1,3.22701940547856,1,6.745,3251,0.6,0,6,"both",0.209114059183239,0.858731965229456
"37","session1",-6.63976969018821,11.5510750579738,2.30024129246414,0.00332056925522065,0.870414809518793,0.435443506379229,0.297989026061368,1,1,75,0.209114059183239,0.858731965229456,1,4.19111055575397,0,-2.18036,3251,0.6,0,6,"both",0.209114059183239,0.858731965229456
"38","session1",-6.63976969018821,11.5510750579738,2.30024129246414,0.00332056925522065,0.870414809518793,0.435443506379229,0.297989026061368,1,1,75,0.209114059183239,0.858731965229456,1,2.96694126003393,1,-15.44076,3251,0.6,0,6,"both",0.209114059183239,0.858731965229456
"39","session1",-6.63976969018821,11.5510750579738,2.30024129246414,0.00332056925522065,0.870414809518793,0.435443506379229,0.297989026061368,1,1,75,0.209114059183239,0.858731965229456,1,3.07092672444385,0,-1.25771,3251,0.6,0,6,"both",0.209114059183239,0.858731965229456
"40","session1",-6.63976969018821,11.5510750579738,2.30024129246414,0.00332056925522065,0.870414809518793,0.435443506379229,0.297989026061368,1,1,75,0.209114059183239,0.858731965229456,1,2.82459099918599,1,-21.08511,3251,0.6,0,6,"both",0.209114059183239,0.858731965229456
"41","session1",-6.63976969018821,11.5510750579738,2.30024129246414,0.00332056925522065,0.870414809518793,0.435443506379229,0.297989026061368,1,1,75,0.209114059183239,0.858731965229456,1,8,0,-17.32848,3251,0.6,0,6,"both",0.209114059183239,0.858731965229456
"42","session1",-6.63976969018821,11.5510750579738,2.30024129246414,0.00332056925522065,0.870414809518793,0.435443506379229,0.297989026061368,1,1,75,0.209114059183239,0.858731965229456,1,1.70569902738388,1,-23.0046,3251,0.6,0,6,"both",0.209114059183239,0.858731965229456
"43","session1",-6.63976969018821,11.5510750579738,2.30024129246414,0.00332056925522065,0.870414809518793,0.435443506379229,0.297989026061368,1,1,75,0.209114059183239,0.858731965229456,1,3.86450398227481,1,29.69347,3251,0.6,0,6,"both",0.209114059183239,0.858731965229456
"44","session1",-6.63976969018821,11.5510750579738,2.30024129246414,0.00332056925522065,0.870414809518793,0.435443506379229,0.297989026061368,1,1,75,0.209114059183239,0.858731965229456,1,4.27173045124809,0,-23.4698,3251,0.6,0,6,"both",0.209114059183239,0.858731965229456
"45","session1",-6.63976969018821,11.5510750579738,2.30024129246414,0.00332056925522065,0.870414809518793,0.435443506379229,0.297989026061368,1,1,75,0.209114059183239,0.858731965229456,1,2.96640514481912,0,-29.44688,3251,0.6,0,6,"both",0.209114059183239,0.858731965229456
"46","session1",-6.63976969018821,11.5510750579738,2.30024129246414,0.00332056925522065,0.870414809518793,0.435443506379229,0.297989026061368,1,1,75,0.209114059183239,0.858731965229456,1,1.92794913607348,1,-26.7,3251,0.6,0,6,"both",0.209114059183239,0.858731965229456
"47","session1",-6.63976969018821,11.5510750579738,2.30024129246414,0.00332056925522065,0.870414809518793,0.435443506379229,0.297989026061368,1,1,75,0.209114059183239,0.858731965229456,1,2.91228896457154,1,21.75018,3251,0.6,0,6,"both",0.209114059183239,0.858731965229456
"48","session1",-6.63976969018821,11.5510750579738,2.30024129246414,0.00332056925522065,0.870414809518793,0.435443506379229,0.297989026061368,1,1,75,0.209114059183239,0.858731965229456,1,1.76848899774841,0,-29.6965,3251,0.6,0,6,"both",0.209114059183239,0.858731965229456
"49","session1",-6.63976969018821,11.5510750579738,2.30024129246414,0.00332056925522065,0.870414809518793,0.435443506379229,0.297989026061368,1,1,75,0.209114059183239,0.858731965229456,1,2.8235106030699,1,9.4841,3251,0.6,0,6,"both",0.209114059183239,0.858731965229456
"50","session1",-6.63976969018821,11.5510750579738,2.30024129246414,0.00332056925522065,0.870414809518793,0.435443506379229,0.297989026061368,1,1,75,0.209114059183239,0.858731965229456,1,1.41723506580661,1,15.0763,3251,0.6,0,6,"both",0.209114059183239,0.858731965229456
"51","session1",-6.63976969018821,11.5510750579738,2.30024129246414,0.00332056925522065,0.870414809518793,0.435443506379229,0.297989026061368,1,1,75,0.209114059183239,0.858731965229456,1,3.62092546272922,1,-5.79588,3251,0.6,0,6,"both",0.209114059183239,0.858731965229456
"52","session1",-6.63976969018821,11.5510750579738,2.30024129246414,0.00332056925522065,0.870414809518793,0.435443506379229,0.297989026061368,1,1,75,0.209114059183239,0.858731965229456,1,4.68416064433686,0,5.81359,3251,0.6,0,6,"both",0.209114059183239,0.858731965229456
"53","session1",-6.63976969018821,11.5510750579738,2.30024129246414,0.00332056925522065,0.870414809518793,0.435443506379229,0.297989026061368,1,1,75,0.209114059183239,0.858731965229456,1,4.02312027779999,0,-18.16135,3251,0.6,0,6,"both",0.209114059183239,0.858731965229456
"54","session1",-6.63976969018821,11.5510750579738,2.30024129246414,0.00332056925522065,0.870414809518793,0.435443506379229,0.297989026061368,1,1,75,0.209114059183239,0.858731965229456,1,3.22964095513067,0,-41.2919,3251,0.6,0,6,"both",0.209114059183239,0.858731965229456
"55","session1",-6.63976969018821,11.5510750579738,2.30024129246414,0.00332056925522065,0.870414809518793,0.435443506379229,0.297989026061368,1,1,75,0.209114059183239,0.858731965229456,1,3.34314667126693,0,7.07063,3251,0.6,0,6,"both",0.209114059183239,0.858731965229456
"56","session1",-6.63976969018821,11.5510750579738,2.30024129246414,0.00332056925522065,0.870414809518793,0.435443506379229,0.297989026061368,1,1,75,0.209114059183239,0.858731965229456,1,3.40596883842368,0,-32.5293,3251,0.6,0,6,"both",0.209114059183239,0.858731965229456
"57","session1",-6.63976969018821,11.5510750579738,2.30024129246414,0.00332056925522065,0.870414809518793,0.435443506379229,0.297989026061368,1,1,75,0.209114059183239,0.858731965229456,1,2.5082656626187,0,-48.69178,3251,0.6,0,6,"both",0.209114059183239,0.858731965229456
"58","session1",-6.63976969018821,11.5510750579738,2.30024129246414,0.00332056925522065,0.870414809518793,0.435443506379229,0.297989026061368,1,1,75,0.209114059183239,0.858731965229456,1,3.04815124417109,0,-25.48014,3251,0.6,0,6,"both",0.209114059183239,0.858731965229456
"59","session1",-6.63976969018821,11.5510750579738,2.30024129246414,0.00332056925522065,0.870414809518793,0.435443506379229,0.297989026061368,1,1,75,0.209114059183239,0.858731965229456,1,3.17955473080911,0,-25.1947,3251,0.6,0,6,"both",0.209114059183239,0.858731965229456
"60","session1",-6.63976969018821,11.5510750579738,2.30024129246414,0.00332056925522065,0.870414809518793,0.435443506379229,0.297989026061368,1,1,75,0.209114059183239,0.858731965229456,1,1.69130197020288,0,-28.88255,3251,0.6,0,6,"both",0.209114059183239,0.858731965229456
"61","session1",-6.63976969018821,11.5510750579738,2.30024129246414,0.00332056925522065,0.870414809518793,0.435443506379229,0.297989026061368,1,1,75,0.209114059183239,0.858731965229456,1,3.09809719816383,1,5.64343,3251,0.6,0,6,"both",0.209114059183239,0.858731965229456
"62","session1",-6.63976969018821,11.5510750579738,2.30024129246414,0.00332056925522065,0.870414809518793,0.435443506379229,0.297989026061368,1,1,75,0.209114059183239,0.858731965229456,1,1.78089835337783,1,20.54695,3251,0.6,0,6,"both",0.209114059183239,0.858731965229456
"63","session1",-6.63976969018821,11.5510750579738,2.30024129246414,0.00332056925522065,0.870414809518793,0.435443506379229,0.297989026061368,1,1,75,0.209114059183239,0.858731965229456,1,1.37026072732936,0,-25.2454,3251,0.6,0,6,"both",0.209114059183239,0.858731965229456
"64","session1",-6.63976969018821,11.5510750579738,2.30024129246414,0.00332056925522065,0.870414809518793,0.435443506379229,0.297989026061368,1,1,75,0.209114059183239,0.858731965229456,1,1.45197458012504,0,-28.96841,3251,0.6,0,6,"both",0.209114059183239,0.858731965229456
"65","session1",-6.63976969018821,11.5510750579738,2.30024129246414,0.00332056925522065,0.870414809518793,0.435443506379229,0.297989026061368,1,1,75,0.209114059183239,0.858731965229456,1,2.40276725263601,0,14.83287,3251,0.6,0,6,"both",0.209114059183239,0.858731965229456
"66","session1",-6.63976969018821,11.5510750579738,2.30024129246414,0.00332056925522065,0.870414809518793,0.435443506379229,0.297989026061368,1,1,75,0.209114059183239,0.858731965229456,1,3.47251355199179,1,15.7472,3251,0.6,0,6,"both",0.209114059183239,0.858731965229456
"67","session1",-6.63976969018821,11.5510750579738,2.30024129246414,0.00332056925522065,0.870414809518793,0.435443506379229,0.297989026061368,1,1,75,0.209114059183239,0.858731965229456,1,2.6883042141646,1,8.58642,3251,0.6,0,6,"both",0.209114059183239,0.858731965229456
"68","session1",-6.63976969018821,11.5510750579738,2.30024129246414,0.00332056925522065,0.870414809518793,0.435443506379229,0.297989026061368,1,1,75,0.209114059183239,0.858731965229456,1,3.93425097522157,0,-30.4794,3251,0.6,0,6,"both",0.209114059183239,0.858731965229456
"69","session1",-6.63976969018821,11.5510750579738,2.30024129246414,0.00332056925522065,0.870414809518793,0.435443506379229,0.297989026061368,1,1,75,0.209114059183239,0.858731965229456,1,3.93094858300213,1,11.70505,3251,0.6,0,6,"both",0.209114059183239,0.858731965229456
"70","session1",-6.63976969018821,11.5510750579738,2.30024129246414,0.00332056925522065,0.870414809518793,0.435443506379229,0.297989026061368,1,1,75,0.209114059183239,0.858731965229456,1,3.25966614808381,1,23.90788,3251,0.6,0,6,"both",0.209114059183239,0.858731965229456
"71","session1",-6.63976969018821,11.5510750579738,2.30024129246414,0.00332056925522065,0.870414809518793,0.435443506379229,0.297989026061368,1,1,75,0.209114059183239,0.858731965229456,1,2.50534200600592,1,16.86223,3251,0.6,0,6,"both",0.209114059183239,0.858731965229456
"72","session1",-6.63976969018821,11.5510750579738,2.30024129246414,0.00332056925522065,0.870414809518793,0.435443506379229,0.297989026061368,1,1,75,0.209114059183239,0.858731965229456,1,6.32035478015643,1,-17.55573,3251,0.6,0,6,"both",0.209114059183239,0.858731965229456
"73","session1",-6.63976969018821,11.5510750579738,2.30024129246414,0.00332056925522065,0.870414809518793,0.435443506379229,0.297989026061368,1,1,75,0.209114059183239,0.858731965229456,1,2.74245191126008,0,-18.86929,3251,0.6,0,6,"both",0.209114059183239,0.858731965229456
"74","session1",-6.63976969018821,11.5510750579738,2.30024129246414,0.00332056925522065,0.870414809518793,0.435443506379229,0.297989026061368,1,1,75,0.209114059183239,0.858731965229456,1,6.07279178091018,0,-23.5008,3251,0.6,0,6,"both",0.209114059183239,0.858731965229456
"75","session1",-6.63976969018821,11.5510750579738,2.30024129246414,0.00332056925522065,0.870414809518793,0.435443506379229,0.297989026061368,1,1,75,0.209114059183239,0.858731965229456,1,3.44957232141101,1,15.8178,3251,0.6,0,6,"both",0.209114059183239,0.858731965229456
"76","session1",5.02030823170482,20.3820430379289,2.89907240727823,0.0166247465900905,0.669861888184704,0.41097984714602,0.16304133975766,2,1,75,0.209114059183239,0.858731965229456,2,4.66613910896824,1,-8.78100450461,3251,0.6,0,6,"both",0.209114059183239,0.858731965229456
"77","session1",5.02030823170482,20.3820430379289,2.89907240727823,0.0166247465900905,0.669861888184704,0.41097984714602,0.16304133975766,2,1,75,0.209114059183239,0.858731965229456,2,3.2948123686094,0,-11.8293407246,3251,0.6,0,6,"both",0.209114059183239,0.858731965229456
"78","session1",5.02030823170482,20.3820430379289,2.89907240727823,0.0166247465900905,0.669861888184704,0.41097984714602,0.16304133975766,2,1,75,0.209114059183239,0.858731965229456,2,4.15005014066138,1,-3.0277913332,3251,0.6,0,6,"both",0.209114059183239,0.858731965229456
"79","session1",5.02030823170482,20.3820430379289,2.89907240727823,0.0166247465900905,0.669861888184704,0.41097984714602,0.16304133975766,2,1,75,0.209114059183239,0.858731965229456,2,6.3665625911898,0,-8.153311803,3251,0.6,0,6,"both",0.209114059183239,0.858731965229456
"80","session1",5.02030823170482,20.3820430379289,2.89907240727823,0.0166247465900905,0.669861888184704,0.41097984714602,0.16304133975766,2,1,75,0.209114059183239,0.858731965229456,2,2.96348488802228,1,-4.80032936428,3251,0.6,0,6,"both",0.209114059183239,0.858731965229456
"81","session1",5.02030823170482,20.3820430379289,2.89907240727823,0.0166247465900905,0.669861888184704,0.41097984714602,0.16304133975766,2,1,75,0.209114059183239,0.858731965229456,2,2.31797183241445,0,-10.61367,3251,0.6,0,6,"both",0.209114059183239,0.858731965229456
"82","session1",5.02030823170482,20.3820430379289,2.89907240727823,0.0166247465900905,0.669861888184704,0.41097984714602,0.16304133975766,2,1,75,0.209114059183239,0.858731965229456,2,4.30341194191875,0,-0.137309999999999,3251,0.6,0,6,"both",0.209114059183239,0.858731965229456
"83","session1",5.02030823170482,20.3820430379289,2.89907240727823,0.0166247465900905,0.669861888184704,0.41097984714602,0.16304133975766,2,1,75,0.209114059183239,0.858731965229456,2,4.00133794190229,0,-1.9364,3251,0.6,0,6,"both",0.209114059183239,0.858731965229456
"84","session1",5.02030823170482,20.3820430379289,2.89907240727823,0.0166247465900905,0.669861888184704,0.41097984714602,0.16304133975766,2,1,75,0.209114059183239,0.858731965229456,2,3.35758529987958,0,2.2531630019,3251,0.6,0,6,"both",0.209114059183239,0.858731965229456
"85","session1",5.02030823170482,20.3820430379289,2.89907240727823,0.0166247465900905,0.669861888184704,0.41097984714602,0.16304133975766,2,1,75,0.209114059183239,0.858731965229456,2,3.46613828003447,0,-11.04659,3251,0.6,0,6,"both",0.209114059183239,0.858731965229456
"86","session1",5.02030823170482,20.3820430379289,2.89907240727823,0.0166247465900905,0.669861888184704,0.41097984714602,0.16304133975766,2,1,75,0.209114059183239,0.858731965229456,2,1.75274660878402,0,-36.72917,3251,0.6,0,6,"both",0.209114059183239,0.858731965229456
"87","session1",5.02030823170482,20.3820430379289,2.89907240727823,0.0166247465900905,0.669861888184704,0.41097984714602,0.16304133975766,2,1,75,0.209114059183239,0.858731965229456,2,2.65006307364071,0,-40.8535,3251,0.6,0,6,"both",0.209114059183239,0.858731965229456
"88","session1",5.02030823170482,20.3820430379289,2.89907240727823,0.0166247465900905,0.669861888184704,0.41097984714602,0.16304133975766,2,1,75,0.209114059183239,0.858731965229456,2,4.03666796195802,0,7.97088275955,3251,0.6,0,6,"both",0.209114059183239,0.858731965229456
"89","session1",5.02030823170482,20.3820430379289,2.89907240727823,0.0166247465900905,0.669861888184704,0.41097984714602,0.16304133975766,2,1,75,0.209114059183239,0.858731965229456,2,3.13052846388476,1,38.596,3251,0.6,0,6,"both",0.209114059183239,0.858731965229456
"90","session1",5.02030823170482,20.3820430379289,2.89907240727823,0.0166247465900905,0.669861888184704,0.41097984714602,0.16304133975766,2,1,75,0.209114059183239,0.858731965229456,2,5.28976945722069,0,14.3401,3251,0.6,0,6,"both",0.209114059183239,0.858731965229456
"91","session1",5.02030823170482,20.3820430379289,2.89907240727823,0.0166247465900905,0.669861888184704,0.41097984714602,0.16304133975766,2,1,75,0.209114059183239,0.858731965229456,2,4.16411459921461,1,36.273,3251,0.6,0,6,"both",0.209114059183239,0.858731965229456
"92","session1",5.02030823170482,20.3820430379289,2.89907240727823,0.0166247465900905,0.669861888184704,0.41097984714602,0.16304133975766,2,1,75,0.209114059183239,0.858731965229456,2,1.87884401323036,1,49.4707,3251,0.6,0,6,"both",0.209114059183239,0.858731965229456
"93","session1",5.02030823170482,20.3820430379289,2.89907240727823,0.0166247465900905,0.669861888184704,0.41097984714602,0.16304133975766,2,1,75,0.209114059183239,0.858731965229456,2,8,0,5.8961,3251,0.6,0,6,"both",0.209114059183239,0.858731965229456
"94","session1",5.02030823170482,20.3820430379289,2.89907240727823,0.0166247465900905,0.669861888184704,0.41097984714602,0.16304133975766,2,1,75,0.209114059183239,0.858731965229456,2,6.85425657921644,1,16.1332728053,3251,0.6,0,6,"both",0.209114059183239,0.858731965229456
"95","session1",5.02030823170482,20.3820430379289,2.89907240727823,0.0166247465900905,0.669861888184704,0.41097984714602,0.16304133975766,2,1,75,0.209114059183239,0.858731965229456,2,7.55656994987289,0,3.64037,3251,0.6,0,6,"both",0.209114059183239,0.858731965229456
"96","session1",5.02030823170482,20.3820430379289,2.89907240727823,0.0166247465900905,0.669861888184704,0.41097984714602,0.16304133975766,2,1,75,0.209114059183239,0.858731965229456,2,1.46292711359264,0,-22.33089,3251,0.6,0,6,"both",0.209114059183239,0.858731965229456
"97","session1",5.02030823170482,20.3820430379289,2.89907240727823,0.0166247465900905,0.669861888184704,0.41097984714602,0.16304133975766,2,1,75,0.209114059183239,0.858731965229456,2,4.16980423602742,1,35.2816,3251,0.6,0,6,"both",0.209114059183239,0.858731965229456
"98","session1",5.02030823170482,20.3820430379289,2.89907240727823,0.0166247465900905,0.669861888184704,0.41097984714602,0.16304133975766,2,1,75,0.209114059183239,0.858731965229456,2,4.45719659427318,1,11.346,3251,0.6,0,6,"both",0.209114059183239,0.858731965229456
"99","session1",5.02030823170482,20.3820430379289,2.89907240727823,0.0166247465900905,0.669861888184704,0.41097984714602,0.16304133975766,2,1,75,0.209114059183239,0.858731965229456,2,2.5065326904152,0,-15.704353,3251,0.6,0,6,"both",0.209114059183239,0.858731965229456
"100","session1",5.02030823170482,20.3820430379289,2.89907240727823,0.0166247465900905,0.669861888184704,0.41097984714602,0.16304133975766,2,1,75,0.209114059183239,0.858731965229456,2,6.95535406066517,1,5.13979,3251,0.6,0,6,"both",0.209114059183239,0.858731965229456
"101","session1",5.02030823170482,20.3820430379289,2.89907240727823,0.0166247465900905,0.669861888184704,0.41097984714602,0.16304133975766,2,1,75,0.209114059183239,0.858731965229456,2,5.65708844039702,1,-3.05634,3251,0.6,0,6,"both",0.209114059183239,0.858731965229456
"102","session1",5.02030823170482,20.3820430379289,2.89907240727823,0.0166247465900905,0.669861888184704,0.41097984714602,0.16304133975766,2,1,75,0.209114059183239,0.858731965229456,2,4.45752852242628,1,12.30587,3251,0.6,0,6,"both",0.209114059183239,0.858731965229456
"103","session1",5.02030823170482,20.3820430379289,2.89907240727823,0.0166247465900905,0.669861888184704,0.41097984714602,0.16304133975766,2,1,75,0.209114059183239,0.858731965229456,2,1.86855351716355,1,28.10389,3251,0.6,0,6,"both",0.209114059183239,0.858731965229456
"104","session1",5.02030823170482,20.3820430379289,2.89907240727823,0.0166247465900905,0.669861888184704,0.41097984714602,0.16304133975766,2,1,75,0.209114059183239,0.858731965229456,2,3.12570766788778,0,-7.58028,3251,0.6,0,6,"both",0.209114059183239,0.858731965229456
"105","session1",5.02030823170482,20.3820430379289,2.89907240727823,0.0166247465900905,0.669861888184704,0.41097984714602,0.16304133975766,2,1,75,0.209114059183239,0.858731965229456,2,2.39785276622008,1,38.13586,3251,0.6,0,6,"both",0.209114059183239,0.858731965229456
"106","session1",5.02030823170482,20.3820430379289,2.89907240727823,0.0166247465900905,0.669861888184704,0.41097984714602,0.16304133975766,2,1,75,0.209114059183239,0.858731965229456,2,2.77119054924055,1,4.37007,3251,0.6,0,6,"both",0.209114059183239,0.858731965229456
"107","session1",5.02030823170482,20.3820430379289,2.89907240727823,0.0166247465900905,0.669861888184704,0.41097984714602,0.16304133975766,2,1,75,0.209114059183239,0.858731965229456,2,4.63342156925448,1,30.6743,3251,0.6,0,6,"both",0.209114059183239,0.858731965229456
"108","session1",5.02030823170482,20.3820430379289,2.89907240727823,0.0166247465900905,0.669861888184704,0.41097984714602,0.16304133975766,2,1,75,0.209114059183239,0.858731965229456,2,3.39814920950062,1,14.90085,3251,0.6,0,6,"both",0.209114059183239,0.858731965229456
"109","session1",5.02030823170482,20.3820430379289,2.89907240727823,0.0166247465900905,0.669861888184704,0.41097984714602,0.16304133975766,2,1,75,0.209114059183239,0.858731965229456,2,2.23165845536334,1,-19.7965,3251,0.6,0,6,"both",0.209114059183239,0.858731965229456
"110","session1",5.02030823170482,20.3820430379289,2.89907240727823,0.0166247465900905,0.669861888184704,0.41097984714602,0.16304133975766,2,1,75,0.209114059183239,0.858731965229456,2,4.85711072186539,0,1.0458272465,3251,0.6,0,6,"both",0.209114059183239,0.858731965229456
"111","session1",5.02030823170482,20.3820430379289,2.89907240727823,0.0166247465900905,0.669861888184704,0.41097984714602,0.16304133975766,2,1,75,0.209114059183239,0.858731965229456,2,2.55459212890793,0,-22.01233,3251,0.6,0,6,"both",0.209114059183239,0.858731965229456
"112","session1",5.02030823170482,20.3820430379289,2.89907240727823,0.0166247465900905,0.669861888184704,0.41097984714602,0.16304133975766,2,1,75,0.209114059183239,0.858731965229456,2,6.47375499508088,0,-10.33176,3251,0.6,0,6,"both",0.209114059183239,0.858731965229456
"113","session1",5.02030823170482,20.3820430379289,2.89907240727823,0.0166247465900905,0.669861888184704,0.41097984714602,0.16304133975766,2,1,75,0.209114059183239,0.858731965229456,2,3.82640663096326,0,12.21363,3251,0.6,0,6,"both",0.209114059183239,0.858731965229456
"114","session1",5.02030823170482,20.3820430379289,2.89907240727823,0.0166247465900905,0.669861888184704,0.41097984714602,0.16304133975766,2,1,75,0.209114059183239,0.858731965229456,2,4.03681359500694,1,23.034389,3251,0.6,0,6,"both",0.209114059183239,0.858731965229456
"115","session1",5.02030823170482,20.3820430379289,2.89907240727823,0.0166247465900905,0.669861888184704,0.41097984714602,0.16304133975766,2,1,75,0.209114059183239,0.858731965229456,2,2.58356092597773,1,24.616683,3251,0.6,0,6,"both",0.209114059183239,0.858731965229456
"116","session1",5.02030823170482,20.3820430379289,2.89907240727823,0.0166247465900905,0.669861888184704,0.41097984714602,0.16304133975766,2,1,75,0.209114059183239,0.858731965229456,2,5.59395426168154,1,11.21637,3251,0.6,0,6,"both",0.209114059183239,0.858731965229456
"117","session1",5.02030823170482,20.3820430379289,2.89907240727823,0.0166247465900905,0.669861888184704,0.41097984714602,0.16304133975766,2,1,75,0.209114059183239,0.858731965229456,2,2.14597672948292,1,39.3149,3251,0.6,0,6,"both",0.209114059183239,0.858731965229456
"118","session1",5.02030823170482,20.3820430379289,2.89907240727823,0.0166247465900905,0.669861888184704,0.41097984714602,0.16304133975766,2,1,75,0.209114059183239,0.858731965229456,2,3.21064529991425,1,20.07494,3251,0.6,0,6,"both",0.209114059183239,0.858731965229456
"119","session1",5.02030823170482,20.3820430379289,2.89907240727823,0.0166247465900905,0.669861888184704,0.41097984714602,0.16304133975766,2,1,75,0.209114059183239,0.858731965229456,2,3.6670596120598,1,26.79512,3251,0.6,0,6,"both",0.209114059183239,0.858731965229456
"120","session1",5.02030823170482,20.3820430379289,2.89907240727823,0.0166247465900905,0.669861888184704,0.41097984714602,0.16304133975766,2,1,75,0.209114059183239,0.858731965229456,2,4.58831263377685,0,-12.99827,3251,0.6,0,6,"both",0.209114059183239,0.858731965229456
"121","session1",5.02030823170482,20.3820430379289,2.89907240727823,0.0166247465900905,0.669861888184704,0.41097984714602,0.16304133975766,2,1,75,0.209114059183239,0.858731965229456,2,2.29973469268856,1,-4.82578,3251,0.6,0,6,"both",0.209114059183239,0.858731965229456
"122","session1",5.02030823170482,20.3820430379289,2.89907240727823,0.0166247465900905,0.669861888184704,0.41097984714602,0.16304133975766,2,1,75,0.209114059183239,0.858731965229456,2,1.98983522612963,1,21.36082,3251,0.6,0,6,"both",0.209114059183239,0.858731965229456
"123","session1",5.02030823170482,20.3820430379289,2.89907240727823,0.0166247465900905,0.669861888184704,0.41097984714602,0.16304133975766,2,1,75,0.209114059183239,0.858731965229456,2,1.84897434383063,0,-18.5188,3251,0.6,0,6,"both",0.209114059183239,0.858731965229456
"124","session1",5.02030823170482,20.3820430379289,2.89907240727823,0.0166247465900905,0.669861888184704,0.41097984714602,0.16304133975766,2,1,75,0.209114059183239,0.858731965229456,2,2.44910276048504,1,14.31266,3251,0.6,0,6,"both",0.209114059183239,0.858731965229456
"125","session1",5.02030823170482,20.3820430379289,2.89907240727823,0.0166247465900905,0.669861888184704,0.41097984714602,0.16304133975766,2,1,75,0.209114059183239,0.858731965229456,2,3.39919036218224,1,-8.15276,3251,0.6,0,6,"both",0.209114059183239,0.858731965229456
"126","session1",5.02030823170482,20.3820430379289,2.89907240727823,0.0166247465900905,0.669861888184704,0.41097984714602,0.16304133975766,2,1,75,0.209114059183239,0.858731965229456,2,5.85000312983026,1,15.8491,3251,0.6,0,6,"both",0.209114059183239,0.858731965229456
"127","session1",5.02030823170482,20.3820430379289,2.89907240727823,0.0166247465900905,0.669861888184704,0.41097984714602,0.16304133975766,2,1,75,0.209114059183239,0.858731965229456,2,5.27757686445908,0,-10.5332,3251,0.6,0,6,"both",0.209114059183239,0.858731965229456
"128","session1",5.02030823170482,20.3820430379289,2.89907240727823,0.0166247465900905,0.669861888184704,0.41097984714602,0.16304133975766,2,1,75,0.209114059183239,0.858731965229456,2,2.10003751075422,0,-30.24457,3251,0.6,0,6,"both",0.209114059183239,0.858731965229456
"129","session1",5.02030823170482,20.3820430379289,2.89907240727823,0.0166247465900905,0.669861888184704,0.41097984714602,0.16304133975766,2,1,75,0.209114059183239,0.858731965229456,2,1.78673440070834,0,8.33234,3251,0.6,0,6,"both",0.209114059183239,0.858731965229456
"130","session1",5.02030823170482,20.3820430379289,2.89907240727823,0.0166247465900905,0.669861888184704,0.41097984714602,0.16304133975766,2,1,75,0.209114059183239,0.858731965229456,2,1.60596219099838,1,24.14962,3251,0.6,0,6,"both",0.209114059183239,0.858731965229456
"131","session1",5.02030823170482,20.3820430379289,2.89907240727823,0.0166247465900905,0.669861888184704,0.41097984714602,0.16304133975766,2,1,75,0.209114059183239,0.858731965229456,2,3.52447538100223,1,6.08725,3251,0.6,0,6,"both",0.209114059183239,0.858731965229456
"132","session1",5.02030823170482,20.3820430379289,2.89907240727823,0.0166247465900905,0.669861888184704,0.41097984714602,0.16304133975766,2,1,75,0.209114059183239,0.858731965229456,2,3.47377388677587,1,7.46204,3251,0.6,0,6,"both",0.209114059183239,0.858731965229456
"133","session1",5.02030823170482,20.3820430379289,2.89907240727823,0.0166247465900905,0.669861888184704,0.41097984714602,0.16304133975766,2,1,75,0.209114059183239,0.858731965229456,2,3.89692779771659,1,15.14595,3251,0.6,0,6,"both",0.209114059183239,0.858731965229456
"134","session1",5.02030823170482,20.3820430379289,2.89907240727823,0.0166247465900905,0.669861888184704,0.41097984714602,0.16304133975766,2,1,75,0.209114059183239,0.858731965229456,2,3.36132098333071,1,13.016187,3251,0.6,0,6,"both",0.209114059183239,0.858731965229456
"135","session1",5.02030823170482,20.3820430379289,2.89907240727823,0.0166247465900905,0.669861888184704,0.41097984714602,0.16304133975766,2,1,75,0.209114059183239,0.858731965229456,2,7.97415690827965,0,12.83274,3251,0.6,0,6,"both",0.209114059183239,0.858731965229456
"136","session1",5.02030823170482,20.3820430379289,2.89907240727823,0.0166247465900905,0.669861888184704,0.41097984714602,0.16304133975766,2,1,75,0.209114059183239,0.858731965229456,2,3.6917294373706,0,-10.38721,3251,0.6,0,6,"both",0.209114059183239,0.858731965229456
"137","session1",5.02030823170482,20.3820430379289,2.89907240727823,0.0166247465900905,0.669861888184704,0.41097984714602,0.16304133975766,2,1,75,0.209114059183239,0.858731965229456,2,8,0,22.323532,3251,0.6,0,6,"both",0.209114059183239,0.858731965229456
"138","session1",5.02030823170482,20.3820430379289,2.89907240727823,0.0166247465900905,0.669861888184704,0.41097984714602,0.16304133975766,2,1,75,0.209114059183239,0.858731965229456,2,2.56694449909563,1,-7.23845,3251,0.6,0,6,"both",0.209114059183239,0.858731965229456
"139","session1",5.02030823170482,20.3820430379289,2.89907240727823,0.0166247465900905,0.669861888184704,0.41097984714602,0.16304133975766,2,1,75,0.209114059183239,0.858731965229456,2,2.1408771905569,0,-21.31873,3251,0.6,0,6,"both",0.209114059183239,0.858731965229456
"140","session1",5.02030823170482,20.3820430379289,2.89907240727823,0.0166247465900905,0.669861888184704,0.41097984714602,0.16304133975766,2,1,75,0.209114059183239,0.858731965229456,2,3.97645218535803,0,-20.35392,3251,0.6,0,6,"both",0.209114059183239,0.858731965229456
"141","session1",5.02030823170482,20.3820430379289,2.89907240727823,0.0166247465900905,0.669861888184704,0.41097984714602,0.16304133975766,2,1,75,0.209114059183239,0.858731965229456,2,4.4572669133226,1,26.05709,3251,0.6,0,6,"both",0.209114059183239,0.858731965229456
"142","session1",5.02030823170482,20.3820430379289,2.89907240727823,0.0166247465900905,0.669861888184704,0.41097984714602,0.16304133975766,2,1,75,0.209114059183239,0.858731965229456,2,4.30460381929522,0,-2.42039,3251,0.6,0,6,"both",0.209114059183239,0.858731965229456
"143","session1",5.02030823170482,20.3820430379289,2.89907240727823,0.0166247465900905,0.669861888184704,0.41097984714602,0.16304133975766,2,1,75,0.209114059183239,0.858731965229456,2,3.55510033533886,1,18.31736,3251,0.6,0,6,"both",0.209114059183239,0.858731965229456
"144","session1",5.02030823170482,20.3820430379289,2.89907240727823,0.0166247465900905,0.669861888184704,0.41097984714602,0.16304133975766,2,1,75,0.209114059183239,0.858731965229456,2,3.98076984328067,0,18.816457,3251,0.6,0,6,"both",0.209114059183239,0.858731965229456
"145","session1",5.02030823170482,20.3820430379289,2.89907240727823,0.0166247465900905,0.669861888184704,0.41097984714602,0.16304133975766,2,1,75,0.209114059183239,0.858731965229456,2,1.85702156489104,1,33.5181,3251,0.6,0,6,"both",0.209114059183239,0.858731965229456
"146","session1",5.02030823170482,20.3820430379289,2.89907240727823,0.0166247465900905,0.669861888184704,0.41097984714602,0.16304133975766,2,1,75,0.209114059183239,0.858731965229456,2,2.90998107115436,1,20.47221,3251,0.6,0,6,"both",0.209114059183239,0.858731965229456
"147","session1",5.02030823170482,20.3820430379289,2.89907240727823,0.0166247465900905,0.669861888184704,0.41097984714602,0.16304133975766,2,1,75,0.209114059183239,0.858731965229456,2,5.08906440099307,0,16.89374,3251,0.6,0,6,"both",0.209114059183239,0.858731965229456
"148","session1",5.02030823170482,20.3820430379289,2.89907240727823,0.0166247465900905,0.669861888184704,0.41097984714602,0.16304133975766,2,1,75,0.209114059183239,0.858731965229456,2,4.17978400857781,0,-9.3381,3251,0.6,0,6,"both",0.209114059183239,0.858731965229456
"149","session1",5.02030823170482,20.3820430379289,2.89907240727823,0.0166247465900905,0.669861888184704,0.41097984714602,0.16304133975766,2,1,75,0.209114059183239,0.858731965229456,2,3.69481858000522,1,23.8008,3251,0.6,0,6,"both",0.209114059183239,0.858731965229456
"150","session1",5.02030823170482,20.3820430379289,2.89907240727823,0.0166247465900905,0.669861888184704,0.41097984714602,0.16304133975766,2,1,75,0.209114059183239,0.858731965229456,2,2.96284597582877,0,-17.28623,3251,0.6,0,6,"both",0.209114059183239,0.858731965229456
"151","session1",14.8153887915932,9.17638273766819,1.23553776569921,0.00197506051052923,0.588253211414123,0.459636606018202,0.495977371069542,3,1,75,0.209114059183239,0.858731965229456,3,2.3966405780261,0,7.4269593688,3251,0.6,0,6,"both",0.209114059183239,0.858731965229456
"152","session1",14.8153887915932,9.17638273766819,1.23553776569921,0.00197506051052923,0.588253211414123,0.459636606018202,0.495977371069542,3,1,75,0.209114059183239,0.858731965229456,3,6.03557858109147,0,11.3355978496,3251,0.6,0,6,"both",0.209114059183239,0.858731965229456
"153","session1",14.8153887915932,9.17638273766819,1.23553776569921,0.00197506051052923,0.588253211414123,0.459636606018202,0.495977371069542,3,1,75,0.209114059183239,0.858731965229456,3,2.95970176350752,1,18.8703885044,3251,0.6,0,6,"both",0.209114059183239,0.858731965229456
"154","session1",14.8153887915932,9.17638273766819,1.23553776569921,0.00197506051052923,0.588253211414123,0.459636606018202,0.495977371069542,3,1,75,0.209114059183239,0.858731965229456,3,2.8123767137454,1,11.4474444328,3251,0.6,0,6,"both",0.209114059183239,0.858731965229456
"155","session1",14.8153887915932,9.17638273766819,1.23553776569921,0.00197506051052923,0.588253211414123,0.459636606018202,0.495977371069542,3,1,75,0.209114059183239,0.858731965229456,3,1.97265984952404,0,-4.552776,3251,0.6,0,6,"both",0.209114059183239,0.858731965229456
"156","session1",14.8153887915932,9.17638273766819,1.23553776569921,0.00197506051052923,0.588253211414123,0.459636606018202,0.495977371069542,3,1,75,0.209114059183239,0.858731965229456,3,1.93692217473517,0,9.9967753344,3251,0.6,0,6,"both",0.209114059183239,0.858731965229456
"157","session1",14.8153887915932,9.17638273766819,1.23553776569921,0.00197506051052923,0.588253211414123,0.459636606018202,0.495977371069542,3,1,75,0.209114059183239,0.858731965229456,3,1.3878265286572,0,-5.79558,3251,0.6,0,6,"both",0.209114059183239,0.858731965229456
"158","session1",14.8153887915932,9.17638273766819,1.23553776569921,0.00197506051052923,0.588253211414123,0.459636606018202,0.495977371069542,3,1,75,0.209114059183239,0.858731965229456,3,3.16727007436458,1,15.89036,3251,0.6,0,6,"both",0.209114059183239,0.858731965229456
"159","session1",14.8153887915932,9.17638273766819,1.23553776569921,0.00197506051052923,0.588253211414123,0.459636606018202,0.495977371069542,3,1,75,0.209114059183239,0.858731965229456,3,2.05082955228256,1,29.9584,3251,0.6,0,6,"both",0.209114059183239,0.858731965229456
"160","session1",14.8153887915932,9.17638273766819,1.23553776569921,0.00197506051052923,0.588253211414123,0.459636606018202,0.495977371069542,3,1,75,0.209114059183239,0.858731965229456,3,1.88794119616845,1,18.28472,3251,0.6,0,6,"both",0.209114059183239,0.858731965229456
"161","session1",14.8153887915932,9.17638273766819,1.23553776569921,0.00197506051052923,0.588253211414123,0.459636606018202,0.495977371069542,3,1,75,0.209114059183239,0.858731965229456,3,1.91704399608319,1,19.3966,3251,0.6,0,6,"both",0.209114059183239,0.858731965229456
"162","session1",14.8153887915932,9.17638273766819,1.23553776569921,0.00197506051052923,0.588253211414123,0.459636606018202,0.495977371069542,3,1,75,0.209114059183239,0.858731965229456,3,3.5518132828494,1,18.19997,3251,0.6,0,6,"both",0.209114059183239,0.858731965229456
"163","session1",14.8153887915932,9.17638273766819,1.23553776569921,0.00197506051052923,0.588253211414123,0.459636606018202,0.495977371069542,3,1,75,0.209114059183239,0.858731965229456,3,1.98060972404948,0,7.46212,3251,0.6,0,6,"both",0.209114059183239,0.858731965229456
"164","session1",14.8153887915932,9.17638273766819,1.23553776569921,0.00197506051052923,0.588253211414123,0.459636606018202,0.495977371069542,3,1,75,0.209114059183239,0.858731965229456,3,4.81046068528402,0,9.04668,3251,0.6,0,6,"both",0.209114059183239,0.858731965229456
"165","session1",14.8153887915932,9.17638273766819,1.23553776569921,0.00197506051052923,0.588253211414123,0.459636606018202,0.495977371069542,3,1,75,0.209114059183239,0.858731965229456,3,1.65135920831154,0,4.52025,3251,0.6,0,6,"both",0.209114059183239,0.858731965229456
"166","session1",14.8153887915932,9.17638273766819,1.23553776569921,0.00197506051052923,0.588253211414123,0.459636606018202,0.495977371069542,3,1,75,0.209114059183239,0.858731965229456,3,2.962395673558,0,12.82674,3251,0.6,0,6,"both",0.209114059183239,0.858731965229456
"167","session1",14.8153887915932,9.17638273766819,1.23553776569921,0.00197506051052923,0.588253211414123,0.459636606018202,0.495977371069542,3,1,75,0.209114059183239,0.858731965229456,3,1.47075769174954,1,9.27983,3251,0.6,0,6,"both",0.209114059183239,0.858731965229456
"168","session1",14.8153887915932,9.17638273766819,1.23553776569921,0.00197506051052923,0.588253211414123,0.459636606018202,0.495977371069542,3,1,75,0.209114059183239,0.858731965229456,3,4.14326542392676,1,10.37861,3251,0.6,0,6,"both",0.209114059183239,0.858731965229456
"169","session1",14.8153887915932,9.17638273766819,1.23553776569921,0.00197506051052923,0.588253211414123,0.459636606018202,0.495977371069542,3,1,75,0.209114059183239,0.858731965229456,3,1.90402000269516,0,9.39593,3251,0.6,0,6,"both",0.209114059183239,0.858731965229456
"170","session1",14.8153887915932,9.17638273766819,1.23553776569921,0.00197506051052923,0.588253211414123,0.459636606018202,0.495977371069542,3,1,75,0.209114059183239,0.858731965229456,3,2.86259850406476,0,2.4213,3251,0.6,0,6,"both",0.209114059183239,0.858731965229456
"171","session1",14.8153887915932,9.17638273766819,1.23553776569921,0.00197506051052923,0.588253211414123,0.459636606018202,0.495977371069542,3,1,75,0.209114059183239,0.858731965229456,3,3.13649400472232,0,11.28128,3251,0.6,0,6,"both",0.209114059183239,0.858731965229456
"172","session1",14.8153887915932,9.17638273766819,1.23553776569921,0.00197506051052923,0.588253211414123,0.459636606018202,0.495977371069542,3,1,75,0.209114059183239,0.858731965229456,3,5.08668824770392,1,10.77458,3251,0.6,0,6,"both",0.209114059183239,0.858731965229456
"173","session1",14.8153887915932,9.17638273766819,1.23553776569921,0.00197506051052923,0.588253211414123,0.459636606018202,0.495977371069542,3,1,75,0.209114059183239,0.858731965229456,3,2.86975674392229,1,13.94992,3251,0.6,0,6,"both",0.209114059183239,0.858731965229456
"174","session1",14.8153887915932,9.17638273766819,1.23553776569921,0.00197506051052923,0.588253211414123,0.459636606018202,0.495977371069542,3,1,75,0.209114059183239,0.858731965229456,3,2.17303590376636,1,11.04702,3251,0.6,0,6,"both",0.209114059183239,0.858731965229456
"175","session1",14.8153887915932,9.17638273766819,1.23553776569921,0.00197506051052923,0.588253211414123,0.459636606018202,0.495977371069542,3,1,75,0.209114059183239,0.858731965229456,3,2.5640036702074,1,19.29446,3251,0.6,0,6,"both",0.209114059183239,0.858731965229456
"176","session1",14.8153887915932,9.17638273766819,1.23553776569921,0.00197506051052923,0.588253211414123,0.459636606018202,0.495977371069542,3,1,75,0.209114059183239,0.858731965229456,3,1.89522875493105,0,5.24207,3251,0.6,0,6,"both",0.209114059183239,0.858731965229456
"177","session1",14.8153887915932,9.17638273766819,1.23553776569921,0.00197506051052923,0.588253211414123,0.459636606018202,0.495977371069542,3,1,75,0.209114059183239,0.858731965229456,3,3.75993848579458,1,13.63214,3251,0.6,0,6,"both",0.209114059183239,0.858731965229456
"178","session1",14.8153887915932,9.17638273766819,1.23553776569921,0.00197506051052923,0.588253211414123,0.459636606018202,0.495977371069542,3,1,75,0.209114059183239,0.858731965229456,3,1.72424652018392,1,19.90391,3251,0.6,0,6,"both",0.209114059183239,0.858731965229456
"179","session1",14.8153887915932,9.17638273766819,1.23553776569921,0.00197506051052923,0.588253211414123,0.459636606018202,0.495977371069542,3,1,75,0.209114059183239,0.858731965229456,3,2.46308400151342,0,12.7073,3251,0.6,0,6,"both",0.209114059183239,0.858731965229456
"180","session1",14.8153887915932,9.17638273766819,1.23553776569921,0.00197506051052923,0.588253211414123,0.459636606018202,0.495977371069542,3,1,75,0.209114059183239,0.858731965229456,3,2.72005453499728,0,4.85994,3251,0.6,0,6,"both",0.209114059183239,0.858731965229456
"181","session1",14.8153887915932,9.17638273766819,1.23553776569921,0.00197506051052923,0.588253211414123,0.459636606018202,0.495977371069542,3,1,75,0.209114059183239,0.858731965229456,3,2.72781524423292,0,10.00776,3251,0.6,0,6,"both",0.209114059183239,0.858731965229456
"182","session1",14.8153887915932,9.17638273766819,1.23553776569921,0.00197506051052923,0.588253211414123,0.459636606018202,0.495977371069542,3,1,75,0.209114059183239,0.858731965229456,3,3.4343753001101,1,15.86645,3251,0.6,0,6,"both",0.209114059183239,0.858731965229456
"183","session1",14.8153887915932,9.17638273766819,1.23553776569921,0.00197506051052923,0.588253211414123,0.459636606018202,0.495977371069542,3,1,75,0.209114059183239,0.858731965229456,3,2.94223318334765,0,16.7753,3251,0.6,0,6,"both",0.209114059183239,0.858731965229456
"184","session1",14.8153887915932,9.17638273766819,1.23553776569921,0.00197506051052923,0.588253211414123,0.459636606018202,0.495977371069542,3,1,75,0.209114059183239,0.858731965229456,3,4.0938038513266,1,15.88217,3251,0.6,0,6,"both",0.209114059183239,0.858731965229456
"185","session1",14.8153887915932,9.17638273766819,1.23553776569921,0.00197506051052923,0.588253211414123,0.459636606018202,0.495977371069542,3,1,75,0.209114059183239,0.858731965229456,3,2.43169834940481,1,17.90801,3251,0.6,0,6,"both",0.209114059183239,0.858731965229456
"186","session1",14.8153887915932,9.17638273766819,1.23553776569921,0.00197506051052923,0.588253211414123,0.459636606018202,0.495977371069542,3,1,75,0.209114059183239,0.858731965229456,3,6.74617004160645,0,6.06233,3251,0.6,0,6,"both",0.209114059183239,0.858731965229456
"187","session1",14.8153887915932,9.17638273766819,1.23553776569921,0.00197506051052923,0.588253211414123,0.459636606018202,0.495977371069542,3,1,75,0.209114059183239,0.858731965229456,3,4.46805087372117,0,8.01395,3251,0.6,0,6,"both",0.209114059183239,0.858731965229456
"188","session1",14.8153887915932,9.17638273766819,1.23553776569921,0.00197506051052923,0.588253211414123,0.459636606018202,0.495977371069542,3,1,75,0.209114059183239,0.858731965229456,3,3.34847924682718,1,16.0485,3251,0.6,0,6,"both",0.209114059183239,0.858731965229456
"189","session1",14.8153887915932,9.17638273766819,1.23553776569921,0.00197506051052923,0.588253211414123,0.459636606018202,0.495977371069542,3,1,75,0.209114059183239,0.858731965229456,3,2.70338130941371,1,12.91879,3251,0.6,0,6,"both",0.209114059183239,0.858731965229456
"190","session1",14.8153887915932,9.17638273766819,1.23553776569921,0.00197506051052923,0.588253211414123,0.459636606018202,0.495977371069542,3,1,75,0.209114059183239,0.858731965229456,3,2.43338668282902,1,18.06244,3251,0.6,0,6,"both",0.209114059183239,0.858731965229456
"191","session1",14.8153887915932,9.17638273766819,1.23553776569921,0.00197506051052923,0.588253211414123,0.459636606018202,0.495977371069542,3,1,75,0.209114059183239,0.858731965229456,3,2.7552160525755,1,12.81818,3251,0.6,0,6,"both",0.209114059183239,0.858731965229456
"192","session1",14.8153887915932,9.17638273766819,1.23553776569921,0.00197506051052923,0.588253211414123,0.459636606018202,0.495977371069542,3,1,75,0.209114059183239,0.858731965229456,3,2.26354325804667,0,8.54698,3251,0.6,0,6,"both",0.209114059183239,0.858731965229456
"193","session1",14.8153887915932,9.17638273766819,1.23553776569921,0.00197506051052923,0.588253211414123,0.459636606018202,0.495977371069542,3,1,75,0.209114059183239,0.858731965229456,3,6.97526633159674,0,13.75853,3251,0.6,0,6,"both",0.209114059183239,0.858731965229456
"194","session1",14.8153887915932,9.17638273766819,1.23553776569921,0.00197506051052923,0.588253211414123,0.459636606018202,0.495977371069542,3,1,75,0.209114059183239,0.858731965229456,3,2.71115119014634,0,7.04438,3251,0.6,0,6,"both",0.209114059183239,0.858731965229456
"195","session1",14.8153887915932,9.17638273766819,1.23553776569921,0.00197506051052923,0.588253211414123,0.459636606018202,0.495977371069542,3,1,75,0.209114059183239,0.858731965229456,3,1.94203070003722,0,14.41281,3251,0.6,0,6,"both",0.209114059183239,0.858731965229456
"196","session1",14.8153887915932,9.17638273766819,1.23553776569921,0.00197506051052923,0.588253211414123,0.459636606018202,0.495977371069542,3,1,75,0.209114059183239,0.858731965229456,3,1.62002315590801,0,7.96458,3251,0.6,0,6,"both",0.209114059183239,0.858731965229456
"197","session1",14.8153887915932,9.17638273766819,1.23553776569921,0.00197506051052923,0.588253211414123,0.459636606018202,0.495977371069542,3,1,75,0.209114059183239,0.858731965229456,3,2.23890258648133,0,18.089,3251,0.6,0,6,"both",0.209114059183239,0.858731965229456
"198","session1",14.8153887915932,9.17638273766819,1.23553776569921,0.00197506051052923,0.588253211414123,0.459636606018202,0.495977371069542,3,1,75,0.209114059183239,0.858731965229456,3,4.8248873754555,1,21.88993,3251,0.6,0,6,"both",0.209114059183239,0.858731965229456
"199","session1",14.8153887915932,9.17638273766819,1.23553776569921,0.00197506051052923,0.588253211414123,0.459636606018202,0.495977371069542,3,1,75,0.209114059183239,0.858731965229456,3,2.35660103151052,1,15.43357,3251,0.6,0,6,"both",0.209114059183239,0.858731965229456
"200","session1",14.8153887915932,9.17638273766819,1.23553776569921,0.00197506051052923,0.588253211414123,0.459636606018202,0.495977371069542,3,1,75,0.209114059183239,0.858731965229456,3,2.74676555817869,0,6.61235,3251,0.6,0,6,"both",0.209114059183239,0.858731965229456
"201","session1",14.8153887915932,9.17638273766819,1.23553776569921,0.00197506051052923,0.588253211414123,0.459636606018202,0.495977371069542,3,1,75,0.209114059183239,0.858731965229456,3,3.61340642318952,1,18.1449,3251,0.6,0,6,"both",0.209114059183239,0.858731965229456
"202","session1",14.8153887915932,9.17638273766819,1.23553776569921,0.00197506051052923,0.588253211414123,0.459636606018202,0.495977371069542,3,1,75,0.209114059183239,0.858731965229456,3,2.21648467537521,1,15.75963,3251,0.6,0,6,"both",0.209114059183239,0.858731965229456
"203","session1",14.8153887915932,9.17638273766819,1.23553776569921,0.00197506051052923,0.588253211414123,0.459636606018202,0.495977371069542,3,1,75,0.209114059183239,0.858731965229456,3,3.91281414415859,1,16.2229,3251,0.6,0,6,"both",0.209114059183239,0.858731965229456
"204","session1",14.8153887915932,9.17638273766819,1.23553776569921,0.00197506051052923,0.588253211414123,0.459636606018202,0.495977371069542,3,1,75,0.209114059183239,0.858731965229456,3,1.60479718921445,0,14.96153,3251,0.6,0,6,"both",0.209114059183239,0.858731965229456
"205","session1",14.8153887915932,9.17638273766819,1.23553776569921,0.00197506051052923,0.588253211414123,0.459636606018202,0.495977371069542,3,1,75,0.209114059183239,0.858731965229456,3,2.85918392318901,0,6.89627,3251,0.6,0,6,"both",0.209114059183239,0.858731965229456
"206","session1",14.8153887915932,9.17638273766819,1.23553776569921,0.00197506051052923,0.588253211414123,0.459636606018202,0.495977371069542,3,1,75,0.209114059183239,0.858731965229456,3,1.1456152107379,0,10.18062,3251,0.6,0,6,"both",0.209114059183239,0.858731965229456
"207","session1",14.8153887915932,9.17638273766819,1.23553776569921,0.00197506051052923,0.588253211414123,0.459636606018202,0.495977371069542,3,1,75,0.209114059183239,0.858731965229456,3,2.47112723328089,0,8.49568,3251,0.6,0,6,"both",0.209114059183239,0.858731965229456
"208","session1",14.8153887915932,9.17638273766819,1.23553776569921,0.00197506051052923,0.588253211414123,0.459636606018202,0.495977371069542,3,1,75,0.209114059183239,0.858731965229456,3,4.44837618641891,0,6.88967,3251,0.6,0,6,"both",0.209114059183239,0.858731965229456
"209","session1",14.8153887915932,9.17638273766819,1.23553776569921,0.00197506051052923,0.588253211414123,0.459636606018202,0.495977371069542,3,1,75,0.209114059183239,0.858731965229456,3,2.28742685998209,0,7.90816,3251,0.6,0,6,"both",0.209114059183239,0.858731965229456
"210","session1",14.8153887915932,9.17638273766819,1.23553776569921,0.00197506051052923,0.588253211414123,0.459636606018202,0.495977371069542,3,1,75,0.209114059183239,0.858731965229456,3,2.11892306651948,0,16.92818,3251,0.6,0,6,"both",0.209114059183239,0.858731965229456
"211","session1",14.8153887915932,9.17638273766819,1.23553776569921,0.00197506051052923,0.588253211414123,0.459636606018202,0.495977371069542,3,1,75,0.209114059183239,0.858731965229456,3,1.99757140030713,0,17.81708,3251,0.6,0,6,"both",0.209114059183239,0.858731965229456
"212","session1",14.8153887915932,9.17638273766819,1.23553776569921,0.00197506051052923,0.588253211414123,0.459636606018202,0.495977371069542,3,1,75,0.209114059183239,0.858731965229456,3,2.37763532926909,1,16.77627,3251,0.6,0,6,"both",0.209114059183239,0.858731965229456
"213","session1",14.8153887915932,9.17638273766819,1.23553776569921,0.00197506051052923,0.588253211414123,0.459636606018202,0.495977371069542,3,1,75,0.209114059183239,0.858731965229456,3,3.46786161220692,0,6.69267,3251,0.6,0,6,"both",0.209114059183239,0.858731965229456
"214","session1",14.8153887915932,9.17638273766819,1.23553776569921,0.00197506051052923,0.588253211414123,0.459636606018202,0.495977371069542,3,1,75,0.209114059183239,0.858731965229456,3,2.81413248874359,0,8.79399,3251,0.6,0,6,"both",0.209114059183239,0.858731965229456
"215","session1",14.8153887915932,9.17638273766819,1.23553776569921,0.00197506051052923,0.588253211414123,0.459636606018202,0.495977371069542,3,1,75,0.209114059183239,0.858731965229456,3,3.2309549330239,0,16.89278,3251,0.6,0,6,"both",0.209114059183239,0.858731965229456
"216","session1",14.8153887915932,9.17638273766819,1.23553776569921,0.00197506051052923,0.588253211414123,0.459636606018202,0.495977371069542,3,1,75,0.209114059183239,0.858731965229456,3,7.5482210262644,0,8.86724,3251,0.6,0,6,"both",0.209114059183239,0.858731965229456
"217","session1",14.8153887915932,9.17638273766819,1.23553776569921,0.00197506051052923,0.588253211414123,0.459636606018202,0.495977371069542,3,1,75,0.209114059183239,0.858731965229456,3,1.23643675861446,0,9.56459,3251,0.6,0,6,"both",0.209114059183239,0.858731965229456
"218","session1",14.8153887915932,9.17638273766819,1.23553776569921,0.00197506051052923,0.588253211414123,0.459636606018202,0.495977371069542,3,1,75,0.209114059183239,0.858731965229456,3,2.93781988872149,0,10.16476,3251,0.6,0,6,"both",0.209114059183239,0.858731965229456
"219","session1",14.8153887915932,9.17638273766819,1.23553776569921,0.00197506051052923,0.588253211414123,0.459636606018202,0.495977371069542,3,1,75,0.209114059183239,0.858731965229456,3,8,1,16.47713,3251,0.6,0,6,"both",0.209114059183239,0.858731965229456
"220","session1",14.8153887915932,9.17638273766819,1.23553776569921,0.00197506051052923,0.588253211414123,0.459636606018202,0.495977371069542,3,1,75,0.209114059183239,0.858731965229456,3,2.26077963582792,0,10.19233,3251,0.6,0,6,"both",0.209114059183239,0.858731965229456
"221","session1",14.8153887915932,9.17638273766819,1.23553776569921,0.00197506051052923,0.588253211414123,0.459636606018202,0.495977371069542,3,1,75,0.209114059183239,0.858731965229456,3,4.25651446028464,1,9.89039,3251,0.6,0,6,"both",0.209114059183239,0.858731965229456
"222","session1",14.8153887915932,9.17638273766819,1.23553776569921,0.00197506051052923,0.588253211414123,0.459636606018202,0.495977371069542,3,1,75,0.209114059183239,0.858731965229456,3,2.0232461419612,1,5.79505,3251,0.6,0,6,"both",0.209114059183239,0.858731965229456
"223","session1",14.8153887915932,9.17638273766819,1.23553776569921,0.00197506051052923,0.588253211414123,0.459636606018202,0.495977371069542,3,1,75,0.209114059183239,0.858731965229456,3,2.211443931166,0,19.14365,3251,0.6,0,6,"both",0.209114059183239,0.858731965229456
"224","session1",14.8153887915932,9.17638273766819,1.23553776569921,0.00197506051052923,0.588253211414123,0.459636606018202,0.495977371069542,3,1,75,0.209114059183239,0.858731965229456,3,4.4660019985605,1,16.79799,3251,0.6,0,6,"both",0.209114059183239,0.858731965229456
"225","session1",14.8153887915932,9.17638273766819,1.23553776569921,0.00197506051052923,0.588253211414123,0.459636606018202,0.495977371069542,3,1,75,0.209114059183239,0.858731965229456,3,1.55249477096746,1,17.1285,3251,0.6,0,6,"both",0.209114059183239,0.858731965229456
"226","session1",-11.4960362990096,10.5790709676624,2.55415962581217,0.00225656566129244,0.882085803085821,0.538334502696147,0.349208937106931,4,1,75,0.209114059183239,0.858731965229456,4,2.47872629589025,1,8.6740126763,3251,0.6,0,6,"both",0.209114059183239,0.858731965229456
"227","session1",-11.4960362990096,10.5790709676624,2.55415962581217,0.00225656566129244,0.882085803085821,0.538334502696147,0.349208937106931,4,1,75,0.209114059183239,0.858731965229456,4,7.72836254867901,1,-6.55424689047,3251,0.6,0,6,"both",0.209114059183239,0.858731965229456
"228","session1",-11.4960362990096,10.5790709676624,2.55415962581217,0.00225656566129244,0.882085803085821,0.538334502696147,0.349208937106931,4,1,75,0.209114059183239,0.858731965229456,4,8,0,-15.4083477762,3251,0.6,0,6,"both",0.209114059183239,0.858731965229456
"229","session1",-11.4960362990096,10.5790709676624,2.55415962581217,0.00225656566129244,0.882085803085821,0.538334502696147,0.349208937106931,4,1,75,0.209114059183239,0.858731965229456,4,4.64543521636745,1,-9.22336048186,3251,0.6,0,6,"both",0.209114059183239,0.858731965229456
"230","session1",-11.4960362990096,10.5790709676624,2.55415962581217,0.00225656566129244,0.882085803085821,0.538334502696147,0.349208937106931,4,1,75,0.209114059183239,0.858731965229456,4,3.28847638547683,1,-13.492236829,3251,0.6,0,6,"both",0.209114059183239,0.858731965229456
"231","session1",-11.4960362990096,10.5790709676624,2.55415962581217,0.00225656566129244,0.882085803085821,0.538334502696147,0.349208937106931,4,1,75,0.209114059183239,0.858731965229456,4,2.18178253218892,0,-35.6224,3251,0.6,0,6,"both",0.209114059183239,0.858731965229456
"232","session1",-11.4960362990096,10.5790709676624,2.55415962581217,0.00225656566129244,0.882085803085821,0.538334502696147,0.349208937106931,4,1,75,0.209114059183239,0.858731965229456,4,3.39633968786749,1,-17.88183,3251,0.6,0,6,"both",0.209114059183239,0.858731965229456
"233","session1",-11.4960362990096,10.5790709676624,2.55415962581217,0.00225656566129244,0.882085803085821,0.538334502696147,0.349208937106931,4,1,75,0.209114059183239,0.858731965229456,4,6.47091365566963,0,-19.91482,3251,0.6,0,6,"both",0.209114059183239,0.858731965229456
"234","session1",-11.4960362990096,10.5790709676624,2.55415962581217,0.00225656566129244,0.882085803085821,0.538334502696147,0.349208937106931,4,1,75,0.209114059183239,0.858731965229456,4,3.36528890893372,0,-21.12621,3251,0.6,0,6,"both",0.209114059183239,0.858731965229456
"235","session1",-11.4960362990096,10.5790709676624,2.55415962581217,0.00225656566129244,0.882085803085821,0.538334502696147,0.349208937106931,4,1,75,0.209114059183239,0.858731965229456,4,4.2392423684675,0,-48.3954,3251,0.6,0,6,"both",0.209114059183239,0.858731965229456
"236","session1",-11.4960362990096,10.5790709676624,2.55415962581217,0.00225656566129244,0.882085803085821,0.538334502696147,0.349208937106931,4,1,75,0.209114059183239,0.858731965229456,4,2.24442438615509,1,2.1247,3251,0.6,0,6,"both",0.209114059183239,0.858731965229456
"237","session1",-11.4960362990096,10.5790709676624,2.55415962581217,0.00225656566129244,0.882085803085821,0.538334502696147,0.349208937106931,4,1,75,0.209114059183239,0.858731965229456,4,3.6651755007695,1,-16.13625508,3251,0.6,0,6,"both",0.209114059183239,0.858731965229456
"238","session1",-11.4960362990096,10.5790709676624,2.55415962581217,0.00225656566129244,0.882085803085821,0.538334502696147,0.349208937106931,4,1,75,0.209114059183239,0.858731965229456,4,6.78117489004646,0,-9.10947,3251,0.6,0,6,"both",0.209114059183239,0.858731965229456
"239","session1",-11.4960362990096,10.5790709676624,2.55415962581217,0.00225656566129244,0.882085803085821,0.538334502696147,0.349208937106931,4,1,75,0.209114059183239,0.858731965229456,4,2.89406431534521,1,19.364,3251,0.6,0,6,"both",0.209114059183239,0.858731965229456
"240","session1",-11.4960362990096,10.5790709676624,2.55415962581217,0.00225656566129244,0.882085803085821,0.538334502696147,0.349208937106931,4,1,75,0.209114059183239,0.858731965229456,4,5.27196983266577,0,-9.59865,3251,0.6,0,6,"both",0.209114059183239,0.858731965229456
"241","session1",-11.4960362990096,10.5790709676624,2.55415962581217,0.00225656566129244,0.882085803085821,0.538334502696147,0.349208937106931,4,1,75,0.209114059183239,0.858731965229456,4,8,1,-12.7776007648,3251,0.6,0,6,"both",0.209114059183239,0.858731965229456
"242","session1",-11.4960362990096,10.5790709676624,2.55415962581217,0.00225656566129244,0.882085803085821,0.538334502696147,0.349208937106931,4,1,75,0.209114059183239,0.858731965229456,4,4.1194105641156,0,-12.50646,3251,0.6,0,6,"both",0.209114059183239,0.858731965229456
"243","session1",-11.4960362990096,10.5790709676624,2.55415962581217,0.00225656566129244,0.882085803085821,0.538334502696147,0.349208937106931,4,1,75,0.209114059183239,0.858731965229456,4,5.3682849649041,1,-5.1157,3251,0.6,0,6,"both",0.209114059183239,0.858731965229456
"244","session1",-11.4960362990096,10.5790709676624,2.55415962581217,0.00225656566129244,0.882085803085821,0.538334502696147,0.349208937106931,4,1,75,0.209114059183239,0.858731965229456,4,1.673145271838,1,14.8444,3251,0.6,0,6,"both",0.209114059183239,0.858731965229456
"245","session1",-11.4960362990096,10.5790709676624,2.55415962581217,0.00225656566129244,0.882085803085821,0.538334502696147,0.349208937106931,4,1,75,0.209114059183239,0.858731965229456,4,3.8387622144278,0,-9.80834,3251,0.6,0,6,"both",0.209114059183239,0.858731965229456
"246","session1",-11.4960362990096,10.5790709676624,2.55415962581217,0.00225656566129244,0.882085803085821,0.538334502696147,0.349208937106931,4,1,75,0.209114059183239,0.858731965229456,4,2.43710091382097,0,-42.6676,3251,0.6,0,6,"both",0.209114059183239,0.858731965229456
"247","session1",-11.4960362990096,10.5790709676624,2.55415962581217,0.00225656566129244,0.882085803085821,0.538334502696147,0.349208937106931,4,1,75,0.209114059183239,0.858731965229456,4,1.6708245178622,0,-18.74925,3251,0.6,0,6,"both",0.209114059183239,0.858731965229456
"248","session1",-11.4960362990096,10.5790709676624,2.55415962581217,0.00225656566129244,0.882085803085821,0.538334502696147,0.349208937106931,4,1,75,0.209114059183239,0.858731965229456,4,3.50286971235181,1,2.7687,3251,0.6,0,6,"both",0.209114059183239,0.858731965229456
"249","session1",-11.4960362990096,10.5790709676624,2.55415962581217,0.00225656566129244,0.882085803085821,0.538334502696147,0.349208937106931,4,1,75,0.209114059183239,0.858731965229456,4,5.60413429732091,1,-11.15125,3251,0.6,0,6,"both",0.209114059183239,0.858731965229456
"250","session1",-11.4960362990096,10.5790709676624,2.55415962581217,0.00225656566129244,0.882085803085821,0.538334502696147,0.349208937106931,4,1,75,0.209114059183239,0.858731965229456,4,3.77005634899735,0,-23.8597,3251,0.6,0,6,"both",0.209114059183239,0.858731965229456
"251","session1",-11.4960362990096,10.5790709676624,2.55415962581217,0.00225656566129244,0.882085803085821,0.538334502696147,0.349208937106931,4,1,75,0.209114059183239,0.858731965229456,4,3.86567051017675,1,-3.7339,3251,0.6,0,6,"both",0.209114059183239,0.858731965229456
"252","session1",-11.4960362990096,10.5790709676624,2.55415962581217,0.00225656566129244,0.882085803085821,0.538334502696147,0.349208937106931,4,1,75,0.209114059183239,0.858731965229456,4,4.07608049100736,1,-8.52436,3251,0.6,0,6,"both",0.209114059183239,0.858731965229456
"253","session1",-11.4960362990096,10.5790709676624,2.55415962581217,0.00225656566129244,0.882085803085821,0.538334502696147,0.349208937106931,4,1,75,0.209114059183239,0.858731965229456,4,3.36478931447901,1,8.0153,3251,0.6,0,6,"both",0.209114059183239,0.858731965229456
"254","session1",-11.4960362990096,10.5790709676624,2.55415962581217,0.00225656566129244,0.882085803085821,0.538334502696147,0.349208937106931,4,1,75,0.209114059183239,0.858731965229456,4,4.00147767498846,1,-11.82265,3251,0.6,0,6,"both",0.209114059183239,0.858731965229456
"255","session1",-11.4960362990096,10.5790709676624,2.55415962581217,0.00225656566129244,0.882085803085821,0.538334502696147,0.349208937106931,4,1,75,0.209114059183239,0.858731965229456,4,5.15258723661493,1,-3.0631,3251,0.6,0,6,"both",0.209114059183239,0.858731965229456
"256","session1",-11.4960362990096,10.5790709676624,2.55415962581217,0.00225656566129244,0.882085803085821,0.538334502696147,0.349208937106931,4,1,75,0.209114059183239,0.858731965229456,4,3.31126742686364,1,-8.88554,3251,0.6,0,6,"both",0.209114059183239,0.858731965229456
"257","session1",-11.4960362990096,10.5790709676624,2.55415962581217,0.00225656566129244,0.882085803085821,0.538334502696147,0.349208937106931,4,1,75,0.209114059183239,0.858731965229456,4,5.02655558368302,1,-7.13242,3251,0.6,0,6,"both",0.209114059183239,0.858731965229456
"258","session1",-11.4960362990096,10.5790709676624,2.55415962581217,0.00225656566129244,0.882085803085821,0.538334502696147,0.349208937106931,4,1,75,0.209114059183239,0.858731965229456,4,4.2157273865319,0,-18.92483,3251,0.6,0,6,"both",0.209114059183239,0.858731965229456
"259","session1",-11.4960362990096,10.5790709676624,2.55415962581217,0.00225656566129244,0.882085803085821,0.538334502696147,0.349208937106931,4,1,75,0.209114059183239,0.858731965229456,4,5.5858791113968,0,-23.3717,3251,0.6,0,6,"both",0.209114059183239,0.858731965229456
"260","session1",-11.4960362990096,10.5790709676624,2.55415962581217,0.00225656566129244,0.882085803085821,0.538334502696147,0.349208937106931,4,1,75,0.209114059183239,0.858731965229456,4,4.42299338905614,0,-16.33884,3251,0.6,0,6,"both",0.209114059183239,0.858731965229456
"261","session1",-11.4960362990096,10.5790709676624,2.55415962581217,0.00225656566129244,0.882085803085821,0.538334502696147,0.349208937106931,4,1,75,0.209114059183239,0.858731965229456,4,5.99499201412085,0,-20.12116,3251,0.6,0,6,"both",0.209114059183239,0.858731965229456
"262","session1",-11.4960362990096,10.5790709676624,2.55415962581217,0.00225656566129244,0.882085803085821,0.538334502696147,0.349208937106931,4,1,75,0.209114059183239,0.858731965229456,4,6.28029323349678,1,-1.67661,3251,0.6,0,6,"both",0.209114059183239,0.858731965229456
"263","session1",-11.4960362990096,10.5790709676624,2.55415962581217,0.00225656566129244,0.882085803085821,0.538334502696147,0.349208937106931,4,1,75,0.209114059183239,0.858731965229456,4,4.87813560182828,1,-2.91892,3251,0.6,0,6,"both",0.209114059183239,0.858731965229456
"264","session1",-11.4960362990096,10.5790709676624,2.55415962581217,0.00225656566129244,0.882085803085821,0.538334502696147,0.349208937106931,4,1,75,0.209114059183239,0.858731965229456,4,4.02258580756878,0,-8.79611,3251,0.6,0,6,"both",0.209114059183239,0.858731965229456
"265","session1",-11.4960362990096,10.5790709676624,2.55415962581217,0.00225656566129244,0.882085803085821,0.538334502696147,0.349208937106931,4,1,75,0.209114059183239,0.858731965229456,4,5.7753746535152,1,-9.63268,3251,0.6,0,6,"both",0.209114059183239,0.858731965229456
"266","session1",-11.4960362990096,10.5790709676624,2.55415962581217,0.00225656566129244,0.882085803085821,0.538334502696147,0.349208937106931,4,1,75,0.209114059183239,0.858731965229456,4,4.27118679904836,1,-20.45506,3251,0.6,0,6,"both",0.209114059183239,0.858731965229456
"267","session1",-11.4960362990096,10.5790709676624,2.55415962581217,0.00225656566129244,0.882085803085821,0.538334502696147,0.349208937106931,4,1,75,0.209114059183239,0.858731965229456,4,4.54675522572823,0,-28.0775,3251,0.6,0,6,"both",0.209114059183239,0.858731965229456
"268","session1",-11.4960362990096,10.5790709676624,2.55415962581217,0.00225656566129244,0.882085803085821,0.538334502696147,0.349208937106931,4,1,75,0.209114059183239,0.858731965229456,4,2.28831998331739,0,-22.68465,3251,0.6,0,6,"both",0.209114059183239,0.858731965229456
"269","session1",-11.4960362990096,10.5790709676624,2.55415962581217,0.00225656566129244,0.882085803085821,0.538334502696147,0.349208937106931,4,1,75,0.209114059183239,0.858731965229456,4,2.90900447346518,0,-23.01,3251,0.6,0,6,"both",0.209114059183239,0.858731965229456
"270","session1",-11.4960362990096,10.5790709676624,2.55415962581217,0.00225656566129244,0.882085803085821,0.538334502696147,0.349208937106931,4,1,75,0.209114059183239,0.858731965229456,4,4.75174325828319,1,-19.89798,3251,0.6,0,6,"both",0.209114059183239,0.858731965229456
"271","session1",-11.4960362990096,10.5790709676624,2.55415962581217,0.00225656566129244,0.882085803085821,0.538334502696147,0.349208937106931,4,1,75,0.209114059183239,0.858731965229456,4,3.17839342817239,1,-2.5343,3251,0.6,0,6,"both",0.209114059183239,0.858731965229456
"272","session1",-11.4960362990096,10.5790709676624,2.55415962581217,0.00225656566129244,0.882085803085821,0.538334502696147,0.349208937106931,4,1,75,0.209114059183239,0.858731965229456,4,4.25842833785716,1,-20.65499,3251,0.6,0,6,"both",0.209114059183239,0.858731965229456
"273","session1",-11.4960362990096,10.5790709676624,2.55415962581217,0.00225656566129244,0.882085803085821,0.538334502696147,0.349208937106931,4,1,75,0.209114059183239,0.858731965229456,4,2.42539104735788,0,-29.55662,3251,0.6,0,6,"both",0.209114059183239,0.858731965229456
"274","session1",-11.4960362990096,10.5790709676624,2.55415962581217,0.00225656566129244,0.882085803085821,0.538334502696147,0.349208937106931,4,1,75,0.209114059183239,0.858731965229456,4,3.29710657828193,0,-23.49258,3251,0.6,0,6,"both",0.209114059183239,0.858731965229456
"275","session1",-11.4960362990096,10.5790709676624,2.55415962581217,0.00225656566129244,0.882085803085821,0.538334502696147,0.349208937106931,4,1,75,0.209114059183239,0.858731965229456,4,3.13112433926246,1,-1.2664,3251,0.6,0,6,"both",0.209114059183239,0.858731965229456
"276","session1",-11.4960362990096,10.5790709676624,2.55415962581217,0.00225656566129244,0.882085803085821,0.538334502696147,0.349208937106931,4,1,75,0.209114059183239,0.858731965229456,4,3.75149321690533,1,-10.20859,3251,0.6,0,6,"both",0.209114059183239,0.858731965229456
"277","session1",-11.4960362990096,10.5790709676624,2.55415962581217,0.00225656566129244,0.882085803085821,0.538334502696147,0.349208937106931,4,1,75,0.209114059183239,0.858731965229456,4,4.97853517154177,1,-9.58533,3251,0.6,0,6,"both",0.209114059183239,0.858731965229456
"278","session1",-11.4960362990096,10.5790709676624,2.55415962581217,0.00225656566129244,0.882085803085821,0.538334502696147,0.349208937106931,4,1,75,0.209114059183239,0.858731965229456,4,5.74114362114547,0,-27.1861,3251,0.6,0,6,"both",0.209114059183239,0.858731965229456
"279","session1",-11.4960362990096,10.5790709676624,2.55415962581217,0.00225656566129244,0.882085803085821,0.538334502696147,0.349208937106931,4,1,75,0.209114059183239,0.858731965229456,4,3.96714105441094,0,-21.54967,3251,0.6,0,6,"both",0.209114059183239,0.858731965229456
"280","session1",-11.4960362990096,10.5790709676624,2.55415962581217,0.00225656566129244,0.882085803085821,0.538334502696147,0.349208937106931,4,1,75,0.209114059183239,0.858731965229456,4,4.13960756716436,1,-6.94716,3251,0.6,0,6,"both",0.209114059183239,0.858731965229456
"281","session1",-11.4960362990096,10.5790709676624,2.55415962581217,0.00225656566129244,0.882085803085821,0.538334502696147,0.349208937106931,4,1,75,0.209114059183239,0.858731965229456,4,2.70896719801257,0,-24.51467,3251,0.6,0,6,"both",0.209114059183239,0.858731965229456
"282","session1",-11.4960362990096,10.5790709676624,2.55415962581217,0.00225656566129244,0.882085803085821,0.538334502696147,0.349208937106931,4,1,75,0.209114059183239,0.858731965229456,4,5.78088253267531,1,-10.96544,3251,0.6,0,6,"both",0.209114059183239,0.858731965229456
"283","session1",-11.4960362990096,10.5790709676624,2.55415962581217,0.00225656566129244,0.882085803085821,0.538334502696147,0.349208937106931,4,1,75,0.209114059183239,0.858731965229456,4,8,0,-21.62033,3251,0.6,0,6,"both",0.209114059183239,0.858731965229456
"284","session1",-11.4960362990096,10.5790709676624,2.55415962581217,0.00225656566129244,0.882085803085821,0.538334502696147,0.349208937106931,4,1,75,0.209114059183239,0.858731965229456,4,2.48484852010042,0,-16.92009,3251,0.6,0,6,"both",0.209114059183239,0.858731965229456
"285","session1",-11.4960362990096,10.5790709676624,2.55415962581217,0.00225656566129244,0.882085803085821,0.538334502696147,0.349208937106931,4,1,75,0.209114059183239,0.858731965229456,4,3.56172106512113,0,-16.9697,3251,0.6,0,6,"both",0.209114059183239,0.858731965229456
"286","session1",-11.4960362990096,10.5790709676624,2.55415962581217,0.00225656566129244,0.882085803085821,0.538334502696147,0.349208937106931,4,1,75,0.209114059183239,0.858731965229456,4,8,0,-20.15479,3251,0.6,0,6,"both",0.209114059183239,0.858731965229456
"287","session1",-11.4960362990096,10.5790709676624,2.55415962581217,0.00225656566129244,0.882085803085821,0.538334502696147,0.349208937106931,4,1,75,0.209114059183239,0.858731965229456,4,3.43822116713746,1,-9.00895,3251,0.6,0,6,"both",0.209114059183239,0.858731965229456
"288","session1",-11.4960362990096,10.5790709676624,2.55415962581217,0.00225656566129244,0.882085803085821,0.538334502696147,0.349208937106931,4,1,75,0.209114059183239,0.858731965229456,4,5.444239921455,1,-9.29857,3251,0.6,0,6,"both",0.209114059183239,0.858731965229456
"289","session1",-11.4960362990096,10.5790709676624,2.55415962581217,0.00225656566129244,0.882085803085821,0.538334502696147,0.349208937106931,4,1,75,0.209114059183239,0.858731965229456,4,6.2543085620477,0,-22.5939,3251,0.6,0,6,"both",0.209114059183239,0.858731965229456
"290","session1",-11.4960362990096,10.5790709676624,2.55415962581217,0.00225656566129244,0.882085803085821,0.538334502696147,0.349208937106931,4,1,75,0.209114059183239,0.858731965229456,4,6.62457332263563,1,-8.99268,3251,0.6,0,6,"both",0.209114059183239,0.858731965229456
"291","session1",-11.4960362990096,10.5790709676624,2.55415962581217,0.00225656566129244,0.882085803085821,0.538334502696147,0.349208937106931,4,1,75,0.209114059183239,0.858731965229456,4,7.83068641178877,1,-9.64355,3251,0.6,0,6,"both",0.209114059183239,0.858731965229456
"292","session1",-11.4960362990096,10.5790709676624,2.55415962581217,0.00225656566129244,0.882085803085821,0.538334502696147,0.349208937106931,4,1,75,0.209114059183239,0.858731965229456,4,3.12019358350512,0,-23.30166,3251,0.6,0,6,"both",0.209114059183239,0.858731965229456
"293","session1",-11.4960362990096,10.5790709676624,2.55415962581217,0.00225656566129244,0.882085803085821,0.538334502696147,0.349208937106931,4,1,75,0.209114059183239,0.858731965229456,4,4.88941108663638,1,-17.56099,3251,0.6,0,6,"both",0.209114059183239,0.858731965229456
"294","session1",-11.4960362990096,10.5790709676624,2.55415962581217,0.00225656566129244,0.882085803085821,0.538334502696147,0.349208937106931,4,1,75,0.209114059183239,0.858731965229456,4,3.76479340044989,0,-21.42319,3251,0.6,0,6,"both",0.209114059183239,0.858731965229456
"295","session1",-11.4960362990096,10.5790709676624,2.55415962581217,0.00225656566129244,0.882085803085821,0.538334502696147,0.349208937106931,4,1,75,0.209114059183239,0.858731965229456,4,5.34961759569438,1,-12.79756,3251,0.6,0,6,"both",0.209114059183239,0.858731965229456
"296","session1",-11.4960362990096,10.5790709676624,2.55415962581217,0.00225656566129244,0.882085803085821,0.538334502696147,0.349208937106931,4,1,75,0.209114059183239,0.858731965229456,4,8,1,-5.50081,3251,0.6,0,6,"both",0.209114059183239,0.858731965229456
"297","session1",-11.4960362990096,10.5790709676624,2.55415962581217,0.00225656566129244,0.882085803085821,0.538334502696147,0.349208937106931,4,1,75,0.209114059183239,0.858731965229456,4,4.71995584487177,0,-10.96881,3251,0.6,0,6,"both",0.209114059183239,0.858731965229456
"298","session1",-11.4960362990096,10.5790709676624,2.55415962581217,0.00225656566129244,0.882085803085821,0.538334502696147,0.349208937106931,4,1,75,0.209114059183239,0.858731965229456,4,5.44212466799518,1,-20.60696,3251,0.6,0,6,"both",0.209114059183239,0.858731965229456
"299","session1",-11.4960362990096,10.5790709676624,2.55415962581217,0.00225656566129244,0.882085803085821,0.538334502696147,0.349208937106931,4,1,75,0.209114059183239,0.858731965229456,4,5.14978779641022,1,-7.7323,3251,0.6,0,6,"both",0.209114059183239,0.858731965229456
"300","session1",-11.4960362990096,10.5790709676624,2.55415962581217,0.00225656566129244,0.882085803085821,0.538334502696147,0.349208937106931,4,1,75,0.209114059183239,0.858731965229456,4,1.71310767780785,1,-7.29737,3251,0.6,0,6,"both",0.209114059183239,0.858731965229456
"301","session1",-13.7855911082383,8.53033917962571,4.48963140573025,0.000208568319163352,0.161012870693527,0.656392994741519,0.750173066540776,5,1,75,0.209114059183239,0.858731965229456,5,5.28106242897736,1,-9.8122091626,3251,0.6,0,6,"both",0.209114059183239,0.858731965229456
"302","session1",-13.7855911082383,8.53033917962571,4.48963140573025,0.000208568319163352,0.161012870693527,0.656392994741519,0.750173066540776,5,1,75,0.209114059183239,0.858731965229456,5,8,1,-13.2324566876,3251,0.6,0,6,"both",0.209114059183239,0.858731965229456
"303","session1",-13.7855911082383,8.53033917962571,4.48963140573025,0.000208568319163352,0.161012870693527,0.656392994741519,0.750173066540776,5,1,75,0.209114059183239,0.858731965229456,5,1.9089057959152,0,-20.5694555507,3251,0.6,0,6,"both",0.209114059183239,0.858731965229456
"304","session1",-13.7855911082383,8.53033917962571,4.48963140573025,0.000208568319163352,0.161012870693527,0.656392994741519,0.750173066540776,5,1,75,0.209114059183239,0.858731965229456,5,8,1,-13.038115065,3251,0.6,0,6,"both",0.209114059183239,0.858731965229456
"305","session1",-13.7855911082383,8.53033917962571,4.48963140573025,0.000208568319163352,0.161012870693527,0.656392994741519,0.750173066540776,5,1,75,0.209114059183239,0.858731965229456,5,5.02706302412274,0,-28.95285,3251,0.6,0,6,"both",0.209114059183239,0.858731965229456
"306","session1",-13.7855911082383,8.53033917962571,4.48963140573025,0.000208568319163352,0.161012870693527,0.656392994741519,0.750173066540776,5,1,75,0.209114059183239,0.858731965229456,5,7.47542767583594,0,-15.78441,3251,0.6,0,6,"both",0.209114059183239,0.858731965229456
"307","session1",-13.7855911082383,8.53033917962571,4.48963140573025,0.000208568319163352,0.161012870693527,0.656392994741519,0.750173066540776,5,1,75,0.209114059183239,0.858731965229456,5,5.57752987911323,0,-13.73069,3251,0.6,0,6,"both",0.209114059183239,0.858731965229456
"308","session1",-13.7855911082383,8.53033917962571,4.48963140573025,0.000208568319163352,0.161012870693527,0.656392994741519,0.750173066540776,5,1,75,0.209114059183239,0.858731965229456,5,4.54798565005127,0,-14.87097,3251,0.6,0,6,"both",0.209114059183239,0.858731965229456
"309","session1",-13.7855911082383,8.53033917962571,4.48963140573025,0.000208568319163352,0.161012870693527,0.656392994741519,0.750173066540776,5,1,75,0.209114059183239,0.858731965229456,5,6.50405071936011,1,-11.90655,3251,0.6,0,6,"both",0.209114059183239,0.858731965229456
"310","session1",-13.7855911082383,8.53033917962571,4.48963140573025,0.000208568319163352,0.161012870693527,0.656392994741519,0.750173066540776,5,1,75,0.209114059183239,0.858731965229456,5,1.36596046928649,1,-12.0656,3251,0.6,0,6,"both",0.209114059183239,0.858731965229456
"311","session1",-13.7855911082383,8.53033917962571,4.48963140573025,0.000208568319163352,0.161012870693527,0.656392994741519,0.750173066540776,5,1,75,0.209114059183239,0.858731965229456,5,3.50480670299786,1,-14.39678,3251,0.6,0,6,"both",0.209114059183239,0.858731965229456
"312","session1",-13.7855911082383,8.53033917962571,4.48963140573025,0.000208568319163352,0.161012870693527,0.656392994741519,0.750173066540776,5,1,75,0.209114059183239,0.858731965229456,5,5.69142720336857,1,-14.18938,3251,0.6,0,6,"both",0.209114059183239,0.858731965229456
"313","session1",-13.7855911082383,8.53033917962571,4.48963140573025,0.000208568319163352,0.161012870693527,0.656392994741519,0.750173066540776,5,1,75,0.209114059183239,0.858731965229456,5,6.35519677082498,1,-16.8719,3251,0.6,0,6,"both",0.209114059183239,0.858731965229456
"314","session1",-13.7855911082383,8.53033917962571,4.48963140573025,0.000208568319163352,0.161012870693527,0.656392994741519,0.750173066540776,5,1,75,0.209114059183239,0.858731965229456,5,2.09747077574521,0,-19.0819,3251,0.6,0,6,"both",0.209114059183239,0.858731965229456
"315","session1",-13.7855911082383,8.53033917962571,4.48963140573025,0.000208568319163352,0.161012870693527,0.656392994741519,0.750173066540776,5,1,75,0.209114059183239,0.858731965229456,5,1.82194659599568,0,-43.2306,3251,0.6,0,6,"both",0.209114059183239,0.858731965229456
"316","session1",-13.7855911082383,8.53033917962571,4.48963140573025,0.000208568319163352,0.161012870693527,0.656392994741519,0.750173066540776,5,1,75,0.209114059183239,0.858731965229456,5,4.92835864879936,1,-17.93149,3251,0.6,0,6,"both",0.209114059183239,0.858731965229456
"317","session1",-13.7855911082383,8.53033917962571,4.48963140573025,0.000208568319163352,0.161012870693527,0.656392994741519,0.750173066540776,5,1,75,0.209114059183239,0.858731965229456,5,5.60561342818783,0,-17.02289,3251,0.6,0,6,"both",0.209114059183239,0.858731965229456
"318","session1",-13.7855911082383,8.53033917962571,4.48963140573025,0.000208568319163352,0.161012870693527,0.656392994741519,0.750173066540776,5,1,75,0.209114059183239,0.858731965229456,5,2.72144188975581,0,-27.8594,3251,0.6,0,6,"both",0.209114059183239,0.858731965229456
"319","session1",-13.7855911082383,8.53033917962571,4.48963140573025,0.000208568319163352,0.161012870693527,0.656392994741519,0.750173066540776,5,1,75,0.209114059183239,0.858731965229456,5,4.45996118248014,0,-15.64432,3251,0.6,0,6,"both",0.209114059183239,0.858731965229456
"320","session1",-13.7855911082383,8.53033917962571,4.48963140573025,0.000208568319163352,0.161012870693527,0.656392994741519,0.750173066540776,5,1,75,0.209114059183239,0.858731965229456,5,6.27682578595519,1,-15.30705,3251,0.6,0,6,"both",0.209114059183239,0.858731965229456
"321","session1",-13.7855911082383,8.53033917962571,4.48963140573025,0.000208568319163352,0.161012870693527,0.656392994741519,0.750173066540776,5,1,75,0.209114059183239,0.858731965229456,5,4.50209961565382,0,-11.99999,3251,0.6,0,6,"both",0.209114059183239,0.858731965229456
"322","session1",-13.7855911082383,8.53033917962571,4.48963140573025,0.000208568319163352,0.161012870693527,0.656392994741519,0.750173066540776,5,1,75,0.209114059183239,0.858731965229456,5,7.52625158353996,0,-17.87691,3251,0.6,0,6,"both",0.209114059183239,0.858731965229456
"323","session1",-13.7855911082383,8.53033917962571,4.48963140573025,0.000208568319163352,0.161012870693527,0.656392994741519,0.750173066540776,5,1,75,0.209114059183239,0.858731965229456,5,2.2209497041022,1,4.9777,3251,0.6,0,6,"both",0.209114059183239,0.858731965229456
"324","session1",-13.7855911082383,8.53033917962571,4.48963140573025,0.000208568319163352,0.161012870693527,0.656392994741519,0.750173066540776,5,1,75,0.209114059183239,0.858731965229456,5,3.51918199438523,1,-11.78272,3251,0.6,0,6,"both",0.209114059183239,0.858731965229456
"325","session1",-13.7855911082383,8.53033917962571,4.48963140573025,0.000208568319163352,0.161012870693527,0.656392994741519,0.750173066540776,5,1,75,0.209114059183239,0.858731965229456,5,3.02390494314652,1,-21.23773,3251,0.6,0,6,"both",0.209114059183239,0.858731965229456
"326","session1",-13.7855911082383,8.53033917962571,4.48963140573025,0.000208568319163352,0.161012870693527,0.656392994741519,0.750173066540776,5,1,75,0.209114059183239,0.858731965229456,5,3.96679146642379,1,-9.64405,3251,0.6,0,6,"both",0.209114059183239,0.858731965229456
"327","session1",-13.7855911082383,8.53033917962571,4.48963140573025,0.000208568319163352,0.161012870693527,0.656392994741519,0.750173066540776,5,1,75,0.209114059183239,0.858731965229456,5,3.33360557653185,1,-14.19991,3251,0.6,0,6,"both",0.209114059183239,0.858731965229456
"328","session1",-13.7855911082383,8.53033917962571,4.48963140573025,0.000208568319163352,0.161012870693527,0.656392994741519,0.750173066540776,5,1,75,0.209114059183239,0.858731965229456,5,1.25637843443614,0,-48.1968,3251,0.6,0,6,"both",0.209114059183239,0.858731965229456
"329","session1",-13.7855911082383,8.53033917962571,4.48963140573025,0.000208568319163352,0.161012870693527,0.656392994741519,0.750173066540776,5,1,75,0.209114059183239,0.858731965229456,5,5.99124263377745,0,-14.89317,3251,0.6,0,6,"both",0.209114059183239,0.858731965229456
"330","session1",-13.7855911082383,8.53033917962571,4.48963140573025,0.000208568319163352,0.161012870693527,0.656392994741519,0.750173066540776,5,1,75,0.209114059183239,0.858731965229456,5,2.38108493089648,1,-5.0134,3251,0.6,0,6,"both",0.209114059183239,0.858731965229456
"331","session1",-13.7855911082383,8.53033917962571,4.48963140573025,0.000208568319163352,0.161012870693527,0.656392994741519,0.750173066540776,5,1,75,0.209114059183239,0.858731965229456,5,1.8549051574714,0,-26.93229,3251,0.6,0,6,"both",0.209114059183239,0.858731965229456
"332","session1",-13.7855911082383,8.53033917962571,4.48963140573025,0.000208568319163352,0.161012870693527,0.656392994741519,0.750173066540776,5,1,75,0.209114059183239,0.858731965229456,5,4.27000416243717,1,-15.27701,3251,0.6,0,6,"both",0.209114059183239,0.858731965229456
"333","session1",-13.7855911082383,8.53033917962571,4.48963140573025,0.000208568319163352,0.161012870693527,0.656392994741519,0.750173066540776,5,1,75,0.209114059183239,0.858731965229456,5,2.49377680379978,0,-32.0574,3251,0.6,0,6,"both",0.209114059183239,0.858731965229456
"334","session1",-13.7855911082383,8.53033917962571,4.48963140573025,0.000208568319163352,0.161012870693527,0.656392994741519,0.750173066540776,5,1,75,0.209114059183239,0.858731965229456,5,4.45719840371256,0,-21.18407,3251,0.6,0,6,"both",0.209114059183239,0.858731965229456
"335","session1",-13.7855911082383,8.53033917962571,4.48963140573025,0.000208568319163352,0.161012870693527,0.656392994741519,0.750173066540776,5,1,75,0.209114059183239,0.858731965229456,5,6.39111422175927,1,-9.31619,3251,0.6,0,6,"both",0.209114059183239,0.858731965229456
"336","session1",-13.7855911082383,8.53033917962571,4.48963140573025,0.000208568319163352,0.161012870693527,0.656392994741519,0.750173066540776,5,1,75,0.209114059183239,0.858731965229456,5,4.32212329379237,0,-14.42915,3251,0.6,0,6,"both",0.209114059183239,0.858731965229456
"337","session1",-13.7855911082383,8.53033917962571,4.48963140573025,0.000208568319163352,0.161012870693527,0.656392994741519,0.750173066540776,5,1,75,0.209114059183239,0.858731965229456,5,4.34991791198719,0,-24.2537,3251,0.6,0,6,"both",0.209114059183239,0.858731965229456
"338","session1",-13.7855911082383,8.53033917962571,4.48963140573025,0.000208568319163352,0.161012870693527,0.656392994741519,0.750173066540776,5,1,75,0.209114059183239,0.858731965229456,5,5.36751955973996,1,-4.3054,3251,0.6,0,6,"both",0.209114059183239,0.858731965229456
"339","session1",-13.7855911082383,8.53033917962571,4.48963140573025,0.000208568319163352,0.161012870693527,0.656392994741519,0.750173066540776,5,1,75,0.209114059183239,0.858731965229456,5,4.55231393568694,0,-28.0227,3251,0.6,0,6,"both",0.209114059183239,0.858731965229456
"340","session1",-13.7855911082383,8.53033917962571,4.48963140573025,0.000208568319163352,0.161012870693527,0.656392994741519,0.750173066540776,5,1,75,0.209114059183239,0.858731965229456,5,2.83625306846686,0,-25.60704,3251,0.6,0,6,"both",0.209114059183239,0.858731965229456
"341","session1",-13.7855911082383,8.53033917962571,4.48963140573025,0.000208568319163352,0.161012870693527,0.656392994741519,0.750173066540776,5,1,75,0.209114059183239,0.858731965229456,5,4.39362141133254,1,-9.47387,3251,0.6,0,6,"both",0.209114059183239,0.858731965229456
"342","session1",-13.7855911082383,8.53033917962571,4.48963140573025,0.000208568319163352,0.161012870693527,0.656392994741519,0.750173066540776,5,1,75,0.209114059183239,0.858731965229456,5,1.75881692421286,0,-25.91926,3251,0.6,0,6,"both",0.209114059183239,0.858731965229456
"343","session1",-13.7855911082383,8.53033917962571,4.48963140573025,0.000208568319163352,0.161012870693527,0.656392994741519,0.750173066540776,5,1,75,0.209114059183239,0.858731965229456,5,7.65776731252706,0,-12.25169,3251,0.6,0,6,"both",0.209114059183239,0.858731965229456
"344","session1",-13.7855911082383,8.53033917962571,4.48963140573025,0.000208568319163352,0.161012870693527,0.656392994741519,0.750173066540776,5,1,75,0.209114059183239,0.858731965229456,5,6.88255849153117,1,-19.81283,3251,0.6,0,6,"both",0.209114059183239,0.858731965229456
"345","session1",-13.7855911082383,8.53033917962571,4.48963140573025,0.000208568319163352,0.161012870693527,0.656392994741519,0.750173066540776,5,1,75,0.209114059183239,0.858731965229456,5,1.23815895723256,0,-24.1067,3251,0.6,0,6,"both",0.209114059183239,0.858731965229456
"346","session1",-13.7855911082383,8.53033917962571,4.48963140573025,0.000208568319163352,0.161012870693527,0.656392994741519,0.750173066540776,5,1,75,0.209114059183239,0.858731965229456,5,3.06072117303737,1,-20.17431,3251,0.6,0,6,"both",0.209114059183239,0.858731965229456
"347","session1",-13.7855911082383,8.53033917962571,4.48963140573025,0.000208568319163352,0.161012870693527,0.656392994741519,0.750173066540776,5,1,75,0.209114059183239,0.858731965229456,5,2.43090778920029,0,-8.94052,3251,0.6,0,6,"both",0.209114059183239,0.858731965229456
"348","session1",-13.7855911082383,8.53033917962571,4.48963140573025,0.000208568319163352,0.161012870693527,0.656392994741519,0.750173066540776,5,1,75,0.209114059183239,0.858731965229456,5,5.88085035998456,0,-24.83157,3251,0.6,0,6,"both",0.209114059183239,0.858731965229456
"349","session1",-13.7855911082383,8.53033917962571,4.48963140573025,0.000208568319163352,0.161012870693527,0.656392994741519,0.750173066540776,5,1,75,0.209114059183239,0.858731965229456,5,1.5416900805773,0,-35.727,3251,0.6,0,6,"both",0.209114059183239,0.858731965229456
"350","session1",-13.7855911082383,8.53033917962571,4.48963140573025,0.000208568319163352,0.161012870693527,0.656392994741519,0.750173066540776,5,1,75,0.209114059183239,0.858731965229456,5,3.10770455005947,0,-5.98975,3251,0.6,0,6,"both",0.209114059183239,0.858731965229456
"351","session1",-13.7855911082383,8.53033917962571,4.48963140573025,0.000208568319163352,0.161012870693527,0.656392994741519,0.750173066540776,5,1,75,0.209114059183239,0.858731965229456,5,5.34135636781271,1,-23.5053,3251,0.6,0,6,"both",0.209114059183239,0.858731965229456
"352","session1",-13.7855911082383,8.53033917962571,4.48963140573025,0.000208568319163352,0.161012870693527,0.656392994741519,0.750173066540776,5,1,75,0.209114059183239,0.858731965229456,5,1.7442201736543,1,1.7789,3251,0.6,0,6,"both",0.209114059183239,0.858731965229456
"353","session1",-13.7855911082383,8.53033917962571,4.48963140573025,0.000208568319163352,0.161012870693527,0.656392994741519,0.750173066540776,5,1,75,0.209114059183239,0.858731965229456,5,2.04295938944106,1,-3.4135,3251,0.6,0,6,"both",0.209114059183239,0.858731965229456
"354","session1",-13.7855911082383,8.53033917962571,4.48963140573025,0.000208568319163352,0.161012870693527,0.656392994741519,0.750173066540776,5,1,75,0.209114059183239,0.858731965229456,5,1.23214977271783,0,-24.88807,3251,0.6,0,6,"both",0.209114059183239,0.858731965229456
"355","session1",-13.7855911082383,8.53033917962571,4.48963140573025,0.000208568319163352,0.161012870693527,0.656392994741519,0.750173066540776,5,1,75,0.209114059183239,0.858731965229456,5,2.00145740576911,1,-2.1413,3251,0.6,0,6,"both",0.209114059183239,0.858731965229456
"356","session1",-13.7855911082383,8.53033917962571,4.48963140573025,0.000208568319163352,0.161012870693527,0.656392994741519,0.750173066540776,5,1,75,0.209114059183239,0.858731965229456,5,3.37021918188475,0,-25.3351,3251,0.6,0,6,"both",0.209114059183239,0.858731965229456
"357","session1",-13.7855911082383,8.53033917962571,4.48963140573025,0.000208568319163352,0.161012870693527,0.656392994741519,0.750173066540776,5,1,75,0.209114059183239,0.858731965229456,5,1.90594958283705,0,-31.0441,3251,0.6,0,6,"both",0.209114059183239,0.858731965229456
"358","session1",-13.7855911082383,8.53033917962571,4.48963140573025,0.000208568319163352,0.161012870693527,0.656392994741519,0.750173066540776,5,1,75,0.209114059183239,0.858731965229456,5,3.9413316334037,1,5.2229,3251,0.6,0,6,"both",0.209114059183239,0.858731965229456
"359","session1",-13.7855911082383,8.53033917962571,4.48963140573025,0.000208568319163352,0.161012870693527,0.656392994741519,0.750173066540776,5,1,75,0.209114059183239,0.858731965229456,5,6.63628180954069,0,-24.00648,3251,0.6,0,6,"both",0.209114059183239,0.858731965229456
"360","session1",-13.7855911082383,8.53033917962571,4.48963140573025,0.000208568319163352,0.161012870693527,0.656392994741519,0.750173066540776,5,1,75,0.209114059183239,0.858731965229456,5,2.24291989922696,0,-24.37575,3251,0.6,0,6,"both",0.209114059183239,0.858731965229456
"361","session1",-13.7855911082383,8.53033917962571,4.48963140573025,0.000208568319163352,0.161012870693527,0.656392994741519,0.750173066540776,5,1,75,0.209114059183239,0.858731965229456,5,4.01732623842661,1,-3.5938,3251,0.6,0,6,"both",0.209114059183239,0.858731965229456
"362","session1",-13.7855911082383,8.53033917962571,4.48963140573025,0.000208568319163352,0.161012870693527,0.656392994741519,0.750173066540776,5,1,75,0.209114059183239,0.858731965229456,5,7.00605363739044,1,-7.50708,3251,0.6,0,6,"both",0.209114059183239,0.858731965229456
"363","session1",-13.7855911082383,8.53033917962571,4.48963140573025,0.000208568319163352,0.161012870693527,0.656392994741519,0.750173066540776,5,1,75,0.209114059183239,0.858731965229456,5,8,1,-11.17426,3251,0.6,0,6,"both",0.209114059183239,0.858731965229456
"364","session1",-13.7855911082383,8.53033917962571,4.48963140573025,0.000208568319163352,0.161012870693527,0.656392994741519,0.750173066540776,5,1,75,0.209114059183239,0.858731965229456,5,8,0,-25.7609,3251,0.6,0,6,"both",0.209114059183239,0.858731965229456
"365","session1",-13.7855911082383,8.53033917962571,4.48963140573025,0.000208568319163352,0.161012870693527,0.656392994741519,0.750173066540776,5,1,75,0.209114059183239,0.858731965229456,5,1.74340740092369,1,-3.4024,3251,0.6,0,6,"both",0.209114059183239,0.858731965229456
"366","session1",-13.7855911082383,8.53033917962571,4.48963140573025,0.000208568319163352,0.161012870693527,0.656392994741519,0.750173066540776,5,1,75,0.209114059183239,0.858731965229456,5,4.26281475559981,1,-11.5202,3251,0.6,0,6,"both",0.209114059183239,0.858731965229456
"367","session1",-13.7855911082383,8.53033917962571,4.48963140573025,0.000208568319163352,0.161012870693527,0.656392994741519,0.750173066540776,5,1,75,0.209114059183239,0.858731965229456,5,5.88781090369243,1,-10.97478,3251,0.6,0,6,"both",0.209114059183239,0.858731965229456
"368","session1",-13.7855911082383,8.53033917962571,4.48963140573025,0.000208568319163352,0.161012870693527,0.656392994741519,0.750173066540776,5,1,75,0.209114059183239,0.858731965229456,5,4.04672482070866,1,-5.06968,3251,0.6,0,6,"both",0.209114059183239,0.858731965229456
"369","session1",-13.7855911082383,8.53033917962571,4.48963140573025,0.000208568319163352,0.161012870693527,0.656392994741519,0.750173066540776,5,1,75,0.209114059183239,0.858731965229456,5,2.49902941312313,0,-21.4154,3251,0.6,0,6,"both",0.209114059183239,0.858731965229456
"370","session1",-13.7855911082383,8.53033917962571,4.48963140573025,0.000208568319163352,0.161012870693527,0.656392994741519,0.750173066540776,5,1,75,0.209114059183239,0.858731965229456,5,2.91363220623846,1,-11.43255,3251,0.6,0,6,"both",0.209114059183239,0.858731965229456
"371","session1",-13.7855911082383,8.53033917962571,4.48963140573025,0.000208568319163352,0.161012870693527,0.656392994741519,0.750173066540776,5,1,75,0.209114059183239,0.858731965229456,5,4.47255619417842,0,-12.47114,3251,0.6,0,6,"both",0.209114059183239,0.858731965229456
"372","session1",-13.7855911082383,8.53033917962571,4.48963140573025,0.000208568319163352,0.161012870693527,0.656392994741519,0.750173066540776,5,1,75,0.209114059183239,0.858731965229456,5,1.67579380211172,0,-26.15375,3251,0.6,0,6,"both",0.209114059183239,0.858731965229456
"373","session1",-13.7855911082383,8.53033917962571,4.48963140573025,0.000208568319163352,0.161012870693527,0.656392994741519,0.750173066540776,5,1,75,0.209114059183239,0.858731965229456,5,5.77192405344847,0,-24.90711,3251,0.6,0,6,"both",0.209114059183239,0.858731965229456
"374","session1",-13.7855911082383,8.53033917962571,4.48963140573025,0.000208568319163352,0.161012870693527,0.656392994741519,0.750173066540776,5,1,75,0.209114059183239,0.858731965229456,5,3.82309218725608,0,-23.52544,3251,0.6,0,6,"both",0.209114059183239,0.858731965229456
"375","session1",-13.7855911082383,8.53033917962571,4.48963140573025,0.000208568319163352,0.161012870693527,0.656392994741519,0.750173066540776,5,1,75,0.209114059183239,0.858731965229456,5,2.22712135070594,0,-24.16391,3251,0.6,0,6,"both",0.209114059183239,0.858731965229456
"376","session1",-11.1338803019257,15.3159470631416,2.84042742673691,0.000143182974410485,0.231649012354572,0.464272877324432,0.538294815375136,6,1,75,0.209114059183239,0.858731965229456,6,6.30123465679319,0,-8.1508176221,3251,0.6,0,6,"both",0.209114059183239,0.858731965229456
"377","session1",-11.1338803019257,15.3159470631416,2.84042742673691,0.000143182974410485,0.231649012354572,0.464272877324432,0.538294815375136,6,1,75,0.209114059183239,0.858731965229456,6,4.70829028133361,1,6.7688600592,3251,0.6,0,6,"both",0.209114059183239,0.858731965229456
"378","session1",-11.1338803019257,15.3159470631416,2.84042742673691,0.000143182974410485,0.231649012354572,0.464272877324432,0.538294815375136,6,1,75,0.209114059183239,0.858731965229456,6,4.40431747711794,1,-0.6280339566,3251,0.6,0,6,"both",0.209114059183239,0.858731965229456
"379","session1",-11.1338803019257,15.3159470631416,2.84042742673691,0.000143182974410485,0.231649012354572,0.464272877324432,0.538294815375136,6,1,75,0.209114059183239,0.858731965229456,6,2.37920730252384,1,-4.0983410598,3251,0.6,0,6,"both",0.209114059183239,0.858731965229456
"380","session1",-11.1338803019257,15.3159470631416,2.84042742673691,0.000143182974410485,0.231649012354572,0.464272877324432,0.538294815375136,6,1,75,0.209114059183239,0.858731965229456,6,3.27080479146816,0,0.38943,3251,0.6,0,6,"both",0.209114059183239,0.858731965229456
"381","session1",-11.1338803019257,15.3159470631416,2.84042742673691,0.000143182974410485,0.231649012354572,0.464272877324432,0.538294815375136,6,1,75,0.209114059183239,0.858731965229456,6,4.5387309623869,0,-1.78487,3251,0.6,0,6,"both",0.209114059183239,0.858731965229456
"382","session1",-11.1338803019257,15.3159470631416,2.84042742673691,0.000143182974410485,0.231649012354572,0.464272877324432,0.538294815375136,6,1,75,0.209114059183239,0.858731965229456,6,5.84327839723067,0,-1.89419111159,3251,0.6,0,6,"both",0.209114059183239,0.858731965229456
"383","session1",-11.1338803019257,15.3159470631416,2.84042742673691,0.000143182974410485,0.231649012354572,0.464272877324432,0.538294815375136,6,1,75,0.209114059183239,0.858731965229456,6,2.61387858575945,1,34.0188,3251,0.6,0,6,"both",0.209114059183239,0.858731965229456
"384","session1",-11.1338803019257,15.3159470631416,2.84042742673691,0.000143182974410485,0.231649012354572,0.464272877324432,0.538294815375136,6,1,75,0.209114059183239,0.858731965229456,6,3.34878902642607,0,1.412630156,3251,0.6,0,6,"both",0.209114059183239,0.858731965229456
"385","session1",-11.1338803019257,15.3159470631416,2.84042742673691,0.000143182974410485,0.231649012354572,0.464272877324432,0.538294815375136,6,1,75,0.209114059183239,0.858731965229456,6,2.33855356786118,1,7.2407876923,3251,0.6,0,6,"both",0.209114059183239,0.858731965229456
"386","session1",-11.1338803019257,15.3159470631416,2.84042742673691,0.000143182974410485,0.231649012354572,0.464272877324432,0.538294815375136,6,1,75,0.209114059183239,0.858731965229456,6,2.46195330055506,1,2.04705138178,3251,0.6,0,6,"both",0.209114059183239,0.858731965229456
"387","session1",-11.1338803019257,15.3159470631416,2.84042742673691,0.000143182974410485,0.231649012354572,0.464272877324432,0.538294815375136,6,1,75,0.209114059183239,0.858731965229456,6,2.10517559701855,1,6.82809,3251,0.6,0,6,"both",0.209114059183239,0.858731965229456
"388","session1",-11.1338803019257,15.3159470631416,2.84042742673691,0.000143182974410485,0.231649012354572,0.464272877324432,0.538294815375136,6,1,75,0.209114059183239,0.858731965229456,6,2.14021329879766,0,-18.06205,3251,0.6,0,6,"both",0.209114059183239,0.858731965229456
"389","session1",-11.1338803019257,15.3159470631416,2.84042742673691,0.000143182974410485,0.231649012354572,0.464272877324432,0.538294815375136,6,1,75,0.209114059183239,0.858731965229456,6,2.59768077990209,0,-15.18628,3251,0.6,0,6,"both",0.209114059183239,0.858731965229456
"390","session1",-11.1338803019257,15.3159470631416,2.84042742673691,0.000143182974410485,0.231649012354572,0.464272877324432,0.538294815375136,6,1,75,0.209114059183239,0.858731965229456,6,3.49494872296316,1,-8.84171,3251,0.6,0,6,"both",0.209114059183239,0.858731965229456
"391","session1",-11.1338803019257,15.3159470631416,2.84042742673691,0.000143182974410485,0.231649012354572,0.464272877324432,0.538294815375136,6,1,75,0.209114059183239,0.858731965229456,6,2.06113949405123,1,46.83037,3251,0.6,0,6,"both",0.209114059183239,0.858731965229456
"392","session1",-11.1338803019257,15.3159470631416,2.84042742673691,0.000143182974410485,0.231649012354572,0.464272877324432,0.538294815375136,6,1,75,0.209114059183239,0.858731965229456,6,1.89194212579506,0,-12.43109,3251,0.6,0,6,"both",0.209114059183239,0.858731965229456
"393","session1",-11.1338803019257,15.3159470631416,2.84042742673691,0.000143182974410485,0.231649012354572,0.464272877324432,0.538294815375136,6,1,75,0.209114059183239,0.858731965229456,6,2.51895708585181,0,-10.03708,3251,0.6,0,6,"both",0.209114059183239,0.858731965229456
"394","session1",-11.1338803019257,15.3159470631416,2.84042742673691,0.000143182974410485,0.231649012354572,0.464272877324432,0.538294815375136,6,1,75,0.209114059183239,0.858731965229456,6,2.84715726745322,1,-5.13359,3251,0.6,0,6,"both",0.209114059183239,0.858731965229456
"395","session1",-11.1338803019257,15.3159470631416,2.84042742673691,0.000143182974410485,0.231649012354572,0.464272877324432,0.538294815375136,6,1,75,0.209114059183239,0.858731965229456,6,2.39664421949704,1,-0.1118,3251,0.6,0,6,"both",0.209114059183239,0.858731965229456
"396","session1",-11.1338803019257,15.3159470631416,2.84042742673691,0.000143182974410485,0.231649012354572,0.464272877324432,0.538294815375136,6,1,75,0.209114059183239,0.858731965229456,6,2.72029357646795,1,-5.74407,3251,0.6,0,6,"both",0.209114059183239,0.858731965229456
"397","session1",-11.1338803019257,15.3159470631416,2.84042742673691,0.000143182974410485,0.231649012354572,0.464272877324432,0.538294815375136,6,1,75,0.209114059183239,0.858731965229456,6,1.80740678843148,1,5.3102,3251,0.6,0,6,"both",0.209114059183239,0.858731965229456
"398","session1",-11.1338803019257,15.3159470631416,2.84042742673691,0.000143182974410485,0.231649012354572,0.464272877324432,0.538294815375136,6,1,75,0.209114059183239,0.858731965229456,6,3.18154057417388,0,-21.15147,3251,0.6,0,6,"both",0.209114059183239,0.858731965229456
"399","session1",-11.1338803019257,15.3159470631416,2.84042742673691,0.000143182974410485,0.231649012354572,0.464272877324432,0.538294815375136,6,1,75,0.209114059183239,0.858731965229456,6,3.88160687294723,0,-21.62081,3251,0.6,0,6,"both",0.209114059183239,0.858731965229456
"400","session1",-11.1338803019257,15.3159470631416,2.84042742673691,0.000143182974410485,0.231649012354572,0.464272877324432,0.538294815375136,6,1,75,0.209114059183239,0.858731965229456,6,6.68928013333334,1,-15.37378,3251,0.6,0,6,"both",0.209114059183239,0.858731965229456
"401","session1",-11.1338803019257,15.3159470631416,2.84042742673691,0.000143182974410485,0.231649012354572,0.464272877324432,0.538294815375136,6,1,75,0.209114059183239,0.858731965229456,6,5.79042778699098,1,-6.17268684194,3251,0.6,0,6,"both",0.209114059183239,0.858731965229456
"402","session1",-11.1338803019257,15.3159470631416,2.84042742673691,0.000143182974410485,0.231649012354572,0.464272877324432,0.538294815375136,6,1,75,0.209114059183239,0.858731965229456,6,3.60931903699481,1,16.58557,3251,0.6,0,6,"both",0.209114059183239,0.858731965229456
"403","session1",-11.1338803019257,15.3159470631416,2.84042742673691,0.000143182974410485,0.231649012354572,0.464272877324432,0.538294815375136,6,1,75,0.209114059183239,0.858731965229456,6,4.33640609541743,1,-4.69018,3251,0.6,0,6,"both",0.209114059183239,0.858731965229456
"404","session1",-11.1338803019257,15.3159470631416,2.84042742673691,0.000143182974410485,0.231649012354572,0.464272877324432,0.538294815375136,6,1,75,0.209114059183239,0.858731965229456,6,2.0447209219102,0,-14.36909,3251,0.6,0,6,"both",0.209114059183239,0.858731965229456
"405","session1",-11.1338803019257,15.3159470631416,2.84042742673691,0.000143182974410485,0.231649012354572,0.464272877324432,0.538294815375136,6,1,75,0.209114059183239,0.858731965229456,6,1.70721820600762,0,8.76502,3251,0.6,0,6,"both",0.209114059183239,0.858731965229456
"406","session1",-11.1338803019257,15.3159470631416,2.84042742673691,0.000143182974410485,0.231649012354572,0.464272877324432,0.538294815375136,6,1,75,0.209114059183239,0.858731965229456,6,4.33573951026691,0,-5.10631,3251,0.6,0,6,"both",0.209114059183239,0.858731965229456
"407","session1",-11.1338803019257,15.3159470631416,2.84042742673691,0.000143182974410485,0.231649012354572,0.464272877324432,0.538294815375136,6,1,75,0.209114059183239,0.858731965229456,6,2.47119644124807,1,21.35944,3251,0.6,0,6,"both",0.209114059183239,0.858731965229456
"408","session1",-11.1338803019257,15.3159470631416,2.84042742673691,0.000143182974410485,0.231649012354572,0.464272877324432,0.538294815375136,6,1,75,0.209114059183239,0.858731965229456,6,2.49570340448204,0,-26.62616,3251,0.6,0,6,"both",0.209114059183239,0.858731965229456
"409","session1",-11.1338803019257,15.3159470631416,2.84042742673691,0.000143182974410485,0.231649012354572,0.464272877324432,0.538294815375136,6,1,75,0.209114059183239,0.858731965229456,6,1.4796191669461,1,5.30423,3251,0.6,0,6,"both",0.209114059183239,0.858731965229456
"410","session1",-11.1338803019257,15.3159470631416,2.84042742673691,0.000143182974410485,0.231649012354572,0.464272877324432,0.538294815375136,6,1,75,0.209114059183239,0.858731965229456,6,2.06351340724479,1,8.36142,3251,0.6,0,6,"both",0.209114059183239,0.858731965229456
"411","session1",-11.1338803019257,15.3159470631416,2.84042742673691,0.000143182974410485,0.231649012354572,0.464272877324432,0.538294815375136,6,1,75,0.209114059183239,0.858731965229456,6,4.80130955486471,0,-17.09248,3251,0.6,0,6,"both",0.209114059183239,0.858731965229456
"412","session1",-11.1338803019257,15.3159470631416,2.84042742673691,0.000143182974410485,0.231649012354572,0.464272877324432,0.538294815375136,6,1,75,0.209114059183239,0.858731965229456,6,1.70438606958379,1,3.94415,3251,0.6,0,6,"both",0.209114059183239,0.858731965229456
"413","session1",-11.1338803019257,15.3159470631416,2.84042742673691,0.000143182974410485,0.231649012354572,0.464272877324432,0.538294815375136,6,1,75,0.209114059183239,0.858731965229456,6,6.15627857857368,0,-18.06459,3251,0.6,0,6,"both",0.209114059183239,0.858731965229456
"414","session1",-11.1338803019257,15.3159470631416,2.84042742673691,0.000143182974410485,0.231649012354572,0.464272877324432,0.538294815375136,6,1,75,0.209114059183239,0.858731965229456,6,2.29981817558821,0,0.46167,3251,0.6,0,6,"both",0.209114059183239,0.858731965229456
"415","session1",-11.1338803019257,15.3159470631416,2.84042742673691,0.000143182974410485,0.231649012354572,0.464272877324432,0.538294815375136,6,1,75,0.209114059183239,0.858731965229456,6,1.13540698918929,1,6.10951,3251,0.6,0,6,"both",0.209114059183239,0.858731965229456
"416","session1",-11.1338803019257,15.3159470631416,2.84042742673691,0.000143182974410485,0.231649012354572,0.464272877324432,0.538294815375136,6,1,75,0.209114059183239,0.858731965229456,6,2.58352584980847,1,-14.87229,3251,0.6,0,6,"both",0.209114059183239,0.858731965229456
"417","session1",-11.1338803019257,15.3159470631416,2.84042742673691,0.000143182974410485,0.231649012354572,0.464272877324432,0.538294815375136,6,1,75,0.209114059183239,0.858731965229456,6,1.75098517022365,1,-36.28531,3251,0.6,0,6,"both",0.209114059183239,0.858731965229456
"418","session1",-11.1338803019257,15.3159470631416,2.84042742673691,0.000143182974410485,0.231649012354572,0.464272877324432,0.538294815375136,6,1,75,0.209114059183239,0.858731965229456,6,2.16829479700438,1,5.608254,3251,0.6,0,6,"both",0.209114059183239,0.858731965229456
"419","session1",-11.1338803019257,15.3159470631416,2.84042742673691,0.000143182974410485,0.231649012354572,0.464272877324432,0.538294815375136,6,1,75,0.209114059183239,0.858731965229456,6,1.86485382916057,1,6.26645,3251,0.6,0,6,"both",0.209114059183239,0.858731965229456
"420","session1",-11.1338803019257,15.3159470631416,2.84042742673691,0.000143182974410485,0.231649012354572,0.464272877324432,0.538294815375136,6,1,75,0.209114059183239,0.858731965229456,6,1.81915731136908,0,-23.95633,3251,0.6,0,6,"both",0.209114059183239,0.858731965229456
"421","session1",-11.1338803019257,15.3159470631416,2.84042742673691,0.000143182974410485,0.231649012354572,0.464272877324432,0.538294815375136,6,1,75,0.209114059183239,0.858731965229456,6,2.03600421931118,0,9.48791,3251,0.6,0,6,"both",0.209114059183239,0.858731965229456
"422","session1",-11.1338803019257,15.3159470631416,2.84042742673691,0.000143182974410485,0.231649012354572,0.464272877324432,0.538294815375136,6,1,75,0.209114059183239,0.858731965229456,6,2.90513680196665,0,-19.48601,3251,0.6,0,6,"both",0.209114059183239,0.858731965229456
"423","session1",-11.1338803019257,15.3159470631416,2.84042742673691,0.000143182974410485,0.231649012354572,0.464272877324432,0.538294815375136,6,1,75,0.209114059183239,0.858731965229456,6,4.12272256437325,1,2.7265,3251,0.6,0,6,"both",0.209114059183239,0.858731965229456
"424","session1",-11.1338803019257,15.3159470631416,2.84042742673691,0.000143182974410485,0.231649012354572,0.464272877324432,0.538294815375136,6,1,75,0.209114059183239,0.858731965229456,6,5.09612544674871,0,-18.15774,3251,0.6,0,6,"both",0.209114059183239,0.858731965229456
"425","session1",-11.1338803019257,15.3159470631416,2.84042742673691,0.000143182974410485,0.231649012354572,0.464272877324432,0.538294815375136,6,1,75,0.209114059183239,0.858731965229456,6,2.10497884323101,1,-5.68948290928,3251,0.6,0,6,"both",0.209114059183239,0.858731965229456
"426","session1",-11.1338803019257,15.3159470631416,2.84042742673691,0.000143182974410485,0.231649012354572,0.464272877324432,0.538294815375136,6,1,75,0.209114059183239,0.858731965229456,6,5.33515982917347,1,-11.36501,3251,0.6,0,6,"both",0.209114059183239,0.858731965229456
"427","session1",-11.1338803019257,15.3159470631416,2.84042742673691,0.000143182974410485,0.231649012354572,0.464272877324432,0.538294815375136,6,1,75,0.209114059183239,0.858731965229456,6,3.79539327524641,1,-14.3744,3251,0.6,0,6,"both",0.209114059183239,0.858731965229456
"428","session1",-11.1338803019257,15.3159470631416,2.84042742673691,0.000143182974410485,0.231649012354572,0.464272877324432,0.538294815375136,6,1,75,0.209114059183239,0.858731965229456,6,2.7202926987044,0,-8.38744,3251,0.6,0,6,"both",0.209114059183239,0.858731965229456
"429","session1",-11.1338803019257,15.3159470631416,2.84042742673691,0.000143182974410485,0.231649012354572,0.464272877324432,0.538294815375136,6,1,75,0.209114059183239,0.858731965229456,6,3.4188143947581,0,-3.22733,3251,0.6,0,6,"both",0.209114059183239,0.858731965229456
"430","session1",-11.1338803019257,15.3159470631416,2.84042742673691,0.000143182974410485,0.231649012354572,0.464272877324432,0.538294815375136,6,1,75,0.209114059183239,0.858731965229456,6,1.86068390837462,1,4.47257,3251,0.6,0,6,"both",0.209114059183239,0.858731965229456
"431","session1",-11.1338803019257,15.3159470631416,2.84042742673691,0.000143182974410485,0.231649012354572,0.464272877324432,0.538294815375136,6,1,75,0.209114059183239,0.858731965229456,6,2.3653180402142,1,20.74566,3251,0.6,0,6,"both",0.209114059183239,0.858731965229456
"432","session1",-11.1338803019257,15.3159470631416,2.84042742673691,0.000143182974410485,0.231649012354572,0.464272877324432,0.538294815375136,6,1,75,0.209114059183239,0.858731965229456,6,4.57335740943131,1,7.38344,3251,0.6,0,6,"both",0.209114059183239,0.858731965229456
"433","session1",-11.1338803019257,15.3159470631416,2.84042742673691,0.000143182974410485,0.231649012354572,0.464272877324432,0.538294815375136,6,1,75,0.209114059183239,0.858731965229456,6,1.49855032106347,1,-1.31741,3251,0.6,0,6,"both",0.209114059183239,0.858731965229456
"434","session1",-11.1338803019257,15.3159470631416,2.84042742673691,0.000143182974410485,0.231649012354572,0.464272877324432,0.538294815375136,6,1,75,0.209114059183239,0.858731965229456,6,4.64098304599694,1,0.95044,3251,0.6,0,6,"both",0.209114059183239,0.858731965229456
"435","session1",-11.1338803019257,15.3159470631416,2.84042742673691,0.000143182974410485,0.231649012354572,0.464272877324432,0.538294815375136,6,1,75,0.209114059183239,0.858731965229456,6,2.03652469018987,1,-17.35597,3251,0.6,0,6,"both",0.209114059183239,0.858731965229456
"436","session1",-11.1338803019257,15.3159470631416,2.84042742673691,0.000143182974410485,0.231649012354572,0.464272877324432,0.538294815375136,6,1,75,0.209114059183239,0.858731965229456,6,3.53769133909678,0,-28.1562,3251,0.6,0,6,"both",0.209114059183239,0.858731965229456
"437","session1",-11.1338803019257,15.3159470631416,2.84042742673691,0.000143182974410485,0.231649012354572,0.464272877324432,0.538294815375136,6,1,75,0.209114059183239,0.858731965229456,6,3.94403127570727,1,-0.70149,3251,0.6,0,6,"both",0.209114059183239,0.858731965229456
"438","session1",-11.1338803019257,15.3159470631416,2.84042742673691,0.000143182974410485,0.231649012354572,0.464272877324432,0.538294815375136,6,1,75,0.209114059183239,0.858731965229456,6,4.63290826849055,0,-19.62872,3251,0.6,0,6,"both",0.209114059183239,0.858731965229456
"439","session1",-11.1338803019257,15.3159470631416,2.84042742673691,0.000143182974410485,0.231649012354572,0.464272877324432,0.538294815375136,6,1,75,0.209114059183239,0.858731965229456,6,1.32570044571565,1,15.29841,3251,0.6,0,6,"both",0.209114059183239,0.858731965229456
"440","session1",-11.1338803019257,15.3159470631416,2.84042742673691,0.000143182974410485,0.231649012354572,0.464272877324432,0.538294815375136,6,1,75,0.209114059183239,0.858731965229456,6,1.24187387231683,0,-40.1745,3251,0.6,0,6,"both",0.209114059183239,0.858731965229456
"441","session1",-11.1338803019257,15.3159470631416,2.84042742673691,0.000143182974410485,0.231649012354572,0.464272877324432,0.538294815375136,6,1,75,0.209114059183239,0.858731965229456,6,2.55108118625609,0,-26.30432,3251,0.6,0,6,"both",0.209114059183239,0.858731965229456
"442","session1",-11.1338803019257,15.3159470631416,2.84042742673691,0.000143182974410485,0.231649012354572,0.464272877324432,0.538294815375136,6,1,75,0.209114059183239,0.858731965229456,6,2.61433330269344,1,-14.36609,3251,0.6,0,6,"both",0.209114059183239,0.858731965229456
"443","session1",-11.1338803019257,15.3159470631416,2.84042742673691,0.000143182974410485,0.231649012354572,0.464272877324432,0.538294815375136,6,1,75,0.209114059183239,0.858731965229456,6,2.31425862854828,1,19.6196,3251,0.6,0,6,"both",0.209114059183239,0.858731965229456
"444","session1",-11.1338803019257,15.3159470631416,2.84042742673691,0.000143182974410485,0.231649012354572,0.464272877324432,0.538294815375136,6,1,75,0.209114059183239,0.858731965229456,6,2.24590555325647,1,12.01726,3251,0.6,0,6,"both",0.209114059183239,0.858731965229456
"445","session1",-11.1338803019257,15.3159470631416,2.84042742673691,0.000143182974410485,0.231649012354572,0.464272877324432,0.538294815375136,6,1,75,0.209114059183239,0.858731965229456,6,3.03909299035118,0,-12.44873,3251,0.6,0,6,"both",0.209114059183239,0.858731965229456
"446","session1",-11.1338803019257,15.3159470631416,2.84042742673691,0.000143182974410485,0.231649012354572,0.464272877324432,0.538294815375136,6,1,75,0.209114059183239,0.858731965229456,6,2.70358579972895,1,6.0665,3251,0.6,0,6,"both",0.209114059183239,0.858731965229456
"447","session1",-11.1338803019257,15.3159470631416,2.84042742673691,0.000143182974410485,0.231649012354572,0.464272877324432,0.538294815375136,6,1,75,0.209114059183239,0.858731965229456,6,1.58426423409404,1,14.31603,3251,0.6,0,6,"both",0.209114059183239,0.858731965229456
"448","session1",-11.1338803019257,15.3159470631416,2.84042742673691,0.000143182974410485,0.231649012354572,0.464272877324432,0.538294815375136,6,1,75,0.209114059183239,0.858731965229456,6,1.465009742837,1,3.5659,3251,0.6,0,6,"both",0.209114059183239,0.858731965229456
"449","session1",-11.1338803019257,15.3159470631416,2.84042742673691,0.000143182974410485,0.231649012354572,0.464272877324432,0.538294815375136,6,1,75,0.209114059183239,0.858731965229456,6,2.04177974387922,1,-1.03275,3251,0.6,0,6,"both",0.209114059183239,0.858731965229456
"450","session1",-11.1338803019257,15.3159470631416,2.84042742673691,0.000143182974410485,0.231649012354572,0.464272877324432,0.538294815375136,6,1,75,0.209114059183239,0.858731965229456,6,2.36562660548442,1,-7.19377,3251,0.6,0,6,"both",0.209114059183239,0.858731965229456
"451","session2",-11.428953544219,4.92749747195656,1.22063705263177,5.96722227535403e-05,0.608153522011157,0.412231709917418,0.360548013121629,1,2,75,0.209114059183239,0.858731965229456,7,1.63645468895181,1,-7.9454382173,3251,0.6,0,6,"both",0.209114059183239,0.858731965229456
"452","session2",-11.428953544219,4.92749747195656,1.22063705263177,5.96722227535403e-05,0.608153522011157,0.412231709917418,0.360548013121629,1,2,75,0.209114059183239,0.858731965229456,7,2.85347239514673,1,-6.28126721,3251,0.6,0,6,"both",0.209114059183239,0.858731965229456
"453","session2",-11.428953544219,4.92749747195656,1.22063705263177,5.96722227535403e-05,0.608153522011157,0.412231709917418,0.360548013121629,1,2,75,0.209114059183239,0.858731965229456,7,2.73077345298944,0,-17.823645994,3251,0.6,0,6,"both",0.209114059183239,0.858731965229456
"454","session2",-11.428953544219,4.92749747195656,1.22063705263177,5.96722227535403e-05,0.608153522011157,0.412231709917418,0.360548013121629,1,2,75,0.209114059183239,0.858731965229456,7,4.37880275319074,0,-13.054523762,3251,0.6,0,6,"both",0.209114059183239,0.858731965229456
"455","session2",-11.428953544219,4.92749747195656,1.22063705263177,5.96722227535403e-05,0.608153522011157,0.412231709917418,0.360548013121629,1,2,75,0.209114059183239,0.858731965229456,7,1.38514963371365,0,-16.74266,3251,0.6,0,6,"both",0.209114059183239,0.858731965229456
"456","session2",-11.428953544219,4.92749747195656,1.22063705263177,5.96722227535403e-05,0.608153522011157,0.412231709917418,0.360548013121629,1,2,75,0.209114059183239,0.858731965229456,7,2.52925912177746,1,40.302,3251,0.6,0,6,"both",0.209114059183239,0.858731965229456
"457","session2",-11.428953544219,4.92749747195656,1.22063705263177,5.96722227535403e-05,0.608153522011157,0.412231709917418,0.360548013121629,1,2,75,0.209114059183239,0.858731965229456,7,2.53117458549887,0,-18.10628,3251,0.6,0,6,"both",0.209114059183239,0.858731965229456
"458","session2",-11.428953544219,4.92749747195656,1.22063705263177,5.96722227535403e-05,0.608153522011157,0.412231709917418,0.360548013121629,1,2,75,0.209114059183239,0.858731965229456,7,2.55415363910524,0,-10.72584,3251,0.6,0,6,"both",0.209114059183239,0.858731965229456
"459","session2",-11.428953544219,4.92749747195656,1.22063705263177,5.96722227535403e-05,0.608153522011157,0.412231709917418,0.360548013121629,1,2,75,0.209114059183239,0.858731965229456,7,2.48761539690049,0,-6.7521,3251,0.6,0,6,"both",0.209114059183239,0.858731965229456
"460","session2",-11.428953544219,4.92749747195656,1.22063705263177,5.96722227535403e-05,0.608153522011157,0.412231709917418,0.360548013121629,1,2,75,0.209114059183239,0.858731965229456,7,2.56007049674791,1,-9.69796,3251,0.6,0,6,"both",0.209114059183239,0.858731965229456
"461","session2",-11.428953544219,4.92749747195656,1.22063705263177,5.96722227535403e-05,0.608153522011157,0.412231709917418,0.360548013121629,1,2,75,0.209114059183239,0.858731965229456,7,3.8277326566792,0,-17.48613,3251,0.6,0,6,"both",0.209114059183239,0.858731965229456
"462","session2",-11.428953544219,4.92749747195656,1.22063705263177,5.96722227535403e-05,0.608153522011157,0.412231709917418,0.360548013121629,1,2,75,0.209114059183239,0.858731965229456,7,1.31702337355457,1,16.01266,3251,0.6,0,6,"both",0.209114059183239,0.858731965229456
"463","session2",-11.428953544219,4.92749747195656,1.22063705263177,5.96722227535403e-05,0.608153522011157,0.412231709917418,0.360548013121629,1,2,75,0.209114059183239,0.858731965229456,7,2.25243847711596,1,-13.02695,3251,0.6,0,6,"both",0.209114059183239,0.858731965229456
"464","session2",-11.428953544219,4.92749747195656,1.22063705263177,5.96722227535403e-05,0.608153522011157,0.412231709917418,0.360548013121629,1,2,75,0.209114059183239,0.858731965229456,7,1.78254208295258,1,-0.45337,3251,0.6,0,6,"both",0.209114059183239,0.858731965229456
"465","session2",-11.428953544219,4.92749747195656,1.22063705263177,5.96722227535403e-05,0.608153522011157,0.412231709917418,0.360548013121629,1,2,75,0.209114059183239,0.858731965229456,7,2.83526584925306,1,-8.780775819,3251,0.6,0,6,"both",0.209114059183239,0.858731965229456
"466","session2",-11.428953544219,4.92749747195656,1.22063705263177,5.96722227535403e-05,0.608153522011157,0.412231709917418,0.360548013121629,1,2,75,0.209114059183239,0.858731965229456,7,4.62093462873202,0,-10.8676,3251,0.6,0,6,"both",0.209114059183239,0.858731965229456
"467","session2",-11.428953544219,4.92749747195656,1.22063705263177,5.96722227535403e-05,0.608153522011157,0.412231709917418,0.360548013121629,1,2,75,0.209114059183239,0.858731965229456,7,2.1793053949245,1,-11.55177,3251,0.6,0,6,"both",0.209114059183239,0.858731965229456
"468","session2",-11.428953544219,4.92749747195656,1.22063705263177,5.96722227535403e-05,0.608153522011157,0.412231709917418,0.360548013121629,1,2,75,0.209114059183239,0.858731965229456,7,1.5018812620756,1,-5.755,3251,0.6,0,6,"both",0.209114059183239,0.858731965229456
"469","session2",-11.428953544219,4.92749747195656,1.22063705263177,5.96722227535403e-05,0.608153522011157,0.412231709917418,0.360548013121629,1,2,75,0.209114059183239,0.858731965229456,7,3.35225789852505,1,3.5778,3251,0.6,0,6,"both",0.209114059183239,0.858731965229456
"470","session2",-11.428953544219,4.92749747195656,1.22063705263177,5.96722227535403e-05,0.608153522011157,0.412231709917418,0.360548013121629,1,2,75,0.209114059183239,0.858731965229456,7,1.96374201728981,1,-18.57995,3251,0.6,0,6,"both",0.209114059183239,0.858731965229456
"471","session2",-11.428953544219,4.92749747195656,1.22063705263177,5.96722227535403e-05,0.608153522011157,0.412231709917418,0.360548013121629,1,2,75,0.209114059183239,0.858731965229456,7,2.88007794032591,0,-18.78199,3251,0.6,0,6,"both",0.209114059183239,0.858731965229456
"472","session2",-11.428953544219,4.92749747195656,1.22063705263177,5.96722227535403e-05,0.608153522011157,0.412231709917418,0.360548013121629,1,2,75,0.209114059183239,0.858731965229456,7,2.12526292038979,0,-23.1334,3251,0.6,0,6,"both",0.209114059183239,0.858731965229456
"473","session2",-11.428953544219,4.92749747195656,1.22063705263177,5.96722227535403e-05,0.608153522011157,0.412231709917418,0.360548013121629,1,2,75,0.209114059183239,0.858731965229456,7,3.04653653866164,0,-12.67617,3251,0.6,0,6,"both",0.209114059183239,0.858731965229456
"474","session2",-11.428953544219,4.92749747195656,1.22063705263177,5.96722227535403e-05,0.608153522011157,0.412231709917418,0.360548013121629,1,2,75,0.209114059183239,0.858731965229456,7,2.37189302530392,1,-6.70638,3251,0.6,0,6,"both",0.209114059183239,0.858731965229456
"475","session2",-11.428953544219,4.92749747195656,1.22063705263177,5.96722227535403e-05,0.608153522011157,0.412231709917418,0.360548013121629,1,2,75,0.209114059183239,0.858731965229456,7,1.34737935873651,0,-26.7009,3251,0.6,0,6,"both",0.209114059183239,0.858731965229456
"476","session2",-11.428953544219,4.92749747195656,1.22063705263177,5.96722227535403e-05,0.608153522011157,0.412231709917418,0.360548013121629,1,2,75,0.209114059183239,0.858731965229456,7,1.60431525417539,1,-4.44584,3251,0.6,0,6,"both",0.209114059183239,0.858731965229456
"477","session2",-11.428953544219,4.92749747195656,1.22063705263177,5.96722227535403e-05,0.608153522011157,0.412231709917418,0.360548013121629,1,2,75,0.209114059183239,0.858731965229456,7,1.90384923458281,0,-17.28152,3251,0.6,0,6,"both",0.209114059183239,0.858731965229456
"478","session2",-11.428953544219,4.92749747195656,1.22063705263177,5.96722227535403e-05,0.608153522011157,0.412231709917418,0.360548013121629,1,2,75,0.209114059183239,0.858731965229456,7,3.12477198489329,1,-7.62903,3251,0.6,0,6,"both",0.209114059183239,0.858731965229456
"479","session2",-11.428953544219,4.92749747195656,1.22063705263177,5.96722227535403e-05,0.608153522011157,0.412231709917418,0.360548013121629,1,2,75,0.209114059183239,0.858731965229456,7,2.60046698696045,0,-8.69899,3251,0.6,0,6,"both",0.209114059183239,0.858731965229456
"480","session2",-11.428953544219,4.92749747195656,1.22063705263177,5.96722227535403e-05,0.608153522011157,0.412231709917418,0.360548013121629,1,2,75,0.209114059183239,0.858731965229456,7,2.25290825055164,1,-3.59551,3251,0.6,0,6,"both",0.209114059183239,0.858731965229456
"481","session2",-11.428953544219,4.92749747195656,1.22063705263177,5.96722227535403e-05,0.608153522011157,0.412231709917418,0.360548013121629,1,2,75,0.209114059183239,0.858731965229456,7,2.03128823250426,1,-8.95143,3251,0.6,0,6,"both",0.209114059183239,0.858731965229456
"482","session2",-11.428953544219,4.92749747195656,1.22063705263177,5.96722227535403e-05,0.608153522011157,0.412231709917418,0.360548013121629,1,2,75,0.209114059183239,0.858731965229456,7,3.4885377772613,1,-12.13968,3251,0.6,0,6,"both",0.209114059183239,0.858731965229456
"483","session2",-11.428953544219,4.92749747195656,1.22063705263177,5.96722227535403e-05,0.608153522011157,0.412231709917418,0.360548013121629,1,2,75,0.209114059183239,0.858731965229456,7,3.49213376604149,0,-14.23175,3251,0.6,0,6,"both",0.209114059183239,0.858731965229456
"484","session2",-11.428953544219,4.92749747195656,1.22063705263177,5.96722227535403e-05,0.608153522011157,0.412231709917418,0.360548013121629,1,2,75,0.209114059183239,0.858731965229456,7,4.47831420624239,1,-6.7372,3251,0.6,0,6,"both",0.209114059183239,0.858731965229456
"485","session2",-11.428953544219,4.92749747195656,1.22063705263177,5.96722227535403e-05,0.608153522011157,0.412231709917418,0.360548013121629,1,2,75,0.209114059183239,0.858731965229456,7,4.40298572258856,0,-13.41146,3251,0.6,0,6,"both",0.209114059183239,0.858731965229456
"486","session2",-11.428953544219,4.92749747195656,1.22063705263177,5.96722227535403e-05,0.608153522011157,0.412231709917418,0.360548013121629,1,2,75,0.209114059183239,0.858731965229456,7,1.81032081383321,0,-13.13944,3251,0.6,0,6,"both",0.209114059183239,0.858731965229456
"487","session2",-11.428953544219,4.92749747195656,1.22063705263177,5.96722227535403e-05,0.608153522011157,0.412231709917418,0.360548013121629,1,2,75,0.209114059183239,0.858731965229456,7,4.62641321085311,0,-9.29198,3251,0.6,0,6,"both",0.209114059183239,0.858731965229456
"488","session2",-11.428953544219,4.92749747195656,1.22063705263177,5.96722227535403e-05,0.608153522011157,0.412231709917418,0.360548013121629,1,2,75,0.209114059183239,0.858731965229456,7,4.29569659060917,0,-5.38089,3251,0.6,0,6,"both",0.209114059183239,0.858731965229456
"489","session2",-11.428953544219,4.92749747195656,1.22063705263177,5.96722227535403e-05,0.608153522011157,0.412231709917418,0.360548013121629,1,2,75,0.209114059183239,0.858731965229456,7,4.98238996313817,0,-14.33703,3251,0.6,0,6,"both",0.209114059183239,0.858731965229456
"490","session2",-11.428953544219,4.92749747195656,1.22063705263177,5.96722227535403e-05,0.608153522011157,0.412231709917418,0.360548013121629,1,2,75,0.209114059183239,0.858731965229456,7,4.01890950019757,0,-8.62302,3251,0.6,0,6,"both",0.209114059183239,0.858731965229456
"491","session2",-11.428953544219,4.92749747195656,1.22063705263177,5.96722227535403e-05,0.608153522011157,0.412231709917418,0.360548013121629,1,2,75,0.209114059183239,0.858731965229456,7,5.62734182860581,1,-7.2539,3251,0.6,0,6,"both",0.209114059183239,0.858731965229456
"492","session2",-11.428953544219,4.92749747195656,1.22063705263177,5.96722227535403e-05,0.608153522011157,0.412231709917418,0.360548013121629,1,2,75,0.209114059183239,0.858731965229456,7,2.00454196493382,1,-5.64291,3251,0.6,0,6,"both",0.209114059183239,0.858731965229456
"493","session2",-11.428953544219,4.92749747195656,1.22063705263177,5.96722227535403e-05,0.608153522011157,0.412231709917418,0.360548013121629,1,2,75,0.209114059183239,0.858731965229456,7,1.71420435841339,1,-2.65303,3251,0.6,0,6,"both",0.209114059183239,0.858731965229456
"494","session2",-11.428953544219,4.92749747195656,1.22063705263177,5.96722227535403e-05,0.608153522011157,0.412231709917418,0.360548013121629,1,2,75,0.209114059183239,0.858731965229456,7,1.55161417973508,1,-3.22174,3251,0.6,0,6,"both",0.209114059183239,0.858731965229456
"495","session2",-11.428953544219,4.92749747195656,1.22063705263177,5.96722227535403e-05,0.608153522011157,0.412231709917418,0.360548013121629,1,2,75,0.209114059183239,0.858731965229456,7,1.91739533641439,1,-5.13547,3251,0.6,0,6,"both",0.209114059183239,0.858731965229456
"496","session2",-11.428953544219,4.92749747195656,1.22063705263177,5.96722227535403e-05,0.608153522011157,0.412231709917418,0.360548013121629,1,2,75,0.209114059183239,0.858731965229456,7,1.73957298859407,1,-5.536,3251,0.6,0,6,"both",0.209114059183239,0.858731965229456
"497","session2",-11.428953544219,4.92749747195656,1.22063705263177,5.96722227535403e-05,0.608153522011157,0.412231709917418,0.360548013121629,1,2,75,0.209114059183239,0.858731965229456,7,2.0209888199293,1,-6.69635,3251,0.6,0,6,"both",0.209114059183239,0.858731965229456
"498","session2",-11.428953544219,4.92749747195656,1.22063705263177,5.96722227535403e-05,0.608153522011157,0.412231709917418,0.360548013121629,1,2,75,0.209114059183239,0.858731965229456,7,3.23033484742512,1,-8.5321,3251,0.6,0,6,"both",0.209114059183239,0.858731965229456
"499","session2",-11.428953544219,4.92749747195656,1.22063705263177,5.96722227535403e-05,0.608153522011157,0.412231709917418,0.360548013121629,1,2,75,0.209114059183239,0.858731965229456,7,3.40599892354114,1,-9.38878,3251,0.6,0,6,"both",0.209114059183239,0.858731965229456
"500","session2",-11.428953544219,4.92749747195656,1.22063705263177,5.96722227535403e-05,0.608153522011157,0.412231709917418,0.360548013121629,1,2,75,0.209114059183239,0.858731965229456,7,1.97542326324179,0,-8.51082,3251,0.6,0,6,"both",0.209114059183239,0.858731965229456
"501","session2",-11.428953544219,4.92749747195656,1.22063705263177,5.96722227535403e-05,0.608153522011157,0.412231709917418,0.360548013121629,1,2,75,0.209114059183239,0.858731965229456,7,2.20628860158759,1,-5.84167,3251,0.6,0,6,"both",0.209114059183239,0.858731965229456
"502","session2",-11.428953544219,4.92749747195656,1.22063705263177,5.96722227535403e-05,0.608153522011157,0.412231709917418,0.360548013121629,1,2,75,0.209114059183239,0.858731965229456,7,4.38188959289091,0,-4.37202,3251,0.6,0,6,"both",0.209114059183239,0.858731965229456
"503","session2",-11.428953544219,4.92749747195656,1.22063705263177,5.96722227535403e-05,0.608153522011157,0.412231709917418,0.360548013121629,1,2,75,0.209114059183239,0.858731965229456,7,2.16447407630874,0,-7.37415,3251,0.6,0,6,"both",0.209114059183239,0.858731965229456
"504","session2",-11.428953544219,4.92749747195656,1.22063705263177,5.96722227535403e-05,0.608153522011157,0.412231709917418,0.360548013121629,1,2,75,0.209114059183239,0.858731965229456,7,1.76089051290034,0,-6.53252,3251,0.6,0,6,"both",0.209114059183239,0.858731965229456
"505","session2",-11.428953544219,4.92749747195656,1.22063705263177,5.96722227535403e-05,0.608153522011157,0.412231709917418,0.360548013121629,1,2,75,0.209114059183239,0.858731965229456,7,4.33637055185769,0,-19.50733,3251,0.6,0,6,"both",0.209114059183239,0.858731965229456
"506","session2",-11.428953544219,4.92749747195656,1.22063705263177,5.96722227535403e-05,0.608153522011157,0.412231709917418,0.360548013121629,1,2,75,0.209114059183239,0.858731965229456,7,3.34427526356853,0,-17.05451,3251,0.6,0,6,"both",0.209114059183239,0.858731965229456
"507","session2",-11.428953544219,4.92749747195656,1.22063705263177,5.96722227535403e-05,0.608153522011157,0.412231709917418,0.360548013121629,1,2,75,0.209114059183239,0.858731965229456,7,4.39976657995226,1,-4.08339,3251,0.6,0,6,"both",0.209114059183239,0.858731965229456
"508","session2",-11.428953544219,4.92749747195656,1.22063705263177,5.96722227535403e-05,0.608153522011157,0.412231709917418,0.360548013121629,1,2,75,0.209114059183239,0.858731965229456,7,3.63646315315067,1,-9.265,3251,0.6,0,6,"both",0.209114059183239,0.858731965229456
"509","session2",-11.428953544219,4.92749747195656,1.22063705263177,5.96722227535403e-05,0.608153522011157,0.412231709917418,0.360548013121629,1,2,75,0.209114059183239,0.858731965229456,7,2.21139105100619,0,-11.06021,3251,0.6,0,6,"both",0.209114059183239,0.858731965229456
"510","session2",-11.428953544219,4.92749747195656,1.22063705263177,5.96722227535403e-05,0.608153522011157,0.412231709917418,0.360548013121629,1,2,75,0.209114059183239,0.858731965229456,7,2.0259470578814,0,-9.09137,3251,0.6,0,6,"both",0.209114059183239,0.858731965229456
"511","session2",-11.428953544219,4.92749747195656,1.22063705263177,5.96722227535403e-05,0.608153522011157,0.412231709917418,0.360548013121629,1,2,75,0.209114059183239,0.858731965229456,7,1.15856085515743,1,-2.63777,3251,0.6,0,6,"both",0.209114059183239,0.858731965229456
"512","session2",-11.428953544219,4.92749747195656,1.22063705263177,5.96722227535403e-05,0.608153522011157,0.412231709917418,0.360548013121629,1,2,75,0.209114059183239,0.858731965229456,7,2.53092920704063,0,-15.72474,3251,0.6,0,6,"both",0.209114059183239,0.858731965229456
"513","session2",-11.428953544219,4.92749747195656,1.22063705263177,5.96722227535403e-05,0.608153522011157,0.412231709917418,0.360548013121629,1,2,75,0.209114059183239,0.858731965229456,7,1.63653491875396,1,-1.35244,3251,0.6,0,6,"both",0.209114059183239,0.858731965229456
"514","session2",-11.428953544219,4.92749747195656,1.22063705263177,5.96722227535403e-05,0.608153522011157,0.412231709917418,0.360548013121629,1,2,75,0.209114059183239,0.858731965229456,7,2.01737212255112,1,-5.07627,3251,0.6,0,6,"both",0.209114059183239,0.858731965229456
"515","session2",-11.428953544219,4.92749747195656,1.22063705263177,5.96722227535403e-05,0.608153522011157,0.412231709917418,0.360548013121629,1,2,75,0.209114059183239,0.858731965229456,7,3.03689931818351,0,-11.88094,3251,0.6,0,6,"both",0.209114059183239,0.858731965229456
"516","session2",-11.428953544219,4.92749747195656,1.22063705263177,5.96722227535403e-05,0.608153522011157,0.412231709917418,0.360548013121629,1,2,75,0.209114059183239,0.858731965229456,7,2.01954658748864,1,-2.07408,3251,0.6,0,6,"both",0.209114059183239,0.858731965229456
"517","session2",-11.428953544219,4.92749747195656,1.22063705263177,5.96722227535403e-05,0.608153522011157,0.412231709917418,0.360548013121629,1,2,75,0.209114059183239,0.858731965229456,7,1.81864183347499,1,1.99581,3251,0.6,0,6,"both",0.209114059183239,0.858731965229456
"518","session2",-11.428953544219,4.92749747195656,1.22063705263177,5.96722227535403e-05,0.608153522011157,0.412231709917418,0.360548013121629,1,2,75,0.209114059183239,0.858731965229456,7,1.88400296672299,0,-18.2111,3251,0.6,0,6,"both",0.209114059183239,0.858731965229456
"519","session2",-11.428953544219,4.92749747195656,1.22063705263177,5.96722227535403e-05,0.608153522011157,0.412231709917418,0.360548013121629,1,2,75,0.209114059183239,0.858731965229456,7,1.638766851099,1,-14.8482,3251,0.6,0,6,"both",0.209114059183239,0.858731965229456
"520","session2",-11.428953544219,4.92749747195656,1.22063705263177,5.96722227535403e-05,0.608153522011157,0.412231709917418,0.360548013121629,1,2,75,0.209114059183239,0.858731965229456,7,1.75234023201923,0,-12.51165,3251,0.6,0,6,"both",0.209114059183239,0.858731965229456
"521","session2",-11.428953544219,4.92749747195656,1.22063705263177,5.96722227535403e-05,0.608153522011157,0.412231709917418,0.360548013121629,1,2,75,0.209114059183239,0.858731965229456,7,2.25257270526599,1,-4.43599,3251,0.6,0,6,"both",0.209114059183239,0.858731965229456
"522","session2",-11.428953544219,4.92749747195656,1.22063705263177,5.96722227535403e-05,0.608153522011157,0.412231709917418,0.360548013121629,1,2,75,0.209114059183239,0.858731965229456,7,1.43691349700877,1,-3.50428,3251,0.6,0,6,"both",0.209114059183239,0.858731965229456
"523","session2",-11.428953544219,4.92749747195656,1.22063705263177,5.96722227535403e-05,0.608153522011157,0.412231709917418,0.360548013121629,1,2,75,0.209114059183239,0.858731965229456,7,2.15503589358,1,-8.08525,3251,0.6,0,6,"both",0.209114059183239,0.858731965229456
"524","session2",-11.428953544219,4.92749747195656,1.22063705263177,5.96722227535403e-05,0.608153522011157,0.412231709917418,0.360548013121629,1,2,75,0.209114059183239,0.858731965229456,7,2.81524593325135,1,-14.66534,3251,0.6,0,6,"both",0.209114059183239,0.858731965229456
"525","session2",-11.428953544219,4.92749747195656,1.22063705263177,5.96722227535403e-05,0.608153522011157,0.412231709917418,0.360548013121629,1,2,75,0.209114059183239,0.858731965229456,7,3.64819069894773,1,-7.66688,3251,0.6,0,6,"both",0.209114059183239,0.858731965229456
"526","session2",6.81719098001524,11.6829265724216,1.65758096293776,0.00028856276133237,0.55344043331265,0.379841893912539,0.328041965991675,2,2,75,0.209114059183239,0.858731965229456,8,4.50257620592352,0,12.53884757036,3251,0.6,0,6,"both",0.209114059183239,0.858731965229456
"527","session2",6.81719098001524,11.6829265724216,1.65758096293776,0.00028856276133237,0.55344043331265,0.379841893912539,0.328041965991675,2,2,75,0.209114059183239,0.858731965229456,8,3.4262320156088,1,11.6846807219,3251,0.6,0,6,"both",0.209114059183239,0.858731965229456
"528","session2",6.81719098001524,11.6829265724216,1.65758096293776,0.00028856276133237,0.55344043331265,0.379841893912539,0.328041965991675,2,2,75,0.209114059183239,0.858731965229456,8,4.50985284658064,0,2.54650712112,3251,0.6,0,6,"both",0.209114059183239,0.858731965229456
"529","session2",6.81719098001524,11.6829265724216,1.65758096293776,0.00028856276133237,0.55344043331265,0.379841893912539,0.328041965991675,2,2,75,0.209114059183239,0.858731965229456,8,1.95532479817364,0,11.61162662164,3251,0.6,0,6,"both",0.209114059183239,0.858731965229456
"530","session2",6.81719098001524,11.6829265724216,1.65758096293776,0.00028856276133237,0.55344043331265,0.379841893912539,0.328041965991675,2,2,75,0.209114059183239,0.858731965229456,8,3.0292204817406,0,-42.75496,3251,0.6,0,6,"both",0.209114059183239,0.858731965229456
"531","session2",6.81719098001524,11.6829265724216,1.65758096293776,0.00028856276133237,0.55344043331265,0.379841893912539,0.328041965991675,2,2,75,0.209114059183239,0.858731965229456,8,4.00277611623769,1,11.2532114884,3251,0.6,0,6,"both",0.209114059183239,0.858731965229456
"532","session2",6.81719098001524,11.6829265724216,1.65758096293776,0.00028856276133237,0.55344043331265,0.379841893912539,0.328041965991675,2,2,75,0.209114059183239,0.858731965229456,8,5.72329266127434,0,10.542817039,3251,0.6,0,6,"both",0.209114059183239,0.858731965229456
"533","session2",6.81719098001524,11.6829265724216,1.65758096293776,0.00028856276133237,0.55344043331265,0.379841893912539,0.328041965991675,2,2,75,0.209114059183239,0.858731965229456,8,2.33115679564565,0,12.42333311384,3251,0.6,0,6,"both",0.209114059183239,0.858731965229456
"534","session2",6.81719098001524,11.6829265724216,1.65758096293776,0.00028856276133237,0.55344043331265,0.379841893912539,0.328041965991675,2,2,75,0.209114059183239,0.858731965229456,8,2.02076519119545,1,25.81603,3251,0.6,0,6,"both",0.209114059183239,0.858731965229456
"535","session2",6.81719098001524,11.6829265724216,1.65758096293776,0.00028856276133237,0.55344043331265,0.379841893912539,0.328041965991675,2,2,75,0.209114059183239,0.858731965229456,8,2.01965034027716,1,14.480771546,3251,0.6,0,6,"both",0.209114059183239,0.858731965229456
"536","session2",6.81719098001524,11.6829265724216,1.65758096293776,0.00028856276133237,0.55344043331265,0.379841893912539,0.328041965991675,2,2,75,0.209114059183239,0.858731965229456,8,1.9123529575619,1,21.77992,3251,0.6,0,6,"both",0.209114059183239,0.858731965229456
"537","session2",6.81719098001524,11.6829265724216,1.65758096293776,0.00028856276133237,0.55344043331265,0.379841893912539,0.328041965991675,2,2,75,0.209114059183239,0.858731965229456,8,3.5367882170452,0,11.092934122,3251,0.6,0,6,"both",0.209114059183239,0.858731965229456
"538","session2",6.81719098001524,11.6829265724216,1.65758096293776,0.00028856276133237,0.55344043331265,0.379841893912539,0.328041965991675,2,2,75,0.209114059183239,0.858731965229456,8,2.52489427388455,0,5.03121,3251,0.6,0,6,"both",0.209114059183239,0.858731965229456
"539","session2",6.81719098001524,11.6829265724216,1.65758096293776,0.00028856276133237,0.55344043331265,0.379841893912539,0.328041965991675,2,2,75,0.209114059183239,0.858731965229456,8,2.54178221073301,1,10.55425,3251,0.6,0,6,"both",0.209114059183239,0.858731965229456
"540","session2",6.81719098001524,11.6829265724216,1.65758096293776,0.00028856276133237,0.55344043331265,0.379841893912539,0.328041965991675,2,2,75,0.209114059183239,0.858731965229456,8,2.32697319182196,1,3.86268,3251,0.6,0,6,"both",0.209114059183239,0.858731965229456
"541","session2",6.81719098001524,11.6829265724216,1.65758096293776,0.00028856276133237,0.55344043331265,0.379841893912539,0.328041965991675,2,2,75,0.209114059183239,0.858731965229456,8,2.84915620141577,1,10.81208279106,3251,0.6,0,6,"both",0.209114059183239,0.858731965229456
"542","session2",6.81719098001524,11.6829265724216,1.65758096293776,0.00028856276133237,0.55344043331265,0.379841893912539,0.328041965991675,2,2,75,0.209114059183239,0.858731965229456,8,2.04885400565447,1,6.15873,3251,0.6,0,6,"both",0.209114059183239,0.858731965229456
"543","session2",6.81719098001524,11.6829265724216,1.65758096293776,0.00028856276133237,0.55344043331265,0.379841893912539,0.328041965991675,2,2,75,0.209114059183239,0.858731965229456,8,2.31829586075879,0,5.2049791379,3251,0.6,0,6,"both",0.209114059183239,0.858731965229456
"544","session2",6.81719098001524,11.6829265724216,1.65758096293776,0.00028856276133237,0.55344043331265,0.379841893912539,0.328041965991675,2,2,75,0.209114059183239,0.858731965229456,8,2.39079088765194,0,-25.2915,3251,0.6,0,6,"both",0.209114059183239,0.858731965229456
"545","session2",6.81719098001524,11.6829265724216,1.65758096293776,0.00028856276133237,0.55344043331265,0.379841893912539,0.328041965991675,2,2,75,0.209114059183239,0.858731965229456,8,4.10398156834697,1,3.6275,3251,0.6,0,6,"both",0.209114059183239,0.858731965229456
"546","session2",6.81719098001524,11.6829265724216,1.65758096293776,0.00028856276133237,0.55344043331265,0.379841893912539,0.328041965991675,2,2,75,0.209114059183239,0.858731965229456,8,1.50798882009961,0,-29.55404,3251,0.6,0,6,"both",0.209114059183239,0.858731965229456
"547","session2",6.81719098001524,11.6829265724216,1.65758096293776,0.00028856276133237,0.55344043331265,0.379841893912539,0.328041965991675,2,2,75,0.209114059183239,0.858731965229456,8,1.79251223781007,0,-4.0441,3251,0.6,0,6,"both",0.209114059183239,0.858731965229456
"548","session2",6.81719098001524,11.6829265724216,1.65758096293776,0.00028856276133237,0.55344043331265,0.379841893912539,0.328041965991675,2,2,75,0.209114059183239,0.858731965229456,8,3.80967099788265,0,-23.57126,3251,0.6,0,6,"both",0.209114059183239,0.858731965229456
"549","session2",6.81719098001524,11.6829265724216,1.65758096293776,0.00028856276133237,0.55344043331265,0.379841893912539,0.328041965991675,2,2,75,0.209114059183239,0.858731965229456,8,2.85000297010199,0,2.05598,3251,0.6,0,6,"both",0.209114059183239,0.858731965229456
"550","session2",6.81719098001524,11.6829265724216,1.65758096293776,0.00028856276133237,0.55344043331265,0.379841893912539,0.328041965991675,2,2,75,0.209114059183239,0.858731965229456,8,2.3584573376269,1,1.32499,3251,0.6,0,6,"both",0.209114059183239,0.858731965229456
"551","session2",6.81719098001524,11.6829265724216,1.65758096293776,0.00028856276133237,0.55344043331265,0.379841893912539,0.328041965991675,2,2,75,0.209114059183239,0.858731965229456,8,1.74794173804094,0,-18.44981,3251,0.6,0,6,"both",0.209114059183239,0.858731965229456
"552","session2",6.81719098001524,11.6829265724216,1.65758096293776,0.00028856276133237,0.55344043331265,0.379841893912539,0.328041965991675,2,2,75,0.209114059183239,0.858731965229456,8,3.47456889747867,1,7.84732333181,3251,0.6,0,6,"both",0.209114059183239,0.858731965229456
"553","session2",6.81719098001524,11.6829265724216,1.65758096293776,0.00028856276133237,0.55344043331265,0.379841893912539,0.328041965991675,2,2,75,0.209114059183239,0.858731965229456,8,1.46470979691904,1,7.64504,3251,0.6,0,6,"both",0.209114059183239,0.858731965229456
"554","session2",6.81719098001524,11.6829265724216,1.65758096293776,0.00028856276133237,0.55344043331265,0.379841893912539,0.328041965991675,2,2,75,0.209114059183239,0.858731965229456,8,1.46444464590182,1,20.2929,3251,0.6,0,6,"both",0.209114059183239,0.858731965229456
"555","session2",6.81719098001524,11.6829265724216,1.65758096293776,0.00028856276133237,0.55344043331265,0.379841893912539,0.328041965991675,2,2,75,0.209114059183239,0.858731965229456,8,1.82872014097569,1,-8.91222,3251,0.6,0,6,"both",0.209114059183239,0.858731965229456
"556","session2",6.81719098001524,11.6829265724216,1.65758096293776,0.00028856276133237,0.55344043331265,0.379841893912539,0.328041965991675,2,2,75,0.209114059183239,0.858731965229456,8,1.6527171734706,0,-3.13482,3251,0.6,0,6,"both",0.209114059183239,0.858731965229456
"557","session2",6.81719098001524,11.6829265724216,1.65758096293776,0.00028856276133237,0.55344043331265,0.379841893912539,0.328041965991675,2,2,75,0.209114059183239,0.858731965229456,8,2.18028266538552,0,-33.94062,3251,0.6,0,6,"both",0.209114059183239,0.858731965229456
"558","session2",6.81719098001524,11.6829265724216,1.65758096293776,0.00028856276133237,0.55344043331265,0.379841893912539,0.328041965991675,2,2,75,0.209114059183239,0.858731965229456,8,2.32984422186458,1,39.7503,3251,0.6,0,6,"both",0.209114059183239,0.858731965229456
"559","session2",6.81719098001524,11.6829265724216,1.65758096293776,0.00028856276133237,0.55344043331265,0.379841893912539,0.328041965991675,2,2,75,0.209114059183239,0.858731965229456,8,2.58125100555799,0,-31.07961,3251,0.6,0,6,"both",0.209114059183239,0.858731965229456
"560","session2",6.81719098001524,11.6829265724216,1.65758096293776,0.00028856276133237,0.55344043331265,0.379841893912539,0.328041965991675,2,2,75,0.209114059183239,0.858731965229456,8,1.64518490800002,1,23.04588,3251,0.6,0,6,"both",0.209114059183239,0.858731965229456
"561","session2",6.81719098001524,11.6829265724216,1.65758096293776,0.00028856276133237,0.55344043331265,0.379841893912539,0.328041965991675,2,2,75,0.209114059183239,0.858731965229456,8,2.08881370062986,1,21.5213,3251,0.6,0,6,"both",0.209114059183239,0.858731965229456
"562","session2",6.81719098001524,11.6829265724216,1.65758096293776,0.00028856276133237,0.55344043331265,0.379841893912539,0.328041965991675,2,2,75,0.209114059183239,0.858731965229456,8,1.85307313565173,0,-14.058759,3251,0.6,0,6,"both",0.209114059183239,0.858731965229456
"563","session2",6.81719098001524,11.6829265724216,1.65758096293776,0.00028856276133237,0.55344043331265,0.379841893912539,0.328041965991675,2,2,75,0.209114059183239,0.858731965229456,8,3.35970281095401,1,11.20456,3251,0.6,0,6,"both",0.209114059183239,0.858731965229456
"564","session2",6.81719098001524,11.6829265724216,1.65758096293776,0.00028856276133237,0.55344043331265,0.379841893912539,0.328041965991675,2,2,75,0.209114059183239,0.858731965229456,8,1.52236409536494,0,-23.19813,3251,0.6,0,6,"both",0.209114059183239,0.858731965229456
"565","session2",6.81719098001524,11.6829265724216,1.65758096293776,0.00028856276133237,0.55344043331265,0.379841893912539,0.328041965991675,2,2,75,0.209114059183239,0.858731965229456,8,1.85195923929716,0,-16.49432,3251,0.6,0,6,"both",0.209114059183239,0.858731965229456
"566","session2",6.81719098001524,11.6829265724216,1.65758096293776,0.00028856276133237,0.55344043331265,0.379841893912539,0.328041965991675,2,2,75,0.209114059183239,0.858731965229456,8,2.39436771630444,0,-15.62495,3251,0.6,0,6,"both",0.209114059183239,0.858731965229456
"567","session2",6.81719098001524,11.6829265724216,1.65758096293776,0.00028856276133237,0.55344043331265,0.379841893912539,0.328041965991675,2,2,75,0.209114059183239,0.858731965229456,8,1.76237177760755,1,19.49595,3251,0.6,0,6,"both",0.209114059183239,0.858731965229456
"568","session2",6.81719098001524,11.6829265724216,1.65758096293776,0.00028856276133237,0.55344043331265,0.379841893912539,0.328041965991675,2,2,75,0.209114059183239,0.858731965229456,8,4.09391163045348,0,-22.12315,3251,0.6,0,6,"both",0.209114059183239,0.858731965229456
"569","session2",6.81719098001524,11.6829265724216,1.65758096293776,0.00028856276133237,0.55344043331265,0.379841893912539,0.328041965991675,2,2,75,0.209114059183239,0.858731965229456,8,3.95864530630582,1,14.65463,3251,0.6,0,6,"both",0.209114059183239,0.858731965229456
"570","session2",6.81719098001524,11.6829265724216,1.65758096293776,0.00028856276133237,0.55344043331265,0.379841893912539,0.328041965991675,2,2,75,0.209114059183239,0.858731965229456,8,2.71912111246984,0,-24.69573,3251,0.6,0,6,"both",0.209114059183239,0.858731965229456
"571","session2",6.81719098001524,11.6829265724216,1.65758096293776,0.00028856276133237,0.55344043331265,0.379841893912539,0.328041965991675,2,2,75,0.209114059183239,0.858731965229456,8,4.86231365991326,1,15.26553,3251,0.6,0,6,"both",0.209114059183239,0.858731965229456
"572","session2",6.81719098001524,11.6829265724216,1.65758096293776,0.00028856276133237,0.55344043331265,0.379841893912539,0.328041965991675,2,2,75,0.209114059183239,0.858731965229456,8,3.2304479735717,0,-2.32338,3251,0.6,0,6,"both",0.209114059183239,0.858731965229456
"573","session2",6.81719098001524,11.6829265724216,1.65758096293776,0.00028856276133237,0.55344043331265,0.379841893912539,0.328041965991675,2,2,75,0.209114059183239,0.858731965229456,8,2.65130990986995,1,15.02148,3251,0.6,0,6,"both",0.209114059183239,0.858731965229456
"574","session2",6.81719098001524,11.6829265724216,1.65758096293776,0.00028856276133237,0.55344043331265,0.379841893912539,0.328041965991675,2,2,75,0.209114059183239,0.858731965229456,8,2.14824346808958,1,23.07451,3251,0.6,0,6,"both",0.209114059183239,0.858731965229456
"575","session2",6.81719098001524,11.6829265724216,1.65758096293776,0.00028856276133237,0.55344043331265,0.379841893912539,0.328041965991675,2,2,75,0.209114059183239,0.858731965229456,8,2.29927816116165,0,-8.12368,3251,0.6,0,6,"both",0.209114059183239,0.858731965229456
"576","session2",6.81719098001524,11.6829265724216,1.65758096293776,0.00028856276133237,0.55344043331265,0.379841893912539,0.328041965991675,2,2,75,0.209114059183239,0.858731965229456,8,1.47872594271351,1,20.05584,3251,0.6,0,6,"both",0.209114059183239,0.858731965229456
"577","session2",6.81719098001524,11.6829265724216,1.65758096293776,0.00028856276133237,0.55344043331265,0.379841893912539,0.328041965991675,2,2,75,0.209114059183239,0.858731965229456,8,3.43060342694351,1,14.94801,3251,0.6,0,6,"both",0.209114059183239,0.858731965229456
"578","session2",6.81719098001524,11.6829265724216,1.65758096293776,0.00028856276133237,0.55344043331265,0.379841893912539,0.328041965991675,2,2,75,0.209114059183239,0.858731965229456,8,3.24006108739328,1,10.74219,3251,0.6,0,6,"both",0.209114059183239,0.858731965229456
"579","session2",6.81719098001524,11.6829265724216,1.65758096293776,0.00028856276133237,0.55344043331265,0.379841893912539,0.328041965991675,2,2,75,0.209114059183239,0.858731965229456,8,1.4851168241812,0,-7.26822,3251,0.6,0,6,"both",0.209114059183239,0.858731965229456
"580","session2",6.81719098001524,11.6829265724216,1.65758096293776,0.00028856276133237,0.55344043331265,0.379841893912539,0.328041965991675,2,2,75,0.209114059183239,0.858731965229456,8,2.77418362021359,1,16.38616,3251,0.6,0,6,"both",0.209114059183239,0.858731965229456
"581","session2",6.81719098001524,11.6829265724216,1.65758096293776,0.00028856276133237,0.55344043331265,0.379841893912539,0.328041965991675,2,2,75,0.209114059183239,0.858731965229456,8,1.69869712264712,0,10.02025,3251,0.6,0,6,"both",0.209114059183239,0.858731965229456
"582","session2",6.81719098001524,11.6829265724216,1.65758096293776,0.00028856276133237,0.55344043331265,0.379841893912539,0.328041965991675,2,2,75,0.209114059183239,0.858731965229456,8,3.80126953319329,1,8.022971,3251,0.6,0,6,"both",0.209114059183239,0.858731965229456
"583","session2",6.81719098001524,11.6829265724216,1.65758096293776,0.00028856276133237,0.55344043331265,0.379841893912539,0.328041965991675,2,2,75,0.209114059183239,0.858731965229456,8,2.44180838589406,0,-4.68171,3251,0.6,0,6,"both",0.209114059183239,0.858731965229456
"584","session2",6.81719098001524,11.6829265724216,1.65758096293776,0.00028856276133237,0.55344043331265,0.379841893912539,0.328041965991675,2,2,75,0.209114059183239,0.858731965229456,8,3.44413551226902,0,-0.44003,3251,0.6,0,6,"both",0.209114059183239,0.858731965229456
"585","session2",6.81719098001524,11.6829265724216,1.65758096293776,0.00028856276133237,0.55344043331265,0.379841893912539,0.328041965991675,2,2,75,0.209114059183239,0.858731965229456,8,4.9340327468982,1,17.90049,3251,0.6,0,6,"both",0.209114059183239,0.858731965229456
"586","session2",6.81719098001524,11.6829265724216,1.65758096293776,0.00028856276133237,0.55344043331265,0.379841893912539,0.328041965991675,2,2,75,0.209114059183239,0.858731965229456,8,2.96241973570251,0,-6.54659,3251,0.6,0,6,"both",0.209114059183239,0.858731965229456
"587","session2",6.81719098001524,11.6829265724216,1.65758096293776,0.00028856276133237,0.55344043331265,0.379841893912539,0.328041965991675,2,2,75,0.209114059183239,0.858731965229456,8,2.29628796613111,1,11.67747,3251,0.6,0,6,"both",0.209114059183239,0.858731965229456
"588","session2",6.81719098001524,11.6829265724216,1.65758096293776,0.00028856276133237,0.55344043331265,0.379841893912539,0.328041965991675,2,2,75,0.209114059183239,0.858731965229456,8,4.35735470597756,1,12.97893,3251,0.6,0,6,"both",0.209114059183239,0.858731965229456
"589","session2",6.81719098001524,11.6829265724216,1.65758096293776,0.00028856276133237,0.55344043331265,0.379841893912539,0.328041965991675,2,2,75,0.209114059183239,0.858731965229456,8,3.96291747457312,0,-8.49751,3251,0.6,0,6,"both",0.209114059183239,0.858731965229456
"590","session2",6.81719098001524,11.6829265724216,1.65758096293776,0.00028856276133237,0.55344043331265,0.379841893912539,0.328041965991675,2,2,75,0.209114059183239,0.858731965229456,8,3.6988057985149,1,13.43619,3251,0.6,0,6,"both",0.209114059183239,0.858731965229456
"591","session2",6.81719098001524,11.6829265724216,1.65758096293776,0.00028856276133237,0.55344043331265,0.379841893912539,0.328041965991675,2,2,75,0.209114059183239,0.858731965229456,8,2.70012017077876,1,-1.70748,3251,0.6,0,6,"both",0.209114059183239,0.858731965229456
"592","session2",6.81719098001524,11.6829265724216,1.65758096293776,0.00028856276133237,0.55344043331265,0.379841893912539,0.328041965991675,2,2,75,0.209114059183239,0.858731965229456,8,1.70936569050721,0,-6.67671,3251,0.6,0,6,"both",0.209114059183239,0.858731965229456
"593","session2",6.81719098001524,11.6829265724216,1.65758096293776,0.00028856276133237,0.55344043331265,0.379841893912539,0.328041965991675,2,2,75,0.209114059183239,0.858731965229456,8,2.56560929793963,1,13.86127,3251,0.6,0,6,"both",0.209114059183239,0.858731965229456
"594","session2",6.81719098001524,11.6829265724216,1.65758096293776,0.00028856276133237,0.55344043331265,0.379841893912539,0.328041965991675,2,2,75,0.209114059183239,0.858731965229456,8,3.39892970023103,0,9.04744,3251,0.6,0,6,"both",0.209114059183239,0.858731965229456
"595","session2",6.81719098001524,11.6829265724216,1.65758096293776,0.00028856276133237,0.55344043331265,0.379841893912539,0.328041965991675,2,2,75,0.209114059183239,0.858731965229456,8,3.22635971505,0,-2.72029,3251,0.6,0,6,"both",0.209114059183239,0.858731965229456
"596","session2",6.81719098001524,11.6829265724216,1.65758096293776,0.00028856276133237,0.55344043331265,0.379841893912539,0.328041965991675,2,2,75,0.209114059183239,0.858731965229456,8,1.89543796665285,1,9.72419,3251,0.6,0,6,"both",0.209114059183239,0.858731965229456
"597","session2",6.81719098001524,11.6829265724216,1.65758096293776,0.00028856276133237,0.55344043331265,0.379841893912539,0.328041965991675,2,2,75,0.209114059183239,0.858731965229456,8,1.96074248323773,1,11.223482,3251,0.6,0,6,"both",0.209114059183239,0.858731965229456
"598","session2",6.81719098001524,11.6829265724216,1.65758096293776,0.00028856276133237,0.55344043331265,0.379841893912539,0.328041965991675,2,2,75,0.209114059183239,0.858731965229456,8,2.88062833319338,0,-15.960523,3251,0.6,0,6,"both",0.209114059183239,0.858731965229456
"599","session2",6.81719098001524,11.6829265724216,1.65758096293776,0.00028856276133237,0.55344043331265,0.379841893912539,0.328041965991675,2,2,75,0.209114059183239,0.858731965229456,8,1.44849006872015,0,16.14884,3251,0.6,0,6,"both",0.209114059183239,0.858731965229456
"600","session2",6.81719098001524,11.6829265724216,1.65758096293776,0.00028856276133237,0.55344043331265,0.379841893912539,0.328041965991675,2,2,75,0.209114059183239,0.858731965229456,8,4.66405426010383,1,21.75795,3251,0.6,0,6,"both",0.209114059183239,0.858731965229456
"601","session2",-2.73297059328827,10.3102233012821,2.60806016499401,3.58180986261896e-05,0.345354872102365,0.434064741060922,0.54127674811819,3,2,75,0.209114059183239,0.858731965229456,9,6.10234135112155,0,-10.7357949415,3251,0.6,0,6,"both",0.209114059183239,0.858731965229456
"602","session2",-2.73297059328827,10.3102233012821,2.60806016499401,3.58180986261896e-05,0.345354872102365,0.434064741060922,0.54127674811819,3,2,75,0.209114059183239,0.858731965229456,9,3.85326747390602,1,7.106377556,3251,0.6,0,6,"both",0.209114059183239,0.858731965229456
"603","session2",-2.73297059328827,10.3102233012821,2.60806016499401,3.58180986261896e-05,0.345354872102365,0.434064741060922,0.54127674811819,3,2,75,0.209114059183239,0.858731965229456,9,2.96445941412469,0,-0.3637957261,3251,0.6,0,6,"both",0.209114059183239,0.858731965229456
"604","session2",-2.73297059328827,10.3102233012821,2.60806016499401,3.58180986261896e-05,0.345354872102365,0.434064741060922,0.54127674811819,3,2,75,0.209114059183239,0.858731965229456,9,2.12163508464297,1,4.7605996526,3251,0.6,0,6,"both",0.209114059183239,0.858731965229456
"605","session2",-2.73297059328827,10.3102233012821,2.60806016499401,3.58180986261896e-05,0.345354872102365,0.434064741060922,0.54127674811819,3,2,75,0.209114059183239,0.858731965229456,9,2.39133854432383,0,-6.51593,3251,0.6,0,6,"both",0.209114059183239,0.858731965229456
"606","session2",-2.73297059328827,10.3102233012821,2.60806016499401,3.58180986261896e-05,0.345354872102365,0.434064741060922,0.54127674811819,3,2,75,0.209114059183239,0.858731965229456,9,2.0615652197344,0,-6.3342,3251,0.6,0,6,"both",0.209114059183239,0.858731965229456
"607","session2",-2.73297059328827,10.3102233012821,2.60806016499401,3.58180986261896e-05,0.345354872102365,0.434064741060922,0.54127674811819,3,2,75,0.209114059183239,0.858731965229456,9,1.90887234299763,0,4.03111,3251,0.6,0,6,"both",0.209114059183239,0.858731965229456
"608","session2",-2.73297059328827,10.3102233012821,2.60806016499401,3.58180986261896e-05,0.345354872102365,0.434064741060922,0.54127674811819,3,2,75,0.209114059183239,0.858731965229456,9,3.26342538889973,1,6.284,3251,0.6,0,6,"both",0.209114059183239,0.858731965229456
"609","session2",-2.73297059328827,10.3102233012821,2.60806016499401,3.58180986261896e-05,0.345354872102365,0.434064741060922,0.54127674811819,3,2,75,0.209114059183239,0.858731965229456,9,2.21032381819537,0,5.655088,3251,0.6,0,6,"both",0.209114059183239,0.858731965229456
"610","session2",-2.73297059328827,10.3102233012821,2.60806016499401,3.58180986261896e-05,0.345354872102365,0.434064741060922,0.54127674811819,3,2,75,0.209114059183239,0.858731965229456,9,2.56892050736598,0,-30.805727,3251,0.6,0,6,"both",0.209114059183239,0.858731965229456
"611","session2",-2.73297059328827,10.3102233012821,2.60806016499401,3.58180986261896e-05,0.345354872102365,0.434064741060922,0.54127674811819,3,2,75,0.209114059183239,0.858731965229456,9,3.13141111631916,0,-13.29031,3251,0.6,0,6,"both",0.209114059183239,0.858731965229456
"612","session2",-2.73297059328827,10.3102233012821,2.60806016499401,3.58180986261896e-05,0.345354872102365,0.434064741060922,0.54127674811819,3,2,75,0.209114059183239,0.858731965229456,9,2.23729569935319,1,9.98842,3251,0.6,0,6,"both",0.209114059183239,0.858731965229456
"613","session2",-2.73297059328827,10.3102233012821,2.60806016499401,3.58180986261896e-05,0.345354872102365,0.434064741060922,0.54127674811819,3,2,75,0.209114059183239,0.858731965229456,9,1.87787243518893,1,7.10501,3251,0.6,0,6,"both",0.209114059183239,0.858731965229456
"614","session2",-2.73297059328827,10.3102233012821,2.60806016499401,3.58180986261896e-05,0.345354872102365,0.434064741060922,0.54127674811819,3,2,75,0.209114059183239,0.858731965229456,9,2.31907963274215,0,-18.78181,3251,0.6,0,6,"both",0.209114059183239,0.858731965229456
"615","session2",-2.73297059328827,10.3102233012821,2.60806016499401,3.58180986261896e-05,0.345354872102365,0.434064741060922,0.54127674811819,3,2,75,0.209114059183239,0.858731965229456,9,3.58012558882076,1,3.05338,3251,0.6,0,6,"both",0.209114059183239,0.858731965229456
"616","session2",-2.73297059328827,10.3102233012821,2.60806016499401,3.58180986261896e-05,0.345354872102365,0.434064741060922,0.54127674811819,3,2,75,0.209114059183239,0.858731965229456,9,4.24027310375758,0,-13.864436,3251,0.6,0,6,"both",0.209114059183239,0.858731965229456
"617","session2",-2.73297059328827,10.3102233012821,2.60806016499401,3.58180986261896e-05,0.345354872102365,0.434064741060922,0.54127674811819,3,2,75,0.209114059183239,0.858731965229456,9,4.44406131727263,1,0.59443,3251,0.6,0,6,"both",0.209114059183239,0.858731965229456
"618","session2",-2.73297059328827,10.3102233012821,2.60806016499401,3.58180986261896e-05,0.345354872102365,0.434064741060922,0.54127674811819,3,2,75,0.209114059183239,0.858731965229456,9,8,1,0.964,3251,0.6,0,6,"both",0.209114059183239,0.858731965229456
"619","session2",-2.73297059328827,10.3102233012821,2.60806016499401,3.58180986261896e-05,0.345354872102365,0.434064741060922,0.54127674811819,3,2,75,0.209114059183239,0.858731965229456,9,1.79929411864258,0,-0.83016,3251,0.6,0,6,"both",0.209114059183239,0.858731965229456
"620","session2",-2.73297059328827,10.3102233012821,2.60806016499401,3.58180986261896e-05,0.345354872102365,0.434064741060922,0.54127674811819,3,2,75,0.209114059183239,0.858731965229456,9,2.48921813560741,1,7.01471,3251,0.6,0,6,"both",0.209114059183239,0.858731965229456
"621","session2",-2.73297059328827,10.3102233012821,2.60806016499401,3.58180986261896e-05,0.345354872102365,0.434064741060922,0.54127674811819,3,2,75,0.209114059183239,0.858731965229456,9,4.16641149028087,0,-2.60914,3251,0.6,0,6,"both",0.209114059183239,0.858731965229456
"622","session2",-2.73297059328827,10.3102233012821,2.60806016499401,3.58180986261896e-05,0.345354872102365,0.434064741060922,0.54127674811819,3,2,75,0.209114059183239,0.858731965229456,9,2.44353101925679,1,7.04373,3251,0.6,0,6,"both",0.209114059183239,0.858731965229456
"623","session2",-2.73297059328827,10.3102233012821,2.60806016499401,3.58180986261896e-05,0.345354872102365,0.434064741060922,0.54127674811819,3,2,75,0.209114059183239,0.858731965229456,9,3.74606882094084,1,0.75437,3251,0.6,0,6,"both",0.209114059183239,0.858731965229456
"624","session2",-2.73297059328827,10.3102233012821,2.60806016499401,3.58180986261896e-05,0.345354872102365,0.434064741060922,0.54127674811819,3,2,75,0.209114059183239,0.858731965229456,9,2.67629328569588,1,0.18938,3251,0.6,0,6,"both",0.209114059183239,0.858731965229456
"625","session2",-2.73297059328827,10.3102233012821,2.60806016499401,3.58180986261896e-05,0.345354872102365,0.434064741060922,0.54127674811819,3,2,75,0.209114059183239,0.858731965229456,9,3.73641388579164,1,-0.0949999999999998,3251,0.6,0,6,"both",0.209114059183239,0.858731965229456
"626","session2",-2.73297059328827,10.3102233012821,2.60806016499401,3.58180986261896e-05,0.345354872102365,0.434064741060922,0.54127674811819,3,2,75,0.209114059183239,0.858731965229456,9,4.53864507330873,1,1.3218,3251,0.6,0,6,"both",0.209114059183239,0.858731965229456
"627","session2",-2.73297059328827,10.3102233012821,2.60806016499401,3.58180986261896e-05,0.345354872102365,0.434064741060922,0.54127674811819,3,2,75,0.209114059183239,0.858731965229456,9,3.38878306946914,1,2.197275,3251,0.6,0,6,"both",0.209114059183239,0.858731965229456
"628","session2",-2.73297059328827,10.3102233012821,2.60806016499401,3.58180986261896e-05,0.345354872102365,0.434064741060922,0.54127674811819,3,2,75,0.209114059183239,0.858731965229456,9,3.6761042297701,0,-4.03008,3251,0.6,0,6,"both",0.209114059183239,0.858731965229456
"629","session2",-2.73297059328827,10.3102233012821,2.60806016499401,3.58180986261896e-05,0.345354872102365,0.434064741060922,0.54127674811819,3,2,75,0.209114059183239,0.858731965229456,9,2.30496603221219,0,-2.74563,3251,0.6,0,6,"both",0.209114059183239,0.858731965229456
"630","session2",-2.73297059328827,10.3102233012821,2.60806016499401,3.58180986261896e-05,0.345354872102365,0.434064741060922,0.54127674811819,3,2,75,0.209114059183239,0.858731965229456,9,3.15002758210147,1,3.568478,3251,0.6,0,6,"both",0.209114059183239,0.858731965229456
"631","session2",-2.73297059328827,10.3102233012821,2.60806016499401,3.58180986261896e-05,0.345354872102365,0.434064741060922,0.54127674811819,3,2,75,0.209114059183239,0.858731965229456,9,6.62168573664803,1,-1.108986,3251,0.6,0,6,"both",0.209114059183239,0.858731965229456
"632","session2",-2.73297059328827,10.3102233012821,2.60806016499401,3.58180986261896e-05,0.345354872102365,0.434064741060922,0.54127674811819,3,2,75,0.209114059183239,0.858731965229456,9,2.13700471880202,1,-2.71191,3251,0.6,0,6,"both",0.209114059183239,0.858731965229456
"633","session2",-2.73297059328827,10.3102233012821,2.60806016499401,3.58180986261896e-05,0.345354872102365,0.434064741060922,0.54127674811819,3,2,75,0.209114059183239,0.858731965229456,9,5.50800099775979,0,4.15367,3251,0.6,0,6,"both",0.209114059183239,0.858731965229456
"634","session2",-2.73297059328827,10.3102233012821,2.60806016499401,3.58180986261896e-05,0.345354872102365,0.434064741060922,0.54127674811819,3,2,75,0.209114059183239,0.858731965229456,9,3.12110843995543,1,5.730875,3251,0.6,0,6,"both",0.209114059183239,0.858731965229456
"635","session2",-2.73297059328827,10.3102233012821,2.60806016499401,3.58180986261896e-05,0.345354872102365,0.434064741060922,0.54127674811819,3,2,75,0.209114059183239,0.858731965229456,9,2.48577358856298,1,1.26851,3251,0.6,0,6,"both",0.209114059183239,0.858731965229456
"636","session2",-2.73297059328827,10.3102233012821,2.60806016499401,3.58180986261896e-05,0.345354872102365,0.434064741060922,0.54127674811819,3,2,75,0.209114059183239,0.858731965229456,9,3.24948911652788,0,-0.554323,3251,0.6,0,6,"both",0.209114059183239,0.858731965229456
"637","session2",-2.73297059328827,10.3102233012821,2.60806016499401,3.58180986261896e-05,0.345354872102365,0.434064741060922,0.54127674811819,3,2,75,0.209114059183239,0.858731965229456,9,3.84577510343178,1,-7.17755,3251,0.6,0,6,"both",0.209114059183239,0.858731965229456
"638","session2",-2.73297059328827,10.3102233012821,2.60806016499401,3.58180986261896e-05,0.345354872102365,0.434064741060922,0.54127674811819,3,2,75,0.209114059183239,0.858731965229456,9,3.40729947916848,1,7.37641,3251,0.6,0,6,"both",0.209114059183239,0.858731965229456
"639","session2",-2.73297059328827,10.3102233012821,2.60806016499401,3.58180986261896e-05,0.345354872102365,0.434064741060922,0.54127674811819,3,2,75,0.209114059183239,0.858731965229456,9,1.88929752236376,1,25.27512,3251,0.6,0,6,"both",0.209114059183239,0.858731965229456
"640","session2",-2.73297059328827,10.3102233012821,2.60806016499401,3.58180986261896e-05,0.345354872102365,0.434064741060922,0.54127674811819,3,2,75,0.209114059183239,0.858731965229456,9,3.0319160027129,0,2.61601,3251,0.6,0,6,"both",0.209114059183239,0.858731965229456
"641","session2",-2.73297059328827,10.3102233012821,2.60806016499401,3.58180986261896e-05,0.345354872102365,0.434064741060922,0.54127674811819,3,2,75,0.209114059183239,0.858731965229456,9,2.91471749029136,1,-4.68081,3251,0.6,0,6,"both",0.209114059183239,0.858731965229456
"642","session2",-2.73297059328827,10.3102233012821,2.60806016499401,3.58180986261896e-05,0.345354872102365,0.434064741060922,0.54127674811819,3,2,75,0.209114059183239,0.858731965229456,9,2.10495275402867,0,-20.913022,3251,0.6,0,6,"both",0.209114059183239,0.858731965229456
"643","session2",-2.73297059328827,10.3102233012821,2.60806016499401,3.58180986261896e-05,0.345354872102365,0.434064741060922,0.54127674811819,3,2,75,0.209114059183239,0.858731965229456,9,1.72620047130721,0,-35.42355,3251,0.6,0,6,"both",0.209114059183239,0.858731965229456
"644","session2",-2.73297059328827,10.3102233012821,2.60806016499401,3.58180986261896e-05,0.345354872102365,0.434064741060922,0.54127674811819,3,2,75,0.209114059183239,0.858731965229456,9,2.79056969710843,0,-12.17737,3251,0.6,0,6,"both",0.209114059183239,0.858731965229456
"645","session2",-2.73297059328827,10.3102233012821,2.60806016499401,3.58180986261896e-05,0.345354872102365,0.434064741060922,0.54127674811819,3,2,75,0.209114059183239,0.858731965229456,9,2.24139101153349,0,-7.742551,3251,0.6,0,6,"both",0.209114059183239,0.858731965229456
"646","session2",-2.73297059328827,10.3102233012821,2.60806016499401,3.58180986261896e-05,0.345354872102365,0.434064741060922,0.54127674811819,3,2,75,0.209114059183239,0.858731965229456,9,2.24490976334805,0,-5.82963,3251,0.6,0,6,"both",0.209114059183239,0.858731965229456
"647","session2",-2.73297059328827,10.3102233012821,2.60806016499401,3.58180986261896e-05,0.345354872102365,0.434064741060922,0.54127674811819,3,2,75,0.209114059183239,0.858731965229456,9,2.757085639987,0,-14.20969,3251,0.6,0,6,"both",0.209114059183239,0.858731965229456
"648","session2",-2.73297059328827,10.3102233012821,2.60806016499401,3.58180986261896e-05,0.345354872102365,0.434064741060922,0.54127674811819,3,2,75,0.209114059183239,0.858731965229456,9,2.67808069973719,0,-10.81952,3251,0.6,0,6,"both",0.209114059183239,0.858731965229456
"649","session2",-2.73297059328827,10.3102233012821,2.60806016499401,3.58180986261896e-05,0.345354872102365,0.434064741060922,0.54127674811819,3,2,75,0.209114059183239,0.858731965229456,9,1.63872692270696,1,3.68455,3251,0.6,0,6,"both",0.209114059183239,0.858731965229456
"650","session2",-2.73297059328827,10.3102233012821,2.60806016499401,3.58180986261896e-05,0.345354872102365,0.434064741060922,0.54127674811819,3,2,75,0.209114059183239,0.858731965229456,9,3.9325643068453,0,-9.98561,3251,0.6,0,6,"both",0.209114059183239,0.858731965229456
"651","session2",-2.73297059328827,10.3102233012821,2.60806016499401,3.58180986261896e-05,0.345354872102365,0.434064741060922,0.54127674811819,3,2,75,0.209114059183239,0.858731965229456,9,2.64480414664475,1,3.02988,3251,0.6,0,6,"both",0.209114059183239,0.858731965229456
"652","session2",-2.73297059328827,10.3102233012821,2.60806016499401,3.58180986261896e-05,0.345354872102365,0.434064741060922,0.54127674811819,3,2,75,0.209114059183239,0.858731965229456,9,3.38054112776078,0,3.13716,3251,0.6,0,6,"both",0.209114059183239,0.858731965229456
"653","session2",-2.73297059328827,10.3102233012821,2.60806016499401,3.58180986261896e-05,0.345354872102365,0.434064741060922,0.54127674811819,3,2,75,0.209114059183239,0.858731965229456,9,2.78039385661737,0,-6.895244,3251,0.6,0,6,"both",0.209114059183239,0.858731965229456
"654","session2",-2.73297059328827,10.3102233012821,2.60806016499401,3.58180986261896e-05,0.345354872102365,0.434064741060922,0.54127674811819,3,2,75,0.209114059183239,0.858731965229456,9,3.43925845856772,0,1.00188,3251,0.6,0,6,"both",0.209114059183239,0.858731965229456
"655","session2",-2.73297059328827,10.3102233012821,2.60806016499401,3.58180986261896e-05,0.345354872102365,0.434064741060922,0.54127674811819,3,2,75,0.209114059183239,0.858731965229456,9,3.01391602568169,0,-5.153733,3251,0.6,0,6,"both",0.209114059183239,0.858731965229456
"656","session2",-2.73297059328827,10.3102233012821,2.60806016499401,3.58180986261896e-05,0.345354872102365,0.434064741060922,0.54127674811819,3,2,75,0.209114059183239,0.858731965229456,9,1.90168572646284,1,5.61017,3251,0.6,0,6,"both",0.209114059183239,0.858731965229456
"657","session2",-2.73297059328827,10.3102233012821,2.60806016499401,3.58180986261896e-05,0.345354872102365,0.434064741060922,0.54127674811819,3,2,75,0.209114059183239,0.858731965229456,9,1.66365680601317,1,-7.086374,3251,0.6,0,6,"both",0.209114059183239,0.858731965229456
"658","session2",-2.73297059328827,10.3102233012821,2.60806016499401,3.58180986261896e-05,0.345354872102365,0.434064741060922,0.54127674811819,3,2,75,0.209114059183239,0.858731965229456,9,2.13505177601244,1,10.575109,3251,0.6,0,6,"both",0.209114059183239,0.858731965229456
"659","session2",-2.73297059328827,10.3102233012821,2.60806016499401,3.58180986261896e-05,0.345354872102365,0.434064741060922,0.54127674811819,3,2,75,0.209114059183239,0.858731965229456,9,2.4596949474807,1,-6.656429,3251,0.6,0,6,"both",0.209114059183239,0.858731965229456
"660","session2",-2.73297059328827,10.3102233012821,2.60806016499401,3.58180986261896e-05,0.345354872102365,0.434064741060922,0.54127674811819,3,2,75,0.209114059183239,0.858731965229456,9,1.65681672003567,0,-15.45841,3251,0.6,0,6,"both",0.209114059183239,0.858731965229456
"661","session2",-2.73297059328827,10.3102233012821,2.60806016499401,3.58180986261896e-05,0.345354872102365,0.434064741060922,0.54127674811819,3,2,75,0.209114059183239,0.858731965229456,9,4.44558152403093,1,5.40692,3251,0.6,0,6,"both",0.209114059183239,0.858731965229456
"662","session2",-2.73297059328827,10.3102233012821,2.60806016499401,3.58180986261896e-05,0.345354872102365,0.434064741060922,0.54127674811819,3,2,75,0.209114059183239,0.858731965229456,9,2.27774322124674,0,-8.65703,3251,0.6,0,6,"both",0.209114059183239,0.858731965229456
"663","session2",-2.73297059328827,10.3102233012821,2.60806016499401,3.58180986261896e-05,0.345354872102365,0.434064741060922,0.54127674811819,3,2,75,0.209114059183239,0.858731965229456,9,3.08590008311624,0,-11.30154,3251,0.6,0,6,"both",0.209114059183239,0.858731965229456
"664","session2",-2.73297059328827,10.3102233012821,2.60806016499401,3.58180986261896e-05,0.345354872102365,0.434064741060922,0.54127674811819,3,2,75,0.209114059183239,0.858731965229456,9,3.04978774833002,1,-8.50321,3251,0.6,0,6,"both",0.209114059183239,0.858731965229456
"665","session2",-2.73297059328827,10.3102233012821,2.60806016499401,3.58180986261896e-05,0.345354872102365,0.434064741060922,0.54127674811819,3,2,75,0.209114059183239,0.858731965229456,9,3.58424800029789,0,-7.178,3251,0.6,0,6,"both",0.209114059183239,0.858731965229456
"666","session2",-2.73297059328827,10.3102233012821,2.60806016499401,3.58180986261896e-05,0.345354872102365,0.434064741060922,0.54127674811819,3,2,75,0.209114059183239,0.858731965229456,9,2.58849147771943,0,-6.27834,3251,0.6,0,6,"both",0.209114059183239,0.858731965229456
"667","session2",-2.73297059328827,10.3102233012821,2.60806016499401,3.58180986261896e-05,0.345354872102365,0.434064741060922,0.54127674811819,3,2,75,0.209114059183239,0.858731965229456,9,3.68726508737172,0,-0.33466,3251,0.6,0,6,"both",0.209114059183239,0.858731965229456
"668","session2",-2.73297059328827,10.3102233012821,2.60806016499401,3.58180986261896e-05,0.345354872102365,0.434064741060922,0.54127674811819,3,2,75,0.209114059183239,0.858731965229456,9,2.91683223644758,1,9.86122,3251,0.6,0,6,"both",0.209114059183239,0.858731965229456
"669","session2",-2.73297059328827,10.3102233012821,2.60806016499401,3.58180986261896e-05,0.345354872102365,0.434064741060922,0.54127674811819,3,2,75,0.209114059183239,0.858731965229456,9,2.81462671645061,0,-6.280985,3251,0.6,0,6,"both",0.209114059183239,0.858731965229456
"670","session2",-2.73297059328827,10.3102233012821,2.60806016499401,3.58180986261896e-05,0.345354872102365,0.434064741060922,0.54127674811819,3,2,75,0.209114059183239,0.858731965229456,9,2.2626224722618,1,16.326967,3251,0.6,0,6,"both",0.209114059183239,0.858731965229456
"671","session2",-2.73297059328827,10.3102233012821,2.60806016499401,3.58180986261896e-05,0.345354872102365,0.434064741060922,0.54127674811819,3,2,75,0.209114059183239,0.858731965229456,9,3.5398203413483,1,-10.57686,3251,0.6,0,6,"both",0.209114059183239,0.858731965229456
"672","session2",-2.73297059328827,10.3102233012821,2.60806016499401,3.58180986261896e-05,0.345354872102365,0.434064741060922,0.54127674811819,3,2,75,0.209114059183239,0.858731965229456,9,3.63079588153185,1,7.27714,3251,0.6,0,6,"both",0.209114059183239,0.858731965229456
"673","session2",-2.73297059328827,10.3102233012821,2.60806016499401,3.58180986261896e-05,0.345354872102365,0.434064741060922,0.54127674811819,3,2,75,0.209114059183239,0.858731965229456,9,2.10343209410897,0,3.38441,3251,0.6,0,6,"both",0.209114059183239,0.858731965229456
"674","session2",-2.73297059328827,10.3102233012821,2.60806016499401,3.58180986261896e-05,0.345354872102365,0.434064741060922,0.54127674811819,3,2,75,0.209114059183239,0.858731965229456,9,2.11315043484619,1,6.85302,3251,0.6,0,6,"both",0.209114059183239,0.858731965229456
"675","session2",-2.73297059328827,10.3102233012821,2.60806016499401,3.58180986261896e-05,0.345354872102365,0.434064741060922,0.54127674811819,3,2,75,0.209114059183239,0.858731965229456,9,1.72539268589437,1,-7.56186,3251,0.6,0,6,"both",0.209114059183239,0.858731965229456
"676","session2",-2.46268862691133,5.86044472780015,3.46614578427947,0.000593360146006604,0.613329660893088,0.326874153027325,0.23906083954824,4,2,75,0.209114059183239,0.858731965229456,10,2.7238453938134,1,-8.9304956943,3251,0.6,0,6,"both",0.209114059183239,0.858731965229456
"677","session2",-2.46268862691133,5.86044472780015,3.46614578427947,0.000593360146006604,0.613329660893088,0.326874153027325,0.23906083954824,4,2,75,0.209114059183239,0.858731965229456,10,4.97787363528207,0,-9.7635253704,3251,0.6,0,6,"both",0.209114059183239,0.858731965229456
"678","session2",-2.46268862691133,5.86044472780015,3.46614578427947,0.000593360146006604,0.613329660893088,0.326874153027325,0.23906083954824,4,2,75,0.209114059183239,0.858731965229456,10,3.38042284176832,0,-2.7467580693,3251,0.6,0,6,"both",0.209114059183239,0.858731965229456
"679","session2",-2.46268862691133,5.86044472780015,3.46614578427947,0.000593360146006604,0.613329660893088,0.326874153027325,0.23906083954824,4,2,75,0.209114059183239,0.858731965229456,10,1.72147928882993,1,4.7006362158,3251,0.6,0,6,"both",0.209114059183239,0.858731965229456
"680","session2",-2.46268862691133,5.86044472780015,3.46614578427947,0.000593360146006604,0.613329660893088,0.326874153027325,0.23906083954824,4,2,75,0.209114059183239,0.858731965229456,10,7.43050465714511,0,-0.86674,3251,0.6,0,6,"both",0.209114059183239,0.858731965229456
"681","session2",-2.46268862691133,5.86044472780015,3.46614578427947,0.000593360146006604,0.613329660893088,0.326874153027325,0.23906083954824,4,2,75,0.209114059183239,0.858731965229456,10,1.17500640007125,0,-31.56309,3251,0.6,0,6,"both",0.209114059183239,0.858731965229456
"682","session2",-2.46268862691133,5.86044472780015,3.46614578427947,0.000593360146006604,0.613329660893088,0.326874153027325,0.23906083954824,4,2,75,0.209114059183239,0.858731965229456,10,2.19752120065734,1,31.8357,3251,0.6,0,6,"both",0.209114059183239,0.858731965229456
"683","session2",-2.46268862691133,5.86044472780015,3.46614578427947,0.000593360146006604,0.613329660893088,0.326874153027325,0.23906083954824,4,2,75,0.209114059183239,0.858731965229456,10,1.32266022272483,1,10.55809,3251,0.6,0,6,"both",0.209114059183239,0.858731965229456
"684","session2",-2.46268862691133,5.86044472780015,3.46614578427947,0.000593360146006604,0.613329660893088,0.326874153027325,0.23906083954824,4,2,75,0.209114059183239,0.858731965229456,10,4.16722073259431,1,-3.05641,3251,0.6,0,6,"both",0.209114059183239,0.858731965229456
"685","session2",-2.46268862691133,5.86044472780015,3.46614578427947,0.000593360146006604,0.613329660893088,0.326874153027325,0.23906083954824,4,2,75,0.209114059183239,0.858731965229456,10,1.18308533353754,1,9.3645,3251,0.6,0,6,"both",0.209114059183239,0.858731965229456
"686","session2",-2.46268862691133,5.86044472780015,3.46614578427947,0.000593360146006604,0.613329660893088,0.326874153027325,0.23906083954824,4,2,75,0.209114059183239,0.858731965229456,10,2.85963146385121,0,-12.77579,3251,0.6,0,6,"both",0.209114059183239,0.858731965229456
"687","session2",-2.46268862691133,5.86044472780015,3.46614578427947,0.000593360146006604,0.613329660893088,0.326874153027325,0.23906083954824,4,2,75,0.209114059183239,0.858731965229456,10,2.29924030406266,1,16.53539,3251,0.6,0,6,"both",0.209114059183239,0.858731965229456
"688","session2",-2.46268862691133,5.86044472780015,3.46614578427947,0.000593360146006604,0.613329660893088,0.326874153027325,0.23906083954824,4,2,75,0.209114059183239,0.858731965229456,10,1.61657516370129,1,8.81666,3251,0.6,0,6,"both",0.209114059183239,0.858731965229456
"689","session2",-2.46268862691133,5.86044472780015,3.46614578427947,0.000593360146006604,0.613329660893088,0.326874153027325,0.23906083954824,4,2,75,0.209114059183239,0.858731965229456,10,4.06133037624115,1,-7.98012,3251,0.6,0,6,"both",0.209114059183239,0.858731965229456
"690","session2",-2.46268862691133,5.86044472780015,3.46614578427947,0.000593360146006604,0.613329660893088,0.326874153027325,0.23906083954824,4,2,75,0.209114059183239,0.858731965229456,10,1.94272453002748,0,-23.3604,3251,0.6,0,6,"both",0.209114059183239,0.858731965229456
"691","session2",-2.46268862691133,5.86044472780015,3.46614578427947,0.000593360146006604,0.613329660893088,0.326874153027325,0.23906083954824,4,2,75,0.209114059183239,0.858731965229456,10,3.24698915842636,1,0.618590000000001,3251,0.6,0,6,"both",0.209114059183239,0.858731965229456
"692","session2",-2.46268862691133,5.86044472780015,3.46614578427947,0.000593360146006604,0.613329660893088,0.326874153027325,0.23906083954824,4,2,75,0.209114059183239,0.858731965229456,10,1.33601227395081,1,20.326714,3251,0.6,0,6,"both",0.209114059183239,0.858731965229456
"693","session2",-2.46268862691133,5.86044472780015,3.46614578427947,0.000593360146006604,0.613329660893088,0.326874153027325,0.23906083954824,4,2,75,0.209114059183239,0.858731965229456,10,2.09210180075233,0,-25.902,3251,0.6,0,6,"both",0.209114059183239,0.858731965229456
"694","session2",-2.46268862691133,5.86044472780015,3.46614578427947,0.000593360146006604,0.613329660893088,0.326874153027325,0.23906083954824,4,2,75,0.209114059183239,0.858731965229456,10,2.34363734616829,1,10.447,3251,0.6,0,6,"both",0.209114059183239,0.858731965229456
"695","session2",-2.46268862691133,5.86044472780015,3.46614578427947,0.000593360146006604,0.613329660893088,0.326874153027325,0.23906083954824,4,2,75,0.209114059183239,0.858731965229456,10,1.31355842188121,0,-21.17037,3251,0.6,0,6,"both",0.209114059183239,0.858731965229456
"696","session2",-2.46268862691133,5.86044472780015,3.46614578427947,0.000593360146006604,0.613329660893088,0.326874153027325,0.23906083954824,4,2,75,0.209114059183239,0.858731965229456,10,3.27241968297728,1,7.55837,3251,0.6,0,6,"both",0.209114059183239,0.858731965229456
"697","session2",-2.46268862691133,5.86044472780015,3.46614578427947,0.000593360146006604,0.613329660893088,0.326874153027325,0.23906083954824,4,2,75,0.209114059183239,0.858731965229456,10,7.16260428729667,1,-0.205500000000001,3251,0.6,0,6,"both",0.209114059183239,0.858731965229456
"698","session2",-2.46268862691133,5.86044472780015,3.46614578427947,0.000593360146006604,0.613329660893088,0.326874153027325,0.23906083954824,4,2,75,0.209114059183239,0.858731965229456,10,2.48431038111079,0,-21.03706,3251,0.6,0,6,"both",0.209114059183239,0.858731965229456
"699","session2",-2.46268862691133,5.86044472780015,3.46614578427947,0.000593360146006604,0.613329660893088,0.326874153027325,0.23906083954824,4,2,75,0.209114059183239,0.858731965229456,10,2.06959827537576,0,-21.2521,3251,0.6,0,6,"both",0.209114059183239,0.858731965229456
"700","session2",-2.46268862691133,5.86044472780015,3.46614578427947,0.000593360146006604,0.613329660893088,0.326874153027325,0.23906083954824,4,2,75,0.209114059183239,0.858731965229456,10,3.53323933474472,0,-1.88399,3251,0.6,0,6,"both",0.209114059183239,0.858731965229456
"701","session2",-2.46268862691133,5.86044472780015,3.46614578427947,0.000593360146006604,0.613329660893088,0.326874153027325,0.23906083954824,4,2,75,0.209114059183239,0.858731965229456,10,4.14036131870375,1,1.4425,3251,0.6,0,6,"both",0.209114059183239,0.858731965229456
"702","session2",-2.46268862691133,5.86044472780015,3.46614578427947,0.000593360146006604,0.613329660893088,0.326874153027325,0.23906083954824,4,2,75,0.209114059183239,0.858731965229456,10,2.45484093456651,0,-10.45779,3251,0.6,0,6,"both",0.209114059183239,0.858731965229456
"703","session2",-2.46268862691133,5.86044472780015,3.46614578427947,0.000593360146006604,0.613329660893088,0.326874153027325,0.23906083954824,4,2,75,0.209114059183239,0.858731965229456,10,1.94356120242378,1,7.08602,3251,0.6,0,6,"both",0.209114059183239,0.858731965229456
"704","session2",-2.46268862691133,5.86044472780015,3.46614578427947,0.000593360146006604,0.613329660893088,0.326874153027325,0.23906083954824,4,2,75,0.209114059183239,0.858731965229456,10,1.81801579542526,1,8.77,3251,0.6,0,6,"both",0.209114059183239,0.858731965229456
"705","session2",-2.46268862691133,5.86044472780015,3.46614578427947,0.000593360146006604,0.613329660893088,0.326874153027325,0.23906083954824,4,2,75,0.209114059183239,0.858731965229456,10,3.0468777339483,1,-2.55289,3251,0.6,0,6,"both",0.209114059183239,0.858731965229456
"706","session2",-2.46268862691133,5.86044472780015,3.46614578427947,0.000593360146006604,0.613329660893088,0.326874153027325,0.23906083954824,4,2,75,0.209114059183239,0.858731965229456,10,3.04235139478246,0,-11.27031,3251,0.6,0,6,"both",0.209114059183239,0.858731965229456
"707","session2",-2.46268862691133,5.86044472780015,3.46614578427947,0.000593360146006604,0.613329660893088,0.326874153027325,0.23906083954824,4,2,75,0.209114059183239,0.858731965229456,10,1.41104003408418,0,-10.08279,3251,0.6,0,6,"both",0.209114059183239,0.858731965229456
"708","session2",-2.46268862691133,5.86044472780015,3.46614578427947,0.000593360146006604,0.613329660893088,0.326874153027325,0.23906083954824,4,2,75,0.209114059183239,0.858731965229456,10,3.77202465612333,1,0.5927,3251,0.6,0,6,"both",0.209114059183239,0.858731965229456
"709","session2",-2.46268862691133,5.86044472780015,3.46614578427947,0.000593360146006604,0.613329660893088,0.326874153027325,0.23906083954824,4,2,75,0.209114059183239,0.858731965229456,10,5.06641307473485,0,0.136340000000001,3251,0.6,0,6,"both",0.209114059183239,0.858731965229456
"710","session2",-2.46268862691133,5.86044472780015,3.46614578427947,0.000593360146006604,0.613329660893088,0.326874153027325,0.23906083954824,4,2,75,0.209114059183239,0.858731965229456,10,4.39193862216331,0,-12.71384,3251,0.6,0,6,"both",0.209114059183239,0.858731965229456
"711","session2",-2.46268862691133,5.86044472780015,3.46614578427947,0.000593360146006604,0.613329660893088,0.326874153027325,0.23906083954824,4,2,75,0.209114059183239,0.858731965229456,10,4.30130793195994,0,-1.66894,3251,0.6,0,6,"both",0.209114059183239,0.858731965229456
"712","session2",-2.46268862691133,5.86044472780015,3.46614578427947,0.000593360146006604,0.613329660893088,0.326874153027325,0.23906083954824,4,2,75,0.209114059183239,0.858731965229456,10,4.48298943230533,0,-9.54299,3251,0.6,0,6,"both",0.209114059183239,0.858731965229456
"713","session2",-2.46268862691133,5.86044472780015,3.46614578427947,0.000593360146006604,0.613329660893088,0.326874153027325,0.23906083954824,4,2,75,0.209114059183239,0.858731965229456,10,7.57100266951345,1,2.25487,3251,0.6,0,6,"both",0.209114059183239,0.858731965229456
"714","session2",-2.46268862691133,5.86044472780015,3.46614578427947,0.000593360146006604,0.613329660893088,0.326874153027325,0.23906083954824,4,2,75,0.209114059183239,0.858731965229456,10,3.41592905153245,1,3.70796,3251,0.6,0,6,"both",0.209114059183239,0.858731965229456
"715","session2",-2.46268862691133,5.86044472780015,3.46614578427947,0.000593360146006604,0.613329660893088,0.326874153027325,0.23906083954824,4,2,75,0.209114059183239,0.858731965229456,10,1.95484849504695,0,6.04291,3251,0.6,0,6,"both",0.209114059183239,0.858731965229456
"716","session2",-2.46268862691133,5.86044472780015,3.46614578427947,0.000593360146006604,0.613329660893088,0.326874153027325,0.23906083954824,4,2,75,0.209114059183239,0.858731965229456,10,2.10211048687543,0,-15.70397,3251,0.6,0,6,"both",0.209114059183239,0.858731965229456
"717","session2",-2.46268862691133,5.86044472780015,3.46614578427947,0.000593360146006604,0.613329660893088,0.326874153027325,0.23906083954824,4,2,75,0.209114059183239,0.858731965229456,10,2.97020789179705,1,5.59737,3251,0.6,0,6,"both",0.209114059183239,0.858731965229456
"718","session2",-2.46268862691133,5.86044472780015,3.46614578427947,0.000593360146006604,0.613329660893088,0.326874153027325,0.23906083954824,4,2,75,0.209114059183239,0.858731965229456,10,1.89844361387864,1,13.62697,3251,0.6,0,6,"both",0.209114059183239,0.858731965229456
"719","session2",-2.46268862691133,5.86044472780015,3.46614578427947,0.000593360146006604,0.613329660893088,0.326874153027325,0.23906083954824,4,2,75,0.209114059183239,0.858731965229456,10,2.08461574320273,0,-11.94496,3251,0.6,0,6,"both",0.209114059183239,0.858731965229456
"720","session2",-2.46268862691133,5.86044472780015,3.46614578427947,0.000593360146006604,0.613329660893088,0.326874153027325,0.23906083954824,4,2,75,0.209114059183239,0.858731965229456,10,2.65186607801866,1,2.881518,3251,0.6,0,6,"both",0.209114059183239,0.858731965229456
"721","session2",-2.46268862691133,5.86044472780015,3.46614578427947,0.000593360146006604,0.613329660893088,0.326874153027325,0.23906083954824,4,2,75,0.209114059183239,0.858731965229456,10,4.66618561016949,0,-6.694547,3251,0.6,0,6,"both",0.209114059183239,0.858731965229456
"722","session2",-2.46268862691133,5.86044472780015,3.46614578427947,0.000593360146006604,0.613329660893088,0.326874153027325,0.23906083954824,4,2,75,0.209114059183239,0.858731965229456,10,1.75896838011383,0,-11.89925,3251,0.6,0,6,"both",0.209114059183239,0.858731965229456
"723","session2",-2.46268862691133,5.86044472780015,3.46614578427947,0.000593360146006604,0.613329660893088,0.326874153027325,0.23906083954824,4,2,75,0.209114059183239,0.858731965229456,10,3.77628353992459,0,-10.01634,3251,0.6,0,6,"both",0.209114059183239,0.858731965229456
"724","session2",-2.46268862691133,5.86044472780015,3.46614578427947,0.000593360146006604,0.613329660893088,0.326874153027325,0.23906083954824,4,2,75,0.209114059183239,0.858731965229456,10,2.85641502928898,0,-8.90505,3251,0.6,0,6,"both",0.209114059183239,0.858731965229456
"725","session2",-2.46268862691133,5.86044472780015,3.46614578427947,0.000593360146006604,0.613329660893088,0.326874153027325,0.23906083954824,4,2,75,0.209114059183239,0.858731965229456,10,5.95084275550656,1,-0.34023,3251,0.6,0,6,"both",0.209114059183239,0.858731965229456
"726","session2",-2.46268862691133,5.86044472780015,3.46614578427947,0.000593360146006604,0.613329660893088,0.326874153027325,0.23906083954824,4,2,75,0.209114059183239,0.858731965229456,10,1.79935093732639,1,3.79255,3251,0.6,0,6,"both",0.209114059183239,0.858731965229456
"727","session2",-2.46268862691133,5.86044472780015,3.46614578427947,0.000593360146006604,0.613329660893088,0.326874153027325,0.23906083954824,4,2,75,0.209114059183239,0.858731965229456,10,2.72614065152194,1,-2.18146,3251,0.6,0,6,"both",0.209114059183239,0.858731965229456
"728","session2",-2.46268862691133,5.86044472780015,3.46614578427947,0.000593360146006604,0.613329660893088,0.326874153027325,0.23906083954824,4,2,75,0.209114059183239,0.858731965229456,10,3.66601253031945,0,-6.884534,3251,0.6,0,6,"both",0.209114059183239,0.858731965229456
"729","session2",-2.46268862691133,5.86044472780015,3.46614578427947,0.000593360146006604,0.613329660893088,0.326874153027325,0.23906083954824,4,2,75,0.209114059183239,0.858731965229456,10,1.53308137935707,1,4.00213,3251,0.6,0,6,"both",0.209114059183239,0.858731965229456
"730","session2",-2.46268862691133,5.86044472780015,3.46614578427947,0.000593360146006604,0.613329660893088,0.326874153027325,0.23906083954824,4,2,75,0.209114059183239,0.858731965229456,10,3.33102349905384,1,0.5524,3251,0.6,0,6,"both",0.209114059183239,0.858731965229456
"731","session2",-2.46268862691133,5.86044472780015,3.46614578427947,0.000593360146006604,0.613329660893088,0.326874153027325,0.23906083954824,4,2,75,0.209114059183239,0.858731965229456,10,2.80734975618907,1,6.15798,3251,0.6,0,6,"both",0.209114059183239,0.858731965229456
"732","session2",-2.46268862691133,5.86044472780015,3.46614578427947,0.000593360146006604,0.613329660893088,0.326874153027325,0.23906083954824,4,2,75,0.209114059183239,0.858731965229456,10,7.87934948026097,1,-1.00158,3251,0.6,0,6,"both",0.209114059183239,0.858731965229456
"733","session2",-2.46268862691133,5.86044472780015,3.46614578427947,0.000593360146006604,0.613329660893088,0.326874153027325,0.23906083954824,4,2,75,0.209114059183239,0.858731965229456,10,2.87896620714151,0,1.01721,3251,0.6,0,6,"both",0.209114059183239,0.858731965229456
"734","session2",-2.46268862691133,5.86044472780015,3.46614578427947,0.000593360146006604,0.613329660893088,0.326874153027325,0.23906083954824,4,2,75,0.209114059183239,0.858731965229456,10,2.16582011197067,0,2.66452,3251,0.6,0,6,"both",0.209114059183239,0.858731965229456
"735","session2",-2.46268862691133,5.86044472780015,3.46614578427947,0.000593360146006604,0.613329660893088,0.326874153027325,0.23906083954824,4,2,75,0.209114059183239,0.858731965229456,10,3.88692910509311,1,4.50252,3251,0.6,0,6,"both",0.209114059183239,0.858731965229456
"736","session2",-2.46268862691133,5.86044472780015,3.46614578427947,0.000593360146006604,0.613329660893088,0.326874153027325,0.23906083954824,4,2,75,0.209114059183239,0.858731965229456,10,4.05736898661069,0,-0.40753,3251,0.6,0,6,"both",0.209114059183239,0.858731965229456
"737","session2",-2.46268862691133,5.86044472780015,3.46614578427947,0.000593360146006604,0.613329660893088,0.326874153027325,0.23906083954824,4,2,75,0.209114059183239,0.858731965229456,10,4.94178568343635,1,1.60138,3251,0.6,0,6,"both",0.209114059183239,0.858731965229456
"738","session2",-2.46268862691133,5.86044472780015,3.46614578427947,0.000593360146006604,0.613329660893088,0.326874153027325,0.23906083954824,4,2,75,0.209114059183239,0.858731965229456,10,7.40771844855728,1,-2.32295,3251,0.6,0,6,"both",0.209114059183239,0.858731965229456
"739","session2",-2.46268862691133,5.86044472780015,3.46614578427947,0.000593360146006604,0.613329660893088,0.326874153027325,0.23906083954824,4,2,75,0.209114059183239,0.858731965229456,10,3.44808273876702,0,-9.61159,3251,0.6,0,6,"both",0.209114059183239,0.858731965229456
"740","session2",-2.46268862691133,5.86044472780015,3.46614578427947,0.000593360146006604,0.613329660893088,0.326874153027325,0.23906083954824,4,2,75,0.209114059183239,0.858731965229456,10,4.59936009254768,1,2.79877,3251,0.6,0,6,"both",0.209114059183239,0.858731965229456
"741","session2",-2.46268862691133,5.86044472780015,3.46614578427947,0.000593360146006604,0.613329660893088,0.326874153027325,0.23906083954824,4,2,75,0.209114059183239,0.858731965229456,10,5.15946699916562,1,1.15429,3251,0.6,0,6,"both",0.209114059183239,0.858731965229456
"742","session2",-2.46268862691133,5.86044472780015,3.46614578427947,0.000593360146006604,0.613329660893088,0.326874153027325,0.23906083954824,4,2,75,0.209114059183239,0.858731965229456,10,5.52931149600272,1,-0.85255,3251,0.6,0,6,"both",0.209114059183239,0.858731965229456
"743","session2",-2.46268862691133,5.86044472780015,3.46614578427947,0.000593360146006604,0.613329660893088,0.326874153027325,0.23906083954824,4,2,75,0.209114059183239,0.858731965229456,10,3.08746868279138,0,-5.262982,3251,0.6,0,6,"both",0.209114059183239,0.858731965229456
"744","session2",-2.46268862691133,5.86044472780015,3.46614578427947,0.000593360146006604,0.613329660893088,0.326874153027325,0.23906083954824,4,2,75,0.209114059183239,0.858731965229456,10,2.74198624852035,0,-9.9517,3251,0.6,0,6,"both",0.209114059183239,0.858731965229456
"745","session2",-2.46268862691133,5.86044472780015,3.46614578427947,0.000593360146006604,0.613329660893088,0.326874153027325,0.23906083954824,4,2,75,0.209114059183239,0.858731965229456,10,4.0615085144716,1,-7.32957,3251,0.6,0,6,"both",0.209114059183239,0.858731965229456
"746","session2",-2.46268862691133,5.86044472780015,3.46614578427947,0.000593360146006604,0.613329660893088,0.326874153027325,0.23906083954824,4,2,75,0.209114059183239,0.858731965229456,10,6.14228224429566,0,3.22012,3251,0.6,0,6,"both",0.209114059183239,0.858731965229456
"747","session2",-2.46268862691133,5.86044472780015,3.46614578427947,0.000593360146006604,0.613329660893088,0.326874153027325,0.23906083954824,4,2,75,0.209114059183239,0.858731965229456,10,3.74768608414296,0,3.65262,3251,0.6,0,6,"both",0.209114059183239,0.858731965229456
"748","session2",-2.46268862691133,5.86044472780015,3.46614578427947,0.000593360146006604,0.613329660893088,0.326874153027325,0.23906083954824,4,2,75,0.209114059183239,0.858731965229456,10,4.22001626525033,0,1.54224,3251,0.6,0,6,"both",0.209114059183239,0.858731965229456
"749","session2",-2.46268862691133,5.86044472780015,3.46614578427947,0.000593360146006604,0.613329660893088,0.326874153027325,0.23906083954824,4,2,75,0.209114059183239,0.858731965229456,10,3.10667387046996,0,-14.32345,3251,0.6,0,6,"both",0.209114059183239,0.858731965229456
"750","session2",-2.46268862691133,5.86044472780015,3.46614578427947,0.000593360146006604,0.613329660893088,0.326874153027325,0.23906083954824,4,2,75,0.209114059183239,0.858731965229456,10,2.2265131216747,0,-9.6729627,3251,0.6,0,6,"both",0.209114059183239,0.858731965229456
"751","session2",-4.74005577678934,12.1882440335555,6.04890131284091,0.000217694924658373,-0.510667829519113,0.617069967466436,0.856578684637237,5,2,75,0.209114059183239,0.858731965229456,11,3.16747643946642,1,8.5460759789,3251,0.6,0,6,"both",0.209114059183239,0.858731965229456
"752","session2",-4.74005577678934,12.1882440335555,6.04890131284091,0.000217694924658373,-0.510667829519113,0.617069967466436,0.856578684637237,5,2,75,0.209114059183239,0.858731965229456,11,8,0,-5.90086295225,3251,0.6,0,6,"both",0.209114059183239,0.858731965229456
"753","session2",-4.74005577678934,12.1882440335555,6.04890131284091,0.000217694924658373,-0.510667829519113,0.617069967466436,0.856578684637237,5,2,75,0.209114059183239,0.858731965229456,11,8,1,-0.89392069153,3251,0.6,0,6,"both",0.209114059183239,0.858731965229456
"754","session2",-4.74005577678934,12.1882440335555,6.04890131284091,0.000217694924658373,-0.510667829519113,0.617069967466436,0.856578684637237,5,2,75,0.209114059183239,0.858731965229456,11,8,1,-3.10090849658,3251,0.6,0,6,"both",0.209114059183239,0.858731965229456
"755","session2",-4.74005577678934,12.1882440335555,6.04890131284091,0.000217694924658373,-0.510667829519113,0.617069967466436,0.856578684637237,5,2,75,0.209114059183239,0.858731965229456,11,3.03727242594503,1,-11.97343,3251,0.6,0,6,"both",0.209114059183239,0.858731965229456
"756","session2",-4.74005577678934,12.1882440335555,6.04890131284091,0.000217694924658373,-0.510667829519113,0.617069967466436,0.856578684637237,5,2,75,0.209114059183239,0.858731965229456,11,2.72014694837163,1,-5.85269,3251,0.6,0,6,"both",0.209114059183239,0.858731965229456
"757","session2",-4.74005577678934,12.1882440335555,6.04890131284091,0.000217694924658373,-0.510667829519113,0.617069967466436,0.856578684637237,5,2,75,0.209114059183239,0.858731965229456,11,2.55797345298682,0,-10.67041,3251,0.6,0,6,"both",0.209114059183239,0.858731965229456
"758","session2",-4.74005577678934,12.1882440335555,6.04890131284091,0.000217694924658373,-0.510667829519113,0.617069967466436,0.856578684637237,5,2,75,0.209114059183239,0.858731965229456,11,1.22968492944759,1,39.51085,3251,0.6,0,6,"both",0.209114059183239,0.858731965229456
"759","session2",-4.74005577678934,12.1882440335555,6.04890131284091,0.000217694924658373,-0.510667829519113,0.617069967466436,0.856578684637237,5,2,75,0.209114059183239,0.858731965229456,11,2.029790704838,1,-10.45286,3251,0.6,0,6,"both",0.209114059183239,0.858731965229456
"760","session2",-4.74005577678934,12.1882440335555,6.04890131284091,0.000217694924658373,-0.510667829519113,0.617069967466436,0.856578684637237,5,2,75,0.209114059183239,0.858731965229456,11,1.94098320891578,1,10.1545,3251,0.6,0,6,"both",0.209114059183239,0.858731965229456
"761","session2",-4.74005577678934,12.1882440335555,6.04890131284091,0.000217694924658373,-0.510667829519113,0.617069967466436,0.856578684637237,5,2,75,0.209114059183239,0.858731965229456,11,4.00294764471651,0,-14.4377172778,3251,0.6,0,6,"both",0.209114059183239,0.858731965229456
"762","session2",-4.74005577678934,12.1882440335555,6.04890131284091,0.000217694924658373,-0.510667829519113,0.617069967466436,0.856578684637237,5,2,75,0.209114059183239,0.858731965229456,11,2.29961079536442,0,-16.59622,3251,0.6,0,6,"both",0.209114059183239,0.858731965229456
"763","session2",-4.74005577678934,12.1882440335555,6.04890131284091,0.000217694924658373,-0.510667829519113,0.617069967466436,0.856578684637237,5,2,75,0.209114059183239,0.858731965229456,11,2.4699710096535,0,-4.5501,3251,0.6,0,6,"both",0.209114059183239,0.858731965229456
"764","session2",-4.74005577678934,12.1882440335555,6.04890131284091,0.000217694924658373,-0.510667829519113,0.617069967466436,0.856578684637237,5,2,75,0.209114059183239,0.858731965229456,11,1.25381327657813,1,10.46089,3251,0.6,0,6,"both",0.209114059183239,0.858731965229456
"765","session2",-4.74005577678934,12.1882440335555,6.04890131284091,0.000217694924658373,-0.510667829519113,0.617069967466436,0.856578684637237,5,2,75,0.209114059183239,0.858731965229456,11,1.46258542569029,1,37.4298,3251,0.6,0,6,"both",0.209114059183239,0.858731965229456
"766","session2",-4.74005577678934,12.1882440335555,6.04890131284091,0.000217694924658373,-0.510667829519113,0.617069967466436,0.856578684637237,5,2,75,0.209114059183239,0.858731965229456,11,5.69201793637733,1,-1.4208,3251,0.6,0,6,"both",0.209114059183239,0.858731965229456
"767","session2",-4.74005577678934,12.1882440335555,6.04890131284091,0.000217694924658373,-0.510667829519113,0.617069967466436,0.856578684637237,5,2,75,0.209114059183239,0.858731965229456,11,4.88791639714359,0,-5.86668,3251,0.6,0,6,"both",0.209114059183239,0.858731965229456
"768","session2",-4.74005577678934,12.1882440335555,6.04890131284091,0.000217694924658373,-0.510667829519113,0.617069967466436,0.856578684637237,5,2,75,0.209114059183239,0.858731965229456,11,3.55368124108511,1,-2.59669,3251,0.6,0,6,"both",0.209114059183239,0.858731965229456
"769","session2",-4.74005577678934,12.1882440335555,6.04890131284091,0.000217694924658373,-0.510667829519113,0.617069967466436,0.856578684637237,5,2,75,0.209114059183239,0.858731965229456,11,1.76993725539464,0,-23.17082,3251,0.6,0,6,"both",0.209114059183239,0.858731965229456
"770","session2",-4.74005577678934,12.1882440335555,6.04890131284091,0.000217694924658373,-0.510667829519113,0.617069967466436,0.856578684637237,5,2,75,0.209114059183239,0.858731965229456,11,1.25826086361114,0,-37.93322,3251,0.6,0,6,"both",0.209114059183239,0.858731965229456
"771","session2",-4.74005577678934,12.1882440335555,6.04890131284091,0.000217694924658373,-0.510667829519113,0.617069967466436,0.856578684637237,5,2,75,0.209114059183239,0.858731965229456,11,8,0,-15.62282,3251,0.6,0,6,"both",0.209114059183239,0.858731965229456
"772","session2",-4.74005577678934,12.1882440335555,6.04890131284091,0.000217694924658373,-0.510667829519113,0.617069967466436,0.856578684637237,5,2,75,0.209114059183239,0.858731965229456,11,2.05039073897524,1,-2.02427,3251,0.6,0,6,"both",0.209114059183239,0.858731965229456
"773","session2",-4.74005577678934,12.1882440335555,6.04890131284091,0.000217694924658373,-0.510667829519113,0.617069967466436,0.856578684637237,5,2,75,0.209114059183239,0.858731965229456,11,3.43757621065466,0,-22.90327,3251,0.6,0,6,"both",0.209114059183239,0.858731965229456
"774","session2",-4.74005577678934,12.1882440335555,6.04890131284091,0.000217694924658373,-0.510667829519113,0.617069967466436,0.856578684637237,5,2,75,0.209114059183239,0.858731965229456,11,5.83675758097778,1,0.226599999999999,3251,0.6,0,6,"both",0.209114059183239,0.858731965229456
"775","session2",-4.74005577678934,12.1882440335555,6.04890131284091,0.000217694924658373,-0.510667829519113,0.617069967466436,0.856578684637237,5,2,75,0.209114059183239,0.858731965229456,11,1.95544861519608,0,-15.959,3251,0.6,0,6,"both",0.209114059183239,0.858731965229456
"776","session2",-4.74005577678934,12.1882440335555,6.04890131284091,0.000217694924658373,-0.510667829519113,0.617069967466436,0.856578684637237,5,2,75,0.209114059183239,0.858731965229456,11,4.29945532499463,0,-18.76723,3251,0.6,0,6,"both",0.209114059183239,0.858731965229456
"777","session2",-4.74005577678934,12.1882440335555,6.04890131284091,0.000217694924658373,-0.510667829519113,0.617069967466436,0.856578684637237,5,2,75,0.209114059183239,0.858731965229456,11,2.87199785056897,0,-13.09191,3251,0.6,0,6,"both",0.209114059183239,0.858731965229456
"778","session2",-4.74005577678934,12.1882440335555,6.04890131284091,0.000217694924658373,-0.510667829519113,0.617069967466436,0.856578684637237,5,2,75,0.209114059183239,0.858731965229456,11,2.96082529005588,0,-12.75049,3251,0.6,0,6,"both",0.209114059183239,0.858731965229456
"779","session2",-4.74005577678934,12.1882440335555,6.04890131284091,0.000217694924658373,-0.510667829519113,0.617069967466436,0.856578684637237,5,2,75,0.209114059183239,0.858731965229456,11,2.24035009992246,0,-16.58878,3251,0.6,0,6,"both",0.209114059183239,0.858731965229456
"780","session2",-4.74005577678934,12.1882440335555,6.04890131284091,0.000217694924658373,-0.510667829519113,0.617069967466436,0.856578684637237,5,2,75,0.209114059183239,0.858731965229456,11,2.97253745298087,0,-14.17932,3251,0.6,0,6,"both",0.209114059183239,0.858731965229456
"781","session2",-4.74005577678934,12.1882440335555,6.04890131284091,0.000217694924658373,-0.510667829519113,0.617069967466436,0.856578684637237,5,2,75,0.209114059183239,0.858731965229456,11,3.91760014464264,0,-1.5288,3251,0.6,0,6,"both",0.209114059183239,0.858731965229456
"782","session2",-4.74005577678934,12.1882440335555,6.04890131284091,0.000217694924658373,-0.510667829519113,0.617069967466436,0.856578684637237,5,2,75,0.209114059183239,0.858731965229456,11,3.58755010508356,0,-2.75896,3251,0.6,0,6,"both",0.209114059183239,0.858731965229456
"783","session2",-4.74005577678934,12.1882440335555,6.04890131284091,0.000217694924658373,-0.510667829519113,0.617069967466436,0.856578684637237,5,2,75,0.209114059183239,0.858731965229456,11,3.29484755258364,1,1.5147,3251,0.6,0,6,"both",0.209114059183239,0.858731965229456
"784","session2",-4.74005577678934,12.1882440335555,6.04890131284091,0.000217694924658373,-0.510667829519113,0.617069967466436,0.856578684637237,5,2,75,0.209114059183239,0.858731965229456,11,1.82866523113922,0,-3.57467,3251,0.6,0,6,"both",0.209114059183239,0.858731965229456
"785","session2",-4.74005577678934,12.1882440335555,6.04890131284091,0.000217694924658373,-0.510667829519113,0.617069967466436,0.856578684637237,5,2,75,0.209114059183239,0.858731965229456,11,3.23824777000871,0,-9.7338,3251,0.6,0,6,"both",0.209114059183239,0.858731965229456
"786","session2",-4.74005577678934,12.1882440335555,6.04890131284091,0.000217694924658373,-0.510667829519113,0.617069967466436,0.856578684637237,5,2,75,0.209114059183239,0.858731965229456,11,2.83415906230497,1,-5.30499739,3251,0.6,0,6,"both",0.209114059183239,0.858731965229456
"787","session2",-4.74005577678934,12.1882440335555,6.04890131284091,0.000217694924658373,-0.510667829519113,0.617069967466436,0.856578684637237,5,2,75,0.209114059183239,0.858731965229456,11,3.37043561712269,0,-0.687519999999999,3251,0.6,0,6,"both",0.209114059183239,0.858731965229456
"788","session2",-4.74005577678934,12.1882440335555,6.04890131284091,0.000217694924658373,-0.510667829519113,0.617069967466436,0.856578684637237,5,2,75,0.209114059183239,0.858731965229456,11,1.91740583354599,1,6.30076,3251,0.6,0,6,"both",0.209114059183239,0.858731965229456
"789","session2",-4.74005577678934,12.1882440335555,6.04890131284091,0.000217694924658373,-0.510667829519113,0.617069967466436,0.856578684637237,5,2,75,0.209114059183239,0.858731965229456,11,2.54208495572729,1,0.80689,3251,0.6,0,6,"both",0.209114059183239,0.858731965229456
"790","session2",-4.74005577678934,12.1882440335555,6.04890131284091,0.000217694924658373,-0.510667829519113,0.617069967466436,0.856578684637237,5,2,75,0.209114059183239,0.858731965229456,11,1.79812644959578,0,-0.77163,3251,0.6,0,6,"both",0.209114059183239,0.858731965229456
"791","session2",-4.74005577678934,12.1882440335555,6.04890131284091,0.000217694924658373,-0.510667829519113,0.617069967466436,0.856578684637237,5,2,75,0.209114059183239,0.858731965229456,11,3.61047891476431,0,-8.35854,3251,0.6,0,6,"both",0.209114059183239,0.858731965229456
"792","session2",-4.74005577678934,12.1882440335555,6.04890131284091,0.000217694924658373,-0.510667829519113,0.617069967466436,0.856578684637237,5,2,75,0.209114059183239,0.858731965229456,11,5.63377429813642,1,-9.21401,3251,0.6,0,6,"both",0.209114059183239,0.858731965229456
"793","session2",-4.74005577678934,12.1882440335555,6.04890131284091,0.000217694924658373,-0.510667829519113,0.617069967466436,0.856578684637237,5,2,75,0.209114059183239,0.858731965229456,11,3.26246178236267,0,-12.28268,3251,0.6,0,6,"both",0.209114059183239,0.858731965229456
"794","session2",-4.74005577678934,12.1882440335555,6.04890131284091,0.000217694924658373,-0.510667829519113,0.617069967466436,0.856578684637237,5,2,75,0.209114059183239,0.858731965229456,11,4.24412510195219,1,5.9214875,3251,0.6,0,6,"both",0.209114059183239,0.858731965229456
"795","session2",-4.74005577678934,12.1882440335555,6.04890131284091,0.000217694924658373,-0.510667829519113,0.617069967466436,0.856578684637237,5,2,75,0.209114059183239,0.858731965229456,11,1.96394536109263,0,-10.6281,3251,0.6,0,6,"both",0.209114059183239,0.858731965229456
"796","session2",-4.74005577678934,12.1882440335555,6.04890131284091,0.000217694924658373,-0.510667829519113,0.617069967466436,0.856578684637237,5,2,75,0.209114059183239,0.858731965229456,11,4.7668404296202,0,-7.55823,3251,0.6,0,6,"both",0.209114059183239,0.858731965229456
"797","session2",-4.74005577678934,12.1882440335555,6.04890131284091,0.000217694924658373,-0.510667829519113,0.617069967466436,0.856578684637237,5,2,75,0.209114059183239,0.858731965229456,11,5.24911876091324,0,-9.26085,3251,0.6,0,6,"both",0.209114059183239,0.858731965229456
"798","session2",-4.74005577678934,12.1882440335555,6.04890131284091,0.000217694924658373,-0.510667829519113,0.617069967466436,0.856578684637237,5,2,75,0.209114059183239,0.858731965229456,11,1.7137128046464,1,4.24712,3251,0.6,0,6,"both",0.209114059183239,0.858731965229456
"799","session2",-4.74005577678934,12.1882440335555,6.04890131284091,0.000217694924658373,-0.510667829519113,0.617069967466436,0.856578684637237,5,2,75,0.209114059183239,0.858731965229456,11,2.35864101259658,1,10.25682,3251,0.6,0,6,"both",0.209114059183239,0.858731965229456
"800","session2",-4.74005577678934,12.1882440335555,6.04890131284091,0.000217694924658373,-0.510667829519113,0.617069967466436,0.856578684637237,5,2,75,0.209114059183239,0.858731965229456,11,6.27414206695328,0,-9.06916,3251,0.6,0,6,"both",0.209114059183239,0.858731965229456
"801","session2",-4.74005577678934,12.1882440335555,6.04890131284091,0.000217694924658373,-0.510667829519113,0.617069967466436,0.856578684637237,5,2,75,0.209114059183239,0.858731965229456,11,2.14112763467211,0,-6.59596,3251,0.6,0,6,"both",0.209114059183239,0.858731965229456
"802","session2",-4.74005577678934,12.1882440335555,6.04890131284091,0.000217694924658373,-0.510667829519113,0.617069967466436,0.856578684637237,5,2,75,0.209114059183239,0.858731965229456,11,2.26776302899983,1,-18.13025,3251,0.6,0,6,"both",0.209114059183239,0.858731965229456
"803","session2",-4.74005577678934,12.1882440335555,6.04890131284091,0.000217694924658373,-0.510667829519113,0.617069967466436,0.856578684637237,5,2,75,0.209114059183239,0.858731965229456,11,1.63297429504169,1,17.0737,3251,0.6,0,6,"both",0.209114059183239,0.858731965229456
"804","session2",-4.74005577678934,12.1882440335555,6.04890131284091,0.000217694924658373,-0.510667829519113,0.617069967466436,0.856578684637237,5,2,75,0.209114059183239,0.858731965229456,11,3.16312533771612,1,-10.72733,3251,0.6,0,6,"both",0.209114059183239,0.858731965229456
"805","session2",-4.74005577678934,12.1882440335555,6.04890131284091,0.000217694924658373,-0.510667829519113,0.617069967466436,0.856578684637237,5,2,75,0.209114059183239,0.858731965229456,11,3.51729252311044,0,-12.25567,3251,0.6,0,6,"both",0.209114059183239,0.858731965229456
"806","session2",-4.74005577678934,12.1882440335555,6.04890131284091,0.000217694924658373,-0.510667829519113,0.617069967466436,0.856578684637237,5,2,75,0.209114059183239,0.858731965229456,11,4.0683467072864,1,-11.00055,3251,0.6,0,6,"both",0.209114059183239,0.858731965229456
"807","session2",-4.74005577678934,12.1882440335555,6.04890131284091,0.000217694924658373,-0.510667829519113,0.617069967466436,0.856578684637237,5,2,75,0.209114059183239,0.858731965229456,11,2.49552986196773,1,7.18936,3251,0.6,0,6,"both",0.209114059183239,0.858731965229456
"808","session2",-4.74005577678934,12.1882440335555,6.04890131284091,0.000217694924658373,-0.510667829519113,0.617069967466436,0.856578684637237,5,2,75,0.209114059183239,0.858731965229456,11,2.88126319924329,0,2.27477,3251,0.6,0,6,"both",0.209114059183239,0.858731965229456
"809","session2",-4.74005577678934,12.1882440335555,6.04890131284091,0.000217694924658373,-0.510667829519113,0.617069967466436,0.856578684637237,5,2,75,0.209114059183239,0.858731965229456,11,3.323998847496,0,-11.64827,3251,0.6,0,6,"both",0.209114059183239,0.858731965229456
"810","session2",-4.74005577678934,12.1882440335555,6.04890131284091,0.000217694924658373,-0.510667829519113,0.617069967466436,0.856578684637237,5,2,75,0.209114059183239,0.858731965229456,11,2.00713340553446,1,13.39165,3251,0.6,0,6,"both",0.209114059183239,0.858731965229456
"811","session2",-4.74005577678934,12.1882440335555,6.04890131284091,0.000217694924658373,-0.510667829519113,0.617069967466436,0.856578684637237,5,2,75,0.209114059183239,0.858731965229456,11,3.7171377882174,1,-7.117628,3251,0.6,0,6,"both",0.209114059183239,0.858731965229456
"812","session2",-4.74005577678934,12.1882440335555,6.04890131284091,0.000217694924658373,-0.510667829519113,0.617069967466436,0.856578684637237,5,2,75,0.209114059183239,0.858731965229456,11,5.93349037595419,1,3.06491,3251,0.6,0,6,"both",0.209114059183239,0.858731965229456
"813","session2",-4.74005577678934,12.1882440335555,6.04890131284091,0.000217694924658373,-0.510667829519113,0.617069967466436,0.856578684637237,5,2,75,0.209114059183239,0.858731965229456,11,4.22865907897303,0,-11.99561,3251,0.6,0,6,"both",0.209114059183239,0.858731965229456
"814","session2",-4.74005577678934,12.1882440335555,6.04890131284091,0.000217694924658373,-0.510667829519113,0.617069967466436,0.856578684637237,5,2,75,0.209114059183239,0.858731965229456,11,2.91405343529059,0,-16.19543,3251,0.6,0,6,"both",0.209114059183239,0.858731965229456
"815","session2",-4.74005577678934,12.1882440335555,6.04890131284091,0.000217694924658373,-0.510667829519113,0.617069967466436,0.856578684637237,5,2,75,0.209114059183239,0.858731965229456,11,3.61849195243799,1,-1.13543,3251,0.6,0,6,"both",0.209114059183239,0.858731965229456
"816","session2",-4.74005577678934,12.1882440335555,6.04890131284091,0.000217694924658373,-0.510667829519113,0.617069967466436,0.856578684637237,5,2,75,0.209114059183239,0.858731965229456,11,1.40036292175572,0,6.67788,3251,0.6,0,6,"both",0.209114059183239,0.858731965229456
"817","session2",-4.74005577678934,12.1882440335555,6.04890131284091,0.000217694924658373,-0.510667829519113,0.617069967466436,0.856578684637237,5,2,75,0.209114059183239,0.858731965229456,11,5.21257083132337,0,-0.93761,3251,0.6,0,6,"both",0.209114059183239,0.858731965229456
"818","session2",-4.74005577678934,12.1882440335555,6.04890131284091,0.000217694924658373,-0.510667829519113,0.617069967466436,0.856578684637237,5,2,75,0.209114059183239,0.858731965229456,11,2.45419797242637,0,-15.11032,3251,0.6,0,6,"both",0.209114059183239,0.858731965229456
"819","session2",-4.74005577678934,12.1882440335555,6.04890131284091,0.000217694924658373,-0.510667829519113,0.617069967466436,0.856578684637237,5,2,75,0.209114059183239,0.858731965229456,11,3.61327253946858,1,3.59181,3251,0.6,0,6,"both",0.209114059183239,0.858731965229456
"820","session2",-4.74005577678934,12.1882440335555,6.04890131284091,0.000217694924658373,-0.510667829519113,0.617069967466436,0.856578684637237,5,2,75,0.209114059183239,0.858731965229456,11,1.93303637175213,0,-17.64201,3251,0.6,0,6,"both",0.209114059183239,0.858731965229456
"821","session2",-4.74005577678934,12.1882440335555,6.04890131284091,0.000217694924658373,-0.510667829519113,0.617069967466436,0.856578684637237,5,2,75,0.209114059183239,0.858731965229456,11,4.87491651359634,0,-14.77628,3251,0.6,0,6,"both",0.209114059183239,0.858731965229456
"822","session2",-4.74005577678934,12.1882440335555,6.04890131284091,0.000217694924658373,-0.510667829519113,0.617069967466436,0.856578684637237,5,2,75,0.209114059183239,0.858731965229456,11,1.91391569501685,0,-18.1026,3251,0.6,0,6,"both",0.209114059183239,0.858731965229456
"823","session2",-4.74005577678934,12.1882440335555,6.04890131284091,0.000217694924658373,-0.510667829519113,0.617069967466436,0.856578684637237,5,2,75,0.209114059183239,0.858731965229456,11,6.11066329802235,1,1.14214,3251,0.6,0,6,"both",0.209114059183239,0.858731965229456
"824","session2",-4.74005577678934,12.1882440335555,6.04890131284091,0.000217694924658373,-0.510667829519113,0.617069967466436,0.856578684637237,5,2,75,0.209114059183239,0.858731965229456,11,2.15659497308434,1,2.55696,3251,0.6,0,6,"both",0.209114059183239,0.858731965229456
"825","session2",-4.74005577678934,12.1882440335555,6.04890131284091,0.000217694924658373,-0.510667829519113,0.617069967466436,0.856578684637237,5,2,75,0.209114059183239,0.858731965229456,11,3.40311473106087,0,-12.16039,3251,0.6,0,6,"both",0.209114059183239,0.858731965229456
"826","session2",2.85133533576525,10.6609403482364,1.51464031028596,0.00010546434952803,0.697770830226457,0.291193668725052,0.287006699908614,6,2,75,0.209114059183239,0.858731965229456,12,2.2960793847587,1,11.7272891042,3251,0.6,0,6,"both",0.209114059183239,0.858731965229456
"827","session2",2.85133533576525,10.6609403482364,1.51464031028596,0.00010546434952803,0.697770830226457,0.291193668725052,0.287006699908614,6,2,75,0.209114059183239,0.858731965229456,12,2.11500738626108,0,-4.6678030693,3251,0.6,0,6,"both",0.209114059183239,0.858731965229456
"828","session2",2.85133533576525,10.6609403482364,1.51464031028596,0.00010546434952803,0.697770830226457,0.291193668725052,0.287006699908614,6,2,75,0.209114059183239,0.858731965229456,12,4.59258307185127,0,3.84097811121,3251,0.6,0,6,"both",0.209114059183239,0.858731965229456
"829","session2",2.85133533576525,10.6609403482364,1.51464031028596,0.00010546434952803,0.697770830226457,0.291193668725052,0.287006699908614,6,2,75,0.209114059183239,0.858731965229456,12,3.23752650752319,0,7.9403589246,3251,0.6,0,6,"both",0.209114059183239,0.858731965229456
"830","session2",2.85133533576525,10.6609403482364,1.51464031028596,0.00010546434952803,0.697770830226457,0.291193668725052,0.287006699908614,6,2,75,0.209114059183239,0.858731965229456,12,2.11903711635213,0,6.2374,3251,0.6,0,6,"both",0.209114059183239,0.858731965229456
"831","session2",2.85133533576525,10.6609403482364,1.51464031028596,0.00010546434952803,0.697770830226457,0.291193668725052,0.287006699908614,6,2,75,0.209114059183239,0.858731965229456,12,3.81970903610962,1,14.85478,3251,0.6,0,6,"both",0.209114059183239,0.858731965229456
"832","session2",2.85133533576525,10.6609403482364,1.51464031028596,0.00010546434952803,0.697770830226457,0.291193668725052,0.287006699908614,6,2,75,0.209114059183239,0.858731965229456,12,2.27073485905609,1,21.27893,3251,0.6,0,6,"both",0.209114059183239,0.858731965229456
"833","session2",2.85133533576525,10.6609403482364,1.51464031028596,0.00010546434952803,0.697770830226457,0.291193668725052,0.287006699908614,6,2,75,0.209114059183239,0.858731965229456,12,2.68979635256328,1,9.50645,3251,0.6,0,6,"both",0.209114059183239,0.858731965229456
"834","session2",2.85133533576525,10.6609403482364,1.51464031028596,0.00010546434952803,0.697770830226457,0.291193668725052,0.287006699908614,6,2,75,0.209114059183239,0.858731965229456,12,1.81651279769108,1,12.00528,3251,0.6,0,6,"both",0.209114059183239,0.858731965229456
"835","session2",2.85133533576525,10.6609403482364,1.51464031028596,0.00010546434952803,0.697770830226457,0.291193668725052,0.287006699908614,6,2,75,0.209114059183239,0.858731965229456,12,4.74155437298789,1,10.72974,3251,0.6,0,6,"both",0.209114059183239,0.858731965229456
"836","session2",2.85133533576525,10.6609403482364,1.51464031028596,0.00010546434952803,0.697770830226457,0.291193668725052,0.287006699908614,6,2,75,0.209114059183239,0.858731965229456,12,2.51799846644501,1,-7.35156,3251,0.6,0,6,"both",0.209114059183239,0.858731965229456
"837","session2",2.85133533576525,10.6609403482364,1.51464031028596,0.00010546434952803,0.697770830226457,0.291193668725052,0.287006699908614,6,2,75,0.209114059183239,0.858731965229456,12,4.06884789331873,0,0.608099999999999,3251,0.6,0,6,"both",0.209114059183239,0.858731965229456
"838","session2",2.85133533576525,10.6609403482364,1.51464031028596,0.00010546434952803,0.697770830226457,0.291193668725052,0.287006699908614,6,2,75,0.209114059183239,0.858731965229456,12,3.58372505291812,0,11.58282,3251,0.6,0,6,"both",0.209114059183239,0.858731965229456
"839","session2",2.85133533576525,10.6609403482364,1.51464031028596,0.00010546434952803,0.697770830226457,0.291193668725052,0.287006699908614,6,2,75,0.209114059183239,0.858731965229456,12,1.96439708921445,1,49.9855,3251,0.6,0,6,"both",0.209114059183239,0.858731965229456
"840","session2",2.85133533576525,10.6609403482364,1.51464031028596,0.00010546434952803,0.697770830226457,0.291193668725052,0.287006699908614,6,2,75,0.209114059183239,0.858731965229456,12,2.59277753579878,1,10.66867,3251,0.6,0,6,"both",0.209114059183239,0.858731965229456
"841","session2",2.85133533576525,10.6609403482364,1.51464031028596,0.00010546434952803,0.697770830226457,0.291193668725052,0.287006699908614,6,2,75,0.209114059183239,0.858731965229456,12,1.93646809477956,1,16.02043,3251,0.6,0,6,"both",0.209114059183239,0.858731965229456
"842","session2",2.85133533576525,10.6609403482364,1.51464031028596,0.00010546434952803,0.697770830226457,0.291193668725052,0.287006699908614,6,2,75,0.209114059183239,0.858731965229456,12,4.07227419634038,1,8.85193,3251,0.6,0,6,"both",0.209114059183239,0.858731965229456
"843","session2",2.85133533576525,10.6609403482364,1.51464031028596,0.00010546434952803,0.697770830226457,0.291193668725052,0.287006699908614,6,2,75,0.209114059183239,0.858731965229456,12,3.54468920480091,1,7.57801,3251,0.6,0,6,"both",0.209114059183239,0.858731965229456
"844","session2",2.85133533576525,10.6609403482364,1.51464031028596,0.00010546434952803,0.697770830226457,0.291193668725052,0.287006699908614,6,2,75,0.209114059183239,0.858731965229456,12,2.00315583658746,1,7.04119,3251,0.6,0,6,"both",0.209114059183239,0.858731965229456
"845","session2",2.85133533576525,10.6609403482364,1.51464031028596,0.00010546434952803,0.697770830226457,0.291193668725052,0.287006699908614,6,2,75,0.209114059183239,0.858731965229456,12,3.51511304901653,0,-8.58085,3251,0.6,0,6,"both",0.209114059183239,0.858731965229456
"846","session2",2.85133533576525,10.6609403482364,1.51464031028596,0.00010546434952803,0.697770830226457,0.291193668725052,0.287006699908614,6,2,75,0.209114059183239,0.858731965229456,12,2.48718684984414,0,-12.70439,3251,0.6,0,6,"both",0.209114059183239,0.858731965229456
"847","session2",2.85133533576525,10.6609403482364,1.51464031028596,0.00010546434952803,0.697770830226457,0.291193668725052,0.287006699908614,6,2,75,0.209114059183239,0.858731965229456,12,4.20730620371746,1,13.57463,3251,0.6,0,6,"both",0.209114059183239,0.858731965229456
"848","session2",2.85133533576525,10.6609403482364,1.51464031028596,0.00010546434952803,0.697770830226457,0.291193668725052,0.287006699908614,6,2,75,0.209114059183239,0.858731965229456,12,3.01344862235107,1,8.52349,3251,0.6,0,6,"both",0.209114059183239,0.858731965229456
"849","session2",2.85133533576525,10.6609403482364,1.51464031028596,0.00010546434952803,0.697770830226457,0.291193668725052,0.287006699908614,6,2,75,0.209114059183239,0.858731965229456,12,3.60590993031675,1,11.35391,3251,0.6,0,6,"both",0.209114059183239,0.858731965229456
"850","session2",2.85133533576525,10.6609403482364,1.51464031028596,0.00010546434952803,0.697770830226457,0.291193668725052,0.287006699908614,6,2,75,0.209114059183239,0.858731965229456,12,2.27594224182728,1,14.77775,3251,0.6,0,6,"both",0.209114059183239,0.858731965229456
"851","session2",2.85133533576525,10.6609403482364,1.51464031028596,0.00010546434952803,0.697770830226457,0.291193668725052,0.287006699908614,6,2,75,0.209114059183239,0.858731965229456,12,2.5740593334044,1,9.22385,3251,0.6,0,6,"both",0.209114059183239,0.858731965229456
"852","session2",2.85133533576525,10.6609403482364,1.51464031028596,0.00010546434952803,0.697770830226457,0.291193668725052,0.287006699908614,6,2,75,0.209114059183239,0.858731965229456,12,4.22692456081908,1,5.37055,3251,0.6,0,6,"both",0.209114059183239,0.858731965229456
"853","session2",2.85133533576525,10.6609403482364,1.51464031028596,0.00010546434952803,0.697770830226457,0.291193668725052,0.287006699908614,6,2,75,0.209114059183239,0.858731965229456,12,1.79754227224583,0,0.59389,3251,0.6,0,6,"both",0.209114059183239,0.858731965229456
"854","session2",2.85133533576525,10.6609403482364,1.51464031028596,0.00010546434952803,0.697770830226457,0.291193668725052,0.287006699908614,6,2,75,0.209114059183239,0.858731965229456,12,4.95487663945013,1,6.48178,3251,0.6,0,6,"both",0.209114059183239,0.858731965229456
"855","session2",2.85133533576525,10.6609403482364,1.51464031028596,0.00010546434952803,0.697770830226457,0.291193668725052,0.287006699908614,6,2,75,0.209114059183239,0.858731965229456,12,1.70366675064472,1,13.56404,3251,0.6,0,6,"both",0.209114059183239,0.858731965229456
"856","session2",2.85133533576525,10.6609403482364,1.51464031028596,0.00010546434952803,0.697770830226457,0.291193668725052,0.287006699908614,6,2,75,0.209114059183239,0.858731965229456,12,2.80666174615103,0,3.97171,3251,0.6,0,6,"both",0.209114059183239,0.858731965229456
"857","session2",2.85133533576525,10.6609403482364,1.51464031028596,0.00010546434952803,0.697770830226457,0.291193668725052,0.287006699908614,6,2,75,0.209114059183239,0.858731965229456,12,3.19895456741883,1,9.94307,3251,0.6,0,6,"both",0.209114059183239,0.858731965229456
"858","session2",2.85133533576525,10.6609403482364,1.51464031028596,0.00010546434952803,0.697770830226457,0.291193668725052,0.287006699908614,6,2,75,0.209114059183239,0.858731965229456,12,3.01133042689986,0,3.11693,3251,0.6,0,6,"both",0.209114059183239,0.858731965229456
"859","session2",2.85133533576525,10.6609403482364,1.51464031028596,0.00010546434952803,0.697770830226457,0.291193668725052,0.287006699908614,6,2,75,0.209114059183239,0.858731965229456,12,2.42351556324611,1,5.11574,3251,0.6,0,6,"both",0.209114059183239,0.858731965229456
"860","session2",2.85133533576525,10.6609403482364,1.51464031028596,0.00010546434952803,0.697770830226457,0.291193668725052,0.287006699908614,6,2,75,0.209114059183239,0.858731965229456,12,2.59128473841451,0,3.96389,3251,0.6,0,6,"both",0.209114059183239,0.858731965229456
"861","session2",2.85133533576525,10.6609403482364,1.51464031028596,0.00010546434952803,0.697770830226457,0.291193668725052,0.287006699908614,6,2,75,0.209114059183239,0.858731965229456,12,2.09449148505328,0,4.06642,3251,0.6,0,6,"both",0.209114059183239,0.858731965229456
"862","session2",2.85133533576525,10.6609403482364,1.51464031028596,0.00010546434952803,0.697770830226457,0.291193668725052,0.287006699908614,6,2,75,0.209114059183239,0.858731965229456,12,2.22828280062251,1,6.7465,3251,0.6,0,6,"both",0.209114059183239,0.858731965229456
"863","session2",2.85133533576525,10.6609403482364,1.51464031028596,0.00010546434952803,0.697770830226457,0.291193668725052,0.287006699908614,6,2,75,0.209114059183239,0.858731965229456,12,3.33959030802346,1,7.74173,3251,0.6,0,6,"both",0.209114059183239,0.858731965229456
"864","session2",2.85133533576525,10.6609403482364,1.51464031028596,0.00010546434952803,0.697770830226457,0.291193668725052,0.287006699908614,6,2,75,0.209114059183239,0.858731965229456,12,3.53079014536163,1,6.19773,3251,0.6,0,6,"both",0.209114059183239,0.858731965229456
"865","session2",2.85133533576525,10.6609403482364,1.51464031028596,0.00010546434952803,0.697770830226457,0.291193668725052,0.287006699908614,6,2,75,0.209114059183239,0.858731965229456,12,3.38744885294805,1,4.53235,3251,0.6,0,6,"both",0.209114059183239,0.858731965229456
"866","session2",2.85133533576525,10.6609403482364,1.51464031028596,0.00010546434952803,0.697770830226457,0.291193668725052,0.287006699908614,6,2,75,0.209114059183239,0.858731965229456,12,4.07511867028016,0,3.15439,3251,0.6,0,6,"both",0.209114059183239,0.858731965229456
"867","session2",2.85133533576525,10.6609403482364,1.51464031028596,0.00010546434952803,0.697770830226457,0.291193668725052,0.287006699908614,6,2,75,0.209114059183239,0.858731965229456,12,2.75119381533875,1,7.47342,3251,0.6,0,6,"both",0.209114059183239,0.858731965229456
"868","session2",2.85133533576525,10.6609403482364,1.51464031028596,0.00010546434952803,0.697770830226457,0.291193668725052,0.287006699908614,6,2,75,0.209114059183239,0.858731965229456,12,3.29267318273773,0,7.12296,3251,0.6,0,6,"both",0.209114059183239,0.858731965229456
"869","session2",2.85133533576525,10.6609403482364,1.51464031028596,0.00010546434952803,0.697770830226457,0.291193668725052,0.287006699908614,6,2,75,0.209114059183239,0.858731965229456,12,2.55182307751768,0,1.96068,3251,0.6,0,6,"both",0.209114059183239,0.858731965229456
"870","session2",2.85133533576525,10.6609403482364,1.51464031028596,0.00010546434952803,0.697770830226457,0.291193668725052,0.287006699908614,6,2,75,0.209114059183239,0.858731965229456,12,2.32601607905781,1,6.44978,3251,0.6,0,6,"both",0.209114059183239,0.858731965229456
"871","session2",2.85133533576525,10.6609403482364,1.51464031028596,0.00010546434952803,0.697770830226457,0.291193668725052,0.287006699908614,6,2,75,0.209114059183239,0.858731965229456,12,3.14655938470687,0,5.88818,3251,0.6,0,6,"both",0.209114059183239,0.858731965229456
"872","session2",2.85133533576525,10.6609403482364,1.51464031028596,0.00010546434952803,0.697770830226457,0.291193668725052,0.287006699908614,6,2,75,0.209114059183239,0.858731965229456,12,3.78145709497611,0,5.14005,3251,0.6,0,6,"both",0.209114059183239,0.858731965229456
"873","session2",2.85133533576525,10.6609403482364,1.51464031028596,0.00010546434952803,0.697770830226457,0.291193668725052,0.287006699908614,6,2,75,0.209114059183239,0.858731965229456,12,2.99312264351554,1,4.09312,3251,0.6,0,6,"both",0.209114059183239,0.858731965229456
"874","session2",2.85133533576525,10.6609403482364,1.51464031028596,0.00010546434952803,0.697770830226457,0.291193668725052,0.287006699908614,6,2,75,0.209114059183239,0.858731965229456,12,2.41449477723109,0,7.59827,3251,0.6,0,6,"both",0.209114059183239,0.858731965229456
"875","session2",2.85133533576525,10.6609403482364,1.51464031028596,0.00010546434952803,0.697770830226457,0.291193668725052,0.287006699908614,6,2,75,0.209114059183239,0.858731965229456,12,3.21833945653204,1,3.3247,3251,0.6,0,6,"both",0.209114059183239,0.858731965229456
"876","session2",2.85133533576525,10.6609403482364,1.51464031028596,0.00010546434952803,0.697770830226457,0.291193668725052,0.287006699908614,6,2,75,0.209114059183239,0.858731965229456,12,3.52820739508551,1,3.89145,3251,0.6,0,6,"both",0.209114059183239,0.858731965229456
"877","session2",2.85133533576525,10.6609403482364,1.51464031028596,0.00010546434952803,0.697770830226457,0.291193668725052,0.287006699908614,6,2,75,0.209114059183239,0.858731965229456,12,3.15581281704488,0,-0.97415,3251,0.6,0,6,"both",0.209114059183239,0.858731965229456
"878","session2",2.85133533576525,10.6609403482364,1.51464031028596,0.00010546434952803,0.697770830226457,0.291193668725052,0.287006699908614,6,2,75,0.209114059183239,0.858731965229456,12,2.47024891470649,0,7.27739,3251,0.6,0,6,"both",0.209114059183239,0.858731965229456
"879","session2",2.85133533576525,10.6609403482364,1.51464031028596,0.00010546434952803,0.697770830226457,0.291193668725052,0.287006699908614,6,2,75,0.209114059183239,0.858731965229456,12,3.13668370023894,0,1.0558,3251,0.6,0,6,"both",0.209114059183239,0.858731965229456
"880","session2",2.85133533576525,10.6609403482364,1.51464031028596,0.00010546434952803,0.697770830226457,0.291193668725052,0.287006699908614,6,2,75,0.209114059183239,0.858731965229456,12,3.630222391217,1,6.86814,3251,0.6,0,6,"both",0.209114059183239,0.858731965229456
"881","session2",2.85133533576525,10.6609403482364,1.51464031028596,0.00010546434952803,0.697770830226457,0.291193668725052,0.287006699908614,6,2,75,0.209114059183239,0.858731965229456,12,3.63242835579482,0,11.02419,3251,0.6,0,6,"both",0.209114059183239,0.858731965229456
"882","session2",2.85133533576525,10.6609403482364,1.51464031028596,0.00010546434952803,0.697770830226457,0.291193668725052,0.287006699908614,6,2,75,0.209114059183239,0.858731965229456,12,2.75105920729672,1,-1.300522,3251,0.6,0,6,"both",0.209114059183239,0.858731965229456
"883","session2",2.85133533576525,10.6609403482364,1.51464031028596,0.00010546434952803,0.697770830226457,0.291193668725052,0.287006699908614,6,2,75,0.209114059183239,0.858731965229456,12,2.53760268372714,1,-9.54865,3251,0.6,0,6,"both",0.209114059183239,0.858731965229456
"884","session2",2.85133533576525,10.6609403482364,1.51464031028596,0.00010546434952803,0.697770830226457,0.291193668725052,0.287006699908614,6,2,75,0.209114059183239,0.858731965229456,12,3.28544215933109,1,6.56593,3251,0.6,0,6,"both",0.209114059183239,0.858731965229456
"885","session2",2.85133533576525,10.6609403482364,1.51464031028596,0.00010546434952803,0.697770830226457,0.291193668725052,0.287006699908614,6,2,75,0.209114059183239,0.858731965229456,12,5.05708792692178,0,-7.421,3251,0.6,0,6,"both",0.209114059183239,0.858731965229456
"886","session2",2.85133533576525,10.6609403482364,1.51464031028596,0.00010546434952803,0.697770830226457,0.291193668725052,0.287006699908614,6,2,75,0.209114059183239,0.858731965229456,12,4.15649563972841,1,6.67521,3251,0.6,0,6,"both",0.209114059183239,0.858731965229456
"887","session2",2.85133533576525,10.6609403482364,1.51464031028596,0.00010546434952803,0.697770830226457,0.291193668725052,0.287006699908614,6,2,75,0.209114059183239,0.858731965229456,12,4.01714141925926,0,7.76216,3251,0.6,0,6,"both",0.209114059183239,0.858731965229456
"888","session2",2.85133533576525,10.6609403482364,1.51464031028596,0.00010546434952803,0.697770830226457,0.291193668725052,0.287006699908614,6,2,75,0.209114059183239,0.858731965229456,12,2.97354426707574,1,10.81855,3251,0.6,0,6,"both",0.209114059183239,0.858731965229456
"889","session2",2.85133533576525,10.6609403482364,1.51464031028596,0.00010546434952803,0.697770830226457,0.291193668725052,0.287006699908614,6,2,75,0.209114059183239,0.858731965229456,12,1.90853825269282,1,17.06076,3251,0.6,0,6,"both",0.209114059183239,0.858731965229456
"890","session2",2.85133533576525,10.6609403482364,1.51464031028596,0.00010546434952803,0.697770830226457,0.291193668725052,0.287006699908614,6,2,75,0.209114059183239,0.858731965229456,12,3.17005426662464,1,4.39165,3251,0.6,0,6,"both",0.209114059183239,0.858731965229456
"891","session2",2.85133533576525,10.6609403482364,1.51464031028596,0.00010546434952803,0.697770830226457,0.291193668725052,0.287006699908614,6,2,75,0.209114059183239,0.858731965229456,12,2.51603554085367,1,15.10878,3251,0.6,0,6,"both",0.209114059183239,0.858731965229456
"892","session2",2.85133533576525,10.6609403482364,1.51464031028596,0.00010546434952803,0.697770830226457,0.291193668725052,0.287006699908614,6,2,75,0.209114059183239,0.858731965229456,12,2.7984955975896,1,9.14045,3251,0.6,0,6,"both",0.209114059183239,0.858731965229456
"893","session2",2.85133533576525,10.6609403482364,1.51464031028596,0.00010546434952803,0.697770830226457,0.291193668725052,0.287006699908614,6,2,75,0.209114059183239,0.858731965229456,12,2.34484678088026,0,-11.63372,3251,0.6,0,6,"both",0.209114059183239,0.858731965229456
"894","session2",2.85133533576525,10.6609403482364,1.51464031028596,0.00010546434952803,0.697770830226457,0.291193668725052,0.287006699908614,6,2,75,0.209114059183239,0.858731965229456,12,2.64918969532636,0,9.771277,3251,0.6,0,6,"both",0.209114059183239,0.858731965229456
"895","session2",2.85133533576525,10.6609403482364,1.51464031028596,0.00010546434952803,0.697770830226457,0.291193668725052,0.287006699908614,6,2,75,0.209114059183239,0.858731965229456,12,2.80872824353481,0,-9.09161,3251,0.6,0,6,"both",0.209114059183239,0.858731965229456
"896","session2",2.85133533576525,10.6609403482364,1.51464031028596,0.00010546434952803,0.697770830226457,0.291193668725052,0.287006699908614,6,2,75,0.209114059183239,0.858731965229456,12,2.24783381068744,0,2.07745,3251,0.6,0,6,"both",0.209114059183239,0.858731965229456
"897","session2",2.85133533576525,10.6609403482364,1.51464031028596,0.00010546434952803,0.697770830226457,0.291193668725052,0.287006699908614,6,2,75,0.209114059183239,0.858731965229456,12,3.46533088046883,1,28.58466,3251,0.6,0,6,"both",0.209114059183239,0.858731965229456
"898","session2",2.85133533576525,10.6609403482364,1.51464031028596,0.00010546434952803,0.697770830226457,0.291193668725052,0.287006699908614,6,2,75,0.209114059183239,0.858731965229456,12,3.63801307700937,1,7.18693,3251,0.6,0,6,"both",0.209114059183239,0.858731965229456
"899","session2",2.85133533576525,10.6609403482364,1.51464031028596,0.00010546434952803,0.697770830226457,0.291193668725052,0.287006699908614,6,2,75,0.209114059183239,0.858731965229456,12,3.29950539842985,0,3.102665,3251,0.6,0,6,"both",0.209114059183239,0.858731965229456
"900","session2",2.85133533576525,10.6609403482364,1.51464031028596,0.00010546434952803,0.697770830226457,0.291193668725052,0.287006699908614,6,2,75,0.209114059183239,0.858731965229456,12,3.01843210441166,1,-0.60489,3251,0.6,0,6,"both",0.209114059183239,0.858731965229456
