"","session","alpha","beta","betart","lapse","intercept","sigma","ndt","participant_id","sessions","trials","alpha_obs_power","beta_obs_power","n","rts","resp","X","iter","real_effectsize_alpha","real_effectsize_beta","subjects","parameter","observed_effectsize_alpha","observed_effectsize_beta"
"1","session1",7.95985473625805,13.7646594004693,1.91662229372076,0.00372330738009551,0.586936039426562,0.503600816938908,0.423887291621519,1,1,40,0.081518429801934,-1.06311622469601,1,2.30546443442985,1,8.1200911798,6697,0.8,0,5,"both",0.081518429801934,-1.06311622469601
"2","session1",7.95985473625805,13.7646594004693,1.91662229372076,0.00372330738009551,0.586936039426562,0.503600816938908,0.423887291621519,1,1,40,0.081518429801934,-1.06311622469601,1,2.41531260788639,0,-7.5367863792,6697,0.8,0,5,"both",0.081518429801934,-1.06311622469601
"3","session1",7.95985473625805,13.7646594004693,1.91662229372076,0.00372330738009551,0.586936039426562,0.503600816938908,0.423887291621519,1,1,40,0.081518429801934,-1.06311622469601,1,2.24629273348451,1,1.0523762935,6697,0.8,0,5,"both",0.081518429801934,-1.06311622469601
"4","session1",7.95985473625805,13.7646594004693,1.91662229372076,0.00372330738009551,0.586936039426562,0.503600816938908,0.423887291621519,1,1,40,0.081518429801934,-1.06311622469601,1,3.46041422733326,1,-4.37635914213,6697,0.8,0,5,"both",0.081518429801934,-1.06311622469601
"5","session1",7.95985473625805,13.7646594004693,1.91662229372076,0.00372330738009551,0.586936039426562,0.503600816938908,0.423887291621519,1,1,40,0.081518429801934,-1.06311622469601,1,3.6951429743617,1,-17.89092,6697,0.8,0,5,"both",0.081518429801934,-1.06311622469601
"6","session1",7.95985473625805,13.7646594004693,1.91662229372076,0.00372330738009551,0.586936039426562,0.503600816938908,0.423887291621519,1,1,40,0.081518429801934,-1.06311622469601,1,3.36323090549969,1,1.12008,6697,0.8,0,5,"both",0.081518429801934,-1.06311622469601
"7","session1",7.95985473625805,13.7646594004693,1.91662229372076,0.00372330738009551,0.586936039426562,0.503600816938908,0.423887291621519,1,1,40,0.081518429801934,-1.06311622469601,1,2.15345074892702,0,-42.62388,6697,0.8,0,5,"both",0.081518429801934,-1.06311622469601
"8","session1",7.95985473625805,13.7646594004693,1.91662229372076,0.00372330738009551,0.586936039426562,0.503600816938908,0.423887291621519,1,1,40,0.081518429801934,-1.06311622469601,1,2.25198567543708,0,-15.0190384959,6697,0.8,0,5,"both",0.081518429801934,-1.06311622469601
"9","session1",7.95985473625805,13.7646594004693,1.91662229372076,0.00372330738009551,0.586936039426562,0.503600816938908,0.423887291621519,1,1,40,0.081518429801934,-1.06311622469601,1,1.15514689311045,0,-28.95382,6697,0.8,0,5,"both",0.081518429801934,-1.06311622469601
"10","session1",7.95985473625805,13.7646594004693,1.91662229372076,0.00372330738009551,0.586936039426562,0.503600816938908,0.423887291621519,1,1,40,0.081518429801934,-1.06311622469601,1,2.27594307628509,0,-44.6038,6697,0.8,0,5,"both",0.081518429801934,-1.06311622469601
"11","session1",7.95985473625805,13.7646594004693,1.91662229372076,0.00372330738009551,0.586936039426562,0.503600816938908,0.423887291621519,1,1,40,0.081518429801934,-1.06311622469601,1,3.40102921296801,0,-9.14745,6697,0.8,0,5,"both",0.081518429801934,-1.06311622469601
"12","session1",7.95985473625805,13.7646594004693,1.91662229372076,0.00372330738009551,0.586936039426562,0.503600816938908,0.423887291621519,1,1,40,0.081518429801934,-1.06311622469601,1,1.23496782759046,0,-0.97538,6697,0.8,0,5,"both",0.081518429801934,-1.06311622469601
"13","session1",7.95985473625805,13.7646594004693,1.91662229372076,0.00372330738009551,0.586936039426562,0.503600816938908,0.423887291621519,1,1,40,0.081518429801934,-1.06311622469601,1,3.23241494096361,0,-23.919495,6697,0.8,0,5,"both",0.081518429801934,-1.06311622469601
"14","session1",7.95985473625805,13.7646594004693,1.91662229372076,0.00372330738009551,0.586936039426562,0.503600816938908,0.423887291621519,1,1,40,0.081518429801934,-1.06311622469601,1,1.40533506678273,0,-27.4673,6697,0.8,0,5,"both",0.081518429801934,-1.06311622469601
"15","session1",7.95985473625805,13.7646594004693,1.91662229372076,0.00372330738009551,0.586936039426562,0.503600816938908,0.423887291621519,1,1,40,0.081518429801934,-1.06311622469601,1,2.52831792911639,1,18.47609,6697,0.8,0,5,"both",0.081518429801934,-1.06311622469601
"16","session1",7.95985473625805,13.7646594004693,1.91662229372076,0.00372330738009551,0.586936039426562,0.503600816938908,0.423887291621519,1,1,40,0.081518429801934,-1.06311622469601,1,1.2860750113273,0,-5.86205,6697,0.8,0,5,"both",0.081518429801934,-1.06311622469601
"17","session1",7.95985473625805,13.7646594004693,1.91662229372076,0.00372330738009551,0.586936039426562,0.503600816938908,0.423887291621519,1,1,40,0.081518429801934,-1.06311622469601,1,2.91873160415978,1,5.63104,6697,0.8,0,5,"both",0.081518429801934,-1.06311622469601
"18","session1",7.95985473625805,13.7646594004693,1.91662229372076,0.00372330738009551,0.586936039426562,0.503600816938908,0.423887291621519,1,1,40,0.081518429801934,-1.06311622469601,1,1.60412997640645,1,9.62496,6697,0.8,0,5,"both",0.081518429801934,-1.06311622469601
"19","session1",7.95985473625805,13.7646594004693,1.91662229372076,0.00372330738009551,0.586936039426562,0.503600816938908,0.423887291621519,1,1,40,0.081518429801934,-1.06311622469601,1,5.73541745899744,1,2.8751,6697,0.8,0,5,"both",0.081518429801934,-1.06311622469601
"20","session1",7.95985473625805,13.7646594004693,1.91662229372076,0.00372330738009551,0.586936039426562,0.503600816938908,0.423887291621519,1,1,40,0.081518429801934,-1.06311622469601,1,2.08056301000116,0,-11.18305,6697,0.8,0,5,"both",0.081518429801934,-1.06311622469601
"21","session1",7.95985473625805,13.7646594004693,1.91662229372076,0.00372330738009551,0.586936039426562,0.503600816938908,0.423887291621519,1,1,40,0.081518429801934,-1.06311622469601,1,2.66590826126232,0,-1.33083,6697,0.8,0,5,"both",0.081518429801934,-1.06311622469601
"22","session1",7.95985473625805,13.7646594004693,1.91662229372076,0.00372330738009551,0.586936039426562,0.503600816938908,0.423887291621519,1,1,40,0.081518429801934,-1.06311622469601,1,1.48829892882495,0,-22.8408,6697,0.8,0,5,"both",0.081518429801934,-1.06311622469601
"23","session1",7.95985473625805,13.7646594004693,1.91662229372076,0.00372330738009551,0.586936039426562,0.503600816938908,0.423887291621519,1,1,40,0.081518429801934,-1.06311622469601,1,3.72158037943137,0,-11.854756,6697,0.8,0,5,"both",0.081518429801934,-1.06311622469601
"24","session1",7.95985473625805,13.7646594004693,1.91662229372076,0.00372330738009551,0.586936039426562,0.503600816938908,0.423887291621519,1,1,40,0.081518429801934,-1.06311622469601,1,3.23443244415633,0,3.14864,6697,0.8,0,5,"both",0.081518429801934,-1.06311622469601
"25","session1",7.95985473625805,13.7646594004693,1.91662229372076,0.00372330738009551,0.586936039426562,0.503600816938908,0.423887291621519,1,1,40,0.081518429801934,-1.06311622469601,1,1.50194392666308,1,19.02317,6697,0.8,0,5,"both",0.081518429801934,-1.06311622469601
"26","session1",7.95985473625805,13.7646594004693,1.91662229372076,0.00372330738009551,0.586936039426562,0.503600816938908,0.423887291621519,1,1,40,0.081518429801934,-1.06311622469601,1,3.22747610484321,0,-0.59026,6697,0.8,0,5,"both",0.081518429801934,-1.06311622469601
"27","session1",7.95985473625805,13.7646594004693,1.91662229372076,0.00372330738009551,0.586936039426562,0.503600816938908,0.423887291621519,1,1,40,0.081518429801934,-1.06311622469601,1,2.72664921636836,0,4.25861,6697,0.8,0,5,"both",0.081518429801934,-1.06311622469601
"28","session1",7.95985473625805,13.7646594004693,1.91662229372076,0.00372330738009551,0.586936039426562,0.503600816938908,0.423887291621519,1,1,40,0.081518429801934,-1.06311622469601,1,1.98514415320571,1,12.94822,6697,0.8,0,5,"both",0.081518429801934,-1.06311622469601
"29","session1",7.95985473625805,13.7646594004693,1.91662229372076,0.00372330738009551,0.586936039426562,0.503600816938908,0.423887291621519,1,1,40,0.081518429801934,-1.06311622469601,1,3.03666982961946,1,-8.90016,6697,0.8,0,5,"both",0.081518429801934,-1.06311622469601
"30","session1",7.95985473625805,13.7646594004693,1.91662229372076,0.00372330738009551,0.586936039426562,0.503600816938908,0.423887291621519,1,1,40,0.081518429801934,-1.06311622469601,1,4.68069578246505,0,-12.84456,6697,0.8,0,5,"both",0.081518429801934,-1.06311622469601
"31","session1",7.95985473625805,13.7646594004693,1.91662229372076,0.00372330738009551,0.586936039426562,0.503600816938908,0.423887291621519,1,1,40,0.081518429801934,-1.06311622469601,1,3.51507930731334,0,-18.70834,6697,0.8,0,5,"both",0.081518429801934,-1.06311622469601
"32","session1",7.95985473625805,13.7646594004693,1.91662229372076,0.00372330738009551,0.586936039426562,0.503600816938908,0.423887291621519,1,1,40,0.081518429801934,-1.06311622469601,1,6.4895302251798,0,-0.98152,6697,0.8,0,5,"both",0.081518429801934,-1.06311622469601
"33","session1",7.95985473625805,13.7646594004693,1.91662229372076,0.00372330738009551,0.586936039426562,0.503600816938908,0.423887291621519,1,1,40,0.081518429801934,-1.06311622469601,1,8,0,4.03517,6697,0.8,0,5,"both",0.081518429801934,-1.06311622469601
"34","session1",7.95985473625805,13.7646594004693,1.91662229372076,0.00372330738009551,0.586936039426562,0.503600816938908,0.423887291621519,1,1,40,0.081518429801934,-1.06311622469601,1,1.85979227573502,0,-4.36693,6697,0.8,0,5,"both",0.081518429801934,-1.06311622469601
"35","session1",7.95985473625805,13.7646594004693,1.91662229372076,0.00372330738009551,0.586936039426562,0.503600816938908,0.423887291621519,1,1,40,0.081518429801934,-1.06311622469601,1,1.83904169759418,0,-16.199,6697,0.8,0,5,"both",0.081518429801934,-1.06311622469601
"36","session1",7.95985473625805,13.7646594004693,1.91662229372076,0.00372330738009551,0.586936039426562,0.503600816938908,0.423887291621519,1,1,40,0.081518429801934,-1.06311622469601,1,1.55153880247282,1,-1.1303,6697,0.8,0,5,"both",0.081518429801934,-1.06311622469601
"37","session1",7.95985473625805,13.7646594004693,1.91662229372076,0.00372330738009551,0.586936039426562,0.503600816938908,0.423887291621519,1,1,40,0.081518429801934,-1.06311622469601,1,2.23020108669791,0,-15.74292,6697,0.8,0,5,"both",0.081518429801934,-1.06311622469601
"38","session1",7.95985473625805,13.7646594004693,1.91662229372076,0.00372330738009551,0.586936039426562,0.503600816938908,0.423887291621519,1,1,40,0.081518429801934,-1.06311622469601,1,2.83555052946518,0,-3.851178,6697,0.8,0,5,"both",0.081518429801934,-1.06311622469601
"39","session1",7.95985473625805,13.7646594004693,1.91662229372076,0.00372330738009551,0.586936039426562,0.503600816938908,0.423887291621519,1,1,40,0.081518429801934,-1.06311622469601,1,2.10394566471771,1,12.71194,6697,0.8,0,5,"both",0.081518429801934,-1.06311622469601
"40","session1",7.95985473625805,13.7646594004693,1.91662229372076,0.00372330738009551,0.586936039426562,0.503600816938908,0.423887291621519,1,1,40,0.081518429801934,-1.06311622469601,1,6.32764248819159,1,24.75703,6697,0.8,0,5,"both",0.081518429801934,-1.06311622469601
"41","session1",-12.4968263828628,6.97530895941968,1.21348135721365,0.00110777607286614,0.738854683117977,0.81274019661504,0.727143506657647,2,1,40,0.081518429801934,-1.06311622469601,2,2.53064753620639,1,-7.4897274079,6697,0.8,0,5,"both",0.081518429801934,-1.06311622469601
"42","session1",-12.4968263828628,6.97530895941968,1.21348135721365,0.00110777607286614,0.738854683117977,0.81274019661504,0.727143506657647,2,1,40,0.081518429801934,-1.06311622469601,2,6.20695421890888,0,-9.22423856976,6697,0.8,0,5,"both",0.081518429801934,-1.06311622469601
"43","session1",-12.4968263828628,6.97530895941968,1.21348135721365,0.00110777607286614,0.738854683117977,0.81274019661504,0.727143506657647,2,1,40,0.081518429801934,-1.06311622469601,2,3.79246203448686,1,-1.7002360518,6697,0.8,0,5,"both",0.081518429801934,-1.06311622469601
"44","session1",-12.4968263828628,6.97530895941968,1.21348135721365,0.00110777607286614,0.738854683117977,0.81274019661504,0.727143506657647,2,1,40,0.081518429801934,-1.06311622469601,2,3.55447195465479,0,-8.0626956305,6697,0.8,0,5,"both",0.081518429801934,-1.06311622469601
"45","session1",-12.4968263828628,6.97530895941968,1.21348135721365,0.00110777607286614,0.738854683117977,0.81274019661504,0.727143506657647,2,1,40,0.081518429801934,-1.06311622469601,2,2.7750584073412,1,7.37236,6697,0.8,0,5,"both",0.081518429801934,-1.06311622469601
"46","session1",-12.4968263828628,6.97530895941968,1.21348135721365,0.00110777607286614,0.738854683117977,0.81274019661504,0.727143506657647,2,1,40,0.081518429801934,-1.06311622469601,2,3.36879607697312,1,28.29086,6697,0.8,0,5,"both",0.081518429801934,-1.06311622469601
"47","session1",-12.4968263828628,6.97530895941968,1.21348135721365,0.00110777607286614,0.738854683117977,0.81274019661504,0.727143506657647,2,1,40,0.081518429801934,-1.06311622469601,2,8,0,-25.46202,6697,0.8,0,5,"both",0.081518429801934,-1.06311622469601
"48","session1",-12.4968263828628,6.97530895941968,1.21348135721365,0.00110777607286614,0.738854683117977,0.81274019661504,0.727143506657647,2,1,40,0.081518429801934,-1.06311622469601,2,4.78310878771851,1,12.08833,6697,0.8,0,5,"both",0.081518429801934,-1.06311622469601
"49","session1",-12.4968263828628,6.97530895941968,1.21348135721365,0.00110777607286614,0.738854683117977,0.81274019661504,0.727143506657647,2,1,40,0.081518429801934,-1.06311622469601,2,4.02849828414383,0,-27.29502,6697,0.8,0,5,"both",0.081518429801934,-1.06311622469601
"50","session1",-12.4968263828628,6.97530895941968,1.21348135721365,0.00110777607286614,0.738854683117977,0.81274019661504,0.727143506657647,2,1,40,0.081518429801934,-1.06311622469601,2,1.61844853285802,1,-0.79496,6697,0.8,0,5,"both",0.081518429801934,-1.06311622469601
"51","session1",-12.4968263828628,6.97530895941968,1.21348135721365,0.00110777607286614,0.738854683117977,0.81274019661504,0.727143506657647,2,1,40,0.081518429801934,-1.06311622469601,2,1.94775405435553,1,-2.84858,6697,0.8,0,5,"both",0.081518429801934,-1.06311622469601
"52","session1",-12.4968263828628,6.97530895941968,1.21348135721365,0.00110777607286614,0.738854683117977,0.81274019661504,0.727143506657647,2,1,40,0.081518429801934,-1.06311622469601,2,6.34971431197874,1,-10.09913,6697,0.8,0,5,"both",0.081518429801934,-1.06311622469601
"53","session1",-12.4968263828628,6.97530895941968,1.21348135721365,0.00110777607286614,0.738854683117977,0.81274019661504,0.727143506657647,2,1,40,0.081518429801934,-1.06311622469601,2,2.77923226736602,1,-2.13169,6697,0.8,0,5,"both",0.081518429801934,-1.06311622469601
"54","session1",-12.4968263828628,6.97530895941968,1.21348135721365,0.00110777607286614,0.738854683117977,0.81274019661504,0.727143506657647,2,1,40,0.081518429801934,-1.06311622469601,2,4.59263402615609,1,-8.42416,6697,0.8,0,5,"both",0.081518429801934,-1.06311622469601
"55","session1",-12.4968263828628,6.97530895941968,1.21348135721365,0.00110777607286614,0.738854683117977,0.81274019661504,0.727143506657647,2,1,40,0.081518429801934,-1.06311622469601,2,5.88137074116581,0,-13.94201,6697,0.8,0,5,"both",0.081518429801934,-1.06311622469601
"56","session1",-12.4968263828628,6.97530895941968,1.21348135721365,0.00110777607286614,0.738854683117977,0.81274019661504,0.727143506657647,2,1,40,0.081518429801934,-1.06311622469601,2,2.72736570803498,1,-4.65397,6697,0.8,0,5,"both",0.081518429801934,-1.06311622469601
"57","session1",-12.4968263828628,6.97530895941968,1.21348135721365,0.00110777607286614,0.738854683117977,0.81274019661504,0.727143506657647,2,1,40,0.081518429801934,-1.06311622469601,2,4.33262980336105,1,-11.41605,6697,0.8,0,5,"both",0.081518429801934,-1.06311622469601
"58","session1",-12.4968263828628,6.97530895941968,1.21348135721365,0.00110777607286614,0.738854683117977,0.81274019661504,0.727143506657647,2,1,40,0.081518429801934,-1.06311622469601,2,2.34711639483934,1,-10.39109,6697,0.8,0,5,"both",0.081518429801934,-1.06311622469601
"59","session1",-12.4968263828628,6.97530895941968,1.21348135721365,0.00110777607286614,0.738854683117977,0.81274019661504,0.727143506657647,2,1,40,0.081518429801934,-1.06311622469601,2,1.29185229788875,1,-8.06512,6697,0.8,0,5,"both",0.081518429801934,-1.06311622469601
"60","session1",-12.4968263828628,6.97530895941968,1.21348135721365,0.00110777607286614,0.738854683117977,0.81274019661504,0.727143506657647,2,1,40,0.081518429801934,-1.06311622469601,2,0.929655609807136,1,0.311400000000001,6697,0.8,0,5,"both",0.081518429801934,-1.06311622469601
"61","session1",-12.4968263828628,6.97530895941968,1.21348135721365,0.00110777607286614,0.738854683117977,0.81274019661504,0.727143506657647,2,1,40,0.081518429801934,-1.06311622469601,2,4.393513997684,0,-14.04963,6697,0.8,0,5,"both",0.081518429801934,-1.06311622469601
"62","session1",-12.4968263828628,6.97530895941968,1.21348135721365,0.00110777607286614,0.738854683117977,0.81274019661504,0.727143506657647,2,1,40,0.081518429801934,-1.06311622469601,2,3.86723616409681,1,-8.82016,6697,0.8,0,5,"both",0.081518429801934,-1.06311622469601
"63","session1",-12.4968263828628,6.97530895941968,1.21348135721365,0.00110777607286614,0.738854683117977,0.81274019661504,0.727143506657647,2,1,40,0.081518429801934,-1.06311622469601,2,4.41741447807879,1,-12.34916,6697,0.8,0,5,"both",0.081518429801934,-1.06311622469601
"64","session1",-12.4968263828628,6.97530895941968,1.21348135721365,0.00110777607286614,0.738854683117977,0.81274019661504,0.727143506657647,2,1,40,0.081518429801934,-1.06311622469601,2,6.58126122351069,0,-15.9106,6697,0.8,0,5,"both",0.081518429801934,-1.06311622469601
"65","session1",-12.4968263828628,6.97530895941968,1.21348135721365,0.00110777607286614,0.738854683117977,0.81274019661504,0.727143506657647,2,1,40,0.081518429801934,-1.06311622469601,2,2.93363735387403,1,-7.85208,6697,0.8,0,5,"both",0.081518429801934,-1.06311622469601
"66","session1",-12.4968263828628,6.97530895941968,1.21348135721365,0.00110777607286614,0.738854683117977,0.81274019661504,0.727143506657647,2,1,40,0.081518429801934,-1.06311622469601,2,3.53891374112078,1,-7.68099,6697,0.8,0,5,"both",0.081518429801934,-1.06311622469601
"67","session1",-12.4968263828628,6.97530895941968,1.21348135721365,0.00110777607286614,0.738854683117977,0.81274019661504,0.727143506657647,2,1,40,0.081518429801934,-1.06311622469601,2,1.90850357049826,1,-14.47894,6697,0.8,0,5,"both",0.081518429801934,-1.06311622469601
"68","session1",-12.4968263828628,6.97530895941968,1.21348135721365,0.00110777607286614,0.738854683117977,0.81274019661504,0.727143506657647,2,1,40,0.081518429801934,-1.06311622469601,2,2.48522922770322,1,-0.0518000000000001,6697,0.8,0,5,"both",0.081518429801934,-1.06311622469601
"69","session1",-12.4968263828628,6.97530895941968,1.21348135721365,0.00110777607286614,0.738854683117977,0.81274019661504,0.727143506657647,2,1,40,0.081518429801934,-1.06311622469601,2,3.26692830217308,0,-15.72736,6697,0.8,0,5,"both",0.081518429801934,-1.06311622469601
"70","session1",-12.4968263828628,6.97530895941968,1.21348135721365,0.00110777607286614,0.738854683117977,0.81274019661504,0.727143506657647,2,1,40,0.081518429801934,-1.06311622469601,2,1.30631451536337,0,-16.62362,6697,0.8,0,5,"both",0.081518429801934,-1.06311622469601
"71","session1",-12.4968263828628,6.97530895941968,1.21348135721365,0.00110777607286614,0.738854683117977,0.81274019661504,0.727143506657647,2,1,40,0.081518429801934,-1.06311622469601,2,2.62038365266646,1,-5.66541,6697,0.8,0,5,"both",0.081518429801934,-1.06311622469601
"72","session1",-12.4968263828628,6.97530895941968,1.21348135721365,0.00110777607286614,0.738854683117977,0.81274019661504,0.727143506657647,2,1,40,0.081518429801934,-1.06311622469601,2,1.46709433069555,0,-4.12808,6697,0.8,0,5,"both",0.081518429801934,-1.06311622469601
"73","session1",-12.4968263828628,6.97530895941968,1.21348135721365,0.00110777607286614,0.738854683117977,0.81274019661504,0.727143506657647,2,1,40,0.081518429801934,-1.06311622469601,2,3.53558369384236,0,-17.70736,6697,0.8,0,5,"both",0.081518429801934,-1.06311622469601
"74","session1",-12.4968263828628,6.97530895941968,1.21348135721365,0.00110777607286614,0.738854683117977,0.81274019661504,0.727143506657647,2,1,40,0.081518429801934,-1.06311622469601,2,5.61362850925105,0,-5.14939,6697,0.8,0,5,"both",0.081518429801934,-1.06311622469601
"75","session1",-12.4968263828628,6.97530895941968,1.21348135721365,0.00110777607286614,0.738854683117977,0.81274019661504,0.727143506657647,2,1,40,0.081518429801934,-1.06311622469601,2,7.4511615684873,1,-13.96802,6697,0.8,0,5,"both",0.081518429801934,-1.06311622469601
"76","session1",-12.4968263828628,6.97530895941968,1.21348135721365,0.00110777607286614,0.738854683117977,0.81274019661504,0.727143506657647,2,1,40,0.081518429801934,-1.06311622469601,2,1.8744229464401,0,-19.68396,6697,0.8,0,5,"both",0.081518429801934,-1.06311622469601
"77","session1",-12.4968263828628,6.97530895941968,1.21348135721365,0.00110777607286614,0.738854683117977,0.81274019661504,0.727143506657647,2,1,40,0.081518429801934,-1.06311622469601,2,7.19114337630224,1,0.71266,6697,0.8,0,5,"both",0.081518429801934,-1.06311622469601
"78","session1",-12.4968263828628,6.97530895941968,1.21348135721365,0.00110777607286614,0.738854683117977,0.81274019661504,0.727143506657647,2,1,40,0.081518429801934,-1.06311622469601,2,7.37920461020053,1,-9.50274,6697,0.8,0,5,"both",0.081518429801934,-1.06311622469601
"79","session1",-12.4968263828628,6.97530895941968,1.21348135721365,0.00110777607286614,0.738854683117977,0.81274019661504,0.727143506657647,2,1,40,0.081518429801934,-1.06311622469601,2,3.77444100411423,1,10.1974,6697,0.8,0,5,"both",0.081518429801934,-1.06311622469601
"80","session1",-12.4968263828628,6.97530895941968,1.21348135721365,0.00110777607286614,0.738854683117977,0.81274019661504,0.727143506657647,2,1,40,0.081518429801934,-1.06311622469601,2,3.84700463447947,0,-19.56456,6697,0.8,0,5,"both",0.081518429801934,-1.06311622469601
"81","session1",-1.5395238580344,11.6046065047367,1.58830708921535,0.000250493333598026,0.00329674039450989,0.647087419137997,0.700991410678909,3,1,40,0.081518429801934,-1.06311622469601,3,1.34155985683782,1,9.1482730423,6697,0.8,0,5,"both",0.081518429801934,-1.06311622469601
"82","session1",-1.5395238580344,11.6046065047367,1.58830708921535,0.000250493333598026,0.00329674039450989,0.647087419137997,0.700991410678909,3,1,40,0.081518429801934,-1.06311622469601,3,2.21192260564976,1,-6.0665839317,6697,0.8,0,5,"both",0.081518429801934,-1.06311622469601
"83","session1",-1.5395238580344,11.6046065047367,1.58830708921535,0.000250493333598026,0.00329674039450989,0.647087419137997,0.700991410678909,3,1,40,0.081518429801934,-1.06311622469601,3,1.9495751117008,0,-12.5628110686,6697,0.8,0,5,"both",0.081518429801934,-1.06311622469601
"84","session1",-1.5395238580344,11.6046065047367,1.58830708921535,0.000250493333598026,0.00329674039450989,0.647087419137997,0.700991410678909,3,1,40,0.081518429801934,-1.06311622469601,3,1.43883902858307,0,-8.03638409025,6697,0.8,0,5,"both",0.081518429801934,-1.06311622469601
"85","session1",-1.5395238580344,11.6046065047367,1.58830708921535,0.000250493333598026,0.00329674039450989,0.647087419137997,0.700991410678909,3,1,40,0.081518429801934,-1.06311622469601,3,2.0351575633392,1,-2.09617,6697,0.8,0,5,"both",0.081518429801934,-1.06311622469601
"86","session1",-1.5395238580344,11.6046065047367,1.58830708921535,0.000250493333598026,0.00329674039450989,0.647087419137997,0.700991410678909,3,1,40,0.081518429801934,-1.06311622469601,3,1.58691513792506,1,32.27244,6697,0.8,0,5,"both",0.081518429801934,-1.06311622469601
"87","session1",-1.5395238580344,11.6046065047367,1.58830708921535,0.000250493333598026,0.00329674039450989,0.647087419137997,0.700991410678909,3,1,40,0.081518429801934,-1.06311622469601,3,1.41696989006372,0,-13.39577,6697,0.8,0,5,"both",0.081518429801934,-1.06311622469601
"88","session1",-1.5395238580344,11.6046065047367,1.58830708921535,0.000250493333598026,0.00329674039450989,0.647087419137997,0.700991410678909,3,1,40,0.081518429801934,-1.06311622469601,3,1.43120734302963,0,-11.9777598,6697,0.8,0,5,"both",0.081518429801934,-1.06311622469601
"89","session1",-1.5395238580344,11.6046065047367,1.58830708921535,0.000250493333598026,0.00329674039450989,0.647087419137997,0.700991410678909,3,1,40,0.081518429801934,-1.06311622469601,3,1.42004102163482,0,-5.27353,6697,0.8,0,5,"both",0.081518429801934,-1.06311622469601
"90","session1",-1.5395238580344,11.6046065047367,1.58830708921535,0.000250493333598026,0.00329674039450989,0.647087419137997,0.700991410678909,3,1,40,0.081518429801934,-1.06311622469601,3,1.56216316940374,0,-17.44673,6697,0.8,0,5,"both",0.081518429801934,-1.06311622469601
"91","session1",-1.5395238580344,11.6046065047367,1.58830708921535,0.000250493333598026,0.00329674039450989,0.647087419137997,0.700991410678909,3,1,40,0.081518429801934,-1.06311622469601,3,3.84882975137752,0,1.10911,6697,0.8,0,5,"both",0.081518429801934,-1.06311622469601
"92","session1",-1.5395238580344,11.6046065047367,1.58830708921535,0.000250493333598026,0.00329674039450989,0.647087419137997,0.700991410678909,3,1,40,0.081518429801934,-1.06311622469601,3,1.2873683830729,1,-10.63626,6697,0.8,0,5,"both",0.081518429801934,-1.06311622469601
"93","session1",-1.5395238580344,11.6046065047367,1.58830708921535,0.000250493333598026,0.00329674039450989,0.647087419137997,0.700991410678909,3,1,40,0.081518429801934,-1.06311622469601,3,1.66281374083178,0,-13.33249,6697,0.8,0,5,"both",0.081518429801934,-1.06311622469601
"94","session1",-1.5395238580344,11.6046065047367,1.58830708921535,0.000250493333598026,0.00329674039450989,0.647087419137997,0.700991410678909,3,1,40,0.081518429801934,-1.06311622469601,3,1.28320635138183,0,-19.01788,6697,0.8,0,5,"both",0.081518429801934,-1.06311622469601
"95","session1",-1.5395238580344,11.6046065047367,1.58830708921535,0.000250493333598026,0.00329674039450989,0.647087419137997,0.700991410678909,3,1,40,0.081518429801934,-1.06311622469601,3,2.14031637361075,1,17.48741,6697,0.8,0,5,"both",0.081518429801934,-1.06311622469601
"96","session1",-1.5395238580344,11.6046065047367,1.58830708921535,0.000250493333598026,0.00329674039450989,0.647087419137997,0.700991410678909,3,1,40,0.081518429801934,-1.06311622469601,3,1.91386715477576,1,7.89048,6697,0.8,0,5,"both",0.081518429801934,-1.06311622469601
"97","session1",-1.5395238580344,11.6046065047367,1.58830708921535,0.000250493333598026,0.00329674039450989,0.647087419137997,0.700991410678909,3,1,40,0.081518429801934,-1.06311622469601,3,1.44230844855075,1,2.9004,6697,0.8,0,5,"both",0.081518429801934,-1.06311622469601
"98","session1",-1.5395238580344,11.6046065047367,1.58830708921535,0.000250493333598026,0.00329674039450989,0.647087419137997,0.700991410678909,3,1,40,0.081518429801934,-1.06311622469601,3,1.27101332706827,1,40.41396,6697,0.8,0,5,"both",0.081518429801934,-1.06311622469601
"99","session1",-1.5395238580344,11.6046065047367,1.58830708921535,0.000250493333598026,0.00329674039450989,0.647087419137997,0.700991410678909,3,1,40,0.081518429801934,-1.06311622469601,3,1.8713464036593,0,-6.86986,6697,0.8,0,5,"both",0.081518429801934,-1.06311622469601
"100","session1",-1.5395238580344,11.6046065047367,1.58830708921535,0.000250493333598026,0.00329674039450989,0.647087419137997,0.700991410678909,3,1,40,0.081518429801934,-1.06311622469601,3,3.03142052157848,0,-11.79065,6697,0.8,0,5,"both",0.081518429801934,-1.06311622469601
"101","session1",-1.5395238580344,11.6046065047367,1.58830708921535,0.000250493333598026,0.00329674039450989,0.647087419137997,0.700991410678909,3,1,40,0.081518429801934,-1.06311622469601,3,2.8894165054981,1,10.95725,6697,0.8,0,5,"both",0.081518429801934,-1.06311622469601
"102","session1",-1.5395238580344,11.6046065047367,1.58830708921535,0.000250493333598026,0.00329674039450989,0.647087419137997,0.700991410678909,3,1,40,0.081518429801934,-1.06311622469601,3,3.73744030421403,1,2.97089,6697,0.8,0,5,"both",0.081518429801934,-1.06311622469601
"103","session1",-1.5395238580344,11.6046065047367,1.58830708921535,0.000250493333598026,0.00329674039450989,0.647087419137997,0.700991410678909,3,1,40,0.081518429801934,-1.06311622469601,3,2.46482373664327,1,2.26733,6697,0.8,0,5,"both",0.081518429801934,-1.06311622469601
"104","session1",-1.5395238580344,11.6046065047367,1.58830708921535,0.000250493333598026,0.00329674039450989,0.647087419137997,0.700991410678909,3,1,40,0.081518429801934,-1.06311622469601,3,1.6910456681228,0,-7.67326,6697,0.8,0,5,"both",0.081518429801934,-1.06311622469601
"105","session1",-1.5395238580344,11.6046065047367,1.58830708921535,0.000250493333598026,0.00329674039450989,0.647087419137997,0.700991410678909,3,1,40,0.081518429801934,-1.06311622469601,3,4.38366348198209,0,-12.18439,6697,0.8,0,5,"both",0.081518429801934,-1.06311622469601
"106","session1",-1.5395238580344,11.6046065047367,1.58830708921535,0.000250493333598026,0.00329674039450989,0.647087419137997,0.700991410678909,3,1,40,0.081518429801934,-1.06311622469601,3,2.26649083557959,0,-17.17631,6697,0.8,0,5,"both",0.081518429801934,-1.06311622469601
"107","session1",-1.5395238580344,11.6046065047367,1.58830708921535,0.000250493333598026,0.00329674039450989,0.647087419137997,0.700991410678909,3,1,40,0.081518429801934,-1.06311622469601,3,3.15940686131512,0,1.96247,6697,0.8,0,5,"both",0.081518429801934,-1.06311622469601
"108","session1",-1.5395238580344,11.6046065047367,1.58830708921535,0.000250493333598026,0.00329674039450989,0.647087419137997,0.700991410678909,3,1,40,0.081518429801934,-1.06311622469601,3,2.04020680812457,1,9.21863,6697,0.8,0,5,"both",0.081518429801934,-1.06311622469601
"109","session1",-1.5395238580344,11.6046065047367,1.58830708921535,0.000250493333598026,0.00329674039450989,0.647087419137997,0.700991410678909,3,1,40,0.081518429801934,-1.06311622469601,3,3.03854465482247,1,-3.16249,6697,0.8,0,5,"both",0.081518429801934,-1.06311622469601
"110","session1",-1.5395238580344,11.6046065047367,1.58830708921535,0.000250493333598026,0.00329674039450989,0.647087419137997,0.700991410678909,3,1,40,0.081518429801934,-1.06311622469601,3,3.0577547344997,0,-5.47434,6697,0.8,0,5,"both",0.081518429801934,-1.06311622469601
"111","session1",-1.5395238580344,11.6046065047367,1.58830708921535,0.000250493333598026,0.00329674039450989,0.647087419137997,0.700991410678909,3,1,40,0.081518429801934,-1.06311622469601,3,1.70829604167114,1,-1.15366,6697,0.8,0,5,"both",0.081518429801934,-1.06311622469601
"112","session1",-1.5395238580344,11.6046065047367,1.58830708921535,0.000250493333598026,0.00329674039450989,0.647087419137997,0.700991410678909,3,1,40,0.081518429801934,-1.06311622469601,3,3.04687437319836,1,2.73211,6697,0.8,0,5,"both",0.081518429801934,-1.06311622469601
"113","session1",-1.5395238580344,11.6046065047367,1.58830708921535,0.000250493333598026,0.00329674039450989,0.647087419137997,0.700991410678909,3,1,40,0.081518429801934,-1.06311622469601,3,1.80975053877783,0,2.68464,6697,0.8,0,5,"both",0.081518429801934,-1.06311622469601
"114","session1",-1.5395238580344,11.6046065047367,1.58830708921535,0.000250493333598026,0.00329674039450989,0.647087419137997,0.700991410678909,3,1,40,0.081518429801934,-1.06311622469601,3,2.28160113083083,0,-2.999261,6697,0.8,0,5,"both",0.081518429801934,-1.06311622469601
"115","session1",-1.5395238580344,11.6046065047367,1.58830708921535,0.000250493333598026,0.00329674039450989,0.647087419137997,0.700991410678909,3,1,40,0.081518429801934,-1.06311622469601,3,5.25410981009847,1,8.64695,6697,0.8,0,5,"both",0.081518429801934,-1.06311622469601
"116","session1",-1.5395238580344,11.6046065047367,1.58830708921535,0.000250493333598026,0.00329674039450989,0.647087419137997,0.700991410678909,3,1,40,0.081518429801934,-1.06311622469601,3,4.2861069833029,1,9.0833,6697,0.8,0,5,"both",0.081518429801934,-1.06311622469601
"117","session1",-1.5395238580344,11.6046065047367,1.58830708921535,0.000250493333598026,0.00329674039450989,0.647087419137997,0.700991410678909,3,1,40,0.081518429801934,-1.06311622469601,3,3.75023268256547,0,3.43515,6697,0.8,0,5,"both",0.081518429801934,-1.06311622469601
"118","session1",-1.5395238580344,11.6046065047367,1.58830708921535,0.000250493333598026,0.00329674039450989,0.647087419137997,0.700991410678909,3,1,40,0.081518429801934,-1.06311622469601,3,2.18071082910225,1,10.29786,6697,0.8,0,5,"both",0.081518429801934,-1.06311622469601
"119","session1",-1.5395238580344,11.6046065047367,1.58830708921535,0.000250493333598026,0.00329674039450989,0.647087419137997,0.700991410678909,3,1,40,0.081518429801934,-1.06311622469601,3,2.44184366925334,0,-14.45829,6697,0.8,0,5,"both",0.081518429801934,-1.06311622469601
"120","session1",-1.5395238580344,11.6046065047367,1.58830708921535,0.000250493333598026,0.00329674039450989,0.647087419137997,0.700991410678909,3,1,40,0.081518429801934,-1.06311622469601,3,2.58230768385143,1,0.55644,6697,0.8,0,5,"both",0.081518429801934,-1.06311622469601
"121","session1",2.10137532269693,4.61914144656441,0.859618944993436,7.68249405863118e-05,0.566384527421471,0.514049909502717,0.725121008121559,4,1,40,0.081518429801934,-1.06311622469601,4,2.6723200077999,1,7.5819268744,6697,0.8,0,5,"both",0.081518429801934,-1.06311622469601
"122","session1",2.10137532269693,4.61914144656441,0.859618944993436,7.68249405863118e-05,0.566384527421471,0.514049909502717,0.725121008121559,4,1,40,0.081518429801934,-1.06311622469601,4,1.81854003356333,0,-5.2924123665,6697,0.8,0,5,"both",0.081518429801934,-1.06311622469601
"123","session1",2.10137532269693,4.61914144656441,0.859618944993436,7.68249405863118e-05,0.566384527421471,0.514049909502717,0.725121008121559,4,1,40,0.081518429801934,-1.06311622469601,4,3.6226672364374,1,1.01795999664,6697,0.8,0,5,"both",0.081518429801934,-1.06311622469601
"124","session1",2.10137532269693,4.61914144656441,0.859618944993436,7.68249405863118e-05,0.566384527421471,0.514049909502717,0.725121008121559,4,1,40,0.081518429801934,-1.06311622469601,4,2.27935099252576,0,-2.756518836,6697,0.8,0,5,"both",0.081518429801934,-1.06311622469601
"125","session1",2.10137532269693,4.61914144656441,0.859618944993436,7.68249405863118e-05,0.566384527421471,0.514049909502717,0.725121008121559,4,1,40,0.081518429801934,-1.06311622469601,4,1.50586370704481,0,-34.82994,6697,0.8,0,5,"both",0.081518429801934,-1.06311622469601
"126","session1",2.10137532269693,4.61914144656441,0.859618944993436,7.68249405863118e-05,0.566384527421471,0.514049909502717,0.725121008121559,4,1,40,0.081518429801934,-1.06311622469601,4,2.08589238764837,0,-2.5177379,6697,0.8,0,5,"both",0.081518429801934,-1.06311622469601
"127","session1",2.10137532269693,4.61914144656441,0.859618944993436,7.68249405863118e-05,0.566384527421471,0.514049909502717,0.725121008121559,4,1,40,0.081518429801934,-1.06311622469601,4,3.2142821446099,0,5.24821,6697,0.8,0,5,"both",0.081518429801934,-1.06311622469601
"128","session1",2.10137532269693,4.61914144656441,0.859618944993436,7.68249405863118e-05,0.566384527421471,0.514049909502717,0.725121008121559,4,1,40,0.081518429801934,-1.06311622469601,4,2.4280034698785,1,5.53657,6697,0.8,0,5,"both",0.081518429801934,-1.06311622469601
"129","session1",2.10137532269693,4.61914144656441,0.859618944993436,7.68249405863118e-05,0.566384527421471,0.514049909502717,0.725121008121559,4,1,40,0.081518429801934,-1.06311622469601,4,2.33144333965027,1,7.11459,6697,0.8,0,5,"both",0.081518429801934,-1.06311622469601
"130","session1",2.10137532269693,4.61914144656441,0.859618944993436,7.68249405863118e-05,0.566384527421471,0.514049909502717,0.725121008121559,4,1,40,0.081518429801934,-1.06311622469601,4,2.67246535078036,1,3.15766,6697,0.8,0,5,"both",0.081518429801934,-1.06311622469601
"131","session1",2.10137532269693,4.61914144656441,0.859618944993436,7.68249405863118e-05,0.566384527421471,0.514049909502717,0.725121008121559,4,1,40,0.081518429801934,-1.06311622469601,4,2.06009180792745,0,2.53802,6697,0.8,0,5,"both",0.081518429801934,-1.06311622469601
"132","session1",2.10137532269693,4.61914144656441,0.859618944993436,7.68249405863118e-05,0.566384527421471,0.514049909502717,0.725121008121559,4,1,40,0.081518429801934,-1.06311622469601,4,2.18960605102293,0,0.96989,6697,0.8,0,5,"both",0.081518429801934,-1.06311622469601
"133","session1",2.10137532269693,4.61914144656441,0.859618944993436,7.68249405863118e-05,0.566384527421471,0.514049909502717,0.725121008121559,4,1,40,0.081518429801934,-1.06311622469601,4,1.6774150926728,0,-2.227,6697,0.8,0,5,"both",0.081518429801934,-1.06311622469601
"134","session1",2.10137532269693,4.61914144656441,0.859618944993436,7.68249405863118e-05,0.566384527421471,0.514049909502717,0.725121008121559,4,1,40,0.081518429801934,-1.06311622469601,4,2.31518813892337,1,12.84928,6697,0.8,0,5,"both",0.081518429801934,-1.06311622469601
"135","session1",2.10137532269693,4.61914144656441,0.859618944993436,7.68249405863118e-05,0.566384527421471,0.514049909502717,0.725121008121559,4,1,40,0.081518429801934,-1.06311622469601,4,2.24566263066624,0,4.5407,6697,0.8,0,5,"both",0.081518429801934,-1.06311622469601
"136","session1",2.10137532269693,4.61914144656441,0.859618944993436,7.68249405863118e-05,0.566384527421471,0.514049909502717,0.725121008121559,4,1,40,0.081518429801934,-1.06311622469601,4,2.79877022663746,0,5.408439,6697,0.8,0,5,"both",0.081518429801934,-1.06311622469601
"137","session1",2.10137532269693,4.61914144656441,0.859618944993436,7.68249405863118e-05,0.566384527421471,0.514049909502717,0.725121008121559,4,1,40,0.081518429801934,-1.06311622469601,4,2.33774258458301,1,13.41867,6697,0.8,0,5,"both",0.081518429801934,-1.06311622469601
"138","session1",2.10137532269693,4.61914144656441,0.859618944993436,7.68249405863118e-05,0.566384527421471,0.514049909502717,0.725121008121559,4,1,40,0.081518429801934,-1.06311622469601,4,2.11182151257297,0,-4.11087,6697,0.8,0,5,"both",0.081518429801934,-1.06311622469601
"139","session1",2.10137532269693,4.61914144656441,0.859618944993436,7.68249405863118e-05,0.566384527421471,0.514049909502717,0.725121008121559,4,1,40,0.081518429801934,-1.06311622469601,4,4.84826699594124,1,16.81664,6697,0.8,0,5,"both",0.081518429801934,-1.06311622469601
"140","session1",2.10137532269693,4.61914144656441,0.859618944993436,7.68249405863118e-05,0.566384527421471,0.514049909502717,0.725121008121559,4,1,40,0.081518429801934,-1.06311622469601,4,3.06851247351696,1,7.95423,6697,0.8,0,5,"both",0.081518429801934,-1.06311622469601
"141","session1",2.10137532269693,4.61914144656441,0.859618944993436,7.68249405863118e-05,0.566384527421471,0.514049909502717,0.725121008121559,4,1,40,0.081518429801934,-1.06311622469601,4,2.42367429549354,1,5.05304,6697,0.8,0,5,"both",0.081518429801934,-1.06311622469601
"142","session1",2.10137532269693,4.61914144656441,0.859618944993436,7.68249405863118e-05,0.566384527421471,0.514049909502717,0.725121008121559,4,1,40,0.081518429801934,-1.06311622469601,4,2.14239644697693,0,1.46195,6697,0.8,0,5,"both",0.081518429801934,-1.06311622469601
"143","session1",2.10137532269693,4.61914144656441,0.859618944993436,7.68249405863118e-05,0.566384527421471,0.514049909502717,0.725121008121559,4,1,40,0.081518429801934,-1.06311622469601,4,2.00211648811298,1,9.47946,6697,0.8,0,5,"both",0.081518429801934,-1.06311622469601
"144","session1",2.10137532269693,4.61914144656441,0.859618944993436,7.68249405863118e-05,0.566384527421471,0.514049909502717,0.725121008121559,4,1,40,0.081518429801934,-1.06311622469601,4,3.9112378197586,1,2.32184,6697,0.8,0,5,"both",0.081518429801934,-1.06311622469601
"145","session1",2.10137532269693,4.61914144656441,0.859618944993436,7.68249405863118e-05,0.566384527421471,0.514049909502717,0.725121008121559,4,1,40,0.081518429801934,-1.06311622469601,4,2.6694097061782,1,1.03727,6697,0.8,0,5,"both",0.081518429801934,-1.06311622469601
"146","session1",2.10137532269693,4.61914144656441,0.859618944993436,7.68249405863118e-05,0.566384527421471,0.514049909502717,0.725121008121559,4,1,40,0.081518429801934,-1.06311622469601,4,1.40274416260502,1,8.28152,6697,0.8,0,5,"both",0.081518429801934,-1.06311622469601
"147","session1",2.10137532269693,4.61914144656441,0.859618944993436,7.68249405863118e-05,0.566384527421471,0.514049909502717,0.725121008121559,4,1,40,0.081518429801934,-1.06311622469601,4,2.74810412811766,0,0.285740000000001,6697,0.8,0,5,"both",0.081518429801934,-1.06311622469601
"148","session1",2.10137532269693,4.61914144656441,0.859618944993436,7.68249405863118e-05,0.566384527421471,0.514049909502717,0.725121008121559,4,1,40,0.081518429801934,-1.06311622469601,4,2.22970515980323,0,-1.21505,6697,0.8,0,5,"both",0.081518429801934,-1.06311622469601
"149","session1",2.10137532269693,4.61914144656441,0.859618944993436,7.68249405863118e-05,0.566384527421471,0.514049909502717,0.725121008121559,4,1,40,0.081518429801934,-1.06311622469601,4,1.21105979850158,0,-12.064653,6697,0.8,0,5,"both",0.081518429801934,-1.06311622469601
"150","session1",2.10137532269693,4.61914144656441,0.859618944993436,7.68249405863118e-05,0.566384527421471,0.514049909502717,0.725121008121559,4,1,40,0.081518429801934,-1.06311622469601,4,3.61892136167223,1,6.74745,6697,0.8,0,5,"both",0.081518429801934,-1.06311622469601
"151","session1",2.10137532269693,4.61914144656441,0.859618944993436,7.68249405863118e-05,0.566384527421471,0.514049909502717,0.725121008121559,4,1,40,0.081518429801934,-1.06311622469601,4,3.37079225026308,1,7.93509,6697,0.8,0,5,"both",0.081518429801934,-1.06311622469601
"152","session1",2.10137532269693,4.61914144656441,0.859618944993436,7.68249405863118e-05,0.566384527421471,0.514049909502717,0.725121008121559,4,1,40,0.081518429801934,-1.06311622469601,4,1.77133273337972,1,7.58329,6697,0.8,0,5,"both",0.081518429801934,-1.06311622469601
"153","session1",2.10137532269693,4.61914144656441,0.859618944993436,7.68249405863118e-05,0.566384527421471,0.514049909502717,0.725121008121559,4,1,40,0.081518429801934,-1.06311622469601,4,5.25620898726324,0,3.263572,6697,0.8,0,5,"both",0.081518429801934,-1.06311622469601
"154","session1",2.10137532269693,4.61914144656441,0.859618944993436,7.68249405863118e-05,0.566384527421471,0.514049909502717,0.725121008121559,4,1,40,0.081518429801934,-1.06311622469601,4,3.02789375349983,1,6.16514,6697,0.8,0,5,"both",0.081518429801934,-1.06311622469601
"155","session1",2.10137532269693,4.61914144656441,0.859618944993436,7.68249405863118e-05,0.566384527421471,0.514049909502717,0.725121008121559,4,1,40,0.081518429801934,-1.06311622469601,4,1.76227233034215,1,7.63825,6697,0.8,0,5,"both",0.081518429801934,-1.06311622469601
"156","session1",2.10137532269693,4.61914144656441,0.859618944993436,7.68249405863118e-05,0.566384527421471,0.514049909502717,0.725121008121559,4,1,40,0.081518429801934,-1.06311622469601,4,1.60265104262587,1,7.9011,6697,0.8,0,5,"both",0.081518429801934,-1.06311622469601
"157","session1",2.10137532269693,4.61914144656441,0.859618944993436,7.68249405863118e-05,0.566384527421471,0.514049909502717,0.725121008121559,4,1,40,0.081518429801934,-1.06311622469601,4,5.16124943876368,1,0.54896,6697,0.8,0,5,"both",0.081518429801934,-1.06311622469601
"158","session1",2.10137532269693,4.61914144656441,0.859618944993436,7.68249405863118e-05,0.566384527421471,0.514049909502717,0.725121008121559,4,1,40,0.081518429801934,-1.06311622469601,4,3.20108512643147,0,-2.31868,6697,0.8,0,5,"both",0.081518429801934,-1.06311622469601
"159","session1",2.10137532269693,4.61914144656441,0.859618944993436,7.68249405863118e-05,0.566384527421471,0.514049909502717,0.725121008121559,4,1,40,0.081518429801934,-1.06311622469601,4,1.8456760316288,1,-2.12572,6697,0.8,0,5,"both",0.081518429801934,-1.06311622469601
"160","session1",2.10137532269693,4.61914144656441,0.859618944993436,7.68249405863118e-05,0.566384527421471,0.514049909502717,0.725121008121559,4,1,40,0.081518429801934,-1.06311622469601,4,1.74838872954678,0,-5.425423,6697,0.8,0,5,"both",0.081518429801934,-1.06311622469601
"161","session1",-7.75429876613663,15.4506130427052,2.02288931589272,0.00402077861246058,0.726010830111554,0.291088238708003,0.146865241339386,5,1,40,0.081518429801934,-1.06311622469601,5,1.91188811457147,1,8.6394825919,6697,0.8,0,5,"both",0.081518429801934,-1.06311622469601
"162","session1",-7.75429876613663,15.4506130427052,2.02288931589272,0.00402077861246058,0.726010830111554,0.291088238708003,0.146865241339386,5,1,40,0.081518429801934,-1.06311622469601,5,4.77150064527509,0,-6.6674594148,6697,0.8,0,5,"both",0.081518429801934,-1.06311622469601
"163","session1",-7.75429876613663,15.4506130427052,2.02288931589272,0.00402077861246058,0.726010830111554,0.291088238708003,0.146865241339386,5,1,40,0.081518429801934,-1.06311622469601,5,3.19079132965675,1,1.7451036344,6697,0.8,0,5,"both",0.081518429801934,-1.06311622469601
"164","session1",-7.75429876613663,15.4506130427052,2.02288931589272,0.00402077861246058,0.726010830111554,0.291088238708003,0.146865241339386,5,1,40,0.081518429801934,-1.06311622469601,5,5.38709729499489,1,-2.8450931495,6697,0.8,0,5,"both",0.081518429801934,-1.06311622469601
"165","session1",-7.75429876613663,15.4506130427052,2.02288931589272,0.00402077861246058,0.726010830111554,0.291088238708003,0.146865241339386,5,1,40,0.081518429801934,-1.06311622469601,5,4.42037442325085,1,1.30362,6697,0.8,0,5,"both",0.081518429801934,-1.06311622469601
"166","session1",-7.75429876613663,15.4506130427052,2.02288931589272,0.00402077861246058,0.726010830111554,0.291088238708003,0.146865241339386,5,1,40,0.081518429801934,-1.06311622469601,5,3.96558529365977,0,-31.7835,6697,0.8,0,5,"both",0.081518429801934,-1.06311622469601
"167","session1",-7.75429876613663,15.4506130427052,2.02288931589272,0.00402077861246058,0.726010830111554,0.291088238708003,0.146865241339386,5,1,40,0.081518429801934,-1.06311622469601,5,3.5853857522453,1,-4.73444,6697,0.8,0,5,"both",0.081518429801934,-1.06311622469601
"168","session1",-7.75429876613663,15.4506130427052,2.02288931589272,0.00402077861246058,0.726010830111554,0.291088238708003,0.146865241339386,5,1,40,0.081518429801934,-1.06311622469601,5,3.35246194096411,0,-17.26592,6697,0.8,0,5,"both",0.081518429801934,-1.06311622469601
"169","session1",-7.75429876613663,15.4506130427052,2.02288931589272,0.00402077861246058,0.726010830111554,0.291088238708003,0.146865241339386,5,1,40,0.081518429801934,-1.06311622469601,5,2.12843861871596,0,-8.84534,6697,0.8,0,5,"both",0.081518429801934,-1.06311622469601
"170","session1",-7.75429876613663,15.4506130427052,2.02288931589272,0.00402077861246058,0.726010830111554,0.291088238708003,0.146865241339386,5,1,40,0.081518429801934,-1.06311622469601,5,2.4187379215487,1,2.32391,6697,0.8,0,5,"both",0.081518429801934,-1.06311622469601
"171","session1",-7.75429876613663,15.4506130427052,2.02288931589272,0.00402077861246058,0.726010830111554,0.291088238708003,0.146865241339386,5,1,40,0.081518429801934,-1.06311622469601,5,3.18235363849948,1,-13.9844,6697,0.8,0,5,"both",0.081518429801934,-1.06311622469601
"172","session1",-7.75429876613663,15.4506130427052,2.02288931589272,0.00402077861246058,0.726010830111554,0.291088238708003,0.146865241339386,5,1,40,0.081518429801934,-1.06311622469601,5,2.36312474656767,0,0.36311,6697,0.8,0,5,"both",0.081518429801934,-1.06311622469601
"173","session1",-7.75429876613663,15.4506130427052,2.02288931589272,0.00402077861246058,0.726010830111554,0.291088238708003,0.146865241339386,5,1,40,0.081518429801934,-1.06311622469601,5,2.35941601993109,0,-40.357531,6697,0.8,0,5,"both",0.081518429801934,-1.06311622469601
"174","session1",-7.75429876613663,15.4506130427052,2.02288931589272,0.00402077861246058,0.726010830111554,0.291088238708003,0.146865241339386,5,1,40,0.081518429801934,-1.06311622469601,5,3.25856952691985,0,-7.5302437636,6697,0.8,0,5,"both",0.081518429801934,-1.06311622469601
"175","session1",-7.75429876613663,15.4506130427052,2.02288931589272,0.00402077861246058,0.726010830111554,0.291088238708003,0.146865241339386,5,1,40,0.081518429801934,-1.06311622469601,5,2.99431277584161,1,-5.8706006993,6697,0.8,0,5,"both",0.081518429801934,-1.06311622469601
"176","session1",-7.75429876613663,15.4506130427052,2.02288931589272,0.00402077861246058,0.726010830111554,0.291088238708003,0.146865241339386,5,1,40,0.081518429801934,-1.06311622469601,5,2.31699870888304,0,-32.6989,6697,0.8,0,5,"both",0.081518429801934,-1.06311622469601
"177","session1",-7.75429876613663,15.4506130427052,2.02288931589272,0.00402077861246058,0.726010830111554,0.291088238708003,0.146865241339386,5,1,40,0.081518429801934,-1.06311622469601,5,4.73179752017884,0,-8.7182249341,6697,0.8,0,5,"both",0.081518429801934,-1.06311622469601
"178","session1",-7.75429876613663,15.4506130427052,2.02288931589272,0.00402077861246058,0.726010830111554,0.291088238708003,0.146865241339386,5,1,40,0.081518429801934,-1.06311622469601,5,2.91779260375246,0,-30.38208,6697,0.8,0,5,"both",0.081518429801934,-1.06311622469601
"179","session1",-7.75429876613663,15.4506130427052,2.02288931589272,0.00402077861246058,0.726010830111554,0.291088238708003,0.146865241339386,5,1,40,0.081518429801934,-1.06311622469601,5,4.21639369926377,1,-6.1387207341,6697,0.8,0,5,"both",0.081518429801934,-1.06311622469601
"180","session1",-7.75429876613663,15.4506130427052,2.02288931589272,0.00402077861246058,0.726010830111554,0.291088238708003,0.146865241339386,5,1,40,0.081518429801934,-1.06311622469601,5,2.08234327464137,0,-14.99066,6697,0.8,0,5,"both",0.081518429801934,-1.06311622469601
"181","session1",-7.75429876613663,15.4506130427052,2.02288931589272,0.00402077861246058,0.726010830111554,0.291088238708003,0.146865241339386,5,1,40,0.081518429801934,-1.06311622469601,5,2.6813054606856,1,-11.95892,6697,0.8,0,5,"both",0.081518429801934,-1.06311622469601
"182","session1",-7.75429876613663,15.4506130427052,2.02288931589272,0.00402077861246058,0.726010830111554,0.291088238708003,0.146865241339386,5,1,40,0.081518429801934,-1.06311622469601,5,4.3127865543719,1,1.8434,6697,0.8,0,5,"both",0.081518429801934,-1.06311622469601
"183","session1",-7.75429876613663,15.4506130427052,2.02288931589272,0.00402077861246058,0.726010830111554,0.291088238708003,0.146865241339386,5,1,40,0.081518429801934,-1.06311622469601,5,1.87478210389385,1,7.27188,6697,0.8,0,5,"both",0.081518429801934,-1.06311622469601
"184","session1",-7.75429876613663,15.4506130427052,2.02288931589272,0.00402077861246058,0.726010830111554,0.291088238708003,0.146865241339386,5,1,40,0.081518429801934,-1.06311622469601,5,3.36884712371549,0,-17.35847,6697,0.8,0,5,"both",0.081518429801934,-1.06311622469601
"185","session1",-7.75429876613663,15.4506130427052,2.02288931589272,0.00402077861246058,0.726010830111554,0.291088238708003,0.146865241339386,5,1,40,0.081518429801934,-1.06311622469601,5,3.01387146705346,1,9.4713,6697,0.8,0,5,"both",0.081518429801934,-1.06311622469601
"186","session1",-7.75429876613663,15.4506130427052,2.02288931589272,0.00402077861246058,0.726010830111554,0.291088238708003,0.146865241339386,5,1,40,0.081518429801934,-1.06311622469601,5,2.33789106946415,0,-16.3419,6697,0.8,0,5,"both",0.081518429801934,-1.06311622469601
"187","session1",-7.75429876613663,15.4506130427052,2.02288931589272,0.00402077861246058,0.726010830111554,0.291088238708003,0.146865241339386,5,1,40,0.081518429801934,-1.06311622469601,5,3.59079753971987,1,5.58808,6697,0.8,0,5,"both",0.081518429801934,-1.06311622469601
"188","session1",-7.75429876613663,15.4506130427052,2.02288931589272,0.00402077861246058,0.726010830111554,0.291088238708003,0.146865241339386,5,1,40,0.081518429801934,-1.06311622469601,5,2.04765586228174,1,2.73582,6697,0.8,0,5,"both",0.081518429801934,-1.06311622469601
"189","session1",-7.75429876613663,15.4506130427052,2.02288931589272,0.00402077861246058,0.726010830111554,0.291088238708003,0.146865241339386,5,1,40,0.081518429801934,-1.06311622469601,5,3.27872536473535,1,5.10998,6697,0.8,0,5,"both",0.081518429801934,-1.06311622469601
"190","session1",-7.75429876613663,15.4506130427052,2.02288931589272,0.00402077861246058,0.726010830111554,0.291088238708003,0.146865241339386,5,1,40,0.081518429801934,-1.06311622469601,5,3.14153206772422,0,-22.54585,6697,0.8,0,5,"both",0.081518429801934,-1.06311622469601
"191","session1",-7.75429876613663,15.4506130427052,2.02288931589272,0.00402077861246058,0.726010830111554,0.291088238708003,0.146865241339386,5,1,40,0.081518429801934,-1.06311622469601,5,4.51446439548476,1,-8.06271,6697,0.8,0,5,"both",0.081518429801934,-1.06311622469601
"192","session1",-7.75429876613663,15.4506130427052,2.02288931589272,0.00402077861246058,0.726010830111554,0.291088238708003,0.146865241339386,5,1,40,0.081518429801934,-1.06311622469601,5,3.53419315569879,0,-1.46448,6697,0.8,0,5,"both",0.081518429801934,-1.06311622469601
"193","session1",-7.75429876613663,15.4506130427052,2.02288931589272,0.00402077861246058,0.726010830111554,0.291088238708003,0.146865241339386,5,1,40,0.081518429801934,-1.06311622469601,5,3.81264052634048,1,2.14151,6697,0.8,0,5,"both",0.081518429801934,-1.06311622469601
"194","session1",-7.75429876613663,15.4506130427052,2.02288931589272,0.00402077861246058,0.726010830111554,0.291088238708003,0.146865241339386,5,1,40,0.081518429801934,-1.06311622469601,5,2.80372455205721,0,-2.52936,6697,0.8,0,5,"both",0.081518429801934,-1.06311622469601
"195","session1",-7.75429876613663,15.4506130427052,2.02288931589272,0.00402077861246058,0.726010830111554,0.291088238708003,0.146865241339386,5,1,40,0.081518429801934,-1.06311622469601,5,4.60632601687023,1,-2.56808,6697,0.8,0,5,"both",0.081518429801934,-1.06311622469601
"196","session1",-7.75429876613663,15.4506130427052,2.02288931589272,0.00402077861246058,0.726010830111554,0.291088238708003,0.146865241339386,5,1,40,0.081518429801934,-1.06311622469601,5,2.81278836721728,0,-25.43239,6697,0.8,0,5,"both",0.081518429801934,-1.06311622469601
"197","session1",-7.75429876613663,15.4506130427052,2.02288931589272,0.00402077861246058,0.726010830111554,0.291088238708003,0.146865241339386,5,1,40,0.081518429801934,-1.06311622469601,5,3.13181507740018,0,-7.66648,6697,0.8,0,5,"both",0.081518429801934,-1.06311622469601
"198","session1",-7.75429876613663,15.4506130427052,2.02288931589272,0.00402077861246058,0.726010830111554,0.291088238708003,0.146865241339386,5,1,40,0.081518429801934,-1.06311622469601,5,3.16030988712594,0,-20.65903,6697,0.8,0,5,"both",0.081518429801934,-1.06311622469601
"199","session1",-7.75429876613663,15.4506130427052,2.02288931589272,0.00402077861246058,0.726010830111554,0.291088238708003,0.146865241339386,5,1,40,0.081518429801934,-1.06311622469601,5,3.44174767079831,1,1.35332,6697,0.8,0,5,"both",0.081518429801934,-1.06311622469601
"200","session1",-7.75429876613663,15.4506130427052,2.02288931589272,0.00402077861246058,0.726010830111554,0.291088238708003,0.146865241339386,5,1,40,0.081518429801934,-1.06311622469601,5,2.47375590028945,1,8.67495,6697,0.8,0,5,"both",0.081518429801934,-1.06311622469601
"201","session2",13.1189618069204,27.189291596848,2.47234288921457,6.5211447507181e-05,0.130999617553525,0.412649060309551,0.479516456491646,1,2,40,0.081518429801934,-1.06311622469601,6,2.02419149327798,0,8.15353022444,6697,0.8,0,5,"both",0.081518429801934,-1.06311622469601
"202","session2",13.1189618069204,27.189291596848,2.47234288921457,6.5211447507181e-05,0.130999617553525,0.412649060309551,0.479516456491646,1,2,40,0.081518429801934,-1.06311622469601,6,2.08736652180026,1,10.920163039,6697,0.8,0,5,"both",0.081518429801934,-1.06311622469601
"203","session2",13.1189618069204,27.189291596848,2.47234288921457,6.5211447507181e-05,0.130999617553525,0.412649060309551,0.479516456491646,1,2,40,0.081518429801934,-1.06311622469601,6,2.868467992842,0,2.1933457178,6697,0.8,0,5,"both",0.081518429801934,-1.06311622469601
"204","session2",13.1189618069204,27.189291596848,2.47234288921457,6.5211447507181e-05,0.130999617553525,0.412649060309551,0.479516456491646,1,2,40,0.081518429801934,-1.06311622469601,6,3.6679865699898,1,10.463260495,6697,0.8,0,5,"both",0.081518429801934,-1.06311622469601
"205","session2",13.1189618069204,27.189291596848,2.47234288921457,6.5211447507181e-05,0.130999617553525,0.412649060309551,0.479516456491646,1,2,40,0.081518429801934,-1.06311622469601,6,2.60745134484535,1,7.8958,6697,0.8,0,5,"both",0.081518429801934,-1.06311622469601
"206","session2",13.1189618069204,27.189291596848,2.47234288921457,6.5211447507181e-05,0.130999617553525,0.412649060309551,0.479516456491646,1,2,40,0.081518429801934,-1.06311622469601,6,2.25474727971981,1,19.90828,6697,0.8,0,5,"both",0.081518429801934,-1.06311622469601
"207","session2",13.1189618069204,27.189291596848,2.47234288921457,6.5211447507181e-05,0.130999617553525,0.412649060309551,0.479516456491646,1,2,40,0.081518429801934,-1.06311622469601,6,2.37359722350862,0,-28.9681,6697,0.8,0,5,"both",0.081518429801934,-1.06311622469601
"208","session2",13.1189618069204,27.189291596848,2.47234288921457,6.5211447507181e-05,0.130999617553525,0.412649060309551,0.479516456491646,1,2,40,0.081518429801934,-1.06311622469601,6,1.97908123029805,1,1.36081,6697,0.8,0,5,"both",0.081518429801934,-1.06311622469601
"209","session2",13.1189618069204,27.189291596848,2.47234288921457,6.5211447507181e-05,0.130999617553525,0.412649060309551,0.479516456491646,1,2,40,0.081518429801934,-1.06311622469601,6,1.38633846491144,1,0.64603,6697,0.8,0,5,"both",0.081518429801934,-1.06311622469601
"210","session2",13.1189618069204,27.189291596848,2.47234288921457,6.5211447507181e-05,0.130999617553525,0.412649060309551,0.479516456491646,1,2,40,0.081518429801934,-1.06311622469601,6,2.86597099278264,0,-12.2076,6697,0.8,0,5,"both",0.081518429801934,-1.06311622469601
"211","session2",13.1189618069204,27.189291596848,2.47234288921457,6.5211447507181e-05,0.130999617553525,0.412649060309551,0.479516456491646,1,2,40,0.081518429801934,-1.06311622469601,6,2.08622975986471,0,-23.29733,6697,0.8,0,5,"both",0.081518429801934,-1.06311622469601
"212","session2",13.1189618069204,27.189291596848,2.47234288921457,6.5211447507181e-05,0.130999617553525,0.412649060309551,0.479516456491646,1,2,40,0.081518429801934,-1.06311622469601,6,1.59582832320473,0,-43.1254,6697,0.8,0,5,"both",0.081518429801934,-1.06311622469601
"213","session2",13.1189618069204,27.189291596848,2.47234288921457,6.5211447507181e-05,0.130999617553525,0.412649060309551,0.479516456491646,1,2,40,0.081518429801934,-1.06311622469601,6,1.93557025678621,0,9.82941,6697,0.8,0,5,"both",0.081518429801934,-1.06311622469601
"214","session2",13.1189618069204,27.189291596848,2.47234288921457,6.5211447507181e-05,0.130999617553525,0.412649060309551,0.479516456491646,1,2,40,0.081518429801934,-1.06311622469601,6,1.47447042170713,0,-31.29025,6697,0.8,0,5,"both",0.081518429801934,-1.06311622469601
"215","session2",13.1189618069204,27.189291596848,2.47234288921457,6.5211447507181e-05,0.130999617553525,0.412649060309551,0.479516456491646,1,2,40,0.081518429801934,-1.06311622469601,6,1.90253407138716,0,-24.0701836,6697,0.8,0,5,"both",0.081518429801934,-1.06311622469601
"216","session2",13.1189618069204,27.189291596848,2.47234288921457,6.5211447507181e-05,0.130999617553525,0.412649060309551,0.479516456491646,1,2,40,0.081518429801934,-1.06311622469601,6,2.57512462779607,0,-9.41812,6697,0.8,0,5,"both",0.081518429801934,-1.06311622469601
"217","session2",13.1189618069204,27.189291596848,2.47234288921457,6.5211447507181e-05,0.130999617553525,0.412649060309551,0.479516456491646,1,2,40,0.081518429801934,-1.06311622469601,6,1.55123647299711,0,-9.943143,6697,0.8,0,5,"both",0.081518429801934,-1.06311622469601
"218","session2",13.1189618069204,27.189291596848,2.47234288921457,6.5211447507181e-05,0.130999617553525,0.412649060309551,0.479516456491646,1,2,40,0.081518429801934,-1.06311622469601,6,1.32995767525341,0,8.8271,6697,0.8,0,5,"both",0.081518429801934,-1.06311622469601
"219","session2",13.1189618069204,27.189291596848,2.47234288921457,6.5211447507181e-05,0.130999617553525,0.412649060309551,0.479516456491646,1,2,40,0.081518429801934,-1.06311622469601,6,3.59660811507991,1,23.6381,6697,0.8,0,5,"both",0.081518429801934,-1.06311622469601
"220","session2",13.1189618069204,27.189291596848,2.47234288921457,6.5211447507181e-05,0.130999617553525,0.412649060309551,0.479516456491646,1,2,40,0.081518429801934,-1.06311622469601,6,3.68386201891271,0,-2.25624,6697,0.8,0,5,"both",0.081518429801934,-1.06311622469601
"221","session2",13.1189618069204,27.189291596848,2.47234288921457,6.5211447507181e-05,0.130999617553525,0.412649060309551,0.479516456491646,1,2,40,0.081518429801934,-1.06311622469601,6,1.65926863902613,0,-17.4335,6697,0.8,0,5,"both",0.081518429801934,-1.06311622469601
"222","session2",13.1189618069204,27.189291596848,2.47234288921457,6.5211447507181e-05,0.130999617553525,0.412649060309551,0.479516456491646,1,2,40,0.081518429801934,-1.06311622469601,6,4.05737546141603,1,16.84864,6697,0.8,0,5,"both",0.081518429801934,-1.06311622469601
"223","session2",13.1189618069204,27.189291596848,2.47234288921457,6.5211447507181e-05,0.130999617553525,0.412649060309551,0.479516456491646,1,2,40,0.081518429801934,-1.06311622469601,6,4.53024842862566,1,17.59942,6697,0.8,0,5,"both",0.081518429801934,-1.06311622469601
"224","session2",13.1189618069204,27.189291596848,2.47234288921457,6.5211447507181e-05,0.130999617553525,0.412649060309551,0.479516456491646,1,2,40,0.081518429801934,-1.06311622469601,6,2.1322848161126,0,-14.30159,6697,0.8,0,5,"both",0.081518429801934,-1.06311622469601
"225","session2",13.1189618069204,27.189291596848,2.47234288921457,6.5211447507181e-05,0.130999617553525,0.412649060309551,0.479516456491646,1,2,40,0.081518429801934,-1.06311622469601,6,4.54065525086615,0,-10.11367,6697,0.8,0,5,"both",0.081518429801934,-1.06311622469601
"226","session2",13.1189618069204,27.189291596848,2.47234288921457,6.5211447507181e-05,0.130999617553525,0.412649060309551,0.479516456491646,1,2,40,0.081518429801934,-1.06311622469601,6,2.94578573914636,0,-9.396,6697,0.8,0,5,"both",0.081518429801934,-1.06311622469601
"227","session2",13.1189618069204,27.189291596848,2.47234288921457,6.5211447507181e-05,0.130999617553525,0.412649060309551,0.479516456491646,1,2,40,0.081518429801934,-1.06311622469601,6,2.91166917382845,1,-6.93022,6697,0.8,0,5,"both",0.081518429801934,-1.06311622469601
"228","session2",13.1189618069204,27.189291596848,2.47234288921457,6.5211447507181e-05,0.130999617553525,0.412649060309551,0.479516456491646,1,2,40,0.081518429801934,-1.06311622469601,6,1.95394878807368,0,-13.041235,6697,0.8,0,5,"both",0.081518429801934,-1.06311622469601
"229","session2",13.1189618069204,27.189291596848,2.47234288921457,6.5211447507181e-05,0.130999617553525,0.412649060309551,0.479516456491646,1,2,40,0.081518429801934,-1.06311622469601,6,1.3595730014689,0,-11.12454,6697,0.8,0,5,"both",0.081518429801934,-1.06311622469601
"230","session2",13.1189618069204,27.189291596848,2.47234288921457,6.5211447507181e-05,0.130999617553525,0.412649060309551,0.479516456491646,1,2,40,0.081518429801934,-1.06311622469601,6,5.94973537296842,0,-18.681825,6697,0.8,0,5,"both",0.081518429801934,-1.06311622469601
"231","session2",13.1189618069204,27.189291596848,2.47234288921457,6.5211447507181e-05,0.130999617553525,0.412649060309551,0.479516456491646,1,2,40,0.081518429801934,-1.06311622469601,6,3.27653204163711,1,12.05778,6697,0.8,0,5,"both",0.081518429801934,-1.06311622469601
"232","session2",13.1189618069204,27.189291596848,2.47234288921457,6.5211447507181e-05,0.130999617553525,0.412649060309551,0.479516456491646,1,2,40,0.081518429801934,-1.06311622469601,6,1.69199789874702,0,-5.86263,6697,0.8,0,5,"both",0.081518429801934,-1.06311622469601
"233","session2",13.1189618069204,27.189291596848,2.47234288921457,6.5211447507181e-05,0.130999617553525,0.412649060309551,0.479516456491646,1,2,40,0.081518429801934,-1.06311622469601,6,2.07218432361516,1,-0.78547,6697,0.8,0,5,"both",0.081518429801934,-1.06311622469601
"234","session2",13.1189618069204,27.189291596848,2.47234288921457,6.5211447507181e-05,0.130999617553525,0.412649060309551,0.479516456491646,1,2,40,0.081518429801934,-1.06311622469601,6,1.56126093827485,0,-9.813393,6697,0.8,0,5,"both",0.081518429801934,-1.06311622469601
"235","session2",13.1189618069204,27.189291596848,2.47234288921457,6.5211447507181e-05,0.130999617553525,0.412649060309551,0.479516456491646,1,2,40,0.081518429801934,-1.06311622469601,6,1.62162382030937,1,-4.81757,6697,0.8,0,5,"both",0.081518429801934,-1.06311622469601
"236","session2",13.1189618069204,27.189291596848,2.47234288921457,6.5211447507181e-05,0.130999617553525,0.412649060309551,0.479516456491646,1,2,40,0.081518429801934,-1.06311622469601,6,2.50535474621053,0,20.44628,6697,0.8,0,5,"both",0.081518429801934,-1.06311622469601
"237","session2",13.1189618069204,27.189291596848,2.47234288921457,6.5211447507181e-05,0.130999617553525,0.412649060309551,0.479516456491646,1,2,40,0.081518429801934,-1.06311622469601,6,1.60872181061299,0,-11.23321,6697,0.8,0,5,"both",0.081518429801934,-1.06311622469601
"238","session2",13.1189618069204,27.189291596848,2.47234288921457,6.5211447507181e-05,0.130999617553525,0.412649060309551,0.479516456491646,1,2,40,0.081518429801934,-1.06311622469601,6,3.10986278862558,0,21.8555,6697,0.8,0,5,"both",0.081518429801934,-1.06311622469601
"239","session2",13.1189618069204,27.189291596848,2.47234288921457,6.5211447507181e-05,0.130999617553525,0.412649060309551,0.479516456491646,1,2,40,0.081518429801934,-1.06311622469601,6,3.23648215637458,0,-11.3038,6697,0.8,0,5,"both",0.081518429801934,-1.06311622469601
"240","session2",13.1189618069204,27.189291596848,2.47234288921457,6.5211447507181e-05,0.130999617553525,0.412649060309551,0.479516456491646,1,2,40,0.081518429801934,-1.06311622469601,6,1.74184205214398,0,-28.21168,6697,0.8,0,5,"both",0.081518429801934,-1.06311622469601
"241","session2",35.0473429515462,18.8598671244681,1.35711548071906,0.000143316970589375,0.725856829856237,0.455131166624647,0.296572379523411,2,2,40,0.081518429801934,-1.06311622469601,7,5.73334250966926,0,9.52527737625,6697,0.8,0,5,"both",0.081518429801934,-1.06311622469601
"242","session2",35.0473429515462,18.8598671244681,1.35711548071906,0.000143316970589375,0.725856829856237,0.455131166624647,0.296572379523411,2,2,40,0.081518429801934,-1.06311622469601,7,2.1223980577179,0,11.8219174489,6697,0.8,0,5,"both",0.081518429801934,-1.06311622469601
"243","session2",35.0473429515462,18.8598671244681,1.35711548071906,0.000143316970589375,0.725856829856237,0.455131166624647,0.296572379523411,2,2,40,0.081518429801934,-1.06311622469601,7,1.26468961096195,0,12.660121055,6697,0.8,0,5,"both",0.081518429801934,-1.06311622469601
"244","session2",35.0473429515462,18.8598671244681,1.35711548071906,0.000143316970589375,0.725856829856237,0.455131166624647,0.296572379523411,2,2,40,0.081518429801934,-1.06311622469601,7,3.77396722589072,0,23.597718371,6697,0.8,0,5,"both",0.081518429801934,-1.06311622469601
"245","session2",35.0473429515462,18.8598671244681,1.35711548071906,0.000143316970589375,0.725856829856237,0.455131166624647,0.296572379523411,2,2,40,0.081518429801934,-1.06311622469601,7,2.44680350252967,0,26.661923789,6697,0.8,0,5,"both",0.081518429801934,-1.06311622469601
"246","session2",35.0473429515462,18.8598671244681,1.35711548071906,0.000143316970589375,0.725856829856237,0.455131166624647,0.296572379523411,2,2,40,0.081518429801934,-1.06311622469601,7,4.1206458497134,0,23.15239,6697,0.8,0,5,"both",0.081518429801934,-1.06311622469601
"247","session2",35.0473429515462,18.8598671244681,1.35711548071906,0.000143316970589375,0.725856829856237,0.455131166624647,0.296572379523411,2,2,40,0.081518429801934,-1.06311622469601,7,3.45220167158057,1,44.48078,6697,0.8,0,5,"both",0.081518429801934,-1.06311622469601
"248","session2",35.0473429515462,18.8598671244681,1.35711548071906,0.000143316970589375,0.725856829856237,0.455131166624647,0.296572379523411,2,2,40,0.081518429801934,-1.06311622469601,7,5.32214119066799,1,38.06249,6697,0.8,0,5,"both",0.081518429801934,-1.06311622469601
"249","session2",35.0473429515462,18.8598671244681,1.35711548071906,0.000143316970589375,0.725856829856237,0.455131166624647,0.296572379523411,2,2,40,0.081518429801934,-1.06311622469601,7,3.11525207694316,1,17.55691,6697,0.8,0,5,"both",0.081518429801934,-1.06311622469601
"250","session2",35.0473429515462,18.8598671244681,1.35711548071906,0.000143316970589375,0.725856829856237,0.455131166624647,0.296572379523411,2,2,40,0.081518429801934,-1.06311622469601,7,2.11277312228654,1,40.78417,6697,0.8,0,5,"both",0.081518429801934,-1.06311622469601
"251","session2",35.0473429515462,18.8598671244681,1.35711548071906,0.000143316970589375,0.725856829856237,0.455131166624647,0.296572379523411,2,2,40,0.081518429801934,-1.06311622469601,7,3.7061926382477,0,10.6009,6697,0.8,0,5,"both",0.081518429801934,-1.06311622469601
"252","session2",35.0473429515462,18.8598671244681,1.35711548071906,0.000143316970589375,0.725856829856237,0.455131166624647,0.296572379523411,2,2,40,0.081518429801934,-1.06311622469601,7,4.64138777739588,0,24.26619,6697,0.8,0,5,"both",0.081518429801934,-1.06311622469601
"253","session2",35.0473429515462,18.8598671244681,1.35711548071906,0.000143316970589375,0.725856829856237,0.455131166624647,0.296572379523411,2,2,40,0.081518429801934,-1.06311622469601,7,5.1210645651105,1,36.09752,6697,0.8,0,5,"both",0.081518429801934,-1.06311622469601
"254","session2",35.0473429515462,18.8598671244681,1.35711548071906,0.000143316970589375,0.725856829856237,0.455131166624647,0.296572379523411,2,2,40,0.081518429801934,-1.06311622469601,7,6.80335105091489,1,28.25704,6697,0.8,0,5,"both",0.081518429801934,-1.06311622469601
"255","session2",35.0473429515462,18.8598671244681,1.35711548071906,0.000143316970589375,0.725856829856237,0.455131166624647,0.296572379523411,2,2,40,0.081518429801934,-1.06311622469601,7,2.23589651146392,1,19.5996,6697,0.8,0,5,"both",0.081518429801934,-1.06311622469601
"256","session2",35.0473429515462,18.8598671244681,1.35711548071906,0.000143316970589375,0.725856829856237,0.455131166624647,0.296572379523411,2,2,40,0.081518429801934,-1.06311622469601,7,3.79682682275834,0,26.5436,6697,0.8,0,5,"both",0.081518429801934,-1.06311622469601
"257","session2",35.0473429515462,18.8598671244681,1.35711548071906,0.000143316970589375,0.725856829856237,0.455131166624647,0.296572379523411,2,2,40,0.081518429801934,-1.06311622469601,7,2.04696074770238,1,18.60448,6697,0.8,0,5,"both",0.081518429801934,-1.06311622469601
"258","session2",35.0473429515462,18.8598671244681,1.35711548071906,0.000143316970589375,0.725856829856237,0.455131166624647,0.296572379523411,2,2,40,0.081518429801934,-1.06311622469601,7,3.20435445251896,1,36.5354,6697,0.8,0,5,"both",0.081518429801934,-1.06311622469601
"259","session2",35.0473429515462,18.8598671244681,1.35711548071906,0.000143316970589375,0.725856829856237,0.455131166624647,0.296572379523411,2,2,40,0.081518429801934,-1.06311622469601,7,4.46312274139444,0,23.37003,6697,0.8,0,5,"both",0.081518429801934,-1.06311622469601
"260","session2",35.0473429515462,18.8598671244681,1.35711548071906,0.000143316970589375,0.725856829856237,0.455131166624647,0.296572379523411,2,2,40,0.081518429801934,-1.06311622469601,7,2.20611355133699,0,5.2768,6697,0.8,0,5,"both",0.081518429801934,-1.06311622469601
"261","session2",35.0473429515462,18.8598671244681,1.35711548071906,0.000143316970589375,0.725856829856237,0.455131166624647,0.296572379523411,2,2,40,0.081518429801934,-1.06311622469601,7,2.8003829843397,1,40.7925,6697,0.8,0,5,"both",0.081518429801934,-1.06311622469601
"262","session2",35.0473429515462,18.8598671244681,1.35711548071906,0.000143316970589375,0.725856829856237,0.455131166624647,0.296572379523411,2,2,40,0.081518429801934,-1.06311622469601,7,2.36266910205393,1,32.6961,6697,0.8,0,5,"both",0.081518429801934,-1.06311622469601
"263","session2",35.0473429515462,18.8598671244681,1.35711548071906,0.000143316970589375,0.725856829856237,0.455131166624647,0.296572379523411,2,2,40,0.081518429801934,-1.06311622469601,7,4.68859753809482,1,19.4039,6697,0.8,0,5,"both",0.081518429801934,-1.06311622469601
"264","session2",35.0473429515462,18.8598671244681,1.35711548071906,0.000143316970589375,0.725856829856237,0.455131166624647,0.296572379523411,2,2,40,0.081518429801934,-1.06311622469601,7,3.16463491958661,0,10.0234,6697,0.8,0,5,"both",0.081518429801934,-1.06311622469601
"265","session2",35.0473429515462,18.8598671244681,1.35711548071906,0.000143316970589375,0.725856829856237,0.455131166624647,0.296572379523411,2,2,40,0.081518429801934,-1.06311622469601,7,3.53127950682337,1,33.1886,6697,0.8,0,5,"both",0.081518429801934,-1.06311622469601
"266","session2",35.0473429515462,18.8598671244681,1.35711548071906,0.000143316970589375,0.725856829856237,0.455131166624647,0.296572379523411,2,2,40,0.081518429801934,-1.06311622469601,7,1.9146327205789,0,23.2178928,6697,0.8,0,5,"both",0.081518429801934,-1.06311622469601
"267","session2",35.0473429515462,18.8598671244681,1.35711548071906,0.000143316970589375,0.725856829856237,0.455131166624647,0.296572379523411,2,2,40,0.081518429801934,-1.06311622469601,7,7.63151795529942,0,9.2317,6697,0.8,0,5,"both",0.081518429801934,-1.06311622469601
"268","session2",35.0473429515462,18.8598671244681,1.35711548071906,0.000143316970589375,0.725856829856237,0.455131166624647,0.296572379523411,2,2,40,0.081518429801934,-1.06311622469601,7,2.49830972587212,0,22.86984,6697,0.8,0,5,"both",0.081518429801934,-1.06311622469601
"269","session2",35.0473429515462,18.8598671244681,1.35711548071906,0.000143316970589375,0.725856829856237,0.455131166624647,0.296572379523411,2,2,40,0.081518429801934,-1.06311622469601,7,1.75071885002962,0,11.72236,6697,0.8,0,5,"both",0.081518429801934,-1.06311622469601
"270","session2",35.0473429515462,18.8598671244681,1.35711548071906,0.000143316970589375,0.725856829856237,0.455131166624647,0.296572379523411,2,2,40,0.081518429801934,-1.06311622469601,7,3.77989922005514,0,25.93296,6697,0.8,0,5,"both",0.081518429801934,-1.06311622469601
"271","session2",35.0473429515462,18.8598671244681,1.35711548071906,0.000143316970589375,0.725856829856237,0.455131166624647,0.296572379523411,2,2,40,0.081518429801934,-1.06311622469601,7,7.93125874062218,0,43.2822,6697,0.8,0,5,"both",0.081518429801934,-1.06311622469601
"272","session2",35.0473429515462,18.8598671244681,1.35711548071906,0.000143316970589375,0.725856829856237,0.455131166624647,0.296572379523411,2,2,40,0.081518429801934,-1.06311622469601,7,3.78583366922414,1,46.7917,6697,0.8,0,5,"both",0.081518429801934,-1.06311622469601
"273","session2",35.0473429515462,18.8598671244681,1.35711548071906,0.000143316970589375,0.725856829856237,0.455131166624647,0.296572379523411,2,2,40,0.081518429801934,-1.06311622469601,7,2.9479338651652,1,35.20208,6697,0.8,0,5,"both",0.081518429801934,-1.06311622469601
"274","session2",35.0473429515462,18.8598671244681,1.35711548071906,0.000143316970589375,0.725856829856237,0.455131166624647,0.296572379523411,2,2,40,0.081518429801934,-1.06311622469601,7,5.10200493963489,0,34.76467,6697,0.8,0,5,"both",0.081518429801934,-1.06311622469601
"275","session2",35.0473429515462,18.8598671244681,1.35711548071906,0.000143316970589375,0.725856829856237,0.455131166624647,0.296572379523411,2,2,40,0.081518429801934,-1.06311622469601,7,2.97746097807518,0,23.79329,6697,0.8,0,5,"both",0.081518429801934,-1.06311622469601
"276","session2",35.0473429515462,18.8598671244681,1.35711548071906,0.000143316970589375,0.725856829856237,0.455131166624647,0.296572379523411,2,2,40,0.081518429801934,-1.06311622469601,7,5.61785742271128,0,35.18368,6697,0.8,0,5,"both",0.081518429801934,-1.06311622469601
"277","session2",35.0473429515462,18.8598671244681,1.35711548071906,0.000143316970589375,0.725856829856237,0.455131166624647,0.296572379523411,2,2,40,0.081518429801934,-1.06311622469601,7,2.24396834400204,1,28.90254,6697,0.8,0,5,"both",0.081518429801934,-1.06311622469601
"278","session2",35.0473429515462,18.8598671244681,1.35711548071906,0.000143316970589375,0.725856829856237,0.455131166624647,0.296572379523411,2,2,40,0.081518429801934,-1.06311622469601,7,4.86802798474184,1,28.2933314,6697,0.8,0,5,"both",0.081518429801934,-1.06311622469601
"279","session2",35.0473429515462,18.8598671244681,1.35711548071906,0.000143316970589375,0.725856829856237,0.455131166624647,0.296572379523411,2,2,40,0.081518429801934,-1.06311622469601,7,2.38114390495653,0,4.8318,6697,0.8,0,5,"both",0.081518429801934,-1.06311622469601
"280","session2",35.0473429515462,18.8598671244681,1.35711548071906,0.000143316970589375,0.725856829856237,0.455131166624647,0.296572379523411,2,2,40,0.081518429801934,-1.06311622469601,7,2.87607238059003,0,17.74338,6697,0.8,0,5,"both",0.081518429801934,-1.06311622469601
"281","session2",0.00981647019471588,6.02410599531963,3.62811411917252,0.000298826794411947,-0.374547715586994,0.529042453281628,0.73784265095903,3,2,40,0.081518429801934,-1.06311622469601,8,1.21957365467311,1,8.1722653186,6697,0.8,0,5,"both",0.081518429801934,-1.06311622469601
"282","session2",0.00981647019471588,6.02410599531963,3.62811411917252,0.000298826794411947,-0.374547715586994,0.529042453281628,0.73784265095903,3,2,40,0.081518429801934,-1.06311622469601,8,2.07044696186324,0,-8.69088905242,6697,0.8,0,5,"both",0.081518429801934,-1.06311622469601
"283","session2",0.00981647019471588,6.02410599531963,3.62811411917252,0.000298826794411947,-0.374547715586994,0.529042453281628,0.73784265095903,3,2,40,0.081518429801934,-1.06311622469601,8,3.54261519315637,1,0.8122508486,6697,0.8,0,5,"both",0.081518429801934,-1.06311622469601
"284","session2",0.00981647019471588,6.02410599531963,3.62811411917252,0.000298826794411947,-0.374547715586994,0.529042453281628,0.73784265095903,3,2,40,0.081518429801934,-1.06311622469601,8,2.64171739540984,0,-3.63745871728,6697,0.8,0,5,"both",0.081518429801934,-1.06311622469601
"285","session2",0.00981647019471588,6.02410599531963,3.62811411917252,0.000298826794411947,-0.374547715586994,0.529042453281628,0.73784265095903,3,2,40,0.081518429801934,-1.06311622469601,8,1.15457179032768,1,14.39619,6697,0.8,0,5,"both",0.081518429801934,-1.06311622469601
"286","session2",0.00981647019471588,6.02410599531963,3.62811411917252,0.000298826794411947,-0.374547715586994,0.529042453281628,0.73784265095903,3,2,40,0.081518429801934,-1.06311622469601,8,1.19192368486706,1,22.30301,6697,0.8,0,5,"both",0.081518429801934,-1.06311622469601
"287","session2",0.00981647019471588,6.02410599531963,3.62811411917252,0.000298826794411947,-0.374547715586994,0.529042453281628,0.73784265095903,3,2,40,0.081518429801934,-1.06311622469601,8,2.91435886413329,1,3.37089,6697,0.8,0,5,"both",0.081518429801934,-1.06311622469601
"288","session2",0.00981647019471588,6.02410599531963,3.62811411917252,0.000298826794411947,-0.374547715586994,0.529042453281628,0.73784265095903,3,2,40,0.081518429801934,-1.06311622469601,8,4.71561127998283,0,-3.69141,6697,0.8,0,5,"both",0.081518429801934,-1.06311622469601
"289","session2",0.00981647019471588,6.02410599531963,3.62811411917252,0.000298826794411947,-0.374547715586994,0.529042453281628,0.73784265095903,3,2,40,0.081518429801934,-1.06311622469601,8,2.36930782371837,1,15.72557,6697,0.8,0,5,"both",0.081518429801934,-1.06311622469601
"290","session2",0.00981647019471588,6.02410599531963,3.62811411917252,0.000298826794411947,-0.374547715586994,0.529042453281628,0.73784265095903,3,2,40,0.081518429801934,-1.06311622469601,8,1.60524535480649,1,16.97369,6697,0.8,0,5,"both",0.081518429801934,-1.06311622469601
"291","session2",0.00981647019471588,6.02410599531963,3.62811411917252,0.000298826794411947,-0.374547715586994,0.529042453281628,0.73784265095903,3,2,40,0.081518429801934,-1.06311622469601,8,2.31913686091991,1,5.39221,6697,0.8,0,5,"both",0.081518429801934,-1.06311622469601
"292","session2",0.00981647019471588,6.02410599531963,3.62811411917252,0.000298826794411947,-0.374547715586994,0.529042453281628,0.73784265095903,3,2,40,0.081518429801934,-1.06311622469601,8,2.23084306708284,0,0.425781,6697,0.8,0,5,"both",0.081518429801934,-1.06311622469601
"293","session2",0.00981647019471588,6.02410599531963,3.62811411917252,0.000298826794411947,-0.374547715586994,0.529042453281628,0.73784265095903,3,2,40,0.081518429801934,-1.06311622469601,8,2.36849819569104,0,-5.54994,6697,0.8,0,5,"both",0.081518429801934,-1.06311622469601
"294","session2",0.00981647019471588,6.02410599531963,3.62811411917252,0.000298826794411947,-0.374547715586994,0.529042453281628,0.73784265095903,3,2,40,0.081518429801934,-1.06311622469601,8,1.61951077245946,0,-4.04613,6697,0.8,0,5,"both",0.081518429801934,-1.06311622469601
"295","session2",0.00981647019471588,6.02410599531963,3.62811411917252,0.000298826794411947,-0.374547715586994,0.529042453281628,0.73784265095903,3,2,40,0.081518429801934,-1.06311622469601,8,3.5475180526406,1,-2.300859,6697,0.8,0,5,"both",0.081518429801934,-1.06311622469601
"296","session2",0.00981647019471588,6.02410599531963,3.62811411917252,0.000298826794411947,-0.374547715586994,0.529042453281628,0.73784265095903,3,2,40,0.081518429801934,-1.06311622469601,8,2.8433270370087,0,-0.48947,6697,0.8,0,5,"both",0.081518429801934,-1.06311622469601
"297","session2",0.00981647019471588,6.02410599531963,3.62811411917252,0.000298826794411947,-0.374547715586994,0.529042453281628,0.73784265095903,3,2,40,0.081518429801934,-1.06311622469601,8,1.64854805604548,0,-1.996327,6697,0.8,0,5,"both",0.081518429801934,-1.06311622469601
"298","session2",0.00981647019471588,6.02410599531963,3.62811411917252,0.000298826794411947,-0.374547715586994,0.529042453281628,0.73784265095903,3,2,40,0.081518429801934,-1.06311622469601,8,1.88774318694501,0,1.863246,6697,0.8,0,5,"both",0.081518429801934,-1.06311622469601
"299","session2",0.00981647019471588,6.02410599531963,3.62811411917252,0.000298826794411947,-0.374547715586994,0.529042453281628,0.73784265095903,3,2,40,0.081518429801934,-1.06311622469601,8,1.36874344995673,0,-7.93361,6697,0.8,0,5,"both",0.081518429801934,-1.06311622469601
"300","session2",0.00981647019471588,6.02410599531963,3.62811411917252,0.000298826794411947,-0.374547715586994,0.529042453281628,0.73784265095903,3,2,40,0.081518429801934,-1.06311622469601,8,1.63701136051056,1,-2.85049,6697,0.8,0,5,"both",0.081518429801934,-1.06311622469601
"301","session2",0.00981647019471588,6.02410599531963,3.62811411917252,0.000298826794411947,-0.374547715586994,0.529042453281628,0.73784265095903,3,2,40,0.081518429801934,-1.06311622469601,8,2.41220673520962,1,0.813175,6697,0.8,0,5,"both",0.081518429801934,-1.06311622469601
"302","session2",0.00981647019471588,6.02410599531963,3.62811411917252,0.000298826794411947,-0.374547715586994,0.529042453281628,0.73784265095903,3,2,40,0.081518429801934,-1.06311622469601,8,5.81356449534915,1,-1.16305,6697,0.8,0,5,"both",0.081518429801934,-1.06311622469601
"303","session2",0.00981647019471588,6.02410599531963,3.62811411917252,0.000298826794411947,-0.374547715586994,0.529042453281628,0.73784265095903,3,2,40,0.081518429801934,-1.06311622469601,8,3.87886040181844,0,-2.004601,6697,0.8,0,5,"both",0.081518429801934,-1.06311622469601
"304","session2",0.00981647019471588,6.02410599531963,3.62811411917252,0.000298826794411947,-0.374547715586994,0.529042453281628,0.73784265095903,3,2,40,0.081518429801934,-1.06311622469601,8,1.83374280646183,0,-6.59004,6697,0.8,0,5,"both",0.081518429801934,-1.06311622469601
"305","session2",0.00981647019471588,6.02410599531963,3.62811411917252,0.000298826794411947,-0.374547715586994,0.529042453281628,0.73784265095903,3,2,40,0.081518429801934,-1.06311622469601,8,2.42412574894378,1,-2.47014,6697,0.8,0,5,"both",0.081518429801934,-1.06311622469601
"306","session2",0.00981647019471588,6.02410599531963,3.62811411917252,0.000298826794411947,-0.374547715586994,0.529042453281628,0.73784265095903,3,2,40,0.081518429801934,-1.06311622469601,8,1.10570079300885,1,18.91375,6697,0.8,0,5,"both",0.081518429801934,-1.06311622469601
"307","session2",0.00981647019471588,6.02410599531963,3.62811411917252,0.000298826794411947,-0.374547715586994,0.529042453281628,0.73784265095903,3,2,40,0.081518429801934,-1.06311622469601,8,1.59838575425445,1,5.37591,6697,0.8,0,5,"both",0.081518429801934,-1.06311622469601
"308","session2",0.00981647019471588,6.02410599531963,3.62811411917252,0.000298826794411947,-0.374547715586994,0.529042453281628,0.73784265095903,3,2,40,0.081518429801934,-1.06311622469601,8,2.33442519361689,1,3.52512,6697,0.8,0,5,"both",0.081518429801934,-1.06311622469601
"309","session2",0.00981647019471588,6.02410599531963,3.62811411917252,0.000298826794411947,-0.374547715586994,0.529042453281628,0.73784265095903,3,2,40,0.081518429801934,-1.06311622469601,8,1.30844091058497,0,-1.65438,6697,0.8,0,5,"both",0.081518429801934,-1.06311622469601
"310","session2",0.00981647019471588,6.02410599531963,3.62811411917252,0.000298826794411947,-0.374547715586994,0.529042453281628,0.73784265095903,3,2,40,0.081518429801934,-1.06311622469601,8,2.50557685953125,1,4.48152,6697,0.8,0,5,"both",0.081518429801934,-1.06311622469601
"311","session2",0.00981647019471588,6.02410599531963,3.62811411917252,0.000298826794411947,-0.374547715586994,0.529042453281628,0.73784265095903,3,2,40,0.081518429801934,-1.06311622469601,8,2.08651298511058,0,-5.64689,6697,0.8,0,5,"both",0.081518429801934,-1.06311622469601
"312","session2",0.00981647019471588,6.02410599531963,3.62811411917252,0.000298826794411947,-0.374547715586994,0.529042453281628,0.73784265095903,3,2,40,0.081518429801934,-1.06311622469601,8,1.49895798571213,0,-3.736546,6697,0.8,0,5,"both",0.081518429801934,-1.06311622469601
"313","session2",0.00981647019471588,6.02410599531963,3.62811411917252,0.000298826794411947,-0.374547715586994,0.529042453281628,0.73784265095903,3,2,40,0.081518429801934,-1.06311622469601,8,1.1103611649658,1,-3.727685,6697,0.8,0,5,"both",0.081518429801934,-1.06311622469601
"314","session2",0.00981647019471588,6.02410599531963,3.62811411917252,0.000298826794411947,-0.374547715586994,0.529042453281628,0.73784265095903,3,2,40,0.081518429801934,-1.06311622469601,8,1.55792534331658,0,-3.41723,6697,0.8,0,5,"both",0.081518429801934,-1.06311622469601
"315","session2",0.00981647019471588,6.02410599531963,3.62811411917252,0.000298826794411947,-0.374547715586994,0.529042453281628,0.73784265095903,3,2,40,0.081518429801934,-1.06311622469601,8,1.58458092318537,1,5.35071,6697,0.8,0,5,"both",0.081518429801934,-1.06311622469601
"316","session2",0.00981647019471588,6.02410599531963,3.62811411917252,0.000298826794411947,-0.374547715586994,0.529042453281628,0.73784265095903,3,2,40,0.081518429801934,-1.06311622469601,8,1.74485882617408,0,-6.880662,6697,0.8,0,5,"both",0.081518429801934,-1.06311622469601
"317","session2",0.00981647019471588,6.02410599531963,3.62811411917252,0.000298826794411947,-0.374547715586994,0.529042453281628,0.73784265095903,3,2,40,0.081518429801934,-1.06311622469601,8,1.48193451818121,0,5.145618,6697,0.8,0,5,"both",0.081518429801934,-1.06311622469601
"318","session2",0.00981647019471588,6.02410599531963,3.62811411917252,0.000298826794411947,-0.374547715586994,0.529042453281628,0.73784265095903,3,2,40,0.081518429801934,-1.06311622469601,8,1.78461707554932,1,9.076996,6697,0.8,0,5,"both",0.081518429801934,-1.06311622469601
"319","session2",0.00981647019471588,6.02410599531963,3.62811411917252,0.000298826794411947,-0.374547715586994,0.529042453281628,0.73784265095903,3,2,40,0.081518429801934,-1.06311622469601,8,2.26795094563297,1,5.42747,6697,0.8,0,5,"both",0.081518429801934,-1.06311622469601
"320","session2",0.00981647019471588,6.02410599531963,3.62811411917252,0.000298826794411947,-0.374547715586994,0.529042453281628,0.73784265095903,3,2,40,0.081518429801934,-1.06311622469601,8,1.42280460465358,1,4.415579,6697,0.8,0,5,"both",0.081518429801934,-1.06311622469601
"321","session2",-12.1267831443752,16.351413383411,2.43449506946132,0.00102062972493879,0.302032000841515,0.40245923028341,0.43507997859715,4,2,40,0.081518429801934,-1.06311622469601,9,1.41666321992252,1,8.5774478142,6697,0.8,0,5,"both",0.081518429801934,-1.06311622469601
"322","session2",-12.1267831443752,16.351413383411,2.43449506946132,0.00102062972493879,0.302032000841515,0.40245923028341,0.43507997859715,4,2,40,0.081518429801934,-1.06311622469601,9,3.55513337666621,1,-5.3328494319,6697,0.8,0,5,"both",0.081518429801934,-1.06311622469601
"323","session2",-12.1267831443752,16.351413383411,2.43449506946132,0.00102062972493879,0.302032000841515,0.40245923028341,0.43507997859715,4,2,40,0.081518429801934,-1.06311622469601,9,4.97090573899778,1,-12.0809176607,6697,0.8,0,5,"both",0.081518429801934,-1.06311622469601
"324","session2",-12.1267831443752,16.351413383411,2.43449506946132,0.00102062972493879,0.302032000841515,0.40245923028341,0.43507997859715,4,2,40,0.081518429801934,-1.06311622469601,9,4.40281011384967,0,-21.228383712,6697,0.8,0,5,"both",0.081518429801934,-1.06311622469601
"325","session2",-12.1267831443752,16.351413383411,2.43449506946132,0.00102062972493879,0.302032000841515,0.40245923028341,0.43507997859715,4,2,40,0.081518429801934,-1.06311622469601,9,2.45019578594715,0,-22.04729,6697,0.8,0,5,"both",0.081518429801934,-1.06311622469601
"326","session2",-12.1267831443752,16.351413383411,2.43449506946132,0.00102062972493879,0.302032000841515,0.40245923028341,0.43507997859715,4,2,40,0.081518429801934,-1.06311622469601,9,2.31629515867689,1,-5.54562,6697,0.8,0,5,"both",0.081518429801934,-1.06311622469601
"327","session2",-12.1267831443752,16.351413383411,2.43449506946132,0.00102062972493879,0.302032000841515,0.40245923028341,0.43507997859715,4,2,40,0.081518429801934,-1.06311622469601,9,2.99979361831872,0,-8.03544,6697,0.8,0,5,"both",0.081518429801934,-1.06311622469601
"328","session2",-12.1267831443752,16.351413383411,2.43449506946132,0.00102062972493879,0.302032000841515,0.40245923028341,0.43507997859715,4,2,40,0.081518429801934,-1.06311622469601,9,2.0214934405107,0,-39.4715,6697,0.8,0,5,"both",0.081518429801934,-1.06311622469601
"329","session2",-12.1267831443752,16.351413383411,2.43449506946132,0.00102062972493879,0.302032000841515,0.40245923028341,0.43507997859715,4,2,40,0.081518429801934,-1.06311622469601,9,4.7037564024687,0,-10.9443051605,6697,0.8,0,5,"both",0.081518429801934,-1.06311622469601
"330","session2",-12.1267831443752,16.351413383411,2.43449506946132,0.00102062972493879,0.302032000841515,0.40245923028341,0.43507997859715,4,2,40,0.081518429801934,-1.06311622469601,9,3.00301191434789,1,-9.3796306714,6697,0.8,0,5,"both",0.081518429801934,-1.06311622469601
"331","session2",-12.1267831443752,16.351413383411,2.43449506946132,0.00102062972493879,0.302032000841515,0.40245923028341,0.43507997859715,4,2,40,0.081518429801934,-1.06311622469601,9,3.06427117400843,1,-11.63248760244,6697,0.8,0,5,"both",0.081518429801934,-1.06311622469601
"332","session2",-12.1267831443752,16.351413383411,2.43449506946132,0.00102062972493879,0.302032000841515,0.40245923028341,0.43507997859715,4,2,40,0.081518429801934,-1.06311622469601,9,2.74864540672416,1,-12.83867741,6697,0.8,0,5,"both",0.081518429801934,-1.06311622469601
"333","session2",-12.1267831443752,16.351413383411,2.43449506946132,0.00102062972493879,0.302032000841515,0.40245923028341,0.43507997859715,4,2,40,0.081518429801934,-1.06311622469601,9,1.40488313131322,0,-15.483401602,6697,0.8,0,5,"both",0.081518429801934,-1.06311622469601
"334","session2",-12.1267831443752,16.351413383411,2.43449506946132,0.00102062972493879,0.302032000841515,0.40245923028341,0.43507997859715,4,2,40,0.081518429801934,-1.06311622469601,9,1.95870369633775,1,-2.33887,6697,0.8,0,5,"both",0.081518429801934,-1.06311622469601
"335","session2",-12.1267831443752,16.351413383411,2.43449506946132,0.00102062972493879,0.302032000841515,0.40245923028341,0.43507997859715,4,2,40,0.081518429801934,-1.06311622469601,9,4.78427988786119,0,-9.47849,6697,0.8,0,5,"both",0.081518429801934,-1.06311622469601
"336","session2",-12.1267831443752,16.351413383411,2.43449506946132,0.00102062972493879,0.302032000841515,0.40245923028341,0.43507997859715,4,2,40,0.081518429801934,-1.06311622469601,9,2.89995585493158,0,-8.37885,6697,0.8,0,5,"both",0.081518429801934,-1.06311622469601
"337","session2",-12.1267831443752,16.351413383411,2.43449506946132,0.00102062972493879,0.302032000841515,0.40245923028341,0.43507997859715,4,2,40,0.081518429801934,-1.06311622469601,9,1.03635567377666,1,-0.219799999999999,6697,0.8,0,5,"both",0.081518429801934,-1.06311622469601
"338","session2",-12.1267831443752,16.351413383411,2.43449506946132,0.00102062972493879,0.302032000841515,0.40245923028341,0.43507997859715,4,2,40,0.081518429801934,-1.06311622469601,9,1.65900620222907,1,-1.5255,6697,0.8,0,5,"both",0.081518429801934,-1.06311622469601
"339","session2",-12.1267831443752,16.351413383411,2.43449506946132,0.00102062972493879,0.302032000841515,0.40245923028341,0.43507997859715,4,2,40,0.081518429801934,-1.06311622469601,9,2.14185975683818,0,-3.42348,6697,0.8,0,5,"both",0.081518429801934,-1.06311622469601
"340","session2",-12.1267831443752,16.351413383411,2.43449506946132,0.00102062972493879,0.302032000841515,0.40245923028341,0.43507997859715,4,2,40,0.081518429801934,-1.06311622469601,9,1.59251865197701,1,-9.10273,6697,0.8,0,5,"both",0.081518429801934,-1.06311622469601
"341","session2",-12.1267831443752,16.351413383411,2.43449506946132,0.00102062972493879,0.302032000841515,0.40245923028341,0.43507997859715,4,2,40,0.081518429801934,-1.06311622469601,9,2.70286160554048,1,-14.93482,6697,0.8,0,5,"both",0.081518429801934,-1.06311622469601
"342","session2",-12.1267831443752,16.351413383411,2.43449506946132,0.00102062972493879,0.302032000841515,0.40245923028341,0.43507997859715,4,2,40,0.081518429801934,-1.06311622469601,9,3.20449475077001,1,-14.73286,6697,0.8,0,5,"both",0.081518429801934,-1.06311622469601
"343","session2",-12.1267831443752,16.351413383411,2.43449506946132,0.00102062972493879,0.302032000841515,0.40245923028341,0.43507997859715,4,2,40,0.081518429801934,-1.06311622469601,9,2.172132619586,0,-24.2494,6697,0.8,0,5,"both",0.081518429801934,-1.06311622469601
"344","session2",-12.1267831443752,16.351413383411,2.43449506946132,0.00102062972493879,0.302032000841515,0.40245923028341,0.43507997859715,4,2,40,0.081518429801934,-1.06311622469601,9,7.45664626700231,0,-9.9631,6697,0.8,0,5,"both",0.081518429801934,-1.06311622469601
"345","session2",-12.1267831443752,16.351413383411,2.43449506946132,0.00102062972493879,0.302032000841515,0.40245923028341,0.43507997859715,4,2,40,0.081518429801934,-1.06311622469601,9,3.69528444373527,1,-10.74839,6697,0.8,0,5,"both",0.081518429801934,-1.06311622469601
"346","session2",-12.1267831443752,16.351413383411,2.43449506946132,0.00102062972493879,0.302032000841515,0.40245923028341,0.43507997859715,4,2,40,0.081518429801934,-1.06311622469601,9,2.64647277093502,1,0.698700000000001,6697,0.8,0,5,"both",0.081518429801934,-1.06311622469601
"347","session2",-12.1267831443752,16.351413383411,2.43449506946132,0.00102062972493879,0.302032000841515,0.40245923028341,0.43507997859715,4,2,40,0.081518429801934,-1.06311622469601,9,3.38785561003574,0,-10.81034,6697,0.8,0,5,"both",0.081518429801934,-1.06311622469601
"348","session2",-12.1267831443752,16.351413383411,2.43449506946132,0.00102062972493879,0.302032000841515,0.40245923028341,0.43507997859715,4,2,40,0.081518429801934,-1.06311622469601,9,1.89325282786622,1,-12.406732794,6697,0.8,0,5,"both",0.081518429801934,-1.06311622469601
"349","session2",-12.1267831443752,16.351413383411,2.43449506946132,0.00102062972493879,0.302032000841515,0.40245923028341,0.43507997859715,4,2,40,0.081518429801934,-1.06311622469601,9,3.77271556683059,1,-21.33335,6697,0.8,0,5,"both",0.081518429801934,-1.06311622469601
"350","session2",-12.1267831443752,16.351413383411,2.43449506946132,0.00102062972493879,0.302032000841515,0.40245923028341,0.43507997859715,4,2,40,0.081518429801934,-1.06311622469601,9,3.82384675983172,1,-14.85166088,6697,0.8,0,5,"both",0.081518429801934,-1.06311622469601
"351","session2",-12.1267831443752,16.351413383411,2.43449506946132,0.00102062972493879,0.302032000841515,0.40245923028341,0.43507997859715,4,2,40,0.081518429801934,-1.06311622469601,9,1.54291749119002,1,22.267,6697,0.8,0,5,"both",0.081518429801934,-1.06311622469601
"352","session2",-12.1267831443752,16.351413383411,2.43449506946132,0.00102062972493879,0.302032000841515,0.40245923028341,0.43507997859715,4,2,40,0.081518429801934,-1.06311622469601,9,1.25674324073853,1,25.1537,6697,0.8,0,5,"both",0.081518429801934,-1.06311622469601
"353","session2",-12.1267831443752,16.351413383411,2.43449506946132,0.00102062972493879,0.302032000841515,0.40245923028341,0.43507997859715,4,2,40,0.081518429801934,-1.06311622469601,9,4.11820769853268,1,-15.50020243,6697,0.8,0,5,"both",0.081518429801934,-1.06311622469601
"354","session2",-12.1267831443752,16.351413383411,2.43449506946132,0.00102062972493879,0.302032000841515,0.40245923028341,0.43507997859715,4,2,40,0.081518429801934,-1.06311622469601,9,1.95227072256721,1,-5.0629,6697,0.8,0,5,"both",0.081518429801934,-1.06311622469601
"355","session2",-12.1267831443752,16.351413383411,2.43449506946132,0.00102062972493879,0.302032000841515,0.40245923028341,0.43507997859715,4,2,40,0.081518429801934,-1.06311622469601,9,3.34326368925289,0,-24.87719,6697,0.8,0,5,"both",0.081518429801934,-1.06311622469601
"356","session2",-12.1267831443752,16.351413383411,2.43449506946132,0.00102062972493879,0.302032000841515,0.40245923028341,0.43507997859715,4,2,40,0.081518429801934,-1.06311622469601,9,1.49087782989853,0,-30.1438,6697,0.8,0,5,"both",0.081518429801934,-1.06311622469601
"357","session2",-12.1267831443752,16.351413383411,2.43449506946132,0.00102062972493879,0.302032000841515,0.40245923028341,0.43507997859715,4,2,40,0.081518429801934,-1.06311622469601,9,4.75766818704807,0,-13.55509,6697,0.8,0,5,"both",0.081518429801934,-1.06311622469601
"358","session2",-12.1267831443752,16.351413383411,2.43449506946132,0.00102062972493879,0.302032000841515,0.40245923028341,0.43507997859715,4,2,40,0.081518429801934,-1.06311622469601,9,4.52637536164441,1,-22.19486,6697,0.8,0,5,"both",0.081518429801934,-1.06311622469601
"359","session2",-12.1267831443752,16.351413383411,2.43449506946132,0.00102062972493879,0.302032000841515,0.40245923028341,0.43507997859715,4,2,40,0.081518429801934,-1.06311622469601,9,1.74549381005946,1,1.0785,6697,0.8,0,5,"both",0.081518429801934,-1.06311622469601
"360","session2",-12.1267831443752,16.351413383411,2.43449506946132,0.00102062972493879,0.302032000841515,0.40245923028341,0.43507997859715,4,2,40,0.081518429801934,-1.06311622469601,9,1.37058093438682,1,15.7048,6697,0.8,0,5,"both",0.081518429801934,-1.06311622469601
"361","session2",-39.4272932672532,17.1600123583078,2.95410630329373,0.000142942634696329,0.312345729735738,0.270763244938502,0.270014338771193,5,2,40,0.081518429801934,-1.06311622469601,10,1.73950477906198,1,-9.1684516606,6697,0.8,0,5,"both",0.081518429801934,-1.06311622469601
"362","session2",-39.4272932672532,17.1600123583078,2.95410630329373,0.000142942634696329,0.312345729735738,0.270763244938502,0.270014338771193,5,2,40,0.081518429801934,-1.06311622469601,10,2.14256558908004,1,-10.630186165,6697,0.8,0,5,"both",0.081518429801934,-1.06311622469601
"363","session2",-39.4272932672532,17.1600123583078,2.95410630329373,0.000142942634696329,0.312345729735738,0.270763244938502,0.270014338771193,5,2,40,0.081518429801934,-1.06311622469601,10,2.12763161681469,1,-16.217664783,6697,0.8,0,5,"both",0.081518429801934,-1.06311622469601
"364","session2",-39.4272932672532,17.1600123583078,2.95410630329373,0.000142942634696329,0.312345729735738,0.270763244938502,0.270014338771193,5,2,40,0.081518429801934,-1.06311622469601,10,1.80962893770278,0,-22.342446758,6697,0.8,0,5,"both",0.081518429801934,-1.06311622469601
"365","session2",-39.4272932672532,17.1600123583078,2.95410630329373,0.000142942634696329,0.312345729735738,0.270763244938502,0.270014338771193,5,2,40,0.081518429801934,-1.06311622469601,10,1.8594134613617,1,-18.3063,6697,0.8,0,5,"both",0.081518429801934,-1.06311622469601
"366","session2",-39.4272932672532,17.1600123583078,2.95410630329373,0.000142942634696329,0.312345729735738,0.270763244938502,0.270014338771193,5,2,40,0.081518429801934,-1.06311622469601,10,1.98391374727417,1,-15.51495,6697,0.8,0,5,"both",0.081518429801934,-1.06311622469601
"367","session2",-39.4272932672532,17.1600123583078,2.95410630329373,0.000142942634696329,0.312345729735738,0.270763244938502,0.270014338771193,5,2,40,0.081518429801934,-1.06311622469601,10,1.74475097774013,1,-13.53399,6697,0.8,0,5,"both",0.081518429801934,-1.06311622469601
"368","session2",-39.4272932672532,17.1600123583078,2.95410630329373,0.000142942634696329,0.312345729735738,0.270763244938502,0.270014338771193,5,2,40,0.081518429801934,-1.06311622469601,10,1.81098108967007,1,-17.22404,6697,0.8,0,5,"both",0.081518429801934,-1.06311622469601
"369","session2",-39.4272932672532,17.1600123583078,2.95410630329373,0.000142942634696329,0.312345729735738,0.270763244938502,0.270014338771193,5,2,40,0.081518429801934,-1.06311622469601,10,2.46693069038713,1,-35.34617,6697,0.8,0,5,"both",0.081518429801934,-1.06311622469601
"370","session2",-39.4272932672532,17.1600123583078,2.95410630329373,0.000142942634696329,0.312345729735738,0.270763244938502,0.270014338771193,5,2,40,0.081518429801934,-1.06311622469601,10,1.98223546705648,0,-27.7555,6697,0.8,0,5,"both",0.081518429801934,-1.06311622469601
"371","session2",-39.4272932672532,17.1600123583078,2.95410630329373,0.000142942634696329,0.312345729735738,0.270763244938502,0.270014338771193,5,2,40,0.081518429801934,-1.06311622469601,10,1.95693170756299,1,-17.17466,6697,0.8,0,5,"both",0.081518429801934,-1.06311622469601
"372","session2",-39.4272932672532,17.1600123583078,2.95410630329373,0.000142942634696329,0.312345729735738,0.270763244938502,0.270014338771193,5,2,40,0.081518429801934,-1.06311622469601,10,3.73865794870575,1,-32.93682,6697,0.8,0,5,"both",0.081518429801934,-1.06311622469601
"373","session2",-39.4272932672532,17.1600123583078,2.95410630329373,0.000142942634696329,0.312345729735738,0.270763244938502,0.270014338771193,5,2,40,0.081518429801934,-1.06311622469601,10,1.90209657583194,1,-32.2389699,6697,0.8,0,5,"both",0.081518429801934,-1.06311622469601
"374","session2",-39.4272932672532,17.1600123583078,2.95410630329373,0.000142942634696329,0.312345729735738,0.270763244938502,0.270014338771193,5,2,40,0.081518429801934,-1.06311622469601,10,1.93649692182825,1,10.2976,6697,0.8,0,5,"both",0.081518429801934,-1.06311622469601
"375","session2",-39.4272932672532,17.1600123583078,2.95410630329373,0.000142942634696329,0.312345729735738,0.270763244938502,0.270014338771193,5,2,40,0.081518429801934,-1.06311622469601,10,2.25714723154131,1,-12.2298,6697,0.8,0,5,"both",0.081518429801934,-1.06311622469601
"376","session2",-39.4272932672532,17.1600123583078,2.95410630329373,0.000142942634696329,0.312345729735738,0.270763244938502,0.270014338771193,5,2,40,0.081518429801934,-1.06311622469601,10,1.94351272911341,1,-7.9852,6697,0.8,0,5,"both",0.081518429801934,-1.06311622469601
"377","session2",-39.4272932672532,17.1600123583078,2.95410630329373,0.000142942634696329,0.312345729735738,0.270763244938502,0.270014338771193,5,2,40,0.081518429801934,-1.06311622469601,10,2.67746115513561,1,-37.7853248,6697,0.8,0,5,"both",0.081518429801934,-1.06311622469601
"378","session2",-39.4272932672532,17.1600123583078,2.95410630329373,0.000142942634696329,0.312345729735738,0.270763244938502,0.270014338771193,5,2,40,0.081518429801934,-1.06311622469601,10,5.32513322640315,1,-49.50024,6697,0.8,0,5,"both",0.081518429801934,-1.06311622469601
"379","session2",-39.4272932672532,17.1600123583078,2.95410630329373,0.000142942634696329,0.312345729735738,0.270763244938502,0.270014338771193,5,2,40,0.081518429801934,-1.06311622469601,10,2.24978016429109,1,-43.9411178,6697,0.8,0,5,"both",0.081518429801934,-1.06311622469601
"380","session2",-39.4272932672532,17.1600123583078,2.95410630329373,0.000142942634696329,0.312345729735738,0.270763244938502,0.270014338771193,5,2,40,0.081518429801934,-1.06311622469601,10,2.70361122848923,1,-48.4384869,6697,0.8,0,5,"both",0.081518429801934,-1.06311622469601
"381","session2",-39.4272932672532,17.1600123583078,2.95410630329373,0.000142942634696329,0.312345729735738,0.270763244938502,0.270014338771193,5,2,40,0.081518429801934,-1.06311622469601,10,4.09321858133888,1,-49.6907174,6697,0.8,0,5,"both",0.081518429801934,-1.06311622469601
"382","session2",-39.4272932672532,17.1600123583078,2.95410630329373,0.000142942634696329,0.312345729735738,0.270763244938502,0.270014338771193,5,2,40,0.081518429801934,-1.06311622469601,10,2.60918331252273,1,-26.5496,6697,0.8,0,5,"both",0.081518429801934,-1.06311622469601
"383","session2",-39.4272932672532,17.1600123583078,2.95410630329373,0.000142942634696329,0.312345729735738,0.270763244938502,0.270014338771193,5,2,40,0.081518429801934,-1.06311622469601,10,2.20928911778926,0,-49.2531,6697,0.8,0,5,"both",0.081518429801934,-1.06311622469601
"384","session2",-39.4272932672532,17.1600123583078,2.95410630329373,0.000142942634696329,0.312345729735738,0.270763244938502,0.270014338771193,5,2,40,0.081518429801934,-1.06311622469601,10,3.55716387146785,1,-51.2424842,6697,0.8,0,5,"both",0.081518429801934,-1.06311622469601
"385","session2",-39.4272932672532,17.1600123583078,2.95410630329373,0.000142942634696329,0.312345729735738,0.270763244938502,0.270014338771193,5,2,40,0.081518429801934,-1.06311622469601,10,3.10475899900295,0,-52.6967176,6697,0.8,0,5,"both",0.081518429801934,-1.06311622469601
"386","session2",-39.4272932672532,17.1600123583078,2.95410630329373,0.000142942634696329,0.312345729735738,0.270763244938502,0.270014338771193,5,2,40,0.081518429801934,-1.06311622469601,10,2.50988646025146,0,-52.1952408,6697,0.8,0,5,"both",0.081518429801934,-1.06311622469601
"387","session2",-39.4272932672532,17.1600123583078,2.95410630329373,0.000142942634696329,0.312345729735738,0.270763244938502,0.270014338771193,5,2,40,0.081518429801934,-1.06311622469601,10,1.96769140056546,1,-38.9478,6697,0.8,0,5,"both",0.081518429801934,-1.06311622469601
"388","session2",-39.4272932672532,17.1600123583078,2.95410630329373,0.000142942634696329,0.312345729735738,0.270763244938502,0.270014338771193,5,2,40,0.081518429801934,-1.06311622469601,10,2.07234298522819,1,-39.2303,6697,0.8,0,5,"both",0.081518429801934,-1.06311622469601
"389","session2",-39.4272932672532,17.1600123583078,2.95410630329373,0.000142942634696329,0.312345729735738,0.270763244938502,0.270014338771193,5,2,40,0.081518429801934,-1.06311622469601,10,3.35781163328583,1,-50.5895903,6697,0.8,0,5,"both",0.081518429801934,-1.06311622469601
"390","session2",-39.4272932672532,17.1600123583078,2.95410630329373,0.000142942634696329,0.312345729735738,0.270763244938502,0.270014338771193,5,2,40,0.081518429801934,-1.06311622469601,10,1.96771147820355,0,-51.3583376,6697,0.8,0,5,"both",0.081518429801934,-1.06311622469601
"391","session2",-39.4272932672532,17.1600123583078,2.95410630329373,0.000142942634696329,0.312345729735738,0.270763244938502,0.270014338771193,5,2,40,0.081518429801934,-1.06311622469601,10,3.68320605230864,0,-51.1913309,6697,0.8,0,5,"both",0.081518429801934,-1.06311622469601
"392","session2",-39.4272932672532,17.1600123583078,2.95410630329373,0.000142942634696329,0.312345729735738,0.270763244938502,0.270014338771193,5,2,40,0.081518429801934,-1.06311622469601,10,1.92547357096674,0,-49.9204586,6697,0.8,0,5,"both",0.081518429801934,-1.06311622469601
"393","session2",-39.4272932672532,17.1600123583078,2.95410630329373,0.000142942634696329,0.312345729735738,0.270763244938502,0.270014338771193,5,2,40,0.081518429801934,-1.06311622469601,10,1.47155725908108,1,-49.3009043,6697,0.8,0,5,"both",0.081518429801934,-1.06311622469601
"394","session2",-39.4272932672532,17.1600123583078,2.95410630329373,0.000142942634696329,0.312345729735738,0.270763244938502,0.270014338771193,5,2,40,0.081518429801934,-1.06311622469601,10,2.16563011923953,1,-50.0243211,6697,0.8,0,5,"both",0.081518429801934,-1.06311622469601
"395","session2",-39.4272932672532,17.1600123583078,2.95410630329373,0.000142942634696329,0.312345729735738,0.270763244938502,0.270014338771193,5,2,40,0.081518429801934,-1.06311622469601,10,1.8640777018518,0,-50.8314947,6697,0.8,0,5,"both",0.081518429801934,-1.06311622469601
"396","session2",-39.4272932672532,17.1600123583078,2.95410630329373,0.000142942634696329,0.312345729735738,0.270763244938502,0.270014338771193,5,2,40,0.081518429801934,-1.06311622469601,10,2.73852763074897,1,-49.74401,6697,0.8,0,5,"both",0.081518429801934,-1.06311622469601
"397","session2",-39.4272932672532,17.1600123583078,2.95410630329373,0.000142942634696329,0.312345729735738,0.270763244938502,0.270014338771193,5,2,40,0.081518429801934,-1.06311622469601,10,3.88063646494348,0,-49.16072,6697,0.8,0,5,"both",0.081518429801934,-1.06311622469601
"398","session2",-39.4272932672532,17.1600123583078,2.95410630329373,0.000142942634696329,0.312345729735738,0.270763244938502,0.270014338771193,5,2,40,0.081518429801934,-1.06311622469601,10,2.7074276243696,1,-49.8282084,6697,0.8,0,5,"both",0.081518429801934,-1.06311622469601
"399","session2",-39.4272932672532,17.1600123583078,2.95410630329373,0.000142942634696329,0.312345729735738,0.270763244938502,0.270014338771193,5,2,40,0.081518429801934,-1.06311622469601,10,3.46741672914421,0,-44.28158,6697,0.8,0,5,"both",0.081518429801934,-1.06311622469601
"400","session2",-39.4272932672532,17.1600123583078,2.95410630329373,0.000142942634696329,0.312345729735738,0.270763244938502,0.270014338771193,5,2,40,0.081518429801934,-1.06311622469601,10,3.58751427569556,0,-37.9123,6697,0.8,0,5,"both",0.081518429801934,-1.06311622469601
