"","session","alpha","beta","betart","lapse","intercept","sigma","ndt","participant_id","sessions","trials","alpha_obs_power","beta_obs_power","n","rts","resp","X","iter","real_effectsize_alpha","real_effectsize_beta","subjects","parameter","observed_effectsize_alpha","observed_effectsize_beta"
"1","session1",-11.412359047857,10.4236738044705,1.8219569993544,0.000173342404064047,0.543717711479775,0.454973470242971,0.590708217143053,1,1,40,0.415053868552936,-0.310624719932759,1,3.27518493396778,1,-8.7764267764,1474,1,0,12,"both",0.415053868552936,-0.310624719932759
"2","session1",-11.412359047857,10.4236738044705,1.8219569993544,0.000173342404064047,0.543717711479775,0.454973470242971,0.590708217143053,1,1,40,0.415053868552936,-0.310624719932759,1,3.4532100729741,0,-11.980476144,1474,1,0,12,"both",0.415053868552936,-0.310624719932759
"3","session1",-11.412359047857,10.4236738044705,1.8219569993544,0.000173342404064047,0.543717711479775,0.454973470242971,0.590708217143053,1,1,40,0.415053868552936,-0.310624719932759,1,3.72053980125522,1,-3.3085048701,1474,1,0,12,"both",0.415053868552936,-0.310624719932759
"4","session1",-11.412359047857,10.4236738044705,1.8219569993544,0.000173342404064047,0.543717711479775,0.454973470242971,0.590708217143053,1,1,40,0.415053868552936,-0.310624719932759,1,8,0,-10.5378566284,1474,1,0,12,"both",0.415053868552936,-0.310624719932759
"5","session1",-11.412359047857,10.4236738044705,1.8219569993544,0.000173342404064047,0.543717711479775,0.454973470242971,0.590708217143053,1,1,40,0.415053868552936,-0.310624719932759,1,2.44836755952254,1,9.57486,1474,1,0,12,"both",0.415053868552936,-0.310624719932759
"6","session1",-11.412359047857,10.4236738044705,1.8219569993544,0.000173342404064047,0.543717711479775,0.454973470242971,0.590708217143053,1,1,40,0.415053868552936,-0.310624719932759,1,3.19066505443318,0,-12.49721,1474,1,0,12,"both",0.415053868552936,-0.310624719932759
"7","session1",-11.412359047857,10.4236738044705,1.8219569993544,0.000173342404064047,0.543717711479775,0.454973470242971,0.590708217143053,1,1,40,0.415053868552936,-0.310624719932759,1,1.9335520883268,0,-14.45837,1474,1,0,12,"both",0.415053868552936,-0.310624719932759
"8","session1",-11.412359047857,10.4236738044705,1.8219569993544,0.000173342404064047,0.543717711479775,0.454973470242971,0.590708217143053,1,1,40,0.415053868552936,-0.310624719932759,1,5.25860218026185,1,-2.73788,1474,1,0,12,"both",0.415053868552936,-0.310624719932759
"9","session1",-11.412359047857,10.4236738044705,1.8219569993544,0.000173342404064047,0.543717711479775,0.454973470242971,0.590708217143053,1,1,40,0.415053868552936,-0.310624719932759,1,2.51058635433245,0,-7.05731,1474,1,0,12,"both",0.415053868552936,-0.310624719932759
"10","session1",-11.412359047857,10.4236738044705,1.8219569993544,0.000173342404064047,0.543717711479775,0.454973470242971,0.590708217143053,1,1,40,0.415053868552936,-0.310624719932759,1,2.94555695208522,0,-13.35245,1474,1,0,12,"both",0.415053868552936,-0.310624719932759
"11","session1",-11.412359047857,10.4236738044705,1.8219569993544,0.000173342404064047,0.543717711479775,0.454973470242971,0.590708217143053,1,1,40,0.415053868552936,-0.310624719932759,1,3.68998113955806,0,-10.17683,1474,1,0,12,"both",0.415053868552936,-0.310624719932759
"12","session1",-11.412359047857,10.4236738044705,1.8219569993544,0.000173342404064047,0.543717711479775,0.454973470242971,0.590708217143053,1,1,40,0.415053868552936,-0.310624719932759,1,1.75799826946283,1,-13.32418,1474,1,0,12,"both",0.415053868552936,-0.310624719932759
"13","session1",-11.412359047857,10.4236738044705,1.8219569993544,0.000173342404064047,0.543717711479775,0.454973470242971,0.590708217143053,1,1,40,0.415053868552936,-0.310624719932759,1,2.26008649133491,1,-3.6152,1474,1,0,12,"both",0.415053868552936,-0.310624719932759
"14","session1",-11.412359047857,10.4236738044705,1.8219569993544,0.000173342404064047,0.543717711479775,0.454973470242971,0.590708217143053,1,1,40,0.415053868552936,-0.310624719932759,1,3.24790270711989,1,-10.89715,1474,1,0,12,"both",0.415053868552936,-0.310624719932759
"15","session1",-11.412359047857,10.4236738044705,1.8219569993544,0.000173342404064047,0.543717711479775,0.454973470242971,0.590708217143053,1,1,40,0.415053868552936,-0.310624719932759,1,2.49373211917147,1,-2.04831,1474,1,0,12,"both",0.415053868552936,-0.310624719932759
"16","session1",-11.412359047857,10.4236738044705,1.8219569993544,0.000173342404064047,0.543717711479775,0.454973470242971,0.590708217143053,1,1,40,0.415053868552936,-0.310624719932759,1,3.9563300100998,0,-11.82173,1474,1,0,12,"both",0.415053868552936,-0.310624719932759
"17","session1",-11.412359047857,10.4236738044705,1.8219569993544,0.000173342404064047,0.543717711479775,0.454973470242971,0.590708217143053,1,1,40,0.415053868552936,-0.310624719932759,1,3.49928369911441,0,-12.70267,1474,1,0,12,"both",0.415053868552936,-0.310624719932759
"18","session1",-11.412359047857,10.4236738044705,1.8219569993544,0.000173342404064047,0.543717711479775,0.454973470242971,0.590708217143053,1,1,40,0.415053868552936,-0.310624719932759,1,3.66199879035775,1,-8.24814,1474,1,0,12,"both",0.415053868552936,-0.310624719932759
"19","session1",-11.412359047857,10.4236738044705,1.8219569993544,0.000173342404064047,0.543717711479775,0.454973470242971,0.590708217143053,1,1,40,0.415053868552936,-0.310624719932759,1,3.62634608971897,1,-3.59728,1474,1,0,12,"both",0.415053868552936,-0.310624719932759
"20","session1",-11.412359047857,10.4236738044705,1.8219569993544,0.000173342404064047,0.543717711479775,0.454973470242971,0.590708217143053,1,1,40,0.415053868552936,-0.310624719932759,1,2.5558459916033,0,-6.61416,1474,1,0,12,"both",0.415053868552936,-0.310624719932759
"21","session1",-11.412359047857,10.4236738044705,1.8219569993544,0.000173342404064047,0.543717711479775,0.454973470242971,0.590708217143053,1,1,40,0.415053868552936,-0.310624719932759,1,1.17661798766197,1,14.6539,1474,1,0,12,"both",0.415053868552936,-0.310624719932759
"22","session1",-11.412359047857,10.4236738044705,1.8219569993544,0.000173342404064047,0.543717711479775,0.454973470242971,0.590708217143053,1,1,40,0.415053868552936,-0.310624719932759,1,1.9114015939696,1,-1.86047,1474,1,0,12,"both",0.415053868552936,-0.310624719932759
"23","session1",-11.412359047857,10.4236738044705,1.8219569993544,0.000173342404064047,0.543717711479775,0.454973470242971,0.590708217143053,1,1,40,0.415053868552936,-0.310624719932759,1,3.30568097152555,1,-11.36325,1474,1,0,12,"both",0.415053868552936,-0.310624719932759
"24","session1",-11.412359047857,10.4236738044705,1.8219569993544,0.000173342404064047,0.543717711479775,0.454973470242971,0.590708217143053,1,1,40,0.415053868552936,-0.310624719932759,1,4.53707859575957,1,-3.08126,1474,1,0,12,"both",0.415053868552936,-0.310624719932759
"25","session1",-11.412359047857,10.4236738044705,1.8219569993544,0.000173342404064047,0.543717711479775,0.454973470242971,0.590708217143053,1,1,40,0.415053868552936,-0.310624719932759,1,4.32584600798112,1,-4.79101,1474,1,0,12,"both",0.415053868552936,-0.310624719932759
"26","session1",-11.412359047857,10.4236738044705,1.8219569993544,0.000173342404064047,0.543717711479775,0.454973470242971,0.590708217143053,1,1,40,0.415053868552936,-0.310624719932759,1,2.58479354907338,1,-0.777259999999998,1474,1,0,12,"both",0.415053868552936,-0.310624719932759
"27","session1",-11.412359047857,10.4236738044705,1.8219569993544,0.000173342404064047,0.543717711479775,0.454973470242971,0.590708217143053,1,1,40,0.415053868552936,-0.310624719932759,1,5.76933232621334,0,-23.13476,1474,1,0,12,"both",0.415053868552936,-0.310624719932759
"28","session1",-11.412359047857,10.4236738044705,1.8219569993544,0.000173342404064047,0.543717711479775,0.454973470242971,0.590708217143053,1,1,40,0.415053868552936,-0.310624719932759,1,4.53353660243306,0,-15.85414,1474,1,0,12,"both",0.415053868552936,-0.310624719932759
"29","session1",-11.412359047857,10.4236738044705,1.8219569993544,0.000173342404064047,0.543717711479775,0.454973470242971,0.590708217143053,1,1,40,0.415053868552936,-0.310624719932759,1,4.42908433975281,0,-15.07486,1474,1,0,12,"both",0.415053868552936,-0.310624719932759
"30","session1",-11.412359047857,10.4236738044705,1.8219569993544,0.000173342404064047,0.543717711479775,0.454973470242971,0.590708217143053,1,1,40,0.415053868552936,-0.310624719932759,1,3.37131242689276,1,-11.03908,1474,1,0,12,"both",0.415053868552936,-0.310624719932759
"31","session1",-11.412359047857,10.4236738044705,1.8219569993544,0.000173342404064047,0.543717711479775,0.454973470242971,0.590708217143053,1,1,40,0.415053868552936,-0.310624719932759,1,3.27941285873848,1,-3.86815,1474,1,0,12,"both",0.415053868552936,-0.310624719932759
"32","session1",-11.412359047857,10.4236738044705,1.8219569993544,0.000173342404064047,0.543717711479775,0.454973470242971,0.590708217143053,1,1,40,0.415053868552936,-0.310624719932759,1,3.08083631803038,0,-15.54068,1474,1,0,12,"both",0.415053868552936,-0.310624719932759
"33","session1",-11.412359047857,10.4236738044705,1.8219569993544,0.000173342404064047,0.543717711479775,0.454973470242971,0.590708217143053,1,1,40,0.415053868552936,-0.310624719932759,1,4.2052262529185,0,-15.26324,1474,1,0,12,"both",0.415053868552936,-0.310624719932759
"34","session1",-11.412359047857,10.4236738044705,1.8219569993544,0.000173342404064047,0.543717711479775,0.454973470242971,0.590708217143053,1,1,40,0.415053868552936,-0.310624719932759,1,1.93691275181487,0,-12.40806,1474,1,0,12,"both",0.415053868552936,-0.310624719932759
"35","session1",-11.412359047857,10.4236738044705,1.8219569993544,0.000173342404064047,0.543717711479775,0.454973470242971,0.590708217143053,1,1,40,0.415053868552936,-0.310624719932759,1,1.56225330166146,0,-14.64225,1474,1,0,12,"both",0.415053868552936,-0.310624719932759
"36","session1",-11.412359047857,10.4236738044705,1.8219569993544,0.000173342404064047,0.543717711479775,0.454973470242971,0.590708217143053,1,1,40,0.415053868552936,-0.310624719932759,1,3.11458480799699,1,-6.55924,1474,1,0,12,"both",0.415053868552936,-0.310624719932759
"37","session1",-11.412359047857,10.4236738044705,1.8219569993544,0.000173342404064047,0.543717711479775,0.454973470242971,0.590708217143053,1,1,40,0.415053868552936,-0.310624719932759,1,3.63521671603607,1,-3.83333,1474,1,0,12,"both",0.415053868552936,-0.310624719932759
"38","session1",-11.412359047857,10.4236738044705,1.8219569993544,0.000173342404064047,0.543717711479775,0.454973470242971,0.590708217143053,1,1,40,0.415053868552936,-0.310624719932759,1,4.56593477456056,0,-14.66797,1474,1,0,12,"both",0.415053868552936,-0.310624719932759
"39","session1",-11.412359047857,10.4236738044705,1.8219569993544,0.000173342404064047,0.543717711479775,0.454973470242971,0.590708217143053,1,1,40,0.415053868552936,-0.310624719932759,1,2.81571238581241,0,-5.36667,1474,1,0,12,"both",0.415053868552936,-0.310624719932759
"40","session1",-11.412359047857,10.4236738044705,1.8219569993544,0.000173342404064047,0.543717711479775,0.454973470242971,0.590708217143053,1,1,40,0.415053868552936,-0.310624719932759,1,2.47959468137971,1,-2.69926,1474,1,0,12,"both",0.415053868552936,-0.310624719932759
"41","session1",-2.18730076320344,9.34008577500835,3.11392120604019,3.53788793926161e-05,0.161627376265973,0.532996499499868,0.679469125582566,2,1,40,0.415053868552936,-0.310624719932759,2,1.35992035263086,1,-9.289291207,1474,1,0,12,"both",0.415053868552936,-0.310624719932759
"42","session1",-2.18730076320344,9.34008577500835,3.11392120604019,3.53788793926161e-05,0.161627376265973,0.532996499499868,0.679469125582566,2,1,40,0.415053868552936,-0.310624719932759,2,8,0,-12.59184385664,1474,1,0,12,"both",0.415053868552936,-0.310624719932759
"43","session1",-2.18730076320344,9.34008577500835,3.11392120604019,3.53788793926161e-05,0.161627376265973,0.532996499499868,0.679469125582566,2,1,40,0.415053868552936,-0.310624719932759,2,2.61562382912208,0,-3.1477235685,1474,1,0,12,"both",0.415053868552936,-0.310624719932759
"44","session1",-2.18730076320344,9.34008577500835,3.11392120604019,3.53788793926161e-05,0.161627376265973,0.532996499499868,0.679469125582566,2,1,40,0.415053868552936,-0.310624719932759,2,2.36725942869008,0,3.6854450509,1474,1,0,12,"both",0.415053868552936,-0.310624719932759
"45","session1",-2.18730076320344,9.34008577500835,3.11392120604019,3.53788793926161e-05,0.161627376265973,0.532996499499868,0.679469125582566,2,1,40,0.415053868552936,-0.310624719932759,2,2.6669819424089,1,13.1742,1474,1,0,12,"both",0.415053868552936,-0.310624719932759
"46","session1",-2.18730076320344,9.34008577500835,3.11392120604019,3.53788793926161e-05,0.161627376265973,0.532996499499868,0.679469125582566,2,1,40,0.415053868552936,-0.310624719932759,2,2.11290542362682,1,16.03549,1474,1,0,12,"both",0.415053868552936,-0.310624719932759
"47","session1",-2.18730076320344,9.34008577500835,3.11392120604019,3.53788793926161e-05,0.161627376265973,0.532996499499868,0.679469125582566,2,1,40,0.415053868552936,-0.310624719932759,2,1.3903829325887,0,2.8724,1474,1,0,12,"both",0.415053868552936,-0.310624719932759
"48","session1",-2.18730076320344,9.34008577500835,3.11392120604019,3.53788793926161e-05,0.161627376265973,0.532996499499868,0.679469125582566,2,1,40,0.415053868552936,-0.310624719932759,2,2.34451609279525,1,20.35128,1474,1,0,12,"both",0.415053868552936,-0.310624719932759
"49","session1",-2.18730076320344,9.34008577500835,3.11392120604019,3.53788793926161e-05,0.161627376265973,0.532996499499868,0.679469125582566,2,1,40,0.415053868552936,-0.310624719932759,2,2.77047436982274,0,5.66690152017,1474,1,0,12,"both",0.415053868552936,-0.310624719932759
"50","session1",-2.18730076320344,9.34008577500835,3.11392120604019,3.53788793926161e-05,0.161627376265973,0.532996499499868,0.679469125582566,2,1,40,0.415053868552936,-0.310624719932759,2,3.41638358141664,1,7.6195,1474,1,0,12,"both",0.415053868552936,-0.310624719932759
"51","session1",-2.18730076320344,9.34008577500835,3.11392120604019,3.53788793926161e-05,0.161627376265973,0.532996499499868,0.679469125582566,2,1,40,0.415053868552936,-0.310624719932759,2,2.73867369917422,1,6.520665607,1474,1,0,12,"both",0.415053868552936,-0.310624719932759
"52","session1",-2.18730076320344,9.34008577500835,3.11392120604019,3.53788793926161e-05,0.161627376265973,0.532996499499868,0.679469125582566,2,1,40,0.415053868552936,-0.310624719932759,2,2.09073902377801,0,-15.22695,1474,1,0,12,"both",0.415053868552936,-0.310624719932759
"53","session1",-2.18730076320344,9.34008577500835,3.11392120604019,3.53788793926161e-05,0.161627376265973,0.532996499499868,0.679469125582566,2,1,40,0.415053868552936,-0.310624719932759,2,1.87900235749147,0,-5.85999,1474,1,0,12,"both",0.415053868552936,-0.310624719932759
"54","session1",-2.18730076320344,9.34008577500835,3.11392120604019,3.53788793926161e-05,0.161627376265973,0.532996499499868,0.679469125582566,2,1,40,0.415053868552936,-0.310624719932759,2,1.89062768196714,0,-24.03871,1474,1,0,12,"both",0.415053868552936,-0.310624719932759
"55","session1",-2.18730076320344,9.34008577500835,3.11392120604019,3.53788793926161e-05,0.161627376265973,0.532996499499868,0.679469125582566,2,1,40,0.415053868552936,-0.310624719932759,2,2.74986388817668,0,5.72614,1474,1,0,12,"both",0.415053868552936,-0.310624719932759
"56","session1",-2.18730076320344,9.34008577500835,3.11392120604019,3.53788793926161e-05,0.161627376265973,0.532996499499868,0.679469125582566,2,1,40,0.415053868552936,-0.310624719932759,2,1.81758606104042,1,9.79706,1474,1,0,12,"both",0.415053868552936,-0.310624719932759
"57","session1",-2.18730076320344,9.34008577500835,3.11392120604019,3.53788793926161e-05,0.161627376265973,0.532996499499868,0.679469125582566,2,1,40,0.415053868552936,-0.310624719932759,2,2.00286138174319,1,5.35357,1474,1,0,12,"both",0.415053868552936,-0.310624719932759
"58","session1",-2.18730076320344,9.34008577500835,3.11392120604019,3.53788793926161e-05,0.161627376265973,0.532996499499868,0.679469125582566,2,1,40,0.415053868552936,-0.310624719932759,2,2.23359486506444,0,4.81484,1474,1,0,12,"both",0.415053868552936,-0.310624719932759
"59","session1",-2.18730076320344,9.34008577500835,3.11392120604019,3.53788793926161e-05,0.161627376265973,0.532996499499868,0.679469125582566,2,1,40,0.415053868552936,-0.310624719932759,2,1.34292646306735,0,-18.6021,1474,1,0,12,"both",0.415053868552936,-0.310624719932759
"60","session1",-2.18730076320344,9.34008577500835,3.11392120604019,3.53788793926161e-05,0.161627376265973,0.532996499499868,0.679469125582566,2,1,40,0.415053868552936,-0.310624719932759,2,2.03175445226517,1,6.18994,1474,1,0,12,"both",0.415053868552936,-0.310624719932759
"61","session1",-2.18730076320344,9.34008577500835,3.11392120604019,3.53788793926161e-05,0.161627376265973,0.532996499499868,0.679469125582566,2,1,40,0.415053868552936,-0.310624719932759,2,1.31335502305099,0,12.2147,1474,1,0,12,"both",0.415053868552936,-0.310624719932759
"62","session1",-2.18730076320344,9.34008577500835,3.11392120604019,3.53788793926161e-05,0.161627376265973,0.532996499499868,0.679469125582566,2,1,40,0.415053868552936,-0.310624719932759,2,1.70390656324446,0,-17.5503,1474,1,0,12,"both",0.415053868552936,-0.310624719932759
"63","session1",-2.18730076320344,9.34008577500835,3.11392120604019,3.53788793926161e-05,0.161627376265973,0.532996499499868,0.679469125582566,2,1,40,0.415053868552936,-0.310624719932759,2,2.61725191263173,0,-10.63896,1474,1,0,12,"both",0.415053868552936,-0.310624719932759
"64","session1",-2.18730076320344,9.34008577500835,3.11392120604019,3.53788793926161e-05,0.161627376265973,0.532996499499868,0.679469125582566,2,1,40,0.415053868552936,-0.310624719932759,2,1.99373097682712,1,-4.53684,1474,1,0,12,"both",0.415053868552936,-0.310624719932759
"65","session1",-2.18730076320344,9.34008577500835,3.11392120604019,3.53788793926161e-05,0.161627376265973,0.532996499499868,0.679469125582566,2,1,40,0.415053868552936,-0.310624719932759,2,6.00167950606752,0,-8.31371,1474,1,0,12,"both",0.415053868552936,-0.310624719932759
"66","session1",-2.18730076320344,9.34008577500835,3.11392120604019,3.53788793926161e-05,0.161627376265973,0.532996499499868,0.679469125582566,2,1,40,0.415053868552936,-0.310624719932759,2,2.35961728779115,1,0.37594,1474,1,0,12,"both",0.415053868552936,-0.310624719932759
"67","session1",-2.18730076320344,9.34008577500835,3.11392120604019,3.53788793926161e-05,0.161627376265973,0.532996499499868,0.679469125582566,2,1,40,0.415053868552936,-0.310624719932759,2,5.6489161899796,1,3.3058677306,1474,1,0,12,"both",0.415053868552936,-0.310624719932759
"68","session1",-2.18730076320344,9.34008577500835,3.11392120604019,3.53788793926161e-05,0.161627376265973,0.532996499499868,0.679469125582566,2,1,40,0.415053868552936,-0.310624719932759,2,1.99793540873446,1,35.2775,1474,1,0,12,"both",0.415053868552936,-0.310624719932759
"69","session1",-2.18730076320344,9.34008577500835,3.11392120604019,3.53788793926161e-05,0.161627376265973,0.532996499499868,0.679469125582566,2,1,40,0.415053868552936,-0.310624719932759,2,1.49143519689911,1,30.91031,1474,1,0,12,"both",0.415053868552936,-0.310624719932759
"70","session1",-2.18730076320344,9.34008577500835,3.11392120604019,3.53788793926161e-05,0.161627376265973,0.532996499499868,0.679469125582566,2,1,40,0.415053868552936,-0.310624719932759,2,1.81876659507679,0,-40.87114,1474,1,0,12,"both",0.415053868552936,-0.310624719932759
"71","session1",-2.18730076320344,9.34008577500835,3.11392120604019,3.53788793926161e-05,0.161627376265973,0.532996499499868,0.679469125582566,2,1,40,0.415053868552936,-0.310624719932759,2,7.10063769216576,1,13.86471,1474,1,0,12,"both",0.415053868552936,-0.310624719932759
"72","session1",-2.18730076320344,9.34008577500835,3.11392120604019,3.53788793926161e-05,0.161627376265973,0.532996499499868,0.679469125582566,2,1,40,0.415053868552936,-0.310624719932759,2,2.65648570849026,0,-27.69281,1474,1,0,12,"both",0.415053868552936,-0.310624719932759
"73","session1",-2.18730076320344,9.34008577500835,3.11392120604019,3.53788793926161e-05,0.161627376265973,0.532996499499868,0.679469125582566,2,1,40,0.415053868552936,-0.310624719932759,2,2.25202694921137,0,-27.16695,1474,1,0,12,"both",0.415053868552936,-0.310624719932759
"74","session1",-2.18730076320344,9.34008577500835,3.11392120604019,3.53788793926161e-05,0.161627376265973,0.532996499499868,0.679469125582566,2,1,40,0.415053868552936,-0.310624719932759,2,3.34577580065478,1,14.07323,1474,1,0,12,"both",0.415053868552936,-0.310624719932759
"75","session1",-2.18730076320344,9.34008577500835,3.11392120604019,3.53788793926161e-05,0.161627376265973,0.532996499499868,0.679469125582566,2,1,40,0.415053868552936,-0.310624719932759,2,1.36073527066335,1,11.90613,1474,1,0,12,"both",0.415053868552936,-0.310624719932759
"76","session1",-2.18730076320344,9.34008577500835,3.11392120604019,3.53788793926161e-05,0.161627376265973,0.532996499499868,0.679469125582566,2,1,40,0.415053868552936,-0.310624719932759,2,2.88971169207848,1,18.81023,1474,1,0,12,"both",0.415053868552936,-0.310624719932759
"77","session1",-2.18730076320344,9.34008577500835,3.11392120604019,3.53788793926161e-05,0.161627376265973,0.532996499499868,0.679469125582566,2,1,40,0.415053868552936,-0.310624719932759,2,1.52845487371811,0,-12.30373,1474,1,0,12,"both",0.415053868552936,-0.310624719932759
"78","session1",-2.18730076320344,9.34008577500835,3.11392120604019,3.53788793926161e-05,0.161627376265973,0.532996499499868,0.679469125582566,2,1,40,0.415053868552936,-0.310624719932759,2,2.52349347794789,1,5.991842,1474,1,0,12,"both",0.415053868552936,-0.310624719932759
"79","session1",-2.18730076320344,9.34008577500835,3.11392120604019,3.53788793926161e-05,0.161627376265973,0.532996499499868,0.679469125582566,2,1,40,0.415053868552936,-0.310624719932759,2,2.01187300737986,1,-11.84263,1474,1,0,12,"both",0.415053868552936,-0.310624719932759
"80","session1",-2.18730076320344,9.34008577500835,3.11392120604019,3.53788793926161e-05,0.161627376265973,0.532996499499868,0.679469125582566,2,1,40,0.415053868552936,-0.310624719932759,2,3.24575638215827,0,2.73915,1474,1,0,12,"both",0.415053868552936,-0.310624719932759
"81","session1",-13.7270943953881,10.528456030939,2.11869268739477,0.000433556957133435,0.153258413137986,0.464284693444286,0.533410254922855,3,1,40,0.415053868552936,-0.310624719932759,3,2.96698264773136,1,-8.9825075549,1474,1,0,12,"both",0.415053868552936,-0.310624719932759
"82","session1",-13.7270943953881,10.528456030939,2.11869268739477,0.000433556957133435,0.153258413137986,0.464284693444286,0.533410254922855,3,1,40,0.415053868552936,-0.310624719932759,3,1.99969047851526,1,-7.621588541,1474,1,0,12,"both",0.415053868552936,-0.310624719932759
"83","session1",-13.7270943953881,10.528456030939,2.11869268739477,0.000433556957133435,0.153258413137986,0.464284693444286,0.533410254922855,3,1,40,0.415053868552936,-0.310624719932759,3,3.20512758258802,0,-17.2548270707,1474,1,0,12,"both",0.415053868552936,-0.310624719932759
"84","session1",-13.7270943953881,10.528456030939,2.11869268739477,0.000433556957133435,0.153258413137986,0.464284693444286,0.533410254922855,3,1,40,0.415053868552936,-0.310624719932759,3,2.32012404344609,0,-13.4854979789,1474,1,0,12,"both",0.415053868552936,-0.310624719932759
"85","session1",-13.7270943953881,10.528456030939,2.11869268739477,0.000433556957133435,0.153258413137986,0.464284693444286,0.533410254922855,3,1,40,0.415053868552936,-0.310624719932759,3,4.02496165904736,0,-19.41368,1474,1,0,12,"both",0.415053868552936,-0.310624719932759
"86","session1",-13.7270943953881,10.528456030939,2.11869268739477,0.000433556957133435,0.153258413137986,0.464284693444286,0.533410254922855,3,1,40,0.415053868552936,-0.310624719932759,3,2.49784270043026,0,-10.111285739,1474,1,0,12,"both",0.415053868552936,-0.310624719932759
"87","session1",-13.7270943953881,10.528456030939,2.11869268739477,0.000433556957133435,0.153258413137986,0.464284693444286,0.533410254922855,3,1,40,0.415053868552936,-0.310624719932759,3,2.52654534753801,1,-7.62201,1474,1,0,12,"both",0.415053868552936,-0.310624719932759
"88","session1",-13.7270943953881,10.528456030939,2.11869268739477,0.000433556957133435,0.153258413137986,0.464284693444286,0.533410254922855,3,1,40,0.415053868552936,-0.310624719932759,3,1.979017589146,0,-19.16938,1474,1,0,12,"both",0.415053868552936,-0.310624719932759
"89","session1",-13.7270943953881,10.528456030939,2.11869268739477,0.000433556957133435,0.153258413137986,0.464284693444286,0.533410254922855,3,1,40,0.415053868552936,-0.310624719932759,3,3.97831938808242,1,-6.28035,1474,1,0,12,"both",0.415053868552936,-0.310624719932759
"90","session1",-13.7270943953881,10.528456030939,2.11869268739477,0.000433556957133435,0.153258413137986,0.464284693444286,0.533410254922855,3,1,40,0.415053868552936,-0.310624719932759,3,4.1724430284649,0,-8.7115,1474,1,0,12,"both",0.415053868552936,-0.310624719932759
"91","session1",-13.7270943953881,10.528456030939,2.11869268739477,0.000433556957133435,0.153258413137986,0.464284693444286,0.533410254922855,3,1,40,0.415053868552936,-0.310624719932759,3,3.98281719772302,1,-10.90745,1474,1,0,12,"both",0.415053868552936,-0.310624719932759
"92","session1",-13.7270943953881,10.528456030939,2.11869268739477,0.000433556957133435,0.153258413137986,0.464284693444286,0.533410254922855,3,1,40,0.415053868552936,-0.310624719932759,3,1.505187130901,0,-11.2343,1474,1,0,12,"both",0.415053868552936,-0.310624719932759
"93","session1",-13.7270943953881,10.528456030939,2.11869268739477,0.000433556957133435,0.153258413137986,0.464284693444286,0.533410254922855,3,1,40,0.415053868552936,-0.310624719932759,3,2.38771741710078,0,-12.20416,1474,1,0,12,"both",0.415053868552936,-0.310624719932759
"94","session1",-13.7270943953881,10.528456030939,2.11869268739477,0.000433556957133435,0.153258413137986,0.464284693444286,0.533410254922855,3,1,40,0.415053868552936,-0.310624719932759,3,2.05570001640532,1,-12.10875,1474,1,0,12,"both",0.415053868552936,-0.310624719932759
"95","session1",-13.7270943953881,10.528456030939,2.11869268739477,0.000433556957133435,0.153258413137986,0.464284693444286,0.533410254922855,3,1,40,0.415053868552936,-0.310624719932759,3,3.76392313372258,0,-14.83624,1474,1,0,12,"both",0.415053868552936,-0.310624719932759
"96","session1",-13.7270943953881,10.528456030939,2.11869268739477,0.000433556957133435,0.153258413137986,0.464284693444286,0.533410254922855,3,1,40,0.415053868552936,-0.310624719932759,3,1.82325189255602,1,-8.80718,1474,1,0,12,"both",0.415053868552936,-0.310624719932759
"97","session1",-13.7270943953881,10.528456030939,2.11869268739477,0.000433556957133435,0.153258413137986,0.464284693444286,0.533410254922855,3,1,40,0.415053868552936,-0.310624719932759,3,1.5881807419023,0,-10.00302,1474,1,0,12,"both",0.415053868552936,-0.310624719932759
"98","session1",-13.7270943953881,10.528456030939,2.11869268739477,0.000433556957133435,0.153258413137986,0.464284693444286,0.533410254922855,3,1,40,0.415053868552936,-0.310624719932759,3,2.25356108685114,0,-7.04257,1474,1,0,12,"both",0.415053868552936,-0.310624719932759
"99","session1",-13.7270943953881,10.528456030939,2.11869268739477,0.000433556957133435,0.153258413137986,0.464284693444286,0.533410254922855,3,1,40,0.415053868552936,-0.310624719932759,3,2.64890171123164,1,-2.04755,1474,1,0,12,"both",0.415053868552936,-0.310624719932759
"100","session1",-13.7270943953881,10.528456030939,2.11869268739477,0.000433556957133435,0.153258413137986,0.464284693444286,0.533410254922855,3,1,40,0.415053868552936,-0.310624719932759,3,3.34295567754907,0,-20.18992,1474,1,0,12,"both",0.415053868552936,-0.310624719932759
"101","session1",-13.7270943953881,10.528456030939,2.11869268739477,0.000433556957133435,0.153258413137986,0.464284693444286,0.533410254922855,3,1,40,0.415053868552936,-0.310624719932759,3,1.49780182522542,1,-3.68898,1474,1,0,12,"both",0.415053868552936,-0.310624719932759
"102","session1",-13.7270943953881,10.528456030939,2.11869268739477,0.000433556957133435,0.153258413137986,0.464284693444286,0.533410254922855,3,1,40,0.415053868552936,-0.310624719932759,3,4.41853669744883,1,-13.9643,1474,1,0,12,"both",0.415053868552936,-0.310624719932759
"103","session1",-13.7270943953881,10.528456030939,2.11869268739477,0.000433556957133435,0.153258413137986,0.464284693444286,0.533410254922855,3,1,40,0.415053868552936,-0.310624719932759,3,1.5363923485659,1,-12.26456,1474,1,0,12,"both",0.415053868552936,-0.310624719932759
"104","session1",-13.7270943953881,10.528456030939,2.11869268739477,0.000433556957133435,0.153258413137986,0.464284693444286,0.533410254922855,3,1,40,0.415053868552936,-0.310624719932759,3,1.67117358584057,0,-8.55579,1474,1,0,12,"both",0.415053868552936,-0.310624719932759
"105","session1",-13.7270943953881,10.528456030939,2.11869268739477,0.000433556957133435,0.153258413137986,0.464284693444286,0.533410254922855,3,1,40,0.415053868552936,-0.310624719932759,3,2.86769334999216,1,2.9675,1474,1,0,12,"both",0.415053868552936,-0.310624719932759
"106","session1",-13.7270943953881,10.528456030939,2.11869268739477,0.000433556957133435,0.153258413137986,0.464284693444286,0.533410254922855,3,1,40,0.415053868552936,-0.310624719932759,3,2.86420855434886,1,-16.42302,1474,1,0,12,"both",0.415053868552936,-0.310624719932759
"107","session1",-13.7270943953881,10.528456030939,2.11869268739477,0.000433556957133435,0.153258413137986,0.464284693444286,0.533410254922855,3,1,40,0.415053868552936,-0.310624719932759,3,1.02859809501159,0,-36.04564,1474,1,0,12,"both",0.415053868552936,-0.310624719932759
"108","session1",-13.7270943953881,10.528456030939,2.11869268739477,0.000433556957133435,0.153258413137986,0.464284693444286,0.533410254922855,3,1,40,0.415053868552936,-0.310624719932759,3,2.13155229245934,1,-1.5519,1474,1,0,12,"both",0.415053868552936,-0.310624719932759
"109","session1",-13.7270943953881,10.528456030939,2.11869268739477,0.000433556957133435,0.153258413137986,0.464284693444286,0.533410254922855,3,1,40,0.415053868552936,-0.310624719932759,3,1.58838935714542,0,-16.28342,1474,1,0,12,"both",0.415053868552936,-0.310624719932759
"110","session1",-13.7270943953881,10.528456030939,2.11869268739477,0.000433556957133435,0.153258413137986,0.464284693444286,0.533410254922855,3,1,40,0.415053868552936,-0.310624719932759,3,3.03926355294873,1,-8.99,1474,1,0,12,"both",0.415053868552936,-0.310624719932759
"111","session1",-13.7270943953881,10.528456030939,2.11869268739477,0.000433556957133435,0.153258413137986,0.464284693444286,0.533410254922855,3,1,40,0.415053868552936,-0.310624719932759,3,2.33321150282324,1,11.4383,1474,1,0,12,"both",0.415053868552936,-0.310624719932759
"112","session1",-13.7270943953881,10.528456030939,2.11869268739477,0.000433556957133435,0.153258413137986,0.464284693444286,0.533410254922855,3,1,40,0.415053868552936,-0.310624719932759,3,1.49425848958649,1,-7.37335,1474,1,0,12,"both",0.415053868552936,-0.310624719932759
"113","session1",-13.7270943953881,10.528456030939,2.11869268739477,0.000433556957133435,0.153258413137986,0.464284693444286,0.533410254922855,3,1,40,0.415053868552936,-0.310624719932759,3,1.65710553837255,0,-16.12243,1474,1,0,12,"both",0.415053868552936,-0.310624719932759
"114","session1",-13.7270943953881,10.528456030939,2.11869268739477,0.000433556957133435,0.153258413137986,0.464284693444286,0.533410254922855,3,1,40,0.415053868552936,-0.310624719932759,3,2.83146609080808,1,-22.9363,1474,1,0,12,"both",0.415053868552936,-0.310624719932759
"115","session1",-13.7270943953881,10.528456030939,2.11869268739477,0.000433556957133435,0.153258413137986,0.464284693444286,0.533410254922855,3,1,40,0.415053868552936,-0.310624719932759,3,1.28081211163061,1,-5.01512,1474,1,0,12,"both",0.415053868552936,-0.310624719932759
"116","session1",-13.7270943953881,10.528456030939,2.11869268739477,0.000433556957133435,0.153258413137986,0.464284693444286,0.533410254922855,3,1,40,0.415053868552936,-0.310624719932759,3,3.07430894040524,1,-10.18339,1474,1,0,12,"both",0.415053868552936,-0.310624719932759
"117","session1",-13.7270943953881,10.528456030939,2.11869268739477,0.000433556957133435,0.153258413137986,0.464284693444286,0.533410254922855,3,1,40,0.415053868552936,-0.310624719932759,3,1.99917294194166,1,-23.0402,1474,1,0,12,"both",0.415053868552936,-0.310624719932759
"118","session1",-13.7270943953881,10.528456030939,2.11869268739477,0.000433556957133435,0.153258413137986,0.464284693444286,0.533410254922855,3,1,40,0.415053868552936,-0.310624719932759,3,1.75670659424773,0,-27.4901,1474,1,0,12,"both",0.415053868552936,-0.310624719932759
"119","session1",-13.7270943953881,10.528456030939,2.11869268739477,0.000433556957133435,0.153258413137986,0.464284693444286,0.533410254922855,3,1,40,0.415053868552936,-0.310624719932759,3,1.24581244208396,1,23.31328,1474,1,0,12,"both",0.415053868552936,-0.310624719932759
"120","session1",-13.7270943953881,10.528456030939,2.11869268739477,0.000433556957133435,0.153258413137986,0.464284693444286,0.533410254922855,3,1,40,0.415053868552936,-0.310624719932759,3,1.85778507213522,0,-18.81027,1474,1,0,12,"both",0.415053868552936,-0.310624719932759
"121","session1",-36.7227646473175,15.9256302306802,3.33537511881229,1.70437522931548e-06,-0.152794799197003,0.545204238124333,0.720821200369624,4,1,40,0.415053868552936,-0.310624719932759,4,1.96105691413487,1,-7.9222673773,1474,1,0,12,"both",0.415053868552936,-0.310624719932759
"122","session1",-36.7227646473175,15.9256302306802,3.33537511881229,1.70437522931548e-06,-0.152794799197003,0.545204238124333,0.720821200369624,4,1,40,0.415053868552936,-0.310624719932759,4,1.83938903499895,1,-10.93557785338,1474,1,0,12,"both",0.415053868552936,-0.310624719932759
"123","session1",-36.7227646473175,15.9256302306802,3.33537511881229,1.70437522931548e-06,-0.152794799197003,0.545204238124333,0.720821200369624,4,1,40,0.415053868552936,-0.310624719932759,4,1.60613537229918,1,-17.9229649978,1474,1,0,12,"both",0.415053868552936,-0.310624719932759
"124","session1",-36.7227646473175,15.9256302306802,3.33537511881229,1.70437522931548e-06,-0.152794799197003,0.545204238124333,0.720821200369624,4,1,40,0.415053868552936,-0.310624719932759,4,2.08590016541153,1,-22.776393401,1474,1,0,12,"both",0.415053868552936,-0.310624719932759
"125","session1",-36.7227646473175,15.9256302306802,3.33537511881229,1.70437522931548e-06,-0.152794799197003,0.545204238124333,0.720821200369624,4,1,40,0.415053868552936,-0.310624719932759,4,2.08647625907085,0,-33.13037,1474,1,0,12,"both",0.415053868552936,-0.310624719932759
"126","session1",-36.7227646473175,15.9256302306802,3.33537511881229,1.70437522931548e-06,-0.152794799197003,0.545204238124333,0.720821200369624,4,1,40,0.415053868552936,-0.310624719932759,4,1.52934684215019,1,46.6919,1474,1,0,12,"both",0.415053868552936,-0.310624719932759
"127","session1",-36.7227646473175,15.9256302306802,3.33537511881229,1.70437522931548e-06,-0.152794799197003,0.545204238124333,0.720821200369624,4,1,40,0.415053868552936,-0.310624719932759,4,1.30522922487355,1,-26.37220552,1474,1,0,12,"both",0.415053868552936,-0.310624719932759
"128","session1",-36.7227646473175,15.9256302306802,3.33537511881229,1.70437522931548e-06,-0.152794799197003,0.545204238124333,0.720821200369624,4,1,40,0.415053868552936,-0.310624719932759,4,2.74185384049536,1,-25.17845,1474,1,0,12,"both",0.415053868552936,-0.310624719932759
"129","session1",-36.7227646473175,15.9256302306802,3.33537511881229,1.70437522931548e-06,-0.152794799197003,0.545204238124333,0.720821200369624,4,1,40,0.415053868552936,-0.310624719932759,4,3.518537239408,1,-32.7304,1474,1,0,12,"both",0.415053868552936,-0.310624719932759
"130","session1",-36.7227646473175,15.9256302306802,3.33537511881229,1.70437522931548e-06,-0.152794799197003,0.545204238124333,0.720821200369624,4,1,40,0.415053868552936,-0.310624719932759,4,2.34352559754133,1,-26.3345,1474,1,0,12,"both",0.415053868552936,-0.310624719932759
"131","session1",-36.7227646473175,15.9256302306802,3.33537511881229,1.70437522931548e-06,-0.152794799197003,0.545204238124333,0.720821200369624,4,1,40,0.415053868552936,-0.310624719932759,4,3.50016276865334,0,-34.197038,1474,1,0,12,"both",0.415053868552936,-0.310624719932759
"132","session1",-36.7227646473175,15.9256302306802,3.33537511881229,1.70437522931548e-06,-0.152794799197003,0.545204238124333,0.720821200369624,4,1,40,0.415053868552936,-0.310624719932759,4,1.63874803466131,1,-32.43504,1474,1,0,12,"both",0.415053868552936,-0.310624719932759
"133","session1",-36.7227646473175,15.9256302306802,3.33537511881229,1.70437522931548e-06,-0.152794799197003,0.545204238124333,0.720821200369624,4,1,40,0.415053868552936,-0.310624719932759,4,2.17356221761031,0,-44.85977,1474,1,0,12,"both",0.415053868552936,-0.310624719932759
"134","session1",-36.7227646473175,15.9256302306802,3.33537511881229,1.70437522931548e-06,-0.152794799197003,0.545204238124333,0.720821200369624,4,1,40,0.415053868552936,-0.310624719932759,4,1.72730719753514,0,-34.62304,1474,1,0,12,"both",0.415053868552936,-0.310624719932759
"135","session1",-36.7227646473175,15.9256302306802,3.33537511881229,1.70437522931548e-06,-0.152794799197003,0.545204238124333,0.720821200369624,4,1,40,0.415053868552936,-0.310624719932759,4,4.98455426664129,0,-30.09868,1474,1,0,12,"both",0.415053868552936,-0.310624719932759
"136","session1",-36.7227646473175,15.9256302306802,3.33537511881229,1.70437522931548e-06,-0.152794799197003,0.545204238124333,0.720821200369624,4,1,40,0.415053868552936,-0.310624719932759,4,2.45477660340334,1,-28.9096,1474,1,0,12,"both",0.415053868552936,-0.310624719932759
"137","session1",-36.7227646473175,15.9256302306802,3.33537511881229,1.70437522931548e-06,-0.152794799197003,0.545204238124333,0.720821200369624,4,1,40,0.415053868552936,-0.310624719932759,4,1.21558309279179,1,30.9408,1474,1,0,12,"both",0.415053868552936,-0.310624719932759
"138","session1",-36.7227646473175,15.9256302306802,3.33537511881229,1.70437522931548e-06,-0.152794799197003,0.545204238124333,0.720821200369624,4,1,40,0.415053868552936,-0.310624719932759,4,2.22303096799078,0,-34.7706,1474,1,0,12,"both",0.415053868552936,-0.310624719932759
"139","session1",-36.7227646473175,15.9256302306802,3.33537511881229,1.70437522931548e-06,-0.152794799197003,0.545204238124333,0.720821200369624,4,1,40,0.415053868552936,-0.310624719932759,4,3.56613695856263,1,-30.13605,1474,1,0,12,"both",0.415053868552936,-0.310624719932759
"140","session1",-36.7227646473175,15.9256302306802,3.33537511881229,1.70437522931548e-06,-0.152794799197003,0.545204238124333,0.720821200369624,4,1,40,0.415053868552936,-0.310624719932759,4,2.64366052042309,1,-35.84076,1474,1,0,12,"both",0.415053868552936,-0.310624719932759
"141","session1",-36.7227646473175,15.9256302306802,3.33537511881229,1.70437522931548e-06,-0.152794799197003,0.545204238124333,0.720821200369624,4,1,40,0.415053868552936,-0.310624719932759,4,1.41263031912566,0,-40.20038,1474,1,0,12,"both",0.415053868552936,-0.310624719932759
"142","session1",-36.7227646473175,15.9256302306802,3.33537511881229,1.70437522931548e-06,-0.152794799197003,0.545204238124333,0.720821200369624,4,1,40,0.415053868552936,-0.310624719932759,4,1.73040754866261,1,-30.52186,1474,1,0,12,"both",0.415053868552936,-0.310624719932759
"143","session1",-36.7227646473175,15.9256302306802,3.33537511881229,1.70437522931548e-06,-0.152794799197003,0.545204238124333,0.720821200369624,4,1,40,0.415053868552936,-0.310624719932759,4,2.20135633978886,1,-31.37177,1474,1,0,12,"both",0.415053868552936,-0.310624719932759
"144","session1",-36.7227646473175,15.9256302306802,3.33537511881229,1.70437522931548e-06,-0.152794799197003,0.545204238124333,0.720821200369624,4,1,40,0.415053868552936,-0.310624719932759,4,2.26697641327421,1,-27.08864,1474,1,0,12,"both",0.415053868552936,-0.310624719932759
"145","session1",-36.7227646473175,15.9256302306802,3.33537511881229,1.70437522931548e-06,-0.152794799197003,0.545204238124333,0.720821200369624,4,1,40,0.415053868552936,-0.310624719932759,4,8,0,-29.47617,1474,1,0,12,"both",0.415053868552936,-0.310624719932759
"146","session1",-36.7227646473175,15.9256302306802,3.33537511881229,1.70437522931548e-06,-0.152794799197003,0.545204238124333,0.720821200369624,4,1,40,0.415053868552936,-0.310624719932759,4,1.17836411553338,1,-29.23795,1474,1,0,12,"both",0.415053868552936,-0.310624719932759
"147","session1",-36.7227646473175,15.9256302306802,3.33537511881229,1.70437522931548e-06,-0.152794799197003,0.545204238124333,0.720821200369624,4,1,40,0.415053868552936,-0.310624719932759,4,1.95730032812798,1,-13.953,1474,1,0,12,"both",0.415053868552936,-0.310624719932759
"148","session1",-36.7227646473175,15.9256302306802,3.33537511881229,1.70437522931548e-06,-0.152794799197003,0.545204238124333,0.720821200369624,4,1,40,0.415053868552936,-0.310624719932759,4,2.91370685874352,1,-27.29415,1474,1,0,12,"both",0.415053868552936,-0.310624719932759
"149","session1",-36.7227646473175,15.9256302306802,3.33537511881229,1.70437522931548e-06,-0.152794799197003,0.545204238124333,0.720821200369624,4,1,40,0.415053868552936,-0.310624719932759,4,1.82373021749742,0,-30.84992,1474,1,0,12,"both",0.415053868552936,-0.310624719932759
"150","session1",-36.7227646473175,15.9256302306802,3.33537511881229,1.70437522931548e-06,-0.152794799197003,0.545204238124333,0.720821200369624,4,1,40,0.415053868552936,-0.310624719932759,4,3.2152614550629,0,-30.06381,1474,1,0,12,"both",0.415053868552936,-0.310624719932759
"151","session1",-36.7227646473175,15.9256302306802,3.33537511881229,1.70437522931548e-06,-0.152794799197003,0.545204238124333,0.720821200369624,4,1,40,0.415053868552936,-0.310624719932759,4,1.51697575287828,1,-22.17061,1474,1,0,12,"both",0.415053868552936,-0.310624719932759
"152","session1",-36.7227646473175,15.9256302306802,3.33537511881229,1.70437522931548e-06,-0.152794799197003,0.545204238124333,0.720821200369624,4,1,40,0.415053868552936,-0.310624719932759,4,3.26376952863788,0,-30.42307,1474,1,0,12,"both",0.415053868552936,-0.310624719932759
"153","session1",-36.7227646473175,15.9256302306802,3.33537511881229,1.70437522931548e-06,-0.152794799197003,0.545204238124333,0.720821200369624,4,1,40,0.415053868552936,-0.310624719932759,4,3.60244192139703,0,-33.24273,1474,1,0,12,"both",0.415053868552936,-0.310624719932759
"154","session1",-36.7227646473175,15.9256302306802,3.33537511881229,1.70437522931548e-06,-0.152794799197003,0.545204238124333,0.720821200369624,4,1,40,0.415053868552936,-0.310624719932759,4,8,1,-31.60929,1474,1,0,12,"both",0.415053868552936,-0.310624719932759
"155","session1",-36.7227646473175,15.9256302306802,3.33537511881229,1.70437522931548e-06,-0.152794799197003,0.545204238124333,0.720821200369624,4,1,40,0.415053868552936,-0.310624719932759,4,2.62798777642991,1,-37.65783,1474,1,0,12,"both",0.415053868552936,-0.310624719932759
"156","session1",-36.7227646473175,15.9256302306802,3.33537511881229,1.70437522931548e-06,-0.152794799197003,0.545204238124333,0.720821200369624,4,1,40,0.415053868552936,-0.310624719932759,4,1.20973523355859,0,-46.93727,1474,1,0,12,"both",0.415053868552936,-0.310624719932759
"157","session1",-36.7227646473175,15.9256302306802,3.33537511881229,1.70437522931548e-06,-0.152794799197003,0.545204238124333,0.720821200369624,4,1,40,0.415053868552936,-0.310624719932759,4,3.42616236476137,1,-40.92489,1474,1,0,12,"both",0.415053868552936,-0.310624719932759
"158","session1",-36.7227646473175,15.9256302306802,3.33537511881229,1.70437522931548e-06,-0.152794799197003,0.545204238124333,0.720821200369624,4,1,40,0.415053868552936,-0.310624719932759,4,3.96749391285321,1,-36.46929,1474,1,0,12,"both",0.415053868552936,-0.310624719932759
"159","session1",-36.7227646473175,15.9256302306802,3.33537511881229,1.70437522931548e-06,-0.152794799197003,0.545204238124333,0.720821200369624,4,1,40,0.415053868552936,-0.310624719932759,4,2.54938245663126,1,-44.80371,1474,1,0,12,"both",0.415053868552936,-0.310624719932759
"160","session1",-36.7227646473175,15.9256302306802,3.33537511881229,1.70437522931548e-06,-0.152794799197003,0.545204238124333,0.720821200369624,4,1,40,0.415053868552936,-0.310624719932759,4,4.53224967249214,1,-35.6000452,1474,1,0,12,"both",0.415053868552936,-0.310624719932759
"161","session1",-1.54061273353016,4.93977120463621,1.64491915507547,0.022165357509025,0.743663067721733,0.593795054582284,0.551903305705469,5,1,40,0.415053868552936,-0.310624719932759,5,2.63162261299058,0,-6.2781350757,1474,1,0,12,"both",0.415053868552936,-0.310624719932759
"162","session1",-1.54061273353016,4.93977120463621,1.64491915507547,0.022165357509025,0.743663067721733,0.593795054582284,0.551903305705469,5,1,40,0.415053868552936,-0.310624719932759,5,2.42318206032203,1,7.114281607,1474,1,0,12,"both",0.415053868552936,-0.310624719932759
"163","session1",-1.54061273353016,4.93977120463621,1.64491915507547,0.022165357509025,0.743663067721733,0.593795054582284,0.551903305705469,5,1,40,0.415053868552936,-0.310624719932759,5,3.40409526636194,1,-0.36090762251,1474,1,0,12,"both",0.415053868552936,-0.310624719932759
"164","session1",-1.54061273353016,4.93977120463621,1.64491915507547,0.022165357509025,0.743663067721733,0.593795054582284,0.551903305705469,5,1,40,0.415053868552936,-0.310624719932759,5,8,0,-4.1681893024,1474,1,0,12,"both",0.415053868552936,-0.310624719932759
"165","session1",-1.54061273353016,4.93977120463621,1.64491915507547,0.022165357509025,0.743663067721733,0.593795054582284,0.551903305705469,5,1,40,0.415053868552936,-0.310624719932759,5,3.62483267527621,1,3.95926,1474,1,0,12,"both",0.415053868552936,-0.310624719932759
"166","session1",-1.54061273353016,4.93977120463621,1.64491915507547,0.022165357509025,0.743663067721733,0.593795054582284,0.551903305705469,5,1,40,0.415053868552936,-0.310624719932759,5,5.96965564696918,1,-1.95441,1474,1,0,12,"both",0.415053868552936,-0.310624719932759
"167","session1",-1.54061273353016,4.93977120463621,1.64491915507547,0.022165357509025,0.743663067721733,0.593795054582284,0.551903305705469,5,1,40,0.415053868552936,-0.310624719932759,5,3.93111532960024,0,-32.98244,1474,1,0,12,"both",0.415053868552936,-0.310624719932759
"168","session1",-1.54061273353016,4.93977120463621,1.64491915507547,0.022165357509025,0.743663067721733,0.593795054582284,0.551903305705469,5,1,40,0.415053868552936,-0.310624719932759,5,8,1,0.267724,1474,1,0,12,"both",0.415053868552936,-0.310624719932759
"169","session1",-1.54061273353016,4.93977120463621,1.64491915507547,0.022165357509025,0.743663067721733,0.593795054582284,0.551903305705469,5,1,40,0.415053868552936,-0.310624719932759,5,3.73091559495279,0,-17.03085,1474,1,0,12,"both",0.415053868552936,-0.310624719932759
"170","session1",-1.54061273353016,4.93977120463621,1.64491915507547,0.022165357509025,0.743663067721733,0.593795054582284,0.551903305705469,5,1,40,0.415053868552936,-0.310624719932759,5,3.13266187406154,1,-8.9539,1474,1,0,12,"both",0.415053868552936,-0.310624719932759
"171","session1",-1.54061273353016,4.93977120463621,1.64491915507547,0.022165357509025,0.743663067721733,0.593795054582284,0.551903305705469,5,1,40,0.415053868552936,-0.310624719932759,5,2.07447646814697,0,-2.14735,1474,1,0,12,"both",0.415053868552936,-0.310624719932759
"172","session1",-1.54061273353016,4.93977120463621,1.64491915507547,0.022165357509025,0.743663067721733,0.593795054582284,0.551903305705469,5,1,40,0.415053868552936,-0.310624719932759,5,3.50994114449019,1,-5.63655250024,1474,1,0,12,"both",0.415053868552936,-0.310624719932759
"173","session1",-1.54061273353016,4.93977120463621,1.64491915507547,0.022165357509025,0.743663067721733,0.593795054582284,0.551903305705469,5,1,40,0.415053868552936,-0.310624719932759,5,2.25054178057671,0,-0.23857,1474,1,0,12,"both",0.415053868552936,-0.310624719932759
"174","session1",-1.54061273353016,4.93977120463621,1.64491915507547,0.022165357509025,0.743663067721733,0.593795054582284,0.551903305705469,5,1,40,0.415053868552936,-0.310624719932759,5,6.73983785295105,0,-3.34024,1474,1,0,12,"both",0.415053868552936,-0.310624719932759
"175","session1",-1.54061273353016,4.93977120463621,1.64491915507547,0.022165357509025,0.743663067721733,0.593795054582284,0.551903305705469,5,1,40,0.415053868552936,-0.310624719932759,5,2.30617546328648,1,3.89097,1474,1,0,12,"both",0.415053868552936,-0.310624719932759
"176","session1",-1.54061273353016,4.93977120463621,1.64491915507547,0.022165357509025,0.743663067721733,0.593795054582284,0.551903305705469,5,1,40,0.415053868552936,-0.310624719932759,5,8,0,-42.8551,1474,1,0,12,"both",0.415053868552936,-0.310624719932759
"177","session1",-1.54061273353016,4.93977120463621,1.64491915507547,0.022165357509025,0.743663067721733,0.593795054582284,0.551903305705469,5,1,40,0.415053868552936,-0.310624719932759,5,1.96680934070004,1,2.95161,1474,1,0,12,"both",0.415053868552936,-0.310624719932759
"178","session1",-1.54061273353016,4.93977120463621,1.64491915507547,0.022165357509025,0.743663067721733,0.593795054582284,0.551903305705469,5,1,40,0.415053868552936,-0.310624719932759,5,1.60873026059346,0,-35.1233,1474,1,0,12,"both",0.415053868552936,-0.310624719932759
"179","session1",-1.54061273353016,4.93977120463621,1.64491915507547,0.022165357509025,0.743663067721733,0.593795054582284,0.551903305705469,5,1,40,0.415053868552936,-0.310624719932759,5,3.76551541821043,0,-15.52396,1474,1,0,12,"both",0.415053868552936,-0.310624719932759
"180","session1",-1.54061273353016,4.93977120463621,1.64491915507547,0.022165357509025,0.743663067721733,0.593795054582284,0.551903305705469,5,1,40,0.415053868552936,-0.310624719932759,5,3.93586161790525,1,4.54072,1474,1,0,12,"both",0.415053868552936,-0.310624719932759
"181","session1",-1.54061273353016,4.93977120463621,1.64491915507547,0.022165357509025,0.743663067721733,0.593795054582284,0.551903305705469,5,1,40,0.415053868552936,-0.310624719932759,5,1.87176621307346,0,-9.18106,1474,1,0,12,"both",0.415053868552936,-0.310624719932759
"182","session1",-1.54061273353016,4.93977120463621,1.64491915507547,0.022165357509025,0.743663067721733,0.593795054582284,0.551903305705469,5,1,40,0.415053868552936,-0.310624719932759,5,4.46693902979496,1,3.75985,1474,1,0,12,"both",0.415053868552936,-0.310624719932759
"183","session1",-1.54061273353016,4.93977120463621,1.64491915507547,0.022165357509025,0.743663067721733,0.593795054582284,0.551903305705469,5,1,40,0.415053868552936,-0.310624719932759,5,1.84387120243826,0,-23.58093,1474,1,0,12,"both",0.415053868552936,-0.310624719932759
"184","session1",-1.54061273353016,4.93977120463621,1.64491915507547,0.022165357509025,0.743663067721733,0.593795054582284,0.551903305705469,5,1,40,0.415053868552936,-0.310624719932759,5,3.51912807449638,1,7.86822,1474,1,0,12,"both",0.415053868552936,-0.310624719932759
"185","session1",-1.54061273353016,4.93977120463621,1.64491915507547,0.022165357509025,0.743663067721733,0.593795054582284,0.551903305705469,5,1,40,0.415053868552936,-0.310624719932759,5,3.25420260144909,0,-2.78977,1474,1,0,12,"both",0.415053868552936,-0.310624719932759
"186","session1",-1.54061273353016,4.93977120463621,1.64491915507547,0.022165357509025,0.743663067721733,0.593795054582284,0.551903305705469,5,1,40,0.415053868552936,-0.310624719932759,5,3.14761113479643,0,-3.80829,1474,1,0,12,"both",0.415053868552936,-0.310624719932759
"187","session1",-1.54061273353016,4.93977120463621,1.64491915507547,0.022165357509025,0.743663067721733,0.593795054582284,0.551903305705469,5,1,40,0.415053868552936,-0.310624719932759,5,8,1,-1.74722,1474,1,0,12,"both",0.415053868552936,-0.310624719932759
"188","session1",-1.54061273353016,4.93977120463621,1.64491915507547,0.022165357509025,0.743663067721733,0.593795054582284,0.551903305705469,5,1,40,0.415053868552936,-0.310624719932759,5,4.57749701686977,1,-1.4078,1474,1,0,12,"both",0.415053868552936,-0.310624719932759
"189","session1",-1.54061273353016,4.93977120463621,1.64491915507547,0.022165357509025,0.743663067721733,0.593795054582284,0.551903305705469,5,1,40,0.415053868552936,-0.310624719932759,5,2.29779720885728,0,-10.70823,1474,1,0,12,"both",0.415053868552936,-0.310624719932759
"190","session1",-1.54061273353016,4.93977120463621,1.64491915507547,0.022165357509025,0.743663067721733,0.593795054582284,0.551903305705469,5,1,40,0.415053868552936,-0.310624719932759,5,1.13852594320586,1,-5.69208,1474,1,0,12,"both",0.415053868552936,-0.310624719932759
"191","session1",-1.54061273353016,4.93977120463621,1.64491915507547,0.022165357509025,0.743663067721733,0.593795054582284,0.551903305705469,5,1,40,0.415053868552936,-0.310624719932759,5,4.41848820681793,0,-10.87604,1474,1,0,12,"both",0.415053868552936,-0.310624719932759
"192","session1",-1.54061273353016,4.93977120463621,1.64491915507547,0.022165357509025,0.743663067721733,0.593795054582284,0.551903305705469,5,1,40,0.415053868552936,-0.310624719932759,5,2.18148012595667,0,2.042277,1474,1,0,12,"both",0.415053868552936,-0.310624719932759
"193","session1",-1.54061273353016,4.93977120463621,1.64491915507547,0.022165357509025,0.743663067721733,0.593795054582284,0.551903305705469,5,1,40,0.415053868552936,-0.310624719932759,5,6.83637658931218,0,-2.5991595,1474,1,0,12,"both",0.415053868552936,-0.310624719932759
"194","session1",-1.54061273353016,4.93977120463621,1.64491915507547,0.022165357509025,0.743663067721733,0.593795054582284,0.551903305705469,5,1,40,0.415053868552936,-0.310624719932759,5,1.60962848350239,0,-7.72319,1474,1,0,12,"both",0.415053868552936,-0.310624719932759
"195","session1",-1.54061273353016,4.93977120463621,1.64491915507547,0.022165357509025,0.743663067721733,0.593795054582284,0.551903305705469,5,1,40,0.415053868552936,-0.310624719932759,5,2.13801153364733,0,-6.862158,1474,1,0,12,"both",0.415053868552936,-0.310624719932759
"196","session1",-1.54061273353016,4.93977120463621,1.64491915507547,0.022165357509025,0.743663067721733,0.593795054582284,0.551903305705469,5,1,40,0.415053868552936,-0.310624719932759,5,3.11833741261364,1,11.756349,1474,1,0,12,"both",0.415053868552936,-0.310624719932759
"197","session1",-1.54061273353016,4.93977120463621,1.64491915507547,0.022165357509025,0.743663067721733,0.593795054582284,0.551903305705469,5,1,40,0.415053868552936,-0.310624719932759,5,2.63132075170488,1,5.9635024,1474,1,0,12,"both",0.415053868552936,-0.310624719932759
"198","session1",-1.54061273353016,4.93977120463621,1.64491915507547,0.022165357509025,0.743663067721733,0.593795054582284,0.551903305705469,5,1,40,0.415053868552936,-0.310624719932759,5,6.44517046111499,0,4.400342,1474,1,0,12,"both",0.415053868552936,-0.310624719932759
"199","session1",-1.54061273353016,4.93977120463621,1.64491915507547,0.022165357509025,0.743663067721733,0.593795054582284,0.551903305705469,5,1,40,0.415053868552936,-0.310624719932759,5,1.93762541915774,1,5.3145,1474,1,0,12,"both",0.415053868552936,-0.310624719932759
"200","session1",-1.54061273353016,4.93977120463621,1.64491915507547,0.022165357509025,0.743663067721733,0.593795054582284,0.551903305705469,5,1,40,0.415053868552936,-0.310624719932759,5,2.50757245142877,0,-13.65849,1474,1,0,12,"both",0.415053868552936,-0.310624719932759
"201","session1",-7.29867084835527,11.8061525228155,2.19358906632063,0.0192377820946278,0.561589198354109,0.472704918422336,0.453093090896855,6,1,40,0.415053868552936,-0.310624719932759,6,3.28131826070237,0,-9.1261546526,1474,1,0,12,"both",0.415053868552936,-0.310624719932759
"202","session1",-7.29867084835527,11.8061525228155,2.19358906632063,0.0192377820946278,0.561589198354109,0.472704918422336,0.453093090896855,6,1,40,0.415053868552936,-0.310624719932759,6,2.42685147085848,1,6.50113552254,1474,1,0,12,"both",0.415053868552936,-0.310624719932759
"203","session1",-7.29867084835527,11.8061525228155,2.19358906632063,0.0192377820946278,0.561589198354109,0.472704918422336,0.453093090896855,6,1,40,0.415053868552936,-0.310624719932759,6,3.25650014007466,0,-0.87795672994,1474,1,0,12,"both",0.415053868552936,-0.310624719932759
"204","session1",-7.29867084835527,11.8061525228155,2.19358906632063,0.0192377820946278,0.561589198354109,0.472704918422336,0.453093090896855,6,1,40,0.415053868552936,-0.310624719932759,6,2.86626178325526,1,4.361619075,1474,1,0,12,"both",0.415053868552936,-0.310624719932759
"205","session1",-7.29867084835527,11.8061525228155,2.19358906632063,0.0192377820946278,0.561589198354109,0.472704918422336,0.453093090896855,6,1,40,0.415053868552936,-0.310624719932759,6,3.34600459659474,0,-16.097354,1474,1,0,12,"both",0.415053868552936,-0.310624719932759
"206","session1",-7.29867084835527,11.8061525228155,2.19358906632063,0.0192377820946278,0.561589198354109,0.472704918422336,0.453093090896855,6,1,40,0.415053868552936,-0.310624719932759,6,2.19213494356248,1,1.5696644421,1474,1,0,12,"both",0.415053868552936,-0.310624719932759
"207","session1",-7.29867084835527,11.8061525228155,2.19358906632063,0.0192377820946278,0.561589198354109,0.472704918422336,0.453093090896855,6,1,40,0.415053868552936,-0.310624719932759,6,3.66373255385836,1,-0.8535081865,1474,1,0,12,"both",0.415053868552936,-0.310624719932759
"208","session1",-7.29867084835527,11.8061525228155,2.19358906632063,0.0192377820946278,0.561589198354109,0.472704918422336,0.453093090896855,6,1,40,0.415053868552936,-0.310624719932759,6,4.39654849614492,1,-15.99987,1474,1,0,12,"both",0.415053868552936,-0.310624719932759
"209","session1",-7.29867084835527,11.8061525228155,2.19358906632063,0.0192377820946278,0.561589198354109,0.472704918422336,0.453093090896855,6,1,40,0.415053868552936,-0.310624719932759,6,2.09436018433236,0,-18.5817,1474,1,0,12,"both",0.415053868552936,-0.310624719932759
"210","session1",-7.29867084835527,11.8061525228155,2.19358906632063,0.0192377820946278,0.561589198354109,0.472704918422336,0.453093090896855,6,1,40,0.415053868552936,-0.310624719932759,6,2.98582776050793,1,-5.98071,1474,1,0,12,"both",0.415053868552936,-0.310624719932759
"211","session1",-7.29867084835527,11.8061525228155,2.19358906632063,0.0192377820946278,0.561589198354109,0.472704918422336,0.453093090896855,6,1,40,0.415053868552936,-0.310624719932759,6,1.75218004791355,1,41.61867,1474,1,0,12,"both",0.415053868552936,-0.310624719932759
"212","session1",-7.29867084835527,11.8061525228155,2.19358906632063,0.0192377820946278,0.561589198354109,0.472704918422336,0.453093090896855,6,1,40,0.415053868552936,-0.310624719932759,6,3.78043721614765,0,-15.44598,1474,1,0,12,"both",0.415053868552936,-0.310624719932759
"213","session1",-7.29867084835527,11.8061525228155,2.19358906632063,0.0192377820946278,0.561589198354109,0.472704918422336,0.453093090896855,6,1,40,0.415053868552936,-0.310624719932759,6,4.98443778404747,1,-4.0421,1474,1,0,12,"both",0.415053868552936,-0.310624719932759
"214","session1",-7.29867084835527,11.8061525228155,2.19358906632063,0.0192377820946278,0.561589198354109,0.472704918422336,0.453093090896855,6,1,40,0.415053868552936,-0.310624719932759,6,3.06096984682086,1,-2.15329,1474,1,0,12,"both",0.415053868552936,-0.310624719932759
"215","session1",-7.29867084835527,11.8061525228155,2.19358906632063,0.0192377820946278,0.561589198354109,0.472704918422336,0.453093090896855,6,1,40,0.415053868552936,-0.310624719932759,6,1.71513375021398,1,30.8889,1474,1,0,12,"both",0.415053868552936,-0.310624719932759
"216","session1",-7.29867084835527,11.8061525228155,2.19358906632063,0.0192377820946278,0.561589198354109,0.472704918422336,0.453093090896855,6,1,40,0.415053868552936,-0.310624719932759,6,2.03601313497995,1,-5.80509,1474,1,0,12,"both",0.415053868552936,-0.310624719932759
"217","session1",-7.29867084835527,11.8061525228155,2.19358906632063,0.0192377820946278,0.561589198354109,0.472704918422336,0.453093090896855,6,1,40,0.415053868552936,-0.310624719932759,6,4.24201227840727,1,-0.870370000000001,1474,1,0,12,"both",0.415053868552936,-0.310624719932759
"218","session1",-7.29867084835527,11.8061525228155,2.19358906632063,0.0192377820946278,0.561589198354109,0.472704918422336,0.453093090896855,6,1,40,0.415053868552936,-0.310624719932759,6,3.38307951264447,1,-10.81279,1474,1,0,12,"both",0.415053868552936,-0.310624719932759
"219","session1",-7.29867084835527,11.8061525228155,2.19358906632063,0.0192377820946278,0.561589198354109,0.472704918422336,0.453093090896855,6,1,40,0.415053868552936,-0.310624719932759,6,3.97073413338842,0,-9.98263,1474,1,0,12,"both",0.415053868552936,-0.310624719932759
"220","session1",-7.29867084835527,11.8061525228155,2.19358906632063,0.0192377820946278,0.561589198354109,0.472704918422336,0.453093090896855,6,1,40,0.415053868552936,-0.310624719932759,6,3.13155592310142,0,-18.63594,1474,1,0,12,"both",0.415053868552936,-0.310624719932759
"221","session1",-7.29867084835527,11.8061525228155,2.19358906632063,0.0192377820946278,0.561589198354109,0.472704918422336,0.453093090896855,6,1,40,0.415053868552936,-0.310624719932759,6,5.30070291273543,0,-3.5913,1474,1,0,12,"both",0.415053868552936,-0.310624719932759
"222","session1",-7.29867084835527,11.8061525228155,2.19358906632063,0.0192377820946278,0.561589198354109,0.472704918422336,0.453093090896855,6,1,40,0.415053868552936,-0.310624719932759,6,4.04560914836236,1,-30.68168,1474,1,0,12,"both",0.415053868552936,-0.310624719932759
"223","session1",-7.29867084835527,11.8061525228155,2.19358906632063,0.0192377820946278,0.561589198354109,0.472704918422336,0.453093090896855,6,1,40,0.415053868552936,-0.310624719932759,6,3.79932446833501,0,-10.54995,1474,1,0,12,"both",0.415053868552936,-0.310624719932759
"224","session1",-7.29867084835527,11.8061525228155,2.19358906632063,0.0192377820946278,0.561589198354109,0.472704918422336,0.453093090896855,6,1,40,0.415053868552936,-0.310624719932759,6,3.1865697944871,0,-16.14155,1474,1,0,12,"both",0.415053868552936,-0.310624719932759
"225","session1",-7.29867084835527,11.8061525228155,2.19358906632063,0.0192377820946278,0.561589198354109,0.472704918422336,0.453093090896855,6,1,40,0.415053868552936,-0.310624719932759,6,3.1145282651572,1,6.09727,1474,1,0,12,"both",0.415053868552936,-0.310624719932759
"226","session1",-7.29867084835527,11.8061525228155,2.19358906632063,0.0192377820946278,0.561589198354109,0.472704918422336,0.453093090896855,6,1,40,0.415053868552936,-0.310624719932759,6,4.41968188630366,0,-30.98232,1474,1,0,12,"both",0.415053868552936,-0.310624719932759
"227","session1",-7.29867084835527,11.8061525228155,2.19358906632063,0.0192377820946278,0.561589198354109,0.472704918422336,0.453093090896855,6,1,40,0.415053868552936,-0.310624719932759,6,1.75298486224338,0,-18.91317,1474,1,0,12,"both",0.415053868552936,-0.310624719932759
"228","session1",-7.29867084835527,11.8061525228155,2.19358906632063,0.0192377820946278,0.561589198354109,0.472704918422336,0.453093090896855,6,1,40,0.415053868552936,-0.310624719932759,6,3.28853720629647,0,-6.14694,1474,1,0,12,"both",0.415053868552936,-0.310624719932759
"229","session1",-7.29867084835527,11.8061525228155,2.19358906632063,0.0192377820946278,0.561589198354109,0.472704918422336,0.453093090896855,6,1,40,0.415053868552936,-0.310624719932759,6,3.56960519700501,1,-1.475014,1474,1,0,12,"both",0.415053868552936,-0.310624719932759
"230","session1",-7.29867084835527,11.8061525228155,2.19358906632063,0.0192377820946278,0.561589198354109,0.472704918422336,0.453093090896855,6,1,40,0.415053868552936,-0.310624719932759,6,2.46877416369945,0,-23.76467,1474,1,0,12,"both",0.415053868552936,-0.310624719932759
"231","session1",-7.29867084835527,11.8061525228155,2.19358906632063,0.0192377820946278,0.561589198354109,0.472704918422336,0.453093090896855,6,1,40,0.415053868552936,-0.310624719932759,6,3.71968315759115,0,-32.8656,1474,1,0,12,"both",0.415053868552936,-0.310624719932759
"232","session1",-7.29867084835527,11.8061525228155,2.19358906632063,0.0192377820946278,0.561589198354109,0.472704918422336,0.453093090896855,6,1,40,0.415053868552936,-0.310624719932759,6,5.50051172452357,0,-3.20364,1474,1,0,12,"both",0.415053868552936,-0.310624719932759
"233","session1",-7.29867084835527,11.8061525228155,2.19358906632063,0.0192377820946278,0.561589198354109,0.472704918422336,0.453093090896855,6,1,40,0.415053868552936,-0.310624719932759,6,3.12690751444336,0,-4.31941,1474,1,0,12,"both",0.415053868552936,-0.310624719932759
"234","session1",-7.29867084835527,11.8061525228155,2.19358906632063,0.0192377820946278,0.561589198354109,0.472704918422336,0.453093090896855,6,1,40,0.415053868552936,-0.310624719932759,6,3.94315072547974,1,-10.19431,1474,1,0,12,"both",0.415053868552936,-0.310624719932759
"235","session1",-7.29867084835527,11.8061525228155,2.19358906632063,0.0192377820946278,0.561589198354109,0.472704918422336,0.453093090896855,6,1,40,0.415053868552936,-0.310624719932759,6,3.80504185643441,1,-1.79243,1474,1,0,12,"both",0.415053868552936,-0.310624719932759
"236","session1",-7.29867084835527,11.8061525228155,2.19358906632063,0.0192377820946278,0.561589198354109,0.472704918422336,0.453093090896855,6,1,40,0.415053868552936,-0.310624719932759,6,2.45186178128347,1,11.64487,1474,1,0,12,"both",0.415053868552936,-0.310624719932759
"237","session1",-7.29867084835527,11.8061525228155,2.19358906632063,0.0192377820946278,0.561589198354109,0.472704918422336,0.453093090896855,6,1,40,0.415053868552936,-0.310624719932759,6,1.62965026210309,0,-11.68224,1474,1,0,12,"both",0.415053868552936,-0.310624719932759
"238","session1",-7.29867084835527,11.8061525228155,2.19358906632063,0.0192377820946278,0.561589198354109,0.472704918422336,0.453093090896855,6,1,40,0.415053868552936,-0.310624719932759,6,4.704737141129,0,-8.32219,1474,1,0,12,"both",0.415053868552936,-0.310624719932759
"239","session1",-7.29867084835527,11.8061525228155,2.19358906632063,0.0192377820946278,0.561589198354109,0.472704918422336,0.453093090896855,6,1,40,0.415053868552936,-0.310624719932759,6,1.30508479839696,1,25.06781,1474,1,0,12,"both",0.415053868552936,-0.310624719932759
"240","session1",-7.29867084835527,11.8061525228155,2.19358906632063,0.0192377820946278,0.561589198354109,0.472704918422336,0.453093090896855,6,1,40,0.415053868552936,-0.310624719932759,6,1.77973236181133,1,-1.31548,1474,1,0,12,"both",0.415053868552936,-0.310624719932759
"241","session1",8.8181362778264,10.7986182434847,1.6012799797325,0.000663412729101047,0.467605463280282,0.479739713469594,0.437003840620506,7,1,40,0.415053868552936,-0.310624719932759,7,2.13053048261434,0,-6.3812692897,1474,1,0,12,"both",0.415053868552936,-0.310624719932759
"242","session1",8.8181362778264,10.7986182434847,1.6012799797325,0.000663412729101047,0.467605463280282,0.479739713469594,0.437003840620506,7,1,40,0.415053868552936,-0.310624719932759,7,3.17474067267231,0,9.7967717099,1474,1,0,12,"both",0.415053868552936,-0.310624719932759
"243","session1",8.8181362778264,10.7986182434847,1.6012799797325,0.000663412729101047,0.467605463280282,0.479739713469594,0.437003840620506,7,1,40,0.415053868552936,-0.310624719932759,7,2.95804835609781,1,12.1153824548,1474,1,0,12,"both",0.415053868552936,-0.310624719932759
"244","session1",8.8181362778264,10.7986182434847,1.6012799797325,0.000663412729101047,0.467605463280282,0.479739713469594,0.437003840620506,7,1,40,0.415053868552936,-0.310624719932759,7,4.3810645242429,1,5.6649012262,1474,1,0,12,"both",0.415053868552936,-0.310624719932759
"245","session1",8.8181362778264,10.7986182434847,1.6012799797325,0.000663412729101047,0.467605463280282,0.479739713469594,0.437003840620506,7,1,40,0.415053868552936,-0.310624719932759,7,1.76377180799536,1,22.18593,1474,1,0,12,"both",0.415053868552936,-0.310624719932759
"246","session1",8.8181362778264,10.7986182434847,1.6012799797325,0.000663412729101047,0.467605463280282,0.479739713469594,0.437003840620506,7,1,40,0.415053868552936,-0.310624719932759,7,2.20275939993514,0,-24.2624,1474,1,0,12,"both",0.415053868552936,-0.310624719932759
"247","session1",8.8181362778264,10.7986182434847,1.6012799797325,0.000663412729101047,0.467605463280282,0.479739713469594,0.437003840620506,7,1,40,0.415053868552936,-0.310624719932759,7,1.62229813942677,0,-8.268727,1474,1,0,12,"both",0.415053868552936,-0.310624719932759
"248","session1",8.8181362778264,10.7986182434847,1.6012799797325,0.000663412729101047,0.467605463280282,0.479739713469594,0.437003840620506,7,1,40,0.415053868552936,-0.310624719932759,7,2.7827373291139,0,24.50546,1474,1,0,12,"both",0.415053868552936,-0.310624719932759
"249","session1",8.8181362778264,10.7986182434847,1.6012799797325,0.000663412729101047,0.467605463280282,0.479739713469594,0.437003840620506,7,1,40,0.415053868552936,-0.310624719932759,7,4.67193553374602,0,6.6908663822,1474,1,0,12,"both",0.415053868552936,-0.310624719932759
"250","session1",8.8181362778264,10.7986182434847,1.6012799797325,0.000663412729101047,0.467605463280282,0.479739713469594,0.437003840620506,7,1,40,0.415053868552936,-0.310624719932759,7,1.79803815267579,0,-16.06145,1474,1,0,12,"both",0.415053868552936,-0.310624719932759
"251","session1",8.8181362778264,10.7986182434847,1.6012799797325,0.000663412729101047,0.467605463280282,0.479739713469594,0.437003840620506,7,1,40,0.415053868552936,-0.310624719932759,7,2.94507618074617,1,12.535466563,1474,1,0,12,"both",0.415053868552936,-0.310624719932759
"252","session1",8.8181362778264,10.7986182434847,1.6012799797325,0.000663412729101047,0.467605463280282,0.479739713469594,0.437003840620506,7,1,40,0.415053868552936,-0.310624719932759,7,2.07984159304052,0,-25.29659,1474,1,0,12,"both",0.415053868552936,-0.310624719932759
"253","session1",8.8181362778264,10.7986182434847,1.6012799797325,0.000663412729101047,0.467605463280282,0.479739713469594,0.437003840620506,7,1,40,0.415053868552936,-0.310624719932759,7,3.84920641604274,1,9.80025190262,1474,1,0,12,"both",0.415053868552936,-0.310624719932759
"254","session1",8.8181362778264,10.7986182434847,1.6012799797325,0.000663412729101047,0.467605463280282,0.479739713469594,0.437003840620506,7,1,40,0.415053868552936,-0.310624719932759,7,4.82226309929032,0,2.24725,1474,1,0,12,"both",0.415053868552936,-0.310624719932759
"255","session1",8.8181362778264,10.7986182434847,1.6012799797325,0.000663412729101047,0.467605463280282,0.479739713469594,0.437003840620506,7,1,40,0.415053868552936,-0.310624719932759,7,3.40950110609149,0,13.11351,1474,1,0,12,"both",0.415053868552936,-0.310624719932759
"256","session1",8.8181362778264,10.7986182434847,1.6012799797325,0.000663412729101047,0.467605463280282,0.479739713469594,0.437003840620506,7,1,40,0.415053868552936,-0.310624719932759,7,1.94085025257396,0,0.7059,1474,1,0,12,"both",0.415053868552936,-0.310624719932759
"257","session1",8.8181362778264,10.7986182434847,1.6012799797325,0.000663412729101047,0.467605463280282,0.479739713469594,0.437003840620506,7,1,40,0.415053868552936,-0.310624719932759,7,1.95930671780537,1,28.9623,1474,1,0,12,"both",0.415053868552936,-0.310624719932759
"258","session1",8.8181362778264,10.7986182434847,1.6012799797325,0.000663412729101047,0.467605463280282,0.479739713469594,0.437003840620506,7,1,40,0.415053868552936,-0.310624719932759,7,2.16555549461938,1,26.30941,1474,1,0,12,"both",0.415053868552936,-0.310624719932759
"259","session1",8.8181362778264,10.7986182434847,1.6012799797325,0.000663412729101047,0.467605463280282,0.479739713469594,0.437003840620506,7,1,40,0.415053868552936,-0.310624719932759,7,5.90347575339992,0,-0.62933,1474,1,0,12,"both",0.415053868552936,-0.310624719932759
"260","session1",8.8181362778264,10.7986182434847,1.6012799797325,0.000663412729101047,0.467605463280282,0.479739713469594,0.437003840620506,7,1,40,0.415053868552936,-0.310624719932759,7,2.05608674279726,1,11.79005,1474,1,0,12,"both",0.415053868552936,-0.310624719932759
"261","session1",8.8181362778264,10.7986182434847,1.6012799797325,0.000663412729101047,0.467605463280282,0.479739713469594,0.437003840620506,7,1,40,0.415053868552936,-0.310624719932759,7,7.33086737464596,1,14.89225,1474,1,0,12,"both",0.415053868552936,-0.310624719932759
"262","session1",8.8181362778264,10.7986182434847,1.6012799797325,0.000663412729101047,0.467605463280282,0.479739713469594,0.437003840620506,7,1,40,0.415053868552936,-0.310624719932759,7,2.3227804561249,0,15.90361,1474,1,0,12,"both",0.415053868552936,-0.310624719932759
"263","session1",8.8181362778264,10.7986182434847,1.6012799797325,0.000663412729101047,0.467605463280282,0.479739713469594,0.437003840620506,7,1,40,0.415053868552936,-0.310624719932759,7,2.91366106380502,1,40.20855,1474,1,0,12,"both",0.415053868552936,-0.310624719932759
"264","session1",8.8181362778264,10.7986182434847,1.6012799797325,0.000663412729101047,0.467605463280282,0.479739713469594,0.437003840620506,7,1,40,0.415053868552936,-0.310624719932759,7,1.08826364901085,0,-4.98,1474,1,0,12,"both",0.415053868552936,-0.310624719932759
"265","session1",8.8181362778264,10.7986182434847,1.6012799797325,0.000663412729101047,0.467605463280282,0.479739713469594,0.437003840620506,7,1,40,0.415053868552936,-0.310624719932759,7,1.71339111480674,1,19.13368,1474,1,0,12,"both",0.415053868552936,-0.310624719932759
"266","session1",8.8181362778264,10.7986182434847,1.6012799797325,0.000663412729101047,0.467605463280282,0.479739713469594,0.437003840620506,7,1,40,0.415053868552936,-0.310624719932759,7,4.28355721192638,1,4.35368,1474,1,0,12,"both",0.415053868552936,-0.310624719932759
"267","session1",8.8181362778264,10.7986182434847,1.6012799797325,0.000663412729101047,0.467605463280282,0.479739713469594,0.437003840620506,7,1,40,0.415053868552936,-0.310624719932759,7,4.64279012275043,0,10.28032,1474,1,0,12,"both",0.415053868552936,-0.310624719932759
"268","session1",8.8181362778264,10.7986182434847,1.6012799797325,0.000663412729101047,0.467605463280282,0.479739713469594,0.437003840620506,7,1,40,0.415053868552936,-0.310624719932759,7,2.8975399107349,0,3.4363,1474,1,0,12,"both",0.415053868552936,-0.310624719932759
"269","session1",8.8181362778264,10.7986182434847,1.6012799797325,0.000663412729101047,0.467605463280282,0.479739713469594,0.437003840620506,7,1,40,0.415053868552936,-0.310624719932759,7,1.88113284876833,0,-2.63983,1474,1,0,12,"both",0.415053868552936,-0.310624719932759
"270","session1",8.8181362778264,10.7986182434847,1.6012799797325,0.000663412729101047,0.467605463280282,0.479739713469594,0.437003840620506,7,1,40,0.415053868552936,-0.310624719932759,7,3.43456821375577,1,0.5883,1474,1,0,12,"both",0.415053868552936,-0.310624719932759
"271","session1",8.8181362778264,10.7986182434847,1.6012799797325,0.000663412729101047,0.467605463280282,0.479739713469594,0.437003840620506,7,1,40,0.415053868552936,-0.310624719932759,7,2.70881363701497,0,3.40187,1474,1,0,12,"both",0.415053868552936,-0.310624719932759
"272","session1",8.8181362778264,10.7986182434847,1.6012799797325,0.000663412729101047,0.467605463280282,0.479739713469594,0.437003840620506,7,1,40,0.415053868552936,-0.310624719932759,7,2.65427794302868,0,-0.72156,1474,1,0,12,"both",0.415053868552936,-0.310624719932759
"273","session1",8.8181362778264,10.7986182434847,1.6012799797325,0.000663412729101047,0.467605463280282,0.479739713469594,0.437003840620506,7,1,40,0.415053868552936,-0.310624719932759,7,4.53471550897629,1,21.4415,1474,1,0,12,"both",0.415053868552936,-0.310624719932759
"274","session1",8.8181362778264,10.7986182434847,1.6012799797325,0.000663412729101047,0.467605463280282,0.479739713469594,0.437003840620506,7,1,40,0.415053868552936,-0.310624719932759,7,2.79873921177581,0,4.75837,1474,1,0,12,"both",0.415053868552936,-0.310624719932759
"275","session1",8.8181362778264,10.7986182434847,1.6012799797325,0.000663412729101047,0.467605463280282,0.479739713469594,0.437003840620506,7,1,40,0.415053868552936,-0.310624719932759,7,2.02115217697295,0,2.2914,1474,1,0,12,"both",0.415053868552936,-0.310624719932759
"276","session1",8.8181362778264,10.7986182434847,1.6012799797325,0.000663412729101047,0.467605463280282,0.479739713469594,0.437003840620506,7,1,40,0.415053868552936,-0.310624719932759,7,1.89977939022193,1,24.66672,1474,1,0,12,"both",0.415053868552936,-0.310624719932759
"277","session1",8.8181362778264,10.7986182434847,1.6012799797325,0.000663412729101047,0.467605463280282,0.479739713469594,0.437003840620506,7,1,40,0.415053868552936,-0.310624719932759,7,2.55071080646425,0,-1.0032,1474,1,0,12,"both",0.415053868552936,-0.310624719932759
"278","session1",8.8181362778264,10.7986182434847,1.6012799797325,0.000663412729101047,0.467605463280282,0.479739713469594,0.437003840620506,7,1,40,0.415053868552936,-0.310624719932759,7,2.15361352423205,0,8.45108,1474,1,0,12,"both",0.415053868552936,-0.310624719932759
"279","session1",8.8181362778264,10.7986182434847,1.6012799797325,0.000663412729101047,0.467605463280282,0.479739713469594,0.437003840620506,7,1,40,0.415053868552936,-0.310624719932759,7,2.89244881282261,0,4.26387,1474,1,0,12,"both",0.415053868552936,-0.310624719932759
"280","session1",8.8181362778264,10.7986182434847,1.6012799797325,0.000663412729101047,0.467605463280282,0.479739713469594,0.437003840620506,7,1,40,0.415053868552936,-0.310624719932759,7,4.60259962053484,1,3.93708,1474,1,0,12,"both",0.415053868552936,-0.310624719932759
"281","session1",-8.04548901087874,6.43005446100926,3.06459245027725,0.00654640318574347,-0.301173325738088,0.876749952489802,0.960858379774293,8,1,40,0.415053868552936,-0.310624719932759,8,4.61279933784566,0,-9.45643619248,1474,1,0,12,"both",0.415053868552936,-0.310624719932759
"282","session1",-8.04548901087874,6.43005446100926,3.06459245027725,0.00654640318574347,-0.301173325738088,0.876749952489802,0.960858379774293,8,1,40,0.415053868552936,-0.310624719932759,8,2.64943404116647,1,5.4960418798,1474,1,0,12,"both",0.415053868552936,-0.310624719932759
"283","session1",-8.04548901087874,6.43005446100926,3.06459245027725,0.00654640318574347,-0.301173325738088,0.876749952489802,0.960858379774293,8,1,40,0.415053868552936,-0.310624719932759,8,1.61332068546538,1,-0.7220885986,1474,1,0,12,"both",0.415053868552936,-0.310624719932759
"284","session1",-8.04548901087874,6.43005446100926,3.06459245027725,0.00654640318574347,-0.301173325738088,0.876749952489802,0.960858379774293,8,1,40,0.415053868552936,-0.310624719932759,8,1.83575042983674,0,-6.69633248424,1474,1,0,12,"both",0.415053868552936,-0.310624719932759
"285","session1",-8.04548901087874,6.43005446100926,3.06459245027725,0.00654640318574347,-0.301173325738088,0.876749952489802,0.960858379774293,8,1,40,0.415053868552936,-0.310624719932759,8,4.32040518900065,1,-3.3361458126,1474,1,0,12,"both",0.415053868552936,-0.310624719932759
"286","session1",-8.04548901087874,6.43005446100926,3.06459245027725,0.00654640318574347,-0.301173325738088,0.876749952489802,0.960858379774293,8,1,40,0.415053868552936,-0.310624719932759,8,4.75062761687469,1,5.84194,1474,1,0,12,"both",0.415053868552936,-0.310624719932759
"287","session1",-8.04548901087874,6.43005446100926,3.06459245027725,0.00654640318574347,-0.301173325738088,0.876749952489802,0.960858379774293,8,1,40,0.415053868552936,-0.310624719932759,8,1.22175260066131,0,-9.98499,1474,1,0,12,"both",0.415053868552936,-0.310624719932759
"288","session1",-8.04548901087874,6.43005446100926,3.06459245027725,0.00654640318574347,-0.301173325738088,0.876749952489802,0.960858379774293,8,1,40,0.415053868552936,-0.310624719932759,8,1.36615537051783,0,-16.33001,1474,1,0,12,"both",0.415053868552936,-0.310624719932759
"289","session1",-8.04548901087874,6.43005446100926,3.06459245027725,0.00654640318574347,-0.301173325738088,0.876749952489802,0.960858379774293,8,1,40,0.415053868552936,-0.310624719932759,8,1.39985370796856,1,16.36368,1474,1,0,12,"both",0.415053868552936,-0.310624719932759
"290","session1",-8.04548901087874,6.43005446100926,3.06459245027725,0.00654640318574347,-0.301173325738088,0.876749952489802,0.960858379774293,8,1,40,0.415053868552936,-0.310624719932759,8,2.29447717978671,1,-4.77954,1474,1,0,12,"both",0.415053868552936,-0.310624719932759
"291","session1",-8.04548901087874,6.43005446100926,3.06459245027725,0.00654640318574347,-0.301173325738088,0.876749952489802,0.960858379774293,8,1,40,0.415053868552936,-0.310624719932759,8,1.86070740394173,1,-8.36183,1474,1,0,12,"both",0.415053868552936,-0.310624719932759
"292","session1",-8.04548901087874,6.43005446100926,3.06459245027725,0.00654640318574347,-0.301173325738088,0.876749952489802,0.960858379774293,8,1,40,0.415053868552936,-0.310624719932759,8,1.50097708840973,0,-19.53698,1474,1,0,12,"both",0.415053868552936,-0.310624719932759
"293","session1",-8.04548901087874,6.43005446100926,3.06459245027725,0.00654640318574347,-0.301173325738088,0.876749952489802,0.960858379774293,8,1,40,0.415053868552936,-0.310624719932759,8,3.12584071134107,0,-10.54386,1474,1,0,12,"both",0.415053868552936,-0.310624719932759
"294","session1",-8.04548901087874,6.43005446100926,3.06459245027725,0.00654640318574347,-0.301173325738088,0.876749952489802,0.960858379774293,8,1,40,0.415053868552936,-0.310624719932759,8,2.09036930504103,0,-14.31408,1474,1,0,12,"both",0.415053868552936,-0.310624719932759
"295","session1",-8.04548901087874,6.43005446100926,3.06459245027725,0.00654640318574347,-0.301173325738088,0.876749952489802,0.960858379774293,8,1,40,0.415053868552936,-0.310624719932759,8,3.27202021653947,0,-12.79968,1474,1,0,12,"both",0.415053868552936,-0.310624719932759
"296","session1",-8.04548901087874,6.43005446100926,3.06459245027725,0.00654640318574347,-0.301173325738088,0.876749952489802,0.960858379774293,8,1,40,0.415053868552936,-0.310624719932759,8,1.95201140358563,1,-7.85988,1474,1,0,12,"both",0.415053868552936,-0.310624719932759
"297","session1",-8.04548901087874,6.43005446100926,3.06459245027725,0.00654640318574347,-0.301173325738088,0.876749952489802,0.960858379774293,8,1,40,0.415053868552936,-0.310624719932759,8,3.50919251758023,0,-10.69925,1474,1,0,12,"both",0.415053868552936,-0.310624719932759
"298","session1",-8.04548901087874,6.43005446100926,3.06459245027725,0.00654640318574347,-0.301173325738088,0.876749952489802,0.960858379774293,8,1,40,0.415053868552936,-0.310624719932759,8,6.45541696645228,0,-9.58752,1474,1,0,12,"both",0.415053868552936,-0.310624719932759
"299","session1",-8.04548901087874,6.43005446100926,3.06459245027725,0.00654640318574347,-0.301173325738088,0.876749952489802,0.960858379774293,8,1,40,0.415053868552936,-0.310624719932759,8,2.03333254159326,1,-16.64273,1474,1,0,12,"both",0.415053868552936,-0.310624719932759
"300","session1",-8.04548901087874,6.43005446100926,3.06459245027725,0.00654640318574347,-0.301173325738088,0.876749952489802,0.960858379774293,8,1,40,0.415053868552936,-0.310624719932759,8,3.67879347364256,1,-5.22777,1474,1,0,12,"both",0.415053868552936,-0.310624719932759
"301","session1",-8.04548901087874,6.43005446100926,3.06459245027725,0.00654640318574347,-0.301173325738088,0.876749952489802,0.960858379774293,8,1,40,0.415053868552936,-0.310624719932759,8,4.4081051294937,0,-4.28596,1474,1,0,12,"both",0.415053868552936,-0.310624719932759
"302","session1",-8.04548901087874,6.43005446100926,3.06459245027725,0.00654640318574347,-0.301173325738088,0.876749952489802,0.960858379774293,8,1,40,0.415053868552936,-0.310624719932759,8,3.48482493929479,1,-1.33432,1474,1,0,12,"both",0.415053868552936,-0.310624719932759
"303","session1",-8.04548901087874,6.43005446100926,3.06459245027725,0.00654640318574347,-0.301173325738088,0.876749952489802,0.960858379774293,8,1,40,0.415053868552936,-0.310624719932759,8,1.53067720670547,1,-4.82054,1474,1,0,12,"both",0.415053868552936,-0.310624719932759
"304","session1",-8.04548901087874,6.43005446100926,3.06459245027725,0.00654640318574347,-0.301173325738088,0.876749952489802,0.960858379774293,8,1,40,0.415053868552936,-0.310624719932759,8,3.90720557358104,0,-7.88396,1474,1,0,12,"both",0.415053868552936,-0.310624719932759
"305","session1",-8.04548901087874,6.43005446100926,3.06459245027725,0.00654640318574347,-0.301173325738088,0.876749952489802,0.960858379774293,8,1,40,0.415053868552936,-0.310624719932759,8,1.37620938299463,0,-11.64893,1474,1,0,12,"both",0.415053868552936,-0.310624719932759
"306","session1",-8.04548901087874,6.43005446100926,3.06459245027725,0.00654640318574347,-0.301173325738088,0.876749952489802,0.960858379774293,8,1,40,0.415053868552936,-0.310624719932759,8,1.56111596072132,0,-9.95292,1474,1,0,12,"both",0.415053868552936,-0.310624719932759
"307","session1",-8.04548901087874,6.43005446100926,3.06459245027725,0.00654640318574347,-0.301173325738088,0.876749952489802,0.960858379774293,8,1,40,0.415053868552936,-0.310624719932759,8,3.30095008828933,0,-9.23597,1474,1,0,12,"both",0.415053868552936,-0.310624719932759
"308","session1",-8.04548901087874,6.43005446100926,3.06459245027725,0.00654640318574347,-0.301173325738088,0.876749952489802,0.960858379774293,8,1,40,0.415053868552936,-0.310624719932759,8,1.5921114330384,1,-11.15794,1474,1,0,12,"both",0.415053868552936,-0.310624719932759
"309","session1",-8.04548901087874,6.43005446100926,3.06459245027725,0.00654640318574347,-0.301173325738088,0.876749952489802,0.960858379774293,8,1,40,0.415053868552936,-0.310624719932759,8,1.73586654927388,0,-3.8413,1474,1,0,12,"both",0.415053868552936,-0.310624719932759
"310","session1",-8.04548901087874,6.43005446100926,3.06459245027725,0.00654640318574347,-0.301173325738088,0.876749952489802,0.960858379774293,8,1,40,0.415053868552936,-0.310624719932759,8,3.72510906484117,1,-7.74725,1474,1,0,12,"both",0.415053868552936,-0.310624719932759
"311","session1",-8.04548901087874,6.43005446100926,3.06459245027725,0.00654640318574347,-0.301173325738088,0.876749952489802,0.960858379774293,8,1,40,0.415053868552936,-0.310624719932759,8,2.35203566908034,1,-4.61983,1474,1,0,12,"both",0.415053868552936,-0.310624719932759
"312","session1",-8.04548901087874,6.43005446100926,3.06459245027725,0.00654640318574347,-0.301173325738088,0.876749952489802,0.960858379774293,8,1,40,0.415053868552936,-0.310624719932759,8,1.40937358523924,1,-8.19847,1474,1,0,12,"both",0.415053868552936,-0.310624719932759
"313","session1",-8.04548901087874,6.43005446100926,3.06459245027725,0.00654640318574347,-0.301173325738088,0.876749952489802,0.960858379774293,8,1,40,0.415053868552936,-0.310624719932759,8,1.55823064097658,0,-9.82137,1474,1,0,12,"both",0.415053868552936,-0.310624719932759
"314","session1",-8.04548901087874,6.43005446100926,3.06459245027725,0.00654640318574347,-0.301173325738088,0.876749952489802,0.960858379774293,8,1,40,0.415053868552936,-0.310624719932759,8,2.12153909456504,1,-4.09988,1474,1,0,12,"both",0.415053868552936,-0.310624719932759
"315","session1",-8.04548901087874,6.43005446100926,3.06459245027725,0.00654640318574347,-0.301173325738088,0.876749952489802,0.960858379774293,8,1,40,0.415053868552936,-0.310624719932759,8,1.34749349350847,1,-4.30478,1474,1,0,12,"both",0.415053868552936,-0.310624719932759
"316","session1",-8.04548901087874,6.43005446100926,3.06459245027725,0.00654640318574347,-0.301173325738088,0.876749952489802,0.960858379774293,8,1,40,0.415053868552936,-0.310624719932759,8,2.7281500012428,0,-3.97014,1474,1,0,12,"both",0.415053868552936,-0.310624719932759
"317","session1",-8.04548901087874,6.43005446100926,3.06459245027725,0.00654640318574347,-0.301173325738088,0.876749952489802,0.960858379774293,8,1,40,0.415053868552936,-0.310624719932759,8,1.14987967061936,1,-2.18058,1474,1,0,12,"both",0.415053868552936,-0.310624719932759
"318","session1",-8.04548901087874,6.43005446100926,3.06459245027725,0.00654640318574347,-0.301173325738088,0.876749952489802,0.960858379774293,8,1,40,0.415053868552936,-0.310624719932759,8,2.38040910551507,1,-9.56463,1474,1,0,12,"both",0.415053868552936,-0.310624719932759
"319","session1",-8.04548901087874,6.43005446100926,3.06459245027725,0.00654640318574347,-0.301173325738088,0.876749952489802,0.960858379774293,8,1,40,0.415053868552936,-0.310624719932759,8,1.92561014811171,0,-28.8833,1474,1,0,12,"both",0.415053868552936,-0.310624719932759
"320","session1",-8.04548901087874,6.43005446100926,3.06459245027725,0.00654640318574347,-0.301173325738088,0.876749952489802,0.960858379774293,8,1,40,0.415053868552936,-0.310624719932759,8,1.96241579500828,1,-2.5011,1474,1,0,12,"both",0.415053868552936,-0.310624719932759
"321","session1",2.06081113853156,14.1947444467377,1.63618077798764,0.00145781168253597,0.302800534718106,0.501313247623959,0.550593475039181,9,1,40,0.415053868552936,-0.310624719932759,9,1.39887124283208,0,-9.59941824509,1474,1,0,12,"both",0.415053868552936,-0.310624719932759
"322","session1",2.06081113853156,14.1947444467377,1.63618077798764,0.00145781168253597,0.302800534718106,0.501313247623959,0.550593475039181,9,1,40,0.415053868552936,-0.310624719932759,9,1.55842177189812,1,8.121140598,1474,1,0,12,"both",0.415053868552936,-0.310624719932759
"323","session1",2.06081113853156,14.1947444467377,1.63618077798764,0.00145781168253597,0.302800534718106,0.501313247623959,0.550593475039181,9,1,40,0.415053868552936,-0.310624719932759,9,1.80649809528312,0,0.3239023822,1474,1,0,12,"both",0.415053868552936,-0.310624719932759
"324","session1",2.06081113853156,14.1947444467377,1.63618077798764,0.00145781168253597,0.302800534718106,0.501313247623959,0.550593475039181,9,1,40,0.415053868552936,-0.310624719932759,9,2.84717297122639,0,3.8617165929,1474,1,0,12,"both",0.415053868552936,-0.310624719932759
"325","session1",2.06081113853156,14.1947444467377,1.63618077798764,0.00145781168253597,0.302800534718106,0.501313247623959,0.550593475039181,9,1,40,0.415053868552936,-0.310624719932759,9,3.20263541617386,1,8.01454,1474,1,0,12,"both",0.415053868552936,-0.310624719932759
"326","session1",2.06081113853156,14.1947444467377,1.63618077798764,0.00145781168253597,0.302800534718106,0.501313247623959,0.550593475039181,9,1,40,0.415053868552936,-0.310624719932759,9,2.14121963414973,1,5.27609788746,1474,1,0,12,"both",0.415053868552936,-0.310624719932759
"327","session1",2.06081113853156,14.1947444467377,1.63618077798764,0.00145781168253597,0.302800534718106,0.501313247623959,0.550593475039181,9,1,40,0.415053868552936,-0.310624719932759,9,3.8019590964341,0,2.7305744,1474,1,0,12,"both",0.415053868552936,-0.310624719932759
"328","session1",2.06081113853156,14.1947444467377,1.63618077798764,0.00145781168253597,0.302800534718106,0.501313247623959,0.550593475039181,9,1,40,0.415053868552936,-0.310624719932759,9,1.79662116375769,1,11.6431,1474,1,0,12,"both",0.415053868552936,-0.310624719932759
"329","session1",2.06081113853156,14.1947444467377,1.63618077798764,0.00145781168253597,0.302800534718106,0.501313247623959,0.550593475039181,9,1,40,0.415053868552936,-0.310624719932759,9,2.05639067360323,1,7.97079,1474,1,0,12,"both",0.415053868552936,-0.310624719932759
"330","session1",2.06081113853156,14.1947444467377,1.63618077798764,0.00145781168253597,0.302800534718106,0.501313247623959,0.550593475039181,9,1,40,0.415053868552936,-0.310624719932759,9,2.76626198096933,1,4.5059309254,1474,1,0,12,"both",0.415053868552936,-0.310624719932759
"331","session1",2.06081113853156,14.1947444467377,1.63618077798764,0.00145781168253597,0.302800534718106,0.501313247623959,0.550593475039181,9,1,40,0.415053868552936,-0.310624719932759,9,3.83451555493643,0,6.70167,1474,1,0,12,"both",0.415053868552936,-0.310624719932759
"332","session1",2.06081113853156,14.1947444467377,1.63618077798764,0.00145781168253597,0.302800534718106,0.501313247623959,0.550593475039181,9,1,40,0.415053868552936,-0.310624719932759,9,1.32822925564752,1,34.21787,1474,1,0,12,"both",0.415053868552936,-0.310624719932759
"333","session1",2.06081113853156,14.1947444467377,1.63618077798764,0.00145781168253597,0.302800534718106,0.501313247623959,0.550593475039181,9,1,40,0.415053868552936,-0.310624719932759,9,3.29490781618788,1,7.02523,1474,1,0,12,"both",0.415053868552936,-0.310624719932759
"334","session1",2.06081113853156,14.1947444467377,1.63618077798764,0.00145781168253597,0.302800534718106,0.501313247623959,0.550593475039181,9,1,40,0.415053868552936,-0.310624719932759,9,2.90684472639553,0,-2.72021,1474,1,0,12,"both",0.415053868552936,-0.310624719932759
"335","session1",2.06081113853156,14.1947444467377,1.63618077798764,0.00145781168253597,0.302800534718106,0.501313247623959,0.550593475039181,9,1,40,0.415053868552936,-0.310624719932759,9,1.99636898842103,1,-4.78748,1474,1,0,12,"both",0.415053868552936,-0.310624719932759
"336","session1",2.06081113853156,14.1947444467377,1.63618077798764,0.00145781168253597,0.302800534718106,0.501313247623959,0.550593475039181,9,1,40,0.415053868552936,-0.310624719932759,9,1.7488888415532,0,-12.92645,1474,1,0,12,"both",0.415053868552936,-0.310624719932759
"337","session1",2.06081113853156,14.1947444467377,1.63618077798764,0.00145781168253597,0.302800534718106,0.501313247623959,0.550593475039181,9,1,40,0.415053868552936,-0.310624719932759,9,4.51559744808987,1,-12.25395,1474,1,0,12,"both",0.415053868552936,-0.310624719932759
"338","session1",2.06081113853156,14.1947444467377,1.63618077798764,0.00145781168253597,0.302800534718106,0.501313247623959,0.550593475039181,9,1,40,0.415053868552936,-0.310624719932759,9,3.11233038379409,1,-1.3,1474,1,0,12,"both",0.415053868552936,-0.310624719932759
"339","session1",2.06081113853156,14.1947444467377,1.63618077798764,0.00145781168253597,0.302800534718106,0.501313247623959,0.550593475039181,9,1,40,0.415053868552936,-0.310624719932759,9,2.01727780210816,0,-3.288880003,1474,1,0,12,"both",0.415053868552936,-0.310624719932759
"340","session1",2.06081113853156,14.1947444467377,1.63618077798764,0.00145781168253597,0.302800534718106,0.501313247623959,0.550593475039181,9,1,40,0.415053868552936,-0.310624719932759,9,2.53367724739617,1,-2.41508,1474,1,0,12,"both",0.415053868552936,-0.310624719932759
"341","session1",2.06081113853156,14.1947444467377,1.63618077798764,0.00145781168253597,0.302800534718106,0.501313247623959,0.550593475039181,9,1,40,0.415053868552936,-0.310624719932759,9,2.18764385004272,1,-3.367376913196,1474,1,0,12,"both",0.415053868552936,-0.310624719932759
"342","session1",2.06081113853156,14.1947444467377,1.63618077798764,0.00145781168253597,0.302800534718106,0.501313247623959,0.550593475039181,9,1,40,0.415053868552936,-0.310624719932759,9,1.78353256123828,0,-18.17684,1474,1,0,12,"both",0.415053868552936,-0.310624719932759
"343","session1",2.06081113853156,14.1947444467377,1.63618077798764,0.00145781168253597,0.302800534718106,0.501313247623959,0.550593475039181,9,1,40,0.415053868552936,-0.310624719932759,9,1.31254068612613,1,14.6456,1474,1,0,12,"both",0.415053868552936,-0.310624719932759
"344","session1",2.06081113853156,14.1947444467377,1.63618077798764,0.00145781168253597,0.302800534718106,0.501313247623959,0.550593475039181,9,1,40,0.415053868552936,-0.310624719932759,9,2.13516609948653,1,11.79435,1474,1,0,12,"both",0.415053868552936,-0.310624719932759
"345","session1",2.06081113853156,14.1947444467377,1.63618077798764,0.00145781168253597,0.302800534718106,0.501313247623959,0.550593475039181,9,1,40,0.415053868552936,-0.310624719932759,9,2.62771692789276,1,24.3861,1474,1,0,12,"both",0.415053868552936,-0.310624719932759
"346","session1",2.06081113853156,14.1947444467377,1.63618077798764,0.00145781168253597,0.302800534718106,0.501313247623959,0.550593475039181,9,1,40,0.415053868552936,-0.310624719932759,9,1.89176693456754,1,2.9675,1474,1,0,12,"both",0.415053868552936,-0.310624719932759
"347","session1",2.06081113853156,14.1947444467377,1.63618077798764,0.00145781168253597,0.302800534718106,0.501313247623959,0.550593475039181,9,1,40,0.415053868552936,-0.310624719932759,9,2.63742285822362,0,-8.63888,1474,1,0,12,"both",0.415053868552936,-0.310624719932759
"348","session1",2.06081113853156,14.1947444467377,1.63618077798764,0.00145781168253597,0.302800534718106,0.501313247623959,0.550593475039181,9,1,40,0.415053868552936,-0.310624719932759,9,2.71917577009419,1,8.34571,1474,1,0,12,"both",0.415053868552936,-0.310624719932759
"349","session1",2.06081113853156,14.1947444467377,1.63618077798764,0.00145781168253597,0.302800534718106,0.501313247623959,0.550593475039181,9,1,40,0.415053868552936,-0.310624719932759,9,1.6464209317314,1,-6.5008,1474,1,0,12,"both",0.415053868552936,-0.310624719932759
"350","session1",2.06081113853156,14.1947444467377,1.63618077798764,0.00145781168253597,0.302800534718106,0.501313247623959,0.550593475039181,9,1,40,0.415053868552936,-0.310624719932759,9,1.59656206809125,0,-18.35196,1474,1,0,12,"both",0.415053868552936,-0.310624719932759
"351","session1",2.06081113853156,14.1947444467377,1.63618077798764,0.00145781168253597,0.302800534718106,0.501313247623959,0.550593475039181,9,1,40,0.415053868552936,-0.310624719932759,9,4.0242618122449,1,5.06159,1474,1,0,12,"both",0.415053868552936,-0.310624719932759
"352","session1",2.06081113853156,14.1947444467377,1.63618077798764,0.00145781168253597,0.302800534718106,0.501313247623959,0.550593475039181,9,1,40,0.415053868552936,-0.310624719932759,9,1.55791743897865,0,-38.8213,1474,1,0,12,"both",0.415053868552936,-0.310624719932759
"353","session1",2.06081113853156,14.1947444467377,1.63618077798764,0.00145781168253597,0.302800534718106,0.501313247623959,0.550593475039181,9,1,40,0.415053868552936,-0.310624719932759,9,2.31350265310518,0,-14.8834,1474,1,0,12,"both",0.415053868552936,-0.310624719932759
"354","session1",2.06081113853156,14.1947444467377,1.63618077798764,0.00145781168253597,0.302800534718106,0.501313247623959,0.550593475039181,9,1,40,0.415053868552936,-0.310624719932759,9,4.14290185070516,1,5.74494,1474,1,0,12,"both",0.415053868552936,-0.310624719932759
"355","session1",2.06081113853156,14.1947444467377,1.63618077798764,0.00145781168253597,0.302800534718106,0.501313247623959,0.550593475039181,9,1,40,0.415053868552936,-0.310624719932759,9,2.35489894674038,0,-11.935106,1474,1,0,12,"both",0.415053868552936,-0.310624719932759
"356","session1",2.06081113853156,14.1947444467377,1.63618077798764,0.00145781168253597,0.302800534718106,0.501313247623959,0.550593475039181,9,1,40,0.415053868552936,-0.310624719932759,9,1.2047014959196,0,-21.39957,1474,1,0,12,"both",0.415053868552936,-0.310624719932759
"357","session1",2.06081113853156,14.1947444467377,1.63618077798764,0.00145781168253597,0.302800534718106,0.501313247623959,0.550593475039181,9,1,40,0.415053868552936,-0.310624719932759,9,5.18433689884152,1,3.2812,1474,1,0,12,"both",0.415053868552936,-0.310624719932759
"358","session1",2.06081113853156,14.1947444467377,1.63618077798764,0.00145781168253597,0.302800534718106,0.501313247623959,0.550593475039181,9,1,40,0.415053868552936,-0.310624719932759,9,2.43790368401194,0,-12.617223,1474,1,0,12,"both",0.415053868552936,-0.310624719932759
"359","session1",2.06081113853156,14.1947444467377,1.63618077798764,0.00145781168253597,0.302800534718106,0.501313247623959,0.550593475039181,9,1,40,0.415053868552936,-0.310624719932759,9,2.16404773522439,1,9.70665,1474,1,0,12,"both",0.415053868552936,-0.310624719932759
"360","session1",2.06081113853156,14.1947444467377,1.63618077798764,0.00145781168253597,0.302800534718106,0.501313247623959,0.550593475039181,9,1,40,0.415053868552936,-0.310624719932759,9,2.19297215295707,1,9.535588,1474,1,0,12,"both",0.415053868552936,-0.310624719932759
"361","session1",-24.7899140303248,14.3223387226997,2.90543421694544,0.0161642649533706,0.34874252942042,0.440963316237148,0.475040362426141,10,1,40,0.415053868552936,-0.310624719932759,10,3.30232701963815,1,-9.582118445,1474,1,0,12,"both",0.415053868552936,-0.310624719932759
"362","session1",-24.7899140303248,14.3223387226997,2.90543421694544,0.0161642649533706,0.34874252942042,0.440963316237148,0.475040362426141,10,1,40,0.415053868552936,-0.310624719932759,10,2.57643010901989,1,-8.8258371712,1474,1,0,12,"both",0.415053868552936,-0.310624719932759
"363","session1",-24.7899140303248,14.3223387226997,2.90543421694544,0.0161642649533706,0.34874252942042,0.440963316237148,0.475040362426141,10,1,40,0.415053868552936,-0.310624719932759,10,3.22687349056376,1,-17.4530894913,1474,1,0,12,"both",0.415053868552936,-0.310624719932759
"364","session1",-24.7899140303248,14.3223387226997,2.90543421694544,0.0161642649533706,0.34874252942042,0.440963316237148,0.475040362426141,10,1,40,0.415053868552936,-0.310624719932759,10,5.99904065915546,0,-21.777914252,1474,1,0,12,"both",0.415053868552936,-0.310624719932759
"365","session1",-24.7899140303248,14.3223387226997,2.90543421694544,0.0161642649533706,0.34874252942042,0.440963316237148,0.475040362426141,10,1,40,0.415053868552936,-0.310624719932759,10,2.13680050155275,1,-19.04837,1474,1,0,12,"both",0.415053868552936,-0.310624719932759
"366","session1",-24.7899140303248,14.3223387226997,2.90543421694544,0.0161642649533706,0.34874252942042,0.440963316237148,0.475040362426141,10,1,40,0.415053868552936,-0.310624719932759,10,2.31818262280021,0,-21.59887724,1474,1,0,12,"both",0.415053868552936,-0.310624719932759
"367","session1",-24.7899140303248,14.3223387226997,2.90543421694544,0.0161642649533706,0.34874252942042,0.440963316237148,0.475040362426141,10,1,40,0.415053868552936,-0.310624719932759,10,2.02485520456691,1,-20.21233,1474,1,0,12,"both",0.415053868552936,-0.310624719932759
"368","session1",-24.7899140303248,14.3223387226997,2.90543421694544,0.0161642649533706,0.34874252942042,0.440963316237148,0.475040362426141,10,1,40,0.415053868552936,-0.310624719932759,10,4.33427746518612,1,-13.4889,1474,1,0,12,"both",0.415053868552936,-0.310624719932759
"369","session1",-24.7899140303248,14.3223387226997,2.90543421694544,0.0161642649533706,0.34874252942042,0.440963316237148,0.475040362426141,10,1,40,0.415053868552936,-0.310624719932759,10,2.29423390058854,1,-16.51525,1474,1,0,12,"both",0.415053868552936,-0.310624719932759
"370","session1",-24.7899140303248,14.3223387226997,2.90543421694544,0.0161642649533706,0.34874252942042,0.440963316237148,0.475040362426141,10,1,40,0.415053868552936,-0.310624719932759,10,4.20914573789458,0,-28.21807,1474,1,0,12,"both",0.415053868552936,-0.310624719932759
"371","session1",-24.7899140303248,14.3223387226997,2.90543421694544,0.0161642649533706,0.34874252942042,0.440963316237148,0.475040362426141,10,1,40,0.415053868552936,-0.310624719932759,10,1.72610705406586,1,-4.3684,1474,1,0,12,"both",0.415053868552936,-0.310624719932759
"372","session1",-24.7899140303248,14.3223387226997,2.90543421694544,0.0161642649533706,0.34874252942042,0.440963316237148,0.475040362426141,10,1,40,0.415053868552936,-0.310624719932759,10,1.96188527578062,1,-19.00592,1474,1,0,12,"both",0.415053868552936,-0.310624719932759
"373","session1",-24.7899140303248,14.3223387226997,2.90543421694544,0.0161642649533706,0.34874252942042,0.440963316237148,0.475040362426141,10,1,40,0.415053868552936,-0.310624719932759,10,2.62744718000292,1,-23.75882,1474,1,0,12,"both",0.415053868552936,-0.310624719932759
"374","session1",-24.7899140303248,14.3223387226997,2.90543421694544,0.0161642649533706,0.34874252942042,0.440963316237148,0.475040362426141,10,1,40,0.415053868552936,-0.310624719932759,10,3.23626727658053,1,-13.32279,1474,1,0,12,"both",0.415053868552936,-0.310624719932759
"375","session1",-24.7899140303248,14.3223387226997,2.90543421694544,0.0161642649533706,0.34874252942042,0.440963316237148,0.475040362426141,10,1,40,0.415053868552936,-0.310624719932759,10,3.38580485789784,1,-24.45226,1474,1,0,12,"both",0.415053868552936,-0.310624719932759
"376","session1",-24.7899140303248,14.3223387226997,2.90543421694544,0.0161642649533706,0.34874252942042,0.440963316237148,0.475040362426141,10,1,40,0.415053868552936,-0.310624719932759,10,1.98957558053026,0,-34.2437,1474,1,0,12,"both",0.415053868552936,-0.310624719932759
"377","session1",-24.7899140303248,14.3223387226997,2.90543421694544,0.0161642649533706,0.34874252942042,0.440963316237148,0.475040362426141,10,1,40,0.415053868552936,-0.310624719932759,10,5.35381555384532,1,-25.64568,1474,1,0,12,"both",0.415053868552936,-0.310624719932759
"378","session1",-24.7899140303248,14.3223387226997,2.90543421694544,0.0161642649533706,0.34874252942042,0.440963316237148,0.475040362426141,10,1,40,0.415053868552936,-0.310624719932759,10,4.27446197980542,1,-15.71171,1474,1,0,12,"both",0.415053868552936,-0.310624719932759
"379","session1",-24.7899140303248,14.3223387226997,2.90543421694544,0.0161642649533706,0.34874252942042,0.440963316237148,0.475040362426141,10,1,40,0.415053868552936,-0.310624719932759,10,4.73928461913566,0,-22.29149,1474,1,0,12,"both",0.415053868552936,-0.310624719932759
"380","session1",-24.7899140303248,14.3223387226997,2.90543421694544,0.0161642649533706,0.34874252942042,0.440963316237148,0.475040362426141,10,1,40,0.415053868552936,-0.310624719932759,10,1.58178650305393,1,-6.1287,1474,1,0,12,"both",0.415053868552936,-0.310624719932759
"381","session1",-24.7899140303248,14.3223387226997,2.90543421694544,0.0161642649533706,0.34874252942042,0.440963316237148,0.475040362426141,10,1,40,0.415053868552936,-0.310624719932759,10,3.59481222910464,0,-21.8491,1474,1,0,12,"both",0.415053868552936,-0.310624719932759
"382","session1",-24.7899140303248,14.3223387226997,2.90543421694544,0.0161642649533706,0.34874252942042,0.440963316237148,0.475040362426141,10,1,40,0.415053868552936,-0.310624719932759,10,2.55729561455786,1,-19.06203,1474,1,0,12,"both",0.415053868552936,-0.310624719932759
"383","session1",-24.7899140303248,14.3223387226997,2.90543421694544,0.0161642649533706,0.34874252942042,0.440963316237148,0.475040362426141,10,1,40,0.415053868552936,-0.310624719932759,10,4.19026408563226,1,-14.10162,1474,1,0,12,"both",0.415053868552936,-0.310624719932759
"384","session1",-24.7899140303248,14.3223387226997,2.90543421694544,0.0161642649533706,0.34874252942042,0.440963316237148,0.475040362426141,10,1,40,0.415053868552936,-0.310624719932759,10,3.33287403533291,0,-24.01703,1474,1,0,12,"both",0.415053868552936,-0.310624719932759
"385","session1",-24.7899140303248,14.3223387226997,2.90543421694544,0.0161642649533706,0.34874252942042,0.440963316237148,0.475040362426141,10,1,40,0.415053868552936,-0.310624719932759,10,3.29488069537408,0,-32.30034,1474,1,0,12,"both",0.415053868552936,-0.310624719932759
"386","session1",-24.7899140303248,14.3223387226997,2.90543421694544,0.0161642649533706,0.34874252942042,0.440963316237148,0.475040362426141,10,1,40,0.415053868552936,-0.310624719932759,10,2.2185782003025,0,-23.81929,1474,1,0,12,"both",0.415053868552936,-0.310624719932759
"387","session1",-24.7899140303248,14.3223387226997,2.90543421694544,0.0161642649533706,0.34874252942042,0.440963316237148,0.475040362426141,10,1,40,0.415053868552936,-0.310624719932759,10,4.28824383628513,0,-30.02742,1474,1,0,12,"both",0.415053868552936,-0.310624719932759
"388","session1",-24.7899140303248,14.3223387226997,2.90543421694544,0.0161642649533706,0.34874252942042,0.440963316237148,0.475040362426141,10,1,40,0.415053868552936,-0.310624719932759,10,1.96360054425383,1,-11.586,1474,1,0,12,"both",0.415053868552936,-0.310624719932759
"389","session1",-24.7899140303248,14.3223387226997,2.90543421694544,0.0161642649533706,0.34874252942042,0.440963316237148,0.475040362426141,10,1,40,0.415053868552936,-0.310624719932759,10,5.51302268895845,1,-33.3693,1474,1,0,12,"both",0.415053868552936,-0.310624719932759
"390","session1",-24.7899140303248,14.3223387226997,2.90543421694544,0.0161642649533706,0.34874252942042,0.440963316237148,0.475040362426141,10,1,40,0.415053868552936,-0.310624719932759,10,2.2324678373708,0,-25.11902,1474,1,0,12,"both",0.415053868552936,-0.310624719932759
"391","session1",-24.7899140303248,14.3223387226997,2.90543421694544,0.0161642649533706,0.34874252942042,0.440963316237148,0.475040362426141,10,1,40,0.415053868552936,-0.310624719932759,10,3.02622246113087,1,-17.50532,1474,1,0,12,"both",0.415053868552936,-0.310624719932759
"392","session1",-24.7899140303248,14.3223387226997,2.90543421694544,0.0161642649533706,0.34874252942042,0.440963316237148,0.475040362426141,10,1,40,0.415053868552936,-0.310624719932759,10,3.31135468932089,0,-26.92481,1474,1,0,12,"both",0.415053868552936,-0.310624719932759
"393","session1",-24.7899140303248,14.3223387226997,2.90543421694544,0.0161642649533706,0.34874252942042,0.440963316237148,0.475040362426141,10,1,40,0.415053868552936,-0.310624719932759,10,2.88365205366355,0,-26.75423,1474,1,0,12,"both",0.415053868552936,-0.310624719932759
"394","session1",-24.7899140303248,14.3223387226997,2.90543421694544,0.0161642649533706,0.34874252942042,0.440963316237148,0.475040362426141,10,1,40,0.415053868552936,-0.310624719932759,10,5.59269284067245,1,-19.46781,1474,1,0,12,"both",0.415053868552936,-0.310624719932759
"395","session1",-24.7899140303248,14.3223387226997,2.90543421694544,0.0161642649533706,0.34874252942042,0.440963316237148,0.475040362426141,10,1,40,0.415053868552936,-0.310624719932759,10,1.80497275754867,0,-26.03627,1474,1,0,12,"both",0.415053868552936,-0.310624719932759
"396","session1",-24.7899140303248,14.3223387226997,2.90543421694544,0.0161642649533706,0.34874252942042,0.440963316237148,0.475040362426141,10,1,40,0.415053868552936,-0.310624719932759,10,2.51400907343869,0,-28.40464,1474,1,0,12,"both",0.415053868552936,-0.310624719932759
"397","session1",-24.7899140303248,14.3223387226997,2.90543421694544,0.0161642649533706,0.34874252942042,0.440963316237148,0.475040362426141,10,1,40,0.415053868552936,-0.310624719932759,10,3.87828548399108,0,-18.04783,1474,1,0,12,"both",0.415053868552936,-0.310624719932759
"398","session1",-24.7899140303248,14.3223387226997,2.90543421694544,0.0161642649533706,0.34874252942042,0.440963316237148,0.475040362426141,10,1,40,0.415053868552936,-0.310624719932759,10,6.47292504135879,0,-26.0394,1474,1,0,12,"both",0.415053868552936,-0.310624719932759
"399","session1",-24.7899140303248,14.3223387226997,2.90543421694544,0.0161642649533706,0.34874252942042,0.440963316237148,0.475040362426141,10,1,40,0.415053868552936,-0.310624719932759,10,2.25794939963564,1,-17.15557,1474,1,0,12,"both",0.415053868552936,-0.310624719932759
"400","session1",-24.7899140303248,14.3223387226997,2.90543421694544,0.0161642649533706,0.34874252942042,0.440963316237148,0.475040362426141,10,1,40,0.415053868552936,-0.310624719932759,10,2.24772088994532,0,-15.6009,1474,1,0,12,"both",0.415053868552936,-0.310624719932759
"401","session1",-18.802963557276,13.1320795722349,3.07728003118645,0.0190835232465896,-0.318582893692513,0.768736116122583,0.890684385426492,11,1,40,0.415053868552936,-0.310624719932759,11,3.38116613240537,1,-6.0136829244,1474,1,0,12,"both",0.415053868552936,-0.310624719932759
"402","session1",-18.802963557276,13.1320795722349,3.07728003118645,0.0190835232465896,-0.318582893692513,0.768736116122583,0.890684385426492,11,1,40,0.415053868552936,-0.310624719932759,11,1.38800136190676,0,-11.753875082686,1474,1,0,12,"both",0.415053868552936,-0.310624719932759
"403","session1",-18.802963557276,13.1320795722349,3.07728003118645,0.0190835232465896,-0.318582893692513,0.768736116122583,0.890684385426492,11,1,40,0.415053868552936,-0.310624719932759,11,7.0118490464689,1,-6.54288101836,1474,1,0,12,"both",0.415053868552936,-0.310624719932759
"404","session1",-18.802963557276,13.1320795722349,3.07728003118645,0.0190835232465896,-0.318582893692513,0.768736116122583,0.890684385426492,11,1,40,0.415053868552936,-0.310624719932759,11,2.45515916902694,1,-8.0909864789,1474,1,0,12,"both",0.415053868552936,-0.310624719932759
"405","session1",-18.802963557276,13.1320795722349,3.07728003118645,0.0190835232465896,-0.318582893692513,0.768736116122583,0.890684385426492,11,1,40,0.415053868552936,-0.310624719932759,11,2.04334189880553,1,-8.44375,1474,1,0,12,"both",0.415053868552936,-0.310624719932759
"406","session1",-18.802963557276,13.1320795722349,3.07728003118645,0.0190835232465896,-0.318582893692513,0.768736116122583,0.890684385426492,11,1,40,0.415053868552936,-0.310624719932759,11,1.51016334119436,1,6.23074,1474,1,0,12,"both",0.415053868552936,-0.310624719932759
"407","session1",-18.802963557276,13.1320795722349,3.07728003118645,0.0190835232465896,-0.318582893692513,0.768736116122583,0.890684385426492,11,1,40,0.415053868552936,-0.310624719932759,11,1.9412522960609,1,-12.38535,1474,1,0,12,"both",0.415053868552936,-0.310624719932759
"408","session1",-18.802963557276,13.1320795722349,3.07728003118645,0.0190835232465896,-0.318582893692513,0.768736116122583,0.890684385426492,11,1,40,0.415053868552936,-0.310624719932759,11,2.06865574248314,0,-16.54755,1474,1,0,12,"both",0.415053868552936,-0.310624719932759
"409","session1",-18.802963557276,13.1320795722349,3.07728003118645,0.0190835232465896,-0.318582893692513,0.768736116122583,0.890684385426492,11,1,40,0.415053868552936,-0.310624719932759,11,1.48551552457887,0,-7.54944,1474,1,0,12,"both",0.415053868552936,-0.310624719932759
"410","session1",-18.802963557276,13.1320795722349,3.07728003118645,0.0190835232465896,-0.318582893692513,0.768736116122583,0.890684385426492,11,1,40,0.415053868552936,-0.310624719932759,11,5.22390209482408,0,-11.995187385,1474,1,0,12,"both",0.415053868552936,-0.310624719932759
"411","session1",-18.802963557276,13.1320795722349,3.07728003118645,0.0190835232465896,-0.318582893692513,0.768736116122583,0.890684385426492,11,1,40,0.415053868552936,-0.310624719932759,11,1.56294058570956,0,-24.8724,1474,1,0,12,"both",0.415053868552936,-0.310624719932759
"412","session1",-18.802963557276,13.1320795722349,3.07728003118645,0.0190835232465896,-0.318582893692513,0.768736116122583,0.890684385426492,11,1,40,0.415053868552936,-0.310624719932759,11,2.14234485376882,1,-0.0919099999999995,1474,1,0,12,"both",0.415053868552936,-0.310624719932759
"413","session1",-18.802963557276,13.1320795722349,3.07728003118645,0.0190835232465896,-0.318582893692513,0.768736116122583,0.890684385426492,11,1,40,0.415053868552936,-0.310624719932759,11,3.24845898270731,1,42.3513,1474,1,0,12,"both",0.415053868552936,-0.310624719932759
"414","session1",-18.802963557276,13.1320795722349,3.07728003118645,0.0190835232465896,-0.318582893692513,0.768736116122583,0.890684385426492,11,1,40,0.415053868552936,-0.310624719932759,11,1.73336930954592,1,-18.2204,1474,1,0,12,"both",0.415053868552936,-0.310624719932759
"415","session1",-18.802963557276,13.1320795722349,3.07728003118645,0.0190835232465896,-0.318582893692513,0.768736116122583,0.890684385426492,11,1,40,0.415053868552936,-0.310624719932759,11,1.60349860893295,0,-36.68682,1474,1,0,12,"both",0.415053868552936,-0.310624719932759
"416","session1",-18.802963557276,13.1320795722349,3.07728003118645,0.0190835232465896,-0.318582893692513,0.768736116122583,0.890684385426492,11,1,40,0.415053868552936,-0.310624719932759,11,3.96533936499999,0,-2.47379,1474,1,0,12,"both",0.415053868552936,-0.310624719932759
"417","session1",-18.802963557276,13.1320795722349,3.07728003118645,0.0190835232465896,-0.318582893692513,0.768736116122583,0.890684385426492,11,1,40,0.415053868552936,-0.310624719932759,11,4.02961670704194,1,11.361335,1474,1,0,12,"both",0.415053868552936,-0.310624719932759
"418","session1",-18.802963557276,13.1320795722349,3.07728003118645,0.0190835232465896,-0.318582893692513,0.768736116122583,0.890684385426492,11,1,40,0.415053868552936,-0.310624719932759,11,3.9812107768576,0,-30.7763,1474,1,0,12,"both",0.415053868552936,-0.310624719932759
"419","session1",-18.802963557276,13.1320795722349,3.07728003118645,0.0190835232465896,-0.318582893692513,0.768736116122583,0.890684385426492,11,1,40,0.415053868552936,-0.310624719932759,11,1.9757940767404,0,-26.72092,1474,1,0,12,"both",0.415053868552936,-0.310624719932759
"420","session1",-18.802963557276,13.1320795722349,3.07728003118645,0.0190835232465896,-0.318582893692513,0.768736116122583,0.890684385426492,11,1,40,0.415053868552936,-0.310624719932759,11,1.65927399465886,1,33.3207,1474,1,0,12,"both",0.415053868552936,-0.310624719932759
"421","session1",-18.802963557276,13.1320795722349,3.07728003118645,0.0190835232465896,-0.318582893692513,0.768736116122583,0.890684385426492,11,1,40,0.415053868552936,-0.310624719932759,11,1.48800333646652,0,-34.7189,1474,1,0,12,"both",0.415053868552936,-0.310624719932759
"422","session1",-18.802963557276,13.1320795722349,3.07728003118645,0.0190835232465896,-0.318582893692513,0.768736116122583,0.890684385426492,11,1,40,0.415053868552936,-0.310624719932759,11,2.96805746324027,1,1.26542,1474,1,0,12,"both",0.415053868552936,-0.310624719932759
"423","session1",-18.802963557276,13.1320795722349,3.07728003118645,0.0190835232465896,-0.318582893692513,0.768736116122583,0.890684385426492,11,1,40,0.415053868552936,-0.310624719932759,11,1.81940788593379,0,-31.20391,1474,1,0,12,"both",0.415053868552936,-0.310624719932759
"424","session1",-18.802963557276,13.1320795722349,3.07728003118645,0.0190835232465896,-0.318582893692513,0.768736116122583,0.890684385426492,11,1,40,0.415053868552936,-0.310624719932759,11,1.36886166068622,0,-11.83797806,1474,1,0,12,"both",0.415053868552936,-0.310624719932759
"425","session1",-18.802963557276,13.1320795722349,3.07728003118645,0.0190835232465896,-0.318582893692513,0.768736116122583,0.890684385426492,11,1,40,0.415053868552936,-0.310624719932759,11,1.50052542104622,0,-21.7635,1474,1,0,12,"both",0.415053868552936,-0.310624719932759
"426","session1",-18.802963557276,13.1320795722349,3.07728003118645,0.0190835232465896,-0.318582893692513,0.768736116122583,0.890684385426492,11,1,40,0.415053868552936,-0.310624719932759,11,2.69293253570458,0,-14.67898,1474,1,0,12,"both",0.415053868552936,-0.310624719932759
"427","session1",-18.802963557276,13.1320795722349,3.07728003118645,0.0190835232465896,-0.318582893692513,0.768736116122583,0.890684385426492,11,1,40,0.415053868552936,-0.310624719932759,11,3.35095683531373,0,-21.13515,1474,1,0,12,"both",0.415053868552936,-0.310624719932759
"428","session1",-18.802963557276,13.1320795722349,3.07728003118645,0.0190835232465896,-0.318582893692513,0.768736116122583,0.890684385426492,11,1,40,0.415053868552936,-0.310624719932759,11,1.02668864301778,1,0.226220000000001,1474,1,0,12,"both",0.415053868552936,-0.310624719932759
"429","session1",-18.802963557276,13.1320795722349,3.07728003118645,0.0190835232465896,-0.318582893692513,0.768736116122583,0.890684385426492,11,1,40,0.415053868552936,-0.310624719932759,11,2.40281503397213,0,-19.08462,1474,1,0,12,"both",0.415053868552936,-0.310624719932759
"430","session1",-18.802963557276,13.1320795722349,3.07728003118645,0.0190835232465896,-0.318582893692513,0.768736116122583,0.890684385426492,11,1,40,0.415053868552936,-0.310624719932759,11,1.49662035408057,0,-35.5107,1474,1,0,12,"both",0.415053868552936,-0.310624719932759
"431","session1",-18.802963557276,13.1320795722349,3.07728003118645,0.0190835232465896,-0.318582893692513,0.768736116122583,0.890684385426492,11,1,40,0.415053868552936,-0.310624719932759,11,1.26682319291798,1,-11.56073,1474,1,0,12,"both",0.415053868552936,-0.310624719932759
"432","session1",-18.802963557276,13.1320795722349,3.07728003118645,0.0190835232465896,-0.318582893692513,0.768736116122583,0.890684385426492,11,1,40,0.415053868552936,-0.310624719932759,11,1.89505518839579,1,-1.41738,1474,1,0,12,"both",0.415053868552936,-0.310624719932759
"433","session1",-18.802963557276,13.1320795722349,3.07728003118645,0.0190835232465896,-0.318582893692513,0.768736116122583,0.890684385426492,11,1,40,0.415053868552936,-0.310624719932759,11,1.93277871452105,1,-6.42964,1474,1,0,12,"both",0.415053868552936,-0.310624719932759
"434","session1",-18.802963557276,13.1320795722349,3.07728003118645,0.0190835232465896,-0.318582893692513,0.768736116122583,0.890684385426492,11,1,40,0.415053868552936,-0.310624719932759,11,4.4080056141725,0,-22.2308,1474,1,0,12,"both",0.415053868552936,-0.310624719932759
"435","session1",-18.802963557276,13.1320795722349,3.07728003118645,0.0190835232465896,-0.318582893692513,0.768736116122583,0.890684385426492,11,1,40,0.415053868552936,-0.310624719932759,11,2.06444025873531,1,-8.75253,1474,1,0,12,"both",0.415053868552936,-0.310624719932759
"436","session1",-18.802963557276,13.1320795722349,3.07728003118645,0.0190835232465896,-0.318582893692513,0.768736116122583,0.890684385426492,11,1,40,0.415053868552936,-0.310624719932759,11,2.19752364584879,1,8.12604,1474,1,0,12,"both",0.415053868552936,-0.310624719932759
"437","session1",-18.802963557276,13.1320795722349,3.07728003118645,0.0190835232465896,-0.318582893692513,0.768736116122583,0.890684385426492,11,1,40,0.415053868552936,-0.310624719932759,11,1.58352571538799,1,-12.93219,1474,1,0,12,"both",0.415053868552936,-0.310624719932759
"438","session1",-18.802963557276,13.1320795722349,3.07728003118645,0.0190835232465896,-0.318582893692513,0.768736116122583,0.890684385426492,11,1,40,0.415053868552936,-0.310624719932759,11,2.46006530297408,1,-15.43186,1474,1,0,12,"both",0.415053868552936,-0.310624719932759
"439","session1",-18.802963557276,13.1320795722349,3.07728003118645,0.0190835232465896,-0.318582893692513,0.768736116122583,0.890684385426492,11,1,40,0.415053868552936,-0.310624719932759,11,1.04776420355777,1,-4.98878,1474,1,0,12,"both",0.415053868552936,-0.310624719932759
"440","session1",-18.802963557276,13.1320795722349,3.07728003118645,0.0190835232465896,-0.318582893692513,0.768736116122583,0.890684385426492,11,1,40,0.415053868552936,-0.310624719932759,11,3.3720868618399,0,-19.13697,1474,1,0,12,"both",0.415053868552936,-0.310624719932759
"441","session1",-10.2997836352322,21.2892075453444,1.76960736797315,1.94583169449675e-05,0.203627281994169,0.459341602890085,0.566155441114405,12,1,40,0.415053868552936,-0.310624719932759,12,2.25568868187486,1,9.4839054711,1474,1,0,12,"both",0.415053868552936,-0.310624719932759
"442","session1",-10.2997836352322,21.2892075453444,1.76960736797315,1.94583169449675e-05,0.203627281994169,0.459341602890085,0.566155441114405,12,1,40,0.415053868552936,-0.310624719932759,12,1.49182750009666,1,-4.996992409556,1474,1,0,12,"both",0.415053868552936,-0.310624719932759
"443","session1",-10.2997836352322,21.2892075453444,1.76960736797315,1.94583169449675e-05,0.203627281994169,0.459341602890085,0.566155441114405,12,1,40,0.415053868552936,-0.310624719932759,12,2.64828671962852,0,-11.5445205138,1474,1,0,12,"both",0.415053868552936,-0.310624719932759
"444","session1",-10.2997836352322,21.2892075453444,1.76960736797315,1.94583169449675e-05,0.203627281994169,0.459341602890085,0.566155441114405,12,1,40,0.415053868552936,-0.310624719932759,12,3.27426444533456,1,-6.5006629775,1474,1,0,12,"both",0.415053868552936,-0.310624719932759
"445","session1",-10.2997836352322,21.2892075453444,1.76960736797315,1.94583169449675e-05,0.203627281994169,0.459341602890085,0.566155441114405,12,1,40,0.415053868552936,-0.310624719932759,12,1.51287218896779,0,-9.15226,1474,1,0,12,"both",0.415053868552936,-0.310624719932759
"446","session1",-10.2997836352322,21.2892075453444,1.76960736797315,1.94583169449675e-05,0.203627281994169,0.459341602890085,0.566155441114405,12,1,40,0.415053868552936,-0.310624719932759,12,3.18010147115901,1,-13.09634,1474,1,0,12,"both",0.415053868552936,-0.310624719932759
"447","session1",-10.2997836352322,21.2892075453444,1.76960736797315,1.94583169449675e-05,0.203627281994169,0.459341602890085,0.566155441114405,12,1,40,0.415053868552936,-0.310624719932759,12,1.58128287193096,1,26.6238,1474,1,0,12,"both",0.415053868552936,-0.310624719932759
"448","session1",-10.2997836352322,21.2892075453444,1.76960736797315,1.94583169449675e-05,0.203627281994169,0.459341602890085,0.566155441114405,12,1,40,0.415053868552936,-0.310624719932759,12,1.94050971162108,0,-15.9038,1474,1,0,12,"both",0.415053868552936,-0.310624719932759
"449","session1",-10.2997836352322,21.2892075453444,1.76960736797315,1.94583169449675e-05,0.203627281994169,0.459341602890085,0.566155441114405,12,1,40,0.415053868552936,-0.310624719932759,12,2.23905120064037,1,4.2371,1474,1,0,12,"both",0.415053868552936,-0.310624719932759
"450","session1",-10.2997836352322,21.2892075453444,1.76960736797315,1.94583169449675e-05,0.203627281994169,0.459341602890085,0.566155441114405,12,1,40,0.415053868552936,-0.310624719932759,12,1.61293119122921,1,45.5204,1474,1,0,12,"both",0.415053868552936,-0.310624719932759
"451","session1",-10.2997836352322,21.2892075453444,1.76960736797315,1.94583169449675e-05,0.203627281994169,0.459341602890085,0.566155441114405,12,1,40,0.415053868552936,-0.310624719932759,12,2.33630411251195,1,-31.30014,1474,1,0,12,"both",0.415053868552936,-0.310624719932759
"452","session1",-10.2997836352322,21.2892075453444,1.76960736797315,1.94583169449675e-05,0.203627281994169,0.459341602890085,0.566155441114405,12,1,40,0.415053868552936,-0.310624719932759,12,2.05750551089907,1,-12.408843195,1474,1,0,12,"both",0.415053868552936,-0.310624719932759
"453","session1",-10.2997836352322,21.2892075453444,1.76960736797315,1.94583169449675e-05,0.203627281994169,0.459341602890085,0.566155441114405,12,1,40,0.415053868552936,-0.310624719932759,12,4.34830006401421,0,-25.36003,1474,1,0,12,"both",0.415053868552936,-0.310624719932759
"454","session1",-10.2997836352322,21.2892075453444,1.76960736797315,1.94583169449675e-05,0.203627281994169,0.459341602890085,0.566155441114405,12,1,40,0.415053868552936,-0.310624719932759,12,4.24366853433114,0,-18.34475,1474,1,0,12,"both",0.415053868552936,-0.310624719932759
"455","session1",-10.2997836352322,21.2892075453444,1.76960736797315,1.94583169449675e-05,0.203627281994169,0.459341602890085,0.566155441114405,12,1,40,0.415053868552936,-0.310624719932759,12,2.23750795449779,1,6.41796,1474,1,0,12,"both",0.415053868552936,-0.310624719932759
"456","session1",-10.2997836352322,21.2892075453444,1.76960736797315,1.94583169449675e-05,0.203627281994169,0.459341602890085,0.566155441114405,12,1,40,0.415053868552936,-0.310624719932759,12,1.84276563212588,1,-2.03849,1474,1,0,12,"both",0.415053868552936,-0.310624719932759
"457","session1",-10.2997836352322,21.2892075453444,1.76960736797315,1.94583169449675e-05,0.203627281994169,0.459341602890085,0.566155441114405,12,1,40,0.415053868552936,-0.310624719932759,12,1.57186330536106,1,24.4461,1474,1,0,12,"both",0.415053868552936,-0.310624719932759
"458","session1",-10.2997836352322,21.2892075453444,1.76960736797315,1.94583169449675e-05,0.203627281994169,0.459341602890085,0.566155441114405,12,1,40,0.415053868552936,-0.310624719932759,12,2.98037970579252,1,6.1404,1474,1,0,12,"both",0.415053868552936,-0.310624719932759
"459","session1",-10.2997836352322,21.2892075453444,1.76960736797315,1.94583169449675e-05,0.203627281994169,0.459341602890085,0.566155441114405,12,1,40,0.415053868552936,-0.310624719932759,12,2.22588333440881,1,-19.50183,1474,1,0,12,"both",0.415053868552936,-0.310624719932759
"460","session1",-10.2997836352322,21.2892075453444,1.76960736797315,1.94583169449675e-05,0.203627281994169,0.459341602890085,0.566155441114405,12,1,40,0.415053868552936,-0.310624719932759,12,1.65503300547295,1,4.1544,1474,1,0,12,"both",0.415053868552936,-0.310624719932759
"461","session1",-10.2997836352322,21.2892075453444,1.76960736797315,1.94583169449675e-05,0.203627281994169,0.459341602890085,0.566155441114405,12,1,40,0.415053868552936,-0.310624719932759,12,2.56021642737557,0,-37.0781,1474,1,0,12,"both",0.415053868552936,-0.310624719932759
"462","session1",-10.2997836352322,21.2892075453444,1.76960736797315,1.94583169449675e-05,0.203627281994169,0.459341602890085,0.566155441114405,12,1,40,0.415053868552936,-0.310624719932759,12,3.45591260612259,1,-10.51311,1474,1,0,12,"both",0.415053868552936,-0.310624719932759
"463","session1",-10.2997836352322,21.2892075453444,1.76960736797315,1.94583169449675e-05,0.203627281994169,0.459341602890085,0.566155441114405,12,1,40,0.415053868552936,-0.310624719932759,12,1.73725086111691,0,-23.62204,1474,1,0,12,"both",0.415053868552936,-0.310624719932759
"464","session1",-10.2997836352322,21.2892075453444,1.76960736797315,1.94583169449675e-05,0.203627281994169,0.459341602890085,0.566155441114405,12,1,40,0.415053868552936,-0.310624719932759,12,1.78731077910255,1,-23.2058,1474,1,0,12,"both",0.415053868552936,-0.310624719932759
"465","session1",-10.2997836352322,21.2892075453444,1.76960736797315,1.94583169449675e-05,0.203627281994169,0.459341602890085,0.566155441114405,12,1,40,0.415053868552936,-0.310624719932759,12,2.22637774115867,1,4.68612,1474,1,0,12,"both",0.415053868552936,-0.310624719932759
"466","session1",-10.2997836352322,21.2892075453444,1.76960736797315,1.94583169449675e-05,0.203627281994169,0.459341602890085,0.566155441114405,12,1,40,0.415053868552936,-0.310624719932759,12,1.99826340986927,0,-29.0887,1474,1,0,12,"both",0.415053868552936,-0.310624719932759
"467","session1",-10.2997836352322,21.2892075453444,1.76960736797315,1.94583169449675e-05,0.203627281994169,0.459341602890085,0.566155441114405,12,1,40,0.415053868552936,-0.310624719932759,12,1.61752201130375,1,-2.9904,1474,1,0,12,"both",0.415053868552936,-0.310624719932759
"468","session1",-10.2997836352322,21.2892075453444,1.76960736797315,1.94583169449675e-05,0.203627281994169,0.459341602890085,0.566155441114405,12,1,40,0.415053868552936,-0.310624719932759,12,2.50685636545485,1,0.0754000000000001,1474,1,0,12,"both",0.415053868552936,-0.310624719932759
"469","session1",-10.2997836352322,21.2892075453444,1.76960736797315,1.94583169449675e-05,0.203627281994169,0.459341602890085,0.566155441114405,12,1,40,0.415053868552936,-0.310624719932759,12,1.81134304767046,0,-25.02326,1474,1,0,12,"both",0.415053868552936,-0.310624719932759
"470","session1",-10.2997836352322,21.2892075453444,1.76960736797315,1.94583169449675e-05,0.203627281994169,0.459341602890085,0.566155441114405,12,1,40,0.415053868552936,-0.310624719932759,12,2.29333530843459,1,-2.9229,1474,1,0,12,"both",0.415053868552936,-0.310624719932759
"471","session1",-10.2997836352322,21.2892075453444,1.76960736797315,1.94583169449675e-05,0.203627281994169,0.459341602890085,0.566155441114405,12,1,40,0.415053868552936,-0.310624719932759,12,2.91915824652699,1,-11.26349,1474,1,0,12,"both",0.415053868552936,-0.310624719932759
"472","session1",-10.2997836352322,21.2892075453444,1.76960736797315,1.94583169449675e-05,0.203627281994169,0.459341602890085,0.566155441114405,12,1,40,0.415053868552936,-0.310624719932759,12,3.21540636460096,1,-30.6987,1474,1,0,12,"both",0.415053868552936,-0.310624719932759
"473","session1",-10.2997836352322,21.2892075453444,1.76960736797315,1.94583169449675e-05,0.203627281994169,0.459341602890085,0.566155441114405,12,1,40,0.415053868552936,-0.310624719932759,12,1.74263090391859,0,-29.06862,1474,1,0,12,"both",0.415053868552936,-0.310624719932759
"474","session1",-10.2997836352322,21.2892075453444,1.76960736797315,1.94583169449675e-05,0.203627281994169,0.459341602890085,0.566155441114405,12,1,40,0.415053868552936,-0.310624719932759,12,3.07697935692471,0,-22.7917,1474,1,0,12,"both",0.415053868552936,-0.310624719932759
"475","session1",-10.2997836352322,21.2892075453444,1.76960736797315,1.94583169449675e-05,0.203627281994169,0.459341602890085,0.566155441114405,12,1,40,0.415053868552936,-0.310624719932759,12,1.68593152508184,1,0.594099999999999,1474,1,0,12,"both",0.415053868552936,-0.310624719932759
"476","session1",-10.2997836352322,21.2892075453444,1.76960736797315,1.94583169449675e-05,0.203627281994169,0.459341602890085,0.566155441114405,12,1,40,0.415053868552936,-0.310624719932759,12,3.39694413812147,0,-15.25478,1474,1,0,12,"both",0.415053868552936,-0.310624719932759
"477","session1",-10.2997836352322,21.2892075453444,1.76960736797315,1.94583169449675e-05,0.203627281994169,0.459341602890085,0.566155441114405,12,1,40,0.415053868552936,-0.310624719932759,12,5.88563782009821,0,-29.52294,1474,1,0,12,"both",0.415053868552936,-0.310624719932759
"478","session1",-10.2997836352322,21.2892075453444,1.76960736797315,1.94583169449675e-05,0.203627281994169,0.459341602890085,0.566155441114405,12,1,40,0.415053868552936,-0.310624719932759,12,1.6816883980315,1,-27.27964,1474,1,0,12,"both",0.415053868552936,-0.310624719932759
"479","session1",-10.2997836352322,21.2892075453444,1.76960736797315,1.94583169449675e-05,0.203627281994169,0.459341602890085,0.566155441114405,12,1,40,0.415053868552936,-0.310624719932759,12,1.35062147959955,0,-0.8963,1474,1,0,12,"both",0.415053868552936,-0.310624719932759
"480","session1",-10.2997836352322,21.2892075453444,1.76960736797315,1.94583169449675e-05,0.203627281994169,0.459341602890085,0.566155441114405,12,1,40,0.415053868552936,-0.310624719932759,12,1.77714378253444,0,-11.4792,1474,1,0,12,"both",0.415053868552936,-0.310624719932759
"481","session2",-3.00053429628509,16.9029782685897,2.98110540102681,0.00014527012060959,0.0647739054294535,0.418597127056053,0.604260279540402,1,2,40,0.415053868552936,-0.310624719932759,13,2.94073865863775,1,-7.5529193815,1474,1,0,12,"both",0.415053868552936,-0.310624719932759
"482","session2",-3.00053429628509,16.9029782685897,2.98110540102681,0.00014527012060959,0.0647739054294535,0.418597127056053,0.604260279540402,1,2,40,0.415053868552936,-0.310624719932759,13,3.35508586573739,1,-6.6895362967,1474,1,0,12,"both",0.415053868552936,-0.310624719932759
"483","session2",-3.00053429628509,16.9029782685897,2.98110540102681,0.00014527012060959,0.0647739054294535,0.418597127056053,0.604260279540402,1,2,40,0.415053868552936,-0.310624719932759,13,1.98249696592058,0,-17.4931051365,1474,1,0,12,"both",0.415053868552936,-0.310624719932759
"484","session2",-3.00053429628509,16.9029782685897,2.98110540102681,0.00014527012060959,0.0647739054294535,0.418597127056053,0.604260279540402,1,2,40,0.415053868552936,-0.310624719932759,13,3.43337892557243,0,-12.918946257,1474,1,0,12,"both",0.415053868552936,-0.310624719932759
"485","session2",-3.00053429628509,16.9029782685897,2.98110540102681,0.00014527012060959,0.0647739054294535,0.418597127056053,0.604260279540402,1,2,40,0.415053868552936,-0.310624719932759,13,3.45101640861109,1,-8.847227822,1474,1,0,12,"both",0.415053868552936,-0.310624719932759
"486","session2",-3.00053429628509,16.9029782685897,2.98110540102681,0.00014527012060959,0.0647739054294535,0.418597127056053,0.604260279540402,1,2,40,0.415053868552936,-0.310624719932759,13,3.14152739025461,0,-6.00372,1474,1,0,12,"both",0.415053868552936,-0.310624719932759
"487","session2",-3.00053429628509,16.9029782685897,2.98110540102681,0.00014527012060959,0.0647739054294535,0.418597127056053,0.604260279540402,1,2,40,0.415053868552936,-0.310624719932759,13,3.72030536097476,0,-10.7504910836,1474,1,0,12,"both",0.415053868552936,-0.310624719932759
"488","session2",-3.00053429628509,16.9029782685897,2.98110540102681,0.00014527012060959,0.0647739054294535,0.418597127056053,0.604260279540402,1,2,40,0.415053868552936,-0.310624719932759,13,2.23196683082546,1,-0.188800000000001,1474,1,0,12,"both",0.415053868552936,-0.310624719932759
"489","session2",-3.00053429628509,16.9029782685897,2.98110540102681,0.00014527012060959,0.0647739054294535,0.418597127056053,0.604260279540402,1,2,40,0.415053868552936,-0.310624719932759,13,1.48148082053033,0,-13.64204,1474,1,0,12,"both",0.415053868552936,-0.310624719932759
"490","session2",-3.00053429628509,16.9029782685897,2.98110540102681,0.00014527012060959,0.0647739054294535,0.418597127056053,0.604260279540402,1,2,40,0.415053868552936,-0.310624719932759,13,1.91676640865321,0,-7.9512093318,1474,1,0,12,"both",0.415053868552936,-0.310624719932759
"491","session2",-3.00053429628509,16.9029782685897,2.98110540102681,0.00014527012060959,0.0647739054294535,0.418597127056053,0.604260279540402,1,2,40,0.415053868552936,-0.310624719932759,13,2.60382525599463,0,-11.19965,1474,1,0,12,"both",0.415053868552936,-0.310624719932759
"492","session2",-3.00053429628509,16.9029782685897,2.98110540102681,0.00014527012060959,0.0647739054294535,0.418597127056053,0.604260279540402,1,2,40,0.415053868552936,-0.310624719932759,13,1.78456583349558,1,-5.48547,1474,1,0,12,"both",0.415053868552936,-0.310624719932759
"493","session2",-3.00053429628509,16.9029782685897,2.98110540102681,0.00014527012060959,0.0647739054294535,0.418597127056053,0.604260279540402,1,2,40,0.415053868552936,-0.310624719932759,13,1.66847870152307,0,-11.27095,1474,1,0,12,"both",0.415053868552936,-0.310624719932759
"494","session2",-3.00053429628509,16.9029782685897,2.98110540102681,0.00014527012060959,0.0647739054294535,0.418597127056053,0.604260279540402,1,2,40,0.415053868552936,-0.310624719932759,13,1.77582642378564,0,-7.96893,1474,1,0,12,"both",0.415053868552936,-0.310624719932759
"495","session2",-3.00053429628509,16.9029782685897,2.98110540102681,0.00014527012060959,0.0647739054294535,0.418597127056053,0.604260279540402,1,2,40,0.415053868552936,-0.310624719932759,13,1.9309042890393,0,1.5515,1474,1,0,12,"both",0.415053868552936,-0.310624719932759
"496","session2",-3.00053429628509,16.9029782685897,2.98110540102681,0.00014527012060959,0.0647739054294535,0.418597127056053,0.604260279540402,1,2,40,0.415053868552936,-0.310624719932759,13,3.63157545735593,1,-1.52709,1474,1,0,12,"both",0.415053868552936,-0.310624719932759
"497","session2",-3.00053429628509,16.9029782685897,2.98110540102681,0.00014527012060959,0.0647739054294535,0.418597127056053,0.604260279540402,1,2,40,0.415053868552936,-0.310624719932759,13,1.5319617316625,0,-21.36835,1474,1,0,12,"both",0.415053868552936,-0.310624719932759
"498","session2",-3.00053429628509,16.9029782685897,2.98110540102681,0.00014527012060959,0.0647739054294535,0.418597127056053,0.604260279540402,1,2,40,0.415053868552936,-0.310624719932759,13,2.22168249883773,0,-20.57788,1474,1,0,12,"both",0.415053868552936,-0.310624719932759
"499","session2",-3.00053429628509,16.9029782685897,2.98110540102681,0.00014527012060959,0.0647739054294535,0.418597127056053,0.604260279540402,1,2,40,0.415053868552936,-0.310624719932759,13,1.88889951780789,1,-4.1281460461,1474,1,0,12,"both",0.415053868552936,-0.310624719932759
"500","session2",-3.00053429628509,16.9029782685897,2.98110540102681,0.00014527012060959,0.0647739054294535,0.418597127056053,0.604260279540402,1,2,40,0.415053868552936,-0.310624719932759,13,2.70429936780843,1,-2.55685,1474,1,0,12,"both",0.415053868552936,-0.310624719932759
"501","session2",-3.00053429628509,16.9029782685897,2.98110540102681,0.00014527012060959,0.0647739054294535,0.418597127056053,0.604260279540402,1,2,40,0.415053868552936,-0.310624719932759,13,3.22895002135524,1,-10.14769,1474,1,0,12,"both",0.415053868552936,-0.310624719932759
"502","session2",-3.00053429628509,16.9029782685897,2.98110540102681,0.00014527012060959,0.0647739054294535,0.418597127056053,0.604260279540402,1,2,40,0.415053868552936,-0.310624719932759,13,2.62692045915361,0,-12.81129,1474,1,0,12,"both",0.415053868552936,-0.310624719932759
"503","session2",-3.00053429628509,16.9029782685897,2.98110540102681,0.00014527012060959,0.0647739054294535,0.418597127056053,0.604260279540402,1,2,40,0.415053868552936,-0.310624719932759,13,2.82453246931909,0,-24.64508,1474,1,0,12,"both",0.415053868552936,-0.310624719932759
"504","session2",-3.00053429628509,16.9029782685897,2.98110540102681,0.00014527012060959,0.0647739054294535,0.418597127056053,0.604260279540402,1,2,40,0.415053868552936,-0.310624719932759,13,2.62677127545948,0,-4.01573,1474,1,0,12,"both",0.415053868552936,-0.310624719932759
"505","session2",-3.00053429628509,16.9029782685897,2.98110540102681,0.00014527012060959,0.0647739054294535,0.418597127056053,0.604260279540402,1,2,40,0.415053868552936,-0.310624719932759,13,3.81229035130771,0,-3.78603,1474,1,0,12,"both",0.415053868552936,-0.310624719932759
"506","session2",-3.00053429628509,16.9029782685897,2.98110540102681,0.00014527012060959,0.0647739054294535,0.418597127056053,0.604260279540402,1,2,40,0.415053868552936,-0.310624719932759,13,3.08042171660078,0,-9.72403,1474,1,0,12,"both",0.415053868552936,-0.310624719932759
"507","session2",-3.00053429628509,16.9029782685897,2.98110540102681,0.00014527012060959,0.0647739054294535,0.418597127056053,0.604260279540402,1,2,40,0.415053868552936,-0.310624719932759,13,2.06659259466809,0,-4.20523,1474,1,0,12,"both",0.415053868552936,-0.310624719932759
"508","session2",-3.00053429628509,16.9029782685897,2.98110540102681,0.00014527012060959,0.0647739054294535,0.418597127056053,0.604260279540402,1,2,40,0.415053868552936,-0.310624719932759,13,4.13392232900171,0,-9.42815,1474,1,0,12,"both",0.415053868552936,-0.310624719932759
"509","session2",-3.00053429628509,16.9029782685897,2.98110540102681,0.00014527012060959,0.0647739054294535,0.418597127056053,0.604260279540402,1,2,40,0.415053868552936,-0.310624719932759,13,2.1981719413657,0,-10.10064,1474,1,0,12,"both",0.415053868552936,-0.310624719932759
"510","session2",-3.00053429628509,16.9029782685897,2.98110540102681,0.00014527012060959,0.0647739054294535,0.418597127056053,0.604260279540402,1,2,40,0.415053868552936,-0.310624719932759,13,3.31709221250772,1,-11.82104,1474,1,0,12,"both",0.415053868552936,-0.310624719932759
"511","session2",-3.00053429628509,16.9029782685897,2.98110540102681,0.00014527012060959,0.0647739054294535,0.418597127056053,0.604260279540402,1,2,40,0.415053868552936,-0.310624719932759,13,1.72923470778931,0,-48.59022,1474,1,0,12,"both",0.415053868552936,-0.310624719932759
"512","session2",-3.00053429628509,16.9029782685897,2.98110540102681,0.00014527012060959,0.0647739054294535,0.418597127056053,0.604260279540402,1,2,40,0.415053868552936,-0.310624719932759,13,5.9352503089942,0,-4.86002,1474,1,0,12,"both",0.415053868552936,-0.310624719932759
"513","session2",-3.00053429628509,16.9029782685897,2.98110540102681,0.00014527012060959,0.0647739054294535,0.418597127056053,0.604260279540402,1,2,40,0.415053868552936,-0.310624719932759,13,1.6213645197146,0,-15.96493,1474,1,0,12,"both",0.415053868552936,-0.310624719932759
"514","session2",-3.00053429628509,16.9029782685897,2.98110540102681,0.00014527012060959,0.0647739054294535,0.418597127056053,0.604260279540402,1,2,40,0.415053868552936,-0.310624719932759,13,2.54511511375008,1,3.78613,1474,1,0,12,"both",0.415053868552936,-0.310624719932759
"515","session2",-3.00053429628509,16.9029782685897,2.98110540102681,0.00014527012060959,0.0647739054294535,0.418597127056053,0.604260279540402,1,2,40,0.415053868552936,-0.310624719932759,13,3.28118678997676,1,4.79712,1474,1,0,12,"both",0.415053868552936,-0.310624719932759
"516","session2",-3.00053429628509,16.9029782685897,2.98110540102681,0.00014527012060959,0.0647739054294535,0.418597127056053,0.604260279540402,1,2,40,0.415053868552936,-0.310624719932759,13,2.11570255016572,1,6.1289,1474,1,0,12,"both",0.415053868552936,-0.310624719932759
"517","session2",-3.00053429628509,16.9029782685897,2.98110540102681,0.00014527012060959,0.0647739054294535,0.418597127056053,0.604260279540402,1,2,40,0.415053868552936,-0.310624719932759,13,2.48726032531433,0,-14.11564,1474,1,0,12,"both",0.415053868552936,-0.310624719932759
"518","session2",-3.00053429628509,16.9029782685897,2.98110540102681,0.00014527012060959,0.0647739054294535,0.418597127056053,0.604260279540402,1,2,40,0.415053868552936,-0.310624719932759,13,2.44685981242146,0,-9.82269,1474,1,0,12,"both",0.415053868552936,-0.310624719932759
"519","session2",-3.00053429628509,16.9029782685897,2.98110540102681,0.00014527012060959,0.0647739054294535,0.418597127056053,0.604260279540402,1,2,40,0.415053868552936,-0.310624719932759,13,3.20894923970957,0,-11.02508,1474,1,0,12,"both",0.415053868552936,-0.310624719932759
"520","session2",-3.00053429628509,16.9029782685897,2.98110540102681,0.00014527012060959,0.0647739054294535,0.418597127056053,0.604260279540402,1,2,40,0.415053868552936,-0.310624719932759,13,1.65669995219912,0,3.26795,1474,1,0,12,"both",0.415053868552936,-0.310624719932759
"521","session2",-6.17587725799108,47.2210528446664,3.07150433841836,0.000141891767022715,0.116855191992532,0.447770978153801,0.531550115434391,2,2,40,0.415053868552936,-0.310624719932759,14,1.84502381897617,1,-8.3070109111,1474,1,0,12,"both",0.415053868552936,-0.310624719932759
"522","session2",-6.17587725799108,47.2210528446664,3.07150433841836,0.000141891767022715,0.116855191992532,0.447770978153801,0.531550115434391,2,2,40,0.415053868552936,-0.310624719932759,14,4.77225125127745,0,-9.3006642881,1474,1,0,12,"both",0.415053868552936,-0.310624719932759
"523","session2",-6.17587725799108,47.2210528446664,3.07150433841836,0.000141891767022715,0.116855191992532,0.447770978153801,0.531550115434391,2,2,40,0.415053868552936,-0.310624719932759,14,4.02704235493255,1,-2.9874202562,1474,1,0,12,"both",0.415053868552936,-0.310624719932759
"524","session2",-6.17587725799108,47.2210528446664,3.07150433841836,0.000141891767022715,0.116855191992532,0.447770978153801,0.531550115434391,2,2,40,0.415053868552936,-0.310624719932759,14,3.59308492798925,1,-9.0978392925,1474,1,0,12,"both",0.415053868552936,-0.310624719932759
"525","session2",-6.17587725799108,47.2210528446664,3.07150433841836,0.000141891767022715,0.116855191992532,0.447770978153801,0.531550115434391,2,2,40,0.415053868552936,-0.310624719932759,14,1.63283973212073,0,-25.09183,1474,1,0,12,"both",0.415053868552936,-0.310624719932759
"526","session2",-6.17587725799108,47.2210528446664,3.07150433841836,0.000141891767022715,0.116855191992532,0.447770978153801,0.531550115434391,2,2,40,0.415053868552936,-0.310624719932759,14,2.78881318589366,0,-5.1868,1474,1,0,12,"both",0.415053868552936,-0.310624719932759
"527","session2",-6.17587725799108,47.2210528446664,3.07150433841836,0.000141891767022715,0.116855191992532,0.447770978153801,0.531550115434391,2,2,40,0.415053868552936,-0.310624719932759,14,6.9461048731622,0,7.10077,1474,1,0,12,"both",0.415053868552936,-0.310624719932759
"528","session2",-6.17587725799108,47.2210528446664,3.07150433841836,0.000141891767022715,0.116855191992532,0.447770978153801,0.531550115434391,2,2,40,0.415053868552936,-0.310624719932759,14,2.45655417479907,0,1.2044310694,1474,1,0,12,"both",0.415053868552936,-0.310624719932759
"529","session2",-6.17587725799108,47.2210528446664,3.07150433841836,0.000141891767022715,0.116855191992532,0.447770978153801,0.531550115434391,2,2,40,0.415053868552936,-0.310624719932759,14,3.82554301601875,0,-0.0649640629999999,1474,1,0,12,"both",0.415053868552936,-0.310624719932759
"530","session2",-6.17587725799108,47.2210528446664,3.07150433841836,0.000141891767022715,0.116855191992532,0.447770978153801,0.531550115434391,2,2,40,0.415053868552936,-0.310624719932759,14,1.6575573249127,1,6.2227925,1474,1,0,12,"both",0.415053868552936,-0.310624719932759
"531","session2",-6.17587725799108,47.2210528446664,3.07150433841836,0.000141891767022715,0.116855191992532,0.447770978153801,0.531550115434391,2,2,40,0.415053868552936,-0.310624719932759,14,4.34658573347798,1,-21.02666,1474,1,0,12,"both",0.415053868552936,-0.310624719932759
"532","session2",-6.17587725799108,47.2210528446664,3.07150433841836,0.000141891767022715,0.116855191992532,0.447770978153801,0.531550115434391,2,2,40,0.415053868552936,-0.310624719932759,14,1.73460738321598,1,16.1731,1474,1,0,12,"both",0.415053868552936,-0.310624719932759
"533","session2",-6.17587725799108,47.2210528446664,3.07150433841836,0.000141891767022715,0.116855191992532,0.447770978153801,0.531550115434391,2,2,40,0.415053868552936,-0.310624719932759,14,3.36815206432157,0,-20.3502,1474,1,0,12,"both",0.415053868552936,-0.310624719932759
"534","session2",-6.17587725799108,47.2210528446664,3.07150433841836,0.000141891767022715,0.116855191992532,0.447770978153801,0.531550115434391,2,2,40,0.415053868552936,-0.310624719932759,14,4.6401571089325,1,-3.36023,1474,1,0,12,"both",0.415053868552936,-0.310624719932759
"535","session2",-6.17587725799108,47.2210528446664,3.07150433841836,0.000141891767022715,0.116855191992532,0.447770978153801,0.531550115434391,2,2,40,0.415053868552936,-0.310624719932759,14,5.54413598148908,1,-1.1087829461,1474,1,0,12,"both",0.415053868552936,-0.310624719932759
"536","session2",-6.17587725799108,47.2210528446664,3.07150433841836,0.000141891767022715,0.116855191992532,0.447770978153801,0.531550115434391,2,2,40,0.415053868552936,-0.310624719932759,14,2.83841522613549,1,-5.471404944,1474,1,0,12,"both",0.415053868552936,-0.310624719932759
"537","session2",-6.17587725799108,47.2210528446664,3.07150433841836,0.000141891767022715,0.116855191992532,0.447770978153801,0.531550115434391,2,2,40,0.415053868552936,-0.310624719932759,14,3.32740486587029,0,-7.21589886327,1474,1,0,12,"both",0.415053868552936,-0.310624719932759
"538","session2",-6.17587725799108,47.2210528446664,3.07150433841836,0.000141891767022715,0.116855191992532,0.447770978153801,0.531550115434391,2,2,40,0.415053868552936,-0.310624719932759,14,2.98701725355813,1,-3.2396950754,1474,1,0,12,"both",0.415053868552936,-0.310624719932759
"539","session2",-6.17587725799108,47.2210528446664,3.07150433841836,0.000141891767022715,0.116855191992532,0.447770978153801,0.531550115434391,2,2,40,0.415053868552936,-0.310624719932759,14,2.62736166983184,1,-6.435211821,1474,1,0,12,"both",0.415053868552936,-0.310624719932759
"540","session2",-6.17587725799108,47.2210528446664,3.07150433841836,0.000141891767022715,0.116855191992532,0.447770978153801,0.531550115434391,2,2,40,0.415053868552936,-0.310624719932759,14,2.28741796106597,1,-8.6283318731,1474,1,0,12,"both",0.415053868552936,-0.310624719932759
"541","session2",-6.17587725799108,47.2210528446664,3.07150433841836,0.000141891767022715,0.116855191992532,0.447770978153801,0.531550115434391,2,2,40,0.415053868552936,-0.310624719932759,14,4.53854540095621,1,-7.7414,1474,1,0,12,"both",0.415053868552936,-0.310624719932759
"542","session2",-6.17587725799108,47.2210528446664,3.07150433841836,0.000141891767022715,0.116855191992532,0.447770978153801,0.531550115434391,2,2,40,0.415053868552936,-0.310624719932759,14,2.58757110480974,1,-12.54788,1474,1,0,12,"both",0.415053868552936,-0.310624719932759
"543","session2",-6.17587725799108,47.2210528446664,3.07150433841836,0.000141891767022715,0.116855191992532,0.447770978153801,0.531550115434391,2,2,40,0.415053868552936,-0.310624719932759,14,3.49803112692273,1,-4.7302,1474,1,0,12,"both",0.415053868552936,-0.310624719932759
"544","session2",-6.17587725799108,47.2210528446664,3.07150433841836,0.000141891767022715,0.116855191992532,0.447770978153801,0.531550115434391,2,2,40,0.415053868552936,-0.310624719932759,14,2.17268732318595,0,-34.0339,1474,1,0,12,"both",0.415053868552936,-0.310624719932759
"545","session2",-6.17587725799108,47.2210528446664,3.07150433841836,0.000141891767022715,0.116855191992532,0.447770978153801,0.531550115434391,2,2,40,0.415053868552936,-0.310624719932759,14,2.28494625056753,1,8.63022,1474,1,0,12,"both",0.415053868552936,-0.310624719932759
"546","session2",-6.17587725799108,47.2210528446664,3.07150433841836,0.000141891767022715,0.116855191992532,0.447770978153801,0.531550115434391,2,2,40,0.415053868552936,-0.310624719932759,14,2.87016987233985,0,-28.98639,1474,1,0,12,"both",0.415053868552936,-0.310624719932759
"547","session2",-6.17587725799108,47.2210528446664,3.07150433841836,0.000141891767022715,0.116855191992532,0.447770978153801,0.531550115434391,2,2,40,0.415053868552936,-0.310624719932759,14,2.17012856747946,1,-14.882642068,1474,1,0,12,"both",0.415053868552936,-0.310624719932759
"548","session2",-6.17587725799108,47.2210528446664,3.07150433841836,0.000141891767022715,0.116855191992532,0.447770978153801,0.531550115434391,2,2,40,0.415053868552936,-0.310624719932759,14,4.43481346400815,0,-0.341000000000001,1474,1,0,12,"both",0.415053868552936,-0.310624719932759
"549","session2",-6.17587725799108,47.2210528446664,3.07150433841836,0.000141891767022715,0.116855191992532,0.447770978153801,0.531550115434391,2,2,40,0.415053868552936,-0.310624719932759,14,3.43612869087537,0,2.1532,1474,1,0,12,"both",0.415053868552936,-0.310624719932759
"550","session2",-6.17587725799108,47.2210528446664,3.07150433841836,0.000141891767022715,0.116855191992532,0.447770978153801,0.531550115434391,2,2,40,0.415053868552936,-0.310624719932759,14,2.86406213364281,1,-12.108440922,1474,1,0,12,"both",0.415053868552936,-0.310624719932759
"551","session2",-6.17587725799108,47.2210528446664,3.07150433841836,0.000141891767022715,0.116855191992532,0.447770978153801,0.531550115434391,2,2,40,0.415053868552936,-0.310624719932759,14,1.6717169908529,1,16.9022,1474,1,0,12,"both",0.415053868552936,-0.310624719932759
"552","session2",-6.17587725799108,47.2210528446664,3.07150433841836,0.000141891767022715,0.116855191992532,0.447770978153801,0.531550115434391,2,2,40,0.415053868552936,-0.310624719932759,14,1.7218468429986,0,15.020817,1474,1,0,12,"both",0.415053868552936,-0.310624719932759
"553","session2",-6.17587725799108,47.2210528446664,3.07150433841836,0.000141891767022715,0.116855191992532,0.447770978153801,0.531550115434391,2,2,40,0.415053868552936,-0.310624719932759,14,4.87842923734578,1,-20.9331378742,1474,1,0,12,"both",0.415053868552936,-0.310624719932759
"554","session2",-6.17587725799108,47.2210528446664,3.07150433841836,0.000141891767022715,0.116855191992532,0.447770978153801,0.531550115434391,2,2,40,0.415053868552936,-0.310624719932759,14,2.48953697124144,1,-16.02077018995,1474,1,0,12,"both",0.415053868552936,-0.310624719932759
"555","session2",-6.17587725799108,47.2210528446664,3.07150433841836,0.000141891767022715,0.116855191992532,0.447770978153801,0.531550115434391,2,2,40,0.415053868552936,-0.310624719932759,14,3.23836495815205,1,24.19386,1474,1,0,12,"both",0.415053868552936,-0.310624719932759
"556","session2",-6.17587725799108,47.2210528446664,3.07150433841836,0.000141891767022715,0.116855191992532,0.447770978153801,0.531550115434391,2,2,40,0.415053868552936,-0.310624719932759,14,1.92865602284834,1,-16.6351,1474,1,0,12,"both",0.415053868552936,-0.310624719932759
"557","session2",-6.17587725799108,47.2210528446664,3.07150433841836,0.000141891767022715,0.116855191992532,0.447770978153801,0.531550115434391,2,2,40,0.415053868552936,-0.310624719932759,14,3.68598015791687,0,-20.233841896,1474,1,0,12,"both",0.415053868552936,-0.310624719932759
"558","session2",-6.17587725799108,47.2210528446664,3.07150433841836,0.000141891767022715,0.116855191992532,0.447770978153801,0.531550115434391,2,2,40,0.415053868552936,-0.310624719932759,14,2.94361154013121,0,-17.3231906252,1474,1,0,12,"both",0.415053868552936,-0.310624719932759
"559","session2",-6.17587725799108,47.2210528446664,3.07150433841836,0.000141891767022715,0.116855191992532,0.447770978153801,0.531550115434391,2,2,40,0.415053868552936,-0.310624719932759,14,3.21253430124941,1,16.2859,1474,1,0,12,"both",0.415053868552936,-0.310624719932759
"560","session2",-6.17587725799108,47.2210528446664,3.07150433841836,0.000141891767022715,0.116855191992532,0.447770978153801,0.531550115434391,2,2,40,0.415053868552936,-0.310624719932759,14,2.53969010756629,1,0.74774,1474,1,0,12,"both",0.415053868552936,-0.310624719932759
"561","session2",4.60650007976315,12.6611474842449,3.13376203755864,0.000329951584930386,-0.0233755150677894,0.482556307567506,0.644142518483824,3,2,40,0.415053868552936,-0.310624719932759,15,2.65857123035353,0,7.1070183502,1474,1,0,12,"both",0.415053868552936,-0.310624719932759
"562","session2",4.60650007976315,12.6611474842449,3.13376203755864,0.000329951584930386,-0.0233755150677894,0.482556307567506,0.644142518483824,3,2,40,0.415053868552936,-0.310624719932759,15,2.75313313965876,1,11.2913987855,1474,1,0,12,"both",0.415053868552936,-0.310624719932759
"563","session2",4.60650007976315,12.6611474842449,3.13376203755864,0.000329951584930386,-0.0233755150677894,0.482556307567506,0.644142518483824,3,2,40,0.415053868552936,-0.310624719932759,15,3.18125650865187,1,2.3539741419,1474,1,0,12,"both",0.415053868552936,-0.310624719932759
"564","session2",4.60650007976315,12.6611474842449,3.13376203755864,0.000329951584930386,-0.0233755150677894,0.482556307567506,0.644142518483824,3,2,40,0.415053868552936,-0.310624719932759,15,3.07464786411799,1,-1.4351266848,1474,1,0,12,"both",0.415053868552936,-0.310624719932759
"565","session2",4.60650007976315,12.6611474842449,3.13376203755864,0.000329951584930386,-0.0233755150677894,0.482556307567506,0.644142518483824,3,2,40,0.415053868552936,-0.310624719932759,15,2.1457934407405,0,-7.74684643997,1474,1,0,12,"both",0.415053868552936,-0.310624719932759
"566","session2",4.60650007976315,12.6611474842449,3.13376203755864,0.000329951584930386,-0.0233755150677894,0.482556307567506,0.644142518483824,3,2,40,0.415053868552936,-0.310624719932759,15,1.60661834679374,1,37.97564,1474,1,0,12,"both",0.415053868552936,-0.310624719932759
"567","session2",4.60650007976315,12.6611474842449,3.13376203755864,0.000329951584930386,-0.0233755150677894,0.482556307567506,0.644142518483824,3,2,40,0.415053868552936,-0.310624719932759,15,5.21998674957304,0,-2.92758,1474,1,0,12,"both",0.415053868552936,-0.310624719932759
"568","session2",4.60650007976315,12.6611474842449,3.13376203755864,0.000329951584930386,-0.0233755150677894,0.482556307567506,0.644142518483824,3,2,40,0.415053868552936,-0.310624719932759,15,1.56238052694296,0,-13.968512,1474,1,0,12,"both",0.415053868552936,-0.310624719932759
"569","session2",4.60650007976315,12.6611474842449,3.13376203755864,0.000329951584930386,-0.0233755150677894,0.482556307567506,0.644142518483824,3,2,40,0.415053868552936,-0.310624719932759,15,2.29024342359143,0,-25.4062,1474,1,0,12,"both",0.415053868552936,-0.310624719932759
"570","session2",4.60650007976315,12.6611474842449,3.13376203755864,0.000329951584930386,-0.0233755150677894,0.482556307567506,0.644142518483824,3,2,40,0.415053868552936,-0.310624719932759,15,3.07467933141167,0,5.92174,1474,1,0,12,"both",0.415053868552936,-0.310624719932759
"571","session2",4.60650007976315,12.6611474842449,3.13376203755864,0.000329951584930386,-0.0233755150677894,0.482556307567506,0.644142518483824,3,2,40,0.415053868552936,-0.310624719932759,15,1.89757012451013,1,35.71051,1474,1,0,12,"both",0.415053868552936,-0.310624719932759
"572","session2",4.60650007976315,12.6611474842449,3.13376203755864,0.000329951584930386,-0.0233755150677894,0.482556307567506,0.644142518483824,3,2,40,0.415053868552936,-0.310624719932759,15,1.64622489670244,1,1.53741,1474,1,0,12,"both",0.415053868552936,-0.310624719932759
"573","session2",4.60650007976315,12.6611474842449,3.13376203755864,0.000329951584930386,-0.0233755150677894,0.482556307567506,0.644142518483824,3,2,40,0.415053868552936,-0.310624719932759,15,2.19157956857372,1,31.83478,1474,1,0,12,"both",0.415053868552936,-0.310624719932759
"574","session2",4.60650007976315,12.6611474842449,3.13376203755864,0.000329951584930386,-0.0233755150677894,0.482556307567506,0.644142518483824,3,2,40,0.415053868552936,-0.310624719932759,15,2.11281948813964,0,0.73139392498,1474,1,0,12,"both",0.415053868552936,-0.310624719932759
"575","session2",4.60650007976315,12.6611474842449,3.13376203755864,0.000329951584930386,-0.0233755150677894,0.482556307567506,0.644142518483824,3,2,40,0.415053868552936,-0.310624719932759,15,1.55708606138427,1,24.9656,1474,1,0,12,"both",0.415053868552936,-0.310624719932759
"576","session2",4.60650007976315,12.6611474842449,3.13376203755864,0.000329951584930386,-0.0233755150677894,0.482556307567506,0.644142518483824,3,2,40,0.415053868552936,-0.310624719932759,15,2.43362352592092,1,3.89651,1474,1,0,12,"both",0.415053868552936,-0.310624719932759
"577","session2",4.60650007976315,12.6611474842449,3.13376203755864,0.000329951584930386,-0.0233755150677894,0.482556307567506,0.644142518483824,3,2,40,0.415053868552936,-0.310624719932759,15,2.25732299108447,0,-1.29023,1474,1,0,12,"both",0.415053868552936,-0.310624719932759
"578","session2",4.60650007976315,12.6611474842449,3.13376203755864,0.000329951584930386,-0.0233755150677894,0.482556307567506,0.644142518483824,3,2,40,0.415053868552936,-0.310624719932759,15,1.72422625016157,1,18.24402,1474,1,0,12,"both",0.415053868552936,-0.310624719932759
"579","session2",4.60650007976315,12.6611474842449,3.13376203755864,0.000329951584930386,-0.0233755150677894,0.482556307567506,0.644142518483824,3,2,40,0.415053868552936,-0.310624719932759,15,3.11058412600303,1,-0.122870000000001,1474,1,0,12,"both",0.415053868552936,-0.310624719932759
"580","session2",4.60650007976315,12.6611474842449,3.13376203755864,0.000329951584930386,-0.0233755150677894,0.482556307567506,0.644142518483824,3,2,40,0.415053868552936,-0.310624719932759,15,3.46137279306242,0,16.92629,1474,1,0,12,"both",0.415053868552936,-0.310624719932759
"581","session2",4.60650007976315,12.6611474842449,3.13376203755864,0.000329951584930386,-0.0233755150677894,0.482556307567506,0.644142518483824,3,2,40,0.415053868552936,-0.310624719932759,15,3.03537166853774,1,27.71967,1474,1,0,12,"both",0.415053868552936,-0.310624719932759
"582","session2",4.60650007976315,12.6611474842449,3.13376203755864,0.000329951584930386,-0.0233755150677894,0.482556307567506,0.644142518483824,3,2,40,0.415053868552936,-0.310624719932759,15,1.13679324337831,0,-20.45539,1474,1,0,12,"both",0.415053868552936,-0.310624719932759
"583","session2",4.60650007976315,12.6611474842449,3.13376203755864,0.000329951584930386,-0.0233755150677894,0.482556307567506,0.644142518483824,3,2,40,0.415053868552936,-0.310624719932759,15,1.31679981809289,0,-24.94604,1474,1,0,12,"both",0.415053868552936,-0.310624719932759
"584","session2",4.60650007976315,12.6611474842449,3.13376203755864,0.000329951584930386,-0.0233755150677894,0.482556307567506,0.644142518483824,3,2,40,0.415053868552936,-0.310624719932759,15,2.38171743277653,0,12.6248,1474,1,0,12,"both",0.415053868552936,-0.310624719932759
"585","session2",4.60650007976315,12.6611474842449,3.13376203755864,0.000329951584930386,-0.0233755150677894,0.482556307567506,0.644142518483824,3,2,40,0.415053868552936,-0.310624719932759,15,4.26424905525567,1,7.670137,1474,1,0,12,"both",0.415053868552936,-0.310624719932759
"586","session2",4.60650007976315,12.6611474842449,3.13376203755864,0.000329951584930386,-0.0233755150677894,0.482556307567506,0.644142518483824,3,2,40,0.415053868552936,-0.310624719932759,15,1.57130899509193,0,-15.37488,1474,1,0,12,"both",0.415053868552936,-0.310624719932759
"587","session2",4.60650007976315,12.6611474842449,3.13376203755864,0.000329951584930386,-0.0233755150677894,0.482556307567506,0.644142518483824,3,2,40,0.415053868552936,-0.310624719932759,15,1.89958295759713,1,15.42278,1474,1,0,12,"both",0.415053868552936,-0.310624719932759
"588","session2",4.60650007976315,12.6611474842449,3.13376203755864,0.000329951584930386,-0.0233755150677894,0.482556307567506,0.644142518483824,3,2,40,0.415053868552936,-0.310624719932759,15,3.03761379218386,1,3.36509328466,1474,1,0,12,"both",0.415053868552936,-0.310624719932759
"589","session2",4.60650007976315,12.6611474842449,3.13376203755864,0.000329951584930386,-0.0233755150677894,0.482556307567506,0.644142518483824,3,2,40,0.415053868552936,-0.310624719932759,15,1.94041420429559,1,37.11259,1474,1,0,12,"both",0.415053868552936,-0.310624719932759
"590","session2",4.60650007976315,12.6611474842449,3.13376203755864,0.000329951584930386,-0.0233755150677894,0.482556307567506,0.644142518483824,3,2,40,0.415053868552936,-0.310624719932759,15,2.6328397639304,1,21.85947,1474,1,0,12,"both",0.415053868552936,-0.310624719932759
"591","session2",4.60650007976315,12.6611474842449,3.13376203755864,0.000329951584930386,-0.0233755150677894,0.482556307567506,0.644142518483824,3,2,40,0.415053868552936,-0.310624719932759,15,3.30266427934931,1,15.61469,1474,1,0,12,"both",0.415053868552936,-0.310624719932759
"592","session2",4.60650007976315,12.6611474842449,3.13376203755864,0.000329951584930386,-0.0233755150677894,0.482556307567506,0.644142518483824,3,2,40,0.415053868552936,-0.310624719932759,15,5.36654435252161,1,10.031883,1474,1,0,12,"both",0.415053868552936,-0.310624719932759
"593","session2",4.60650007976315,12.6611474842449,3.13376203755864,0.000329951584930386,-0.0233755150677894,0.482556307567506,0.644142518483824,3,2,40,0.415053868552936,-0.310624719932759,15,2.38128459982834,1,13.59935,1474,1,0,12,"both",0.415053868552936,-0.310624719932759
"594","session2",4.60650007976315,12.6611474842449,3.13376203755864,0.000329951584930386,-0.0233755150677894,0.482556307567506,0.644142518483824,3,2,40,0.415053868552936,-0.310624719932759,15,1.49456632973923,1,24.81833,1474,1,0,12,"both",0.415053868552936,-0.310624719932759
"595","session2",4.60650007976315,12.6611474842449,3.13376203755864,0.000329951584930386,-0.0233755150677894,0.482556307567506,0.644142518483824,3,2,40,0.415053868552936,-0.310624719932759,15,1.99524529219882,0,-15.41648,1474,1,0,12,"both",0.415053868552936,-0.310624719932759
"596","session2",4.60650007976315,12.6611474842449,3.13376203755864,0.000329951584930386,-0.0233755150677894,0.482556307567506,0.644142518483824,3,2,40,0.415053868552936,-0.310624719932759,15,1.79012899830511,1,16.22695,1474,1,0,12,"both",0.415053868552936,-0.310624719932759
"597","session2",4.60650007976315,12.6611474842449,3.13376203755864,0.000329951584930386,-0.0233755150677894,0.482556307567506,0.644142518483824,3,2,40,0.415053868552936,-0.310624719932759,15,2.17302964497522,1,23.08833,1474,1,0,12,"both",0.415053868552936,-0.310624719932759
"598","session2",4.60650007976315,12.6611474842449,3.13376203755864,0.000329951584930386,-0.0233755150677894,0.482556307567506,0.644142518483824,3,2,40,0.415053868552936,-0.310624719932759,15,1.4535961891094,1,-12.02079,1474,1,0,12,"both",0.415053868552936,-0.310624719932759
"599","session2",4.60650007976315,12.6611474842449,3.13376203755864,0.000329951584930386,-0.0233755150677894,0.482556307567506,0.644142518483824,3,2,40,0.415053868552936,-0.310624719932759,15,1.5736335541917,0,-12.09118,1474,1,0,12,"both",0.415053868552936,-0.310624719932759
"600","session2",4.60650007976315,12.6611474842449,3.13376203755864,0.000329951584930386,-0.0233755150677894,0.482556307567506,0.644142518483824,3,2,40,0.415053868552936,-0.310624719932759,15,1.66170280455625,0,8.79686,1474,1,0,12,"both",0.415053868552936,-0.310624719932759
"601","session2",-29.5732904213649,9.43276492475042,2.20752084130367,0.000652051801760384,0.137070628143624,0.406346450165074,0.486397687414453,4,2,40,0.415053868552936,-0.310624719932759,16,3.27660464084436,1,-3.6418187472,1474,1,0,12,"both",0.415053868552936,-0.310624719932759
"602","session2",-29.5732904213649,9.43276492475042,2.20752084130367,0.000652051801760384,0.137070628143624,0.406346450165074,0.486397687414453,4,2,40,0.415053868552936,-0.310624719932759,16,2.32491413194147,1,-7.0983075723,1474,1,0,12,"both",0.415053868552936,-0.310624719932759
"603","session2",-29.5732904213649,9.43276492475042,2.20752084130367,0.000652051801760384,0.137070628143624,0.406346450165074,0.486397687414453,4,2,40,0.415053868552936,-0.310624719932759,16,1.33479481014022,1,-14.5048677093,1474,1,0,12,"both",0.415053868552936,-0.310624719932759
"604","session2",-29.5732904213649,9.43276492475042,2.20752084130367,0.000652051801760384,0.137070628143624,0.406346450165074,0.486397687414453,4,2,40,0.415053868552936,-0.310624719932759,16,1.54516987620983,0,-19.293966237,1474,1,0,12,"both",0.415053868552936,-0.310624719932759
"605","session2",-29.5732904213649,9.43276492475042,2.20752084130367,0.000652051801760384,0.137070628143624,0.406346450165074,0.486397687414453,4,2,40,0.415053868552936,-0.310624719932759,16,1.64554716646541,1,-29.27755,1474,1,0,12,"both",0.415053868552936,-0.310624719932759
"606","session2",-29.5732904213649,9.43276492475042,2.20752084130367,0.000652051801760384,0.137070628143624,0.406346450165074,0.486397687414453,4,2,40,0.415053868552936,-0.310624719932759,16,1.361334449888,1,29.1038,1474,1,0,12,"both",0.415053868552936,-0.310624719932759
"607","session2",-29.5732904213649,9.43276492475042,2.20752084130367,0.000652051801760384,0.137070628143624,0.406346450165074,0.486397687414453,4,2,40,0.415053868552936,-0.310624719932759,16,1.52897353263267,1,-22.69738,1474,1,0,12,"both",0.415053868552936,-0.310624719932759
"608","session2",-29.5732904213649,9.43276492475042,2.20752084130367,0.000652051801760384,0.137070628143624,0.406346450165074,0.486397687414453,4,2,40,0.415053868552936,-0.310624719932759,16,4.58406089701323,1,-23.8672420901,1474,1,0,12,"both",0.415053868552936,-0.310624719932759
"609","session2",-29.5732904213649,9.43276492475042,2.20752084130367,0.000652051801760384,0.137070628143624,0.406346450165074,0.486397687414453,4,2,40,0.415053868552936,-0.310624719932759,16,1.97462113477162,0,-27.48630118,1474,1,0,12,"both",0.415053868552936,-0.310624719932759
"610","session2",-29.5732904213649,9.43276492475042,2.20752084130367,0.000652051801760384,0.137070628143624,0.406346450165074,0.486397687414453,4,2,40,0.415053868552936,-0.310624719932759,16,4.81748070795015,1,-22.638492952,1474,1,0,12,"both",0.415053868552936,-0.310624719932759
"611","session2",-29.5732904213649,9.43276492475042,2.20752084130367,0.000652051801760384,0.137070628143624,0.406346450165074,0.486397687414453,4,2,40,0.415053868552936,-0.310624719932759,16,2.29641844748025,0,-36.24301,1474,1,0,12,"both",0.415053868552936,-0.310624719932759
"612","session2",-29.5732904213649,9.43276492475042,2.20752084130367,0.000652051801760384,0.137070628143624,0.406346450165074,0.486397687414453,4,2,40,0.415053868552936,-0.310624719932759,16,1.97207663681649,0,-44.4344,1474,1,0,12,"both",0.415053868552936,-0.310624719932759
"613","session2",-29.5732904213649,9.43276492475042,2.20752084130367,0.000652051801760384,0.137070628143624,0.406346450165074,0.486397687414453,4,2,40,0.415053868552936,-0.310624719932759,16,2.03407021565191,1,-10.183,1474,1,0,12,"both",0.415053868552936,-0.310624719932759
"614","session2",-29.5732904213649,9.43276492475042,2.20752084130367,0.000652051801760384,0.137070628143624,0.406346450165074,0.486397687414453,4,2,40,0.415053868552936,-0.310624719932759,16,1.82444184991629,0,-41.6363,1474,1,0,12,"both",0.415053868552936,-0.310624719932759
"615","session2",-29.5732904213649,9.43276492475042,2.20752084130367,0.000652051801760384,0.137070628143624,0.406346450165074,0.486397687414453,4,2,40,0.415053868552936,-0.310624719932759,16,2.46266197722937,1,9.7959,1474,1,0,12,"both",0.415053868552936,-0.310624719932759
"616","session2",-29.5732904213649,9.43276492475042,2.20752084130367,0.000652051801760384,0.137070628143624,0.406346450165074,0.486397687414453,4,2,40,0.415053868552936,-0.310624719932759,16,1.8476688350195,1,14.5051,1474,1,0,12,"both",0.415053868552936,-0.310624719932759
"617","session2",-29.5732904213649,9.43276492475042,2.20752084130367,0.000652051801760384,0.137070628143624,0.406346450165074,0.486397687414453,4,2,40,0.415053868552936,-0.310624719932759,16,2.71262829194129,1,-27.63887,1474,1,0,12,"both",0.415053868552936,-0.310624719932759
"618","session2",-29.5732904213649,9.43276492475042,2.20752084130367,0.000652051801760384,0.137070628143624,0.406346450165074,0.486397687414453,4,2,40,0.415053868552936,-0.310624719932759,16,2.0324414132564,1,-27.82689,1474,1,0,12,"both",0.415053868552936,-0.310624719932759
"619","session2",-29.5732904213649,9.43276492475042,2.20752084130367,0.000652051801760384,0.137070628143624,0.406346450165074,0.486397687414453,4,2,40,0.415053868552936,-0.310624719932759,16,2.79769994775684,1,-31.69926,1474,1,0,12,"both",0.415053868552936,-0.310624719932759
"620","session2",-29.5732904213649,9.43276492475042,2.20752084130367,0.000652051801760384,0.137070628143624,0.406346450165074,0.486397687414453,4,2,40,0.415053868552936,-0.310624719932759,16,2.55863808053303,1,-26.72745,1474,1,0,12,"both",0.415053868552936,-0.310624719932759
"621","session2",-29.5732904213649,9.43276492475042,2.20752084130367,0.000652051801760384,0.137070628143624,0.406346450165074,0.486397687414453,4,2,40,0.415053868552936,-0.310624719932759,16,1.30342166398477,0,-37.20321,1474,1,0,12,"both",0.415053868552936,-0.310624719932759
"622","session2",-29.5732904213649,9.43276492475042,2.20752084130367,0.000652051801760384,0.137070628143624,0.406346450165074,0.486397687414453,4,2,40,0.415053868552936,-0.310624719932759,16,2.51397562327902,0,-45.62725,1474,1,0,12,"both",0.415053868552936,-0.310624719932759
"623","session2",-29.5732904213649,9.43276492475042,2.20752084130367,0.000652051801760384,0.137070628143624,0.406346450165074,0.486397687414453,4,2,40,0.415053868552936,-0.310624719932759,16,1.78864576557549,0,-35.61151,1474,1,0,12,"both",0.415053868552936,-0.310624719932759
"624","session2",-29.5732904213649,9.43276492475042,2.20752084130367,0.000652051801760384,0.137070628143624,0.406346450165074,0.486397687414453,4,2,40,0.415053868552936,-0.310624719932759,16,3.86463035630315,0,-31.11708,1474,1,0,12,"both",0.415053868552936,-0.310624719932759
"625","session2",-29.5732904213649,9.43276492475042,2.20752084130367,0.000652051801760384,0.137070628143624,0.406346450165074,0.486397687414453,4,2,40,0.415053868552936,-0.310624719932759,16,2.03100045591152,1,-38.05701,1474,1,0,12,"both",0.415053868552936,-0.310624719932759
"626","session2",-29.5732904213649,9.43276492475042,2.20752084130367,0.000652051801760384,0.137070628143624,0.406346450165074,0.486397687414453,4,2,40,0.415053868552936,-0.310624719932759,16,4.22450245834757,0,-22.88754,1474,1,0,12,"both",0.415053868552936,-0.310624719932759
"627","session2",-29.5732904213649,9.43276492475042,2.20752084130367,0.000652051801760384,0.137070628143624,0.406346450165074,0.486397687414453,4,2,40,0.415053868552936,-0.310624719932759,16,1.55251043312835,1,-6.7586,1474,1,0,12,"both",0.415053868552936,-0.310624719932759
"628","session2",-29.5732904213649,9.43276492475042,2.20752084130367,0.000652051801760384,0.137070628143624,0.406346450165074,0.486397687414453,4,2,40,0.415053868552936,-0.310624719932759,16,1.91070161802228,1,-25.41454,1474,1,0,12,"both",0.415053868552936,-0.310624719932759
"629","session2",-29.5732904213649,9.43276492475042,2.20752084130367,0.000652051801760384,0.137070628143624,0.406346450165074,0.486397687414453,4,2,40,0.415053868552936,-0.310624719932759,16,2.05289359423275,1,-19.3498,1474,1,0,12,"both",0.415053868552936,-0.310624719932759
"630","session2",-29.5732904213649,9.43276492475042,2.20752084130367,0.000652051801760384,0.137070628143624,0.406346450165074,0.486397687414453,4,2,40,0.415053868552936,-0.310624719932759,16,2.03033422440778,0,-38.43746,1474,1,0,12,"both",0.415053868552936,-0.310624719932759
"631","session2",-29.5732904213649,9.43276492475042,2.20752084130367,0.000652051801760384,0.137070628143624,0.406346450165074,0.486397687414453,4,2,40,0.415053868552936,-0.310624719932759,16,1.46685424510347,1,-36.04823,1474,1,0,12,"both",0.415053868552936,-0.310624719932759
"632","session2",-29.5732904213649,9.43276492475042,2.20752084130367,0.000652051801760384,0.137070628143624,0.406346450165074,0.486397687414453,4,2,40,0.415053868552936,-0.310624719932759,16,1.90494072125211,1,-42.96926,1474,1,0,12,"both",0.415053868552936,-0.310624719932759
"633","session2",-29.5732904213649,9.43276492475042,2.20752084130367,0.000652051801760384,0.137070628143624,0.406346450165074,0.486397687414453,4,2,40,0.415053868552936,-0.310624719932759,16,1.55524600388195,0,-44.139,1474,1,0,12,"both",0.415053868552936,-0.310624719932759
"634","session2",-29.5732904213649,9.43276492475042,2.20752084130367,0.000652051801760384,0.137070628143624,0.406346450165074,0.486397687414453,4,2,40,0.415053868552936,-0.310624719932759,16,1.35085445377386,1,-14.2055,1474,1,0,12,"both",0.415053868552936,-0.310624719932759
"635","session2",-29.5732904213649,9.43276492475042,2.20752084130367,0.000652051801760384,0.137070628143624,0.406346450165074,0.486397687414453,4,2,40,0.415053868552936,-0.310624719932759,16,2.63520631627809,1,-24.57985,1474,1,0,12,"both",0.415053868552936,-0.310624719932759
"636","session2",-29.5732904213649,9.43276492475042,2.20752084130367,0.000652051801760384,0.137070628143624,0.406346450165074,0.486397687414453,4,2,40,0.415053868552936,-0.310624719932759,16,2.21935842195458,0,-38.64126,1474,1,0,12,"both",0.415053868552936,-0.310624719932759
"637","session2",-29.5732904213649,9.43276492475042,2.20752084130367,0.000652051801760384,0.137070628143624,0.406346450165074,0.486397687414453,4,2,40,0.415053868552936,-0.310624719932759,16,1.47735851525638,1,-19.5338,1474,1,0,12,"both",0.415053868552936,-0.310624719932759
"638","session2",-29.5732904213649,9.43276492475042,2.20752084130367,0.000652051801760384,0.137070628143624,0.406346450165074,0.486397687414453,4,2,40,0.415053868552936,-0.310624719932759,16,2.63301804910691,0,-40.55084,1474,1,0,12,"both",0.415053868552936,-0.310624719932759
"639","session2",-29.5732904213649,9.43276492475042,2.20752084130367,0.000652051801760384,0.137070628143624,0.406346450165074,0.486397687414453,4,2,40,0.415053868552936,-0.310624719932759,16,1.52335448014052,0,-42.4658,1474,1,0,12,"both",0.415053868552936,-0.310624719932759
"640","session2",-29.5732904213649,9.43276492475042,2.20752084130367,0.000652051801760384,0.137070628143624,0.406346450165074,0.486397687414453,4,2,40,0.415053868552936,-0.310624719932759,16,2.26659654197626,0,-38.81689,1474,1,0,12,"both",0.415053868552936,-0.310624719932759
"641","session2",12.5526657744825,3.90725308383943,2.70272260572147,0.000919528100084961,0.106314796877515,0.529021741320255,0.684177724970731,5,2,40,0.415053868552936,-0.310624719932759,17,3.37319263804205,0,9.37066080424,1474,1,0,12,"both",0.415053868552936,-0.310624719932759
"642","session2",12.5526657744825,3.90725308383943,2.70272260572147,0.000919528100084961,0.106314796877515,0.529021741320255,0.684177724970731,5,2,40,0.415053868552936,-0.310624719932759,17,1.35585680008565,1,12.0113061036,1474,1,0,12,"both",0.415053868552936,-0.310624719932759
"643","session2",12.5526657744825,3.90725308383943,2.70272260572147,0.000919528100084961,0.106314796877515,0.529021741320255,0.684177724970731,5,2,40,0.415053868552936,-0.310624719932759,17,2.08325989372516,0,1.3339305412,1474,1,0,12,"both",0.415053868552936,-0.310624719932759
"644","session2",12.5526657744825,3.90725308383943,2.70272260572147,0.000919528100084961,0.106314796877515,0.529021741320255,0.684177724970731,5,2,40,0.415053868552936,-0.310624719932759,17,1.919827954218,0,7.7326677116,1474,1,0,12,"both",0.415053868552936,-0.310624719932759
"645","session2",12.5526657744825,3.90725308383943,2.70272260572147,0.000919528100084961,0.106314796877515,0.529021741320255,0.684177724970731,5,2,40,0.415053868552936,-0.310624719932759,17,2.8138291156678,0,-7.22347,1474,1,0,12,"both",0.415053868552936,-0.310624719932759
"646","session2",12.5526657744825,3.90725308383943,2.70272260572147,0.000919528100084961,0.106314796877515,0.529021741320255,0.684177724970731,5,2,40,0.415053868552936,-0.310624719932759,17,2.98252225783613,0,5.34983,1474,1,0,12,"both",0.415053868552936,-0.310624719932759
"647","session2",12.5526657744825,3.90725308383943,2.70272260572147,0.000919528100084961,0.106314796877515,0.529021741320255,0.684177724970731,5,2,40,0.415053868552936,-0.310624719932759,17,2.07747537590693,0,9.21967,1474,1,0,12,"both",0.415053868552936,-0.310624719932759
"648","session2",12.5526657744825,3.90725308383943,2.70272260572147,0.000919528100084961,0.106314796877515,0.529021741320255,0.684177724970731,5,2,40,0.415053868552936,-0.310624719932759,17,1.81166250202298,1,17.82389,1474,1,0,12,"both",0.415053868552936,-0.310624719932759
"649","session2",12.5526657744825,3.90725308383943,2.70272260572147,0.000919528100084961,0.106314796877515,0.529021741320255,0.684177724970731,5,2,40,0.415053868552936,-0.310624719932759,17,2.22064288372093,0,11.16752,1474,1,0,12,"both",0.415053868552936,-0.310624719932759
"650","session2",12.5526657744825,3.90725308383943,2.70272260572147,0.000919528100084961,0.106314796877515,0.529021741320255,0.684177724970731,5,2,40,0.415053868552936,-0.310624719932759,17,2.66980368908518,0,12.28637,1474,1,0,12,"both",0.415053868552936,-0.310624719932759
"651","session2",12.5526657744825,3.90725308383943,2.70272260572147,0.000919528100084961,0.106314796877515,0.529021741320255,0.684177724970731,5,2,40,0.415053868552936,-0.310624719932759,17,3.01271553922406,1,14.34334,1474,1,0,12,"both",0.415053868552936,-0.310624719932759
"652","session2",12.5526657744825,3.90725308383943,2.70272260572147,0.000919528100084961,0.106314796877515,0.529021741320255,0.684177724970731,5,2,40,0.415053868552936,-0.310624719932759,17,1.44550726024453,0,13.56137,1474,1,0,12,"both",0.415053868552936,-0.310624719932759
"653","session2",12.5526657744825,3.90725308383943,2.70272260572147,0.000919528100084961,0.106314796877515,0.529021741320255,0.684177724970731,5,2,40,0.415053868552936,-0.310624719932759,17,2.79367048902624,1,15.62884,1474,1,0,12,"both",0.415053868552936,-0.310624719932759
"654","session2",12.5526657744825,3.90725308383943,2.70272260572147,0.000919528100084961,0.106314796877515,0.529021741320255,0.684177724970731,5,2,40,0.415053868552936,-0.310624719932759,17,2.9211392382935,1,11.03752,1474,1,0,12,"both",0.415053868552936,-0.310624719932759
"655","session2",12.5526657744825,3.90725308383943,2.70272260572147,0.000919528100084961,0.106314796877515,0.529021741320255,0.684177724970731,5,2,40,0.415053868552936,-0.310624719932759,17,2.13799924290499,1,15.346,1474,1,0,12,"both",0.415053868552936,-0.310624719932759
"656","session2",12.5526657744825,3.90725308383943,2.70272260572147,0.000919528100084961,0.106314796877515,0.529021741320255,0.684177724970731,5,2,40,0.415053868552936,-0.310624719932759,17,1.62596097573509,0,11.51422,1474,1,0,12,"both",0.415053868552936,-0.310624719932759
"657","session2",12.5526657744825,3.90725308383943,2.70272260572147,0.000919528100084961,0.106314796877515,0.529021741320255,0.684177724970731,5,2,40,0.415053868552936,-0.310624719932759,17,1.61793217783616,1,20.13021,1474,1,0,12,"both",0.415053868552936,-0.310624719932759
"658","session2",12.5526657744825,3.90725308383943,2.70272260572147,0.000919528100084961,0.106314796877515,0.529021741320255,0.684177724970731,5,2,40,0.415053868552936,-0.310624719932759,17,4.2690635602074,1,14.38658,1474,1,0,12,"both",0.415053868552936,-0.310624719932759
"659","session2",12.5526657744825,3.90725308383943,2.70272260572147,0.000919528100084961,0.106314796877515,0.529021741320255,0.684177724970731,5,2,40,0.415053868552936,-0.310624719932759,17,1.54471163148269,1,17.93633,1474,1,0,12,"both",0.415053868552936,-0.310624719932759
"660","session2",12.5526657744825,3.90725308383943,2.70272260572147,0.000919528100084961,0.106314796877515,0.529021741320255,0.684177724970731,5,2,40,0.415053868552936,-0.310624719932759,17,1.35137733019189,0,2.0313,1474,1,0,12,"both",0.415053868552936,-0.310624719932759
"661","session2",12.5526657744825,3.90725308383943,2.70272260572147,0.000919528100084961,0.106314796877515,0.529021741320255,0.684177724970731,5,2,40,0.415053868552936,-0.310624719932759,17,1.51434425476383,0,5.36976,1474,1,0,12,"both",0.415053868552936,-0.310624719932759
"662","session2",12.5526657744825,3.90725308383943,2.70272260572147,0.000919528100084961,0.106314796877515,0.529021741320255,0.684177724970731,5,2,40,0.415053868552936,-0.310624719932759,17,2.29877909530619,0,15.93875,1474,1,0,12,"both",0.415053868552936,-0.310624719932759
"663","session2",12.5526657744825,3.90725308383943,2.70272260572147,0.000919528100084961,0.106314796877515,0.529021741320255,0.684177724970731,5,2,40,0.415053868552936,-0.310624719932759,17,3.28614937121737,1,14.91343,1474,1,0,12,"both",0.415053868552936,-0.310624719932759
"664","session2",12.5526657744825,3.90725308383943,2.70272260572147,0.000919528100084961,0.106314796877515,0.529021741320255,0.684177724970731,5,2,40,0.415053868552936,-0.310624719932759,17,2.5924892791851,0,10.21873,1474,1,0,12,"both",0.415053868552936,-0.310624719932759
"665","session2",12.5526657744825,3.90725308383943,2.70272260572147,0.000919528100084961,0.106314796877515,0.529021741320255,0.684177724970731,5,2,40,0.415053868552936,-0.310624719932759,17,1.10333303308253,0,5.58292,1474,1,0,12,"both",0.415053868552936,-0.310624719932759
"666","session2",12.5526657744825,3.90725308383943,2.70272260572147,0.000919528100084961,0.106314796877515,0.529021741320255,0.684177724970731,5,2,40,0.415053868552936,-0.310624719932759,17,3.18724880913526,1,18.39276,1474,1,0,12,"both",0.415053868552936,-0.310624719932759
"667","session2",12.5526657744825,3.90725308383943,2.70272260572147,0.000919528100084961,0.106314796877515,0.529021741320255,0.684177724970731,5,2,40,0.415053868552936,-0.310624719932759,17,2.1173721663437,0,10.23606,1474,1,0,12,"both",0.415053868552936,-0.310624719932759
"668","session2",12.5526657744825,3.90725308383943,2.70272260572147,0.000919528100084961,0.106314796877515,0.529021741320255,0.684177724970731,5,2,40,0.415053868552936,-0.310624719932759,17,3.08097598553635,0,9.64057,1474,1,0,12,"both",0.415053868552936,-0.310624719932759
"669","session2",12.5526657744825,3.90725308383943,2.70272260572147,0.000919528100084961,0.106314796877515,0.529021741320255,0.684177724970731,5,2,40,0.415053868552936,-0.310624719932759,17,2.95280736442075,1,27.4477,1474,1,0,12,"both",0.415053868552936,-0.310624719932759
"670","session2",12.5526657744825,3.90725308383943,2.70272260572147,0.000919528100084961,0.106314796877515,0.529021741320255,0.684177724970731,5,2,40,0.415053868552936,-0.310624719932759,17,2.72224537621192,0,8.35566,1474,1,0,12,"both",0.415053868552936,-0.310624719932759
"671","session2",12.5526657744825,3.90725308383943,2.70272260572147,0.000919528100084961,0.106314796877515,0.529021741320255,0.684177724970731,5,2,40,0.415053868552936,-0.310624719932759,17,5.23229549298964,1,14.80492,1474,1,0,12,"both",0.415053868552936,-0.310624719932759
"672","session2",12.5526657744825,3.90725308383943,2.70272260572147,0.000919528100084961,0.106314796877515,0.529021741320255,0.684177724970731,5,2,40,0.415053868552936,-0.310624719932759,17,1.52454162080378,1,18.24245,1474,1,0,12,"both",0.415053868552936,-0.310624719932759
"673","session2",12.5526657744825,3.90725308383943,2.70272260572147,0.000919528100084961,0.106314796877515,0.529021741320255,0.684177724970731,5,2,40,0.415053868552936,-0.310624719932759,17,2.55694544266409,1,9.7581,1474,1,0,12,"both",0.415053868552936,-0.310624719932759
"674","session2",12.5526657744825,3.90725308383943,2.70272260572147,0.000919528100084961,0.106314796877515,0.529021741320255,0.684177724970731,5,2,40,0.415053868552936,-0.310624719932759,17,1.63813229995536,1,9.84655,1474,1,0,12,"both",0.415053868552936,-0.310624719932759
"675","session2",12.5526657744825,3.90725308383943,2.70272260572147,0.000919528100084961,0.106314796877515,0.529021741320255,0.684177724970731,5,2,40,0.415053868552936,-0.310624719932759,17,3.23018118047846,0,9.10575,1474,1,0,12,"both",0.415053868552936,-0.310624719932759
"676","session2",12.5526657744825,3.90725308383943,2.70272260572147,0.000919528100084961,0.106314796877515,0.529021741320255,0.684177724970731,5,2,40,0.415053868552936,-0.310624719932759,17,4.14388692603579,1,9.36677,1474,1,0,12,"both",0.415053868552936,-0.310624719932759
"677","session2",12.5526657744825,3.90725308383943,2.70272260572147,0.000919528100084961,0.106314796877515,0.529021741320255,0.684177724970731,5,2,40,0.415053868552936,-0.310624719932759,17,4.08311208583986,0,13.87933,1474,1,0,12,"both",0.415053868552936,-0.310624719932759
"678","session2",12.5526657744825,3.90725308383943,2.70272260572147,0.000919528100084961,0.106314796877515,0.529021741320255,0.684177724970731,5,2,40,0.415053868552936,-0.310624719932759,17,2.54656612657425,1,9.66946,1474,1,0,12,"both",0.415053868552936,-0.310624719932759
"679","session2",12.5526657744825,3.90725308383943,2.70272260572147,0.000919528100084961,0.106314796877515,0.529021741320255,0.684177724970731,5,2,40,0.415053868552936,-0.310624719932759,17,3.93000941693031,1,13.56328,1474,1,0,12,"both",0.415053868552936,-0.310624719932759
"680","session2",12.5526657744825,3.90725308383943,2.70272260572147,0.000919528100084961,0.106314796877515,0.529021741320255,0.684177724970731,5,2,40,0.415053868552936,-0.310624719932759,17,4.12757940697576,1,14.98246,1474,1,0,12,"both",0.415053868552936,-0.310624719932759
"681","session2",6.19121226662637,8.48065113339047,2.01519895115611,0.000338356660737765,-0.259355340559283,0.715639077484398,0.825600677569722,6,2,40,0.415053868552936,-0.310624719932759,18,1.0965427552542,1,11.594515000963,1474,1,0,12,"both",0.415053868552936,-0.310624719932759
"682","session2",6.19121226662637,8.48065113339047,2.01519895115611,0.000338356660737765,-0.259355340559283,0.715639077484398,0.825600677569722,6,2,40,0.415053868552936,-0.310624719932759,18,1.39221128186286,0,-5.67252081968,1474,1,0,12,"both",0.415053868552936,-0.310624719932759
"683","session2",6.19121226662637,8.48065113339047,2.01519895115611,0.000338356660737765,-0.259355340559283,0.715639077484398,0.825600677569722,6,2,40,0.415053868552936,-0.310624719932759,18,1.45096970517369,0,3.16931116146,1474,1,0,12,"both",0.415053868552936,-0.310624719932759
"684","session2",6.19121226662637,8.48065113339047,2.01519895115611,0.000338356660737765,-0.259355340559283,0.715639077484398,0.825600677569722,6,2,40,0.415053868552936,-0.310624719932759,18,1.78754055650454,0,5.776814889582,1474,1,0,12,"both",0.415053868552936,-0.310624719932759
"685","session2",6.19121226662637,8.48065113339047,2.01519895115611,0.000338356660737765,-0.259355340559283,0.715639077484398,0.825600677569722,6,2,40,0.415053868552936,-0.310624719932759,18,1.98085378619327,0,3.44293,1474,1,0,12,"both",0.415053868552936,-0.310624719932759
"686","session2",6.19121226662637,8.48065113339047,2.01519895115611,0.000338356660737765,-0.259355340559283,0.715639077484398,0.825600677569722,6,2,40,0.415053868552936,-0.310624719932759,18,1.12683116674468,0,-15.75935,1474,1,0,12,"both",0.415053868552936,-0.310624719932759
"687","session2",6.19121226662637,8.48065113339047,2.01519895115611,0.000338356660737765,-0.259355340559283,0.715639077484398,0.825600677569722,6,2,40,0.415053868552936,-0.310624719932759,18,1.83375994560214,0,9.50675,1474,1,0,12,"both",0.415053868552936,-0.310624719932759
"688","session2",6.19121226662637,8.48065113339047,2.01519895115611,0.000338356660737765,-0.259355340559283,0.715639077484398,0.825600677569722,6,2,40,0.415053868552936,-0.310624719932759,18,2.93464244218773,1,9.73478,1474,1,0,12,"both",0.415053868552936,-0.310624719932759
"689","session2",6.19121226662637,8.48065113339047,2.01519895115611,0.000338356660737765,-0.259355340559283,0.715639077484398,0.825600677569722,6,2,40,0.415053868552936,-0.310624719932759,18,1.54767766633131,1,6.76293,1474,1,0,12,"both",0.415053868552936,-0.310624719932759
"690","session2",6.19121226662637,8.48065113339047,2.01519895115611,0.000338356660737765,-0.259355340559283,0.715639077484398,0.825600677569722,6,2,40,0.415053868552936,-0.310624719932759,18,2.88121647815083,0,4.02471,1474,1,0,12,"both",0.415053868552936,-0.310624719932759
"691","session2",6.19121226662637,8.48065113339047,2.01519895115611,0.000338356660737765,-0.259355340559283,0.715639077484398,0.825600677569722,6,2,40,0.415053868552936,-0.310624719932759,18,2.13671700524227,1,6.70832,1474,1,0,12,"both",0.415053868552936,-0.310624719932759
"692","session2",6.19121226662637,8.48065113339047,2.01519895115611,0.000338356660737765,-0.259355340559283,0.715639077484398,0.825600677569722,6,2,40,0.415053868552936,-0.310624719932759,18,2.12566341066551,1,14.00135,1474,1,0,12,"both",0.415053868552936,-0.310624719932759
"693","session2",6.19121226662637,8.48065113339047,2.01519895115611,0.000338356660737765,-0.259355340559283,0.715639077484398,0.825600677569722,6,2,40,0.415053868552936,-0.310624719932759,18,1.34230307390378,1,11.74866,1474,1,0,12,"both",0.415053868552936,-0.310624719932759
"694","session2",6.19121226662637,8.48065113339047,2.01519895115611,0.000338356660737765,-0.259355340559283,0.715639077484398,0.825600677569722,6,2,40,0.415053868552936,-0.310624719932759,18,1.11447564177306,0,2.83153,1474,1,0,12,"both",0.415053868552936,-0.310624719932759
"695","session2",6.19121226662637,8.48065113339047,2.01519895115611,0.000338356660737765,-0.259355340559283,0.715639077484398,0.825600677569722,6,2,40,0.415053868552936,-0.310624719932759,18,2.94695262803123,0,6.87511124,1474,1,0,12,"both",0.415053868552936,-0.310624719932759
"696","session2",6.19121226662637,8.48065113339047,2.01519895115611,0.000338356660737765,-0.259355340559283,0.715639077484398,0.825600677569722,6,2,40,0.415053868552936,-0.310624719932759,18,2.21020451668083,1,8.68829,1474,1,0,12,"both",0.415053868552936,-0.310624719932759
"697","session2",6.19121226662637,8.48065113339047,2.01519895115611,0.000338356660737765,-0.259355340559283,0.715639077484398,0.825600677569722,6,2,40,0.415053868552936,-0.310624719932759,18,1.66497565656794,1,6.35334,1474,1,0,12,"both",0.415053868552936,-0.310624719932759
"698","session2",6.19121226662637,8.48065113339047,2.01519895115611,0.000338356660737765,-0.259355340559283,0.715639077484398,0.825600677569722,6,2,40,0.415053868552936,-0.310624719932759,18,3.61504002101708,0,0.57302,1474,1,0,12,"both",0.415053868552936,-0.310624719932759
"699","session2",6.19121226662637,8.48065113339047,2.01519895115611,0.000338356660737765,-0.259355340559283,0.715639077484398,0.825600677569722,6,2,40,0.415053868552936,-0.310624719932759,18,1.69544907988039,1,8.62457,1474,1,0,12,"both",0.415053868552936,-0.310624719932759
"700","session2",6.19121226662637,8.48065113339047,2.01519895115611,0.000338356660737765,-0.259355340559283,0.715639077484398,0.825600677569722,6,2,40,0.415053868552936,-0.310624719932759,18,1.74543445218398,1,4.29984,1474,1,0,12,"both",0.415053868552936,-0.310624719932759
"701","session2",6.19121226662637,8.48065113339047,2.01519895115611,0.000338356660737765,-0.259355340559283,0.715639077484398,0.825600677569722,6,2,40,0.415053868552936,-0.310624719932759,18,1.662746184789,1,8.46511,1474,1,0,12,"both",0.415053868552936,-0.310624719932759
"702","session2",6.19121226662637,8.48065113339047,2.01519895115611,0.000338356660737765,-0.259355340559283,0.715639077484398,0.825600677569722,6,2,40,0.415053868552936,-0.310624719932759,18,1.57473215064,1,8.52959,1474,1,0,12,"both",0.415053868552936,-0.310624719932759
"703","session2",6.19121226662637,8.48065113339047,2.01519895115611,0.000338356660737765,-0.259355340559283,0.715639077484398,0.825600677569722,6,2,40,0.415053868552936,-0.310624719932759,18,2.21398785593956,0,6.49536,1474,1,0,12,"both",0.415053868552936,-0.310624719932759
"704","session2",6.19121226662637,8.48065113339047,2.01519895115611,0.000338356660737765,-0.259355340559283,0.715639077484398,0.825600677569722,6,2,40,0.415053868552936,-0.310624719932759,18,4.19769926626273,1,5.92914,1474,1,0,12,"both",0.415053868552936,-0.310624719932759
"705","session2",6.19121226662637,8.48065113339047,2.01519895115611,0.000338356660737765,-0.259355340559283,0.715639077484398,0.825600677569722,6,2,40,0.415053868552936,-0.310624719932759,18,1.34972025800579,1,7.21998,1474,1,0,12,"both",0.415053868552936,-0.310624719932759
"706","session2",6.19121226662637,8.48065113339047,2.01519895115611,0.000338356660737765,-0.259355340559283,0.715639077484398,0.825600677569722,6,2,40,0.415053868552936,-0.310624719932759,18,2.0169282261182,1,3.8007,1474,1,0,12,"both",0.415053868552936,-0.310624719932759
"707","session2",6.19121226662637,8.48065113339047,2.01519895115611,0.000338356660737765,-0.259355340559283,0.715639077484398,0.825600677569722,6,2,40,0.415053868552936,-0.310624719932759,18,2.08893480541159,0,4.96979,1474,1,0,12,"both",0.415053868552936,-0.310624719932759
"708","session2",6.19121226662637,8.48065113339047,2.01519895115611,0.000338356660737765,-0.259355340559283,0.715639077484398,0.825600677569722,6,2,40,0.415053868552936,-0.310624719932759,18,1.56485192590113,1,10.75092,1474,1,0,12,"both",0.415053868552936,-0.310624719932759
"709","session2",6.19121226662637,8.48065113339047,2.01519895115611,0.000338356660737765,-0.259355340559283,0.715639077484398,0.825600677569722,6,2,40,0.415053868552936,-0.310624719932759,18,1.69479899709851,0,7.36539,1474,1,0,12,"both",0.415053868552936,-0.310624719932759
"710","session2",6.19121226662637,8.48065113339047,2.01519895115611,0.000338356660737765,-0.259355340559283,0.715639077484398,0.825600677569722,6,2,40,0.415053868552936,-0.310624719932759,18,2.57517462665939,0,12.3254,1474,1,0,12,"both",0.415053868552936,-0.310624719932759
"711","session2",6.19121226662637,8.48065113339047,2.01519895115611,0.000338356660737765,-0.259355340559283,0.715639077484398,0.825600677569722,6,2,40,0.415053868552936,-0.310624719932759,18,2.4429203080682,0,-0.28759,1474,1,0,12,"both",0.415053868552936,-0.310624719932759
"712","session2",6.19121226662637,8.48065113339047,2.01519895115611,0.000338356660737765,-0.259355340559283,0.715639077484398,0.825600677569722,6,2,40,0.415053868552936,-0.310624719932759,18,1.94047011472932,0,0.48491,1474,1,0,12,"both",0.415053868552936,-0.310624719932759
"713","session2",6.19121226662637,8.48065113339047,2.01519895115611,0.000338356660737765,-0.259355340559283,0.715639077484398,0.825600677569722,6,2,40,0.415053868552936,-0.310624719932759,18,1.68274138471574,0,4.67432,1474,1,0,12,"both",0.415053868552936,-0.310624719932759
"714","session2",6.19121226662637,8.48065113339047,2.01519895115611,0.000338356660737765,-0.259355340559283,0.715639077484398,0.825600677569722,6,2,40,0.415053868552936,-0.310624719932759,18,1.59502496178396,0,3.64838,1474,1,0,12,"both",0.415053868552936,-0.310624719932759
"715","session2",6.19121226662637,8.48065113339047,2.01519895115611,0.000338356660737765,-0.259355340559283,0.715639077484398,0.825600677569722,6,2,40,0.415053868552936,-0.310624719932759,18,1.5233844152427,1,3.14627,1474,1,0,12,"both",0.415053868552936,-0.310624719932759
"716","session2",6.19121226662637,8.48065113339047,2.01519895115611,0.000338356660737765,-0.259355340559283,0.715639077484398,0.825600677569722,6,2,40,0.415053868552936,-0.310624719932759,18,2.56872838696951,0,7.87736,1474,1,0,12,"both",0.415053868552936,-0.310624719932759
"717","session2",6.19121226662637,8.48065113339047,2.01519895115611,0.000338356660737765,-0.259355340559283,0.715639077484398,0.825600677569722,6,2,40,0.415053868552936,-0.310624719932759,18,1.64741840259684,0,1.62115,1474,1,0,12,"both",0.415053868552936,-0.310624719932759
"718","session2",6.19121226662637,8.48065113339047,2.01519895115611,0.000338356660737765,-0.259355340559283,0.715639077484398,0.825600677569722,6,2,40,0.415053868552936,-0.310624719932759,18,1.08943129985845,1,11.51355,1474,1,0,12,"both",0.415053868552936,-0.310624719932759
"719","session2",6.19121226662637,8.48065113339047,2.01519895115611,0.000338356660737765,-0.259355340559283,0.715639077484398,0.825600677569722,6,2,40,0.415053868552936,-0.310624719932759,18,2.60312941387533,1,12.03576,1474,1,0,12,"both",0.415053868552936,-0.310624719932759
"720","session2",6.19121226662637,8.48065113339047,2.01519895115611,0.000338356660737765,-0.259355340559283,0.715639077484398,0.825600677569722,6,2,40,0.415053868552936,-0.310624719932759,18,1.99766244533138,1,12.736,1474,1,0,12,"both",0.415053868552936,-0.310624719932759
"721","session2",3.51449050728232,14.8195173695876,2.36167821797203,0.000332307457629608,-0.125054785916745,0.477038153406384,0.719117753277599,7,2,40,0.415053868552936,-0.310624719932759,19,2.11194800992934,0,9.4000057295,1474,1,0,12,"both",0.415053868552936,-0.310624719932759
"722","session2",3.51449050728232,14.8195173695876,2.36167821797203,0.000332307457629608,-0.125054785916745,0.477038153406384,0.719117753277599,7,2,40,0.415053868552936,-0.310624719932759,19,1.71877897270838,1,10.7634186892,1474,1,0,12,"both",0.415053868552936,-0.310624719932759
"723","session2",3.51449050728232,14.8195173695876,2.36167821797203,0.000332307457629608,-0.125054785916745,0.477038153406384,0.719117753277599,7,2,40,0.415053868552936,-0.310624719932759,19,2.98725917320316,0,2.28683314609,1474,1,0,12,"both",0.415053868552936,-0.310624719932759
"724","session2",3.51449050728232,14.8195173695876,2.36167821797203,0.000332307457629608,-0.125054785916745,0.477038153406384,0.719117753277599,7,2,40,0.415053868552936,-0.310624719932759,19,1.52090902273308,0,7.956813753,1474,1,0,12,"both",0.415053868552936,-0.310624719932759
"725","session2",3.51449050728232,14.8195173695876,2.36167821797203,0.000332307457629608,-0.125054785916745,0.477038153406384,0.719117753277599,7,2,40,0.415053868552936,-0.310624719932759,19,1.42771195739257,1,43.2356,1474,1,0,12,"both",0.415053868552936,-0.310624719932759
"726","session2",3.51449050728232,14.8195173695876,2.36167821797203,0.000332307457629608,-0.125054785916745,0.477038153406384,0.719117753277599,7,2,40,0.415053868552936,-0.310624719932759,19,2.6194867166605,0,12.5406622748,1474,1,0,12,"both",0.415053868552936,-0.310624719932759
"727","session2",3.51449050728232,14.8195173695876,2.36167821797203,0.000332307457629608,-0.125054785916745,0.477038153406384,0.719117753277599,7,2,40,0.415053868552936,-0.310624719932759,19,2.04124365078303,1,10.63747,1474,1,0,12,"both",0.415053868552936,-0.310624719932759
"728","session2",3.51449050728232,14.8195173695876,2.36167821797203,0.000332307457629608,-0.125054785916745,0.477038153406384,0.719117753277599,7,2,40,0.415053868552936,-0.310624719932759,19,4.09584040329577,0,-5.162,1474,1,0,12,"both",0.415053868552936,-0.310624719932759
"729","session2",3.51449050728232,14.8195173695876,2.36167821797203,0.000332307457629608,-0.125054785916745,0.477038153406384,0.719117753277599,7,2,40,0.415053868552936,-0.310624719932759,19,3.24044690952931,1,13.3233204388,1474,1,0,12,"both",0.415053868552936,-0.310624719932759
"730","session2",3.51449050728232,14.8195173695876,2.36167821797203,0.000332307457629608,-0.125054785916745,0.477038153406384,0.719117753277599,7,2,40,0.415053868552936,-0.310624719932759,19,1.79980394594977,1,43.10336,1474,1,0,12,"both",0.415053868552936,-0.310624719932759
"731","session2",3.51449050728232,14.8195173695876,2.36167821797203,0.000332307457629608,-0.125054785916745,0.477038153406384,0.719117753277599,7,2,40,0.415053868552936,-0.310624719932759,19,2.68635248300944,0,1.36114,1474,1,0,12,"both",0.415053868552936,-0.310624719932759
"732","session2",3.51449050728232,14.8195173695876,2.36167821797203,0.000332307457629608,-0.125054785916745,0.477038153406384,0.719117753277599,7,2,40,0.415053868552936,-0.310624719932759,19,1.46610141234084,1,16.33502,1474,1,0,12,"both",0.415053868552936,-0.310624719932759
"733","session2",3.51449050728232,14.8195173695876,2.36167821797203,0.000332307457629608,-0.125054785916745,0.477038153406384,0.719117753277599,7,2,40,0.415053868552936,-0.310624719932759,19,1.51941839402414,0,-45.04776,1474,1,0,12,"both",0.415053868552936,-0.310624719932759
"734","session2",3.51449050728232,14.8195173695876,2.36167821797203,0.000332307457629608,-0.125054785916745,0.477038153406384,0.719117753277599,7,2,40,0.415053868552936,-0.310624719932759,19,1.53453827307721,0,-8.26802,1474,1,0,12,"both",0.415053868552936,-0.310624719932759
"735","session2",3.51449050728232,14.8195173695876,2.36167821797203,0.000332307457629608,-0.125054785916745,0.477038153406384,0.719117753277599,7,2,40,0.415053868552936,-0.310624719932759,19,1.25621151889864,0,16.44584,1474,1,0,12,"both",0.415053868552936,-0.310624719932759
"736","session2",3.51449050728232,14.8195173695876,2.36167821797203,0.000332307457629608,-0.125054785916745,0.477038153406384,0.719117753277599,7,2,40,0.415053868552936,-0.310624719932759,19,2.17633113809331,0,9.62376,1474,1,0,12,"both",0.415053868552936,-0.310624719932759
"737","session2",3.51449050728232,14.8195173695876,2.36167821797203,0.000332307457629608,-0.125054785916745,0.477038153406384,0.719117753277599,7,2,40,0.415053868552936,-0.310624719932759,19,1.70792329252984,1,31.7555,1474,1,0,12,"both",0.415053868552936,-0.310624719932759
"738","session2",3.51449050728232,14.8195173695876,2.36167821797203,0.000332307457629608,-0.125054785916745,0.477038153406384,0.719117753277599,7,2,40,0.415053868552936,-0.310624719932759,19,1.13889607408747,0,-35.2887,1474,1,0,12,"both",0.415053868552936,-0.310624719932759
"739","session2",3.51449050728232,14.8195173695876,2.36167821797203,0.000332307457629608,-0.125054785916745,0.477038153406384,0.719117753277599,7,2,40,0.415053868552936,-0.310624719932759,19,2.49959010659847,0,1.0616,1474,1,0,12,"both",0.415053868552936,-0.310624719932759
"740","session2",3.51449050728232,14.8195173695876,2.36167821797203,0.000332307457629608,-0.125054785916745,0.477038153406384,0.719117753277599,7,2,40,0.415053868552936,-0.310624719932759,19,3.29073245651022,1,22.65546,1474,1,0,12,"both",0.415053868552936,-0.310624719932759
"741","session2",3.51449050728232,14.8195173695876,2.36167821797203,0.000332307457629608,-0.125054785916745,0.477038153406384,0.719117753277599,7,2,40,0.415053868552936,-0.310624719932759,19,2.02049356672881,0,9.30173,1474,1,0,12,"both",0.415053868552936,-0.310624719932759
"742","session2",3.51449050728232,14.8195173695876,2.36167821797203,0.000332307457629608,-0.125054785916745,0.477038153406384,0.719117753277599,7,2,40,0.415053868552936,-0.310624719932759,19,4.06474756308591,0,7.14307,1474,1,0,12,"both",0.415053868552936,-0.310624719932759
"743","session2",3.51449050728232,14.8195173695876,2.36167821797203,0.000332307457629608,-0.125054785916745,0.477038153406384,0.719117753277599,7,2,40,0.415053868552936,-0.310624719932759,19,1.4887531028895,1,25.23576,1474,1,0,12,"both",0.415053868552936,-0.310624719932759
"744","session2",3.51449050728232,14.8195173695876,2.36167821797203,0.000332307457629608,-0.125054785916745,0.477038153406384,0.719117753277599,7,2,40,0.415053868552936,-0.310624719932759,19,2.9766513581516,0,23.14058,1474,1,0,12,"both",0.415053868552936,-0.310624719932759
"745","session2",3.51449050728232,14.8195173695876,2.36167821797203,0.000332307457629608,-0.125054785916745,0.477038153406384,0.719117753277599,7,2,40,0.415053868552936,-0.310624719932759,19,2.3329256061144,0,-8.7713,1474,1,0,12,"both",0.415053868552936,-0.310624719932759
"746","session2",3.51449050728232,14.8195173695876,2.36167821797203,0.000332307457629608,-0.125054785916745,0.477038153406384,0.719117753277599,7,2,40,0.415053868552936,-0.310624719932759,19,2.65063600777368,1,6.60014,1474,1,0,12,"both",0.415053868552936,-0.310624719932759
"747","session2",3.51449050728232,14.8195173695876,2.36167821797203,0.000332307457629608,-0.125054785916745,0.477038153406384,0.719117753277599,7,2,40,0.415053868552936,-0.310624719932759,19,2.01222423391312,1,6.4392,1474,1,0,12,"both",0.415053868552936,-0.310624719932759
"748","session2",3.51449050728232,14.8195173695876,2.36167821797203,0.000332307457629608,-0.125054785916745,0.477038153406384,0.719117753277599,7,2,40,0.415053868552936,-0.310624719932759,19,1.58773057304301,0,6.06661,1474,1,0,12,"both",0.415053868552936,-0.310624719932759
"749","session2",3.51449050728232,14.8195173695876,2.36167821797203,0.000332307457629608,-0.125054785916745,0.477038153406384,0.719117753277599,7,2,40,0.415053868552936,-0.310624719932759,19,2.06621631107304,0,2.48158,1474,1,0,12,"both",0.415053868552936,-0.310624719932759
"750","session2",3.51449050728232,14.8195173695876,2.36167821797203,0.000332307457629608,-0.125054785916745,0.477038153406384,0.719117753277599,7,2,40,0.415053868552936,-0.310624719932759,19,2.90025248227714,1,23.45487,1474,1,0,12,"both",0.415053868552936,-0.310624719932759
"751","session2",3.51449050728232,14.8195173695876,2.36167821797203,0.000332307457629608,-0.125054785916745,0.477038153406384,0.719117753277599,7,2,40,0.415053868552936,-0.310624719932759,19,1.2667886237956,1,30.6114,1474,1,0,12,"both",0.415053868552936,-0.310624719932759
"752","session2",3.51449050728232,14.8195173695876,2.36167821797203,0.000332307457629608,-0.125054785916745,0.477038153406384,0.719117753277599,7,2,40,0.415053868552936,-0.310624719932759,19,1.51296497959224,1,26.00906,1474,1,0,12,"both",0.415053868552936,-0.310624719932759
"753","session2",3.51449050728232,14.8195173695876,2.36167821797203,0.000332307457629608,-0.125054785916745,0.477038153406384,0.719117753277599,7,2,40,0.415053868552936,-0.310624719932759,19,2.11475397007293,0,25.40421,1474,1,0,12,"both",0.415053868552936,-0.310624719932759
"754","session2",3.51449050728232,14.8195173695876,2.36167821797203,0.000332307457629608,-0.125054785916745,0.477038153406384,0.719117753277599,7,2,40,0.415053868552936,-0.310624719932759,19,1.27296226686431,1,22.13761,1474,1,0,12,"both",0.415053868552936,-0.310624719932759
"755","session2",3.51449050728232,14.8195173695876,2.36167821797203,0.000332307457629608,-0.125054785916745,0.477038153406384,0.719117753277599,7,2,40,0.415053868552936,-0.310624719932759,19,1.0998808548081,1,18.62571,1474,1,0,12,"both",0.415053868552936,-0.310624719932759
"756","session2",3.51449050728232,14.8195173695876,2.36167821797203,0.000332307457629608,-0.125054785916745,0.477038153406384,0.719117753277599,7,2,40,0.415053868552936,-0.310624719932759,19,2.43228942481483,1,8.47173,1474,1,0,12,"both",0.415053868552936,-0.310624719932759
"757","session2",3.51449050728232,14.8195173695876,2.36167821797203,0.000332307457629608,-0.125054785916745,0.477038153406384,0.719117753277599,7,2,40,0.415053868552936,-0.310624719932759,19,1.12688926293087,1,32.5924,1474,1,0,12,"both",0.415053868552936,-0.310624719932759
"758","session2",3.51449050728232,14.8195173695876,2.36167821797203,0.000332307457629608,-0.125054785916745,0.477038153406384,0.719117753277599,7,2,40,0.415053868552936,-0.310624719932759,19,1.3793699126821,1,20.5198,1474,1,0,12,"both",0.415053868552936,-0.310624719932759
"759","session2",3.51449050728232,14.8195173695876,2.36167821797203,0.000332307457629608,-0.125054785916745,0.477038153406384,0.719117753277599,7,2,40,0.415053868552936,-0.310624719932759,19,2.33181716441499,1,25.0048,1474,1,0,12,"both",0.415053868552936,-0.310624719932759
"760","session2",3.51449050728232,14.8195173695876,2.36167821797203,0.000332307457629608,-0.125054785916745,0.477038153406384,0.719117753277599,7,2,40,0.415053868552936,-0.310624719932759,19,2.28011672176298,1,23.3118,1474,1,0,12,"both",0.415053868552936,-0.310624719932759
"761","session2",-16.723744777177,37.9538166423588,4.53302747109922,2.89746540599907e-05,-0.50467649603204,0.56250657082466,0.817200833872253,8,2,40,0.415053868552936,-0.310624719932759,20,1.08857551233773,1,7.7074377103,1474,1,0,12,"both",0.415053868552936,-0.310624719932759
"762","session2",-16.723744777177,37.9538166423588,4.53302747109922,2.89746540599907e-05,-0.50467649603204,0.56250657082466,0.817200833872253,8,2,40,0.415053868552936,-0.310624719932759,20,2.65636124551417,1,-4.8969152472,1474,1,0,12,"both",0.415053868552936,-0.310624719932759
"763","session2",-16.723744777177,37.9538166423588,4.53302747109922,2.89746540599907e-05,-0.50467649603204,0.56250657082466,0.817200833872253,8,2,40,0.415053868552936,-0.310624719932759,20,2.82768367995435,1,-14.3270815676,1474,1,0,12,"both",0.415053868552936,-0.310624719932759
"764","session2",-16.723744777177,37.9538166423588,4.53302747109922,2.89746540599907e-05,-0.50467649603204,0.56250657082466,0.817200833872253,8,2,40,0.415053868552936,-0.310624719932759,20,1.70104222462467,1,-18.991035775,1474,1,0,12,"both",0.415053868552936,-0.310624719932759
"765","session2",-16.723744777177,37.9538166423588,4.53302747109922,2.89746540599907e-05,-0.50467649603204,0.56250657082466,0.817200833872253,8,2,40,0.415053868552936,-0.310624719932759,20,2.48475164216596,0,-31.66545,1474,1,0,12,"both",0.415053868552936,-0.310624719932759
"766","session2",-16.723744777177,37.9538166423588,4.53302747109922,2.89746540599907e-05,-0.50467649603204,0.56250657082466,0.817200833872253,8,2,40,0.415053868552936,-0.310624719932759,20,1.40606953917128,0,-27.35664,1474,1,0,12,"both",0.415053868552936,-0.310624719932759
"767","session2",-16.723744777177,37.9538166423588,4.53302747109922,2.89746540599907e-05,-0.50467649603204,0.56250657082466,0.817200833872253,8,2,40,0.415053868552936,-0.310624719932759,20,2.1482385921376,1,-25.93026,1474,1,0,12,"both",0.415053868552936,-0.310624719932759
"768","session2",-16.723744777177,37.9538166423588,4.53302747109922,2.89746540599907e-05,-0.50467649603204,0.56250657082466,0.817200833872253,8,2,40,0.415053868552936,-0.310624719932759,20,3.1599460612187,0,-35.12373,1474,1,0,12,"both",0.415053868552936,-0.310624719932759
"769","session2",-16.723744777177,37.9538166423588,4.53302747109922,2.89746540599907e-05,-0.50467649603204,0.56250657082466,0.817200833872253,8,2,40,0.415053868552936,-0.310624719932759,20,2.59683119450657,1,-17.36471,1474,1,0,12,"both",0.415053868552936,-0.310624719932759
"770","session2",-16.723744777177,37.9538166423588,4.53302747109922,2.89746540599907e-05,-0.50467649603204,0.56250657082466,0.817200833872253,8,2,40,0.415053868552936,-0.310624719932759,20,4.56180063031206,1,-18.5694,1474,1,0,12,"both",0.415053868552936,-0.310624719932759
"771","session2",-16.723744777177,37.9538166423588,4.53302747109922,2.89746540599907e-05,-0.50467649603204,0.56250657082466,0.817200833872253,8,2,40,0.415053868552936,-0.310624719932759,20,3.86892406771187,0,-28.85576,1474,1,0,12,"both",0.415053868552936,-0.310624719932759
"772","session2",-16.723744777177,37.9538166423588,4.53302747109922,2.89746540599907e-05,-0.50467649603204,0.56250657082466,0.817200833872253,8,2,40,0.415053868552936,-0.310624719932759,20,1.4601573021055,0,-20.23639,1474,1,0,12,"both",0.415053868552936,-0.310624719932759
"773","session2",-16.723744777177,37.9538166423588,4.53302747109922,2.89746540599907e-05,-0.50467649603204,0.56250657082466,0.817200833872253,8,2,40,0.415053868552936,-0.310624719932759,20,5.41186995655228,0,-16.83441,1474,1,0,12,"both",0.415053868552936,-0.310624719932759
"774","session2",-16.723744777177,37.9538166423588,4.53302747109922,2.89746540599907e-05,-0.50467649603204,0.56250657082466,0.817200833872253,8,2,40,0.415053868552936,-0.310624719932759,20,3.06161921439606,1,-8.1536,1474,1,0,12,"both",0.415053868552936,-0.310624719932759
"775","session2",-16.723744777177,37.9538166423588,4.53302747109922,2.89746540599907e-05,-0.50467649603204,0.56250657082466,0.817200833872253,8,2,40,0.415053868552936,-0.310624719932759,20,1.58142121388977,0,-46.8567,1474,1,0,12,"both",0.415053868552936,-0.310624719932759
"776","session2",-16.723744777177,37.9538166423588,4.53302747109922,2.89746540599907e-05,-0.50467649603204,0.56250657082466,0.817200833872253,8,2,40,0.415053868552936,-0.310624719932759,20,5.11236337183974,1,-12.58527,1474,1,0,12,"both",0.415053868552936,-0.310624719932759
"777","session2",-16.723744777177,37.9538166423588,4.53302747109922,2.89746540599907e-05,-0.50467649603204,0.56250657082466,0.817200833872253,8,2,40,0.415053868552936,-0.310624719932759,20,3.02319475059649,0,-27.87092,1474,1,0,12,"both",0.415053868552936,-0.310624719932759
"778","session2",-16.723744777177,37.9538166423588,4.53302747109922,2.89746540599907e-05,-0.50467649603204,0.56250657082466,0.817200833872253,8,2,40,0.415053868552936,-0.310624719932759,20,3.21952031390376,1,-18.40153,1474,1,0,12,"both",0.415053868552936,-0.310624719932759
"779","session2",-16.723744777177,37.9538166423588,4.53302747109922,2.89746540599907e-05,-0.50467649603204,0.56250657082466,0.817200833872253,8,2,40,0.415053868552936,-0.310624719932759,20,2.32579291545188,0,-25.69743,1474,1,0,12,"both",0.415053868552936,-0.310624719932759
"780","session2",-16.723744777177,37.9538166423588,4.53302747109922,2.89746540599907e-05,-0.50467649603204,0.56250657082466,0.817200833872253,8,2,40,0.415053868552936,-0.310624719932759,20,2.6397137402119,1,-5.4689,1474,1,0,12,"both",0.415053868552936,-0.310624719932759
"781","session2",-16.723744777177,37.9538166423588,4.53302747109922,2.89746540599907e-05,-0.50467649603204,0.56250657082466,0.817200833872253,8,2,40,0.415053868552936,-0.310624719932759,20,5.67740772729785,0,-24.71589,1474,1,0,12,"both",0.415053868552936,-0.310624719932759
"782","session2",-16.723744777177,37.9538166423588,4.53302747109922,2.89746540599907e-05,-0.50467649603204,0.56250657082466,0.817200833872253,8,2,40,0.415053868552936,-0.310624719932759,20,3.43950984643482,1,-12.54825,1474,1,0,12,"both",0.415053868552936,-0.310624719932759
"783","session2",-16.723744777177,37.9538166423588,4.53302747109922,2.89746540599907e-05,-0.50467649603204,0.56250657082466,0.817200833872253,8,2,40,0.415053868552936,-0.310624719932759,20,1.92471777207363,0,-31.03325,1474,1,0,12,"both",0.415053868552936,-0.310624719932759
"784","session2",-16.723744777177,37.9538166423588,4.53302747109922,2.89746540599907e-05,-0.50467649603204,0.56250657082466,0.817200833872253,8,2,40,0.415053868552936,-0.310624719932759,20,3.72732373684154,0,-28.82259,1474,1,0,12,"both",0.415053868552936,-0.310624719932759
"785","session2",-16.723744777177,37.9538166423588,4.53302747109922,2.89746540599907e-05,-0.50467649603204,0.56250657082466,0.817200833872253,8,2,40,0.415053868552936,-0.310624719932759,20,2.36851811087053,0,-21.89159,1474,1,0,12,"both",0.415053868552936,-0.310624719932759
"786","session2",-16.723744777177,37.9538166423588,4.53302747109922,2.89746540599907e-05,-0.50467649603204,0.56250657082466,0.817200833872253,8,2,40,0.415053868552936,-0.310624719932759,20,2.91738072298875,0,-17.47299,1474,1,0,12,"both",0.415053868552936,-0.310624719932759
"787","session2",-16.723744777177,37.9538166423588,4.53302747109922,2.89746540599907e-05,-0.50467649603204,0.56250657082466,0.817200833872253,8,2,40,0.415053868552936,-0.310624719932759,20,1.90295467333787,0,-23.12918,1474,1,0,12,"both",0.415053868552936,-0.310624719932759
"788","session2",-16.723744777177,37.9538166423588,4.53302747109922,2.89746540599907e-05,-0.50467649603204,0.56250657082466,0.817200833872253,8,2,40,0.415053868552936,-0.310624719932759,20,1.55654434743931,1,-8.723,1474,1,0,12,"both",0.415053868552936,-0.310624719932759
"789","session2",-16.723744777177,37.9538166423588,4.53302747109922,2.89746540599907e-05,-0.50467649603204,0.56250657082466,0.817200833872253,8,2,40,0.415053868552936,-0.310624719932759,20,3.13272772568745,0,-15.48074,1474,1,0,12,"both",0.415053868552936,-0.310624719932759
"790","session2",-16.723744777177,37.9538166423588,4.53302747109922,2.89746540599907e-05,-0.50467649603204,0.56250657082466,0.817200833872253,8,2,40,0.415053868552936,-0.310624719932759,20,1.63647676073382,0,-10.74169,1474,1,0,12,"both",0.415053868552936,-0.310624719932759
"791","session2",-16.723744777177,37.9538166423588,4.53302747109922,2.89746540599907e-05,-0.50467649603204,0.56250657082466,0.817200833872253,8,2,40,0.415053868552936,-0.310624719932759,20,7.60594909458879,0,-14.45853,1474,1,0,12,"both",0.415053868552936,-0.310624719932759
"792","session2",-16.723744777177,37.9538166423588,4.53302747109922,2.89746540599907e-05,-0.50467649603204,0.56250657082466,0.817200833872253,8,2,40,0.415053868552936,-0.310624719932759,20,1.57512487322481,0,-25.4927,1474,1,0,12,"both",0.415053868552936,-0.310624719932759
"793","session2",-16.723744777177,37.9538166423588,4.53302747109922,2.89746540599907e-05,-0.50467649603204,0.56250657082466,0.817200833872253,8,2,40,0.415053868552936,-0.310624719932759,20,3.73336426418232,1,-19.99012,1474,1,0,12,"both",0.415053868552936,-0.310624719932759
"794","session2",-16.723744777177,37.9538166423588,4.53302747109922,2.89746540599907e-05,-0.50467649603204,0.56250657082466,0.817200833872253,8,2,40,0.415053868552936,-0.310624719932759,20,3.48392309985092,1,-21.75562,1474,1,0,12,"both",0.415053868552936,-0.310624719932759
"795","session2",-16.723744777177,37.9538166423588,4.53302747109922,2.89746540599907e-05,-0.50467649603204,0.56250657082466,0.817200833872253,8,2,40,0.415053868552936,-0.310624719932759,20,1.75340022841645,0,-31.7367,1474,1,0,12,"both",0.415053868552936,-0.310624719932759
"796","session2",-16.723744777177,37.9538166423588,4.53302747109922,2.89746540599907e-05,-0.50467649603204,0.56250657082466,0.817200833872253,8,2,40,0.415053868552936,-0.310624719932759,20,4.63559337560616,1,-2.6231,1474,1,0,12,"both",0.415053868552936,-0.310624719932759
"797","session2",-16.723744777177,37.9538166423588,4.53302747109922,2.89746540599907e-05,-0.50467649603204,0.56250657082466,0.817200833872253,8,2,40,0.415053868552936,-0.310624719932759,20,2.02807476337691,1,-6.34753,1474,1,0,12,"both",0.415053868552936,-0.310624719932759
"798","session2",-16.723744777177,37.9538166423588,4.53302747109922,2.89746540599907e-05,-0.50467649603204,0.56250657082466,0.817200833872253,8,2,40,0.415053868552936,-0.310624719932759,20,3.2031229276077,1,-25.66409,1474,1,0,12,"both",0.415053868552936,-0.310624719932759
"799","session2",-16.723744777177,37.9538166423588,4.53302747109922,2.89746540599907e-05,-0.50467649603204,0.56250657082466,0.817200833872253,8,2,40,0.415053868552936,-0.310624719932759,20,2.30543666349008,0,-8.25322,1474,1,0,12,"both",0.415053868552936,-0.310624719932759
"800","session2",-16.723744777177,37.9538166423588,4.53302747109922,2.89746540599907e-05,-0.50467649603204,0.56250657082466,0.817200833872253,8,2,40,0.415053868552936,-0.310624719932759,20,3.70572442149864,1,-8.66622,1474,1,0,12,"both",0.415053868552936,-0.310624719932759
"801","session2",6.07082684196244,11.2735969439073,2.1704456649515,0.000356798332306052,-0.0825586521141969,0.51080872725407,0.679492987020793,9,2,40,0.415053868552936,-0.310624719932759,21,1.91086159036653,0,-8.4452633123,1474,1,0,12,"both",0.415053868552936,-0.310624719932759
"802","session2",6.07082684196244,11.2735969439073,2.1704456649515,0.000356798332306052,-0.0825586521141969,0.51080872725407,0.679492987020793,9,2,40,0.415053868552936,-0.310624719932759,21,3.54344571868141,0,5.37517639909,1474,1,0,12,"both",0.415053868552936,-0.310624719932759
"803","session2",6.07082684196244,11.2735969439073,2.1704456649515,0.000356798332306052,-0.0825586521141969,0.51080872725407,0.679492987020793,9,2,40,0.415053868552936,-0.310624719932759,21,1.79148798306685,1,12.5323307004,1474,1,0,12,"both",0.415053868552936,-0.310624719932759
"804","session2",6.07082684196244,11.2735969439073,2.1704456649515,0.000356798332306052,-0.0825586521141969,0.51080872725407,0.679492987020793,9,2,40,0.415053868552936,-0.310624719932759,21,2.83120355170462,0,8.0783395512,1474,1,0,12,"both",0.415053868552936,-0.310624719932759
"805","session2",6.07082684196244,11.2735969439073,2.1704456649515,0.000356798332306052,-0.0825586521141969,0.51080872725407,0.679492987020793,9,2,40,0.415053868552936,-0.310624719932759,21,1.34569140077397,1,26.6039,1474,1,0,12,"both",0.415053868552936,-0.310624719932759
"806","session2",6.07082684196244,11.2735969439073,2.1704456649515,0.000356798332306052,-0.0825586521141969,0.51080872725407,0.679492987020793,9,2,40,0.415053868552936,-0.310624719932759,21,3.27864202142633,1,21.60286,1474,1,0,12,"both",0.415053868552936,-0.310624719932759
"807","session2",6.07082684196244,11.2735969439073,2.1704456649515,0.000356798332306052,-0.0825586521141969,0.51080872725407,0.679492987020793,9,2,40,0.415053868552936,-0.310624719932759,21,2.06264191971035,1,3.91998,1474,1,0,12,"both",0.415053868552936,-0.310624719932759
"808","session2",6.07082684196244,11.2735969439073,2.1704456649515,0.000356798332306052,-0.0825586521141969,0.51080872725407,0.679492987020793,9,2,40,0.415053868552936,-0.310624719932759,21,2.01919317587975,1,13.43743,1474,1,0,12,"both",0.415053868552936,-0.310624719932759
"809","session2",6.07082684196244,11.2735969439073,2.1704456649515,0.000356798332306052,-0.0825586521141969,0.51080872725407,0.679492987020793,9,2,40,0.415053868552936,-0.310624719932759,21,1.4242033099084,1,14.85499,1474,1,0,12,"both",0.415053868552936,-0.310624719932759
"810","session2",6.07082684196244,11.2735969439073,2.1704456649515,0.000356798332306052,-0.0825586521141969,0.51080872725407,0.679492987020793,9,2,40,0.415053868552936,-0.310624719932759,21,2.46130165320998,1,34.19408,1474,1,0,12,"both",0.415053868552936,-0.310624719932759
"811","session2",6.07082684196244,11.2735969439073,2.1704456649515,0.000356798332306052,-0.0825586521141969,0.51080872725407,0.679492987020793,9,2,40,0.415053868552936,-0.310624719932759,21,2.5158502706569,0,-6.52742,1474,1,0,12,"both",0.415053868552936,-0.310624719932759
"812","session2",6.07082684196244,11.2735969439073,2.1704456649515,0.000356798332306052,-0.0825586521141969,0.51080872725407,0.679492987020793,9,2,40,0.415053868552936,-0.310624719932759,21,2.13105148278635,0,4.11833,1474,1,0,12,"both",0.415053868552936,-0.310624719932759
"813","session2",6.07082684196244,11.2735969439073,2.1704456649515,0.000356798332306052,-0.0825586521141969,0.51080872725407,0.679492987020793,9,2,40,0.415053868552936,-0.310624719932759,21,1.16865020928065,1,9.27228,1474,1,0,12,"both",0.415053868552936,-0.310624719932759
"814","session2",6.07082684196244,11.2735969439073,2.1704456649515,0.000356798332306052,-0.0825586521141969,0.51080872725407,0.679492987020793,9,2,40,0.415053868552936,-0.310624719932759,21,2.62129487212384,0,3.8786,1474,1,0,12,"both",0.415053868552936,-0.310624719932759
"815","session2",6.07082684196244,11.2735969439073,2.1704456649515,0.000356798332306052,-0.0825586521141969,0.51080872725407,0.679492987020793,9,2,40,0.415053868552936,-0.310624719932759,21,1.6313704429434,0,-5.75734,1474,1,0,12,"both",0.415053868552936,-0.310624719932759
"816","session2",6.07082684196244,11.2735969439073,2.1704456649515,0.000356798332306052,-0.0825586521141969,0.51080872725407,0.679492987020793,9,2,40,0.415053868552936,-0.310624719932759,21,1.32330468955971,0,-4.41546,1474,1,0,12,"both",0.415053868552936,-0.310624719932759
"817","session2",6.07082684196244,11.2735969439073,2.1704456649515,0.000356798332306052,-0.0825586521141969,0.51080872725407,0.679492987020793,9,2,40,0.415053868552936,-0.310624719932759,21,2.17553402988282,0,7.66388,1474,1,0,12,"both",0.415053868552936,-0.310624719932759
"818","session2",6.07082684196244,11.2735969439073,2.1704456649515,0.000356798332306052,-0.0825586521141969,0.51080872725407,0.679492987020793,9,2,40,0.415053868552936,-0.310624719932759,21,1.54476294473062,1,3.07599,1474,1,0,12,"both",0.415053868552936,-0.310624719932759
"819","session2",6.07082684196244,11.2735969439073,2.1704456649515,0.000356798332306052,-0.0825586521141969,0.51080872725407,0.679492987020793,9,2,40,0.415053868552936,-0.310624719932759,21,3.3160007897916,0,4.87772,1474,1,0,12,"both",0.415053868552936,-0.310624719932759
"820","session2",6.07082684196244,11.2735969439073,2.1704456649515,0.000356798332306052,-0.0825586521141969,0.51080872725407,0.679492987020793,9,2,40,0.415053868552936,-0.310624719932759,21,3.21924088629317,0,7.97356,1474,1,0,12,"both",0.415053868552936,-0.310624719932759
"821","session2",6.07082684196244,11.2735969439073,2.1704456649515,0.000356798332306052,-0.0825586521141969,0.51080872725407,0.679492987020793,9,2,40,0.415053868552936,-0.310624719932759,21,2.13132505569702,1,12.76566,1474,1,0,12,"both",0.415053868552936,-0.310624719932759
"822","session2",6.07082684196244,11.2735969439073,2.1704456649515,0.000356798332306052,-0.0825586521141969,0.51080872725407,0.679492987020793,9,2,40,0.415053868552936,-0.310624719932759,21,2.18126747203986,1,1.94912,1474,1,0,12,"both",0.415053868552936,-0.310624719932759
"823","session2",6.07082684196244,11.2735969439073,2.1704456649515,0.000356798332306052,-0.0825586521141969,0.51080872725407,0.679492987020793,9,2,40,0.415053868552936,-0.310624719932759,21,2.0331670603975,0,-7.91213,1474,1,0,12,"both",0.415053868552936,-0.310624719932759
"824","session2",6.07082684196244,11.2735969439073,2.1704456649515,0.000356798332306052,-0.0825586521141969,0.51080872725407,0.679492987020793,9,2,40,0.415053868552936,-0.310624719932759,21,6.42215242925058,1,5.32508,1474,1,0,12,"both",0.415053868552936,-0.310624719932759
"825","session2",6.07082684196244,11.2735969439073,2.1704456649515,0.000356798332306052,-0.0825586521141969,0.51080872725407,0.679492987020793,9,2,40,0.415053868552936,-0.310624719932759,21,2.97734794135707,1,-1.64153,1474,1,0,12,"both",0.415053868552936,-0.310624719932759
"826","session2",6.07082684196244,11.2735969439073,2.1704456649515,0.000356798332306052,-0.0825586521141969,0.51080872725407,0.679492987020793,9,2,40,0.415053868552936,-0.310624719932759,21,1.46993100424025,0,9.98296,1474,1,0,12,"both",0.415053868552936,-0.310624719932759
"827","session2",6.07082684196244,11.2735969439073,2.1704456649515,0.000356798332306052,-0.0825586521141969,0.51080872725407,0.679492987020793,9,2,40,0.415053868552936,-0.310624719932759,21,1.42282619758387,1,33.25453,1474,1,0,12,"both",0.415053868552936,-0.310624719932759
"828","session2",6.07082684196244,11.2735969439073,2.1704456649515,0.000356798332306052,-0.0825586521141969,0.51080872725407,0.679492987020793,9,2,40,0.415053868552936,-0.310624719932759,21,2.17652889942367,0,14.15853,1474,1,0,12,"both",0.415053868552936,-0.310624719932759
"829","session2",6.07082684196244,11.2735969439073,2.1704456649515,0.000356798332306052,-0.0825586521141969,0.51080872725407,0.679492987020793,9,2,40,0.415053868552936,-0.310624719932759,21,1.57434401908307,0,-16.0523,1474,1,0,12,"both",0.415053868552936,-0.310624719932759
"830","session2",6.07082684196244,11.2735969439073,2.1704456649515,0.000356798332306052,-0.0825586521141969,0.51080872725407,0.679492987020793,9,2,40,0.415053868552936,-0.310624719932759,21,2.81347732401604,0,-10.507869,1474,1,0,12,"both",0.415053868552936,-0.310624719932759
"831","session2",6.07082684196244,11.2735969439073,2.1704456649515,0.000356798332306052,-0.0825586521141969,0.51080872725407,0.679492987020793,9,2,40,0.415053868552936,-0.310624719932759,21,1.50862735789146,1,32.2832,1474,1,0,12,"both",0.415053868552936,-0.310624719932759
"832","session2",6.07082684196244,11.2735969439073,2.1704456649515,0.000356798332306052,-0.0825586521141969,0.51080872725407,0.679492987020793,9,2,40,0.415053868552936,-0.310624719932759,21,2.97637617245133,1,14.98501,1474,1,0,12,"both",0.415053868552936,-0.310624719932759
"833","session2",6.07082684196244,11.2735969439073,2.1704456649515,0.000356798332306052,-0.0825586521141969,0.51080872725407,0.679492987020793,9,2,40,0.415053868552936,-0.310624719932759,21,2.46546489429251,1,-0.7591,1474,1,0,12,"both",0.415053868552936,-0.310624719932759
"834","session2",6.07082684196244,11.2735969439073,2.1704456649515,0.000356798332306052,-0.0825586521141969,0.51080872725407,0.679492987020793,9,2,40,0.415053868552936,-0.310624719932759,21,4.39209942588004,0,10.17235,1474,1,0,12,"both",0.415053868552936,-0.310624719932759
"835","session2",6.07082684196244,11.2735969439073,2.1704456649515,0.000356798332306052,-0.0825586521141969,0.51080872725407,0.679492987020793,9,2,40,0.415053868552936,-0.310624719932759,21,1.05670779872815,0,-8.2454,1474,1,0,12,"both",0.415053868552936,-0.310624719932759
"836","session2",6.07082684196244,11.2735969439073,2.1704456649515,0.000356798332306052,-0.0825586521141969,0.51080872725407,0.679492987020793,9,2,40,0.415053868552936,-0.310624719932759,21,1.77425209910903,0,-1.39,1474,1,0,12,"both",0.415053868552936,-0.310624719932759
"837","session2",6.07082684196244,11.2735969439073,2.1704456649515,0.000356798332306052,-0.0825586521141969,0.51080872725407,0.679492987020793,9,2,40,0.415053868552936,-0.310624719932759,21,1.33490372533586,0,-25.09179,1474,1,0,12,"both",0.415053868552936,-0.310624719932759
"838","session2",6.07082684196244,11.2735969439073,2.1704456649515,0.000356798332306052,-0.0825586521141969,0.51080872725407,0.679492987020793,9,2,40,0.415053868552936,-0.310624719932759,21,3.26626546797571,0,-9.87036,1474,1,0,12,"both",0.415053868552936,-0.310624719932759
"839","session2",6.07082684196244,11.2735969439073,2.1704456649515,0.000356798332306052,-0.0825586521141969,0.51080872725407,0.679492987020793,9,2,40,0.415053868552936,-0.310624719932759,21,3.64942387002446,0,-4.2247,1474,1,0,12,"both",0.415053868552936,-0.310624719932759
"840","session2",6.07082684196244,11.2735969439073,2.1704456649515,0.000356798332306052,-0.0825586521141969,0.51080872725407,0.679492987020793,9,2,40,0.415053868552936,-0.310624719932759,21,1.40882331291107,1,30.83058,1474,1,0,12,"both",0.415053868552936,-0.310624719932759
"841","session2",-38.1341262376282,4.68679975579596,3.54448324486058,3.42836251377495e-05,0.0545750128605748,0.41288978478761,0.650766783571213,10,2,40,0.415053868552936,-0.310624719932759,22,1.11873730624867,1,-9.9886201041,1474,1,0,12,"both",0.415053868552936,-0.310624719932759
"842","session2",-38.1341262376282,4.68679975579596,3.54448324486058,3.42836251377495e-05,0.0545750128605748,0.41288978478761,0.650766783571213,10,2,40,0.415053868552936,-0.310624719932759,22,2.06394862846257,1,-11.8317140458,1474,1,0,12,"both",0.415053868552936,-0.310624719932759
"843","session2",-38.1341262376282,4.68679975579596,3.54448324486058,3.42836251377495e-05,0.0545750128605748,0.41288978478761,0.650766783571213,10,2,40,0.415053868552936,-0.310624719932759,22,2.21457416611418,1,-17.817903749,1474,1,0,12,"both",0.415053868552936,-0.310624719932759
"844","session2",-38.1341262376282,4.68679975579596,3.54448324486058,3.42836251377495e-05,0.0545750128605748,0.41288978478761,0.650766783571213,10,2,40,0.415053868552936,-0.310624719932759,22,1.81949456673015,1,-24.459402456,1474,1,0,12,"both",0.415053868552936,-0.310624719932759
"845","session2",-38.1341262376282,4.68679975579596,3.54448324486058,3.42836251377495e-05,0.0545750128605748,0.41288978478761,0.650766783571213,10,2,40,0.415053868552936,-0.310624719932759,22,2.05229950991643,1,23.78678,1474,1,0,12,"both",0.415053868552936,-0.310624719932759
"846","session2",-38.1341262376282,4.68679975579596,3.54448324486058,3.42836251377495e-05,0.0545750128605748,0.41288978478761,0.650766783571213,10,2,40,0.415053868552936,-0.310624719932759,22,4.75535601114947,0,-37.3013,1474,1,0,12,"both",0.415053868552936,-0.310624719932759
"847","session2",-38.1341262376282,4.68679975579596,3.54448324486058,3.42836251377495e-05,0.0545750128605748,0.41288978478761,0.650766783571213,10,2,40,0.415053868552936,-0.310624719932759,22,1.1784928877274,1,-13.16371,1474,1,0,12,"both",0.415053868552936,-0.310624719932759
"848","session2",-38.1341262376282,4.68679975579596,3.54448324486058,3.42836251377495e-05,0.0545750128605748,0.41288978478761,0.650766783571213,10,2,40,0.415053868552936,-0.310624719932759,22,2.22877263310492,0,-35.6677,1474,1,0,12,"both",0.415053868552936,-0.310624719932759
"849","session2",-38.1341262376282,4.68679975579596,3.54448324486058,3.42836251377495e-05,0.0545750128605748,0.41288978478761,0.650766783571213,10,2,40,0.415053868552936,-0.310624719932759,22,3.39101588419858,1,-30.2518,1474,1,0,12,"both",0.415053868552936,-0.310624719932759
"850","session2",-38.1341262376282,4.68679975579596,3.54448324486058,3.42836251377495e-05,0.0545750128605748,0.41288978478761,0.650766783571213,10,2,40,0.415053868552936,-0.310624719932759,22,2.40979079590262,1,48.594,1474,1,0,12,"both",0.415053868552936,-0.310624719932759
"851","session2",-38.1341262376282,4.68679975579596,3.54448324486058,3.42836251377495e-05,0.0545750128605748,0.41288978478761,0.650766783571213,10,2,40,0.415053868552936,-0.310624719932759,22,1.66330813412946,1,-39.16711,1474,1,0,12,"both",0.415053868552936,-0.310624719932759
"852","session2",-38.1341262376282,4.68679975579596,3.54448324486058,3.42836251377495e-05,0.0545750128605748,0.41288978478761,0.650766783571213,10,2,40,0.415053868552936,-0.310624719932759,22,2.53534030199592,1,-23.76024,1474,1,0,12,"both",0.415053868552936,-0.310624719932759
"853","session2",-38.1341262376282,4.68679975579596,3.54448324486058,3.42836251377495e-05,0.0545750128605748,0.41288978478761,0.650766783571213,10,2,40,0.415053868552936,-0.310624719932759,22,1.48303399769252,0,-47.11322,1474,1,0,12,"both",0.415053868552936,-0.310624719932759
"854","session2",-38.1341262376282,4.68679975579596,3.54448324486058,3.42836251377495e-05,0.0545750128605748,0.41288978478761,0.650766783571213,10,2,40,0.415053868552936,-0.310624719932759,22,2.93953080439623,1,-31.7183113,1474,1,0,12,"both",0.415053868552936,-0.310624719932759
"855","session2",-38.1341262376282,4.68679975579596,3.54448324486058,3.42836251377495e-05,0.0545750128605748,0.41288978478761,0.650766783571213,10,2,40,0.415053868552936,-0.310624719932759,22,2.23361124794049,1,-29.79204,1474,1,0,12,"both",0.415053868552936,-0.310624719932759
"856","session2",-38.1341262376282,4.68679975579596,3.54448324486058,3.42836251377495e-05,0.0545750128605748,0.41288978478761,0.650766783571213,10,2,40,0.415053868552936,-0.310624719932759,22,4.15566142752722,1,-36.4139704,1474,1,0,12,"both",0.415053868552936,-0.310624719932759
"857","session2",-38.1341262376282,4.68679975579596,3.54448324486058,3.42836251377495e-05,0.0545750128605748,0.41288978478761,0.650766783571213,10,2,40,0.415053868552936,-0.310624719932759,22,1.3229403839883,0,-46.374,1474,1,0,12,"both",0.415053868552936,-0.310624719932759
"858","session2",-38.1341262376282,4.68679975579596,3.54448324486058,3.42836251377495e-05,0.0545750128605748,0.41288978478761,0.650766783571213,10,2,40,0.415053868552936,-0.310624719932759,22,1.90980796037761,0,-31.64212,1474,1,0,12,"both",0.415053868552936,-0.310624719932759
"859","session2",-38.1341262376282,4.68679975579596,3.54448324486058,3.42836251377495e-05,0.0545750128605748,0.41288978478761,0.650766783571213,10,2,40,0.415053868552936,-0.310624719932759,22,1.63023911387196,1,-22.6916,1474,1,0,12,"both",0.415053868552936,-0.310624719932759
"860","session2",-38.1341262376282,4.68679975579596,3.54448324486058,3.42836251377495e-05,0.0545750128605748,0.41288978478761,0.650766783571213,10,2,40,0.415053868552936,-0.310624719932759,22,1.39046219841691,1,-8.9958,1474,1,0,12,"both",0.415053868552936,-0.310624719932759
"861","session2",-38.1341262376282,4.68679975579596,3.54448324486058,3.42836251377495e-05,0.0545750128605748,0.41288978478761,0.650766783571213,10,2,40,0.415053868552936,-0.310624719932759,22,1.6966607256746,0,-46.521,1474,1,0,12,"both",0.415053868552936,-0.310624719932759
"862","session2",-38.1341262376282,4.68679975579596,3.54448324486058,3.42836251377495e-05,0.0545750128605748,0.41288978478761,0.650766783571213,10,2,40,0.415053868552936,-0.310624719932759,22,4.23343738179592,0,-37.85624,1474,1,0,12,"both",0.415053868552936,-0.310624719932759
"863","session2",-38.1341262376282,4.68679975579596,3.54448324486058,3.42836251377495e-05,0.0545750128605748,0.41288978478761,0.650766783571213,10,2,40,0.415053868552936,-0.310624719932759,22,2.50778734601901,0,-44.07221,1474,1,0,12,"both",0.415053868552936,-0.310624719932759
"864","session2",-38.1341262376282,4.68679975579596,3.54448324486058,3.42836251377495e-05,0.0545750128605748,0.41288978478761,0.650766783571213,10,2,40,0.415053868552936,-0.310624719932759,22,4.36156941877455,1,-34.7428973,1474,1,0,12,"both",0.415053868552936,-0.310624719932759
"865","session2",-38.1341262376282,4.68679975579596,3.54448324486058,3.42836251377495e-05,0.0545750128605748,0.41288978478761,0.650766783571213,10,2,40,0.415053868552936,-0.310624719932759,22,1.63753746979345,1,-27.3575,1474,1,0,12,"both",0.415053868552936,-0.310624719932759
"866","session2",-38.1341262376282,4.68679975579596,3.54448324486058,3.42836251377495e-05,0.0545750128605748,0.41288978478761,0.650766783571213,10,2,40,0.415053868552936,-0.310624719932759,22,2.69878352270033,1,-39.6086,1474,1,0,12,"both",0.415053868552936,-0.310624719932759
"867","session2",-38.1341262376282,4.68679975579596,3.54448324486058,3.42836251377495e-05,0.0545750128605748,0.41288978478761,0.650766783571213,10,2,40,0.415053868552936,-0.310624719932759,22,3.369405144326,0,-41.58044,1474,1,0,12,"both",0.415053868552936,-0.310624719932759
"868","session2",-38.1341262376282,4.68679975579596,3.54448324486058,3.42836251377495e-05,0.0545750128605748,0.41288978478761,0.650766783571213,10,2,40,0.415053868552936,-0.310624719932759,22,1.68132951597685,1,-23.66427,1474,1,0,12,"both",0.415053868552936,-0.310624719932759
"869","session2",-38.1341262376282,4.68679975579596,3.54448324486058,3.42836251377495e-05,0.0545750128605748,0.41288978478761,0.650766783571213,10,2,40,0.415053868552936,-0.310624719932759,22,2.18147925318854,0,-41.33267,1474,1,0,12,"both",0.415053868552936,-0.310624719932759
"870","session2",-38.1341262376282,4.68679975579596,3.54448324486058,3.42836251377495e-05,0.0545750128605748,0.41288978478761,0.650766783571213,10,2,40,0.415053868552936,-0.310624719932759,22,1.69452227854208,1,-20.6123,1474,1,0,12,"both",0.415053868552936,-0.310624719932759
"871","session2",-38.1341262376282,4.68679975579596,3.54448324486058,3.42836251377495e-05,0.0545750128605748,0.41288978478761,0.650766783571213,10,2,40,0.415053868552936,-0.310624719932759,22,3.89977498563891,0,-36.25408,1474,1,0,12,"both",0.415053868552936,-0.310624719932759
"872","session2",-38.1341262376282,4.68679975579596,3.54448324486058,3.42836251377495e-05,0.0545750128605748,0.41288978478761,0.650766783571213,10,2,40,0.415053868552936,-0.310624719932759,22,3.6881208114696,1,-31.43932,1474,1,0,12,"both",0.415053868552936,-0.310624719932759
"873","session2",-38.1341262376282,4.68679975579596,3.54448324486058,3.42836251377495e-05,0.0545750128605748,0.41288978478761,0.650766783571213,10,2,40,0.415053868552936,-0.310624719932759,22,1.74113930965259,1,-42.1405,1474,1,0,12,"both",0.415053868552936,-0.310624719932759
"874","session2",-38.1341262376282,4.68679975579596,3.54448324486058,3.42836251377495e-05,0.0545750128605748,0.41288978478761,0.650766783571213,10,2,40,0.415053868552936,-0.310624719932759,22,1.88882323303818,0,-43.82378,1474,1,0,12,"both",0.415053868552936,-0.310624719932759
"875","session2",-38.1341262376282,4.68679975579596,3.54448324486058,3.42836251377495e-05,0.0545750128605748,0.41288978478761,0.650766783571213,10,2,40,0.415053868552936,-0.310624719932759,22,3.60294897716671,1,-36.40456,1474,1,0,12,"both",0.415053868552936,-0.310624719932759
"876","session2",-38.1341262376282,4.68679975579596,3.54448324486058,3.42836251377495e-05,0.0545750128605748,0.41288978478761,0.650766783571213,10,2,40,0.415053868552936,-0.310624719932759,22,2.33881309230821,1,-38.07441,1474,1,0,12,"both",0.415053868552936,-0.310624719932759
"877","session2",-38.1341262376282,4.68679975579596,3.54448324486058,3.42836251377495e-05,0.0545750128605748,0.41288978478761,0.650766783571213,10,2,40,0.415053868552936,-0.310624719932759,22,3.15783181198234,1,-39.5037,1474,1,0,12,"both",0.415053868552936,-0.310624719932759
"878","session2",-38.1341262376282,4.68679975579596,3.54448324486058,3.42836251377495e-05,0.0545750128605748,0.41288978478761,0.650766783571213,10,2,40,0.415053868552936,-0.310624719932759,22,1.79580207919924,0,-32.5827,1474,1,0,12,"both",0.415053868552936,-0.310624719932759
"879","session2",-38.1341262376282,4.68679975579596,3.54448324486058,3.42836251377495e-05,0.0545750128605748,0.41288978478761,0.650766783571213,10,2,40,0.415053868552936,-0.310624719932759,22,1.3990150837872,0,-49.0548,1474,1,0,12,"both",0.415053868552936,-0.310624719932759
"880","session2",-38.1341262376282,4.68679975579596,3.54448324486058,3.42836251377495e-05,0.0545750128605748,0.41288978478761,0.650766783571213,10,2,40,0.415053868552936,-0.310624719932759,22,1.53820302154492,0,-44.48087,1474,1,0,12,"both",0.415053868552936,-0.310624719932759
"881","session2",1.49148532884686,6.44368484741849,2.69428666111995,0.000248373986353392,-0.231833157966448,0.5636199812051,0.79277554541244,11,2,40,0.415053868552936,-0.310624719932759,23,1.1123949072823,0,-8.0666808789,1474,1,0,12,"both",0.415053868552936,-0.310624719932759
"882","session2",1.49148532884686,6.44368484741849,2.69428666111995,0.000248373986353392,-0.231833157966448,0.5636199812051,0.79277554541244,11,2,40,0.415053868552936,-0.310624719932759,23,1.67807216554083,1,5.5445161466,1474,1,0,12,"both",0.415053868552936,-0.310624719932759
"883","session2",1.49148532884686,6.44368484741849,2.69428666111995,0.000248373986353392,-0.231833157966448,0.5636199812051,0.79277554541244,11,2,40,0.415053868552936,-0.310624719932759,23,2.96760892314637,1,-0.11577609442,1474,1,0,12,"both",0.415053868552936,-0.310624719932759
"884","session2",1.49148532884686,6.44368484741849,2.69428666111995,0.000248373986353392,-0.231833157966448,0.5636199812051,0.79277554541244,11,2,40,0.415053868552936,-0.310624719932759,23,2.31231944897662,0,-4.0136949744,1474,1,0,12,"both",0.415053868552936,-0.310624719932759
"885","session2",1.49148532884686,6.44368484741849,2.69428666111995,0.000248373986353392,-0.231833157966448,0.5636199812051,0.79277554541244,11,2,40,0.415053868552936,-0.310624719932759,23,1.67320405874488,1,18.278,1474,1,0,12,"both",0.415053868552936,-0.310624719932759
"886","session2",1.49148532884686,6.44368484741849,2.69428666111995,0.000248373986353392,-0.231833157966448,0.5636199812051,0.79277554541244,11,2,40,0.415053868552936,-0.310624719932759,23,1.16441047207669,0,-22.11073,1474,1,0,12,"both",0.415053868552936,-0.310624719932759
"887","session2",1.49148532884686,6.44368484741849,2.69428666111995,0.000248373986353392,-0.231833157966448,0.5636199812051,0.79277554541244,11,2,40,0.415053868552936,-0.310624719932759,23,2.8632040428463,0,6.31738,1474,1,0,12,"both",0.415053868552936,-0.310624719932759
"888","session2",1.49148532884686,6.44368484741849,2.69428666111995,0.000248373986353392,-0.231833157966448,0.5636199812051,0.79277554541244,11,2,40,0.415053868552936,-0.310624719932759,23,2.00950500236813,0,-5.02062,1474,1,0,12,"both",0.415053868552936,-0.310624719932759
"889","session2",1.49148532884686,6.44368484741849,2.69428666111995,0.000248373986353392,-0.231833157966448,0.5636199812051,0.79277554541244,11,2,40,0.415053868552936,-0.310624719932759,23,3.99562595893416,0,-3.35494,1474,1,0,12,"both",0.415053868552936,-0.310624719932759
"890","session2",1.49148532884686,6.44368484741849,2.69428666111995,0.000248373986353392,-0.231833157966448,0.5636199812051,0.79277554541244,11,2,40,0.415053868552936,-0.310624719932759,23,2.6523863912089,1,9.46216,1474,1,0,12,"both",0.415053868552936,-0.310624719932759
"891","session2",1.49148532884686,6.44368484741849,2.69428666111995,0.000248373986353392,-0.231833157966448,0.5636199812051,0.79277554541244,11,2,40,0.415053868552936,-0.310624719932759,23,2.71040720730568,0,2.58916,1474,1,0,12,"both",0.415053868552936,-0.310624719932759
"892","session2",1.49148532884686,6.44368484741849,2.69428666111995,0.000248373986353392,-0.231833157966448,0.5636199812051,0.79277554541244,11,2,40,0.415053868552936,-0.310624719932759,23,1.46305548703722,1,0.83672,1474,1,0,12,"both",0.415053868552936,-0.310624719932759
"893","session2",1.49148532884686,6.44368484741849,2.69428666111995,0.000248373986353392,-0.231833157966448,0.5636199812051,0.79277554541244,11,2,40,0.415053868552936,-0.310624719932759,23,1.73230689449773,0,-2.58786,1474,1,0,12,"both",0.415053868552936,-0.310624719932759
"894","session2",1.49148532884686,6.44368484741849,2.69428666111995,0.000248373986353392,-0.231833157966448,0.5636199812051,0.79277554541244,11,2,40,0.415053868552936,-0.310624719932759,23,1.33446907365796,0,-10.76526,1474,1,0,12,"both",0.415053868552936,-0.310624719932759
"895","session2",1.49148532884686,6.44368484741849,2.69428666111995,0.000248373986353392,-0.231833157966448,0.5636199812051,0.79277554541244,11,2,40,0.415053868552936,-0.310624719932759,23,2.26656686985326,1,-5.41881,1474,1,0,12,"both",0.415053868552936,-0.310624719932759
"896","session2",1.49148532884686,6.44368484741849,2.69428666111995,0.000248373986353392,-0.231833157966448,0.5636199812051,0.79277554541244,11,2,40,0.415053868552936,-0.310624719932759,23,2.74050279609092,1,2.51667709324,1474,1,0,12,"both",0.415053868552936,-0.310624719932759
"897","session2",1.49148532884686,6.44368484741849,2.69428666111995,0.000248373986353392,-0.231833157966448,0.5636199812051,0.79277554541244,11,2,40,0.415053868552936,-0.310624719932759,23,2.27990329478849,0,-5.01645,1474,1,0,12,"both",0.415053868552936,-0.310624719932759
"898","session2",1.49148532884686,6.44368484741849,2.69428666111995,0.000248373986353392,-0.231833157966448,0.5636199812051,0.79277554541244,11,2,40,0.415053868552936,-0.310624719932759,23,1.24855761967389,0,-10.24746,1474,1,0,12,"both",0.415053868552936,-0.310624719932759
"899","session2",1.49148532884686,6.44368484741849,2.69428666111995,0.000248373986353392,-0.231833157966448,0.5636199812051,0.79277554541244,11,2,40,0.415053868552936,-0.310624719932759,23,1.24172597712612,1,15.01416,1474,1,0,12,"both",0.415053868552936,-0.310624719932759
"900","session2",1.49148532884686,6.44368484741849,2.69428666111995,0.000248373986353392,-0.231833157966448,0.5636199812051,0.79277554541244,11,2,40,0.415053868552936,-0.310624719932759,23,1.58323656549392,1,9.69109,1474,1,0,12,"both",0.415053868552936,-0.310624719932759
"901","session2",1.49148532884686,6.44368484741849,2.69428666111995,0.000248373986353392,-0.231833157966448,0.5636199812051,0.79277554541244,11,2,40,0.415053868552936,-0.310624719932759,23,1.35802132919406,1,9.51756,1474,1,0,12,"both",0.415053868552936,-0.310624719932759
"902","session2",1.49148532884686,6.44368484741849,2.69428666111995,0.000248373986353392,-0.231833157966448,0.5636199812051,0.79277554541244,11,2,40,0.415053868552936,-0.310624719932759,23,2.1893862732178,0,-10.44673,1474,1,0,12,"both",0.415053868552936,-0.310624719932759
"903","session2",1.49148532884686,6.44368484741849,2.69428666111995,0.000248373986353392,-0.231833157966448,0.5636199812051,0.79277554541244,11,2,40,0.415053868552936,-0.310624719932759,23,3.15077797900308,0,-9.00656,1474,1,0,12,"both",0.415053868552936,-0.310624719932759
"904","session2",1.49148532884686,6.44368484741849,2.69428666111995,0.000248373986353392,-0.231833157966448,0.5636199812051,0.79277554541244,11,2,40,0.415053868552936,-0.310624719932759,23,1.77426970094194,1,12.997885,1474,1,0,12,"both",0.415053868552936,-0.310624719932759
"905","session2",1.49148532884686,6.44368484741849,2.69428666111995,0.000248373986353392,-0.231833157966448,0.5636199812051,0.79277554541244,11,2,40,0.415053868552936,-0.310624719932759,23,1.2452567032056,1,10.94884,1474,1,0,12,"both",0.415053868552936,-0.310624719932759
"906","session2",1.49148532884686,6.44368484741849,2.69428666111995,0.000248373986353392,-0.231833157966448,0.5636199812051,0.79277554541244,11,2,40,0.415053868552936,-0.310624719932759,23,2.95941286622514,0,-2.7466,1474,1,0,12,"both",0.415053868552936,-0.310624719932759
"907","session2",1.49148532884686,6.44368484741849,2.69428666111995,0.000248373986353392,-0.231833157966448,0.5636199812051,0.79277554541244,11,2,40,0.415053868552936,-0.310624719932759,23,1.603207919313,0,-2.9940402,1474,1,0,12,"both",0.415053868552936,-0.310624719932759
"908","session2",1.49148532884686,6.44368484741849,2.69428666111995,0.000248373986353392,-0.231833157966448,0.5636199812051,0.79277554541244,11,2,40,0.415053868552936,-0.310624719932759,23,1.46785451235101,0,-5.574163,1474,1,0,12,"both",0.415053868552936,-0.310624719932759
"909","session2",1.49148532884686,6.44368484741849,2.69428666111995,0.000248373986353392,-0.231833157966448,0.5636199812051,0.79277554541244,11,2,40,0.415053868552936,-0.310624719932759,23,2.71750900659557,0,3.55871,1474,1,0,12,"both",0.415053868552936,-0.310624719932759
"910","session2",1.49148532884686,6.44368484741849,2.69428666111995,0.000248373986353392,-0.231833157966448,0.5636199812051,0.79277554541244,11,2,40,0.415053868552936,-0.310624719932759,23,5.75597375568659,0,-0.71402,1474,1,0,12,"both",0.415053868552936,-0.310624719932759
"911","session2",1.49148532884686,6.44368484741849,2.69428666111995,0.000248373986353392,-0.231833157966448,0.5636199812051,0.79277554541244,11,2,40,0.415053868552936,-0.310624719932759,23,1.4802633915989,1,8.90732,1474,1,0,12,"both",0.415053868552936,-0.310624719932759
"912","session2",1.49148532884686,6.44368484741849,2.69428666111995,0.000248373986353392,-0.231833157966448,0.5636199812051,0.79277554541244,11,2,40,0.415053868552936,-0.310624719932759,23,2.3974704502974,0,-5.05774,1474,1,0,12,"both",0.415053868552936,-0.310624719932759
"913","session2",1.49148532884686,6.44368484741849,2.69428666111995,0.000248373986353392,-0.231833157966448,0.5636199812051,0.79277554541244,11,2,40,0.415053868552936,-0.310624719932759,23,2.05831562383291,0,-2.62637,1474,1,0,12,"both",0.415053868552936,-0.310624719932759
"914","session2",1.49148532884686,6.44368484741849,2.69428666111995,0.000248373986353392,-0.231833157966448,0.5636199812051,0.79277554541244,11,2,40,0.415053868552936,-0.310624719932759,23,2.30380251248628,1,4.97072,1474,1,0,12,"both",0.415053868552936,-0.310624719932759
"915","session2",1.49148532884686,6.44368484741849,2.69428666111995,0.000248373986353392,-0.231833157966448,0.5636199812051,0.79277554541244,11,2,40,0.415053868552936,-0.310624719932759,23,2.13585773905097,0,-0.9864,1474,1,0,12,"both",0.415053868552936,-0.310624719932759
"916","session2",1.49148532884686,6.44368484741849,2.69428666111995,0.000248373986353392,-0.231833157966448,0.5636199812051,0.79277554541244,11,2,40,0.415053868552936,-0.310624719932759,23,1.22689492360945,0,-10.90514,1474,1,0,12,"both",0.415053868552936,-0.310624719932759
"917","session2",1.49148532884686,6.44368484741849,2.69428666111995,0.000248373986353392,-0.231833157966448,0.5636199812051,0.79277554541244,11,2,40,0.415053868552936,-0.310624719932759,23,1.64955225194416,0,-1.88534,1474,1,0,12,"both",0.415053868552936,-0.310624719932759
"918","session2",1.49148532884686,6.44368484741849,2.69428666111995,0.000248373986353392,-0.231833157966448,0.5636199812051,0.79277554541244,11,2,40,0.415053868552936,-0.310624719932759,23,1.527034024242,1,0.46556,1474,1,0,12,"both",0.415053868552936,-0.310624719932759
"919","session2",1.49148532884686,6.44368484741849,2.69428666111995,0.000248373986353392,-0.231833157966448,0.5636199812051,0.79277554541244,11,2,40,0.415053868552936,-0.310624719932759,23,1.52938915308938,0,-2.69377,1474,1,0,12,"both",0.415053868552936,-0.310624719932759
"920","session2",1.49148532884686,6.44368484741849,2.69428666111995,0.000248373986353392,-0.231833157966448,0.5636199812051,0.79277554541244,11,2,40,0.415053868552936,-0.310624719932759,23,2.49639495516983,0,-5.9049,1474,1,0,12,"both",0.415053868552936,-0.310624719932759
"921","session2",5.53574352212733,6.93033138824659,1.99222729390689,0.000101893986112237,-0.0887253068343593,0.515984035910364,0.687897077031648,12,2,40,0.415053868552936,-0.310624719932759,24,1.54063201101583,1,8.1821468812,1474,1,0,12,"both",0.415053868552936,-0.310624719932759
"922","session2",5.53574352212733,6.93033138824659,1.99222729390689,0.000101893986112237,-0.0887253068343593,0.515984035910364,0.687897077031648,12,2,40,0.415053868552936,-0.310624719932759,24,1.9166202747602,0,-7.390104298,1474,1,0,12,"both",0.415053868552936,-0.310624719932759
"923","session2",5.53574352212733,6.93033138824659,1.99222729390689,0.000101893986112237,-0.0887253068343593,0.515984035910364,0.687897077031648,12,2,40,0.415053868552936,-0.310624719932759,24,1.40017367801991,0,-0.81198198782,1474,1,0,12,"both",0.415053868552936,-0.310624719932759
"924","session2",5.53574352212733,6.93033138824659,1.99222729390689,0.000101893986112237,-0.0887253068343593,0.515984035910364,0.687897077031648,12,2,40,0.415053868552936,-0.310624719932759,24,1.42030602348001,1,3.1331413365,1474,1,0,12,"both",0.415053868552936,-0.310624719932759
"925","session2",5.53574352212733,6.93033138824659,1.99222729390689,0.000101893986112237,-0.0887253068343593,0.515984035910364,0.687897077031648,12,2,40,0.415053868552936,-0.310624719932759,24,1.95230217270519,0,1.15061,1474,1,0,12,"both",0.415053868552936,-0.310624719932759
"926","session2",5.53574352212733,6.93033138824659,1.99222729390689,0.000101893986112237,-0.0887253068343593,0.515984035910364,0.687897077031648,12,2,40,0.415053868552936,-0.310624719932759,24,1.85998231237297,0,2.909851876387,1474,1,0,12,"both",0.415053868552936,-0.310624719932759
"927","session2",5.53574352212733,6.93033138824659,1.99222729390689,0.000101893986112237,-0.0887253068343593,0.515984035910364,0.687897077031648,12,2,40,0.415053868552936,-0.310624719932759,24,2.21893774747997,0,-20.9837,1474,1,0,12,"both",0.415053868552936,-0.310624719932759
"928","session2",5.53574352212733,6.93033138824659,1.99222729390689,0.000101893986112237,-0.0887253068343593,0.515984035910364,0.687897077031648,12,2,40,0.415053868552936,-0.310624719932759,24,2.17117942739809,0,7.17204,1474,1,0,12,"both",0.415053868552936,-0.310624719932759
"929","session2",5.53574352212733,6.93033138824659,1.99222729390689,0.000101893986112237,-0.0887253068343593,0.515984035910364,0.687897077031648,12,2,40,0.415053868552936,-0.310624719932759,24,2.38849232398226,1,28.88348,1474,1,0,12,"both",0.415053868552936,-0.310624719932759
"930","session2",5.53574352212733,6.93033138824659,1.99222729390689,0.000101893986112237,-0.0887253068343593,0.515984035910364,0.687897077031648,12,2,40,0.415053868552936,-0.310624719932759,24,1.14908452631296,1,26.86705,1474,1,0,12,"both",0.415053868552936,-0.310624719932759
"931","session2",5.53574352212733,6.93033138824659,1.99222729390689,0.000101893986112237,-0.0887253068343593,0.515984035910364,0.687897077031648,12,2,40,0.415053868552936,-0.310624719932759,24,1.71956819828496,1,8.2076975453,1474,1,0,12,"both",0.415053868552936,-0.310624719932759
"932","session2",5.53574352212733,6.93033138824659,1.99222729390689,0.000101893986112237,-0.0887253068343593,0.515984035910364,0.687897077031648,12,2,40,0.415053868552936,-0.310624719932759,24,1.89165837063716,1,4.54827,1474,1,0,12,"both",0.415053868552936,-0.310624719932759
"933","session2",5.53574352212733,6.93033138824659,1.99222729390689,0.000101893986112237,-0.0887253068343593,0.515984035910364,0.687897077031648,12,2,40,0.415053868552936,-0.310624719932759,24,3.60527935455662,1,4.4756355512,1474,1,0,12,"both",0.415053868552936,-0.310624719932759
"934","session2",5.53574352212733,6.93033138824659,1.99222729390689,0.000101893986112237,-0.0887253068343593,0.515984035910364,0.687897077031648,12,2,40,0.415053868552936,-0.310624719932759,24,2.00281925686149,0,-6.207883,1474,1,0,12,"both",0.415053868552936,-0.310624719932759
"935","session2",5.53574352212733,6.93033138824659,1.99222729390689,0.000101893986112237,-0.0887253068343593,0.515984035910364,0.687897077031648,12,2,40,0.415053868552936,-0.310624719932759,24,2.0286734854194,1,6.93578,1474,1,0,12,"both",0.415053868552936,-0.310624719932759
"936","session2",5.53574352212733,6.93033138824659,1.99222729390689,0.000101893986112237,-0.0887253068343593,0.515984035910364,0.687897077031648,12,2,40,0.415053868552936,-0.310624719932759,24,1.89996016227071,1,-2.03318,1474,1,0,12,"both",0.415053868552936,-0.310624719932759
"937","session2",5.53574352212733,6.93033138824659,1.99222729390689,0.000101893986112237,-0.0887253068343593,0.515984035910364,0.687897077031648,12,2,40,0.415053868552936,-0.310624719932759,24,2.26859734471865,0,-10.00913,1474,1,0,12,"both",0.415053868552936,-0.310624719932759
"938","session2",5.53574352212733,6.93033138824659,1.99222729390689,0.000101893986112237,-0.0887253068343593,0.515984035910364,0.687897077031648,12,2,40,0.415053868552936,-0.310624719932759,24,2.18539342130858,0,0.42339,1474,1,0,12,"both",0.415053868552936,-0.310624719932759
"939","session2",5.53574352212733,6.93033138824659,1.99222729390689,0.000101893986112237,-0.0887253068343593,0.515984035910364,0.687897077031648,12,2,40,0.415053868552936,-0.310624719932759,24,2.36868584368182,0,0.23253,1474,1,0,12,"both",0.415053868552936,-0.310624719932759
"940","session2",5.53574352212733,6.93033138824659,1.99222729390689,0.000101893986112237,-0.0887253068343593,0.515984035910364,0.687897077031648,12,2,40,0.415053868552936,-0.310624719932759,24,4.3266656444498,0,5.30514,1474,1,0,12,"both",0.415053868552936,-0.310624719932759
"941","session2",5.53574352212733,6.93033138824659,1.99222729390689,0.000101893986112237,-0.0887253068343593,0.515984035910364,0.687897077031648,12,2,40,0.415053868552936,-0.310624719932759,24,1.69287509578194,1,16.56402,1474,1,0,12,"both",0.415053868552936,-0.310624719932759
"942","session2",5.53574352212733,6.93033138824659,1.99222729390689,0.000101893986112237,-0.0887253068343593,0.515984035910364,0.687897077031648,12,2,40,0.415053868552936,-0.310624719932759,24,2.23507237958722,0,0.22916,1474,1,0,12,"both",0.415053868552936,-0.310624719932759
"943","session2",5.53574352212733,6.93033138824659,1.99222729390689,0.000101893986112237,-0.0887253068343593,0.515984035910364,0.687897077031648,12,2,40,0.415053868552936,-0.310624719932759,24,2.73602509428605,0,7.40671,1474,1,0,12,"both",0.415053868552936,-0.310624719932759
"944","session2",5.53574352212733,6.93033138824659,1.99222729390689,0.000101893986112237,-0.0887253068343593,0.515984035910364,0.687897077031648,12,2,40,0.415053868552936,-0.310624719932759,24,3.72322184597113,1,5.2317822368,1474,1,0,12,"both",0.415053868552936,-0.310624719932759
"945","session2",5.53574352212733,6.93033138824659,1.99222729390689,0.000101893986112237,-0.0887253068343593,0.515984035910364,0.687897077031648,12,2,40,0.415053868552936,-0.310624719932759,24,1.60748266451732,0,-7.78592,1474,1,0,12,"both",0.415053868552936,-0.310624719932759
"946","session2",5.53574352212733,6.93033138824659,1.99222729390689,0.000101893986112237,-0.0887253068343593,0.515984035910364,0.687897077031648,12,2,40,0.415053868552936,-0.310624719932759,24,2.88910095865314,0,-1.38193,1474,1,0,12,"both",0.415053868552936,-0.310624719932759
"947","session2",5.53574352212733,6.93033138824659,1.99222729390689,0.000101893986112237,-0.0887253068343593,0.515984035910364,0.687897077031648,12,2,40,0.415053868552936,-0.310624719932759,24,2.6696641379417,0,-5.25964,1474,1,0,12,"both",0.415053868552936,-0.310624719932759
"948","session2",5.53574352212733,6.93033138824659,1.99222729390689,0.000101893986112237,-0.0887253068343593,0.515984035910364,0.687897077031648,12,2,40,0.415053868552936,-0.310624719932759,24,1.96261150090368,0,-12.92501,1474,1,0,12,"both",0.415053868552936,-0.310624719932759
"949","session2",5.53574352212733,6.93033138824659,1.99222729390689,0.000101893986112237,-0.0887253068343593,0.515984035910364,0.687897077031648,12,2,40,0.415053868552936,-0.310624719932759,24,5.52174467501757,0,-3.33901,1474,1,0,12,"both",0.415053868552936,-0.310624719932759
"950","session2",5.53574352212733,6.93033138824659,1.99222729390689,0.000101893986112237,-0.0887253068343593,0.515984035910364,0.687897077031648,12,2,40,0.415053868552936,-0.310624719932759,24,1.85320234054935,0,-5.36614,1474,1,0,12,"both",0.415053868552936,-0.310624719932759
"951","session2",5.53574352212733,6.93033138824659,1.99222729390689,0.000101893986112237,-0.0887253068343593,0.515984035910364,0.687897077031648,12,2,40,0.415053868552936,-0.310624719932759,24,1.53951607861854,0,3.98211,1474,1,0,12,"both",0.415053868552936,-0.310624719932759
"952","session2",5.53574352212733,6.93033138824659,1.99222729390689,0.000101893986112237,-0.0887253068343593,0.515984035910364,0.687897077031648,12,2,40,0.415053868552936,-0.310624719932759,24,1.50400868357005,0,-1.84059,1474,1,0,12,"both",0.415053868552936,-0.310624719932759
"953","session2",5.53574352212733,6.93033138824659,1.99222729390689,0.000101893986112237,-0.0887253068343593,0.515984035910364,0.687897077031648,12,2,40,0.415053868552936,-0.310624719932759,24,2.63970582876554,0,0.32666,1474,1,0,12,"both",0.415053868552936,-0.310624719932759
"954","session2",5.53574352212733,6.93033138824659,1.99222729390689,0.000101893986112237,-0.0887253068343593,0.515984035910364,0.687897077031648,12,2,40,0.415053868552936,-0.310624719932759,24,1.63658388897574,0,-2.62711,1474,1,0,12,"both",0.415053868552936,-0.310624719932759
"955","session2",5.53574352212733,6.93033138824659,1.99222729390689,0.000101893986112237,-0.0887253068343593,0.515984035910364,0.687897077031648,12,2,40,0.415053868552936,-0.310624719932759,24,1.59141565938504,0,-3.80199,1474,1,0,12,"both",0.415053868552936,-0.310624719932759
"956","session2",5.53574352212733,6.93033138824659,1.99222729390689,0.000101893986112237,-0.0887253068343593,0.515984035910364,0.687897077031648,12,2,40,0.415053868552936,-0.310624719932759,24,1.5535369041369,0,9.86801,1474,1,0,12,"both",0.415053868552936,-0.310624719932759
"957","session2",5.53574352212733,6.93033138824659,1.99222729390689,0.000101893986112237,-0.0887253068343593,0.515984035910364,0.687897077031648,12,2,40,0.415053868552936,-0.310624719932759,24,1.23769035097585,0,1.16944,1474,1,0,12,"both",0.415053868552936,-0.310624719932759
"958","session2",5.53574352212733,6.93033138824659,1.99222729390689,0.000101893986112237,-0.0887253068343593,0.515984035910364,0.687897077031648,12,2,40,0.415053868552936,-0.310624719932759,24,3.49386663865558,0,8.20261,1474,1,0,12,"both",0.415053868552936,-0.310624719932759
"959","session2",5.53574352212733,6.93033138824659,1.99222729390689,0.000101893986112237,-0.0887253068343593,0.515984035910364,0.687897077031648,12,2,40,0.415053868552936,-0.310624719932759,24,2.45920123867902,1,-1.5675,1474,1,0,12,"both",0.415053868552936,-0.310624719932759
"960","session2",5.53574352212733,6.93033138824659,1.99222729390689,0.000101893986112237,-0.0887253068343593,0.515984035910364,0.687897077031648,12,2,40,0.415053868552936,-0.310624719932759,24,1.92204800487225,1,-0.55836,1474,1,0,12,"both",0.415053868552936,-0.310624719932759
