"","session","alpha","beta","betart","lapse","intercept","sigma","ndt","participant_id","sessions","trials","alpha_obs_power","beta_obs_power","n","rts","resp","X","iter","real_effectsize_alpha","real_effectsize_beta","subjects","parameter","observed_effectsize_alpha","observed_effectsize_beta"
"1","session1",-19.7976284218114,10.8232438044051,1.58683344706196,0.000877409215869033,0.282883173794423,0.468640340266173,0.667676763400365,1,1,75,-0.136217377587165,0.781586012152972,1,2.54215215473905,1,-9.92925169309,4705,0.4,0,12,"both",-0.136217377587165,0.781586012152972
"2","session1",-19.7976284218114,10.8232438044051,1.58683344706196,0.000877409215869033,0.282883173794423,0.468640340266173,0.667676763400365,1,1,75,-0.136217377587165,0.781586012152972,1,1.74044686058744,0,-13.0855450972,4705,0.4,0,12,"both",-0.136217377587165,0.781586012152972
"3","session1",-19.7976284218114,10.8232438044051,1.58683344706196,0.000877409215869033,0.282883173794423,0.468640340266173,0.667676763400365,1,1,75,-0.136217377587165,0.781586012152972,1,2.92445118848853,1,-4.60194520434,4705,0.4,0,12,"both",-0.136217377587165,0.781586012152972
"4","session1",-19.7976284218114,10.8232438044051,1.58683344706196,0.000877409215869033,0.282883173794423,0.468640340266173,0.667676763400365,1,1,75,-0.136217377587165,0.781586012152972,1,2.02691910191951,1,-11.3591594987,4705,0.4,0,12,"both",-0.136217377587165,0.781586012152972
"5","session1",-19.7976284218114,10.8232438044051,1.58683344706196,0.000877409215869033,0.282883173794423,0.468640340266173,0.667676763400365,1,1,75,-0.136217377587165,0.781586012152972,1,3.82009261083331,1,-2.17399,4705,0.4,0,12,"both",-0.136217377587165,0.781586012152972
"6","session1",-19.7976284218114,10.8232438044051,1.58683344706196,0.000877409215869033,0.282883173794423,0.468640340266173,0.667676763400365,1,1,75,-0.136217377587165,0.781586012152972,1,2.40731855268405,1,-6.3687,4705,0.4,0,12,"both",-0.136217377587165,0.781586012152972
"7","session1",-19.7976284218114,10.8232438044051,1.58683344706196,0.000877409215869033,0.282883173794423,0.468640340266173,0.667676763400365,1,1,75,-0.136217377587165,0.781586012152972,1,4.16800465616526,1,-12.78699,4705,0.4,0,12,"both",-0.136217377587165,0.781586012152972
"8","session1",-19.7976284218114,10.8232438044051,1.58683344706196,0.000877409215869033,0.282883173794423,0.468640340266173,0.667676763400365,1,1,75,-0.136217377587165,0.781586012152972,1,2.99031290611006,1,-11.76475,4705,0.4,0,12,"both",-0.136217377587165,0.781586012152972
"9","session1",-19.7976284218114,10.8232438044051,1.58683344706196,0.000877409215869033,0.282883173794423,0.468640340266173,0.667676763400365,1,1,75,-0.136217377587165,0.781586012152972,1,2.06952813013484,0,-42.6156,4705,0.4,0,12,"both",-0.136217377587165,0.781586012152972
"10","session1",-19.7976284218114,10.8232438044051,1.58683344706196,0.000877409215869033,0.282883173794423,0.468640340266173,0.667676763400365,1,1,75,-0.136217377587165,0.781586012152972,1,3.85914534670915,1,-18.77125,4705,0.4,0,12,"both",-0.136217377587165,0.781586012152972
"11","session1",-19.7976284218114,10.8232438044051,1.58683344706196,0.000877409215869033,0.282883173794423,0.468640340266173,0.667676763400365,1,1,75,-0.136217377587165,0.781586012152972,1,5.03466844156124,0,-28.77863,4705,0.4,0,12,"both",-0.136217377587165,0.781586012152972
"12","session1",-19.7976284218114,10.8232438044051,1.58683344706196,0.000877409215869033,0.282883173794423,0.468640340266173,0.667676763400365,1,1,75,-0.136217377587165,0.781586012152972,1,2.62766974650606,1,-24.81068,4705,0.4,0,12,"both",-0.136217377587165,0.781586012152972
"13","session1",-19.7976284218114,10.8232438044051,1.58683344706196,0.000877409215869033,0.282883173794423,0.468640340266173,0.667676763400365,1,1,75,-0.136217377587165,0.781586012152972,1,3.59401979243625,0,-31.24397,4705,0.4,0,12,"both",-0.136217377587165,0.781586012152972
"14","session1",-19.7976284218114,10.8232438044051,1.58683344706196,0.000877409215869033,0.282883173794423,0.468640340266173,0.667676763400365,1,1,75,-0.136217377587165,0.781586012152972,1,2.12961305496539,0,-33.51005,4705,0.4,0,12,"both",-0.136217377587165,0.781586012152972
"15","session1",-19.7976284218114,10.8232438044051,1.58683344706196,0.000877409215869033,0.282883173794423,0.468640340266173,0.667676763400365,1,1,75,-0.136217377587165,0.781586012152972,1,2.05328371266216,0,-34.2256,4705,0.4,0,12,"both",-0.136217377587165,0.781586012152972
"16","session1",-19.7976284218114,10.8232438044051,1.58683344706196,0.000877409215869033,0.282883173794423,0.468640340266173,0.667676763400365,1,1,75,-0.136217377587165,0.781586012152972,1,2.31951287510292,1,-22.94285274,4705,0.4,0,12,"both",-0.136217377587165,0.781586012152972
"17","session1",-19.7976284218114,10.8232438044051,1.58683344706196,0.000877409215869033,0.282883173794423,0.468640340266173,0.667676763400365,1,1,75,-0.136217377587165,0.781586012152972,1,2.72441532269684,1,-24.16195,4705,0.4,0,12,"both",-0.136217377587165,0.781586012152972
"18","session1",-19.7976284218114,10.8232438044051,1.58683344706196,0.000877409215869033,0.282883173794423,0.468640340266173,0.667676763400365,1,1,75,-0.136217377587165,0.781586012152972,1,2.08400672318687,0,-28.71867,4705,0.4,0,12,"both",-0.136217377587165,0.781586012152972
"19","session1",-19.7976284218114,10.8232438044051,1.58683344706196,0.000877409215869033,0.282883173794423,0.468640340266173,0.667676763400365,1,1,75,-0.136217377587165,0.781586012152972,1,2.81366336096606,0,-24.72604,4705,0.4,0,12,"both",-0.136217377587165,0.781586012152972
"20","session1",-19.7976284218114,10.8232438044051,1.58683344706196,0.000877409215869033,0.282883173794423,0.468640340266173,0.667676763400365,1,1,75,-0.136217377587165,0.781586012152972,1,1.98079982938641,0,-19.60924,4705,0.4,0,12,"both",-0.136217377587165,0.781586012152972
"21","session1",-19.7976284218114,10.8232438044051,1.58683344706196,0.000877409215869033,0.282883173794423,0.468640340266173,0.667676763400365,1,1,75,-0.136217377587165,0.781586012152972,1,2.83775547618272,1,-16.73172,4705,0.4,0,12,"both",-0.136217377587165,0.781586012152972
"22","session1",-19.7976284218114,10.8232438044051,1.58683344706196,0.000877409215869033,0.282883173794423,0.468640340266173,0.667676763400365,1,1,75,-0.136217377587165,0.781586012152972,1,4.04593068727193,1,-26.53506,4705,0.4,0,12,"both",-0.136217377587165,0.781586012152972
"23","session1",-19.7976284218114,10.8232438044051,1.58683344706196,0.000877409215869033,0.282883173794423,0.468640340266173,0.667676763400365,1,1,75,-0.136217377587165,0.781586012152972,1,2.98914323401671,0,-29.66098,4705,0.4,0,12,"both",-0.136217377587165,0.781586012152972
"24","session1",-19.7976284218114,10.8232438044051,1.58683344706196,0.000877409215869033,0.282883173794423,0.468640340266173,0.667676763400365,1,1,75,-0.136217377587165,0.781586012152972,1,4.91083933121209,1,-10.51226,4705,0.4,0,12,"both",-0.136217377587165,0.781586012152972
"25","session1",-19.7976284218114,10.8232438044051,1.58683344706196,0.000877409215869033,0.282883173794423,0.468640340266173,0.667676763400365,1,1,75,-0.136217377587165,0.781586012152972,1,1.97418274916911,0,-17.74866,4705,0.4,0,12,"both",-0.136217377587165,0.781586012152972
"26","session1",-19.7976284218114,10.8232438044051,1.58683344706196,0.000877409215869033,0.282883173794423,0.468640340266173,0.667676763400365,1,1,75,-0.136217377587165,0.781586012152972,1,1.41669605769032,0,-32.26497,4705,0.4,0,12,"both",-0.136217377587165,0.781586012152972
"27","session1",-19.7976284218114,10.8232438044051,1.58683344706196,0.000877409215869033,0.282883173794423,0.468640340266173,0.667676763400365,1,1,75,-0.136217377587165,0.781586012152972,1,4.4452544531189,0,-16.9881,4705,0.4,0,12,"both",-0.136217377587165,0.781586012152972
"28","session1",-19.7976284218114,10.8232438044051,1.58683344706196,0.000877409215869033,0.282883173794423,0.468640340266173,0.667676763400365,1,1,75,-0.136217377587165,0.781586012152972,1,1.08996396988094,0,-40.8711,4705,0.4,0,12,"both",-0.136217377587165,0.781586012152972
"29","session1",-19.7976284218114,10.8232438044051,1.58683344706196,0.000877409215869033,0.282883173794423,0.468640340266173,0.667676763400365,1,1,75,-0.136217377587165,0.781586012152972,1,2.37624131401675,0,-28.59068,4705,0.4,0,12,"both",-0.136217377587165,0.781586012152972
"30","session1",-19.7976284218114,10.8232438044051,1.58683344706196,0.000877409215869033,0.282883173794423,0.468640340266173,0.667676763400365,1,1,75,-0.136217377587165,0.781586012152972,1,2.14342646572852,0,-34.4732,4705,0.4,0,12,"both",-0.136217377587165,0.781586012152972
"31","session1",-19.7976284218114,10.8232438044051,1.58683344706196,0.000877409215869033,0.282883173794423,0.468640340266173,0.667676763400365,1,1,75,-0.136217377587165,0.781586012152972,1,2.59088928479512,1,-19.29865,4705,0.4,0,12,"both",-0.136217377587165,0.781586012152972
"32","session1",-19.7976284218114,10.8232438044051,1.58683344706196,0.000877409215869033,0.282883173794423,0.468640340266173,0.667676763400365,1,1,75,-0.136217377587165,0.781586012152972,1,3.44308118771199,0,-18.15496,4705,0.4,0,12,"both",-0.136217377587165,0.781586012152972
"33","session1",-19.7976284218114,10.8232438044051,1.58683344706196,0.000877409215869033,0.282883173794423,0.468640340266173,0.667676763400365,1,1,75,-0.136217377587165,0.781586012152972,1,1.56194601050378,1,-10.9375,4705,0.4,0,12,"both",-0.136217377587165,0.781586012152972
"34","session1",-19.7976284218114,10.8232438044051,1.58683344706196,0.000877409215869033,0.282883173794423,0.468640340266173,0.667676763400365,1,1,75,-0.136217377587165,0.781586012152972,1,3.58697793708249,0,-34.59,4705,0.4,0,12,"both",-0.136217377587165,0.781586012152972
"35","session1",-19.7976284218114,10.8232438044051,1.58683344706196,0.000877409215869033,0.282883173794423,0.468640340266173,0.667676763400365,1,1,75,-0.136217377587165,0.781586012152972,1,2.57870647064702,1,-17.19462,4705,0.4,0,12,"both",-0.136217377587165,0.781586012152972
"36","session1",-19.7976284218114,10.8232438044051,1.58683344706196,0.000877409215869033,0.282883173794423,0.468640340266173,0.667676763400365,1,1,75,-0.136217377587165,0.781586012152972,1,2.13909354245938,1,-6.46006,4705,0.4,0,12,"both",-0.136217377587165,0.781586012152972
"37","session1",-19.7976284218114,10.8232438044051,1.58683344706196,0.000877409215869033,0.282883173794423,0.468640340266173,0.667676763400365,1,1,75,-0.136217377587165,0.781586012152972,1,3.8851646381254,0,-14.4462,4705,0.4,0,12,"both",-0.136217377587165,0.781586012152972
"38","session1",-19.7976284218114,10.8232438044051,1.58683344706196,0.000877409215869033,0.282883173794423,0.468640340266173,0.667676763400365,1,1,75,-0.136217377587165,0.781586012152972,1,2.73510247589256,0,-30.97268,4705,0.4,0,12,"both",-0.136217377587165,0.781586012152972
"39","session1",-19.7976284218114,10.8232438044051,1.58683344706196,0.000877409215869033,0.282883173794423,0.468640340266173,0.667676763400365,1,1,75,-0.136217377587165,0.781586012152972,1,1.79868248109662,1,-27.34694,4705,0.4,0,12,"both",-0.136217377587165,0.781586012152972
"40","session1",-19.7976284218114,10.8232438044051,1.58683344706196,0.000877409215869033,0.282883173794423,0.468640340266173,0.667676763400365,1,1,75,-0.136217377587165,0.781586012152972,1,3.19741540636407,1,-11.72749,4705,0.4,0,12,"both",-0.136217377587165,0.781586012152972
"41","session1",-19.7976284218114,10.8232438044051,1.58683344706196,0.000877409215869033,0.282883173794423,0.468640340266173,0.667676763400365,1,1,75,-0.136217377587165,0.781586012152972,1,2.11311989846353,0,-33.9035,4705,0.4,0,12,"both",-0.136217377587165,0.781586012152972
"42","session1",-19.7976284218114,10.8232438044051,1.58683344706196,0.000877409215869033,0.282883173794423,0.468640340266173,0.667676763400365,1,1,75,-0.136217377587165,0.781586012152972,1,1.46334370260357,1,-22.3711,4705,0.4,0,12,"both",-0.136217377587165,0.781586012152972
"43","session1",-19.7976284218114,10.8232438044051,1.58683344706196,0.000877409215869033,0.282883173794423,0.468640340266173,0.667676763400365,1,1,75,-0.136217377587165,0.781586012152972,1,3.35781493326478,1,-31.47249,4705,0.4,0,12,"both",-0.136217377587165,0.781586012152972
"44","session1",-19.7976284218114,10.8232438044051,1.58683344706196,0.000877409215869033,0.282883173794423,0.468640340266173,0.667676763400365,1,1,75,-0.136217377587165,0.781586012152972,1,3.93527090960367,0,-15.27549,4705,0.4,0,12,"both",-0.136217377587165,0.781586012152972
"45","session1",-19.7976284218114,10.8232438044051,1.58683344706196,0.000877409215869033,0.282883173794423,0.468640340266173,0.667676763400365,1,1,75,-0.136217377587165,0.781586012152972,1,2.16738157621553,0,-33.2653,4705,0.4,0,12,"both",-0.136217377587165,0.781586012152972
"46","session1",-19.7976284218114,10.8232438044051,1.58683344706196,0.000877409215869033,0.282883173794423,0.468640340266173,0.667676763400365,1,1,75,-0.136217377587165,0.781586012152972,1,4.54961106537366,0,-28.81389,4705,0.4,0,12,"both",-0.136217377587165,0.781586012152972
"47","session1",-19.7976284218114,10.8232438044051,1.58683344706196,0.000877409215869033,0.282883173794423,0.468640340266173,0.667676763400365,1,1,75,-0.136217377587165,0.781586012152972,1,1.60472358658107,0,-37.8881,4705,0.4,0,12,"both",-0.136217377587165,0.781586012152972
"48","session1",-19.7976284218114,10.8232438044051,1.58683344706196,0.000877409215869033,0.282883173794423,0.468640340266173,0.667676763400365,1,1,75,-0.136217377587165,0.781586012152972,1,3.05523780547416,0,-31.78304,4705,0.4,0,12,"both",-0.136217377587165,0.781586012152972
"49","session1",-19.7976284218114,10.8232438044051,1.58683344706196,0.000877409215869033,0.282883173794423,0.468640340266173,0.667676763400365,1,1,75,-0.136217377587165,0.781586012152972,1,2.54014632389034,1,-10.3693,4705,0.4,0,12,"both",-0.136217377587165,0.781586012152972
"50","session1",-19.7976284218114,10.8232438044051,1.58683344706196,0.000877409215869033,0.282883173794423,0.468640340266173,0.667676763400365,1,1,75,-0.136217377587165,0.781586012152972,1,2.20044802871996,1,-14.28416,4705,0.4,0,12,"both",-0.136217377587165,0.781586012152972
"51","session1",-19.7976284218114,10.8232438044051,1.58683344706196,0.000877409215869033,0.282883173794423,0.468640340266173,0.667676763400365,1,1,75,-0.136217377587165,0.781586012152972,1,2.22192117411032,1,-24.57327,4705,0.4,0,12,"both",-0.136217377587165,0.781586012152972
"52","session1",-19.7976284218114,10.8232438044051,1.58683344706196,0.000877409215869033,0.282883173794423,0.468640340266173,0.667676763400365,1,1,75,-0.136217377587165,0.781586012152972,1,2.442010069536,0,-29.48755,4705,0.4,0,12,"both",-0.136217377587165,0.781586012152972
"53","session1",-19.7976284218114,10.8232438044051,1.58683344706196,0.000877409215869033,0.282883173794423,0.468640340266173,0.667676763400365,1,1,75,-0.136217377587165,0.781586012152972,1,0.943552619601874,0,-32.14541,4705,0.4,0,12,"both",-0.136217377587165,0.781586012152972
"54","session1",-19.7976284218114,10.8232438044051,1.58683344706196,0.000877409215869033,0.282883173794423,0.468640340266173,0.667676763400365,1,1,75,-0.136217377587165,0.781586012152972,1,2.03254082706247,0,-14.12182,4705,0.4,0,12,"both",-0.136217377587165,0.781586012152972
"55","session1",-19.7976284218114,10.8232438044051,1.58683344706196,0.000877409215869033,0.282883173794423,0.468640340266173,0.667676763400365,1,1,75,-0.136217377587165,0.781586012152972,1,4.39899930754315,1,-9.511,4705,0.4,0,12,"both",-0.136217377587165,0.781586012152972
"56","session1",-19.7976284218114,10.8232438044051,1.58683344706196,0.000877409215869033,0.282883173794423,0.468640340266173,0.667676763400365,1,1,75,-0.136217377587165,0.781586012152972,1,1.73431437470497,1,-5.3303,4705,0.4,0,12,"both",-0.136217377587165,0.781586012152972
"57","session1",-19.7976284218114,10.8232438044051,1.58683344706196,0.000877409215869033,0.282883173794423,0.468640340266173,0.667676763400365,1,1,75,-0.136217377587165,0.781586012152972,1,1.64154632593903,1,-1.6167,4705,0.4,0,12,"both",-0.136217377587165,0.781586012152972
"58","session1",-19.7976284218114,10.8232438044051,1.58683344706196,0.000877409215869033,0.282883173794423,0.468640340266173,0.667676763400365,1,1,75,-0.136217377587165,0.781586012152972,1,1.742640281538,0,-10.47812,4705,0.4,0,12,"both",-0.136217377587165,0.781586012152972
"59","session1",-19.7976284218114,10.8232438044051,1.58683344706196,0.000877409215869033,0.282883173794423,0.468640340266173,0.667676763400365,1,1,75,-0.136217377587165,0.781586012152972,1,2.64315410127632,0,-32.3617,4705,0.4,0,12,"both",-0.136217377587165,0.781586012152972
"60","session1",-19.7976284218114,10.8232438044051,1.58683344706196,0.000877409215869033,0.282883173794423,0.468640340266173,0.667676763400365,1,1,75,-0.136217377587165,0.781586012152972,1,1.63393782397681,0,-31.7114,4705,0.4,0,12,"both",-0.136217377587165,0.781586012152972
"61","session1",-19.7976284218114,10.8232438044051,1.58683344706196,0.000877409215869033,0.282883173794423,0.468640340266173,0.667676763400365,1,1,75,-0.136217377587165,0.781586012152972,1,2.66937821059248,0,-32.1068,4705,0.4,0,12,"both",-0.136217377587165,0.781586012152972
"62","session1",-19.7976284218114,10.8232438044051,1.58683344706196,0.000877409215869033,0.282883173794423,0.468640340266173,0.667676763400365,1,1,75,-0.136217377587165,0.781586012152972,1,3.00900684490266,0,-10.5302,4705,0.4,0,12,"both",-0.136217377587165,0.781586012152972
"63","session1",-19.7976284218114,10.8232438044051,1.58683344706196,0.000877409215869033,0.282883173794423,0.468640340266173,0.667676763400365,1,1,75,-0.136217377587165,0.781586012152972,1,2.05341650084865,0,-24.10197,4705,0.4,0,12,"both",-0.136217377587165,0.781586012152972
"64","session1",-19.7976284218114,10.8232438044051,1.58683344706196,0.000877409215869033,0.282883173794423,0.468640340266173,0.667676763400365,1,1,75,-0.136217377587165,0.781586012152972,1,1.99913219811181,0,-11.86985,4705,0.4,0,12,"both",-0.136217377587165,0.781586012152972
"65","session1",-19.7976284218114,10.8232438044051,1.58683344706196,0.000877409215869033,0.282883173794423,0.468640340266173,0.667676763400365,1,1,75,-0.136217377587165,0.781586012152972,1,3.20738453225883,0,-27.1564,4705,0.4,0,12,"both",-0.136217377587165,0.781586012152972
"66","session1",-19.7976284218114,10.8232438044051,1.58683344706196,0.000877409215869033,0.282883173794423,0.468640340266173,0.667676763400365,1,1,75,-0.136217377587165,0.781586012152972,1,1.96983660678882,0,-32.99804,4705,0.4,0,12,"both",-0.136217377587165,0.781586012152972
"67","session1",-19.7976284218114,10.8232438044051,1.58683344706196,0.000877409215869033,0.282883173794423,0.468640340266173,0.667676763400365,1,1,75,-0.136217377587165,0.781586012152972,1,1.60955826052295,1,-10.72423,4705,0.4,0,12,"both",-0.136217377587165,0.781586012152972
"68","session1",-19.7976284218114,10.8232438044051,1.58683344706196,0.000877409215869033,0.282883173794423,0.468640340266173,0.667676763400365,1,1,75,-0.136217377587165,0.781586012152972,1,1.94434972732619,0,-31.9352,4705,0.4,0,12,"both",-0.136217377587165,0.781586012152972
"69","session1",-19.7976284218114,10.8232438044051,1.58683344706196,0.000877409215869033,0.282883173794423,0.468640340266173,0.667676763400365,1,1,75,-0.136217377587165,0.781586012152972,1,2.17096578068382,0,-29.3542,4705,0.4,0,12,"both",-0.136217377587165,0.781586012152972
"70","session1",-19.7976284218114,10.8232438044051,1.58683344706196,0.000877409215869033,0.282883173794423,0.468640340266173,0.667676763400365,1,1,75,-0.136217377587165,0.781586012152972,1,3.42058377391686,0,-8.3258,4705,0.4,0,12,"both",-0.136217377587165,0.781586012152972
"71","session1",-19.7976284218114,10.8232438044051,1.58683344706196,0.000877409215869033,0.282883173794423,0.468640340266173,0.667676763400365,1,1,75,-0.136217377587165,0.781586012152972,1,2.65173223616097,1,-4.1558,4705,0.4,0,12,"both",-0.136217377587165,0.781586012152972
"72","session1",-19.7976284218114,10.8232438044051,1.58683344706196,0.000877409215869033,0.282883173794423,0.468640340266173,0.667676763400365,1,1,75,-0.136217377587165,0.781586012152972,1,2.56260103738229,1,-4.8457,4705,0.4,0,12,"both",-0.136217377587165,0.781586012152972
"73","session1",-19.7976284218114,10.8232438044051,1.58683344706196,0.000877409215869033,0.282883173794423,0.468640340266173,0.667676763400365,1,1,75,-0.136217377587165,0.781586012152972,1,2.01437466171061,0,-25.9522,4705,0.4,0,12,"both",-0.136217377587165,0.781586012152972
"74","session1",-19.7976284218114,10.8232438044051,1.58683344706196,0.000877409215869033,0.282883173794423,0.468640340266173,0.667676763400365,1,1,75,-0.136217377587165,0.781586012152972,1,1.67750819972357,0,-27.55463,4705,0.4,0,12,"both",-0.136217377587165,0.781586012152972
"75","session1",-19.7976284218114,10.8232438044051,1.58683344706196,0.000877409215869033,0.282883173794423,0.468640340266173,0.667676763400365,1,1,75,-0.136217377587165,0.781586012152972,1,1.65975641393873,1,-3.0039,4705,0.4,0,12,"both",-0.136217377587165,0.781586012152972
"76","session1",-20.3212691478181,21.6128798530539,3.18879515516006,0.000349420312881404,0.36279496950496,0.358849740111615,0.285348620691666,2,1,75,-0.136217377587165,0.781586012152972,2,3.01619719683714,1,-10.3747650544,4705,0.4,0,12,"both",-0.136217377587165,0.781586012152972
"77","session1",-20.3212691478181,21.6128798530539,3.18879515516006,0.000349420312881404,0.36279496950496,0.358849740111615,0.285348620691666,2,1,75,-0.136217377587165,0.781586012152972,2,3.32549050319672,1,-11.6455361105,4705,0.4,0,12,"both",-0.136217377587165,0.781586012152972
"78","session1",-20.3212691478181,21.6128798530539,3.18879515516006,0.000349420312881404,0.36279496950496,0.358849740111615,0.285348620691666,2,1,75,-0.136217377587165,0.781586012152972,2,2.62588708508174,1,-16.093154788,4705,0.4,0,12,"both",-0.136217377587165,0.781586012152972
"79","session1",-20.3212691478181,21.6128798530539,3.18879515516006,0.000349420312881404,0.36279496950496,0.358849740111615,0.285348620691666,2,1,75,-0.136217377587165,0.781586012152972,2,4.15633205986458,0,-26.411728701,4705,0.4,0,12,"both",-0.136217377587165,0.781586012152972
"80","session1",-20.3212691478181,21.6128798530539,3.18879515516006,0.000349420312881404,0.36279496950496,0.358849740111615,0.285348620691666,2,1,75,-0.136217377587165,0.781586012152972,2,8,0,-24.7968,4705,0.4,0,12,"both",-0.136217377587165,0.781586012152972
"81","session1",-20.3212691478181,21.6128798530539,3.18879515516006,0.000349420312881404,0.36279496950496,0.358849740111615,0.285348620691666,2,1,75,-0.136217377587165,0.781586012152972,2,1.69880124048975,1,-5.41418,4705,0.4,0,12,"both",-0.136217377587165,0.781586012152972
"82","session1",-20.3212691478181,21.6128798530539,3.18879515516006,0.000349420312881404,0.36279496950496,0.358849740111615,0.285348620691666,2,1,75,-0.136217377587165,0.781586012152972,2,3.21687290632319,0,-26.39055,4705,0.4,0,12,"both",-0.136217377587165,0.781586012152972
"83","session1",-20.3212691478181,21.6128798530539,3.18879515516006,0.000349420312881404,0.36279496950496,0.358849740111615,0.285348620691666,2,1,75,-0.136217377587165,0.781586012152972,2,2.84488168239782,1,-8.99209,4705,0.4,0,12,"both",-0.136217377587165,0.781586012152972
"84","session1",-20.3212691478181,21.6128798530539,3.18879515516006,0.000349420312881404,0.36279496950496,0.358849740111615,0.285348620691666,2,1,75,-0.136217377587165,0.781586012152972,2,2.12001320786913,1,-6.60407,4705,0.4,0,12,"both",-0.136217377587165,0.781586012152972
"85","session1",-20.3212691478181,21.6128798530539,3.18879515516006,0.000349420312881404,0.36279496950496,0.358849740111615,0.285348620691666,2,1,75,-0.136217377587165,0.781586012152972,2,4.03153706670627,0,-24.92678,4705,0.4,0,12,"both",-0.136217377587165,0.781586012152972
"86","session1",-20.3212691478181,21.6128798530539,3.18879515516006,0.000349420312881404,0.36279496950496,0.358849740111615,0.285348620691666,2,1,75,-0.136217377587165,0.781586012152972,2,2.67916635378723,1,-22.11082,4705,0.4,0,12,"both",-0.136217377587165,0.781586012152972
"87","session1",-20.3212691478181,21.6128798530539,3.18879515516006,0.000349420312881404,0.36279496950496,0.358849740111615,0.285348620691666,2,1,75,-0.136217377587165,0.781586012152972,2,5.86029497425134,1,-26.2243,4705,0.4,0,12,"both",-0.136217377587165,0.781586012152972
"88","session1",-20.3212691478181,21.6128798530539,3.18879515516006,0.000349420312881404,0.36279496950496,0.358849740111615,0.285348620691666,2,1,75,-0.136217377587165,0.781586012152972,2,5.28608317314675,1,-17.34462,4705,0.4,0,12,"both",-0.136217377587165,0.781586012152972
"89","session1",-20.3212691478181,21.6128798530539,3.18879515516006,0.000349420312881404,0.36279496950496,0.358849740111615,0.285348620691666,2,1,75,-0.136217377587165,0.781586012152972,2,4.05305584622365,1,-16.53702,4705,0.4,0,12,"both",-0.136217377587165,0.781586012152972
"90","session1",-20.3212691478181,21.6128798530539,3.18879515516006,0.000349420312881404,0.36279496950496,0.358849740111615,0.285348620691666,2,1,75,-0.136217377587165,0.781586012152972,2,3.39201335524337,1,-15.26284,4705,0.4,0,12,"both",-0.136217377587165,0.781586012152972
"91","session1",-20.3212691478181,21.6128798530539,3.18879515516006,0.000349420312881404,0.36279496950496,0.358849740111615,0.285348620691666,2,1,75,-0.136217377587165,0.781586012152972,2,3.69053603707659,1,-30.00632,4705,0.4,0,12,"both",-0.136217377587165,0.781586012152972
"92","session1",-20.3212691478181,21.6128798530539,3.18879515516006,0.000349420312881404,0.36279496950496,0.358849740111615,0.285348620691666,2,1,75,-0.136217377587165,0.781586012152972,2,4.91774586166157,1,-25.78933,4705,0.4,0,12,"both",-0.136217377587165,0.781586012152972
"93","session1",-20.3212691478181,21.6128798530539,3.18879515516006,0.000349420312881404,0.36279496950496,0.358849740111615,0.285348620691666,2,1,75,-0.136217377587165,0.781586012152972,2,4.0673384284152,0,-26.55384,4705,0.4,0,12,"both",-0.136217377587165,0.781586012152972
"94","session1",-20.3212691478181,21.6128798530539,3.18879515516006,0.000349420312881404,0.36279496950496,0.358849740111615,0.285348620691666,2,1,75,-0.136217377587165,0.781586012152972,2,3.73492678162495,1,-25.68317,4705,0.4,0,12,"both",-0.136217377587165,0.781586012152972
"95","session1",-20.3212691478181,21.6128798530539,3.18879515516006,0.000349420312881404,0.36279496950496,0.358849740111615,0.285348620691666,2,1,75,-0.136217377587165,0.781586012152972,2,3.84277598308481,1,-33.1404,4705,0.4,0,12,"both",-0.136217377587165,0.781586012152972
"96","session1",-20.3212691478181,21.6128798530539,3.18879515516006,0.000349420312881404,0.36279496950496,0.358849740111615,0.285348620691666,2,1,75,-0.136217377587165,0.781586012152972,2,1.66824177025879,0,-28.5961499,4705,0.4,0,12,"both",-0.136217377587165,0.781586012152972
"97","session1",-20.3212691478181,21.6128798530539,3.18879515516006,0.000349420312881404,0.36279496950496,0.358849740111615,0.285348620691666,2,1,75,-0.136217377587165,0.781586012152972,2,4.76726586950534,0,-37.0786,4705,0.4,0,12,"both",-0.136217377587165,0.781586012152972
"98","session1",-20.3212691478181,21.6128798530539,3.18879515516006,0.000349420312881404,0.36279496950496,0.358849740111615,0.285348620691666,2,1,75,-0.136217377587165,0.781586012152972,2,2.96048750630244,0,-41.26615,4705,0.4,0,12,"both",-0.136217377587165,0.781586012152972
"99","session1",-20.3212691478181,21.6128798530539,3.18879515516006,0.000349420312881404,0.36279496950496,0.358849740111615,0.285348620691666,2,1,75,-0.136217377587165,0.781586012152972,2,2.77984632474032,0,-30.7384,4705,0.4,0,12,"both",-0.136217377587165,0.781586012152972
"100","session1",-20.3212691478181,21.6128798530539,3.18879515516006,0.000349420312881404,0.36279496950496,0.358849740111615,0.285348620691666,2,1,75,-0.136217377587165,0.781586012152972,2,2.52485481124097,1,-20.86997,4705,0.4,0,12,"both",-0.136217377587165,0.781586012152972
"101","session1",-20.3212691478181,21.6128798530539,3.18879515516006,0.000349420312881404,0.36279496950496,0.358849740111615,0.285348620691666,2,1,75,-0.136217377587165,0.781586012152972,2,3.53629204027131,0,-44.1632,4705,0.4,0,12,"both",-0.136217377587165,0.781586012152972
"102","session1",-20.3212691478181,21.6128798530539,3.18879515516006,0.000349420312881404,0.36279496950496,0.358849740111615,0.285348620691666,2,1,75,-0.136217377587165,0.781586012152972,2,4.71960864908066,1,-23.10911,4705,0.4,0,12,"both",-0.136217377587165,0.781586012152972
"103","session1",-20.3212691478181,21.6128798530539,3.18879515516006,0.000349420312881404,0.36279496950496,0.358849740111615,0.285348620691666,2,1,75,-0.136217377587165,0.781586012152972,2,2.34360904028658,0,-13.3779,4705,0.4,0,12,"both",-0.136217377587165,0.781586012152972
"104","session1",-20.3212691478181,21.6128798530539,3.18879515516006,0.000349420312881404,0.36279496950496,0.358849740111615,0.285348620691666,2,1,75,-0.136217377587165,0.781586012152972,2,2.86782060626541,1,-25.8148735,4705,0.4,0,12,"both",-0.136217377587165,0.781586012152972
"105","session1",-20.3212691478181,21.6128798530539,3.18879515516006,0.000349420312881404,0.36279496950496,0.358849740111615,0.285348620691666,2,1,75,-0.136217377587165,0.781586012152972,2,7.73749096257477,0,-26.64353,4705,0.4,0,12,"both",-0.136217377587165,0.781586012152972
"106","session1",-20.3212691478181,21.6128798530539,3.18879515516006,0.000349420312881404,0.36279496950496,0.358849740111615,0.285348620691666,2,1,75,-0.136217377587165,0.781586012152972,2,2.67242479424823,0,-34.41224,4705,0.4,0,12,"both",-0.136217377587165,0.781586012152972
"107","session1",-20.3212691478181,21.6128798530539,3.18879515516006,0.000349420312881404,0.36279496950496,0.358849740111615,0.285348620691666,2,1,75,-0.136217377587165,0.781586012152972,2,3.42802335913905,0,-31.59499,4705,0.4,0,12,"both",-0.136217377587165,0.781586012152972
"108","session1",-20.3212691478181,21.6128798530539,3.18879515516006,0.000349420312881404,0.36279496950496,0.358849740111615,0.285348620691666,2,1,75,-0.136217377587165,0.781586012152972,2,2.26339756948248,1,-15.6418,4705,0.4,0,12,"both",-0.136217377587165,0.781586012152972
"109","session1",-20.3212691478181,21.6128798530539,3.18879515516006,0.000349420312881404,0.36279496950496,0.358849740111615,0.285348620691666,2,1,75,-0.136217377587165,0.781586012152972,2,2.63139051573876,0,-41.1972,4705,0.4,0,12,"both",-0.136217377587165,0.781586012152972
"110","session1",-20.3212691478181,21.6128798530539,3.18879515516006,0.000349420312881404,0.36279496950496,0.358849740111615,0.285348620691666,2,1,75,-0.136217377587165,0.781586012152972,2,3.56667529416074,0,-26.96734,4705,0.4,0,12,"both",-0.136217377587165,0.781586012152972
"111","session1",-20.3212691478181,21.6128798530539,3.18879515516006,0.000349420312881404,0.36279496950496,0.358849740111615,0.285348620691666,2,1,75,-0.136217377587165,0.781586012152972,2,3.0647366158096,0,-22.89627,4705,0.4,0,12,"both",-0.136217377587165,0.781586012152972
"112","session1",-20.3212691478181,21.6128798530539,3.18879515516006,0.000349420312881404,0.36279496950496,0.358849740111615,0.285348620691666,2,1,75,-0.136217377587165,0.781586012152972,2,3.27636091529248,0,-39.2001,4705,0.4,0,12,"both",-0.136217377587165,0.781586012152972
"113","session1",-20.3212691478181,21.6128798530539,3.18879515516006,0.000349420312881404,0.36279496950496,0.358849740111615,0.285348620691666,2,1,75,-0.136217377587165,0.781586012152972,2,3.48449640074076,1,-24.09735,4705,0.4,0,12,"both",-0.136217377587165,0.781586012152972
"114","session1",-20.3212691478181,21.6128798530539,3.18879515516006,0.000349420312881404,0.36279496950496,0.358849740111615,0.285348620691666,2,1,75,-0.136217377587165,0.781586012152972,2,5.47966067944299,0,-18.54621,4705,0.4,0,12,"both",-0.136217377587165,0.781586012152972
"115","session1",-20.3212691478181,21.6128798530539,3.18879515516006,0.000349420312881404,0.36279496950496,0.358849740111615,0.285348620691666,2,1,75,-0.136217377587165,0.781586012152972,2,4.09114801421297,1,-19.37589,4705,0.4,0,12,"both",-0.136217377587165,0.781586012152972
"116","session1",-20.3212691478181,21.6128798530539,3.18879515516006,0.000349420312881404,0.36279496950496,0.358849740111615,0.285348620691666,2,1,75,-0.136217377587165,0.781586012152972,2,1.74880765956099,0,-31.179,4705,0.4,0,12,"both",-0.136217377587165,0.781586012152972
"117","session1",-20.3212691478181,21.6128798530539,3.18879515516006,0.000349420312881404,0.36279496950496,0.358849740111615,0.285348620691666,2,1,75,-0.136217377587165,0.781586012152972,2,3.38626811850332,1,-22.55355,4705,0.4,0,12,"both",-0.136217377587165,0.781586012152972
"118","session1",-20.3212691478181,21.6128798530539,3.18879515516006,0.000349420312881404,0.36279496950496,0.358849740111615,0.285348620691666,2,1,75,-0.136217377587165,0.781586012152972,2,2.1713475485601,1,-11.8384,4705,0.4,0,12,"both",-0.136217377587165,0.781586012152972
"119","session1",-20.3212691478181,21.6128798530539,3.18879515516006,0.000349420312881404,0.36279496950496,0.358849740111615,0.285348620691666,2,1,75,-0.136217377587165,0.781586012152972,2,2.99160640353277,0,-32.71808,4705,0.4,0,12,"both",-0.136217377587165,0.781586012152972
"120","session1",-20.3212691478181,21.6128798530539,3.18879515516006,0.000349420312881404,0.36279496950496,0.358849740111615,0.285348620691666,2,1,75,-0.136217377587165,0.781586012152972,2,4.74627471637563,0,-37.5349,4705,0.4,0,12,"both",-0.136217377587165,0.781586012152972
"121","session1",-20.3212691478181,21.6128798530539,3.18879515516006,0.000349420312881404,0.36279496950496,0.358849740111615,0.285348620691666,2,1,75,-0.136217377587165,0.781586012152972,2,3.16749922641063,0,-35.1649,4705,0.4,0,12,"both",-0.136217377587165,0.781586012152972
"122","session1",-20.3212691478181,21.6128798530539,3.18879515516006,0.000349420312881404,0.36279496950496,0.358849740111615,0.285348620691666,2,1,75,-0.136217377587165,0.781586012152972,2,2.64702739846822,0,-30.17467,4705,0.4,0,12,"both",-0.136217377587165,0.781586012152972
"123","session1",-20.3212691478181,21.6128798530539,3.18879515516006,0.000349420312881404,0.36279496950496,0.358849740111615,0.285348620691666,2,1,75,-0.136217377587165,0.781586012152972,2,5.685062472165,0,-15.53682,4705,0.4,0,12,"both",-0.136217377587165,0.781586012152972
"124","session1",-20.3212691478181,21.6128798530539,3.18879515516006,0.000349420312881404,0.36279496950496,0.358849740111615,0.285348620691666,2,1,75,-0.136217377587165,0.781586012152972,2,2.44103741311097,1,-30.05581,4705,0.4,0,12,"both",-0.136217377587165,0.781586012152972
"125","session1",-20.3212691478181,21.6128798530539,3.18879515516006,0.000349420312881404,0.36279496950496,0.358849740111615,0.285348620691666,2,1,75,-0.136217377587165,0.781586012152972,2,5.23769661741444,1,-20.02011,4705,0.4,0,12,"both",-0.136217377587165,0.781586012152972
"126","session1",-20.3212691478181,21.6128798530539,3.18879515516006,0.000349420312881404,0.36279496950496,0.358849740111615,0.285348620691666,2,1,75,-0.136217377587165,0.781586012152972,2,3.11974271197659,0,-19.34563,4705,0.4,0,12,"both",-0.136217377587165,0.781586012152972
"127","session1",-20.3212691478181,21.6128798530539,3.18879515516006,0.000349420312881404,0.36279496950496,0.358849740111615,0.285348620691666,2,1,75,-0.136217377587165,0.781586012152972,2,3.46553519543791,0,-31.47239,4705,0.4,0,12,"both",-0.136217377587165,0.781586012152972
"128","session1",-20.3212691478181,21.6128798530539,3.18879515516006,0.000349420312881404,0.36279496950496,0.358849740111615,0.285348620691666,2,1,75,-0.136217377587165,0.781586012152972,2,1.91417265970975,0,-31.20927,4705,0.4,0,12,"both",-0.136217377587165,0.781586012152972
"129","session1",-20.3212691478181,21.6128798530539,3.18879515516006,0.000349420312881404,0.36279496950496,0.358849740111615,0.285348620691666,2,1,75,-0.136217377587165,0.781586012152972,2,1.64387474299855,1,-36.3955,4705,0.4,0,12,"both",-0.136217377587165,0.781586012152972
"130","session1",-20.3212691478181,21.6128798530539,3.18879515516006,0.000349420312881404,0.36279496950496,0.358849740111615,0.285348620691666,2,1,75,-0.136217377587165,0.781586012152972,2,2.16190847009013,1,-10.0926,4705,0.4,0,12,"both",-0.136217377587165,0.781586012152972
"131","session1",-20.3212691478181,21.6128798530539,3.18879515516006,0.000349420312881404,0.36279496950496,0.358849740111615,0.285348620691666,2,1,75,-0.136217377587165,0.781586012152972,2,2.83955256079048,1,-14.46904,4705,0.4,0,12,"both",-0.136217377587165,0.781586012152972
"132","session1",-20.3212691478181,21.6128798530539,3.18879515516006,0.000349420312881404,0.36279496950496,0.358849740111615,0.285348620691666,2,1,75,-0.136217377587165,0.781586012152972,2,2.5865899979258,1,-18.40092,4705,0.4,0,12,"both",-0.136217377587165,0.781586012152972
"133","session1",-20.3212691478181,21.6128798530539,3.18879515516006,0.000349420312881404,0.36279496950496,0.358849740111615,0.285348620691666,2,1,75,-0.136217377587165,0.781586012152972,2,2.36453303427537,1,-20.52732,4705,0.4,0,12,"both",-0.136217377587165,0.781586012152972
"134","session1",-20.3212691478181,21.6128798530539,3.18879515516006,0.000349420312881404,0.36279496950496,0.358849740111615,0.285348620691666,2,1,75,-0.136217377587165,0.781586012152972,2,6.20708936404161,1,-19.26455,4705,0.4,0,12,"both",-0.136217377587165,0.781586012152972
"135","session1",-20.3212691478181,21.6128798530539,3.18879515516006,0.000349420312881404,0.36279496950496,0.358849740111615,0.285348620691666,2,1,75,-0.136217377587165,0.781586012152972,2,2.84897106148324,0,-29.81061,4705,0.4,0,12,"both",-0.136217377587165,0.781586012152972
"136","session1",-20.3212691478181,21.6128798530539,3.18879515516006,0.000349420312881404,0.36279496950496,0.358849740111615,0.285348620691666,2,1,75,-0.136217377587165,0.781586012152972,2,1.72379597678459,0,-28.91783,4705,0.4,0,12,"both",-0.136217377587165,0.781586012152972
"137","session1",-20.3212691478181,21.6128798530539,3.18879515516006,0.000349420312881404,0.36279496950496,0.358849740111615,0.285348620691666,2,1,75,-0.136217377587165,0.781586012152972,2,2.09927683235564,0,-31.20517,4705,0.4,0,12,"both",-0.136217377587165,0.781586012152972
"138","session1",-20.3212691478181,21.6128798530539,3.18879515516006,0.000349420312881404,0.36279496950496,0.358849740111615,0.285348620691666,2,1,75,-0.136217377587165,0.781586012152972,2,3.5893452971385,1,-22.65874,4705,0.4,0,12,"both",-0.136217377587165,0.781586012152972
"139","session1",-20.3212691478181,21.6128798530539,3.18879515516006,0.000349420312881404,0.36279496950496,0.358849740111615,0.285348620691666,2,1,75,-0.136217377587165,0.781586012152972,2,1.95192032943518,0,-37.18853,4705,0.4,0,12,"both",-0.136217377587165,0.781586012152972
"140","session1",-20.3212691478181,21.6128798530539,3.18879515516006,0.000349420312881404,0.36279496950496,0.358849740111615,0.285348620691666,2,1,75,-0.136217377587165,0.781586012152972,2,2.90431094215067,0,-28.5775,4705,0.4,0,12,"both",-0.136217377587165,0.781586012152972
"141","session1",-20.3212691478181,21.6128798530539,3.18879515516006,0.000349420312881404,0.36279496950496,0.358849740111615,0.285348620691666,2,1,75,-0.136217377587165,0.781586012152972,2,3.12966437586915,1,-31.34319,4705,0.4,0,12,"both",-0.136217377587165,0.781586012152972
"142","session1",-20.3212691478181,21.6128798530539,3.18879515516006,0.000349420312881404,0.36279496950496,0.358849740111615,0.285348620691666,2,1,75,-0.136217377587165,0.781586012152972,2,4.70226053949208,0,-22.2671,4705,0.4,0,12,"both",-0.136217377587165,0.781586012152972
"143","session1",-20.3212691478181,21.6128798530539,3.18879515516006,0.000349420312881404,0.36279496950496,0.358849740111615,0.285348620691666,2,1,75,-0.136217377587165,0.781586012152972,2,4.35412693614272,1,-18.03347,4705,0.4,0,12,"both",-0.136217377587165,0.781586012152972
"144","session1",-20.3212691478181,21.6128798530539,3.18879515516006,0.000349420312881404,0.36279496950496,0.358849740111615,0.285348620691666,2,1,75,-0.136217377587165,0.781586012152972,2,4.67110288367279,0,-13.82727,4705,0.4,0,12,"both",-0.136217377587165,0.781586012152972
"145","session1",-20.3212691478181,21.6128798530539,3.18879515516006,0.000349420312881404,0.36279496950496,0.358849740111615,0.285348620691666,2,1,75,-0.136217377587165,0.781586012152972,2,2.84473114716892,0,-13.8358,4705,0.4,0,12,"both",-0.136217377587165,0.781586012152972
"146","session1",-20.3212691478181,21.6128798530539,3.18879515516006,0.000349420312881404,0.36279496950496,0.358849740111615,0.285348620691666,2,1,75,-0.136217377587165,0.781586012152972,2,3.29818882366465,0,-28.85976,4705,0.4,0,12,"both",-0.136217377587165,0.781586012152972
"147","session1",-20.3212691478181,21.6128798530539,3.18879515516006,0.000349420312881404,0.36279496950496,0.358849740111615,0.285348620691666,2,1,75,-0.136217377587165,0.781586012152972,2,3.68855512241078,1,-30.51169,4705,0.4,0,12,"both",-0.136217377587165,0.781586012152972
"148","session1",-20.3212691478181,21.6128798530539,3.18879515516006,0.000349420312881404,0.36279496950496,0.358849740111615,0.285348620691666,2,1,75,-0.136217377587165,0.781586012152972,2,1.456427031642,1,2.708,4705,0.4,0,12,"both",-0.136217377587165,0.781586012152972
"149","session1",-20.3212691478181,21.6128798530539,3.18879515516006,0.000349420312881404,0.36279496950496,0.358849740111615,0.285348620691666,2,1,75,-0.136217377587165,0.781586012152972,2,2.54044035798704,1,-12.74,4705,0.4,0,12,"both",-0.136217377587165,0.781586012152972
"150","session1",-20.3212691478181,21.6128798530539,3.18879515516006,0.000349420312881404,0.36279496950496,0.358849740111615,0.285348620691666,2,1,75,-0.136217377587165,0.781586012152972,2,2.4074559987181,0,-46.0106,4705,0.4,0,12,"both",-0.136217377587165,0.781586012152972
"151","session1",-27.9851262947688,18.5768603796619,3.61166478157505,1.64855753851449e-05,0.640673124636758,0.279752397526185,0.160074280954882,3,1,75,-0.136217377587165,0.781586012152972,3,3.65749677455997,1,-9.0765008722,4705,0.4,0,12,"both",-0.136217377587165,0.781586012152972
"152","session1",-27.9851262947688,18.5768603796619,3.61166478157505,1.64855753851449e-05,0.640673124636758,0.279752397526185,0.160074280954882,3,1,75,-0.136217377587165,0.781586012152972,3,2.16025725522804,1,-11.81836398743,4705,0.4,0,12,"both",-0.136217377587165,0.781586012152972
"153","session1",-27.9851262947688,18.5768603796619,3.61166478157505,1.64855753851449e-05,0.640673124636758,0.279752397526185,0.160074280954882,3,1,75,-0.136217377587165,0.781586012152972,3,3.25584184366857,1,-18.6850355511,4705,0.4,0,12,"both",-0.136217377587165,0.781586012152972
"154","session1",-27.9851262947688,18.5768603796619,3.61166478157505,1.64855753851449e-05,0.640673124636758,0.279752397526185,0.160074280954882,3,1,75,-0.136217377587165,0.781586012152972,3,3.97965300123286,1,-26.24351709,4705,0.4,0,12,"both",-0.136217377587165,0.781586012152972
"155","session1",-27.9851262947688,18.5768603796619,3.61166478157505,1.64855753851449e-05,0.640673124636758,0.279752397526185,0.160074280954882,3,1,75,-0.136217377587165,0.781586012152972,3,2.32566846276294,1,1.5468,4705,0.4,0,12,"both",-0.136217377587165,0.781586012152972
"156","session1",-27.9851262947688,18.5768603796619,3.61166478157505,1.64855753851449e-05,0.640673124636758,0.279752397526185,0.160074280954882,3,1,75,-0.136217377587165,0.781586012152972,3,5.38282443101142,0,-33.22635199,4705,0.4,0,12,"both",-0.136217377587165,0.781586012152972
"157","session1",-27.9851262947688,18.5768603796619,3.61166478157505,1.64855753851449e-05,0.640673124636758,0.279752397526185,0.160074280954882,3,1,75,-0.136217377587165,0.781586012152972,3,6.64926468727931,1,-27.556671,4705,0.4,0,12,"both",-0.136217377587165,0.781586012152972
"158","session1",-27.9851262947688,18.5768603796619,3.61166478157505,1.64855753851449e-05,0.640673124636758,0.279752397526185,0.160074280954882,3,1,75,-0.136217377587165,0.781586012152972,3,3.65626522553257,0,-35.51058,4705,0.4,0,12,"both",-0.136217377587165,0.781586012152972
"159","session1",-27.9851262947688,18.5768603796619,3.61166478157505,1.64855753851449e-05,0.640673124636758,0.279752397526185,0.160074280954882,3,1,75,-0.136217377587165,0.781586012152972,3,4.911482596371,0,-29.951154,4705,0.4,0,12,"both",-0.136217377587165,0.781586012152972
"160","session1",-27.9851262947688,18.5768603796619,3.61166478157505,1.64855753851449e-05,0.640673124636758,0.279752397526185,0.160074280954882,3,1,75,-0.136217377587165,0.781586012152972,3,7.49196011825124,1,-27.62382,4705,0.4,0,12,"both",-0.136217377587165,0.781586012152972
"161","session1",-27.9851262947688,18.5768603796619,3.61166478157505,1.64855753851449e-05,0.640673124636758,0.279752397526185,0.160074280954882,3,1,75,-0.136217377587165,0.781586012152972,3,4.50712445818436,1,-19.45488,4705,0.4,0,12,"both",-0.136217377587165,0.781586012152972
"162","session1",-27.9851262947688,18.5768603796619,3.61166478157505,1.64855753851449e-05,0.640673124636758,0.279752397526185,0.160074280954882,3,1,75,-0.136217377587165,0.781586012152972,3,3.15307109553294,1,-31.84552,4705,0.4,0,12,"both",-0.136217377587165,0.781586012152972
"163","session1",-27.9851262947688,18.5768603796619,3.61166478157505,1.64855753851449e-05,0.640673124636758,0.279752397526185,0.160074280954882,3,1,75,-0.136217377587165,0.781586012152972,3,2.17838800943554,0,-39.3349,4705,0.4,0,12,"both",-0.136217377587165,0.781586012152972
"164","session1",-27.9851262947688,18.5768603796619,3.61166478157505,1.64855753851449e-05,0.640673124636758,0.279752397526185,0.160074280954882,3,1,75,-0.136217377587165,0.781586012152972,3,3.98937443166806,0,-34.37662,4705,0.4,0,12,"both",-0.136217377587165,0.781586012152972
"165","session1",-27.9851262947688,18.5768603796619,3.61166478157505,1.64855753851449e-05,0.640673124636758,0.279752397526185,0.160074280954882,3,1,75,-0.136217377587165,0.781586012152972,3,4.9004806992033,0,-33.10736,4705,0.4,0,12,"both",-0.136217377587165,0.781586012152972
"166","session1",-27.9851262947688,18.5768603796619,3.61166478157505,1.64855753851449e-05,0.640673124636758,0.279752397526185,0.160074280954882,3,1,75,-0.136217377587165,0.781586012152972,3,8,1,-30.68503,4705,0.4,0,12,"both",-0.136217377587165,0.781586012152972
"167","session1",-27.9851262947688,18.5768603796619,3.61166478157505,1.64855753851449e-05,0.640673124636758,0.279752397526185,0.160074280954882,3,1,75,-0.136217377587165,0.781586012152972,3,5.62449762843114,0,-28.96774,4705,0.4,0,12,"both",-0.136217377587165,0.781586012152972
"168","session1",-27.9851262947688,18.5768603796619,3.61166478157505,1.64855753851449e-05,0.640673124636758,0.279752397526185,0.160074280954882,3,1,75,-0.136217377587165,0.781586012152972,3,2.11567889023785,1,-34.48094,4705,0.4,0,12,"both",-0.136217377587165,0.781586012152972
"169","session1",-27.9851262947688,18.5768603796619,3.61166478157505,1.64855753851449e-05,0.640673124636758,0.279752397526185,0.160074280954882,3,1,75,-0.136217377587165,0.781586012152972,3,3.45615934822514,0,-34.95242,4705,0.4,0,12,"both",-0.136217377587165,0.781586012152972
"170","session1",-27.9851262947688,18.5768603796619,3.61166478157505,1.64855753851449e-05,0.640673124636758,0.279752397526185,0.160074280954882,3,1,75,-0.136217377587165,0.781586012152972,3,5.07705408342312,0,-28.11032,4705,0.4,0,12,"both",-0.136217377587165,0.781586012152972
"171","session1",-27.9851262947688,18.5768603796619,3.61166478157505,1.64855753851449e-05,0.640673124636758,0.279752397526185,0.160074280954882,3,1,75,-0.136217377587165,0.781586012152972,3,4.79802471159885,0,-18.30195,4705,0.4,0,12,"both",-0.136217377587165,0.781586012152972
"172","session1",-27.9851262947688,18.5768603796619,3.61166478157505,1.64855753851449e-05,0.640673124636758,0.279752397526185,0.160074280954882,3,1,75,-0.136217377587165,0.781586012152972,3,3.23015443234979,0,-24.55026,4705,0.4,0,12,"both",-0.136217377587165,0.781586012152972
"173","session1",-27.9851262947688,18.5768603796619,3.61166478157505,1.64855753851449e-05,0.640673124636758,0.279752397526185,0.160074280954882,3,1,75,-0.136217377587165,0.781586012152972,3,2.56077305434741,0,-42.2941,4705,0.4,0,12,"both",-0.136217377587165,0.781586012152972
"174","session1",-27.9851262947688,18.5768603796619,3.61166478157505,1.64855753851449e-05,0.640673124636758,0.279752397526185,0.160074280954882,3,1,75,-0.136217377587165,0.781586012152972,3,4.08050315468597,1,-24.23436,4705,0.4,0,12,"both",-0.136217377587165,0.781586012152972
"175","session1",-27.9851262947688,18.5768603796619,3.61166478157505,1.64855753851449e-05,0.640673124636758,0.279752397526185,0.160074280954882,3,1,75,-0.136217377587165,0.781586012152972,3,3.01480106214217,0,-46.2929,4705,0.4,0,12,"both",-0.136217377587165,0.781586012152972
"176","session1",-27.9851262947688,18.5768603796619,3.61166478157505,1.64855753851449e-05,0.640673124636758,0.279752397526185,0.160074280954882,3,1,75,-0.136217377587165,0.781586012152972,3,5.02296616745524,1,-28.42849,4705,0.4,0,12,"both",-0.136217377587165,0.781586012152972
"177","session1",-27.9851262947688,18.5768603796619,3.61166478157505,1.64855753851449e-05,0.640673124636758,0.279752397526185,0.160074280954882,3,1,75,-0.136217377587165,0.781586012152972,3,6.69084098707273,1,-23.52552,4705,0.4,0,12,"both",-0.136217377587165,0.781586012152972
"178","session1",-27.9851262947688,18.5768603796619,3.61166478157505,1.64855753851449e-05,0.640673124636758,0.279752397526185,0.160074280954882,3,1,75,-0.136217377587165,0.781586012152972,3,2.82004038063806,1,-9.9922,4705,0.4,0,12,"both",-0.136217377587165,0.781586012152972
"179","session1",-27.9851262947688,18.5768603796619,3.61166478157505,1.64855753851449e-05,0.640673124636758,0.279752397526185,0.160074280954882,3,1,75,-0.136217377587165,0.781586012152972,3,3.63671825404839,1,-18.88867,4705,0.4,0,12,"both",-0.136217377587165,0.781586012152972
"180","session1",-27.9851262947688,18.5768603796619,3.61166478157505,1.64855753851449e-05,0.640673124636758,0.279752397526185,0.160074280954882,3,1,75,-0.136217377587165,0.781586012152972,3,5.74250168809097,0,-29.55247,4705,0.4,0,12,"both",-0.136217377587165,0.781586012152972
"181","session1",-27.9851262947688,18.5768603796619,3.61166478157505,1.64855753851449e-05,0.640673124636758,0.279752397526185,0.160074280954882,3,1,75,-0.136217377587165,0.781586012152972,3,3.43051703894239,1,-7.8137,4705,0.4,0,12,"both",-0.136217377587165,0.781586012152972
"182","session1",-27.9851262947688,18.5768603796619,3.61166478157505,1.64855753851449e-05,0.640673124636758,0.279752397526185,0.160074280954882,3,1,75,-0.136217377587165,0.781586012152972,3,6.23104408884059,0,-32.91291,4705,0.4,0,12,"both",-0.136217377587165,0.781586012152972
"183","session1",-27.9851262947688,18.5768603796619,3.61166478157505,1.64855753851449e-05,0.640673124636758,0.279752397526185,0.160074280954882,3,1,75,-0.136217377587165,0.781586012152972,3,5.05582628189609,0,-33.23388,4705,0.4,0,12,"both",-0.136217377587165,0.781586012152972
"184","session1",-27.9851262947688,18.5768603796619,3.61166478157505,1.64855753851449e-05,0.640673124636758,0.279752397526185,0.160074280954882,3,1,75,-0.136217377587165,0.781586012152972,3,5.25754002919816,0,-38.43253,4705,0.4,0,12,"both",-0.136217377587165,0.781586012152972
"185","session1",-27.9851262947688,18.5768603796619,3.61166478157505,1.64855753851449e-05,0.640673124636758,0.279752397526185,0.160074280954882,3,1,75,-0.136217377587165,0.781586012152972,3,3.23239744753765,0,-13.7771,4705,0.4,0,12,"both",-0.136217377587165,0.781586012152972
"186","session1",-27.9851262947688,18.5768603796619,3.61166478157505,1.64855753851449e-05,0.640673124636758,0.279752397526185,0.160074280954882,3,1,75,-0.136217377587165,0.781586012152972,3,4.39801241513916,1,-19.14869,4705,0.4,0,12,"both",-0.136217377587165,0.781586012152972
"187","session1",-27.9851262947688,18.5768603796619,3.61166478157505,1.64855753851449e-05,0.640673124636758,0.279752397526185,0.160074280954882,3,1,75,-0.136217377587165,0.781586012152972,3,4.76087961247026,1,-23.13694,4705,0.4,0,12,"both",-0.136217377587165,0.781586012152972
"188","session1",-27.9851262947688,18.5768603796619,3.61166478157505,1.64855753851449e-05,0.640673124636758,0.279752397526185,0.160074280954882,3,1,75,-0.136217377587165,0.781586012152972,3,3.31121786713411,1,-17.42856,4705,0.4,0,12,"both",-0.136217377587165,0.781586012152972
"189","session1",-27.9851262947688,18.5768603796619,3.61166478157505,1.64855753851449e-05,0.640673124636758,0.279752397526185,0.160074280954882,3,1,75,-0.136217377587165,0.781586012152972,3,4.97645366431829,0,-27.17523,4705,0.4,0,12,"both",-0.136217377587165,0.781586012152972
"190","session1",-27.9851262947688,18.5768603796619,3.61166478157505,1.64855753851449e-05,0.640673124636758,0.279752397526185,0.160074280954882,3,1,75,-0.136217377587165,0.781586012152972,3,4.41467355768907,0,-12.8044,4705,0.4,0,12,"both",-0.136217377587165,0.781586012152972
"191","session1",-27.9851262947688,18.5768603796619,3.61166478157505,1.64855753851449e-05,0.640673124636758,0.279752397526185,0.160074280954882,3,1,75,-0.136217377587165,0.781586012152972,3,4.81029003886647,0,-36.894,4705,0.4,0,12,"both",-0.136217377587165,0.781586012152972
"192","session1",-27.9851262947688,18.5768603796619,3.61166478157505,1.64855753851449e-05,0.640673124636758,0.279752397526185,0.160074280954882,3,1,75,-0.136217377587165,0.781586012152972,3,4.17339922039192,1,-14.375,4705,0.4,0,12,"both",-0.136217377587165,0.781586012152972
"193","session1",-27.9851262947688,18.5768603796619,3.61166478157505,1.64855753851449e-05,0.640673124636758,0.279752397526185,0.160074280954882,3,1,75,-0.136217377587165,0.781586012152972,3,4.01259772204651,0,-34.45606,4705,0.4,0,12,"both",-0.136217377587165,0.781586012152972
"194","session1",-27.9851262947688,18.5768603796619,3.61166478157505,1.64855753851449e-05,0.640673124636758,0.279752397526185,0.160074280954882,3,1,75,-0.136217377587165,0.781586012152972,3,4.4307427696791,1,-33.05354,4705,0.4,0,12,"both",-0.136217377587165,0.781586012152972
"195","session1",-27.9851262947688,18.5768603796619,3.61166478157505,1.64855753851449e-05,0.640673124636758,0.279752397526185,0.160074280954882,3,1,75,-0.136217377587165,0.781586012152972,3,6.61298908798713,1,-23.1236,4705,0.4,0,12,"both",-0.136217377587165,0.781586012152972
"196","session1",-27.9851262947688,18.5768603796619,3.61166478157505,1.64855753851449e-05,0.640673124636758,0.279752397526185,0.160074280954882,3,1,75,-0.136217377587165,0.781586012152972,3,4.88344259445511,0,-32.78216,4705,0.4,0,12,"both",-0.136217377587165,0.781586012152972
"197","session1",-27.9851262947688,18.5768603796619,3.61166478157505,1.64855753851449e-05,0.640673124636758,0.279752397526185,0.160074280954882,3,1,75,-0.136217377587165,0.781586012152972,3,3.26191941762161,0,-37.1095,4705,0.4,0,12,"both",-0.136217377587165,0.781586012152972
"198","session1",-27.9851262947688,18.5768603796619,3.61166478157505,1.64855753851449e-05,0.640673124636758,0.279752397526185,0.160074280954882,3,1,75,-0.136217377587165,0.781586012152972,3,5.16830335969709,0,-42.45,4705,0.4,0,12,"both",-0.136217377587165,0.781586012152972
"199","session1",-27.9851262947688,18.5768603796619,3.61166478157505,1.64855753851449e-05,0.640673124636758,0.279752397526185,0.160074280954882,3,1,75,-0.136217377587165,0.781586012152972,3,4.80499368790385,1,-32.36303,4705,0.4,0,12,"both",-0.136217377587165,0.781586012152972
"200","session1",-27.9851262947688,18.5768603796619,3.61166478157505,1.64855753851449e-05,0.640673124636758,0.279752397526185,0.160074280954882,3,1,75,-0.136217377587165,0.781586012152972,3,5.09844156924764,0,-30.02173,4705,0.4,0,12,"both",-0.136217377587165,0.781586012152972
"201","session1",-27.9851262947688,18.5768603796619,3.61166478157505,1.64855753851449e-05,0.640673124636758,0.279752397526185,0.160074280954882,3,1,75,-0.136217377587165,0.781586012152972,3,5.1733701365093,1,-16.5344,4705,0.4,0,12,"both",-0.136217377587165,0.781586012152972
"202","session1",-27.9851262947688,18.5768603796619,3.61166478157505,1.64855753851449e-05,0.640673124636758,0.279752397526185,0.160074280954882,3,1,75,-0.136217377587165,0.781586012152972,3,3.95395624210904,0,-47.7256,4705,0.4,0,12,"both",-0.136217377587165,0.781586012152972
"203","session1",-27.9851262947688,18.5768603796619,3.61166478157505,1.64855753851449e-05,0.640673124636758,0.279752397526185,0.160074280954882,3,1,75,-0.136217377587165,0.781586012152972,3,5.7386420592694,0,-26.11007,4705,0.4,0,12,"both",-0.136217377587165,0.781586012152972
"204","session1",-27.9851262947688,18.5768603796619,3.61166478157505,1.64855753851449e-05,0.640673124636758,0.279752397526185,0.160074280954882,3,1,75,-0.136217377587165,0.781586012152972,3,3.09177336812813,0,-49.1894,4705,0.4,0,12,"both",-0.136217377587165,0.781586012152972
"205","session1",-27.9851262947688,18.5768603796619,3.61166478157505,1.64855753851449e-05,0.640673124636758,0.279752397526185,0.160074280954882,3,1,75,-0.136217377587165,0.781586012152972,3,2.2468822600927,1,-13.8355,4705,0.4,0,12,"both",-0.136217377587165,0.781586012152972
"206","session1",-27.9851262947688,18.5768603796619,3.61166478157505,1.64855753851449e-05,0.640673124636758,0.279752397526185,0.160074280954882,3,1,75,-0.136217377587165,0.781586012152972,3,3.9322063113631,0,-30.56787,4705,0.4,0,12,"both",-0.136217377587165,0.781586012152972
"207","session1",-27.9851262947688,18.5768603796619,3.61166478157505,1.64855753851449e-05,0.640673124636758,0.279752397526185,0.160074280954882,3,1,75,-0.136217377587165,0.781586012152972,3,2.75138547257673,0,-47.1666,4705,0.4,0,12,"both",-0.136217377587165,0.781586012152972
"208","session1",-27.9851262947688,18.5768603796619,3.61166478157505,1.64855753851449e-05,0.640673124636758,0.279752397526185,0.160074280954882,3,1,75,-0.136217377587165,0.781586012152972,3,3.25807998625478,0,-21.42207,4705,0.4,0,12,"both",-0.136217377587165,0.781586012152972
"209","session1",-27.9851262947688,18.5768603796619,3.61166478157505,1.64855753851449e-05,0.640673124636758,0.279752397526185,0.160074280954882,3,1,75,-0.136217377587165,0.781586012152972,3,5.31413048460032,1,-15.5125,4705,0.4,0,12,"both",-0.136217377587165,0.781586012152972
"210","session1",-27.9851262947688,18.5768603796619,3.61166478157505,1.64855753851449e-05,0.640673124636758,0.279752397526185,0.160074280954882,3,1,75,-0.136217377587165,0.781586012152972,3,5.42200928544544,0,-20.16247,4705,0.4,0,12,"both",-0.136217377587165,0.781586012152972
"211","session1",-27.9851262947688,18.5768603796619,3.61166478157505,1.64855753851449e-05,0.640673124636758,0.279752397526185,0.160074280954882,3,1,75,-0.136217377587165,0.781586012152972,3,4.80862746155331,1,-29.57232,4705,0.4,0,12,"both",-0.136217377587165,0.781586012152972
"212","session1",-27.9851262947688,18.5768603796619,3.61166478157505,1.64855753851449e-05,0.640673124636758,0.279752397526185,0.160074280954882,3,1,75,-0.136217377587165,0.781586012152972,3,2.90632381894476,0,-36.8012,4705,0.4,0,12,"both",-0.136217377587165,0.781586012152972
"213","session1",-27.9851262947688,18.5768603796619,3.61166478157505,1.64855753851449e-05,0.640673124636758,0.279752397526185,0.160074280954882,3,1,75,-0.136217377587165,0.781586012152972,3,6.46619917389427,1,-34.60645,4705,0.4,0,12,"both",-0.136217377587165,0.781586012152972
"214","session1",-27.9851262947688,18.5768603796619,3.61166478157505,1.64855753851449e-05,0.640673124636758,0.279752397526185,0.160074280954882,3,1,75,-0.136217377587165,0.781586012152972,3,3.0424608661922,0,-46.0204,4705,0.4,0,12,"both",-0.136217377587165,0.781586012152972
"215","session1",-27.9851262947688,18.5768603796619,3.61166478157505,1.64855753851449e-05,0.640673124636758,0.279752397526185,0.160074280954882,3,1,75,-0.136217377587165,0.781586012152972,3,4.22682772864238,0,-31.13865,4705,0.4,0,12,"both",-0.136217377587165,0.781586012152972
"216","session1",-27.9851262947688,18.5768603796619,3.61166478157505,1.64855753851449e-05,0.640673124636758,0.279752397526185,0.160074280954882,3,1,75,-0.136217377587165,0.781586012152972,3,3.61976294328809,1,-11.5237,4705,0.4,0,12,"both",-0.136217377587165,0.781586012152972
"217","session1",-27.9851262947688,18.5768603796619,3.61166478157505,1.64855753851449e-05,0.640673124636758,0.279752397526185,0.160074280954882,3,1,75,-0.136217377587165,0.781586012152972,3,3.12777920350982,1,-11.6287,4705,0.4,0,12,"both",-0.136217377587165,0.781586012152972
"218","session1",-27.9851262947688,18.5768603796619,3.61166478157505,1.64855753851449e-05,0.640673124636758,0.279752397526185,0.160074280954882,3,1,75,-0.136217377587165,0.781586012152972,3,3.76917602607972,1,-15.02259,4705,0.4,0,12,"both",-0.136217377587165,0.781586012152972
"219","session1",-27.9851262947688,18.5768603796619,3.61166478157505,1.64855753851449e-05,0.640673124636758,0.279752397526185,0.160074280954882,3,1,75,-0.136217377587165,0.781586012152972,3,3.3377295562007,1,-12.848,4705,0.4,0,12,"both",-0.136217377587165,0.781586012152972
"220","session1",-27.9851262947688,18.5768603796619,3.61166478157505,1.64855753851449e-05,0.640673124636758,0.279752397526185,0.160074280954882,3,1,75,-0.136217377587165,0.781586012152972,3,2.62433672413561,1,-8.9428,4705,0.4,0,12,"both",-0.136217377587165,0.781586012152972
"221","session1",-27.9851262947688,18.5768603796619,3.61166478157505,1.64855753851449e-05,0.640673124636758,0.279752397526185,0.160074280954882,3,1,75,-0.136217377587165,0.781586012152972,3,2.32746459098,1,-14.7832,4705,0.4,0,12,"both",-0.136217377587165,0.781586012152972
"222","session1",-27.9851262947688,18.5768603796619,3.61166478157505,1.64855753851449e-05,0.640673124636758,0.279752397526185,0.160074280954882,3,1,75,-0.136217377587165,0.781586012152972,3,3.01097350177529,1,-33.76675,4705,0.4,0,12,"both",-0.136217377587165,0.781586012152972
"223","session1",-27.9851262947688,18.5768603796619,3.61166478157505,1.64855753851449e-05,0.640673124636758,0.279752397526185,0.160074280954882,3,1,75,-0.136217377587165,0.781586012152972,3,3.52225685860415,1,-19.03718,4705,0.4,0,12,"both",-0.136217377587165,0.781586012152972
"224","session1",-27.9851262947688,18.5768603796619,3.61166478157505,1.64855753851449e-05,0.640673124636758,0.279752397526185,0.160074280954882,3,1,75,-0.136217377587165,0.781586012152972,3,2.42882636497979,1,-10.6999,4705,0.4,0,12,"both",-0.136217377587165,0.781586012152972
"225","session1",-27.9851262947688,18.5768603796619,3.61166478157505,1.64855753851449e-05,0.640673124636758,0.279752397526185,0.160074280954882,3,1,75,-0.136217377587165,0.781586012152972,3,3.62608117647383,1,-36.5322,4705,0.4,0,12,"both",-0.136217377587165,0.781586012152972
"226","session1",-7.67597583800305,15.9217198454195,1.98426173097405,1.6741684109119e-06,0.981490771040778,0.295499060921603,0.114727077695082,4,1,75,-0.136217377587165,0.781586012152972,4,2.51409113656439,1,-8.78748182366,4705,0.4,0,12,"both",-0.136217377587165,0.781586012152972
"227","session1",-7.67597583800305,15.9217198454195,1.98426173097405,1.6741684109119e-06,0.981490771040778,0.295499060921603,0.114727077695082,4,1,75,-0.136217377587165,0.781586012152972,4,4.15559122277757,1,-11.7975551326,4705,0.4,0,12,"both",-0.136217377587165,0.781586012152972
"228","session1",-7.67597583800305,15.9217198454195,1.98426173097405,1.6741684109119e-06,0.981490771040778,0.295499060921603,0.114727077695082,4,1,75,-0.136217377587165,0.781586012152972,4,2.56057014439088,0,-20.5815702867,4705,0.4,0,12,"both",-0.136217377587165,0.781586012152972
"229","session1",-7.67597583800305,15.9217198454195,1.98426173097405,1.6741684109119e-06,0.981490771040778,0.295499060921603,0.114727077695082,4,1,75,-0.136217377587165,0.781586012152972,4,3.6341814263796,1,-16.5755397541,4705,0.4,0,12,"both",-0.136217377587165,0.781586012152972
"230","session1",-7.67597583800305,15.9217198454195,1.98426173097405,1.6741684109119e-06,0.981490771040778,0.295499060921603,0.114727077695082,4,1,75,-0.136217377587165,0.781586012152972,4,4.86710420615963,0,-26.09631,4705,0.4,0,12,"both",-0.136217377587165,0.781586012152972
"231","session1",-7.67597583800305,15.9217198454195,1.98426173097405,1.6741684109119e-06,0.981490771040778,0.295499060921603,0.114727077695082,4,1,75,-0.136217377587165,0.781586012152972,4,3.1006030330446,0,-15.4047,4705,0.4,0,12,"both",-0.136217377587165,0.781586012152972
"232","session1",-7.67597583800305,15.9217198454195,1.98426173097405,1.6741684109119e-06,0.981490771040778,0.295499060921603,0.114727077695082,4,1,75,-0.136217377587165,0.781586012152972,4,2.45801116768732,0,-30.4305,4705,0.4,0,12,"both",-0.136217377587165,0.781586012152972
"233","session1",-7.67597583800305,15.9217198454195,1.98426173097405,1.6741684109119e-06,0.981490771040778,0.295499060921603,0.114727077695082,4,1,75,-0.136217377587165,0.781586012152972,4,3.85516636011162,1,-20.91097,4705,0.4,0,12,"both",-0.136217377587165,0.781586012152972
"234","session1",-7.67597583800305,15.9217198454195,1.98426173097405,1.6741684109119e-06,0.981490771040778,0.295499060921603,0.114727077695082,4,1,75,-0.136217377587165,0.781586012152972,4,5.86156548691284,0,3.3379,4705,0.4,0,12,"both",-0.136217377587165,0.781586012152972
"235","session1",-7.67597583800305,15.9217198454195,1.98426173097405,1.6741684109119e-06,0.981490771040778,0.295499060921603,0.114727077695082,4,1,75,-0.136217377587165,0.781586012152972,4,6.08097897521098,0,-0.77853,4705,0.4,0,12,"both",-0.136217377587165,0.781586012152972
"236","session1",-7.67597583800305,15.9217198454195,1.98426173097405,1.6741684109119e-06,0.981490771040778,0.295499060921603,0.114727077695082,4,1,75,-0.136217377587165,0.781586012152972,4,4.94390641436987,1,1.1227452357,4705,0.4,0,12,"both",-0.136217377587165,0.781586012152972
"237","session1",-7.67597583800305,15.9217198454195,1.98426173097405,1.6741684109119e-06,0.981490771040778,0.295499060921603,0.114727077695082,4,1,75,-0.136217377587165,0.781586012152972,4,2.48029846162375,1,23.11557,4705,0.4,0,12,"both",-0.136217377587165,0.781586012152972
"238","session1",-7.67597583800305,15.9217198454195,1.98426173097405,1.6741684109119e-06,0.981490771040778,0.295499060921603,0.114727077695082,4,1,75,-0.136217377587165,0.781586012152972,4,3.70410486308897,1,8.8347,4705,0.4,0,12,"both",-0.136217377587165,0.781586012152972
"239","session1",-7.67597583800305,15.9217198454195,1.98426173097405,1.6741684109119e-06,0.981490771040778,0.295499060921603,0.114727077695082,4,1,75,-0.136217377587165,0.781586012152972,4,5.76068336389062,0,-7.7115531726,4705,0.4,0,12,"both",-0.136217377587165,0.781586012152972
"240","session1",-7.67597583800305,15.9217198454195,1.98426173097405,1.6741684109119e-06,0.981490771040778,0.295499060921603,0.114727077695082,4,1,75,-0.136217377587165,0.781586012152972,4,5.96906366216855,1,-3.951249598,4705,0.4,0,12,"both",-0.136217377587165,0.781586012152972
"241","session1",-7.67597583800305,15.9217198454195,1.98426173097405,1.6741684109119e-06,0.981490771040778,0.295499060921603,0.114727077695082,4,1,75,-0.136217377587165,0.781586012152972,4,5.55161050195419,0,-6.0966906618,4705,0.4,0,12,"both",-0.136217377587165,0.781586012152972
"242","session1",-7.67597583800305,15.9217198454195,1.98426173097405,1.6741684109119e-06,0.981490771040778,0.295499060921603,0.114727077695082,4,1,75,-0.136217377587165,0.781586012152972,4,4.01169099865833,1,9.0629,4705,0.4,0,12,"both",-0.136217377587165,0.781586012152972
"243","session1",-7.67597583800305,15.9217198454195,1.98426173097405,1.6741684109119e-06,0.981490771040778,0.295499060921603,0.114727077695082,4,1,75,-0.136217377587165,0.781586012152972,4,7.86199876234027,0,-5.82582005446,4705,0.4,0,12,"both",-0.136217377587165,0.781586012152972
"244","session1",-7.67597583800305,15.9217198454195,1.98426173097405,1.6741684109119e-06,0.981490771040778,0.295499060921603,0.114727077695082,4,1,75,-0.136217377587165,0.781586012152972,4,3.69990634691026,0,-5.4328731388,4705,0.4,0,12,"both",-0.136217377587165,0.781586012152972
"245","session1",-7.67597583800305,15.9217198454195,1.98426173097405,1.6741684109119e-06,0.981490771040778,0.295499060921603,0.114727077695082,4,1,75,-0.136217377587165,0.781586012152972,4,7.52180376727237,0,1.41791,4705,0.4,0,12,"both",-0.136217377587165,0.781586012152972
"246","session1",-7.67597583800305,15.9217198454195,1.98426173097405,1.6741684109119e-06,0.981490771040778,0.295499060921603,0.114727077695082,4,1,75,-0.136217377587165,0.781586012152972,4,3.29731233595154,1,1.9832148538,4705,0.4,0,12,"both",-0.136217377587165,0.781586012152972
"247","session1",-7.67597583800305,15.9217198454195,1.98426173097405,1.6741684109119e-06,0.981490771040778,0.295499060921603,0.114727077695082,4,1,75,-0.136217377587165,0.781586012152972,4,2.96947797515918,1,36.99516,4705,0.4,0,12,"both",-0.136217377587165,0.781586012152972
"248","session1",-7.67597583800305,15.9217198454195,1.98426173097405,1.6741684109119e-06,0.981490771040778,0.295499060921603,0.114727077695082,4,1,75,-0.136217377587165,0.781586012152972,4,1.49169228241464,0,-41.74815,4705,0.4,0,12,"both",-0.136217377587165,0.781586012152972
"249","session1",-7.67597583800305,15.9217198454195,1.98426173097405,1.6741684109119e-06,0.981490771040778,0.295499060921603,0.114727077695082,4,1,75,-0.136217377587165,0.781586012152972,4,3.97683456561305,0,-47.59888,4705,0.4,0,12,"both",-0.136217377587165,0.781586012152972
"250","session1",-7.67597583800305,15.9217198454195,1.98426173097405,1.6741684109119e-06,0.981490771040778,0.295499060921603,0.114727077695082,4,1,75,-0.136217377587165,0.781586012152972,4,2.70312770717978,1,4.5015,4705,0.4,0,12,"both",-0.136217377587165,0.781586012152972
"251","session1",-7.67597583800305,15.9217198454195,1.98426173097405,1.6741684109119e-06,0.981490771040778,0.295499060921603,0.114727077695082,4,1,75,-0.136217377587165,0.781586012152972,4,3.38503123269289,0,-29.22945,4705,0.4,0,12,"both",-0.136217377587165,0.781586012152972
"252","session1",-7.67597583800305,15.9217198454195,1.98426173097405,1.6741684109119e-06,0.981490771040778,0.295499060921603,0.114727077695082,4,1,75,-0.136217377587165,0.781586012152972,4,2.6581705352014,0,-21.76283,4705,0.4,0,12,"both",-0.136217377587165,0.781586012152972
"253","session1",-7.67597583800305,15.9217198454195,1.98426173097405,1.6741684109119e-06,0.981490771040778,0.295499060921603,0.114727077695082,4,1,75,-0.136217377587165,0.781586012152972,4,3.8219443035882,1,28.75195,4705,0.4,0,12,"both",-0.136217377587165,0.781586012152972
"254","session1",-7.67597583800305,15.9217198454195,1.98426173097405,1.6741684109119e-06,0.981490771040778,0.295499060921603,0.114727077695082,4,1,75,-0.136217377587165,0.781586012152972,4,3.23624569342818,1,23.16882,4705,0.4,0,12,"both",-0.136217377587165,0.781586012152972
"255","session1",-7.67597583800305,15.9217198454195,1.98426173097405,1.6741684109119e-06,0.981490771040778,0.295499060921603,0.114727077695082,4,1,75,-0.136217377587165,0.781586012152972,4,3.23900095768446,0,-18.881949,4705,0.4,0,12,"both",-0.136217377587165,0.781586012152972
"256","session1",-7.67597583800305,15.9217198454195,1.98426173097405,1.6741684109119e-06,0.981490771040778,0.295499060921603,0.114727077695082,4,1,75,-0.136217377587165,0.781586012152972,4,5.17337015935313,0,-24.18471,4705,0.4,0,12,"both",-0.136217377587165,0.781586012152972
"257","session1",-7.67597583800305,15.9217198454195,1.98426173097405,1.6741684109119e-06,0.981490771040778,0.295499060921603,0.114727077695082,4,1,75,-0.136217377587165,0.781586012152972,4,4.41396578496074,0,-11.76787,4705,0.4,0,12,"both",-0.136217377587165,0.781586012152972
"258","session1",-7.67597583800305,15.9217198454195,1.98426173097405,1.6741684109119e-06,0.981490771040778,0.295499060921603,0.114727077695082,4,1,75,-0.136217377587165,0.781586012152972,4,2.51195818630586,1,15.69701,4705,0.4,0,12,"both",-0.136217377587165,0.781586012152972
"259","session1",-7.67597583800305,15.9217198454195,1.98426173097405,1.6741684109119e-06,0.981490771040778,0.295499060921603,0.114727077695082,4,1,75,-0.136217377587165,0.781586012152972,4,4.0131314935466,1,-10.39131,4705,0.4,0,12,"both",-0.136217377587165,0.781586012152972
"260","session1",-7.67597583800305,15.9217198454195,1.98426173097405,1.6741684109119e-06,0.981490771040778,0.295499060921603,0.114727077695082,4,1,75,-0.136217377587165,0.781586012152972,4,4.50062089187978,1,-4.21378485946,4705,0.4,0,12,"both",-0.136217377587165,0.781586012152972
"261","session1",-7.67597583800305,15.9217198454195,1.98426173097405,1.6741684109119e-06,0.981490771040778,0.295499060921603,0.114727077695082,4,1,75,-0.136217377587165,0.781586012152972,4,5.388371110156,1,13.0272,4705,0.4,0,12,"both",-0.136217377587165,0.781586012152972
"262","session1",-7.67597583800305,15.9217198454195,1.98426173097405,1.6741684109119e-06,0.981490771040778,0.295499060921603,0.114727077695082,4,1,75,-0.136217377587165,0.781586012152972,4,2.30123050206551,1,5.05582,4705,0.4,0,12,"both",-0.136217377587165,0.781586012152972
"263","session1",-7.67597583800305,15.9217198454195,1.98426173097405,1.6741684109119e-06,0.981490771040778,0.295499060921603,0.114727077695082,4,1,75,-0.136217377587165,0.781586012152972,4,3.4101991353135,0,-21.75535,4705,0.4,0,12,"both",-0.136217377587165,0.781586012152972
"264","session1",-7.67597583800305,15.9217198454195,1.98426173097405,1.6741684109119e-06,0.981490771040778,0.295499060921603,0.114727077695082,4,1,75,-0.136217377587165,0.781586012152972,4,2.77205504020563,1,18.37813,4705,0.4,0,12,"both",-0.136217377587165,0.781586012152972
"265","session1",-7.67597583800305,15.9217198454195,1.98426173097405,1.6741684109119e-06,0.981490771040778,0.295499060921603,0.114727077695082,4,1,75,-0.136217377587165,0.781586012152972,4,8,0,-13.33595,4705,0.4,0,12,"both",-0.136217377587165,0.781586012152972
"266","session1",-7.67597583800305,15.9217198454195,1.98426173097405,1.6741684109119e-06,0.981490771040778,0.295499060921603,0.114727077695082,4,1,75,-0.136217377587165,0.781586012152972,4,2.78625624659306,1,8.69155,4705,0.4,0,12,"both",-0.136217377587165,0.781586012152972
"267","session1",-7.67597583800305,15.9217198454195,1.98426173097405,1.6741684109119e-06,0.981490771040778,0.295499060921603,0.114727077695082,4,1,75,-0.136217377587165,0.781586012152972,4,3.34368273761268,1,14.14919,4705,0.4,0,12,"both",-0.136217377587165,0.781586012152972
"268","session1",-7.67597583800305,15.9217198454195,1.98426173097405,1.6741684109119e-06,0.981490771040778,0.295499060921603,0.114727077695082,4,1,75,-0.136217377587165,0.781586012152972,4,2.64295226094591,1,6.86643,4705,0.4,0,12,"both",-0.136217377587165,0.781586012152972
"269","session1",-7.67597583800305,15.9217198454195,1.98426173097405,1.6741684109119e-06,0.981490771040778,0.295499060921603,0.114727077695082,4,1,75,-0.136217377587165,0.781586012152972,4,2.87967598303838,1,9.84887,4705,0.4,0,12,"both",-0.136217377587165,0.781586012152972
"270","session1",-7.67597583800305,15.9217198454195,1.98426173097405,1.6741684109119e-06,0.981490771040778,0.295499060921603,0.114727077695082,4,1,75,-0.136217377587165,0.781586012152972,4,4.11001962485555,1,-1.1926,4705,0.4,0,12,"both",-0.136217377587165,0.781586012152972
"271","session1",-7.67597583800305,15.9217198454195,1.98426173097405,1.6741684109119e-06,0.981490771040778,0.295499060921603,0.114727077695082,4,1,75,-0.136217377587165,0.781586012152972,4,5.82967348726936,0,0.585699999999999,4705,0.4,0,12,"both",-0.136217377587165,0.781586012152972
"272","session1",-7.67597583800305,15.9217198454195,1.98426173097405,1.6741684109119e-06,0.981490771040778,0.295499060921603,0.114727077695082,4,1,75,-0.136217377587165,0.781586012152972,4,2.25178811939424,1,-15.11079,4705,0.4,0,12,"both",-0.136217377587165,0.781586012152972
"273","session1",-7.67597583800305,15.9217198454195,1.98426173097405,1.6741684109119e-06,0.981490771040778,0.295499060921603,0.114727077695082,4,1,75,-0.136217377587165,0.781586012152972,4,3.81156050682753,1,17.5193,4705,0.4,0,12,"both",-0.136217377587165,0.781586012152972
"274","session1",-7.67597583800305,15.9217198454195,1.98426173097405,1.6741684109119e-06,0.981490771040778,0.295499060921603,0.114727077695082,4,1,75,-0.136217377587165,0.781586012152972,4,3.76106689809859,0,-15.59216,4705,0.4,0,12,"both",-0.136217377587165,0.781586012152972
"275","session1",-7.67597583800305,15.9217198454195,1.98426173097405,1.6741684109119e-06,0.981490771040778,0.295499060921603,0.114727077695082,4,1,75,-0.136217377587165,0.781586012152972,4,2.3781989821581,1,4.12896,4705,0.4,0,12,"both",-0.136217377587165,0.781586012152972
"276","session1",-7.67597583800305,15.9217198454195,1.98426173097405,1.6741684109119e-06,0.981490771040778,0.295499060921603,0.114727077695082,4,1,75,-0.136217377587165,0.781586012152972,4,2.61432307574249,0,-33.38828,4705,0.4,0,12,"both",-0.136217377587165,0.781586012152972
"277","session1",-7.67597583800305,15.9217198454195,1.98426173097405,1.6741684109119e-06,0.981490771040778,0.295499060921603,0.114727077695082,4,1,75,-0.136217377587165,0.781586012152972,4,3.42722782010998,0,-21.61852,4705,0.4,0,12,"both",-0.136217377587165,0.781586012152972
"278","session1",-7.67597583800305,15.9217198454195,1.98426173097405,1.6741684109119e-06,0.981490771040778,0.295499060921603,0.114727077695082,4,1,75,-0.136217377587165,0.781586012152972,4,2.5041265133755,1,10.45523,4705,0.4,0,12,"both",-0.136217377587165,0.781586012152972
"279","session1",-7.67597583800305,15.9217198454195,1.98426173097405,1.6741684109119e-06,0.981490771040778,0.295499060921603,0.114727077695082,4,1,75,-0.136217377587165,0.781586012152972,4,4.35599616812427,1,6.80564,4705,0.4,0,12,"both",-0.136217377587165,0.781586012152972
"280","session1",-7.67597583800305,15.9217198454195,1.98426173097405,1.6741684109119e-06,0.981490771040778,0.295499060921603,0.114727077695082,4,1,75,-0.136217377587165,0.781586012152972,4,4.6834117167057,1,-14.50771,4705,0.4,0,12,"both",-0.136217377587165,0.781586012152972
"281","session1",-7.67597583800305,15.9217198454195,1.98426173097405,1.6741684109119e-06,0.981490771040778,0.295499060921603,0.114727077695082,4,1,75,-0.136217377587165,0.781586012152972,4,4.15943066097512,1,0.12904,4705,0.4,0,12,"both",-0.136217377587165,0.781586012152972
"282","session1",-7.67597583800305,15.9217198454195,1.98426173097405,1.6741684109119e-06,0.981490771040778,0.295499060921603,0.114727077695082,4,1,75,-0.136217377587165,0.781586012152972,4,5.96427512171675,0,3.166,4705,0.4,0,12,"both",-0.136217377587165,0.781586012152972
"283","session1",-7.67597583800305,15.9217198454195,1.98426173097405,1.6741684109119e-06,0.981490771040778,0.295499060921603,0.114727077695082,4,1,75,-0.136217377587165,0.781586012152972,4,2.20247828409068,0,-26.79809,4705,0.4,0,12,"both",-0.136217377587165,0.781586012152972
"284","session1",-7.67597583800305,15.9217198454195,1.98426173097405,1.6741684109119e-06,0.981490771040778,0.295499060921603,0.114727077695082,4,1,75,-0.136217377587165,0.781586012152972,4,5.2507338552063,1,-28.0753,4705,0.4,0,12,"both",-0.136217377587165,0.781586012152972
"285","session1",-7.67597583800305,15.9217198454195,1.98426173097405,1.6741684109119e-06,0.981490771040778,0.295499060921603,0.114727077695082,4,1,75,-0.136217377587165,0.781586012152972,4,2.62532532045854,0,-25.86008,4705,0.4,0,12,"both",-0.136217377587165,0.781586012152972
"286","session1",-7.67597583800305,15.9217198454195,1.98426173097405,1.6741684109119e-06,0.981490771040778,0.295499060921603,0.114727077695082,4,1,75,-0.136217377587165,0.781586012152972,4,4.78809451870247,0,-20.49014,4705,0.4,0,12,"both",-0.136217377587165,0.781586012152972
"287","session1",-7.67597583800305,15.9217198454195,1.98426173097405,1.6741684109119e-06,0.981490771040778,0.295499060921603,0.114727077695082,4,1,75,-0.136217377587165,0.781586012152972,4,2.37828117249143,1,-16.20359,4705,0.4,0,12,"both",-0.136217377587165,0.781586012152972
"288","session1",-7.67597583800305,15.9217198454195,1.98426173097405,1.6741684109119e-06,0.981490771040778,0.295499060921603,0.114727077695082,4,1,75,-0.136217377587165,0.781586012152972,4,5.01153286528746,0,-23.37642,4705,0.4,0,12,"both",-0.136217377587165,0.781586012152972
"289","session1",-7.67597583800305,15.9217198454195,1.98426173097405,1.6741684109119e-06,0.981490771040778,0.295499060921603,0.114727077695082,4,1,75,-0.136217377587165,0.781586012152972,4,2.76808950588326,1,-21.43862,4705,0.4,0,12,"both",-0.136217377587165,0.781586012152972
"290","session1",-7.67597583800305,15.9217198454195,1.98426173097405,1.6741684109119e-06,0.981490771040778,0.295499060921603,0.114727077695082,4,1,75,-0.136217377587165,0.781586012152972,4,3.07766619382846,0,-20.95519,4705,0.4,0,12,"both",-0.136217377587165,0.781586012152972
"291","session1",-7.67597583800305,15.9217198454195,1.98426173097405,1.6741684109119e-06,0.981490771040778,0.295499060921603,0.114727077695082,4,1,75,-0.136217377587165,0.781586012152972,4,2.0382353269812,1,17.7308,4705,0.4,0,12,"both",-0.136217377587165,0.781586012152972
"292","session1",-7.67597583800305,15.9217198454195,1.98426173097405,1.6741684109119e-06,0.981490771040778,0.295499060921603,0.114727077695082,4,1,75,-0.136217377587165,0.781586012152972,4,3.77175409238336,0,1.3364,4705,0.4,0,12,"both",-0.136217377587165,0.781586012152972
"293","session1",-7.67597583800305,15.9217198454195,1.98426173097405,1.6741684109119e-06,0.981490771040778,0.295499060921603,0.114727077695082,4,1,75,-0.136217377587165,0.781586012152972,4,4.38301710591206,0,-31.59004,4705,0.4,0,12,"both",-0.136217377587165,0.781586012152972
"294","session1",-7.67597583800305,15.9217198454195,1.98426173097405,1.6741684109119e-06,0.981490771040778,0.295499060921603,0.114727077695082,4,1,75,-0.136217377587165,0.781586012152972,4,3.1850257028049,0,-28.52271,4705,0.4,0,12,"both",-0.136217377587165,0.781586012152972
"295","session1",-7.67597583800305,15.9217198454195,1.98426173097405,1.6741684109119e-06,0.981490771040778,0.295499060921603,0.114727077695082,4,1,75,-0.136217377587165,0.781586012152972,4,4.46974961355567,1,2.5706,4705,0.4,0,12,"both",-0.136217377587165,0.781586012152972
"296","session1",-7.67597583800305,15.9217198454195,1.98426173097405,1.6741684109119e-06,0.981490771040778,0.295499060921603,0.114727077695082,4,1,75,-0.136217377587165,0.781586012152972,4,3.30025473640779,0,7.38299,4705,0.4,0,12,"both",-0.136217377587165,0.781586012152972
"297","session1",-7.67597583800305,15.9217198454195,1.98426173097405,1.6741684109119e-06,0.981490771040778,0.295499060921603,0.114727077695082,4,1,75,-0.136217377587165,0.781586012152972,4,2.71364638479716,0,-43.01788,4705,0.4,0,12,"both",-0.136217377587165,0.781586012152972
"298","session1",-7.67597583800305,15.9217198454195,1.98426173097405,1.6741684109119e-06,0.981490771040778,0.295499060921603,0.114727077695082,4,1,75,-0.136217377587165,0.781586012152972,4,3.79593256265944,0,-34.3306,4705,0.4,0,12,"both",-0.136217377587165,0.781586012152972
"299","session1",-7.67597583800305,15.9217198454195,1.98426173097405,1.6741684109119e-06,0.981490771040778,0.295499060921603,0.114727077695082,4,1,75,-0.136217377587165,0.781586012152972,4,5.31763437555894,1,11.36483,4705,0.4,0,12,"both",-0.136217377587165,0.781586012152972
"300","session1",-7.67597583800305,15.9217198454195,1.98426173097405,1.6741684109119e-06,0.981490771040778,0.295499060921603,0.114727077695082,4,1,75,-0.136217377587165,0.781586012152972,4,4.9045565963775,1,17.06125,4705,0.4,0,12,"both",-0.136217377587165,0.781586012152972
"301","session1",-18.500627923947,10.0475197899707,1.59406329877619,0.0046871762294022,0.541980594341625,0.558875252594426,0.53375518370288,5,1,75,-0.136217377587165,0.781586012152972,5,3.29447264876181,1,-9.37908829548,4705,0.4,0,12,"both",-0.136217377587165,0.781586012152972
"302","session1",-18.500627923947,10.0475197899707,1.59406329877619,0.0046871762294022,0.541980594341625,0.558875252594426,0.53375518370288,5,1,75,-0.136217377587165,0.781586012152972,5,1.63786253697039,1,-11.69380438412,4705,0.4,0,12,"both",-0.136217377587165,0.781586012152972
"303","session1",-18.500627923947,10.0475197899707,1.59406329877619,0.0046871762294022,0.541980594341625,0.558875252594426,0.53375518370288,5,1,75,-0.136217377587165,0.781586012152972,5,2.63181929738773,1,-19.9813409684,4705,0.4,0,12,"both",-0.136217377587165,0.781586012152972
"304","session1",-18.500627923947,10.0475197899707,1.59406329877619,0.0046871762294022,0.541980594341625,0.558875252594426,0.53375518370288,5,1,75,-0.136217377587165,0.781586012152972,5,4.46320816454686,0,-27.400175199,4705,0.4,0,12,"both",-0.136217377587165,0.781586012152972
"305","session1",-18.500627923947,10.0475197899707,1.59406329877619,0.0046871762294022,0.541980594341625,0.558875252594426,0.53375518370288,5,1,75,-0.136217377587165,0.781586012152972,5,3.97737955283775,1,-27.98006,4705,0.4,0,12,"both",-0.136217377587165,0.781586012152972
"306","session1",-18.500627923947,10.0475197899707,1.59406329877619,0.0046871762294022,0.541980594341625,0.558875252594426,0.53375518370288,5,1,75,-0.136217377587165,0.781586012152972,5,4.64463900274588,1,3.66504,4705,0.4,0,12,"both",-0.136217377587165,0.781586012152972
"307","session1",-18.500627923947,10.0475197899707,1.59406329877619,0.0046871762294022,0.541980594341625,0.558875252594426,0.53375518370288,5,1,75,-0.136217377587165,0.781586012152972,5,1.68233357976049,1,-21.9239,4705,0.4,0,12,"both",-0.136217377587165,0.781586012152972
"308","session1",-18.500627923947,10.0475197899707,1.59406329877619,0.0046871762294022,0.541980594341625,0.558875252594426,0.53375518370288,5,1,75,-0.136217377587165,0.781586012152972,5,2.29519098733391,0,-39.8203,4705,0.4,0,12,"both",-0.136217377587165,0.781586012152972
"309","session1",-18.500627923947,10.0475197899707,1.59406329877619,0.0046871762294022,0.541980594341625,0.558875252594426,0.53375518370288,5,1,75,-0.136217377587165,0.781586012152972,5,1.76541048442088,1,-2.0668,4705,0.4,0,12,"both",-0.136217377587165,0.781586012152972
"310","session1",-18.500627923947,10.0475197899707,1.59406329877619,0.0046871762294022,0.541980594341625,0.558875252594426,0.53375518370288,5,1,75,-0.136217377587165,0.781586012152972,5,1.54918625964269,0,-41.58395,4705,0.4,0,12,"both",-0.136217377587165,0.781586012152972
"311","session1",-18.500627923947,10.0475197899707,1.59406329877619,0.0046871762294022,0.541980594341625,0.558875252594426,0.53375518370288,5,1,75,-0.136217377587165,0.781586012152972,5,3.11169415271518,1,-18.3986,4705,0.4,0,12,"both",-0.136217377587165,0.781586012152972
"312","session1",-18.500627923947,10.0475197899707,1.59406329877619,0.0046871762294022,0.541980594341625,0.558875252594426,0.53375518370288,5,1,75,-0.136217377587165,0.781586012152972,5,3.59154157086808,1,-15.20923,4705,0.4,0,12,"both",-0.136217377587165,0.781586012152972
"313","session1",-18.500627923947,10.0475197899707,1.59406329877619,0.0046871762294022,0.541980594341625,0.558875252594426,0.53375518370288,5,1,75,-0.136217377587165,0.781586012152972,5,2.31149385646674,0,-40.99261,4705,0.4,0,12,"both",-0.136217377587165,0.781586012152972
"314","session1",-18.500627923947,10.0475197899707,1.59406329877619,0.0046871762294022,0.541980594341625,0.558875252594426,0.53375518370288,5,1,75,-0.136217377587165,0.781586012152972,5,5.0948282447733,0,-46.4863,4705,0.4,0,12,"both",-0.136217377587165,0.781586012152972
"315","session1",-18.500627923947,10.0475197899707,1.59406329877619,0.0046871762294022,0.541980594341625,0.558875252594426,0.53375518370288,5,1,75,-0.136217377587165,0.781586012152972,5,1.46526819455116,0,-30.15286,4705,0.4,0,12,"both",-0.136217377587165,0.781586012152972
"316","session1",-18.500627923947,10.0475197899707,1.59406329877619,0.0046871762294022,0.541980594341625,0.558875252594426,0.53375518370288,5,1,75,-0.136217377587165,0.781586012152972,5,2.08327815754742,0,-32.00736,4705,0.4,0,12,"both",-0.136217377587165,0.781586012152972
"317","session1",-18.500627923947,10.0475197899707,1.59406329877619,0.0046871762294022,0.541980594341625,0.558875252594426,0.53375518370288,5,1,75,-0.136217377587165,0.781586012152972,5,2.85140004064278,0,-21.93491,4705,0.4,0,12,"both",-0.136217377587165,0.781586012152972
"318","session1",-18.500627923947,10.0475197899707,1.59406329877619,0.0046871762294022,0.541980594341625,0.558875252594426,0.53375518370288,5,1,75,-0.136217377587165,0.781586012152972,5,2.23437306210576,1,-13.4811,4705,0.4,0,12,"both",-0.136217377587165,0.781586012152972
"319","session1",-18.500627923947,10.0475197899707,1.59406329877619,0.0046871762294022,0.541980594341625,0.558875252594426,0.53375518370288,5,1,75,-0.136217377587165,0.781586012152972,5,2.50394945691964,0,-22.99386,4705,0.4,0,12,"both",-0.136217377587165,0.781586012152972
"320","session1",-18.500627923947,10.0475197899707,1.59406329877619,0.0046871762294022,0.541980594341625,0.558875252594426,0.53375518370288,5,1,75,-0.136217377587165,0.781586012152972,5,1.85537546959803,0,-22.05469,4705,0.4,0,12,"both",-0.136217377587165,0.781586012152972
"321","session1",-18.500627923947,10.0475197899707,1.59406329877619,0.0046871762294022,0.541980594341625,0.558875252594426,0.53375518370288,5,1,75,-0.136217377587165,0.781586012152972,5,1.80032570911958,0,-19.50642,4705,0.4,0,12,"both",-0.136217377587165,0.781586012152972
"322","session1",-18.500627923947,10.0475197899707,1.59406329877619,0.0046871762294022,0.541980594341625,0.558875252594426,0.53375518370288,5,1,75,-0.136217377587165,0.781586012152972,5,1.40574049526033,0,-25.80298,4705,0.4,0,12,"both",-0.136217377587165,0.781586012152972
"323","session1",-18.500627923947,10.0475197899707,1.59406329877619,0.0046871762294022,0.541980594341625,0.558875252594426,0.53375518370288,5,1,75,-0.136217377587165,0.781586012152972,5,4.65585285295997,1,-25.58931,4705,0.4,0,12,"both",-0.136217377587165,0.781586012152972
"324","session1",-18.500627923947,10.0475197899707,1.59406329877619,0.0046871762294022,0.541980594341625,0.558875252594426,0.53375518370288,5,1,75,-0.136217377587165,0.781586012152972,5,2.73343674023176,1,-15.56403,4705,0.4,0,12,"both",-0.136217377587165,0.781586012152972
"325","session1",-18.500627923947,10.0475197899707,1.59406329877619,0.0046871762294022,0.541980594341625,0.558875252594426,0.53375518370288,5,1,75,-0.136217377587165,0.781586012152972,5,3.73462307791906,1,-10.56724,4705,0.4,0,12,"both",-0.136217377587165,0.781586012152972
"326","session1",-18.500627923947,10.0475197899707,1.59406329877619,0.0046871762294022,0.541980594341625,0.558875252594426,0.53375518370288,5,1,75,-0.136217377587165,0.781586012152972,5,1.99010033897922,0,-31.03254,4705,0.4,0,12,"both",-0.136217377587165,0.781586012152972
"327","session1",-18.500627923947,10.0475197899707,1.59406329877619,0.0046871762294022,0.541980594341625,0.558875252594426,0.53375518370288,5,1,75,-0.136217377587165,0.781586012152972,5,3.06424530261641,1,-18.53828,4705,0.4,0,12,"both",-0.136217377587165,0.781586012152972
"328","session1",-18.500627923947,10.0475197899707,1.59406329877619,0.0046871762294022,0.541980594341625,0.558875252594426,0.53375518370288,5,1,75,-0.136217377587165,0.781586012152972,5,1.42336029773885,1,-15.59048,4705,0.4,0,12,"both",-0.136217377587165,0.781586012152972
"329","session1",-18.500627923947,10.0475197899707,1.59406329877619,0.0046871762294022,0.541980594341625,0.558875252594426,0.53375518370288,5,1,75,-0.136217377587165,0.781586012152972,5,3.40099060463012,1,-18.17692,4705,0.4,0,12,"both",-0.136217377587165,0.781586012152972
"330","session1",-18.500627923947,10.0475197899707,1.59406329877619,0.0046871762294022,0.541980594341625,0.558875252594426,0.53375518370288,5,1,75,-0.136217377587165,0.781586012152972,5,3.76009053074315,1,-19.57575,4705,0.4,0,12,"both",-0.136217377587165,0.781586012152972
"331","session1",-18.500627923947,10.0475197899707,1.59406329877619,0.0046871762294022,0.541980594341625,0.558875252594426,0.53375518370288,5,1,75,-0.136217377587165,0.781586012152972,5,3.06336515731668,1,-19.85584,4705,0.4,0,12,"both",-0.136217377587165,0.781586012152972
"332","session1",-18.500627923947,10.0475197899707,1.59406329877619,0.0046871762294022,0.541980594341625,0.558875252594426,0.53375518370288,5,1,75,-0.136217377587165,0.781586012152972,5,2.51976352362697,0,-24.22575,4705,0.4,0,12,"both",-0.136217377587165,0.781586012152972
"333","session1",-18.500627923947,10.0475197899707,1.59406329877619,0.0046871762294022,0.541980594341625,0.558875252594426,0.53375518370288,5,1,75,-0.136217377587165,0.781586012152972,5,2.36011233151906,0,-18.89238,4705,0.4,0,12,"both",-0.136217377587165,0.781586012152972
"334","session1",-18.500627923947,10.0475197899707,1.59406329877619,0.0046871762294022,0.541980594341625,0.558875252594426,0.53375518370288,5,1,75,-0.136217377587165,0.781586012152972,5,1.27943218610052,0,-29.68752,4705,0.4,0,12,"both",-0.136217377587165,0.781586012152972
"335","session1",-18.500627923947,10.0475197899707,1.59406329877619,0.0046871762294022,0.541980594341625,0.558875252594426,0.53375518370288,5,1,75,-0.136217377587165,0.781586012152972,5,7.01389924431586,0,-25.0799,4705,0.4,0,12,"both",-0.136217377587165,0.781586012152972
"336","session1",-18.500627923947,10.0475197899707,1.59406329877619,0.0046871762294022,0.541980594341625,0.558875252594426,0.53375518370288,5,1,75,-0.136217377587165,0.781586012152972,5,5.12187362643417,1,-24.09923,4705,0.4,0,12,"both",-0.136217377587165,0.781586012152972
"337","session1",-18.500627923947,10.0475197899707,1.59406329877619,0.0046871762294022,0.541980594341625,0.558875252594426,0.53375518370288,5,1,75,-0.136217377587165,0.781586012152972,5,2.36103804060742,0,-27.52658,4705,0.4,0,12,"both",-0.136217377587165,0.781586012152972
"338","session1",-18.500627923947,10.0475197899707,1.59406329877619,0.0046871762294022,0.541980594341625,0.558875252594426,0.53375518370288,5,1,75,-0.136217377587165,0.781586012152972,5,8,0,-17.06244,4705,0.4,0,12,"both",-0.136217377587165,0.781586012152972
"339","session1",-18.500627923947,10.0475197899707,1.59406329877619,0.0046871762294022,0.541980594341625,0.558875252594426,0.53375518370288,5,1,75,-0.136217377587165,0.781586012152972,5,2.12330106868494,0,-25.55872,4705,0.4,0,12,"both",-0.136217377587165,0.781586012152972
"340","session1",-18.500627923947,10.0475197899707,1.59406329877619,0.0046871762294022,0.541980594341625,0.558875252594426,0.53375518370288,5,1,75,-0.136217377587165,0.781586012152972,5,3.10004047052917,0,-24.2139,4705,0.4,0,12,"both",-0.136217377587165,0.781586012152972
"341","session1",-18.500627923947,10.0475197899707,1.59406329877619,0.0046871762294022,0.541980594341625,0.558875252594426,0.53375518370288,5,1,75,-0.136217377587165,0.781586012152972,5,2.29062816798623,1,-14.43789,4705,0.4,0,12,"both",-0.136217377587165,0.781586012152972
"342","session1",-18.500627923947,10.0475197899707,1.59406329877619,0.0046871762294022,0.541980594341625,0.558875252594426,0.53375518370288,5,1,75,-0.136217377587165,0.781586012152972,5,2.6249387188717,1,-18.92761,4705,0.4,0,12,"both",-0.136217377587165,0.781586012152972
"343","session1",-18.500627923947,10.0475197899707,1.59406329877619,0.0046871762294022,0.541980594341625,0.558875252594426,0.53375518370288,5,1,75,-0.136217377587165,0.781586012152972,5,3.2185490732454,0,-15.69387,4705,0.4,0,12,"both",-0.136217377587165,0.781586012152972
"344","session1",-18.500627923947,10.0475197899707,1.59406329877619,0.0046871762294022,0.541980594341625,0.558875252594426,0.53375518370288,5,1,75,-0.136217377587165,0.781586012152972,5,2.51806627675193,1,-8.0399,4705,0.4,0,12,"both",-0.136217377587165,0.781586012152972
"345","session1",-18.500627923947,10.0475197899707,1.59406329877619,0.0046871762294022,0.541980594341625,0.558875252594426,0.53375518370288,5,1,75,-0.136217377587165,0.781586012152972,5,3.71203735733154,0,-28.15389,4705,0.4,0,12,"both",-0.136217377587165,0.781586012152972
"346","session1",-18.500627923947,10.0475197899707,1.59406329877619,0.0046871762294022,0.541980594341625,0.558875252594426,0.53375518370288,5,1,75,-0.136217377587165,0.781586012152972,5,2.53596666809657,0,-31.92384,4705,0.4,0,12,"both",-0.136217377587165,0.781586012152972
"347","session1",-18.500627923947,10.0475197899707,1.59406329877619,0.0046871762294022,0.541980594341625,0.558875252594426,0.53375518370288,5,1,75,-0.136217377587165,0.781586012152972,5,6.32970605733496,1,-14.84868,4705,0.4,0,12,"both",-0.136217377587165,0.781586012152972
"348","session1",-18.500627923947,10.0475197899707,1.59406329877619,0.0046871762294022,0.541980594341625,0.558875252594426,0.53375518370288,5,1,75,-0.136217377587165,0.781586012152972,5,1.50280797493995,0,-25.46725,4705,0.4,0,12,"both",-0.136217377587165,0.781586012152972
"349","session1",-18.500627923947,10.0475197899707,1.59406329877619,0.0046871762294022,0.541980594341625,0.558875252594426,0.53375518370288,5,1,75,-0.136217377587165,0.781586012152972,5,3.67566241922186,1,-16.82819,4705,0.4,0,12,"both",-0.136217377587165,0.781586012152972
"350","session1",-18.500627923947,10.0475197899707,1.59406329877619,0.0046871762294022,0.541980594341625,0.558875252594426,0.53375518370288,5,1,75,-0.136217377587165,0.781586012152972,5,4.38436933601934,0,-28.20407,4705,0.4,0,12,"both",-0.136217377587165,0.781586012152972
"351","session1",-18.500627923947,10.0475197899707,1.59406329877619,0.0046871762294022,0.541980594341625,0.558875252594426,0.53375518370288,5,1,75,-0.136217377587165,0.781586012152972,5,1.95834327525703,1,-12.4827,4705,0.4,0,12,"both",-0.136217377587165,0.781586012152972
"352","session1",-18.500627923947,10.0475197899707,1.59406329877619,0.0046871762294022,0.541980594341625,0.558875252594426,0.53375518370288,5,1,75,-0.136217377587165,0.781586012152972,5,2.45657894665998,0,-28.34278,4705,0.4,0,12,"both",-0.136217377587165,0.781586012152972
"353","session1",-18.500627923947,10.0475197899707,1.59406329877619,0.0046871762294022,0.541980594341625,0.558875252594426,0.53375518370288,5,1,75,-0.136217377587165,0.781586012152972,5,2.19567854235646,0,-29.76548,4705,0.4,0,12,"both",-0.136217377587165,0.781586012152972
"354","session1",-18.500627923947,10.0475197899707,1.59406329877619,0.0046871762294022,0.541980594341625,0.558875252594426,0.53375518370288,5,1,75,-0.136217377587165,0.781586012152972,5,1.87663281050123,1,-25.97035,4705,0.4,0,12,"both",-0.136217377587165,0.781586012152972
"355","session1",-18.500627923947,10.0475197899707,1.59406329877619,0.0046871762294022,0.541980594341625,0.558875252594426,0.53375518370288,5,1,75,-0.136217377587165,0.781586012152972,5,1.03474894385934,0,-27.31059,4705,0.4,0,12,"both",-0.136217377587165,0.781586012152972
"356","session1",-18.500627923947,10.0475197899707,1.59406329877619,0.0046871762294022,0.541980594341625,0.558875252594426,0.53375518370288,5,1,75,-0.136217377587165,0.781586012152972,5,3.92960149438216,1,-23.42182,4705,0.4,0,12,"both",-0.136217377587165,0.781586012152972
"357","session1",-18.500627923947,10.0475197899707,1.59406329877619,0.0046871762294022,0.541980594341625,0.558875252594426,0.53375518370288,5,1,75,-0.136217377587165,0.781586012152972,5,2.15885655408202,0,-32.33517,4705,0.4,0,12,"both",-0.136217377587165,0.781586012152972
"358","session1",-18.500627923947,10.0475197899707,1.59406329877619,0.0046871762294022,0.541980594341625,0.558875252594426,0.53375518370288,5,1,75,-0.136217377587165,0.781586012152972,5,3.11070218529509,0,-29.17537,4705,0.4,0,12,"both",-0.136217377587165,0.781586012152972
"359","session1",-18.500627923947,10.0475197899707,1.59406329877619,0.0046871762294022,0.541980594341625,0.558875252594426,0.53375518370288,5,1,75,-0.136217377587165,0.781586012152972,5,2.55672719620759,1,-27.06274,4705,0.4,0,12,"both",-0.136217377587165,0.781586012152972
"360","session1",-18.500627923947,10.0475197899707,1.59406329877619,0.0046871762294022,0.541980594341625,0.558875252594426,0.53375518370288,5,1,75,-0.136217377587165,0.781586012152972,5,5.55527603103435,1,-16.80453,4705,0.4,0,12,"both",-0.136217377587165,0.781586012152972
"361","session1",-18.500627923947,10.0475197899707,1.59406329877619,0.0046871762294022,0.541980594341625,0.558875252594426,0.53375518370288,5,1,75,-0.136217377587165,0.781586012152972,5,4.44463751605175,1,-17.63533,4705,0.4,0,12,"both",-0.136217377587165,0.781586012152972
"362","session1",-18.500627923947,10.0475197899707,1.59406329877619,0.0046871762294022,0.541980594341625,0.558875252594426,0.53375518370288,5,1,75,-0.136217377587165,0.781586012152972,5,7.20735778825126,0,-16.41822,4705,0.4,0,12,"both",-0.136217377587165,0.781586012152972
"363","session1",-18.500627923947,10.0475197899707,1.59406329877619,0.0046871762294022,0.541980594341625,0.558875252594426,0.53375518370288,5,1,75,-0.136217377587165,0.781586012152972,5,4.7758934581586,1,-15.63124,4705,0.4,0,12,"both",-0.136217377587165,0.781586012152972
"364","session1",-18.500627923947,10.0475197899707,1.59406329877619,0.0046871762294022,0.541980594341625,0.558875252594426,0.53375518370288,5,1,75,-0.136217377587165,0.781586012152972,5,2.87143460086383,0,-49.1789788,4705,0.4,0,12,"both",-0.136217377587165,0.781586012152972
"365","session1",-18.500627923947,10.0475197899707,1.59406329877619,0.0046871762294022,0.541980594341625,0.558875252594426,0.53375518370288,5,1,75,-0.136217377587165,0.781586012152972,5,2.04327342232976,0,-31.19758,4705,0.4,0,12,"both",-0.136217377587165,0.781586012152972
"366","session1",-18.500627923947,10.0475197899707,1.59406329877619,0.0046871762294022,0.541980594341625,0.558875252594426,0.53375518370288,5,1,75,-0.136217377587165,0.781586012152972,5,2.10039089594581,0,-24.25291,4705,0.4,0,12,"both",-0.136217377587165,0.781586012152972
"367","session1",-18.500627923947,10.0475197899707,1.59406329877619,0.0046871762294022,0.541980594341625,0.558875252594426,0.53375518370288,5,1,75,-0.136217377587165,0.781586012152972,5,3.73318268260246,1,-17.91962,4705,0.4,0,12,"both",-0.136217377587165,0.781586012152972
"368","session1",-18.500627923947,10.0475197899707,1.59406329877619,0.0046871762294022,0.541980594341625,0.558875252594426,0.53375518370288,5,1,75,-0.136217377587165,0.781586012152972,5,7.17926011800679,1,-15.93196,4705,0.4,0,12,"both",-0.136217377587165,0.781586012152972
"369","session1",-18.500627923947,10.0475197899707,1.59406329877619,0.0046871762294022,0.541980594341625,0.558875252594426,0.53375518370288,5,1,75,-0.136217377587165,0.781586012152972,5,4.77887065197757,0,-29.17138,4705,0.4,0,12,"both",-0.136217377587165,0.781586012152972
"370","session1",-18.500627923947,10.0475197899707,1.59406329877619,0.0046871762294022,0.541980594341625,0.558875252594426,0.53375518370288,5,1,75,-0.136217377587165,0.781586012152972,5,1.5836762581644,0,-27.41422,4705,0.4,0,12,"both",-0.136217377587165,0.781586012152972
"371","session1",-18.500627923947,10.0475197899707,1.59406329877619,0.0046871762294022,0.541980594341625,0.558875252594426,0.53375518370288,5,1,75,-0.136217377587165,0.781586012152972,5,3.04749552900318,1,-24.02875,4705,0.4,0,12,"both",-0.136217377587165,0.781586012152972
"372","session1",-18.500627923947,10.0475197899707,1.59406329877619,0.0046871762294022,0.541980594341625,0.558875252594426,0.53375518370288,5,1,75,-0.136217377587165,0.781586012152972,5,1.67178115699587,0,-26.874,4705,0.4,0,12,"both",-0.136217377587165,0.781586012152972
"373","session1",-18.500627923947,10.0475197899707,1.59406329877619,0.0046871762294022,0.541980594341625,0.558875252594426,0.53375518370288,5,1,75,-0.136217377587165,0.781586012152972,5,6.07803705112736,0,-18.15324,4705,0.4,0,12,"both",-0.136217377587165,0.781586012152972
"374","session1",-18.500627923947,10.0475197899707,1.59406329877619,0.0046871762294022,0.541980594341625,0.558875252594426,0.53375518370288,5,1,75,-0.136217377587165,0.781586012152972,5,1.62459902800419,0,-33.0302,4705,0.4,0,12,"both",-0.136217377587165,0.781586012152972
"375","session1",-18.500627923947,10.0475197899707,1.59406329877619,0.0046871762294022,0.541980594341625,0.558875252594426,0.53375518370288,5,1,75,-0.136217377587165,0.781586012152972,5,1.83487788827486,0,-28.01339,4705,0.4,0,12,"both",-0.136217377587165,0.781586012152972
"376","session1",1.99454842445638,10.4322176512435,1.91956587430807,0.00305824668663272,0.847806118252175,0.423198365670533,0.284791109467942,6,1,75,-0.136217377587165,0.781586012152972,6,2.83650372573446,1,9.991311717,4705,0.4,0,12,"both",-0.136217377587165,0.781586012152972
"377","session1",1.99454842445638,10.4322176512435,1.91956587430807,0.00305824668663272,0.847806118252175,0.423198365670533,0.284791109467942,6,1,75,-0.136217377587165,0.781586012152972,6,4.43225433828737,0,-5.8419376889,4705,0.4,0,12,"both",-0.136217377587165,0.781586012152972
"378","session1",1.99454842445638,10.4322176512435,1.91956587430807,0.00305824668663272,0.847806118252175,0.423198365670533,0.284791109467942,6,1,75,-0.136217377587165,0.781586012152972,6,3.40476754172263,0,2.8533527061,4705,0.4,0,12,"both",-0.136217377587165,0.781586012152972
"379","session1",1.99454842445638,10.4322176512435,1.91956587430807,0.00305824668663272,0.847806118252175,0.423198365670533,0.284791109467942,6,1,75,-0.136217377587165,0.781586012152972,6,2.94875955894218,1,5.09240023493,4705,0.4,0,12,"both",-0.136217377587165,0.781586012152972
"380","session1",1.99454842445638,10.4322176512435,1.91956587430807,0.00305824668663272,0.847806118252175,0.423198365670533,0.284791109467942,6,1,75,-0.136217377587165,0.781586012152972,6,5.62282197609536,0,1.84890793489,4705,0.4,0,12,"both",-0.136217377587165,0.781586012152972
"381","session1",1.99454842445638,10.4322176512435,1.91956587430807,0.00305824668663272,0.847806118252175,0.423198365670533,0.284791109467942,6,1,75,-0.136217377587165,0.781586012152972,6,5.06723129235422,0,5.39149336308,4705,0.4,0,12,"both",-0.136217377587165,0.781586012152972
"382","session1",1.99454842445638,10.4322176512435,1.91956587430807,0.00305824668663272,0.847806118252175,0.423198365670533,0.284791109467942,6,1,75,-0.136217377587165,0.781586012152972,6,2.1868654381121,0,0.55039,4705,0.4,0,12,"both",-0.136217377587165,0.781586012152972
"383","session1",1.99454842445638,10.4322176512435,1.91956587430807,0.00305824668663272,0.847806118252175,0.423198365670533,0.284791109467942,6,1,75,-0.136217377587165,0.781586012152972,6,3.1377406764927,1,7.1304,4705,0.4,0,12,"both",-0.136217377587165,0.781586012152972
"384","session1",1.99454842445638,10.4322176512435,1.91956587430807,0.00305824668663272,0.847806118252175,0.423198365670533,0.284791109467942,6,1,75,-0.136217377587165,0.781586012152972,6,6.75107981770873,1,2.90384,4705,0.4,0,12,"both",-0.136217377587165,0.781586012152972
"385","session1",1.99454842445638,10.4322176512435,1.91956587430807,0.00305824668663272,0.847806118252175,0.423198365670533,0.284791109467942,6,1,75,-0.136217377587165,0.781586012152972,6,5.4224304198328,0,5.59617,4705,0.4,0,12,"both",-0.136217377587165,0.781586012152972
"386","session1",1.99454842445638,10.4322176512435,1.91956587430807,0.00305824668663272,0.847806118252175,0.423198365670533,0.284791109467942,6,1,75,-0.136217377587165,0.781586012152972,6,8,1,5.7760089929,4705,0.4,0,12,"both",-0.136217377587165,0.781586012152972
"387","session1",1.99454842445638,10.4322176512435,1.91956587430807,0.00305824668663272,0.847806118252175,0.423198365670533,0.284791109467942,6,1,75,-0.136217377587165,0.781586012152972,6,6.38188821489248,1,17.92037,4705,0.4,0,12,"both",-0.136217377587165,0.781586012152972
"388","session1",1.99454842445638,10.4322176512435,1.91956587430807,0.00305824668663272,0.847806118252175,0.423198365670533,0.284791109467942,6,1,75,-0.136217377587165,0.781586012152972,6,6.39563966657991,1,1.93931,4705,0.4,0,12,"both",-0.136217377587165,0.781586012152972
"389","session1",1.99454842445638,10.4322176512435,1.91956587430807,0.00305824668663272,0.847806118252175,0.423198365670533,0.284791109467942,6,1,75,-0.136217377587165,0.781586012152972,6,1.87842570413898,1,-4.77003,4705,0.4,0,12,"both",-0.136217377587165,0.781586012152972
"390","session1",1.99454842445638,10.4322176512435,1.91956587430807,0.00305824668663272,0.847806118252175,0.423198365670533,0.284791109467942,6,1,75,-0.136217377587165,0.781586012152972,6,2.98996113944986,0,-0.8960175907,4705,0.4,0,12,"both",-0.136217377587165,0.781586012152972
"391","session1",1.99454842445638,10.4322176512435,1.91956587430807,0.00305824668663272,0.847806118252175,0.423198365670533,0.284791109467942,6,1,75,-0.136217377587165,0.781586012152972,6,8,0,0.00458000000000069,4705,0.4,0,12,"both",-0.136217377587165,0.781586012152972
"392","session1",1.99454842445638,10.4322176512435,1.91956587430807,0.00305824668663272,0.847806118252175,0.423198365670533,0.284791109467942,6,1,75,-0.136217377587165,0.781586012152972,6,3.77968832982248,0,-2.1611,4705,0.4,0,12,"both",-0.136217377587165,0.781586012152972
"393","session1",1.99454842445638,10.4322176512435,1.91956587430807,0.00305824668663272,0.847806118252175,0.423198365670533,0.284791109467942,6,1,75,-0.136217377587165,0.781586012152972,6,2.50992647671215,1,15.92079,4705,0.4,0,12,"both",-0.136217377587165,0.781586012152972
"394","session1",1.99454842445638,10.4322176512435,1.91956587430807,0.00305824668663272,0.847806118252175,0.423198365670533,0.284791109467942,6,1,75,-0.136217377587165,0.781586012152972,6,3.27498982856258,1,3.837019241816,4705,0.4,0,12,"both",-0.136217377587165,0.781586012152972
"395","session1",1.99454842445638,10.4322176512435,1.91956587430807,0.00305824668663272,0.847806118252175,0.423198365670533,0.284791109467942,6,1,75,-0.136217377587165,0.781586012152972,6,6.08409402980926,0,-1.36978,4705,0.4,0,12,"both",-0.136217377587165,0.781586012152972
"396","session1",1.99454842445638,10.4322176512435,1.91956587430807,0.00305824668663272,0.847806118252175,0.423198365670533,0.284791109467942,6,1,75,-0.136217377587165,0.781586012152972,6,6.32149946206696,1,5.22148,4705,0.4,0,12,"both",-0.136217377587165,0.781586012152972
"397","session1",1.99454842445638,10.4322176512435,1.91956587430807,0.00305824668663272,0.847806118252175,0.423198365670533,0.284791109467942,6,1,75,-0.136217377587165,0.781586012152972,6,2.98274455095852,1,2.6551587321,4705,0.4,0,12,"both",-0.136217377587165,0.781586012152972
"398","session1",1.99454842445638,10.4322176512435,1.91956587430807,0.00305824668663272,0.847806118252175,0.423198365670533,0.284791109467942,6,1,75,-0.136217377587165,0.781586012152972,6,3.95787733582101,1,0.11876,4705,0.4,0,12,"both",-0.136217377587165,0.781586012152972
"399","session1",1.99454842445638,10.4322176512435,1.91956587430807,0.00305824668663272,0.847806118252175,0.423198365670533,0.284791109467942,6,1,75,-0.136217377587165,0.781586012152972,6,1.57939144237237,1,12.94041,4705,0.4,0,12,"both",-0.136217377587165,0.781586012152972
"400","session1",1.99454842445638,10.4322176512435,1.91956587430807,0.00305824668663272,0.847806118252175,0.423198365670533,0.284791109467942,6,1,75,-0.136217377587165,0.781586012152972,6,2.59397583244682,0,-12.12155,4705,0.4,0,12,"both",-0.136217377587165,0.781586012152972
"401","session1",1.99454842445638,10.4322176512435,1.91956587430807,0.00305824668663272,0.847806118252175,0.423198365670533,0.284791109467942,6,1,75,-0.136217377587165,0.781586012152972,6,2.754141323564,1,30.02852,4705,0.4,0,12,"both",-0.136217377587165,0.781586012152972
"402","session1",1.99454842445638,10.4322176512435,1.91956587430807,0.00305824668663272,0.847806118252175,0.423198365670533,0.284791109467942,6,1,75,-0.136217377587165,0.781586012152972,6,3.91423353491921,1,-3.87746,4705,0.4,0,12,"both",-0.136217377587165,0.781586012152972
"403","session1",1.99454842445638,10.4322176512435,1.91956587430807,0.00305824668663272,0.847806118252175,0.423198365670533,0.284791109467942,6,1,75,-0.136217377587165,0.781586012152972,6,4.80278525771056,1,0.45133,4705,0.4,0,12,"both",-0.136217377587165,0.781586012152972
"404","session1",1.99454842445638,10.4322176512435,1.91956587430807,0.00305824668663272,0.847806118252175,0.423198365670533,0.284791109467942,6,1,75,-0.136217377587165,0.781586012152972,6,3.83279831335722,1,4.395883,4705,0.4,0,12,"both",-0.136217377587165,0.781586012152972
"405","session1",1.99454842445638,10.4322176512435,1.91956587430807,0.00305824668663272,0.847806118252175,0.423198365670533,0.284791109467942,6,1,75,-0.136217377587165,0.781586012152972,6,1.82348701822153,0,-2.53192,4705,0.4,0,12,"both",-0.136217377587165,0.781586012152972
"406","session1",1.99454842445638,10.4322176512435,1.91956587430807,0.00305824668663272,0.847806118252175,0.423198365670533,0.284791109467942,6,1,75,-0.136217377587165,0.781586012152972,6,1.84554991441352,1,-8.3757,4705,0.4,0,12,"both",-0.136217377587165,0.781586012152972
"407","session1",1.99454842445638,10.4322176512435,1.91956587430807,0.00305824668663272,0.847806118252175,0.423198365670533,0.284791109467942,6,1,75,-0.136217377587165,0.781586012152972,6,5.27875828977119,1,12.60906,4705,0.4,0,12,"both",-0.136217377587165,0.781586012152972
"408","session1",1.99454842445638,10.4322176512435,1.91956587430807,0.00305824668663272,0.847806118252175,0.423198365670533,0.284791109467942,6,1,75,-0.136217377587165,0.781586012152972,6,4.11153665058146,0,-6.78266,4705,0.4,0,12,"both",-0.136217377587165,0.781586012152972
"409","session1",1.99454842445638,10.4322176512435,1.91956587430807,0.00305824668663272,0.847806118252175,0.423198365670533,0.284791109467942,6,1,75,-0.136217377587165,0.781586012152972,6,2.10054733515816,1,20.65094,4705,0.4,0,12,"both",-0.136217377587165,0.781586012152972
"410","session1",1.99454842445638,10.4322176512435,1.91956587430807,0.00305824668663272,0.847806118252175,0.423198365670533,0.284791109467942,6,1,75,-0.136217377587165,0.781586012152972,6,5.68083452065153,1,10.720128,4705,0.4,0,12,"both",-0.136217377587165,0.781586012152972
"411","session1",1.99454842445638,10.4322176512435,1.91956587430807,0.00305824668663272,0.847806118252175,0.423198365670533,0.284791109467942,6,1,75,-0.136217377587165,0.781586012152972,6,3.10820334967434,0,-12.12115,4705,0.4,0,12,"both",-0.136217377587165,0.781586012152972
"412","session1",1.99454842445638,10.4322176512435,1.91956587430807,0.00305824668663272,0.847806118252175,0.423198365670533,0.284791109467942,6,1,75,-0.136217377587165,0.781586012152972,6,5.05962793438676,1,10.72961,4705,0.4,0,12,"both",-0.136217377587165,0.781586012152972
"413","session1",1.99454842445638,10.4322176512435,1.91956587430807,0.00305824668663272,0.847806118252175,0.423198365670533,0.284791109467942,6,1,75,-0.136217377587165,0.781586012152972,6,5.12669692472737,0,3.78185,4705,0.4,0,12,"both",-0.136217377587165,0.781586012152972
"414","session1",1.99454842445638,10.4322176512435,1.91956587430807,0.00305824668663272,0.847806118252175,0.423198365670533,0.284791109467942,6,1,75,-0.136217377587165,0.781586012152972,6,5.55924087853252,1,7.276455,4705,0.4,0,12,"both",-0.136217377587165,0.781586012152972
"415","session1",1.99454842445638,10.4322176512435,1.91956587430807,0.00305824668663272,0.847806118252175,0.423198365670533,0.284791109467942,6,1,75,-0.136217377587165,0.781586012152972,6,2.86639733807331,0,-3.044068,4705,0.4,0,12,"both",-0.136217377587165,0.781586012152972
"416","session1",1.99454842445638,10.4322176512435,1.91956587430807,0.00305824668663272,0.847806118252175,0.423198365670533,0.284791109467942,6,1,75,-0.136217377587165,0.781586012152972,6,2.3891456107472,1,9.6407,4705,0.4,0,12,"both",-0.136217377587165,0.781586012152972
"417","session1",1.99454842445638,10.4322176512435,1.91956587430807,0.00305824668663272,0.847806118252175,0.423198365670533,0.284791109467942,6,1,75,-0.136217377587165,0.781586012152972,6,8,1,6.29952,4705,0.4,0,12,"both",-0.136217377587165,0.781586012152972
"418","session1",1.99454842445638,10.4322176512435,1.91956587430807,0.00305824668663272,0.847806118252175,0.423198365670533,0.284791109467942,6,1,75,-0.136217377587165,0.781586012152972,6,3.14711288457296,0,-11.321572,4705,0.4,0,12,"both",-0.136217377587165,0.781586012152972
"419","session1",1.99454842445638,10.4322176512435,1.91956587430807,0.00305824668663272,0.847806118252175,0.423198365670533,0.284791109467942,6,1,75,-0.136217377587165,0.781586012152972,6,2.10448311801069,0,-1.84734,4705,0.4,0,12,"both",-0.136217377587165,0.781586012152972
"420","session1",1.99454842445638,10.4322176512435,1.91956587430807,0.00305824668663272,0.847806118252175,0.423198365670533,0.284791109467942,6,1,75,-0.136217377587165,0.781586012152972,6,4.79636870901316,0,-2.979692,4705,0.4,0,12,"both",-0.136217377587165,0.781586012152972
"421","session1",1.99454842445638,10.4322176512435,1.91956587430807,0.00305824668663272,0.847806118252175,0.423198365670533,0.284791109467942,6,1,75,-0.136217377587165,0.781586012152972,6,6.12866865107037,0,-0.71542,4705,0.4,0,12,"both",-0.136217377587165,0.781586012152972
"422","session1",1.99454842445638,10.4322176512435,1.91956587430807,0.00305824668663272,0.847806118252175,0.423198365670533,0.284791109467942,6,1,75,-0.136217377587165,0.781586012152972,6,3.36641180531837,1,-0.73993,4705,0.4,0,12,"both",-0.136217377587165,0.781586012152972
"423","session1",1.99454842445638,10.4322176512435,1.91956587430807,0.00305824668663272,0.847806118252175,0.423198365670533,0.284791109467942,6,1,75,-0.136217377587165,0.781586012152972,6,2.75680972377027,0,-7.35176,4705,0.4,0,12,"both",-0.136217377587165,0.781586012152972
"424","session1",1.99454842445638,10.4322176512435,1.91956587430807,0.00305824668663272,0.847806118252175,0.423198365670533,0.284791109467942,6,1,75,-0.136217377587165,0.781586012152972,6,3.98700816826371,1,-4.69718,4705,0.4,0,12,"both",-0.136217377587165,0.781586012152972
"425","session1",1.99454842445638,10.4322176512435,1.91956587430807,0.00305824668663272,0.847806118252175,0.423198365670533,0.284791109467942,6,1,75,-0.136217377587165,0.781586012152972,6,6.08729883512139,0,-6.28834,4705,0.4,0,12,"both",-0.136217377587165,0.781586012152972
"426","session1",1.99454842445638,10.4322176512435,1.91956587430807,0.00305824668663272,0.847806118252175,0.423198365670533,0.284791109467942,6,1,75,-0.136217377587165,0.781586012152972,6,6.05312520093605,1,-1.87473,4705,0.4,0,12,"both",-0.136217377587165,0.781586012152972
"427","session1",1.99454842445638,10.4322176512435,1.91956587430807,0.00305824668663272,0.847806118252175,0.423198365670533,0.284791109467942,6,1,75,-0.136217377587165,0.781586012152972,6,4.56673646837175,1,11.3358216,4705,0.4,0,12,"both",-0.136217377587165,0.781586012152972
"428","session1",1.99454842445638,10.4322176512435,1.91956587430807,0.00305824668663272,0.847806118252175,0.423198365670533,0.284791109467942,6,1,75,-0.136217377587165,0.781586012152972,6,3.94062310804933,0,-9.02641,4705,0.4,0,12,"both",-0.136217377587165,0.781586012152972
"429","session1",1.99454842445638,10.4322176512435,1.91956587430807,0.00305824668663272,0.847806118252175,0.423198365670533,0.284791109467942,6,1,75,-0.136217377587165,0.781586012152972,6,5.02370318525572,0,-7.50926,4705,0.4,0,12,"both",-0.136217377587165,0.781586012152972
"430","session1",1.99454842445638,10.4322176512435,1.91956587430807,0.00305824668663272,0.847806118252175,0.423198365670533,0.284791109467942,6,1,75,-0.136217377587165,0.781586012152972,6,5.13512928270783,0,-11.93873,4705,0.4,0,12,"both",-0.136217377587165,0.781586012152972
"431","session1",1.99454842445638,10.4322176512435,1.91956587430807,0.00305824668663272,0.847806118252175,0.423198365670533,0.284791109467942,6,1,75,-0.136217377587165,0.781586012152972,6,2.99210412987608,0,8.25445,4705,0.4,0,12,"both",-0.136217377587165,0.781586012152972
"432","session1",1.99454842445638,10.4322176512435,1.91956587430807,0.00305824668663272,0.847806118252175,0.423198365670533,0.284791109467942,6,1,75,-0.136217377587165,0.781586012152972,6,6.13265183323346,1,8.349507,4705,0.4,0,12,"both",-0.136217377587165,0.781586012152972
"433","session1",1.99454842445638,10.4322176512435,1.91956587430807,0.00305824668663272,0.847806118252175,0.423198365670533,0.284791109467942,6,1,75,-0.136217377587165,0.781586012152972,6,4.54339128284582,1,-4.40753,4705,0.4,0,12,"both",-0.136217377587165,0.781586012152972
"434","session1",1.99454842445638,10.4322176512435,1.91956587430807,0.00305824668663272,0.847806118252175,0.423198365670533,0.284791109467942,6,1,75,-0.136217377587165,0.781586012152972,6,3.9629343081068,0,10.58849,4705,0.4,0,12,"both",-0.136217377587165,0.781586012152972
"435","session1",1.99454842445638,10.4322176512435,1.91956587430807,0.00305824668663272,0.847806118252175,0.423198365670533,0.284791109467942,6,1,75,-0.136217377587165,0.781586012152972,6,2.72805231180426,0,-5.43304,4705,0.4,0,12,"both",-0.136217377587165,0.781586012152972
"436","session1",1.99454842445638,10.4322176512435,1.91956587430807,0.00305824668663272,0.847806118252175,0.423198365670533,0.284791109467942,6,1,75,-0.136217377587165,0.781586012152972,6,2.29221606022415,0,-12.03058,4705,0.4,0,12,"both",-0.136217377587165,0.781586012152972
"437","session1",1.99454842445638,10.4322176512435,1.91956587430807,0.00305824668663272,0.847806118252175,0.423198365670533,0.284791109467942,6,1,75,-0.136217377587165,0.781586012152972,6,4.93105998551374,1,9.96372,4705,0.4,0,12,"both",-0.136217377587165,0.781586012152972
"438","session1",1.99454842445638,10.4322176512435,1.91956587430807,0.00305824668663272,0.847806118252175,0.423198365670533,0.284791109467942,6,1,75,-0.136217377587165,0.781586012152972,6,4.06984826021575,0,-12.502828,4705,0.4,0,12,"both",-0.136217377587165,0.781586012152972
"439","session1",1.99454842445638,10.4322176512435,1.91956587430807,0.00305824668663272,0.847806118252175,0.423198365670533,0.284791109467942,6,1,75,-0.136217377587165,0.781586012152972,6,1.8284022454474,1,9.039124,4705,0.4,0,12,"both",-0.136217377587165,0.781586012152972
"440","session1",1.99454842445638,10.4322176512435,1.91956587430807,0.00305824668663272,0.847806118252175,0.423198365670533,0.284791109467942,6,1,75,-0.136217377587165,0.781586012152972,6,3.03085457489232,0,-9.45506,4705,0.4,0,12,"both",-0.136217377587165,0.781586012152972
"441","session1",1.99454842445638,10.4322176512435,1.91956587430807,0.00305824668663272,0.847806118252175,0.423198365670533,0.284791109467942,6,1,75,-0.136217377587165,0.781586012152972,6,2.48604211694507,0,2.70182,4705,0.4,0,12,"both",-0.136217377587165,0.781586012152972
"442","session1",1.99454842445638,10.4322176512435,1.91956587430807,0.00305824668663272,0.847806118252175,0.423198365670533,0.284791109467942,6,1,75,-0.136217377587165,0.781586012152972,6,2.35130065025955,0,-6.464461,4705,0.4,0,12,"both",-0.136217377587165,0.781586012152972
"443","session1",1.99454842445638,10.4322176512435,1.91956587430807,0.00305824668663272,0.847806118252175,0.423198365670533,0.284791109467942,6,1,75,-0.136217377587165,0.781586012152972,6,4.2913246704595,0,7.665347,4705,0.4,0,12,"both",-0.136217377587165,0.781586012152972
"444","session1",1.99454842445638,10.4322176512435,1.91956587430807,0.00305824668663272,0.847806118252175,0.423198365670533,0.284791109467942,6,1,75,-0.136217377587165,0.781586012152972,6,4.73086748154636,0,10.17238,4705,0.4,0,12,"both",-0.136217377587165,0.781586012152972
"445","session1",1.99454842445638,10.4322176512435,1.91956587430807,0.00305824668663272,0.847806118252175,0.423198365670533,0.284791109467942,6,1,75,-0.136217377587165,0.781586012152972,6,5.70594818957073,1,8.443322,4705,0.4,0,12,"both",-0.136217377587165,0.781586012152972
"446","session1",1.99454842445638,10.4322176512435,1.91956587430807,0.00305824668663272,0.847806118252175,0.423198365670533,0.284791109467942,6,1,75,-0.136217377587165,0.781586012152972,6,5.75949483841266,1,4.83391,4705,0.4,0,12,"both",-0.136217377587165,0.781586012152972
"447","session1",1.99454842445638,10.4322176512435,1.91956587430807,0.00305824668663272,0.847806118252175,0.423198365670533,0.284791109467942,6,1,75,-0.136217377587165,0.781586012152972,6,3.11345814656341,1,21.38228,4705,0.4,0,12,"both",-0.136217377587165,0.781586012152972
"448","session1",1.99454842445638,10.4322176512435,1.91956587430807,0.00305824668663272,0.847806118252175,0.423198365670533,0.284791109467942,6,1,75,-0.136217377587165,0.781586012152972,6,3.35780812416088,1,7.5684,4705,0.4,0,12,"both",-0.136217377587165,0.781586012152972
"449","session1",1.99454842445638,10.4322176512435,1.91956587430807,0.00305824668663272,0.847806118252175,0.423198365670533,0.284791109467942,6,1,75,-0.136217377587165,0.781586012152972,6,2.27056749564748,1,4.59562,4705,0.4,0,12,"both",-0.136217377587165,0.781586012152972
"450","session1",1.99454842445638,10.4322176512435,1.91956587430807,0.00305824668663272,0.847806118252175,0.423198365670533,0.284791109467942,6,1,75,-0.136217377587165,0.781586012152972,6,4.49844726277358,0,-11.86115,4705,0.4,0,12,"both",-0.136217377587165,0.781586012152972
"451","session1",-8.79167253054344,17.3346518452148,3.76042365621006,0.000405503152422763,-0.495788564277725,0.732081302989373,0.85133271863937,7,1,75,-0.136217377587165,0.781586012152972,7,1.53409447683417,0,-14.0815310285,4705,0.4,0,12,"both",-0.136217377587165,0.781586012152972
"452","session1",-8.79167253054344,17.3346518452148,3.76042365621006,0.000405503152422763,-0.495788564277725,0.732081302989373,0.85133271863937,7,1,75,-0.136217377587165,0.781586012152972,7,2.33716488876432,0,3.9387882889,4705,0.4,0,12,"both",-0.136217377587165,0.781586012152972
"453","session1",-8.79167253054344,17.3346518452148,3.76042365621006,0.000405503152422763,-0.495788564277725,0.732081302989373,0.85133271863937,7,1,75,-0.136217377587165,0.781586012152972,7,1.83046999742898,1,12.989862727,4705,0.4,0,12,"both",-0.136217377587165,0.781586012152972
"454","session1",-8.79167253054344,17.3346518452148,3.76042365621006,0.000405503152422763,-0.495788564277725,0.732081302989373,0.85133271863937,7,1,75,-0.136217377587165,0.781586012152972,7,4.6222495205572,1,7.3026957579,4705,0.4,0,12,"both",-0.136217377587165,0.781586012152972
"455","session1",-8.79167253054344,17.3346518452148,3.76042365621006,0.000405503152422763,-0.495788564277725,0.732081302989373,0.85133271863937,7,1,75,-0.136217377587165,0.781586012152972,7,3.9843856541389,1,19.88817,4705,0.4,0,12,"both",-0.136217377587165,0.781586012152972
"456","session1",-8.79167253054344,17.3346518452148,3.76042365621006,0.000405503152422763,-0.495788564277725,0.732081302989373,0.85133271863937,7,1,75,-0.136217377587165,0.781586012152972,7,3.39610565971297,1,10.48102,4705,0.4,0,12,"both",-0.136217377587165,0.781586012152972
"457","session1",-8.79167253054344,17.3346518452148,3.76042365621006,0.000405503152422763,-0.495788564277725,0.732081302989373,0.85133271863937,7,1,75,-0.136217377587165,0.781586012152972,7,1.72055501825707,1,4.92461,4705,0.4,0,12,"both",-0.136217377587165,0.781586012152972
"458","session1",-8.79167253054344,17.3346518452148,3.76042365621006,0.000405503152422763,-0.495788564277725,0.732081302989373,0.85133271863937,7,1,75,-0.136217377587165,0.781586012152972,7,2.04610089828765,0,-6.33547,4705,0.4,0,12,"both",-0.136217377587165,0.781586012152972
"459","session1",-8.79167253054344,17.3346518452148,3.76042365621006,0.000405503152422763,-0.495788564277725,0.732081302989373,0.85133271863937,7,1,75,-0.136217377587165,0.781586012152972,7,1.04838215030342,1,12.69877,4705,0.4,0,12,"both",-0.136217377587165,0.781586012152972
"460","session1",-8.79167253054344,17.3346518452148,3.76042365621006,0.000405503152422763,-0.495788564277725,0.732081302989373,0.85133271863937,7,1,75,-0.136217377587165,0.781586012152972,7,1.76643508180925,1,6.9372488,4705,0.4,0,12,"both",-0.136217377587165,0.781586012152972
"461","session1",-8.79167253054344,17.3346518452148,3.76042365621006,0.000405503152422763,-0.495788564277725,0.732081302989373,0.85133271863937,7,1,75,-0.136217377587165,0.781586012152972,7,2.23496493432896,0,3.08278,4705,0.4,0,12,"both",-0.136217377587165,0.781586012152972
"462","session1",-8.79167253054344,17.3346518452148,3.76042365621006,0.000405503152422763,-0.495788564277725,0.732081302989373,0.85133271863937,7,1,75,-0.136217377587165,0.781586012152972,7,1.26414955011632,1,3.4988859217,4705,0.4,0,12,"both",-0.136217377587165,0.781586012152972
"463","session1",-8.79167253054344,17.3346518452148,3.76042365621006,0.000405503152422763,-0.495788564277725,0.732081302989373,0.85133271863937,7,1,75,-0.136217377587165,0.781586012152972,7,1.61731971389207,1,-3.87149,4705,0.4,0,12,"both",-0.136217377587165,0.781586012152972
"464","session1",-8.79167253054344,17.3346518452148,3.76042365621006,0.000405503152422763,-0.495788564277725,0.732081302989373,0.85133271863937,7,1,75,-0.136217377587165,0.781586012152972,7,4.8513561773387,0,-11.1299,4705,0.4,0,12,"both",-0.136217377587165,0.781586012152972
"465","session1",-8.79167253054344,17.3346518452148,3.76042365621006,0.000405503152422763,-0.495788564277725,0.732081302989373,0.85133271863937,7,1,75,-0.136217377587165,0.781586012152972,7,1.75940038607807,1,4.79082,4705,0.4,0,12,"both",-0.136217377587165,0.781586012152972
"466","session1",-8.79167253054344,17.3346518452148,3.76042365621006,0.000405503152422763,-0.495788564277725,0.732081302989373,0.85133271863937,7,1,75,-0.136217377587165,0.781586012152972,7,2.0388377760511,0,-5.7746,4705,0.4,0,12,"both",-0.136217377587165,0.781586012152972
"467","session1",-8.79167253054344,17.3346518452148,3.76042365621006,0.000405503152422763,-0.495788564277725,0.732081302989373,0.85133271863937,7,1,75,-0.136217377587165,0.781586012152972,7,3.96824158183473,1,-10.28437,4705,0.4,0,12,"both",-0.136217377587165,0.781586012152972
"468","session1",-8.79167253054344,17.3346518452148,3.76042365621006,0.000405503152422763,-0.495788564277725,0.732081302989373,0.85133271863937,7,1,75,-0.136217377587165,0.781586012152972,7,1.40418922834997,0,-7.41584,4705,0.4,0,12,"both",-0.136217377587165,0.781586012152972
"469","session1",-8.79167253054344,17.3346518452148,3.76042365621006,0.000405503152422763,-0.495788564277725,0.732081302989373,0.85133271863937,7,1,75,-0.136217377587165,0.781586012152972,7,1.8211900540799,1,-22.54668,4705,0.4,0,12,"both",-0.136217377587165,0.781586012152972
"470","session1",-8.79167253054344,17.3346518452148,3.76042365621006,0.000405503152422763,-0.495788564277725,0.732081302989373,0.85133271863937,7,1,75,-0.136217377587165,0.781586012152972,7,1.4655208774941,0,-24.24459,4705,0.4,0,12,"both",-0.136217377587165,0.781586012152972
"471","session1",-8.79167253054344,17.3346518452148,3.76042365621006,0.000405503152422763,-0.495788564277725,0.732081302989373,0.85133271863937,7,1,75,-0.136217377587165,0.781586012152972,7,1.56205933237475,1,-3.29245088307,4705,0.4,0,12,"both",-0.136217377587165,0.781586012152972
"472","session1",-8.79167253054344,17.3346518452148,3.76042365621006,0.000405503152422763,-0.495788564277725,0.732081302989373,0.85133271863937,7,1,75,-0.136217377587165,0.781586012152972,7,1.41965858653053,1,27.36153,4705,0.4,0,12,"both",-0.136217377587165,0.781586012152972
"473","session1",-8.79167253054344,17.3346518452148,3.76042365621006,0.000405503152422763,-0.495788564277725,0.732081302989373,0.85133271863937,7,1,75,-0.136217377587165,0.781586012152972,7,3.6424725849344,1,-3.3194,4705,0.4,0,12,"both",-0.136217377587165,0.781586012152972
"474","session1",-8.79167253054344,17.3346518452148,3.76042365621006,0.000405503152422763,-0.495788564277725,0.732081302989373,0.85133271863937,7,1,75,-0.136217377587165,0.781586012152972,7,2.42159980480694,0,-8.6023660696,4705,0.4,0,12,"both",-0.136217377587165,0.781586012152972
"475","session1",-8.79167253054344,17.3346518452148,3.76042365621006,0.000405503152422763,-0.495788564277725,0.732081302989373,0.85133271863937,7,1,75,-0.136217377587165,0.781586012152972,7,7.23133832958051,0,-22.75731,4705,0.4,0,12,"both",-0.136217377587165,0.781586012152972
"476","session1",-8.79167253054344,17.3346518452148,3.76042365621006,0.000405503152422763,-0.495788564277725,0.732081302989373,0.85133271863937,7,1,75,-0.136217377587165,0.781586012152972,7,1.42280098375441,1,8.651044,4705,0.4,0,12,"both",-0.136217377587165,0.781586012152972
"477","session1",-8.79167253054344,17.3346518452148,3.76042365621006,0.000405503152422763,-0.495788564277725,0.732081302989373,0.85133271863937,7,1,75,-0.136217377587165,0.781586012152972,7,1.88590665273275,0,-37.93083,4705,0.4,0,12,"both",-0.136217377587165,0.781586012152972
"478","session1",-8.79167253054344,17.3346518452148,3.76042365621006,0.000405503152422763,-0.495788564277725,0.732081302989373,0.85133271863937,7,1,75,-0.136217377587165,0.781586012152972,7,1.73343015228763,1,-12.76468,4705,0.4,0,12,"both",-0.136217377587165,0.781586012152972
"479","session1",-8.79167253054344,17.3346518452148,3.76042365621006,0.000405503152422763,-0.495788564277725,0.732081302989373,0.85133271863937,7,1,75,-0.136217377587165,0.781586012152972,7,2.21469230209366,0,-12.7554,4705,0.4,0,12,"both",-0.136217377587165,0.781586012152972
"480","session1",-8.79167253054344,17.3346518452148,3.76042365621006,0.000405503152422763,-0.495788564277725,0.732081302989373,0.85133271863937,7,1,75,-0.136217377587165,0.781586012152972,7,2.06986233788606,0,-26.57441,4705,0.4,0,12,"both",-0.136217377587165,0.781586012152972
"481","session1",-8.79167253054344,17.3346518452148,3.76042365621006,0.000405503152422763,-0.495788564277725,0.732081302989373,0.85133271863937,7,1,75,-0.136217377587165,0.781586012152972,7,3.30237133507685,1,7.93978,4705,0.4,0,12,"both",-0.136217377587165,0.781586012152972
"482","session1",-8.79167253054344,17.3346518452148,3.76042365621006,0.000405503152422763,-0.495788564277725,0.732081302989373,0.85133271863937,7,1,75,-0.136217377587165,0.781586012152972,7,1.7234155771611,1,5.71577,4705,0.4,0,12,"both",-0.136217377587165,0.781586012152972
"483","session1",-8.79167253054344,17.3346518452148,3.76042365621006,0.000405503152422763,-0.495788564277725,0.732081302989373,0.85133271863937,7,1,75,-0.136217377587165,0.781586012152972,7,3.2943546931344,0,-19.20491,4705,0.4,0,12,"both",-0.136217377587165,0.781586012152972
"484","session1",-8.79167253054344,17.3346518452148,3.76042365621006,0.000405503152422763,-0.495788564277725,0.732081302989373,0.85133271863937,7,1,75,-0.136217377587165,0.781586012152972,7,1.70936775063143,1,-0.835460000000001,4705,0.4,0,12,"both",-0.136217377587165,0.781586012152972
"485","session1",-8.79167253054344,17.3346518452148,3.76042365621006,0.000405503152422763,-0.495788564277725,0.732081302989373,0.85133271863937,7,1,75,-0.136217377587165,0.781586012152972,7,1.63778274280865,0,-15.23488,4705,0.4,0,12,"both",-0.136217377587165,0.781586012152972
"486","session1",-8.79167253054344,17.3346518452148,3.76042365621006,0.000405503152422763,-0.495788564277725,0.732081302989373,0.85133271863937,7,1,75,-0.136217377587165,0.781586012152972,7,2.42215499522182,1,5.67831,4705,0.4,0,12,"both",-0.136217377587165,0.781586012152972
"487","session1",-8.79167253054344,17.3346518452148,3.76042365621006,0.000405503152422763,-0.495788564277725,0.732081302989373,0.85133271863937,7,1,75,-0.136217377587165,0.781586012152972,7,4.19065261740439,0,-10.86629,4705,0.4,0,12,"both",-0.136217377587165,0.781586012152972
"488","session1",-8.79167253054344,17.3346518452148,3.76042365621006,0.000405503152422763,-0.495788564277725,0.732081302989373,0.85133271863937,7,1,75,-0.136217377587165,0.781586012152972,7,1.57132330035578,1,5.61627,4705,0.4,0,12,"both",-0.136217377587165,0.781586012152972
"489","session1",-8.79167253054344,17.3346518452148,3.76042365621006,0.000405503152422763,-0.495788564277725,0.732081302989373,0.85133271863937,7,1,75,-0.136217377587165,0.781586012152972,7,4.75324428805023,1,10.19628,4705,0.4,0,12,"both",-0.136217377587165,0.781586012152972
"490","session1",-8.79167253054344,17.3346518452148,3.76042365621006,0.000405503152422763,-0.495788564277725,0.732081302989373,0.85133271863937,7,1,75,-0.136217377587165,0.781586012152972,7,4.92088536662088,1,0.380890000000001,4705,0.4,0,12,"both",-0.136217377587165,0.781586012152972
"491","session1",-8.79167253054344,17.3346518452148,3.76042365621006,0.000405503152422763,-0.495788564277725,0.732081302989373,0.85133271863937,7,1,75,-0.136217377587165,0.781586012152972,7,2.5397215537187,1,3.643472,4705,0.4,0,12,"both",-0.136217377587165,0.781586012152972
"492","session1",-8.79167253054344,17.3346518452148,3.76042365621006,0.000405503152422763,-0.495788564277725,0.732081302989373,0.85133271863937,7,1,75,-0.136217377587165,0.781586012152972,7,1.77557901523766,1,-13.52542,4705,0.4,0,12,"both",-0.136217377587165,0.781586012152972
"493","session1",-8.79167253054344,17.3346518452148,3.76042365621006,0.000405503152422763,-0.495788564277725,0.732081302989373,0.85133271863937,7,1,75,-0.136217377587165,0.781586012152972,7,2.00865350811463,1,0.9611,4705,0.4,0,12,"both",-0.136217377587165,0.781586012152972
"494","session1",-8.79167253054344,17.3346518452148,3.76042365621006,0.000405503152422763,-0.495788564277725,0.732081302989373,0.85133271863937,7,1,75,-0.136217377587165,0.781586012152972,7,4.93647786582257,0,-20.20889,4705,0.4,0,12,"both",-0.136217377587165,0.781586012152972
"495","session1",-8.79167253054344,17.3346518452148,3.76042365621006,0.000405503152422763,-0.495788564277725,0.732081302989373,0.85133271863937,7,1,75,-0.136217377587165,0.781586012152972,7,1.33770497686089,1,-16.46222,4705,0.4,0,12,"both",-0.136217377587165,0.781586012152972
"496","session1",-8.79167253054344,17.3346518452148,3.76042365621006,0.000405503152422763,-0.495788564277725,0.732081302989373,0.85133271863937,7,1,75,-0.136217377587165,0.781586012152972,7,2.60390118963803,0,-15.21818,4705,0.4,0,12,"both",-0.136217377587165,0.781586012152972
"497","session1",-8.79167253054344,17.3346518452148,3.76042365621006,0.000405503152422763,-0.495788564277725,0.732081302989373,0.85133271863937,7,1,75,-0.136217377587165,0.781586012152972,7,2.03410833225448,1,-5.35976,4705,0.4,0,12,"both",-0.136217377587165,0.781586012152972
"498","session1",-8.79167253054344,17.3346518452148,3.76042365621006,0.000405503152422763,-0.495788564277725,0.732081302989373,0.85133271863937,7,1,75,-0.136217377587165,0.781586012152972,7,3.01371089166659,1,-0.612590000000001,4705,0.4,0,12,"both",-0.136217377587165,0.781586012152972
"499","session1",-8.79167253054344,17.3346518452148,3.76042365621006,0.000405503152422763,-0.495788564277725,0.732081302989373,0.85133271863937,7,1,75,-0.136217377587165,0.781586012152972,7,2.74683121055531,1,-0.86378,4705,0.4,0,12,"both",-0.136217377587165,0.781586012152972
"500","session1",-8.79167253054344,17.3346518452148,3.76042365621006,0.000405503152422763,-0.495788564277725,0.732081302989373,0.85133271863937,7,1,75,-0.136217377587165,0.781586012152972,7,1.54284391003817,0,-19.43369,4705,0.4,0,12,"both",-0.136217377587165,0.781586012152972
"501","session1",-8.79167253054344,17.3346518452148,3.76042365621006,0.000405503152422763,-0.495788564277725,0.732081302989373,0.85133271863937,7,1,75,-0.136217377587165,0.781586012152972,7,2.50809943600347,0,-19.52533,4705,0.4,0,12,"both",-0.136217377587165,0.781586012152972
"502","session1",-8.79167253054344,17.3346518452148,3.76042365621006,0.000405503152422763,-0.495788564277725,0.732081302989373,0.85133271863937,7,1,75,-0.136217377587165,0.781586012152972,7,3.06952779362175,0,-21.6128,4705,0.4,0,12,"both",-0.136217377587165,0.781586012152972
"503","session1",-8.79167253054344,17.3346518452148,3.76042365621006,0.000405503152422763,-0.495788564277725,0.732081302989373,0.85133271863937,7,1,75,-0.136217377587165,0.781586012152972,7,1.86572004082258,0,-13.80317,4705,0.4,0,12,"both",-0.136217377587165,0.781586012152972
"504","session1",-8.79167253054344,17.3346518452148,3.76042365621006,0.000405503152422763,-0.495788564277725,0.732081302989373,0.85133271863937,7,1,75,-0.136217377587165,0.781586012152972,7,2.34521796005466,1,-18.73191,4705,0.4,0,12,"both",-0.136217377587165,0.781586012152972
"505","session1",-8.79167253054344,17.3346518452148,3.76042365621006,0.000405503152422763,-0.495788564277725,0.732081302989373,0.85133271863937,7,1,75,-0.136217377587165,0.781586012152972,7,1.39911268732086,0,-5.07033,4705,0.4,0,12,"both",-0.136217377587165,0.781586012152972
"506","session1",-8.79167253054344,17.3346518452148,3.76042365621006,0.000405503152422763,-0.495788564277725,0.732081302989373,0.85133271863937,7,1,75,-0.136217377587165,0.781586012152972,7,1.83919260943546,1,-5.33299,4705,0.4,0,12,"both",-0.136217377587165,0.781586012152972
"507","session1",-8.79167253054344,17.3346518452148,3.76042365621006,0.000405503152422763,-0.495788564277725,0.732081302989373,0.85133271863937,7,1,75,-0.136217377587165,0.781586012152972,7,1.60648436209655,1,-9.0095489,4705,0.4,0,12,"both",-0.136217377587165,0.781586012152972
"508","session1",-8.79167253054344,17.3346518452148,3.76042365621006,0.000405503152422763,-0.495788564277725,0.732081302989373,0.85133271863937,7,1,75,-0.136217377587165,0.781586012152972,7,1.33715516306551,0,-26.697,4705,0.4,0,12,"both",-0.136217377587165,0.781586012152972
"509","session1",-8.79167253054344,17.3346518452148,3.76042365621006,0.000405503152422763,-0.495788564277725,0.732081302989373,0.85133271863937,7,1,75,-0.136217377587165,0.781586012152972,7,2.81820148795028,1,14.2183,4705,0.4,0,12,"both",-0.136217377587165,0.781586012152972
"510","session1",-8.79167253054344,17.3346518452148,3.76042365621006,0.000405503152422763,-0.495788564277725,0.732081302989373,0.85133271863937,7,1,75,-0.136217377587165,0.781586012152972,7,2.51063455268417,1,6.01911,4705,0.4,0,12,"both",-0.136217377587165,0.781586012152972
"511","session1",-8.79167253054344,17.3346518452148,3.76042365621006,0.000405503152422763,-0.495788564277725,0.732081302989373,0.85133271863937,7,1,75,-0.136217377587165,0.781586012152972,7,1.39049641286125,1,-15.43574,4705,0.4,0,12,"both",-0.136217377587165,0.781586012152972
"512","session1",-8.79167253054344,17.3346518452148,3.76042365621006,0.000405503152422763,-0.495788564277725,0.732081302989373,0.85133271863937,7,1,75,-0.136217377587165,0.781586012152972,7,1.3478590634098,0,-24.89872,4705,0.4,0,12,"both",-0.136217377587165,0.781586012152972
"513","session1",-8.79167253054344,17.3346518452148,3.76042365621006,0.000405503152422763,-0.495788564277725,0.732081302989373,0.85133271863937,7,1,75,-0.136217377587165,0.781586012152972,7,4.68960559616538,1,-2.84241,4705,0.4,0,12,"both",-0.136217377587165,0.781586012152972
"514","session1",-8.79167253054344,17.3346518452148,3.76042365621006,0.000405503152422763,-0.495788564277725,0.732081302989373,0.85133271863937,7,1,75,-0.136217377587165,0.781586012152972,7,1.88372990237369,0,-21.52794,4705,0.4,0,12,"both",-0.136217377587165,0.781586012152972
"515","session1",-8.79167253054344,17.3346518452148,3.76042365621006,0.000405503152422763,-0.495788564277725,0.732081302989373,0.85133271863937,7,1,75,-0.136217377587165,0.781586012152972,7,1.50284679381005,1,-20.42704,4705,0.4,0,12,"both",-0.136217377587165,0.781586012152972
"516","session1",-8.79167253054344,17.3346518452148,3.76042365621006,0.000405503152422763,-0.495788564277725,0.732081302989373,0.85133271863937,7,1,75,-0.136217377587165,0.781586012152972,7,1.2522330605884,0,-27.9057,4705,0.4,0,12,"both",-0.136217377587165,0.781586012152972
"517","session1",-8.79167253054344,17.3346518452148,3.76042365621006,0.000405503152422763,-0.495788564277725,0.732081302989373,0.85133271863937,7,1,75,-0.136217377587165,0.781586012152972,7,2.40711600828768,1,2.0304,4705,0.4,0,12,"both",-0.136217377587165,0.781586012152972
"518","session1",-8.79167253054344,17.3346518452148,3.76042365621006,0.000405503152422763,-0.495788564277725,0.732081302989373,0.85133271863937,7,1,75,-0.136217377587165,0.781586012152972,7,2.98484500429341,0,-15.1288,4705,0.4,0,12,"both",-0.136217377587165,0.781586012152972
"519","session1",-8.79167253054344,17.3346518452148,3.76042365621006,0.000405503152422763,-0.495788564277725,0.732081302989373,0.85133271863937,7,1,75,-0.136217377587165,0.781586012152972,7,3.47187217249138,0,-19.10083,4705,0.4,0,12,"both",-0.136217377587165,0.781586012152972
"520","session1",-8.79167253054344,17.3346518452148,3.76042365621006,0.000405503152422763,-0.495788564277725,0.732081302989373,0.85133271863937,7,1,75,-0.136217377587165,0.781586012152972,7,1.49889186936097,0,-26.914,4705,0.4,0,12,"both",-0.136217377587165,0.781586012152972
"521","session1",-8.79167253054344,17.3346518452148,3.76042365621006,0.000405503152422763,-0.495788564277725,0.732081302989373,0.85133271863937,7,1,75,-0.136217377587165,0.781586012152972,7,2.7648934955654,0,-21.91005,4705,0.4,0,12,"both",-0.136217377587165,0.781586012152972
"522","session1",-8.79167253054344,17.3346518452148,3.76042365621006,0.000405503152422763,-0.495788564277725,0.732081302989373,0.85133271863937,7,1,75,-0.136217377587165,0.781586012152972,7,1.81839931067164,0,-28.3587,4705,0.4,0,12,"both",-0.136217377587165,0.781586012152972
"523","session1",-8.79167253054344,17.3346518452148,3.76042365621006,0.000405503152422763,-0.495788564277725,0.732081302989373,0.85133271863937,7,1,75,-0.136217377587165,0.781586012152972,7,6.98544263108543,1,2.166,4705,0.4,0,12,"both",-0.136217377587165,0.781586012152972
"524","session1",-8.79167253054344,17.3346518452148,3.76042365621006,0.000405503152422763,-0.495788564277725,0.732081302989373,0.85133271863937,7,1,75,-0.136217377587165,0.781586012152972,7,3.78871243187822,1,-17.13221,4705,0.4,0,12,"both",-0.136217377587165,0.781586012152972
"525","session1",-8.79167253054344,17.3346518452148,3.76042365621006,0.000405503152422763,-0.495788564277725,0.732081302989373,0.85133271863937,7,1,75,-0.136217377587165,0.781586012152972,7,1.41026999296635,1,1.81143,4705,0.4,0,12,"both",-0.136217377587165,0.781586012152972
"526","session1",-3.36660598649689,11.8803765048611,1.91238484666744,0.00358824817956771,0.739389761766818,0.497030152828131,0.344418072466079,8,1,75,-0.136217377587165,0.781586012152972,8,3.69814652619951,0,-7.33868114134,4705,0.4,0,12,"both",-0.136217377587165,0.781586012152972
"527","session1",-3.36660598649689,11.8803765048611,1.91238484666744,0.00358824817956771,0.739389761766818,0.497030152828131,0.344418072466079,8,1,75,-0.136217377587165,0.781586012152972,8,2.64861201653358,1,6.972304015,4705,0.4,0,12,"both",-0.136217377587165,0.781586012152972
"528","session1",-3.36660598649689,11.8803765048611,1.91238484666744,0.00358824817956771,0.739389761766818,0.497030152828131,0.344418072466079,8,1,75,-0.136217377587165,0.781586012152972,8,7.92443947929518,1,-0.85828978542,4705,0.4,0,12,"both",-0.136217377587165,0.781586012152972
"529","session1",-3.36660598649689,11.8803765048611,1.91238484666744,0.00358824817956771,0.739389761766818,0.497030152828131,0.344418072466079,8,1,75,-0.136217377587165,0.781586012152972,8,7.85192153898832,1,-5.0036518736,4705,0.4,0,12,"both",-0.136217377587165,0.781586012152972
"530","session1",-3.36660598649689,11.8803765048611,1.91238484666744,0.00358824817956771,0.739389761766818,0.497030152828131,0.344418072466079,8,1,75,-0.136217377587165,0.781586012152972,8,4.35085119581347,0,-22.01572,4705,0.4,0,12,"both",-0.136217377587165,0.781586012152972
"531","session1",-3.36660598649689,11.8803765048611,1.91238484666744,0.00358824817956771,0.739389761766818,0.497030152828131,0.344418072466079,8,1,75,-0.136217377587165,0.781586012152972,8,4.06974873221488,1,8.13851,4705,0.4,0,12,"both",-0.136217377587165,0.781586012152972
"532","session1",-3.36660598649689,11.8803765048611,1.91238484666744,0.00358824817956771,0.739389761766818,0.497030152828131,0.344418072466079,8,1,75,-0.136217377587165,0.781586012152972,8,3.040123822058,1,2.26062,4705,0.4,0,12,"both",-0.136217377587165,0.781586012152972
"533","session1",-3.36660598649689,11.8803765048611,1.91238484666744,0.00358824817956771,0.739389761766818,0.497030152828131,0.344418072466079,8,1,75,-0.136217377587165,0.781586012152972,8,6.6216380342056,0,-16.18606,4705,0.4,0,12,"both",-0.136217377587165,0.781586012152972
"534","session1",-3.36660598649689,11.8803765048611,1.91238484666744,0.00358824817956771,0.739389761766818,0.497030152828131,0.344418072466079,8,1,75,-0.136217377587165,0.781586012152972,8,3.47591401674925,1,-6.0903,4705,0.4,0,12,"both",-0.136217377587165,0.781586012152972
"535","session1",-3.36660598649689,11.8803765048611,1.91238484666744,0.00358824817956771,0.739389761766818,0.497030152828131,0.344418072466079,8,1,75,-0.136217377587165,0.781586012152972,8,2.83346288729687,1,-3.55029,4705,0.4,0,12,"both",-0.136217377587165,0.781586012152972
"536","session1",-3.36660598649689,11.8803765048611,1.91238484666744,0.00358824817956771,0.739389761766818,0.497030152828131,0.344418072466079,8,1,75,-0.136217377587165,0.781586012152972,8,2.10050789432301,0,-12.91997,4705,0.4,0,12,"both",-0.136217377587165,0.781586012152972
"537","session1",-3.36660598649689,11.8803765048611,1.91238484666744,0.00358824817956771,0.739389761766818,0.497030152828131,0.344418072466079,8,1,75,-0.136217377587165,0.781586012152972,8,2.73922201875196,1,-5.51699,4705,0.4,0,12,"both",-0.136217377587165,0.781586012152972
"538","session1",-3.36660598649689,11.8803765048611,1.91238484666744,0.00358824817956771,0.739389761766818,0.497030152828131,0.344418072466079,8,1,75,-0.136217377587165,0.781586012152972,8,2.54206025170547,0,5.37768,4705,0.4,0,12,"both",-0.136217377587165,0.781586012152972
"539","session1",-3.36660598649689,11.8803765048611,1.91238484666744,0.00358824817956771,0.739389761766818,0.497030152828131,0.344418072466079,8,1,75,-0.136217377587165,0.781586012152972,8,3.6069116619144,0,-8.72937533,4705,0.4,0,12,"both",-0.136217377587165,0.781586012152972
"540","session1",-3.36660598649689,11.8803765048611,1.91238484666744,0.00358824817956771,0.739389761766818,0.497030152828131,0.344418072466079,8,1,75,-0.136217377587165,0.781586012152972,8,5.52860813865428,1,-7.11297,4705,0.4,0,12,"both",-0.136217377587165,0.781586012152972
"541","session1",-3.36660598649689,11.8803765048611,1.91238484666744,0.00358824817956771,0.739389761766818,0.497030152828131,0.344418072466079,8,1,75,-0.136217377587165,0.781586012152972,8,4.52245479989064,0,-5.09568,4705,0.4,0,12,"both",-0.136217377587165,0.781586012152972
"542","session1",-3.36660598649689,11.8803765048611,1.91238484666744,0.00358824817956771,0.739389761766818,0.497030152828131,0.344418072466079,8,1,75,-0.136217377587165,0.781586012152972,8,3.38734136100898,1,5.4618,4705,0.4,0,12,"both",-0.136217377587165,0.781586012152972
"543","session1",-3.36660598649689,11.8803765048611,1.91238484666744,0.00358824817956771,0.739389761766818,0.497030152828131,0.344418072466079,8,1,75,-0.136217377587165,0.781586012152972,8,2.20027227381787,0,-9.332,4705,0.4,0,12,"both",-0.136217377587165,0.781586012152972
"544","session1",-3.36660598649689,11.8803765048611,1.91238484666744,0.00358824817956771,0.739389761766818,0.497030152828131,0.344418072466079,8,1,75,-0.136217377587165,0.781586012152972,8,4.87050530788631,0,-8.26393,4705,0.4,0,12,"both",-0.136217377587165,0.781586012152972
"545","session1",-3.36660598649689,11.8803765048611,1.91238484666744,0.00358824817956771,0.739389761766818,0.497030152828131,0.344418072466079,8,1,75,-0.136217377587165,0.781586012152972,8,3.95423802458849,1,-0.671,4705,0.4,0,12,"both",-0.136217377587165,0.781586012152972
"546","session1",-3.36660598649689,11.8803765048611,1.91238484666744,0.00358824817956771,0.739389761766818,0.497030152828131,0.344418072466079,8,1,75,-0.136217377587165,0.781586012152972,8,5.52758790956229,1,-4.72102,4705,0.4,0,12,"both",-0.136217377587165,0.781586012152972
"547","session1",-3.36660598649689,11.8803765048611,1.91238484666744,0.00358824817956771,0.739389761766818,0.497030152828131,0.344418072466079,8,1,75,-0.136217377587165,0.781586012152972,8,1.55093411561044,0,-11.60447,4705,0.4,0,12,"both",-0.136217377587165,0.781586012152972
"548","session1",-3.36660598649689,11.8803765048611,1.91238484666744,0.00358824817956771,0.739389761766818,0.497030152828131,0.344418072466079,8,1,75,-0.136217377587165,0.781586012152972,8,2.27370106314972,1,-14.25223,4705,0.4,0,12,"both",-0.136217377587165,0.781586012152972
"549","session1",-3.36660598649689,11.8803765048611,1.91238484666744,0.00358824817956771,0.739389761766818,0.497030152828131,0.344418072466079,8,1,75,-0.136217377587165,0.781586012152972,8,4.35724424881109,0,-7.8084,4705,0.4,0,12,"both",-0.136217377587165,0.781586012152972
"550","session1",-3.36660598649689,11.8803765048611,1.91238484666744,0.00358824817956771,0.739389761766818,0.497030152828131,0.344418072466079,8,1,75,-0.136217377587165,0.781586012152972,8,2.44128237641526,1,24.85356,4705,0.4,0,12,"both",-0.136217377587165,0.781586012152972
"551","session1",-3.36660598649689,11.8803765048611,1.91238484666744,0.00358824817956771,0.739389761766818,0.497030152828131,0.344418072466079,8,1,75,-0.136217377587165,0.781586012152972,8,5.6246747748796,0,-9.35176,4705,0.4,0,12,"both",-0.136217377587165,0.781586012152972
"552","session1",-3.36660598649689,11.8803765048611,1.91238484666744,0.00358824817956771,0.739389761766818,0.497030152828131,0.344418072466079,8,1,75,-0.136217377587165,0.781586012152972,8,4.18538618410273,1,-5.48065,4705,0.4,0,12,"both",-0.136217377587165,0.781586012152972
"553","session1",-3.36660598649689,11.8803765048611,1.91238484666744,0.00358824817956771,0.739389761766818,0.497030152828131,0.344418072466079,8,1,75,-0.136217377587165,0.781586012152972,8,1.50386417297989,0,-7.70731,4705,0.4,0,12,"both",-0.136217377587165,0.781586012152972
"554","session1",-3.36660598649689,11.8803765048611,1.91238484666744,0.00358824817956771,0.739389761766818,0.497030152828131,0.344418072466079,8,1,75,-0.136217377587165,0.781586012152972,8,2.75663937771378,0,-5.25719,4705,0.4,0,12,"both",-0.136217377587165,0.781586012152972
"555","session1",-3.36660598649689,11.8803765048611,1.91238484666744,0.00358824817956771,0.739389761766818,0.497030152828131,0.344418072466079,8,1,75,-0.136217377587165,0.781586012152972,8,3.14060361010845,1,18.10381,4705,0.4,0,12,"both",-0.136217377587165,0.781586012152972
"556","session1",-3.36660598649689,11.8803765048611,1.91238484666744,0.00358824817956771,0.739389761766818,0.497030152828131,0.344418072466079,8,1,75,-0.136217377587165,0.781586012152972,8,6.62762223737393,0,-10.60472,4705,0.4,0,12,"both",-0.136217377587165,0.781586012152972
"557","session1",-3.36660598649689,11.8803765048611,1.91238484666744,0.00358824817956771,0.739389761766818,0.497030152828131,0.344418072466079,8,1,75,-0.136217377587165,0.781586012152972,8,4.01867943493108,0,-3.94521,4705,0.4,0,12,"both",-0.136217377587165,0.781586012152972
"558","session1",-3.36660598649689,11.8803765048611,1.91238484666744,0.00358824817956771,0.739389761766818,0.497030152828131,0.344418072466079,8,1,75,-0.136217377587165,0.781586012152972,8,3.68391594451489,0,-1.85757,4705,0.4,0,12,"both",-0.136217377587165,0.781586012152972
"559","session1",-3.36660598649689,11.8803765048611,1.91238484666744,0.00358824817956771,0.739389761766818,0.497030152828131,0.344418072466079,8,1,75,-0.136217377587165,0.781586012152972,8,2.47548004014975,1,11.29797,4705,0.4,0,12,"both",-0.136217377587165,0.781586012152972
"560","session1",-3.36660598649689,11.8803765048611,1.91238484666744,0.00358824817956771,0.739389761766818,0.497030152828131,0.344418072466079,8,1,75,-0.136217377587165,0.781586012152972,8,6.49056462802395,0,-4.76311,4705,0.4,0,12,"both",-0.136217377587165,0.781586012152972
"561","session1",-3.36660598649689,11.8803765048611,1.91238484666744,0.00358824817956771,0.739389761766818,0.497030152828131,0.344418072466079,8,1,75,-0.136217377587165,0.781586012152972,8,2.48690185233964,1,-1.2496,4705,0.4,0,12,"both",-0.136217377587165,0.781586012152972
"562","session1",-3.36660598649689,11.8803765048611,1.91238484666744,0.00358824817956771,0.739389761766818,0.497030152828131,0.344418072466079,8,1,75,-0.136217377587165,0.781586012152972,8,3.75508377245227,1,1.89935,4705,0.4,0,12,"both",-0.136217377587165,0.781586012152972
"563","session1",-3.36660598649689,11.8803765048611,1.91238484666744,0.00358824817956771,0.739389761766818,0.497030152828131,0.344418072466079,8,1,75,-0.136217377587165,0.781586012152972,8,3.54412910999275,0,-0.39341,4705,0.4,0,12,"both",-0.136217377587165,0.781586012152972
"564","session1",-3.36660598649689,11.8803765048611,1.91238484666744,0.00358824817956771,0.739389761766818,0.497030152828131,0.344418072466079,8,1,75,-0.136217377587165,0.781586012152972,8,4.979067747433,1,-1.46333,4705,0.4,0,12,"both",-0.136217377587165,0.781586012152972
"565","session1",-3.36660598649689,11.8803765048611,1.91238484666744,0.00358824817956771,0.739389761766818,0.497030152828131,0.344418072466079,8,1,75,-0.136217377587165,0.781586012152972,8,4.0832110228824,1,8.37775,4705,0.4,0,12,"both",-0.136217377587165,0.781586012152972
"566","session1",-3.36660598649689,11.8803765048611,1.91238484666744,0.00358824817956771,0.739389761766818,0.497030152828131,0.344418072466079,8,1,75,-0.136217377587165,0.781586012152972,8,2.63560510319261,0,-10.00821,4705,0.4,0,12,"both",-0.136217377587165,0.781586012152972
"567","session1",-3.36660598649689,11.8803765048611,1.91238484666744,0.00358824817956771,0.739389761766818,0.497030152828131,0.344418072466079,8,1,75,-0.136217377587165,0.781586012152972,8,5.8435479618122,1,0.68255,4705,0.4,0,12,"both",-0.136217377587165,0.781586012152972
"568","session1",-3.36660598649689,11.8803765048611,1.91238484666744,0.00358824817956771,0.739389761766818,0.497030152828131,0.344418072466079,8,1,75,-0.136217377587165,0.781586012152972,8,2.70587063259266,0,-3.42238,4705,0.4,0,12,"both",-0.136217377587165,0.781586012152972
"569","session1",-3.36660598649689,11.8803765048611,1.91238484666744,0.00358824817956771,0.739389761766818,0.497030152828131,0.344418072466079,8,1,75,-0.136217377587165,0.781586012152972,8,3.94641058648544,1,-4.59539,4705,0.4,0,12,"both",-0.136217377587165,0.781586012152972
"570","session1",-3.36660598649689,11.8803765048611,1.91238484666744,0.00358824817956771,0.739389761766818,0.497030152828131,0.344418072466079,8,1,75,-0.136217377587165,0.781586012152972,8,8,1,-5.18803,4705,0.4,0,12,"both",-0.136217377587165,0.781586012152972
"571","session1",-3.36660598649689,11.8803765048611,1.91238484666744,0.00358824817956771,0.739389761766818,0.497030152828131,0.344418072466079,8,1,75,-0.136217377587165,0.781586012152972,8,4.89395534478398,0,-7.99576,4705,0.4,0,12,"both",-0.136217377587165,0.781586012152972
"572","session1",-3.36660598649689,11.8803765048611,1.91238484666744,0.00358824817956771,0.739389761766818,0.497030152828131,0.344418072466079,8,1,75,-0.136217377587165,0.781586012152972,8,4.67393097827858,1,3.21105,4705,0.4,0,12,"both",-0.136217377587165,0.781586012152972
"573","session1",-3.36660598649689,11.8803765048611,1.91238484666744,0.00358824817956771,0.739389761766818,0.497030152828131,0.344418072466079,8,1,75,-0.136217377587165,0.781586012152972,8,2.80482542159292,1,1.65867,4705,0.4,0,12,"both",-0.136217377587165,0.781586012152972
"574","session1",-3.36660598649689,11.8803765048611,1.91238484666744,0.00358824817956771,0.739389761766818,0.497030152828131,0.344418072466079,8,1,75,-0.136217377587165,0.781586012152972,8,4.05817660783879,1,1.63215,4705,0.4,0,12,"both",-0.136217377587165,0.781586012152972
"575","session1",-3.36660598649689,11.8803765048611,1.91238484666744,0.00358824817956771,0.739389761766818,0.497030152828131,0.344418072466079,8,1,75,-0.136217377587165,0.781586012152972,8,2.91772473757721,1,2.95405,4705,0.4,0,12,"both",-0.136217377587165,0.781586012152972
"576","session1",-3.36660598649689,11.8803765048611,1.91238484666744,0.00358824817956771,0.739389761766818,0.497030152828131,0.344418072466079,8,1,75,-0.136217377587165,0.781586012152972,8,6.74935584722081,1,-4.75763,4705,0.4,0,12,"both",-0.136217377587165,0.781586012152972
"577","session1",-3.36660598649689,11.8803765048611,1.91238484666744,0.00358824817956771,0.739389761766818,0.497030152828131,0.344418072466079,8,1,75,-0.136217377587165,0.781586012152972,8,3.25037781522246,1,0.20429,4705,0.4,0,12,"both",-0.136217377587165,0.781586012152972
"578","session1",-3.36660598649689,11.8803765048611,1.91238484666744,0.00358824817956771,0.739389761766818,0.497030152828131,0.344418072466079,8,1,75,-0.136217377587165,0.781586012152972,8,2.97705425973655,1,-2.39715,4705,0.4,0,12,"both",-0.136217377587165,0.781586012152972
"579","session1",-3.36660598649689,11.8803765048611,1.91238484666744,0.00358824817956771,0.739389761766818,0.497030152828131,0.344418072466079,8,1,75,-0.136217377587165,0.781586012152972,8,5.50609586962253,1,-5.14658,4705,0.4,0,12,"both",-0.136217377587165,0.781586012152972
"580","session1",-3.36660598649689,11.8803765048611,1.91238484666744,0.00358824817956771,0.739389761766818,0.497030152828131,0.344418072466079,8,1,75,-0.136217377587165,0.781586012152972,8,2.62806577668207,1,-1.49057,4705,0.4,0,12,"both",-0.136217377587165,0.781586012152972
"581","session1",-3.36660598649689,11.8803765048611,1.91238484666744,0.00358824817956771,0.739389761766818,0.497030152828131,0.344418072466079,8,1,75,-0.136217377587165,0.781586012152972,8,3.16677984433576,0,-9.67674,4705,0.4,0,12,"both",-0.136217377587165,0.781586012152972
"582","session1",-3.36660598649689,11.8803765048611,1.91238484666744,0.00358824817956771,0.739389761766818,0.497030152828131,0.344418072466079,8,1,75,-0.136217377587165,0.781586012152972,8,4.10838263153946,0,-10.08373,4705,0.4,0,12,"both",-0.136217377587165,0.781586012152972
"583","session1",-3.36660598649689,11.8803765048611,1.91238484666744,0.00358824817956771,0.739389761766818,0.497030152828131,0.344418072466079,8,1,75,-0.136217377587165,0.781586012152972,8,3.99337278348019,0,-3.21005,4705,0.4,0,12,"both",-0.136217377587165,0.781586012152972
"584","session1",-3.36660598649689,11.8803765048611,1.91238484666744,0.00358824817956771,0.739389761766818,0.497030152828131,0.344418072466079,8,1,75,-0.136217377587165,0.781586012152972,8,2.07777066953639,0,-7.55203,4705,0.4,0,12,"both",-0.136217377587165,0.781586012152972
"585","session1",-3.36660598649689,11.8803765048611,1.91238484666744,0.00358824817956771,0.739389761766818,0.497030152828131,0.344418072466079,8,1,75,-0.136217377587165,0.781586012152972,8,4.57783544443033,1,-0.87599,4705,0.4,0,12,"both",-0.136217377587165,0.781586012152972
"586","session1",-3.36660598649689,11.8803765048611,1.91238484666744,0.00358824817956771,0.739389761766818,0.497030152828131,0.344418072466079,8,1,75,-0.136217377587165,0.781586012152972,8,3.28233034577295,0,-9.21705,4705,0.4,0,12,"both",-0.136217377587165,0.781586012152972
"587","session1",-3.36660598649689,11.8803765048611,1.91238484666744,0.00358824817956771,0.739389761766818,0.497030152828131,0.344418072466079,8,1,75,-0.136217377587165,0.781586012152972,8,1.65045710768421,1,-3.1061,4705,0.4,0,12,"both",-0.136217377587165,0.781586012152972
"588","session1",-3.36660598649689,11.8803765048611,1.91238484666744,0.00358824817956771,0.739389761766818,0.497030152828131,0.344418072466079,8,1,75,-0.136217377587165,0.781586012152972,8,3.56783282352304,1,-2.01009,4705,0.4,0,12,"both",-0.136217377587165,0.781586012152972
"589","session1",-3.36660598649689,11.8803765048611,1.91238484666744,0.00358824817956771,0.739389761766818,0.497030152828131,0.344418072466079,8,1,75,-0.136217377587165,0.781586012152972,8,2.39988785384754,1,-4.67472,4705,0.4,0,12,"both",-0.136217377587165,0.781586012152972
"590","session1",-3.36660598649689,11.8803765048611,1.91238484666744,0.00358824817956771,0.739389761766818,0.497030152828131,0.344418072466079,8,1,75,-0.136217377587165,0.781586012152972,8,2.44698959289857,1,-8.39272,4705,0.4,0,12,"both",-0.136217377587165,0.781586012152972
"591","session1",-3.36660598649689,11.8803765048611,1.91238484666744,0.00358824817956771,0.739389761766818,0.497030152828131,0.344418072466079,8,1,75,-0.136217377587165,0.781586012152972,8,7.37530824625209,1,-2.70447,4705,0.4,0,12,"both",-0.136217377587165,0.781586012152972
"592","session1",-3.36660598649689,11.8803765048611,1.91238484666744,0.00358824817956771,0.739389761766818,0.497030152828131,0.344418072466079,8,1,75,-0.136217377587165,0.781586012152972,8,4.69440440252584,1,-3.07117,4705,0.4,0,12,"both",-0.136217377587165,0.781586012152972
"593","session1",-3.36660598649689,11.8803765048611,1.91238484666744,0.00358824817956771,0.739389761766818,0.497030152828131,0.344418072466079,8,1,75,-0.136217377587165,0.781586012152972,8,3.16979075212421,0,-9.25023,4705,0.4,0,12,"both",-0.136217377587165,0.781586012152972
"594","session1",-3.36660598649689,11.8803765048611,1.91238484666744,0.00358824817956771,0.739389761766818,0.497030152828131,0.344418072466079,8,1,75,-0.136217377587165,0.781586012152972,8,6.74843775884426,0,-7.83087,4705,0.4,0,12,"both",-0.136217377587165,0.781586012152972
"595","session1",-3.36660598649689,11.8803765048611,1.91238484666744,0.00358824817956771,0.739389761766818,0.497030152828131,0.344418072466079,8,1,75,-0.136217377587165,0.781586012152972,8,2.53905848658934,0,-10.4529,4705,0.4,0,12,"both",-0.136217377587165,0.781586012152972
"596","session1",-3.36660598649689,11.8803765048611,1.91238484666744,0.00358824817956771,0.739389761766818,0.497030152828131,0.344418072466079,8,1,75,-0.136217377587165,0.781586012152972,8,5.6144632443665,1,-3.71272,4705,0.4,0,12,"both",-0.136217377587165,0.781586012152972
"597","session1",-3.36660598649689,11.8803765048611,1.91238484666744,0.00358824817956771,0.739389761766818,0.497030152828131,0.344418072466079,8,1,75,-0.136217377587165,0.781586012152972,8,3.29322963011282,1,-9.75913,4705,0.4,0,12,"both",-0.136217377587165,0.781586012152972
"598","session1",-3.36660598649689,11.8803765048611,1.91238484666744,0.00358824817956771,0.739389761766818,0.497030152828131,0.344418072466079,8,1,75,-0.136217377587165,0.781586012152972,8,3.8338726940877,0,-3.80024,4705,0.4,0,12,"both",-0.136217377587165,0.781586012152972
"599","session1",-3.36660598649689,11.8803765048611,1.91238484666744,0.00358824817956771,0.739389761766818,0.497030152828131,0.344418072466079,8,1,75,-0.136217377587165,0.781586012152972,8,2.54519655398181,1,-14.15447,4705,0.4,0,12,"both",-0.136217377587165,0.781586012152972
"600","session1",-3.36660598649689,11.8803765048611,1.91238484666744,0.00358824817956771,0.739389761766818,0.497030152828131,0.344418072466079,8,1,75,-0.136217377587165,0.781586012152972,8,2.96803350370442,1,6.62026,4705,0.4,0,12,"both",-0.136217377587165,0.781586012152972
"601","session1",10.9335631405445,8.56062341150053,1.10838750421641,0.00119708516382487,0.534845152135262,0.569724420483615,0.582352455553866,9,1,75,-0.136217377587165,0.781586012152972,9,6.84052321293361,0,7.57849201826,4705,0.4,0,12,"both",-0.136217377587165,0.781586012152972
"602","session1",10.9335631405445,8.56062341150053,1.10838750421641,0.00119708516382487,0.534845152135262,0.569724420483615,0.582352455553866,9,1,75,-0.136217377587165,0.781586012152972,9,1.4397739425452,0,8.4433541459,4705,0.4,0,12,"both",-0.136217377587165,0.781586012152972
"603","session1",10.9335631405445,8.56062341150053,1.10838750421641,0.00119708516382487,0.534845152135262,0.569724420483615,0.582352455553866,9,1,75,-0.136217377587165,0.781586012152972,9,4.58447245458341,1,16.59253658359,4705,0.4,0,12,"both",-0.136217377587165,0.781586012152972
"604","session1",10.9335631405445,8.56062341150053,1.10838750421641,0.00119708516382487,0.534845152135262,0.569724420483615,0.582352455553866,9,1,75,-0.136217377587165,0.781586012152972,9,6.4033891306617,1,10.1048059957,4705,0.4,0,12,"both",-0.136217377587165,0.781586012152972
"605","session1",10.9335631405445,8.56062341150053,1.10838750421641,0.00119708516382487,0.534845152135262,0.569724420483615,0.582352455553866,9,1,75,-0.136217377587165,0.781586012152972,9,3.02565839116793,0,-14.15662,4705,0.4,0,12,"both",-0.136217377587165,0.781586012152972
"606","session1",10.9335631405445,8.56062341150053,1.10838750421641,0.00119708516382487,0.534845152135262,0.569724420483615,0.582352455553866,9,1,75,-0.136217377587165,0.781586012152972,9,1.98291287503018,0,-0.21182,4705,0.4,0,12,"both",-0.136217377587165,0.781586012152972
"607","session1",10.9335631405445,8.56062341150053,1.10838750421641,0.00119708516382487,0.534845152135262,0.569724420483615,0.582352455553866,9,1,75,-0.136217377587165,0.781586012152972,9,2.70960568173209,0,13.95481,4705,0.4,0,12,"both",-0.136217377587165,0.781586012152972
"608","session1",10.9335631405445,8.56062341150053,1.10838750421641,0.00119708516382487,0.534845152135262,0.569724420483615,0.582352455553866,9,1,75,-0.136217377587165,0.781586012152972,9,2.3626298614525,1,14.18101677,4705,0.4,0,12,"both",-0.136217377587165,0.781586012152972
"609","session1",10.9335631405445,8.56062341150053,1.10838750421641,0.00119708516382487,0.534845152135262,0.569724420483615,0.582352455553866,9,1,75,-0.136217377587165,0.781586012152972,9,2.73503233494136,1,21.55486,4705,0.4,0,12,"both",-0.136217377587165,0.781586012152972
"610","session1",10.9335631405445,8.56062341150053,1.10838750421641,0.00119708516382487,0.534845152135262,0.569724420483615,0.582352455553866,9,1,75,-0.136217377587165,0.781586012152972,9,2.12210464624875,0,11.31902,4705,0.4,0,12,"both",-0.136217377587165,0.781586012152972
"611","session1",10.9335631405445,8.56062341150053,1.10838750421641,0.00119708516382487,0.534845152135262,0.569724420483615,0.582352455553866,9,1,75,-0.136217377587165,0.781586012152972,9,3.5164262612401,1,8.59282,4705,0.4,0,12,"both",-0.136217377587165,0.781586012152972
"612","session1",10.9335631405445,8.56062341150053,1.10838750421641,0.00119708516382487,0.534845152135262,0.569724420483615,0.582352455553866,9,1,75,-0.136217377587165,0.781586012152972,9,3.31497189250991,1,2.22097,4705,0.4,0,12,"both",-0.136217377587165,0.781586012152972
"613","session1",10.9335631405445,8.56062341150053,1.10838750421641,0.00119708516382487,0.534845152135262,0.569724420483615,0.582352455553866,9,1,75,-0.136217377587165,0.781586012152972,9,2.63051184736292,1,20.99945,4705,0.4,0,12,"both",-0.136217377587165,0.781586012152972
"614","session1",10.9335631405445,8.56062341150053,1.10838750421641,0.00119708516382487,0.534845152135262,0.569724420483615,0.582352455553866,9,1,75,-0.136217377587165,0.781586012152972,9,1.40021681376164,0,-13.74574,4705,0.4,0,12,"both",-0.136217377587165,0.781586012152972
"615","session1",10.9335631405445,8.56062341150053,1.10838750421641,0.00119708516382487,0.534845152135262,0.569724420483615,0.582352455553866,9,1,75,-0.136217377587165,0.781586012152972,9,2.35792648530529,0,11.01835,4705,0.4,0,12,"both",-0.136217377587165,0.781586012152972
"616","session1",10.9335631405445,8.56062341150053,1.10838750421641,0.00119708516382487,0.534845152135262,0.569724420483615,0.582352455553866,9,1,75,-0.136217377587165,0.781586012152972,9,6.04378526235099,1,9.35732011573,4705,0.4,0,12,"both",-0.136217377587165,0.781586012152972
"617","session1",10.9335631405445,8.56062341150053,1.10838750421641,0.00119708516382487,0.534845152135262,0.569724420483615,0.582352455553866,9,1,75,-0.136217377587165,0.781586012152972,9,8,0,7.9558044288,4705,0.4,0,12,"both",-0.136217377587165,0.781586012152972
"618","session1",10.9335631405445,8.56062341150053,1.10838750421641,0.00119708516382487,0.534845152135262,0.569724420483615,0.582352455553866,9,1,75,-0.136217377587165,0.781586012152972,9,1.75875761582214,1,23.82338,4705,0.4,0,12,"both",-0.136217377587165,0.781586012152972
"619","session1",10.9335631405445,8.56062341150053,1.10838750421641,0.00119708516382487,0.534845152135262,0.569724420483615,0.582352455553866,9,1,75,-0.136217377587165,0.781586012152972,9,2.87722740256901,0,-1.527,4705,0.4,0,12,"both",-0.136217377587165,0.781586012152972
"620","session1",10.9335631405445,8.56062341150053,1.10838750421641,0.00119708516382487,0.534845152135262,0.569724420483615,0.582352455553866,9,1,75,-0.136217377587165,0.781586012152972,9,2.08724239346386,1,13.79801,4705,0.4,0,12,"both",-0.136217377587165,0.781586012152972
"621","session1",10.9335631405445,8.56062341150053,1.10838750421641,0.00119708516382487,0.534845152135262,0.569724420483615,0.582352455553866,9,1,75,-0.136217377587165,0.781586012152972,9,5.23008770018023,0,17.80548,4705,0.4,0,12,"both",-0.136217377587165,0.781586012152972
"622","session1",10.9335631405445,8.56062341150053,1.10838750421641,0.00119708516382487,0.534845152135262,0.569724420483615,0.582352455553866,9,1,75,-0.136217377587165,0.781586012152972,9,3.8384799146422,1,32.8825,4705,0.4,0,12,"both",-0.136217377587165,0.781586012152972
"623","session1",10.9335631405445,8.56062341150053,1.10838750421641,0.00119708516382487,0.534845152135262,0.569724420483615,0.582352455553866,9,1,75,-0.136217377587165,0.781586012152972,9,3.19275045553447,0,13.36392,4705,0.4,0,12,"both",-0.136217377587165,0.781586012152972
"624","session1",10.9335631405445,8.56062341150053,1.10838750421641,0.00119708516382487,0.534845152135262,0.569724420483615,0.582352455553866,9,1,75,-0.136217377587165,0.781586012152972,9,3.09384408151363,1,9.67476570234,4705,0.4,0,12,"both",-0.136217377587165,0.781586012152972
"625","session1",10.9335631405445,8.56062341150053,1.10838750421641,0.00119708516382487,0.534845152135262,0.569724420483615,0.582352455553866,9,1,75,-0.136217377587165,0.781586012152972,9,4.00666341626422,0,-1.8594,4705,0.4,0,12,"both",-0.136217377587165,0.781586012152972
"626","session1",10.9335631405445,8.56062341150053,1.10838750421641,0.00119708516382487,0.534845152135262,0.569724420483615,0.582352455553866,9,1,75,-0.136217377587165,0.781586012152972,9,1.65450832113469,0,0.50454,4705,0.4,0,12,"both",-0.136217377587165,0.781586012152972
"627","session1",10.9335631405445,8.56062341150053,1.10838750421641,0.00119708516382487,0.534845152135262,0.569724420483615,0.582352455553866,9,1,75,-0.136217377587165,0.781586012152972,9,3.54876890949505,0,16.70323,4705,0.4,0,12,"both",-0.136217377587165,0.781586012152972
"628","session1",10.9335631405445,8.56062341150053,1.10838750421641,0.00119708516382487,0.534845152135262,0.569724420483615,0.582352455553866,9,1,75,-0.136217377587165,0.781586012152972,9,1.66916895340627,1,43.2243,4705,0.4,0,12,"both",-0.136217377587165,0.781586012152972
"629","session1",10.9335631405445,8.56062341150053,1.10838750421641,0.00119708516382487,0.534845152135262,0.569724420483615,0.582352455553866,9,1,75,-0.136217377587165,0.781586012152972,9,1.14605832115771,1,0.61364,4705,0.4,0,12,"both",-0.136217377587165,0.781586012152972
"630","session1",10.9335631405445,8.56062341150053,1.10838750421641,0.00119708516382487,0.534845152135262,0.569724420483615,0.582352455553866,9,1,75,-0.136217377587165,0.781586012152972,9,1.73826314861305,1,10.4199292654,4705,0.4,0,12,"both",-0.136217377587165,0.781586012152972
"631","session1",10.9335631405445,8.56062341150053,1.10838750421641,0.00119708516382487,0.534845152135262,0.569724420483615,0.582352455553866,9,1,75,-0.136217377587165,0.781586012152972,9,2.51469957219367,0,-6.4164,4705,0.4,0,12,"both",-0.136217377587165,0.781586012152972
"632","session1",10.9335631405445,8.56062341150053,1.10838750421641,0.00119708516382487,0.534845152135262,0.569724420483615,0.582352455553866,9,1,75,-0.136217377587165,0.781586012152972,9,3.18695279420347,1,8.84073,4705,0.4,0,12,"both",-0.136217377587165,0.781586012152972
"633","session1",10.9335631405445,8.56062341150053,1.10838750421641,0.00119708516382487,0.534845152135262,0.569724420483615,0.582352455553866,9,1,75,-0.136217377587165,0.781586012152972,9,4.72135932619715,1,28.86918,4705,0.4,0,12,"both",-0.136217377587165,0.781586012152972
"634","session1",10.9335631405445,8.56062341150053,1.10838750421641,0.00119708516382487,0.534845152135262,0.569724420483615,0.582352455553866,9,1,75,-0.136217377587165,0.781586012152972,9,4.80042319234365,0,-1.38361,4705,0.4,0,12,"both",-0.136217377587165,0.781586012152972
"635","session1",10.9335631405445,8.56062341150053,1.10838750421641,0.00119708516382487,0.534845152135262,0.569724420483615,0.582352455553866,9,1,75,-0.136217377587165,0.781586012152972,9,5.47083946878955,1,25.4917,4705,0.4,0,12,"both",-0.136217377587165,0.781586012152972
"636","session1",10.9335631405445,8.56062341150053,1.10838750421641,0.00119708516382487,0.534845152135262,0.569724420483615,0.582352455553866,9,1,75,-0.136217377587165,0.781586012152972,9,1.50129119603382,0,-3.51162,4705,0.4,0,12,"both",-0.136217377587165,0.781586012152972
"637","session1",10.9335631405445,8.56062341150053,1.10838750421641,0.00119708516382487,0.534845152135262,0.569724420483615,0.582352455553866,9,1,75,-0.136217377587165,0.781586012152972,9,2.89030101470086,1,20.51625,4705,0.4,0,12,"both",-0.136217377587165,0.781586012152972
"638","session1",10.9335631405445,8.56062341150053,1.10838750421641,0.00119708516382487,0.534845152135262,0.569724420483615,0.582352455553866,9,1,75,-0.136217377587165,0.781586012152972,9,5.5974208692075,0,-6.78607,4705,0.4,0,12,"both",-0.136217377587165,0.781586012152972
"639","session1",10.9335631405445,8.56062341150053,1.10838750421641,0.00119708516382487,0.534845152135262,0.569724420483615,0.582352455553866,9,1,75,-0.136217377587165,0.781586012152972,9,5.78897314157626,1,10.41504,4705,0.4,0,12,"both",-0.136217377587165,0.781586012152972
"640","session1",10.9335631405445,8.56062341150053,1.10838750421641,0.00119708516382487,0.534845152135262,0.569724420483615,0.582352455553866,9,1,75,-0.136217377587165,0.781586012152972,9,1.68700758136452,1,32.71417,4705,0.4,0,12,"both",-0.136217377587165,0.781586012152972
"641","session1",10.9335631405445,8.56062341150053,1.10838750421641,0.00119708516382487,0.534845152135262,0.569724420483615,0.582352455553866,9,1,75,-0.136217377587165,0.781586012152972,9,2.12211440284626,0,-3.13687,4705,0.4,0,12,"both",-0.136217377587165,0.781586012152972
"642","session1",10.9335631405445,8.56062341150053,1.10838750421641,0.00119708516382487,0.534845152135262,0.569724420483615,0.582352455553866,9,1,75,-0.136217377587165,0.781586012152972,9,4.88521722769356,0,0.7372,4705,0.4,0,12,"both",-0.136217377587165,0.781586012152972
"643","session1",10.9335631405445,8.56062341150053,1.10838750421641,0.00119708516382487,0.534845152135262,0.569724420483615,0.582352455553866,9,1,75,-0.136217377587165,0.781586012152972,9,2.55561986221405,0,8.02585,4705,0.4,0,12,"both",-0.136217377587165,0.781586012152972
"644","session1",10.9335631405445,8.56062341150053,1.10838750421641,0.00119708516382487,0.534845152135262,0.569724420483615,0.582352455553866,9,1,75,-0.136217377587165,0.781586012152972,9,3.0149828358138,0,22.47574,4705,0.4,0,12,"both",-0.136217377587165,0.781586012152972
"645","session1",10.9335631405445,8.56062341150053,1.10838750421641,0.00119708516382487,0.534845152135262,0.569724420483615,0.582352455553866,9,1,75,-0.136217377587165,0.781586012152972,9,2.73868555004979,1,17.96742,4705,0.4,0,12,"both",-0.136217377587165,0.781586012152972
"646","session1",10.9335631405445,8.56062341150053,1.10838750421641,0.00119708516382487,0.534845152135262,0.569724420483615,0.582352455553866,9,1,75,-0.136217377587165,0.781586012152972,9,3.41279901820151,0,-19.51954,4705,0.4,0,12,"both",-0.136217377587165,0.781586012152972
"647","session1",10.9335631405445,8.56062341150053,1.10838750421641,0.00119708516382487,0.534845152135262,0.569724420483615,0.582352455553866,9,1,75,-0.136217377587165,0.781586012152972,9,5.50311439196547,1,13.67506,4705,0.4,0,12,"both",-0.136217377587165,0.781586012152972
"648","session1",10.9335631405445,8.56062341150053,1.10838750421641,0.00119708516382487,0.534845152135262,0.569724420483615,0.582352455553866,9,1,75,-0.136217377587165,0.781586012152972,9,4.75478810324872,1,20.17587,4705,0.4,0,12,"both",-0.136217377587165,0.781586012152972
"649","session1",10.9335631405445,8.56062341150053,1.10838750421641,0.00119708516382487,0.534845152135262,0.569724420483615,0.582352455553866,9,1,75,-0.136217377587165,0.781586012152972,9,3.24626713769655,0,-5.03161,4705,0.4,0,12,"both",-0.136217377587165,0.781586012152972
"650","session1",10.9335631405445,8.56062341150053,1.10838750421641,0.00119708516382487,0.534845152135262,0.569724420483615,0.582352455553866,9,1,75,-0.136217377587165,0.781586012152972,9,2.58922610207457,0,-3.51109,4705,0.4,0,12,"both",-0.136217377587165,0.781586012152972
"651","session1",10.9335631405445,8.56062341150053,1.10838750421641,0.00119708516382487,0.534845152135262,0.569724420483615,0.582352455553866,9,1,75,-0.136217377587165,0.781586012152972,9,5.04430587569422,0,5.05082,4705,0.4,0,12,"both",-0.136217377587165,0.781586012152972
"652","session1",10.9335631405445,8.56062341150053,1.10838750421641,0.00119708516382487,0.534845152135262,0.569724420483615,0.582352455553866,9,1,75,-0.136217377587165,0.781586012152972,9,4.4376627000614,0,1.61963,4705,0.4,0,12,"both",-0.136217377587165,0.781586012152972
"653","session1",10.9335631405445,8.56062341150053,1.10838750421641,0.00119708516382487,0.534845152135262,0.569724420483615,0.582352455553866,9,1,75,-0.136217377587165,0.781586012152972,9,3.39375722307641,1,-1.0659,4705,0.4,0,12,"both",-0.136217377587165,0.781586012152972
"654","session1",10.9335631405445,8.56062341150053,1.10838750421641,0.00119708516382487,0.534845152135262,0.569724420483615,0.582352455553866,9,1,75,-0.136217377587165,0.781586012152972,9,3.13663241432675,0,-3.56074,4705,0.4,0,12,"both",-0.136217377587165,0.781586012152972
"655","session1",10.9335631405445,8.56062341150053,1.10838750421641,0.00119708516382487,0.534845152135262,0.569724420483615,0.582352455553866,9,1,75,-0.136217377587165,0.781586012152972,9,2.98933319546017,0,-3.3839,4705,0.4,0,12,"both",-0.136217377587165,0.781586012152972
"656","session1",10.9335631405445,8.56062341150053,1.10838750421641,0.00119708516382487,0.534845152135262,0.569724420483615,0.582352455553866,9,1,75,-0.136217377587165,0.781586012152972,9,4.166885257571,0,20.32675,4705,0.4,0,12,"both",-0.136217377587165,0.781586012152972
"657","session1",10.9335631405445,8.56062341150053,1.10838750421641,0.00119708516382487,0.534845152135262,0.569724420483615,0.582352455553866,9,1,75,-0.136217377587165,0.781586012152972,9,4.23283422957394,1,23.5607,4705,0.4,0,12,"both",-0.136217377587165,0.781586012152972
"658","session1",10.9335631405445,8.56062341150053,1.10838750421641,0.00119708516382487,0.534845152135262,0.569724420483615,0.582352455553866,9,1,75,-0.136217377587165,0.781586012152972,9,1.58859832716271,1,20.83962,4705,0.4,0,12,"both",-0.136217377587165,0.781586012152972
"659","session1",10.9335631405445,8.56062341150053,1.10838750421641,0.00119708516382487,0.534845152135262,0.569724420483615,0.582352455553866,9,1,75,-0.136217377587165,0.781586012152972,9,3.49607561954249,1,17.91624,4705,0.4,0,12,"both",-0.136217377587165,0.781586012152972
"660","session1",10.9335631405445,8.56062341150053,1.10838750421641,0.00119708516382487,0.534845152135262,0.569724420483615,0.582352455553866,9,1,75,-0.136217377587165,0.781586012152972,9,2.1448569715454,0,0.2601,4705,0.4,0,12,"both",-0.136217377587165,0.781586012152972
"661","session1",10.9335631405445,8.56062341150053,1.10838750421641,0.00119708516382487,0.534845152135262,0.569724420483615,0.582352455553866,9,1,75,-0.136217377587165,0.781586012152972,9,4.09651666482212,1,21.7992,4705,0.4,0,12,"both",-0.136217377587165,0.781586012152972
"662","session1",10.9335631405445,8.56062341150053,1.10838750421641,0.00119708516382487,0.534845152135262,0.569724420483615,0.582352455553866,9,1,75,-0.136217377587165,0.781586012152972,9,2.88805780836986,0,15.77212,4705,0.4,0,12,"both",-0.136217377587165,0.781586012152972
"663","session1",10.9335631405445,8.56062341150053,1.10838750421641,0.00119708516382487,0.534845152135262,0.569724420483615,0.582352455553866,9,1,75,-0.136217377587165,0.781586012152972,9,3.22750274439363,0,2.40181,4705,0.4,0,12,"both",-0.136217377587165,0.781586012152972
"664","session1",10.9335631405445,8.56062341150053,1.10838750421641,0.00119708516382487,0.534845152135262,0.569724420483615,0.582352455553866,9,1,75,-0.136217377587165,0.781586012152972,9,1.92404722646811,0,0.0224999999999991,4705,0.4,0,12,"both",-0.136217377587165,0.781586012152972
"665","session1",10.9335631405445,8.56062341150053,1.10838750421641,0.00119708516382487,0.534845152135262,0.569724420483615,0.582352455553866,9,1,75,-0.136217377587165,0.781586012152972,9,2.74668041188578,1,26.7237,4705,0.4,0,12,"both",-0.136217377587165,0.781586012152972
"666","session1",10.9335631405445,8.56062341150053,1.10838750421641,0.00119708516382487,0.534845152135262,0.569724420483615,0.582352455553866,9,1,75,-0.136217377587165,0.781586012152972,9,2.16952572715037,1,19.9326,4705,0.4,0,12,"both",-0.136217377587165,0.781586012152972
"667","session1",10.9335631405445,8.56062341150053,1.10838750421641,0.00119708516382487,0.534845152135262,0.569724420483615,0.582352455553866,9,1,75,-0.136217377587165,0.781586012152972,9,1.9854189856939,1,3.7312,4705,0.4,0,12,"both",-0.136217377587165,0.781586012152972
"668","session1",10.9335631405445,8.56062341150053,1.10838750421641,0.00119708516382487,0.534845152135262,0.569724420483615,0.582352455553866,9,1,75,-0.136217377587165,0.781586012152972,9,2.14439885671364,1,18.43673,4705,0.4,0,12,"both",-0.136217377587165,0.781586012152972
"669","session1",10.9335631405445,8.56062341150053,1.10838750421641,0.00119708516382487,0.534845152135262,0.569724420483615,0.582352455553866,9,1,75,-0.136217377587165,0.781586012152972,9,2.47790804138244,1,20.82084,4705,0.4,0,12,"both",-0.136217377587165,0.781586012152972
"670","session1",10.9335631405445,8.56062341150053,1.10838750421641,0.00119708516382487,0.534845152135262,0.569724420483615,0.582352455553866,9,1,75,-0.136217377587165,0.781586012152972,9,4.72406382952132,1,21.14618,4705,0.4,0,12,"both",-0.136217377587165,0.781586012152972
"671","session1",10.9335631405445,8.56062341150053,1.10838750421641,0.00119708516382487,0.534845152135262,0.569724420483615,0.582352455553866,9,1,75,-0.136217377587165,0.781586012152972,9,1.61441772245484,1,20.57588,4705,0.4,0,12,"both",-0.136217377587165,0.781586012152972
"672","session1",10.9335631405445,8.56062341150053,1.10838750421641,0.00119708516382487,0.534845152135262,0.569724420483615,0.582352455553866,9,1,75,-0.136217377587165,0.781586012152972,9,3.78384154330233,0,5.1929,4705,0.4,0,12,"both",-0.136217377587165,0.781586012152972
"673","session1",10.9335631405445,8.56062341150053,1.10838750421641,0.00119708516382487,0.534845152135262,0.569724420483615,0.582352455553866,9,1,75,-0.136217377587165,0.781586012152972,9,1.74914251172264,1,3.82196,4705,0.4,0,12,"both",-0.136217377587165,0.781586012152972
"674","session1",10.9335631405445,8.56062341150053,1.10838750421641,0.00119708516382487,0.534845152135262,0.569724420483615,0.582352455553866,9,1,75,-0.136217377587165,0.781586012152972,9,1.9084336494127,0,4.84844,4705,0.4,0,12,"both",-0.136217377587165,0.781586012152972
"675","session1",10.9335631405445,8.56062341150053,1.10838750421641,0.00119708516382487,0.534845152135262,0.569724420483615,0.582352455553866,9,1,75,-0.136217377587165,0.781586012152972,9,2.88445900911021,0,0.89026,4705,0.4,0,12,"both",-0.136217377587165,0.781586012152972
"676","session1",0.311548655396734,13.9429226513264,1.98230276922201,0.0024706582026036,0.223751693419182,0.438946090592879,0.430928778126392,10,1,75,-0.136217377587165,0.781586012152972,10,2.1609609533054,0,-7.2500929806,4705,0.4,0,12,"both",-0.136217377587165,0.781586012152972
"677","session1",0.311548655396734,13.9429226513264,1.98230276922201,0.0024706582026036,0.223751693419182,0.438946090592879,0.430928778126392,10,1,75,-0.136217377587165,0.781586012152972,10,3.64319871589384,0,7.1848197272,4705,0.4,0,12,"both",-0.136217377587165,0.781586012152972
"678","session1",0.311548655396734,13.9429226513264,1.98230276922201,0.0024706582026036,0.223751693419182,0.438946090592879,0.430928778126392,10,1,75,-0.136217377587165,0.781586012152972,10,2.27542752976039,1,14.80929136333,4705,0.4,0,12,"both",-0.136217377587165,0.781586012152972
"679","session1",0.311548655396734,13.9429226513264,1.98230276922201,0.0024706582026036,0.223751693419182,0.438946090592879,0.430928778126392,10,1,75,-0.136217377587165,0.781586012152972,10,5.66887321696135,1,8.037223638458,4705,0.4,0,12,"both",-0.136217377587165,0.781586012152972
"680","session1",0.311548655396734,13.9429226513264,1.98230276922201,0.0024706582026036,0.223751693419182,0.438946090592879,0.430928778126392,10,1,75,-0.136217377587165,0.781586012152972,10,2.45114396522112,1,7.68623,4705,0.4,0,12,"both",-0.136217377587165,0.781586012152972
"681","session1",0.311548655396734,13.9429226513264,1.98230276922201,0.0024706582026036,0.223751693419182,0.438946090592879,0.430928778126392,10,1,75,-0.136217377587165,0.781586012152972,10,3.06763011431502,0,-4.22513,4705,0.4,0,12,"both",-0.136217377587165,0.781586012152972
"682","session1",0.311548655396734,13.9429226513264,1.98230276922201,0.0024706582026036,0.223751693419182,0.438946090592879,0.430928778126392,10,1,75,-0.136217377587165,0.781586012152972,10,1.58235762514707,0,-28.24326,4705,0.4,0,12,"both",-0.136217377587165,0.781586012152972
"683","session1",0.311548655396734,13.9429226513264,1.98230276922201,0.0024706582026036,0.223751693419182,0.438946090592879,0.430928778126392,10,1,75,-0.136217377587165,0.781586012152972,10,2.96240810801863,1,2.91137,4705,0.4,0,12,"both",-0.136217377587165,0.781586012152972
"684","session1",0.311548655396734,13.9429226513264,1.98230276922201,0.0024706582026036,0.223751693419182,0.438946090592879,0.430928778126392,10,1,75,-0.136217377587165,0.781586012152972,10,3.41282833473496,1,6.84564,4705,0.4,0,12,"both",-0.136217377587165,0.781586012152972
"685","session1",0.311548655396734,13.9429226513264,1.98230276922201,0.0024706582026036,0.223751693419182,0.438946090592879,0.430928778126392,10,1,75,-0.136217377587165,0.781586012152972,10,1.87770357502905,0,4.54816,4705,0.4,0,12,"both",-0.136217377587165,0.781586012152972
"686","session1",0.311548655396734,13.9429226513264,1.98230276922201,0.0024706582026036,0.223751693419182,0.438946090592879,0.430928778126392,10,1,75,-0.136217377587165,0.781586012152972,10,1.67940606327192,1,17.05212,4705,0.4,0,12,"both",-0.136217377587165,0.781586012152972
"687","session1",0.311548655396734,13.9429226513264,1.98230276922201,0.0024706582026036,0.223751693419182,0.438946090592879,0.430928778126392,10,1,75,-0.136217377587165,0.781586012152972,10,2.07010818115602,0,6.00232,4705,0.4,0,12,"both",-0.136217377587165,0.781586012152972
"688","session1",0.311548655396734,13.9429226513264,1.98230276922201,0.0024706582026036,0.223751693419182,0.438946090592879,0.430928778126392,10,1,75,-0.136217377587165,0.781586012152972,10,1.83039760906252,0,-5.882964,4705,0.4,0,12,"both",-0.136217377587165,0.781586012152972
"689","session1",0.311548655396734,13.9429226513264,1.98230276922201,0.0024706582026036,0.223751693419182,0.438946090592879,0.430928778126392,10,1,75,-0.136217377587165,0.781586012152972,10,3.03025092941993,0,-1.3268,4705,0.4,0,12,"both",-0.136217377587165,0.781586012152972
"690","session1",0.311548655396734,13.9429226513264,1.98230276922201,0.0024706582026036,0.223751693419182,0.438946090592879,0.430928778126392,10,1,75,-0.136217377587165,0.781586012152972,10,3.09197384789355,1,3.68989,4705,0.4,0,12,"both",-0.136217377587165,0.781586012152972
"691","session1",0.311548655396734,13.9429226513264,1.98230276922201,0.0024706582026036,0.223751693419182,0.438946090592879,0.430928778126392,10,1,75,-0.136217377587165,0.781586012152972,10,3.69784007792913,0,-0.15913,4705,0.4,0,12,"both",-0.136217377587165,0.781586012152972
"692","session1",0.311548655396734,13.9429226513264,1.98230276922201,0.0024706582026036,0.223751693419182,0.438946090592879,0.430928778126392,10,1,75,-0.136217377587165,0.781586012152972,10,1.59976590939563,0,12.55052,4705,0.4,0,12,"both",-0.136217377587165,0.781586012152972
"693","session1",0.311548655396734,13.9429226513264,1.98230276922201,0.0024706582026036,0.223751693419182,0.438946090592879,0.430928778126392,10,1,75,-0.136217377587165,0.781586012152972,10,1.27752427912674,1,13.14681,4705,0.4,0,12,"both",-0.136217377587165,0.781586012152972
"694","session1",0.311548655396734,13.9429226513264,1.98230276922201,0.0024706582026036,0.223751693419182,0.438946090592879,0.430928778126392,10,1,75,-0.136217377587165,0.781586012152972,10,1.48375572160537,0,-12.89485,4705,0.4,0,12,"both",-0.136217377587165,0.781586012152972
"695","session1",0.311548655396734,13.9429226513264,1.98230276922201,0.0024706582026036,0.223751693419182,0.438946090592879,0.430928778126392,10,1,75,-0.136217377587165,0.781586012152972,10,1.2414846839997,1,18.10384,4705,0.4,0,12,"both",-0.136217377587165,0.781586012152972
"696","session1",0.311548655396734,13.9429226513264,1.98230276922201,0.0024706582026036,0.223751693419182,0.438946090592879,0.430928778126392,10,1,75,-0.136217377587165,0.781586012152972,10,2.83054620708111,1,20.22438,4705,0.4,0,12,"both",-0.136217377587165,0.781586012152972
"697","session1",0.311548655396734,13.9429226513264,1.98230276922201,0.0024706582026036,0.223751693419182,0.438946090592879,0.430928778126392,10,1,75,-0.136217377587165,0.781586012152972,10,2.43627910444924,1,6.56266,4705,0.4,0,12,"both",-0.136217377587165,0.781586012152972
"698","session1",0.311548655396734,13.9429226513264,1.98230276922201,0.0024706582026036,0.223751693419182,0.438946090592879,0.430928778126392,10,1,75,-0.136217377587165,0.781586012152972,10,2.81136643094174,1,15.58661,4705,0.4,0,12,"both",-0.136217377587165,0.781586012152972
"699","session1",0.311548655396734,13.9429226513264,1.98230276922201,0.0024706582026036,0.223751693419182,0.438946090592879,0.430928778126392,10,1,75,-0.136217377587165,0.781586012152972,10,1.84749403615205,1,13.1275,4705,0.4,0,12,"both",-0.136217377587165,0.781586012152972
"700","session1",0.311548655396734,13.9429226513264,1.98230276922201,0.0024706582026036,0.223751693419182,0.438946090592879,0.430928778126392,10,1,75,-0.136217377587165,0.781586012152972,10,1.39515130678121,1,0.09415,4705,0.4,0,12,"both",-0.136217377587165,0.781586012152972
"701","session1",0.311548655396734,13.9429226513264,1.98230276922201,0.0024706582026036,0.223751693419182,0.438946090592879,0.430928778126392,10,1,75,-0.136217377587165,0.781586012152972,10,4.91924913081278,1,14.09382,4705,0.4,0,12,"both",-0.136217377587165,0.781586012152972
"702","session1",0.311548655396734,13.9429226513264,1.98230276922201,0.0024706582026036,0.223751693419182,0.438946090592879,0.430928778126392,10,1,75,-0.136217377587165,0.781586012152972,10,3.02280581316658,0,5.94695,4705,0.4,0,12,"both",-0.136217377587165,0.781586012152972
"703","session1",0.311548655396734,13.9429226513264,1.98230276922201,0.0024706582026036,0.223751693419182,0.438946090592879,0.430928778126392,10,1,75,-0.136217377587165,0.781586012152972,10,2.61307418201966,0,-3.53816,4705,0.4,0,12,"both",-0.136217377587165,0.781586012152972
"704","session1",0.311548655396734,13.9429226513264,1.98230276922201,0.0024706582026036,0.223751693419182,0.438946090592879,0.430928778126392,10,1,75,-0.136217377587165,0.781586012152972,10,2.70288570565608,1,5.28196,4705,0.4,0,12,"both",-0.136217377587165,0.781586012152972
"705","session1",0.311548655396734,13.9429226513264,1.98230276922201,0.0024706582026036,0.223751693419182,0.438946090592879,0.430928778126392,10,1,75,-0.136217377587165,0.781586012152972,10,3.78695564842429,0,-10.56756,4705,0.4,0,12,"both",-0.136217377587165,0.781586012152972
"706","session1",0.311548655396734,13.9429226513264,1.98230276922201,0.0024706582026036,0.223751693419182,0.438946090592879,0.430928778126392,10,1,75,-0.136217377587165,0.781586012152972,10,2.3752014572208,1,-1.96775,4705,0.4,0,12,"both",-0.136217377587165,0.781586012152972
"707","session1",0.311548655396734,13.9429226513264,1.98230276922201,0.0024706582026036,0.223751693419182,0.438946090592879,0.430928778126392,10,1,75,-0.136217377587165,0.781586012152972,10,1.39168879582126,0,9.11021,4705,0.4,0,12,"both",-0.136217377587165,0.781586012152972
"708","session1",0.311548655396734,13.9429226513264,1.98230276922201,0.0024706582026036,0.223751693419182,0.438946090592879,0.430928778126392,10,1,75,-0.136217377587165,0.781586012152972,10,1.87905047642813,0,16.33663,4705,0.4,0,12,"both",-0.136217377587165,0.781586012152972
"709","session1",0.311548655396734,13.9429226513264,1.98230276922201,0.0024706582026036,0.223751693419182,0.438946090592879,0.430928778126392,10,1,75,-0.136217377587165,0.781586012152972,10,2.96519553487683,0,-12.83826,4705,0.4,0,12,"both",-0.136217377587165,0.781586012152972
"710","session1",0.311548655396734,13.9429226513264,1.98230276922201,0.0024706582026036,0.223751693419182,0.438946090592879,0.430928778126392,10,1,75,-0.136217377587165,0.781586012152972,10,3.59045507966008,1,11.72483,4705,0.4,0,12,"both",-0.136217377587165,0.781586012152972
"711","session1",0.311548655396734,13.9429226513264,1.98230276922201,0.0024706582026036,0.223751693419182,0.438946090592879,0.430928778126392,10,1,75,-0.136217377587165,0.781586012152972,10,1.4764431793243,0,-2.00718,4705,0.4,0,12,"both",-0.136217377587165,0.781586012152972
"712","session1",0.311548655396734,13.9429226513264,1.98230276922201,0.0024706582026036,0.223751693419182,0.438946090592879,0.430928778126392,10,1,75,-0.136217377587165,0.781586012152972,10,3.11282486885097,1,9.77528,4705,0.4,0,12,"both",-0.136217377587165,0.781586012152972
"713","session1",0.311548655396734,13.9429226513264,1.98230276922201,0.0024706582026036,0.223751693419182,0.438946090592879,0.430928778126392,10,1,75,-0.136217377587165,0.781586012152972,10,2.09113239327618,1,14.63805,4705,0.4,0,12,"both",-0.136217377587165,0.781586012152972
"714","session1",0.311548655396734,13.9429226513264,1.98230276922201,0.0024706582026036,0.223751693419182,0.438946090592879,0.430928778126392,10,1,75,-0.136217377587165,0.781586012152972,10,1.74898009330826,1,-1.2364,4705,0.4,0,12,"both",-0.136217377587165,0.781586012152972
"715","session1",0.311548655396734,13.9429226513264,1.98230276922201,0.0024706582026036,0.223751693419182,0.438946090592879,0.430928778126392,10,1,75,-0.136217377587165,0.781586012152972,10,1.92635764503595,0,14.40593,4705,0.4,0,12,"both",-0.136217377587165,0.781586012152972
"716","session1",0.311548655396734,13.9429226513264,1.98230276922201,0.0024706582026036,0.223751693419182,0.438946090592879,0.430928778126392,10,1,75,-0.136217377587165,0.781586012152972,10,3.49103695444206,1,6.460852,4705,0.4,0,12,"both",-0.136217377587165,0.781586012152972
"717","session1",0.311548655396734,13.9429226513264,1.98230276922201,0.0024706582026036,0.223751693419182,0.438946090592879,0.430928778126392,10,1,75,-0.136217377587165,0.781586012152972,10,3.41764398057822,1,21.80974,4705,0.4,0,12,"both",-0.136217377587165,0.781586012152972
"718","session1",0.311548655396734,13.9429226513264,1.98230276922201,0.0024706582026036,0.223751693419182,0.438946090592879,0.430928778126392,10,1,75,-0.136217377587165,0.781586012152972,10,1.75854870143763,0,-7.49513,4705,0.4,0,12,"both",-0.136217377587165,0.781586012152972
"719","session1",0.311548655396734,13.9429226513264,1.98230276922201,0.0024706582026036,0.223751693419182,0.438946090592879,0.430928778126392,10,1,75,-0.136217377587165,0.781586012152972,10,1.91391300781358,0,-5.2347,4705,0.4,0,12,"both",-0.136217377587165,0.781586012152972
"720","session1",0.311548655396734,13.9429226513264,1.98230276922201,0.0024706582026036,0.223751693419182,0.438946090592879,0.430928778126392,10,1,75,-0.136217377587165,0.781586012152972,10,4.16614080605307,1,-2.72916,4705,0.4,0,12,"both",-0.136217377587165,0.781586012152972
"721","session1",0.311548655396734,13.9429226513264,1.98230276922201,0.0024706582026036,0.223751693419182,0.438946090592879,0.430928778126392,10,1,75,-0.136217377587165,0.781586012152972,10,1.37251880865761,1,13.29612,4705,0.4,0,12,"both",-0.136217377587165,0.781586012152972
"722","session1",0.311548655396734,13.9429226513264,1.98230276922201,0.0024706582026036,0.223751693419182,0.438946090592879,0.430928778126392,10,1,75,-0.136217377587165,0.781586012152972,10,1.32101031220993,0,-10.0165,4705,0.4,0,12,"both",-0.136217377587165,0.781586012152972
"723","session1",0.311548655396734,13.9429226513264,1.98230276922201,0.0024706582026036,0.223751693419182,0.438946090592879,0.430928778126392,10,1,75,-0.136217377587165,0.781586012152972,10,2.03103135894051,1,-4.49994,4705,0.4,0,12,"both",-0.136217377587165,0.781586012152972
"724","session1",0.311548655396734,13.9429226513264,1.98230276922201,0.0024706582026036,0.223751693419182,0.438946090592879,0.430928778126392,10,1,75,-0.136217377587165,0.781586012152972,10,2.49111205246744,1,10.11341,4705,0.4,0,12,"both",-0.136217377587165,0.781586012152972
"725","session1",0.311548655396734,13.9429226513264,1.98230276922201,0.0024706582026036,0.223751693419182,0.438946090592879,0.430928778126392,10,1,75,-0.136217377587165,0.781586012152972,10,2.63568948013985,0,-12.08306,4705,0.4,0,12,"both",-0.136217377587165,0.781586012152972
"726","session1",0.311548655396734,13.9429226513264,1.98230276922201,0.0024706582026036,0.223751693419182,0.438946090592879,0.430928778126392,10,1,75,-0.136217377587165,0.781586012152972,10,1.88448232913561,0,-7.34086,4705,0.4,0,12,"both",-0.136217377587165,0.781586012152972
"727","session1",0.311548655396734,13.9429226513264,1.98230276922201,0.0024706582026036,0.223751693419182,0.438946090592879,0.430928778126392,10,1,75,-0.136217377587165,0.781586012152972,10,2.2558855920201,0,-7.71013,4705,0.4,0,12,"both",-0.136217377587165,0.781586012152972
"728","session1",0.311548655396734,13.9429226513264,1.98230276922201,0.0024706582026036,0.223751693419182,0.438946090592879,0.430928778126392,10,1,75,-0.136217377587165,0.781586012152972,10,1.64052900524651,1,15.44649,4705,0.4,0,12,"both",-0.136217377587165,0.781586012152972
"729","session1",0.311548655396734,13.9429226513264,1.98230276922201,0.0024706582026036,0.223751693419182,0.438946090592879,0.430928778126392,10,1,75,-0.136217377587165,0.781586012152972,10,4.42870159578192,1,13.06713,4705,0.4,0,12,"both",-0.136217377587165,0.781586012152972
"730","session1",0.311548655396734,13.9429226513264,1.98230276922201,0.0024706582026036,0.223751693419182,0.438946090592879,0.430928778126392,10,1,75,-0.136217377587165,0.781586012152972,10,1.34141498304742,1,-6.79637,4705,0.4,0,12,"both",-0.136217377587165,0.781586012152972
"731","session1",0.311548655396734,13.9429226513264,1.98230276922201,0.0024706582026036,0.223751693419182,0.438946090592879,0.430928778126392,10,1,75,-0.136217377587165,0.781586012152972,10,3.37080556714758,0,9.75097,4705,0.4,0,12,"both",-0.136217377587165,0.781586012152972
"732","session1",0.311548655396734,13.9429226513264,1.98230276922201,0.0024706582026036,0.223751693419182,0.438946090592879,0.430928778126392,10,1,75,-0.136217377587165,0.781586012152972,10,2.10870525735711,0,-15.93616,4705,0.4,0,12,"both",-0.136217377587165,0.781586012152972
"733","session1",0.311548655396734,13.9429226513264,1.98230276922201,0.0024706582026036,0.223751693419182,0.438946090592879,0.430928778126392,10,1,75,-0.136217377587165,0.781586012152972,10,1.48131836743015,0,8.45947,4705,0.4,0,12,"both",-0.136217377587165,0.781586012152972
"734","session1",0.311548655396734,13.9429226513264,1.98230276922201,0.0024706582026036,0.223751693419182,0.438946090592879,0.430928778126392,10,1,75,-0.136217377587165,0.781586012152972,10,1.92170560554124,1,25.43279,4705,0.4,0,12,"both",-0.136217377587165,0.781586012152972
"735","session1",0.311548655396734,13.9429226513264,1.98230276922201,0.0024706582026036,0.223751693419182,0.438946090592879,0.430928778126392,10,1,75,-0.136217377587165,0.781586012152972,10,1.38209242365227,0,-10.58541,4705,0.4,0,12,"both",-0.136217377587165,0.781586012152972
"736","session1",0.311548655396734,13.9429226513264,1.98230276922201,0.0024706582026036,0.223751693419182,0.438946090592879,0.430928778126392,10,1,75,-0.136217377587165,0.781586012152972,10,1.19727780557646,0,-7.98074,4705,0.4,0,12,"both",-0.136217377587165,0.781586012152972
"737","session1",0.311548655396734,13.9429226513264,1.98230276922201,0.0024706582026036,0.223751693419182,0.438946090592879,0.430928778126392,10,1,75,-0.136217377587165,0.781586012152972,10,2.61708870860241,1,16.74285,4705,0.4,0,12,"both",-0.136217377587165,0.781586012152972
"738","session1",0.311548655396734,13.9429226513264,1.98230276922201,0.0024706582026036,0.223751693419182,0.438946090592879,0.430928778126392,10,1,75,-0.136217377587165,0.781586012152972,10,1.62313447027521,1,11.63221,4705,0.4,0,12,"both",-0.136217377587165,0.781586012152972
"739","session1",0.311548655396734,13.9429226513264,1.98230276922201,0.0024706582026036,0.223751693419182,0.438946090592879,0.430928778126392,10,1,75,-0.136217377587165,0.781586012152972,10,3.14839333281817,1,14.56275,4705,0.4,0,12,"both",-0.136217377587165,0.781586012152972
"740","session1",0.311548655396734,13.9429226513264,1.98230276922201,0.0024706582026036,0.223751693419182,0.438946090592879,0.430928778126392,10,1,75,-0.136217377587165,0.781586012152972,10,2.90262038852761,0,-5.29366,4705,0.4,0,12,"both",-0.136217377587165,0.781586012152972
"741","session1",0.311548655396734,13.9429226513264,1.98230276922201,0.0024706582026036,0.223751693419182,0.438946090592879,0.430928778126392,10,1,75,-0.136217377587165,0.781586012152972,10,2.7166685567669,0,19.12053,4705,0.4,0,12,"both",-0.136217377587165,0.781586012152972
"742","session1",0.311548655396734,13.9429226513264,1.98230276922201,0.0024706582026036,0.223751693419182,0.438946090592879,0.430928778126392,10,1,75,-0.136217377587165,0.781586012152972,10,3.03800361540037,1,12.63814,4705,0.4,0,12,"both",-0.136217377587165,0.781586012152972
"743","session1",0.311548655396734,13.9429226513264,1.98230276922201,0.0024706582026036,0.223751693419182,0.438946090592879,0.430928778126392,10,1,75,-0.136217377587165,0.781586012152972,10,2.54560908279259,1,-11.13131,4705,0.4,0,12,"both",-0.136217377587165,0.781586012152972
"744","session1",0.311548655396734,13.9429226513264,1.98230276922201,0.0024706582026036,0.223751693419182,0.438946090592879,0.430928778126392,10,1,75,-0.136217377587165,0.781586012152972,10,2.15164132822148,0,-9.36925,4705,0.4,0,12,"both",-0.136217377587165,0.781586012152972
"745","session1",0.311548655396734,13.9429226513264,1.98230276922201,0.0024706582026036,0.223751693419182,0.438946090592879,0.430928778126392,10,1,75,-0.136217377587165,0.781586012152972,10,1.77096956964054,1,12.22174,4705,0.4,0,12,"both",-0.136217377587165,0.781586012152972
"746","session1",0.311548655396734,13.9429226513264,1.98230276922201,0.0024706582026036,0.223751693419182,0.438946090592879,0.430928778126392,10,1,75,-0.136217377587165,0.781586012152972,10,1.80284919782772,0,-11.28204,4705,0.4,0,12,"both",-0.136217377587165,0.781586012152972
"747","session1",0.311548655396734,13.9429226513264,1.98230276922201,0.0024706582026036,0.223751693419182,0.438946090592879,0.430928778126392,10,1,75,-0.136217377587165,0.781586012152972,10,2.89170322644286,0,-5.91382,4705,0.4,0,12,"both",-0.136217377587165,0.781586012152972
"748","session1",0.311548655396734,13.9429226513264,1.98230276922201,0.0024706582026036,0.223751693419182,0.438946090592879,0.430928778126392,10,1,75,-0.136217377587165,0.781586012152972,10,3.25088716975378,1,-7.84259,4705,0.4,0,12,"both",-0.136217377587165,0.781586012152972
"749","session1",0.311548655396734,13.9429226513264,1.98230276922201,0.0024706582026036,0.223751693419182,0.438946090592879,0.430928778126392,10,1,75,-0.136217377587165,0.781586012152972,10,2.40495502785282,1,21.75238,4705,0.4,0,12,"both",-0.136217377587165,0.781586012152972
"750","session1",0.311548655396734,13.9429226513264,1.98230276922201,0.0024706582026036,0.223751693419182,0.438946090592879,0.430928778126392,10,1,75,-0.136217377587165,0.781586012152972,10,2.53940696314658,1,-3.3115,4705,0.4,0,12,"both",-0.136217377587165,0.781586012152972
"751","session1",-16.3246559555494,17.1736670292067,3.22551651188848,2.76851249414455e-06,0.137050265681898,0.459730640479567,0.487435903158026,11,1,75,-0.136217377587165,0.781586012152972,11,1.5073046467314,0,-7.6838829259,4705,0.4,0,12,"both",-0.136217377587165,0.781586012152972
"752","session1",-16.3246559555494,17.1736670292067,3.22551651188848,2.76851249414455e-06,0.137050265681898,0.459730640479567,0.487435903158026,11,1,75,-0.136217377587165,0.781586012152972,11,1.22795047186864,1,7.0296922921,4705,0.4,0,12,"both",-0.136217377587165,0.781586012152972
"753","session1",-16.3246559555494,17.1736670292067,3.22551651188848,2.76851249414455e-06,0.137050265681898,0.459730640479567,0.487435903158026,11,1,75,-0.136217377587165,0.781586012152972,11,2.41004272454714,1,-0.61729677681,4705,0.4,0,12,"both",-0.136217377587165,0.781586012152972
"754","session1",-16.3246559555494,17.1736670292067,3.22551651188848,2.76851249414455e-06,0.137050265681898,0.459730640479567,0.487435903158026,11,1,75,-0.136217377587165,0.781586012152972,11,3.00521485791971,1,-3.4570627459,4705,0.4,0,12,"both",-0.136217377587165,0.781586012152972
"755","session1",-16.3246559555494,17.1736670292067,3.22551651188848,2.76851249414455e-06,0.137050265681898,0.459730640479567,0.487435903158026,11,1,75,-0.136217377587165,0.781586012152972,11,3.43785667974143,1,-5.5416052913,4705,0.4,0,12,"both",-0.136217377587165,0.781586012152972
"756","session1",-16.3246559555494,17.1736670292067,3.22551651188848,2.76851249414455e-06,0.137050265681898,0.459730640479567,0.487435903158026,11,1,75,-0.136217377587165,0.781586012152972,11,2.45501468396362,1,-6.50184,4705,0.4,0,12,"both",-0.136217377587165,0.781586012152972
"757","session1",-16.3246559555494,17.1736670292067,3.22551651188848,2.76851249414455e-06,0.137050265681898,0.459730640479567,0.487435903158026,11,1,75,-0.136217377587165,0.781586012152972,11,1.46501752461388,1,-2.95939,4705,0.4,0,12,"both",-0.136217377587165,0.781586012152972
"758","session1",-16.3246559555494,17.1736670292067,3.22551651188848,2.76851249414455e-06,0.137050265681898,0.459730640479567,0.487435903158026,11,1,75,-0.136217377587165,0.781586012152972,11,2.76694489928831,1,-14.758816139,4705,0.4,0,12,"both",-0.136217377587165,0.781586012152972
"759","session1",-16.3246559555494,17.1736670292067,3.22551651188848,2.76851249414455e-06,0.137050265681898,0.459730640479567,0.487435903158026,11,1,75,-0.136217377587165,0.781586012152972,11,1.01237701124395,0,-42.1206,4705,0.4,0,12,"both",-0.136217377587165,0.781586012152972
"760","session1",-16.3246559555494,17.1736670292067,3.22551651188848,2.76851249414455e-06,0.137050265681898,0.459730640479567,0.487435903158026,11,1,75,-0.136217377587165,0.781586012152972,11,1.82894640330068,0,-11.28967,4705,0.4,0,12,"both",-0.136217377587165,0.781586012152972
"761","session1",-16.3246559555494,17.1736670292067,3.22551651188848,2.76851249414455e-06,0.137050265681898,0.459730640479567,0.487435903158026,11,1,75,-0.136217377587165,0.781586012152972,11,4.58584829732749,1,-20.49643,4705,0.4,0,12,"both",-0.136217377587165,0.781586012152972
"762","session1",-16.3246559555494,17.1736670292067,3.22551651188848,2.76851249414455e-06,0.137050265681898,0.459730640479567,0.487435903158026,11,1,75,-0.136217377587165,0.781586012152972,11,2.25747916927994,1,-6.56381,4705,0.4,0,12,"both",-0.136217377587165,0.781586012152972
"763","session1",-16.3246559555494,17.1736670292067,3.22551651188848,2.76851249414455e-06,0.137050265681898,0.459730640479567,0.487435903158026,11,1,75,-0.136217377587165,0.781586012152972,11,5.35527980662675,0,-24.64611,4705,0.4,0,12,"both",-0.136217377587165,0.781586012152972
"764","session1",-16.3246559555494,17.1736670292067,3.22551651188848,2.76851249414455e-06,0.137050265681898,0.459730640479567,0.487435903158026,11,1,75,-0.136217377587165,0.781586012152972,11,2.35592860165617,1,-17.89652,4705,0.4,0,12,"both",-0.136217377587165,0.781586012152972
"765","session1",-16.3246559555494,17.1736670292067,3.22551651188848,2.76851249414455e-06,0.137050265681898,0.459730640479567,0.487435903158026,11,1,75,-0.136217377587165,0.781586012152972,11,2.90091316912699,1,-26.3111,4705,0.4,0,12,"both",-0.136217377587165,0.781586012152972
"766","session1",-16.3246559555494,17.1736670292067,3.22551651188848,2.76851249414455e-06,0.137050265681898,0.459730640479567,0.487435903158026,11,1,75,-0.136217377587165,0.781586012152972,11,5.33164416553748,0,-23.19286043,4705,0.4,0,12,"both",-0.136217377587165,0.781586012152972
"767","session1",-16.3246559555494,17.1736670292067,3.22551651188848,2.76851249414455e-06,0.137050265681898,0.459730640479567,0.487435903158026,11,1,75,-0.136217377587165,0.781586012152972,11,4.23692072278472,0,-24.47819,4705,0.4,0,12,"both",-0.136217377587165,0.781586012152972
"768","session1",-16.3246559555494,17.1736670292067,3.22551651188848,2.76851249414455e-06,0.137050265681898,0.459730640479567,0.487435903158026,11,1,75,-0.136217377587165,0.781586012152972,11,4.23445368898108,0,-28.2028,4705,0.4,0,12,"both",-0.136217377587165,0.781586012152972
"769","session1",-16.3246559555494,17.1736670292067,3.22551651188848,2.76851249414455e-06,0.137050265681898,0.459730640479567,0.487435903158026,11,1,75,-0.136217377587165,0.781586012152972,11,1.63214670895482,0,-23.01025,4705,0.4,0,12,"both",-0.136217377587165,0.781586012152972
"770","session1",-16.3246559555494,17.1736670292067,3.22551651188848,2.76851249414455e-06,0.137050265681898,0.459730640479567,0.487435903158026,11,1,75,-0.136217377587165,0.781586012152972,11,2.26529517226772,1,-1.07686,4705,0.4,0,12,"both",-0.136217377587165,0.781586012152972
"771","session1",-16.3246559555494,17.1736670292067,3.22551651188848,2.76851249414455e-06,0.137050265681898,0.459730640479567,0.487435903158026,11,1,75,-0.136217377587165,0.781586012152972,11,1.31994154617769,0,-22.98319,4705,0.4,0,12,"both",-0.136217377587165,0.781586012152972
"772","session1",-16.3246559555494,17.1736670292067,3.22551651188848,2.76851249414455e-06,0.137050265681898,0.459730640479567,0.487435903158026,11,1,75,-0.136217377587165,0.781586012152972,11,2.61076661858108,0,-28.9674,4705,0.4,0,12,"both",-0.136217377587165,0.781586012152972
"773","session1",-16.3246559555494,17.1736670292067,3.22551651188848,2.76851249414455e-06,0.137050265681898,0.459730640479567,0.487435903158026,11,1,75,-0.136217377587165,0.781586012152972,11,2.93899275754991,1,-7.4104,4705,0.4,0,12,"both",-0.136217377587165,0.781586012152972
"774","session1",-16.3246559555494,17.1736670292067,3.22551651188848,2.76851249414455e-06,0.137050265681898,0.459730640479567,0.487435903158026,11,1,75,-0.136217377587165,0.781586012152972,11,2.38215017069762,1,2.0492,4705,0.4,0,12,"both",-0.136217377587165,0.781586012152972
"775","session1",-16.3246559555494,17.1736670292067,3.22551651188848,2.76851249414455e-06,0.137050265681898,0.459730640479567,0.487435903158026,11,1,75,-0.136217377587165,0.781586012152972,11,4.57380997259409,1,-27.12364,4705,0.4,0,12,"both",-0.136217377587165,0.781586012152972
"776","session1",-16.3246559555494,17.1736670292067,3.22551651188848,2.76851249414455e-06,0.137050265681898,0.459730640479567,0.487435903158026,11,1,75,-0.136217377587165,0.781586012152972,11,2.90713301686252,0,-28.53636,4705,0.4,0,12,"both",-0.136217377587165,0.781586012152972
"777","session1",-16.3246559555494,17.1736670292067,3.22551651188848,2.76851249414455e-06,0.137050265681898,0.459730640479567,0.487435903158026,11,1,75,-0.136217377587165,0.781586012152972,11,3.15068232458186,0,-33.4668,4705,0.4,0,12,"both",-0.136217377587165,0.781586012152972
"778","session1",-16.3246559555494,17.1736670292067,3.22551651188848,2.76851249414455e-06,0.137050265681898,0.459730640479567,0.487435903158026,11,1,75,-0.136217377587165,0.781586012152972,11,3.04463802797231,1,-11.87153,4705,0.4,0,12,"both",-0.136217377587165,0.781586012152972
"779","session1",-16.3246559555494,17.1736670292067,3.22551651188848,2.76851249414455e-06,0.137050265681898,0.459730640479567,0.487435903158026,11,1,75,-0.136217377587165,0.781586012152972,11,3.39098037733234,0,-30.60281,4705,0.4,0,12,"both",-0.136217377587165,0.781586012152972
"780","session1",-16.3246559555494,17.1736670292067,3.22551651188848,2.76851249414455e-06,0.137050265681898,0.459730640479567,0.487435903158026,11,1,75,-0.136217377587165,0.781586012152972,11,2.47473739565761,1,-6.36502,4705,0.4,0,12,"both",-0.136217377587165,0.781586012152972
"781","session1",-16.3246559555494,17.1736670292067,3.22551651188848,2.76851249414455e-06,0.137050265681898,0.459730640479567,0.487435903158026,11,1,75,-0.136217377587165,0.781586012152972,11,2.31672896021399,1,-14.2033,4705,0.4,0,12,"both",-0.136217377587165,0.781586012152972
"782","session1",-16.3246559555494,17.1736670292067,3.22551651188848,2.76851249414455e-06,0.137050265681898,0.459730640479567,0.487435903158026,11,1,75,-0.136217377587165,0.781586012152972,11,4.17235070374779,0,-18.74323,4705,0.4,0,12,"both",-0.136217377587165,0.781586012152972
"783","session1",-16.3246559555494,17.1736670292067,3.22551651188848,2.76851249414455e-06,0.137050265681898,0.459730640479567,0.487435903158026,11,1,75,-0.136217377587165,0.781586012152972,11,2.70383123717979,0,-28.70744,4705,0.4,0,12,"both",-0.136217377587165,0.781586012152972
"784","session1",-16.3246559555494,17.1736670292067,3.22551651188848,2.76851249414455e-06,0.137050265681898,0.459730640479567,0.487435903158026,11,1,75,-0.136217377587165,0.781586012152972,11,5.75966896798769,0,-8.7721,4705,0.4,0,12,"both",-0.136217377587165,0.781586012152972
"785","session1",-16.3246559555494,17.1736670292067,3.22551651188848,2.76851249414455e-06,0.137050265681898,0.459730640479567,0.487435903158026,11,1,75,-0.136217377587165,0.781586012152972,11,2.27119646794805,0,-37.9798,4705,0.4,0,12,"both",-0.136217377587165,0.781586012152972
"786","session1",-16.3246559555494,17.1736670292067,3.22551651188848,2.76851249414455e-06,0.137050265681898,0.459730640479567,0.487435903158026,11,1,75,-0.136217377587165,0.781586012152972,11,4.30219431308091,1,-8.17335,4705,0.4,0,12,"both",-0.136217377587165,0.781586012152972
"787","session1",-16.3246559555494,17.1736670292067,3.22551651188848,2.76851249414455e-06,0.137050265681898,0.459730640479567,0.487435903158026,11,1,75,-0.136217377587165,0.781586012152972,11,3.29060577070479,0,-14.49744,4705,0.4,0,12,"both",-0.136217377587165,0.781586012152972
"788","session1",-16.3246559555494,17.1736670292067,3.22551651188848,2.76851249414455e-06,0.137050265681898,0.459730640479567,0.487435903158026,11,1,75,-0.136217377587165,0.781586012152972,11,3.28724219873643,1,-20.00155,4705,0.4,0,12,"both",-0.136217377587165,0.781586012152972
"789","session1",-16.3246559555494,17.1736670292067,3.22551651188848,2.76851249414455e-06,0.137050265681898,0.459730640479567,0.487435903158026,11,1,75,-0.136217377587165,0.781586012152972,11,3.90384847360164,0,-22.15907,4705,0.4,0,12,"both",-0.136217377587165,0.781586012152972
"790","session1",-16.3246559555494,17.1736670292067,3.22551651188848,2.76851249414455e-06,0.137050265681898,0.459730640479567,0.487435903158026,11,1,75,-0.136217377587165,0.781586012152972,11,3.36094858038312,0,-25.43352,4705,0.4,0,12,"both",-0.136217377587165,0.781586012152972
"791","session1",-16.3246559555494,17.1736670292067,3.22551651188848,2.76851249414455e-06,0.137050265681898,0.459730640479567,0.487435903158026,11,1,75,-0.136217377587165,0.781586012152972,11,3.10027761531542,1,-3.92592,4705,0.4,0,12,"both",-0.136217377587165,0.781586012152972
"792","session1",-16.3246559555494,17.1736670292067,3.22551651188848,2.76851249414455e-06,0.137050265681898,0.459730640479567,0.487435903158026,11,1,75,-0.136217377587165,0.781586012152972,11,3.12139863809666,0,-31.0171,4705,0.4,0,12,"both",-0.136217377587165,0.781586012152972
"793","session1",-16.3246559555494,17.1736670292067,3.22551651188848,2.76851249414455e-06,0.137050265681898,0.459730640479567,0.487435903158026,11,1,75,-0.136217377587165,0.781586012152972,11,3.34922154969191,0,-23.05173,4705,0.4,0,12,"both",-0.136217377587165,0.781586012152972
"794","session1",-16.3246559555494,17.1736670292067,3.22551651188848,2.76851249414455e-06,0.137050265681898,0.459730640479567,0.487435903158026,11,1,75,-0.136217377587165,0.781586012152972,11,2.46214594851169,1,-26.94701,4705,0.4,0,12,"both",-0.136217377587165,0.781586012152972
"795","session1",-16.3246559555494,17.1736670292067,3.22551651188848,2.76851249414455e-06,0.137050265681898,0.459730640479567,0.487435903158026,11,1,75,-0.136217377587165,0.781586012152972,11,2.91470793779313,0,-1.9716,4705,0.4,0,12,"both",-0.136217377587165,0.781586012152972
"796","session1",-16.3246559555494,17.1736670292067,3.22551651188848,2.76851249414455e-06,0.137050265681898,0.459730640479567,0.487435903158026,11,1,75,-0.136217377587165,0.781586012152972,11,1.85908032383851,0,-0.984399999999999,4705,0.4,0,12,"both",-0.136217377587165,0.781586012152972
"797","session1",-16.3246559555494,17.1736670292067,3.22551651188848,2.76851249414455e-06,0.137050265681898,0.459730640479567,0.487435903158026,11,1,75,-0.136217377587165,0.781586012152972,11,1.20490383165607,0,-44.097,4705,0.4,0,12,"both",-0.136217377587165,0.781586012152972
"798","session1",-16.3246559555494,17.1736670292067,3.22551651188848,2.76851249414455e-06,0.137050265681898,0.459730640479567,0.487435903158026,11,1,75,-0.136217377587165,0.781586012152972,11,1.89416819192234,0,-29.6536,4705,0.4,0,12,"both",-0.136217377587165,0.781586012152972
"799","session1",-16.3246559555494,17.1736670292067,3.22551651188848,2.76851249414455e-06,0.137050265681898,0.459730640479567,0.487435903158026,11,1,75,-0.136217377587165,0.781586012152972,11,1.65717014380448,1,2.79246,4705,0.4,0,12,"both",-0.136217377587165,0.781586012152972
"800","session1",-16.3246559555494,17.1736670292067,3.22551651188848,2.76851249414455e-06,0.137050265681898,0.459730640479567,0.487435903158026,11,1,75,-0.136217377587165,0.781586012152972,11,2.36478324097582,0,-6.16172,4705,0.4,0,12,"both",-0.136217377587165,0.781586012152972
"801","session1",-16.3246559555494,17.1736670292067,3.22551651188848,2.76851249414455e-06,0.137050265681898,0.459730640479567,0.487435903158026,11,1,75,-0.136217377587165,0.781586012152972,11,1.52838545719672,1,2.6226,4705,0.4,0,12,"both",-0.136217377587165,0.781586012152972
"802","session1",-16.3246559555494,17.1736670292067,3.22551651188848,2.76851249414455e-06,0.137050265681898,0.459730640479567,0.487435903158026,11,1,75,-0.136217377587165,0.781586012152972,11,1.88507541790599,1,5.33197,4705,0.4,0,12,"both",-0.136217377587165,0.781586012152972
"803","session1",-16.3246559555494,17.1736670292067,3.22551651188848,2.76851249414455e-06,0.137050265681898,0.459730640479567,0.487435903158026,11,1,75,-0.136217377587165,0.781586012152972,11,1.5174202625688,0,-25.80814,4705,0.4,0,12,"both",-0.136217377587165,0.781586012152972
"804","session1",-16.3246559555494,17.1736670292067,3.22551651188848,2.76851249414455e-06,0.137050265681898,0.459730640479567,0.487435903158026,11,1,75,-0.136217377587165,0.781586012152972,11,1.61201156577145,1,-7.32503,4705,0.4,0,12,"both",-0.136217377587165,0.781586012152972
"805","session1",-16.3246559555494,17.1736670292067,3.22551651188848,2.76851249414455e-06,0.137050265681898,0.459730640479567,0.487435903158026,11,1,75,-0.136217377587165,0.781586012152972,11,2.37591129573829,1,-12.54681,4705,0.4,0,12,"both",-0.136217377587165,0.781586012152972
"806","session1",-16.3246559555494,17.1736670292067,3.22551651188848,2.76851249414455e-06,0.137050265681898,0.459730640479567,0.487435903158026,11,1,75,-0.136217377587165,0.781586012152972,11,1.64589079759894,0,-22.73457,4705,0.4,0,12,"both",-0.136217377587165,0.781586012152972
"807","session1",-16.3246559555494,17.1736670292067,3.22551651188848,2.76851249414455e-06,0.137050265681898,0.459730640479567,0.487435903158026,11,1,75,-0.136217377587165,0.781586012152972,11,3.02939591805721,1,-25.64123,4705,0.4,0,12,"both",-0.136217377587165,0.781586012152972
"808","session1",-16.3246559555494,17.1736670292067,3.22551651188848,2.76851249414455e-06,0.137050265681898,0.459730640479567,0.487435903158026,11,1,75,-0.136217377587165,0.781586012152972,11,2.01427714027268,0,-31.805,4705,0.4,0,12,"both",-0.136217377587165,0.781586012152972
"809","session1",-16.3246559555494,17.1736670292067,3.22551651188848,2.76851249414455e-06,0.137050265681898,0.459730640479567,0.487435903158026,11,1,75,-0.136217377587165,0.781586012152972,11,1.27117810601553,1,6.4575,4705,0.4,0,12,"both",-0.136217377587165,0.781586012152972
"810","session1",-16.3246559555494,17.1736670292067,3.22551651188848,2.76851249414455e-06,0.137050265681898,0.459730640479567,0.487435903158026,11,1,75,-0.136217377587165,0.781586012152972,11,2.46153691826681,0,-26.3126,4705,0.4,0,12,"both",-0.136217377587165,0.781586012152972
"811","session1",-16.3246559555494,17.1736670292067,3.22551651188848,2.76851249414455e-06,0.137050265681898,0.459730640479567,0.487435903158026,11,1,75,-0.136217377587165,0.781586012152972,11,2.91609677725111,1,-24.35263,4705,0.4,0,12,"both",-0.136217377587165,0.781586012152972
"812","session1",-16.3246559555494,17.1736670292067,3.22551651188848,2.76851249414455e-06,0.137050265681898,0.459730640479567,0.487435903158026,11,1,75,-0.136217377587165,0.781586012152972,11,1.90748913046731,1,-29.2692,4705,0.4,0,12,"both",-0.136217377587165,0.781586012152972
"813","session1",-16.3246559555494,17.1736670292067,3.22551651188848,2.76851249414455e-06,0.137050265681898,0.459730640479567,0.487435903158026,11,1,75,-0.136217377587165,0.781586012152972,11,2.53412076031701,1,-4.38549,4705,0.4,0,12,"both",-0.136217377587165,0.781586012152972
"814","session1",-16.3246559555494,17.1736670292067,3.22551651188848,2.76851249414455e-06,0.137050265681898,0.459730640479567,0.487435903158026,11,1,75,-0.136217377587165,0.781586012152972,11,1.3364456522331,1,-1.5008,4705,0.4,0,12,"both",-0.136217377587165,0.781586012152972
"815","session1",-16.3246559555494,17.1736670292067,3.22551651188848,2.76851249414455e-06,0.137050265681898,0.459730640479567,0.487435903158026,11,1,75,-0.136217377587165,0.781586012152972,11,3.153542513005,1,-1.285,4705,0.4,0,12,"both",-0.136217377587165,0.781586012152972
"816","session1",-16.3246559555494,17.1736670292067,3.22551651188848,2.76851249414455e-06,0.137050265681898,0.459730640479567,0.487435903158026,11,1,75,-0.136217377587165,0.781586012152972,11,3.87094216757983,0,-39.9033,4705,0.4,0,12,"both",-0.136217377587165,0.781586012152972
"817","session1",-16.3246559555494,17.1736670292067,3.22551651188848,2.76851249414455e-06,0.137050265681898,0.459730640479567,0.487435903158026,11,1,75,-0.136217377587165,0.781586012152972,11,2.28866595707317,0,-32.1621,4705,0.4,0,12,"both",-0.136217377587165,0.781586012152972
"818","session1",-16.3246559555494,17.1736670292067,3.22551651188848,2.76851249414455e-06,0.137050265681898,0.459730640479567,0.487435903158026,11,1,75,-0.136217377587165,0.781586012152972,11,2.30910210069401,0,-27.7406,4705,0.4,0,12,"both",-0.136217377587165,0.781586012152972
"819","session1",-16.3246559555494,17.1736670292067,3.22551651188848,2.76851249414455e-06,0.137050265681898,0.459730640479567,0.487435903158026,11,1,75,-0.136217377587165,0.781586012152972,11,1.11773644582669,0,-3.6805,4705,0.4,0,12,"both",-0.136217377587165,0.781586012152972
"820","session1",-16.3246559555494,17.1736670292067,3.22551651188848,2.76851249414455e-06,0.137050265681898,0.459730640479567,0.487435903158026,11,1,75,-0.136217377587165,0.781586012152972,11,3.17248770207712,0,-21.55386,4705,0.4,0,12,"both",-0.136217377587165,0.781586012152972
"821","session1",-16.3246559555494,17.1736670292067,3.22551651188848,2.76851249414455e-06,0.137050265681898,0.459730640479567,0.487435903158026,11,1,75,-0.136217377587165,0.781586012152972,11,2.44641695036376,0,-27.3069,4705,0.4,0,12,"both",-0.136217377587165,0.781586012152972
"822","session1",-16.3246559555494,17.1736670292067,3.22551651188848,2.76851249414455e-06,0.137050265681898,0.459730640479567,0.487435903158026,11,1,75,-0.136217377587165,0.781586012152972,11,1.92693976213109,0,-22.61937,4705,0.4,0,12,"both",-0.136217377587165,0.781586012152972
"823","session1",-16.3246559555494,17.1736670292067,3.22551651188848,2.76851249414455e-06,0.137050265681898,0.459730640479567,0.487435903158026,11,1,75,-0.136217377587165,0.781586012152972,11,1.73568713426579,1,5.565,4705,0.4,0,12,"both",-0.136217377587165,0.781586012152972
"824","session1",-16.3246559555494,17.1736670292067,3.22551651188848,2.76851249414455e-06,0.137050265681898,0.459730640479567,0.487435903158026,11,1,75,-0.136217377587165,0.781586012152972,11,1.51071249607134,0,-3.2732,4705,0.4,0,12,"both",-0.136217377587165,0.781586012152972
"825","session1",-16.3246559555494,17.1736670292067,3.22551651188848,2.76851249414455e-06,0.137050265681898,0.459730640479567,0.487435903158026,11,1,75,-0.136217377587165,0.781586012152972,11,2.8441131099062,0,-26.8872,4705,0.4,0,12,"both",-0.136217377587165,0.781586012152972
"826","session1",-7.74385563680172,12.078228255345,1.94953410776013,0.000370168889888826,0.572896189643305,0.421351507577037,0.349449075400108,12,1,75,-0.136217377587165,0.781586012152972,12,2.24816265954324,0,-7.6977185357,4705,0.4,0,12,"both",-0.136217377587165,0.781586012152972
"827","session1",-7.74385563680172,12.078228255345,1.94953410776013,0.000370168889888826,0.572896189643305,0.421351507577037,0.349449075400108,12,1,75,-0.136217377587165,0.781586012152972,12,3.44687286416946,1,6.8530438819,4705,0.4,0,12,"both",-0.136217377587165,0.781586012152972
"828","session1",-7.74385563680172,12.078228255345,1.94953410776013,0.000370168889888826,0.572896189643305,0.421351507577037,0.349449075400108,12,1,75,-0.136217377587165,0.781586012152972,12,3.07480832479435,0,0.3512368015,4705,0.4,0,12,"both",-0.136217377587165,0.781586012152972
"829","session1",-7.74385563680172,12.078228255345,1.94953410776013,0.000370168889888826,0.572896189643305,0.421351507577037,0.349449075400108,12,1,75,-0.136217377587165,0.781586012152972,12,3.73270492595435,1,4.5216420286,4705,0.4,0,12,"both",-0.136217377587165,0.781586012152972
"830","session1",-7.74385563680172,12.078228255345,1.94953410776013,0.000370168889888826,0.572896189643305,0.421351507577037,0.349449075400108,12,1,75,-0.136217377587165,0.781586012152972,12,5.06113727164511,1,0.33789,4705,0.4,0,12,"both",-0.136217377587165,0.781586012152972
"831","session1",-7.74385563680172,12.078228255345,1.94953410776013,0.000370168889888826,0.572896189643305,0.421351507577037,0.349449075400108,12,1,75,-0.136217377587165,0.781586012152972,12,2.0801316752066,0,-34.5776,4705,0.4,0,12,"both",-0.136217377587165,0.781586012152972
"832","session1",-7.74385563680172,12.078228255345,1.94953410776013,0.000370168889888826,0.572896189643305,0.421351507577037,0.349449075400108,12,1,75,-0.136217377587165,0.781586012152972,12,1.51071986352025,1,4.32489,4705,0.4,0,12,"both",-0.136217377587165,0.781586012152972
"833","session1",-7.74385563680172,12.078228255345,1.94953410776013,0.000370168889888826,0.572896189643305,0.421351507577037,0.349449075400108,12,1,75,-0.136217377587165,0.781586012152972,12,2.28750293694688,0,-2.88859,4705,0.4,0,12,"both",-0.136217377587165,0.781586012152972
"834","session1",-7.74385563680172,12.078228255345,1.94953410776013,0.000370168889888826,0.572896189643305,0.421351507577037,0.349449075400108,12,1,75,-0.136217377587165,0.781586012152972,12,1.95165763584749,1,3.52705,4705,0.4,0,12,"both",-0.136217377587165,0.781586012152972
"835","session1",-7.74385563680172,12.078228255345,1.94953410776013,0.000370168889888826,0.572896189643305,0.421351507577037,0.349449075400108,12,1,75,-0.136217377587165,0.781586012152972,12,2.94353726891823,1,0.85919,4705,0.4,0,12,"both",-0.136217377587165,0.781586012152972
"836","session1",-7.74385563680172,12.078228255345,1.94953410776013,0.000370168889888826,0.572896189643305,0.421351507577037,0.349449075400108,12,1,75,-0.136217377587165,0.781586012152972,12,3.56150374752313,1,1.10463,4705,0.4,0,12,"both",-0.136217377587165,0.781586012152972
"837","session1",-7.74385563680172,12.078228255345,1.94953410776013,0.000370168889888826,0.572896189643305,0.421351507577037,0.349449075400108,12,1,75,-0.136217377587165,0.781586012152972,12,2.16472719247291,1,-2.39798,4705,0.4,0,12,"both",-0.136217377587165,0.781586012152972
"838","session1",-7.74385563680172,12.078228255345,1.94953410776013,0.000370168889888826,0.572896189643305,0.421351507577037,0.349449075400108,12,1,75,-0.136217377587165,0.781586012152972,12,3.48209050967088,0,-4.74637,4705,0.4,0,12,"both",-0.136217377587165,0.781586012152972
"839","session1",-7.74385563680172,12.078228255345,1.94953410776013,0.000370168889888826,0.572896189643305,0.421351507577037,0.349449075400108,12,1,75,-0.136217377587165,0.781586012152972,12,3.34897625783447,1,12.81541,4705,0.4,0,12,"both",-0.136217377587165,0.781586012152972
"840","session1",-7.74385563680172,12.078228255345,1.94953410776013,0.000370168889888826,0.572896189643305,0.421351507577037,0.349449075400108,12,1,75,-0.136217377587165,0.781586012152972,12,1.77977969812147,1,0.32114,4705,0.4,0,12,"both",-0.136217377587165,0.781586012152972
"841","session1",-7.74385563680172,12.078228255345,1.94953410776013,0.000370168889888826,0.572896189643305,0.421351507577037,0.349449075400108,12,1,75,-0.136217377587165,0.781586012152972,12,2.58130442127895,0,4.36501,4705,0.4,0,12,"both",-0.136217377587165,0.781586012152972
"842","session1",-7.74385563680172,12.078228255345,1.94953410776013,0.000370168889888826,0.572896189643305,0.421351507577037,0.349449075400108,12,1,75,-0.136217377587165,0.781586012152972,12,4.62104182875361,0,-8.27643,4705,0.4,0,12,"both",-0.136217377587165,0.781586012152972
"843","session1",-7.74385563680172,12.078228255345,1.94953410776013,0.000370168889888826,0.572896189643305,0.421351507577037,0.349449075400108,12,1,75,-0.136217377587165,0.781586012152972,12,3.26474821350611,1,4.35897,4705,0.4,0,12,"both",-0.136217377587165,0.781586012152972
"844","session1",-7.74385563680172,12.078228255345,1.94953410776013,0.000370168889888826,0.572896189643305,0.421351507577037,0.349449075400108,12,1,75,-0.136217377587165,0.781586012152972,12,1.8906534944874,1,6.67339,4705,0.4,0,12,"both",-0.136217377587165,0.781586012152972
"845","session1",-7.74385563680172,12.078228255345,1.94953410776013,0.000370168889888826,0.572896189643305,0.421351507577037,0.349449075400108,12,1,75,-0.136217377587165,0.781586012152972,12,2.41709048227232,0,-7.46036,4705,0.4,0,12,"both",-0.136217377587165,0.781586012152972
"846","session1",-7.74385563680172,12.078228255345,1.94953410776013,0.000370168889888826,0.572896189643305,0.421351507577037,0.349449075400108,12,1,75,-0.136217377587165,0.781586012152972,12,2.2084113235068,1,1.25967,4705,0.4,0,12,"both",-0.136217377587165,0.781586012152972
"847","session1",-7.74385563680172,12.078228255345,1.94953410776013,0.000370168889888826,0.572896189643305,0.421351507577037,0.349449075400108,12,1,75,-0.136217377587165,0.781586012152972,12,2.22917732289735,1,-2.84308,4705,0.4,0,12,"both",-0.136217377587165,0.781586012152972
"848","session1",-7.74385563680172,12.078228255345,1.94953410776013,0.000370168889888826,0.572896189643305,0.421351507577037,0.349449075400108,12,1,75,-0.136217377587165,0.781586012152972,12,1.91624023185024,1,2.304522,4705,0.4,0,12,"both",-0.136217377587165,0.781586012152972
"849","session1",-7.74385563680172,12.078228255345,1.94953410776013,0.000370168889888826,0.572896189643305,0.421351507577037,0.349449075400108,12,1,75,-0.136217377587165,0.781586012152972,12,4.08170763946652,1,-11.00443,4705,0.4,0,12,"both",-0.136217377587165,0.781586012152972
"850","session1",-7.74385563680172,12.078228255345,1.94953410776013,0.000370168889888826,0.572896189643305,0.421351507577037,0.349449075400108,12,1,75,-0.136217377587165,0.781586012152972,12,2.60964480886607,1,-3.92566,4705,0.4,0,12,"both",-0.136217377587165,0.781586012152972
"851","session1",-7.74385563680172,12.078228255345,1.94953410776013,0.000370168889888826,0.572896189643305,0.421351507577037,0.349449075400108,12,1,75,-0.136217377587165,0.781586012152972,12,2.81690796940437,1,-4.58745,4705,0.4,0,12,"both",-0.136217377587165,0.781586012152972
"852","session1",-7.74385563680172,12.078228255345,1.94953410776013,0.000370168889888826,0.572896189643305,0.421351507577037,0.349449075400108,12,1,75,-0.136217377587165,0.781586012152972,12,1.73386697287483,0,9.1234,4705,0.4,0,12,"both",-0.136217377587165,0.781586012152972
"853","session1",-7.74385563680172,12.078228255345,1.94953410776013,0.000370168889888826,0.572896189643305,0.421351507577037,0.349449075400108,12,1,75,-0.136217377587165,0.781586012152972,12,3.501267966441,0,-7.41107,4705,0.4,0,12,"both",-0.136217377587165,0.781586012152972
"854","session1",-7.74385563680172,12.078228255345,1.94953410776013,0.000370168889888826,0.572896189643305,0.421351507577037,0.349449075400108,12,1,75,-0.136217377587165,0.781586012152972,12,2.77387886453864,1,-11.50143,4705,0.4,0,12,"both",-0.136217377587165,0.781586012152972
"855","session1",-7.74385563680172,12.078228255345,1.94953410776013,0.000370168889888826,0.572896189643305,0.421351507577037,0.349449075400108,12,1,75,-0.136217377587165,0.781586012152972,12,2.12336228714222,0,-16.6652,4705,0.4,0,12,"both",-0.136217377587165,0.781586012152972
"856","session1",-7.74385563680172,12.078228255345,1.94953410776013,0.000370168889888826,0.572896189643305,0.421351507577037,0.349449075400108,12,1,75,-0.136217377587165,0.781586012152972,12,3.00948064351995,0,-1.18001,4705,0.4,0,12,"both",-0.136217377587165,0.781586012152972
"857","session1",-7.74385563680172,12.078228255345,1.94953410776013,0.000370168889888826,0.572896189643305,0.421351507577037,0.349449075400108,12,1,75,-0.136217377587165,0.781586012152972,12,2.75086854085064,1,-7.8169372219,4705,0.4,0,12,"both",-0.136217377587165,0.781586012152972
"858","session1",-7.74385563680172,12.078228255345,1.94953410776013,0.000370168889888826,0.572896189643305,0.421351507577037,0.349449075400108,12,1,75,-0.136217377587165,0.781586012152972,12,1.8345221234669,0,-33.5188,4705,0.4,0,12,"both",-0.136217377587165,0.781586012152972
"859","session1",-7.74385563680172,12.078228255345,1.94953410776013,0.000370168889888826,0.572896189643305,0.421351507577037,0.349449075400108,12,1,75,-0.136217377587165,0.781586012152972,12,1.25088496147873,0,-26.00945,4705,0.4,0,12,"both",-0.136217377587165,0.781586012152972
"860","session1",-7.74385563680172,12.078228255345,1.94953410776013,0.000370168889888826,0.572896189643305,0.421351507577037,0.349449075400108,12,1,75,-0.136217377587165,0.781586012152972,12,1.65594695753629,0,-11.35726,4705,0.4,0,12,"both",-0.136217377587165,0.781586012152972
"861","session1",-7.74385563680172,12.078228255345,1.94953410776013,0.000370168889888826,0.572896189643305,0.421351507577037,0.349449075400108,12,1,75,-0.136217377587165,0.781586012152972,12,4.32941923160193,1,-1.82818,4705,0.4,0,12,"both",-0.136217377587165,0.781586012152972
"862","session1",-7.74385563680172,12.078228255345,1.94953410776013,0.000370168889888826,0.572896189643305,0.421351507577037,0.349449075400108,12,1,75,-0.136217377587165,0.781586012152972,12,2.41669037061131,0,-21.82035,4705,0.4,0,12,"both",-0.136217377587165,0.781586012152972
"863","session1",-7.74385563680172,12.078228255345,1.94953410776013,0.000370168889888826,0.572896189643305,0.421351507577037,0.349449075400108,12,1,75,-0.136217377587165,0.781586012152972,12,4.00927419281705,0,-22.25537,4705,0.4,0,12,"both",-0.136217377587165,0.781586012152972
"864","session1",-7.74385563680172,12.078228255345,1.94953410776013,0.000370168889888826,0.572896189643305,0.421351507577037,0.349449075400108,12,1,75,-0.136217377587165,0.781586012152972,12,3.11350369494691,1,-3.2478,4705,0.4,0,12,"both",-0.136217377587165,0.781586012152972
"865","session1",-7.74385563680172,12.078228255345,1.94953410776013,0.000370168889888826,0.572896189643305,0.421351507577037,0.349449075400108,12,1,75,-0.136217377587165,0.781586012152972,12,2.30170973412882,0,-15.30402,4705,0.4,0,12,"both",-0.136217377587165,0.781586012152972
"866","session1",-7.74385563680172,12.078228255345,1.94953410776013,0.000370168889888826,0.572896189643305,0.421351507577037,0.349449075400108,12,1,75,-0.136217377587165,0.781586012152972,12,3.22059965724043,1,4.04925,4705,0.4,0,12,"both",-0.136217377587165,0.781586012152972
"867","session1",-7.74385563680172,12.078228255345,1.94953410776013,0.000370168889888826,0.572896189643305,0.421351507577037,0.349449075400108,12,1,75,-0.136217377587165,0.781586012152972,12,2.69584615836349,0,-13.37129,4705,0.4,0,12,"both",-0.136217377587165,0.781586012152972
"868","session1",-7.74385563680172,12.078228255345,1.94953410776013,0.000370168889888826,0.572896189643305,0.421351507577037,0.349449075400108,12,1,75,-0.136217377587165,0.781586012152972,12,3.38570259836249,0,-17.36266,4705,0.4,0,12,"both",-0.136217377587165,0.781586012152972
"869","session1",-7.74385563680172,12.078228255345,1.94953410776013,0.000370168889888826,0.572896189643305,0.421351507577037,0.349449075400108,12,1,75,-0.136217377587165,0.781586012152972,12,2.27871430407971,1,-13.49464,4705,0.4,0,12,"both",-0.136217377587165,0.781586012152972
"870","session1",-7.74385563680172,12.078228255345,1.94953410776013,0.000370168889888826,0.572896189643305,0.421351507577037,0.349449075400108,12,1,75,-0.136217377587165,0.781586012152972,12,2.82454692206608,0,-13.95279,4705,0.4,0,12,"both",-0.136217377587165,0.781586012152972
"871","session1",-7.74385563680172,12.078228255345,1.94953410776013,0.000370168889888826,0.572896189643305,0.421351507577037,0.349449075400108,12,1,75,-0.136217377587165,0.781586012152972,12,5.90069524838921,0,-17.04357,4705,0.4,0,12,"both",-0.136217377587165,0.781586012152972
"872","session1",-7.74385563680172,12.078228255345,1.94953410776013,0.000370168889888826,0.572896189643305,0.421351507577037,0.349449075400108,12,1,75,-0.136217377587165,0.781586012152972,12,3.69174901545128,1,-11.94421,4705,0.4,0,12,"both",-0.136217377587165,0.781586012152972
"873","session1",-7.74385563680172,12.078228255345,1.94953410776013,0.000370168889888826,0.572896189643305,0.421351507577037,0.349449075400108,12,1,75,-0.136217377587165,0.781586012152972,12,3.78852152558087,0,-24.6756,4705,0.4,0,12,"both",-0.136217377587165,0.781586012152972
"874","session1",-7.74385563680172,12.078228255345,1.94953410776013,0.000370168889888826,0.572896189643305,0.421351507577037,0.349449075400108,12,1,75,-0.136217377587165,0.781586012152972,12,2.80280010724267,1,-11.17314,4705,0.4,0,12,"both",-0.136217377587165,0.781586012152972
"875","session1",-7.74385563680172,12.078228255345,1.94953410776013,0.000370168889888826,0.572896189643305,0.421351507577037,0.349449075400108,12,1,75,-0.136217377587165,0.781586012152972,12,3.65340016278818,1,3.4091,4705,0.4,0,12,"both",-0.136217377587165,0.781586012152972
"876","session1",-7.74385563680172,12.078228255345,1.94953410776013,0.000370168889888826,0.572896189643305,0.421351507577037,0.349449075400108,12,1,75,-0.136217377587165,0.781586012152972,12,1.98754601950048,0,-32.3852,4705,0.4,0,12,"both",-0.136217377587165,0.781586012152972
"877","session1",-7.74385563680172,12.078228255345,1.94953410776013,0.000370168889888826,0.572896189643305,0.421351507577037,0.349449075400108,12,1,75,-0.136217377587165,0.781586012152972,12,3.09032303713473,0,-20.183,4705,0.4,0,12,"both",-0.136217377587165,0.781586012152972
"878","session1",-7.74385563680172,12.078228255345,1.94953410776013,0.000370168889888826,0.572896189643305,0.421351507577037,0.349449075400108,12,1,75,-0.136217377587165,0.781586012152972,12,2.2297906427195,1,8.0645,4705,0.4,0,12,"both",-0.136217377587165,0.781586012152972
"879","session1",-7.74385563680172,12.078228255345,1.94953410776013,0.000370168889888826,0.572896189643305,0.421351507577037,0.349449075400108,12,1,75,-0.136217377587165,0.781586012152972,12,4.33506982099032,0,-16.17892,4705,0.4,0,12,"both",-0.136217377587165,0.781586012152972
"880","session1",-7.74385563680172,12.078228255345,1.94953410776013,0.000370168889888826,0.572896189643305,0.421351507577037,0.349449075400108,12,1,75,-0.136217377587165,0.781586012152972,12,3.02107634369612,0,-3.95131,4705,0.4,0,12,"both",-0.136217377587165,0.781586012152972
"881","session1",-7.74385563680172,12.078228255345,1.94953410776013,0.000370168889888826,0.572896189643305,0.421351507577037,0.349449075400108,12,1,75,-0.136217377587165,0.781586012152972,12,3.26952517385232,1,1.19867,4705,0.4,0,12,"both",-0.136217377587165,0.781586012152972
"882","session1",-7.74385563680172,12.078228255345,1.94953410776013,0.000370168889888826,0.572896189643305,0.421351507577037,0.349449075400108,12,1,75,-0.136217377587165,0.781586012152972,12,5.19953207226108,1,-15.31755,4705,0.4,0,12,"both",-0.136217377587165,0.781586012152972
"883","session1",-7.74385563680172,12.078228255345,1.94953410776013,0.000370168889888826,0.572896189643305,0.421351507577037,0.349449075400108,12,1,75,-0.136217377587165,0.781586012152972,12,2.87745693681484,1,4.82168,4705,0.4,0,12,"both",-0.136217377587165,0.781586012152972
"884","session1",-7.74385563680172,12.078228255345,1.94953410776013,0.000370168889888826,0.572896189643305,0.421351507577037,0.349449075400108,12,1,75,-0.136217377587165,0.781586012152972,12,5.86370746871126,0,-17.51392,4705,0.4,0,12,"both",-0.136217377587165,0.781586012152972
"885","session1",-7.74385563680172,12.078228255345,1.94953410776013,0.000370168889888826,0.572896189643305,0.421351507577037,0.349449075400108,12,1,75,-0.136217377587165,0.781586012152972,12,2.70734268149101,1,-11.94588,4705,0.4,0,12,"both",-0.136217377587165,0.781586012152972
"886","session1",-7.74385563680172,12.078228255345,1.94953410776013,0.000370168889888826,0.572896189643305,0.421351507577037,0.349449075400108,12,1,75,-0.136217377587165,0.781586012152972,12,1.76553292947219,0,-19.9425,4705,0.4,0,12,"both",-0.136217377587165,0.781586012152972
"887","session1",-7.74385563680172,12.078228255345,1.94953410776013,0.000370168889888826,0.572896189643305,0.421351507577037,0.349449075400108,12,1,75,-0.136217377587165,0.781586012152972,12,1.58275509329578,1,3.7586,4705,0.4,0,12,"both",-0.136217377587165,0.781586012152972
"888","session1",-7.74385563680172,12.078228255345,1.94953410776013,0.000370168889888826,0.572896189643305,0.421351507577037,0.349449075400108,12,1,75,-0.136217377587165,0.781586012152972,12,2.66222460044842,0,-13.04841,4705,0.4,0,12,"both",-0.136217377587165,0.781586012152972
"889","session1",-7.74385563680172,12.078228255345,1.94953410776013,0.000370168889888826,0.572896189643305,0.421351507577037,0.349449075400108,12,1,75,-0.136217377587165,0.781586012152972,12,1.68064474092359,1,5.92216,4705,0.4,0,12,"both",-0.136217377587165,0.781586012152972
"890","session1",-7.74385563680172,12.078228255345,1.94953410776013,0.000370168889888826,0.572896189643305,0.421351507577037,0.349449075400108,12,1,75,-0.136217377587165,0.781586012152972,12,2.42407381339324,0,-17.51187,4705,0.4,0,12,"both",-0.136217377587165,0.781586012152972
"891","session1",-7.74385563680172,12.078228255345,1.94953410776013,0.000370168889888826,0.572896189643305,0.421351507577037,0.349449075400108,12,1,75,-0.136217377587165,0.781586012152972,12,1.54762870478838,1,2.65821,4705,0.4,0,12,"both",-0.136217377587165,0.781586012152972
"892","session1",-7.74385563680172,12.078228255345,1.94953410776013,0.000370168889888826,0.572896189643305,0.421351507577037,0.349449075400108,12,1,75,-0.136217377587165,0.781586012152972,12,2.21876382587446,1,-12.8229,4705,0.4,0,12,"both",-0.136217377587165,0.781586012152972
"893","session1",-7.74385563680172,12.078228255345,1.94953410776013,0.000370168889888826,0.572896189643305,0.421351507577037,0.349449075400108,12,1,75,-0.136217377587165,0.781586012152972,12,2.09399892093865,1,17.67241,4705,0.4,0,12,"both",-0.136217377587165,0.781586012152972
"894","session1",-7.74385563680172,12.078228255345,1.94953410776013,0.000370168889888826,0.572896189643305,0.421351507577037,0.349449075400108,12,1,75,-0.136217377587165,0.781586012152972,12,3.76194684141586,0,4.09845,4705,0.4,0,12,"both",-0.136217377587165,0.781586012152972
"895","session1",-7.74385563680172,12.078228255345,1.94953410776013,0.000370168889888826,0.572896189643305,0.421351507577037,0.349449075400108,12,1,75,-0.136217377587165,0.781586012152972,12,1.87407054252412,0,-22.72184,4705,0.4,0,12,"both",-0.136217377587165,0.781586012152972
"896","session1",-7.74385563680172,12.078228255345,1.94953410776013,0.000370168889888826,0.572896189643305,0.421351507577037,0.349449075400108,12,1,75,-0.136217377587165,0.781586012152972,12,4.27645129894595,0,-16.59941,4705,0.4,0,12,"both",-0.136217377587165,0.781586012152972
"897","session1",-7.74385563680172,12.078228255345,1.94953410776013,0.000370168889888826,0.572896189643305,0.421351507577037,0.349449075400108,12,1,75,-0.136217377587165,0.781586012152972,12,2.38375663956601,1,1.94487,4705,0.4,0,12,"both",-0.136217377587165,0.781586012152972
"898","session1",-7.74385563680172,12.078228255345,1.94953410776013,0.000370168889888826,0.572896189643305,0.421351507577037,0.349449075400108,12,1,75,-0.136217377587165,0.781586012152972,12,3.0074268339763,1,-18.24867,4705,0.4,0,12,"both",-0.136217377587165,0.781586012152972
"899","session1",-7.74385563680172,12.078228255345,1.94953410776013,0.000370168889888826,0.572896189643305,0.421351507577037,0.349449075400108,12,1,75,-0.136217377587165,0.781586012152972,12,1.9563802199548,0,-21.5358,4705,0.4,0,12,"both",-0.136217377587165,0.781586012152972
"900","session1",-7.74385563680172,12.078228255345,1.94953410776013,0.000370168889888826,0.572896189643305,0.421351507577037,0.349449075400108,12,1,75,-0.136217377587165,0.781586012152972,12,1.93218956498762,1,2.65033,4705,0.4,0,12,"both",-0.136217377587165,0.781586012152972
"901","session2",-2.37321608249914,9.45538340676918,2.24933185404301,5.44440020010784e-05,0.472869009972179,0.388511522607821,0.335354659458995,1,2,75,-0.136217377587165,0.781586012152972,13,1.75500743015922,1,10.2279325286,4705,0.4,0,12,"both",-0.136217377587165,0.781586012152972
"902","session2",-2.37321608249914,9.45538340676918,2.24933185404301,5.44440020010784e-05,0.472869009972179,0.388511522607821,0.335354659458995,1,2,75,-0.136217377587165,0.781586012152972,13,3.20306958586451,0,-5.65745270419,4705,0.4,0,12,"both",-0.136217377587165,0.781586012152972
"903","session2",-2.37321608249914,9.45538340676918,2.24933185404301,5.44440020010784e-05,0.472869009972179,0.388511522607821,0.335354659458995,1,2,75,-0.136217377587165,0.781586012152972,13,5.75122970078616,1,3.2127910828,4705,0.4,0,12,"both",-0.136217377587165,0.781586012152972
"904","session2",-2.37321608249914,9.45538340676918,2.24933185404301,5.44440020010784e-05,0.472869009972179,0.388511522607821,0.335354659458995,1,2,75,-0.136217377587165,0.781586012152972,13,2.90095575944755,1,-1.9295547672,4705,0.4,0,12,"both",-0.136217377587165,0.781586012152972
"905","session2",-2.37321608249914,9.45538340676918,2.24933185404301,5.44440020010784e-05,0.472869009972179,0.388511522607821,0.335354659458995,1,2,75,-0.136217377587165,0.781586012152972,13,2.70043096884566,0,0.35569,4705,0.4,0,12,"both",-0.136217377587165,0.781586012152972
"906","session2",-2.37321608249914,9.45538340676918,2.24933185404301,5.44440020010784e-05,0.472869009972179,0.388511522607821,0.335354659458995,1,2,75,-0.136217377587165,0.781586012152972,13,1.34206141174037,1,16.72842,4705,0.4,0,12,"both",-0.136217377587165,0.781586012152972
"907","session2",-2.37321608249914,9.45538340676918,2.24933185404301,5.44440020010784e-05,0.472869009972179,0.388511522607821,0.335354659458995,1,2,75,-0.136217377587165,0.781586012152972,13,2.44122030124638,1,-1.623752857007,4705,0.4,0,12,"both",-0.136217377587165,0.781586012152972
"908","session2",-2.37321608249914,9.45538340676918,2.24933185404301,5.44440020010784e-05,0.472869009972179,0.388511522607821,0.335354659458995,1,2,75,-0.136217377587165,0.781586012152972,13,2.47497794134499,1,8.24815,4705,0.4,0,12,"both",-0.136217377587165,0.781586012152972
"909","session2",-2.37321608249914,9.45538340676918,2.24933185404301,5.44440020010784e-05,0.472869009972179,0.388511522607821,0.335354659458995,1,2,75,-0.136217377587165,0.781586012152972,13,3.29750957549942,1,-4.75525,4705,0.4,0,12,"both",-0.136217377587165,0.781586012152972
"910","session2",-2.37321608249914,9.45538340676918,2.24933185404301,5.44440020010784e-05,0.472869009972179,0.388511522607821,0.335354659458995,1,2,75,-0.136217377587165,0.781586012152972,13,3.36851786431824,1,25.025287,4705,0.4,0,12,"both",-0.136217377587165,0.781586012152972
"911","session2",-2.37321608249914,9.45538340676918,2.24933185404301,5.44440020010784e-05,0.472869009972179,0.388511522607821,0.335354659458995,1,2,75,-0.136217377587165,0.781586012152972,13,2.01936688435054,0,4.21954,4705,0.4,0,12,"both",-0.136217377587165,0.781586012152972
"912","session2",-2.37321608249914,9.45538340676918,2.24933185404301,5.44440020010784e-05,0.472869009972179,0.388511522607821,0.335354659458995,1,2,75,-0.136217377587165,0.781586012152972,13,2.90402583689048,1,-7.796977283,4705,0.4,0,12,"both",-0.136217377587165,0.781586012152972
"913","session2",-2.37321608249914,9.45538340676918,2.24933185404301,5.44440020010784e-05,0.472869009972179,0.388511522607821,0.335354659458995,1,2,75,-0.136217377587165,0.781586012152972,13,1.98383826330326,1,16.346897,4705,0.4,0,12,"both",-0.136217377587165,0.781586012152972
"914","session2",-2.37321608249914,9.45538340676918,2.24933185404301,5.44440020010784e-05,0.472869009972179,0.388511522607821,0.335354659458995,1,2,75,-0.136217377587165,0.781586012152972,13,1.71117042621273,1,35.04256,4705,0.4,0,12,"both",-0.136217377587165,0.781586012152972
"915","session2",-2.37321608249914,9.45538340676918,2.24933185404301,5.44440020010784e-05,0.472869009972179,0.388511522607821,0.335354659458995,1,2,75,-0.136217377587165,0.781586012152972,13,1.22965667169339,0,-17.63,4705,0.4,0,12,"both",-0.136217377587165,0.781586012152972
"916","session2",-2.37321608249914,9.45538340676918,2.24933185404301,5.44440020010784e-05,0.472869009972179,0.388511522607821,0.335354659458995,1,2,75,-0.136217377587165,0.781586012152972,13,1.96197803096483,0,-12.94704,4705,0.4,0,12,"both",-0.136217377587165,0.781586012152972
"917","session2",-2.37321608249914,9.45538340676918,2.24933185404301,5.44440020010784e-05,0.472869009972179,0.388511522607821,0.335354659458995,1,2,75,-0.136217377587165,0.781586012152972,13,1.32831591700791,0,-25.12033,4705,0.4,0,12,"both",-0.136217377587165,0.781586012152972
"918","session2",-2.37321608249914,9.45538340676918,2.24933185404301,5.44440020010784e-05,0.472869009972179,0.388511522607821,0.335354659458995,1,2,75,-0.136217377587165,0.781586012152972,13,1.48007262861035,1,14.104115,4705,0.4,0,12,"both",-0.136217377587165,0.781586012152972
"919","session2",-2.37321608249914,9.45538340676918,2.24933185404301,5.44440020010784e-05,0.472869009972179,0.388511522607821,0.335354659458995,1,2,75,-0.136217377587165,0.781586012152972,13,3.41159770359425,0,-26.72247,4705,0.4,0,12,"both",-0.136217377587165,0.781586012152972
"920","session2",-2.37321608249914,9.45538340676918,2.24933185404301,5.44440020010784e-05,0.472869009972179,0.388511522607821,0.335354659458995,1,2,75,-0.136217377587165,0.781586012152972,13,1.87159068618164,1,10.13126,4705,0.4,0,12,"both",-0.136217377587165,0.781586012152972
"921","session2",-2.37321608249914,9.45538340676918,2.24933185404301,5.44440020010784e-05,0.472869009972179,0.388511522607821,0.335354659458995,1,2,75,-0.136217377587165,0.781586012152972,13,3.90884517355694,1,-7.14098,4705,0.4,0,12,"both",-0.136217377587165,0.781586012152972
"922","session2",-2.37321608249914,9.45538340676918,2.24933185404301,5.44440020010784e-05,0.472869009972179,0.388511522607821,0.335354659458995,1,2,75,-0.136217377587165,0.781586012152972,13,3.30312381560704,0,-8.65924,4705,0.4,0,12,"both",-0.136217377587165,0.781586012152972
"923","session2",-2.37321608249914,9.45538340676918,2.24933185404301,5.44440020010784e-05,0.472869009972179,0.388511522607821,0.335354659458995,1,2,75,-0.136217377587165,0.781586012152972,13,2.41863674850856,0,-14.07483,4705,0.4,0,12,"both",-0.136217377587165,0.781586012152972
"924","session2",-2.37321608249914,9.45538340676918,2.24933185404301,5.44440020010784e-05,0.472869009972179,0.388511522607821,0.335354659458995,1,2,75,-0.136217377587165,0.781586012152972,13,3.41734723929331,1,2.30817,4705,0.4,0,12,"both",-0.136217377587165,0.781586012152972
"925","session2",-2.37321608249914,9.45538340676918,2.24933185404301,5.44440020010784e-05,0.472869009972179,0.388511522607821,0.335354659458995,1,2,75,-0.136217377587165,0.781586012152972,13,3.25952283087062,1,7.18958,4705,0.4,0,12,"both",-0.136217377587165,0.781586012152972
"926","session2",-2.37321608249914,9.45538340676918,2.24933185404301,5.44440020010784e-05,0.472869009972179,0.388511522607821,0.335354659458995,1,2,75,-0.136217377587165,0.781586012152972,13,6.04496275593076,1,-5.39164,4705,0.4,0,12,"both",-0.136217377587165,0.781586012152972
"927","session2",-2.37321608249914,9.45538340676918,2.24933185404301,5.44440020010784e-05,0.472869009972179,0.388511522607821,0.335354659458995,1,2,75,-0.136217377587165,0.781586012152972,13,2.25377415368223,1,-16.51535,4705,0.4,0,12,"both",-0.136217377587165,0.781586012152972
"928","session2",-2.37321608249914,9.45538340676918,2.24933185404301,5.44440020010784e-05,0.472869009972179,0.388511522607821,0.335354659458995,1,2,75,-0.136217377587165,0.781586012152972,13,2.49354279435593,1,11.32592,4705,0.4,0,12,"both",-0.136217377587165,0.781586012152972
"929","session2",-2.37321608249914,9.45538340676918,2.24933185404301,5.44440020010784e-05,0.472869009972179,0.388511522607821,0.335354659458995,1,2,75,-0.136217377587165,0.781586012152972,13,1.5253414118017,1,20.4693,4705,0.4,0,12,"both",-0.136217377587165,0.781586012152972
"930","session2",-2.37321608249914,9.45538340676918,2.24933185404301,5.44440020010784e-05,0.472869009972179,0.388511522607821,0.335354659458995,1,2,75,-0.136217377587165,0.781586012152972,13,2.21633386495239,0,-12.48909,4705,0.4,0,12,"both",-0.136217377587165,0.781586012152972
"931","session2",-2.37321608249914,9.45538340676918,2.24933185404301,5.44440020010784e-05,0.472869009972179,0.388511522607821,0.335354659458995,1,2,75,-0.136217377587165,0.781586012152972,13,2.02327947462945,0,-18.75334,4705,0.4,0,12,"both",-0.136217377587165,0.781586012152972
"932","session2",-2.37321608249914,9.45538340676918,2.24933185404301,5.44440020010784e-05,0.472869009972179,0.388511522607821,0.335354659458995,1,2,75,-0.136217377587165,0.781586012152972,13,1.86935860094104,0,-19.72743,4705,0.4,0,12,"both",-0.136217377587165,0.781586012152972
"933","session2",-2.37321608249914,9.45538340676918,2.24933185404301,5.44440020010784e-05,0.472869009972179,0.388511522607821,0.335354659458995,1,2,75,-0.136217377587165,0.781586012152972,13,3.80643486711671,0,-47.39361,4705,0.4,0,12,"both",-0.136217377587165,0.781586012152972
"934","session2",-2.37321608249914,9.45538340676918,2.24933185404301,5.44440020010784e-05,0.472869009972179,0.388511522607821,0.335354659458995,1,2,75,-0.136217377587165,0.781586012152972,13,2.58117285154678,1,8.9601,4705,0.4,0,12,"both",-0.136217377587165,0.781586012152972
"935","session2",-2.37321608249914,9.45538340676918,2.24933185404301,5.44440020010784e-05,0.472869009972179,0.388511522607821,0.335354659458995,1,2,75,-0.136217377587165,0.781586012152972,13,1.81729912995419,0,-19.64662,4705,0.4,0,12,"both",-0.136217377587165,0.781586012152972
"936","session2",-2.37321608249914,9.45538340676918,2.24933185404301,5.44440020010784e-05,0.472869009972179,0.388511522607821,0.335354659458995,1,2,75,-0.136217377587165,0.781586012152972,13,3.26509282654256,1,2.75767,4705,0.4,0,12,"both",-0.136217377587165,0.781586012152972
"937","session2",-2.37321608249914,9.45538340676918,2.24933185404301,5.44440020010784e-05,0.472869009972179,0.388511522607821,0.335354659458995,1,2,75,-0.136217377587165,0.781586012152972,13,1.91660966475316,1,-9.66065,4705,0.4,0,12,"both",-0.136217377587165,0.781586012152972
"938","session2",-2.37321608249914,9.45538340676918,2.24933185404301,5.44440020010784e-05,0.472869009972179,0.388511522607821,0.335354659458995,1,2,75,-0.136217377587165,0.781586012152972,13,1.16000784433949,0,-29.2184,4705,0.4,0,12,"both",-0.136217377587165,0.781586012152972
"939","session2",-2.37321608249914,9.45538340676918,2.24933185404301,5.44440020010784e-05,0.472869009972179,0.388511522607821,0.335354659458995,1,2,75,-0.136217377587165,0.781586012152972,13,5.62631780724273,0,-14.5134,4705,0.4,0,12,"both",-0.136217377587165,0.781586012152972
"940","session2",-2.37321608249914,9.45538340676918,2.24933185404301,5.44440020010784e-05,0.472869009972179,0.388511522607821,0.335354659458995,1,2,75,-0.136217377587165,0.781586012152972,13,3.80944985015547,1,8.21855,4705,0.4,0,12,"both",-0.136217377587165,0.781586012152972
"941","session2",-2.37321608249914,9.45538340676918,2.24933185404301,5.44440020010784e-05,0.472869009972179,0.388511522607821,0.335354659458995,1,2,75,-0.136217377587165,0.781586012152972,13,2.34773652193718,0,-13.55292,4705,0.4,0,12,"both",-0.136217377587165,0.781586012152972
"942","session2",-2.37321608249914,9.45538340676918,2.24933185404301,5.44440020010784e-05,0.472869009972179,0.388511522607821,0.335354659458995,1,2,75,-0.136217377587165,0.781586012152972,13,3.73129933414371,1,0.295820000000001,4705,0.4,0,12,"both",-0.136217377587165,0.781586012152972
"943","session2",-2.37321608249914,9.45538340676918,2.24933185404301,5.44440020010784e-05,0.472869009972179,0.388511522607821,0.335354659458995,1,2,75,-0.136217377587165,0.781586012152972,13,3.10115192027384,1,11.53258,4705,0.4,0,12,"both",-0.136217377587165,0.781586012152972
"944","session2",-2.37321608249914,9.45538340676918,2.24933185404301,5.44440020010784e-05,0.472869009972179,0.388511522607821,0.335354659458995,1,2,75,-0.136217377587165,0.781586012152972,13,2.81800819797376,0,-1.66531,4705,0.4,0,12,"both",-0.136217377587165,0.781586012152972
"945","session2",-2.37321608249914,9.45538340676918,2.24933185404301,5.44440020010784e-05,0.472869009972179,0.388511522607821,0.335354659458995,1,2,75,-0.136217377587165,0.781586012152972,13,2.04177205697665,0,-17.85955,4705,0.4,0,12,"both",-0.136217377587165,0.781586012152972
"946","session2",-2.37321608249914,9.45538340676918,2.24933185404301,5.44440020010784e-05,0.472869009972179,0.388511522607821,0.335354659458995,1,2,75,-0.136217377587165,0.781586012152972,13,3.06970451898755,0,-20.86621,4705,0.4,0,12,"both",-0.136217377587165,0.781586012152972
"947","session2",-2.37321608249914,9.45538340676918,2.24933185404301,5.44440020010784e-05,0.472869009972179,0.388511522607821,0.335354659458995,1,2,75,-0.136217377587165,0.781586012152972,13,2.48628531937935,0,2.72422,4705,0.4,0,12,"both",-0.136217377587165,0.781586012152972
"948","session2",-2.37321608249914,9.45538340676918,2.24933185404301,5.44440020010784e-05,0.472869009972179,0.388511522607821,0.335354659458995,1,2,75,-0.136217377587165,0.781586012152972,13,1.80145679739016,0,3.07903,4705,0.4,0,12,"both",-0.136217377587165,0.781586012152972
"949","session2",-2.37321608249914,9.45538340676918,2.24933185404301,5.44440020010784e-05,0.472869009972179,0.388511522607821,0.335354659458995,1,2,75,-0.136217377587165,0.781586012152972,13,4.58286957319253,1,-0.69355,4705,0.4,0,12,"both",-0.136217377587165,0.781586012152972
"950","session2",-2.37321608249914,9.45538340676918,2.24933185404301,5.44440020010784e-05,0.472869009972179,0.388511522607821,0.335354659458995,1,2,75,-0.136217377587165,0.781586012152972,13,2.56405659070796,0,-0.731119999999999,4705,0.4,0,12,"both",-0.136217377587165,0.781586012152972
"951","session2",-2.37321608249914,9.45538340676918,2.24933185404301,5.44440020010784e-05,0.472869009972179,0.388511522607821,0.335354659458995,1,2,75,-0.136217377587165,0.781586012152972,13,2.50981133698949,0,-10.778318,4705,0.4,0,12,"both",-0.136217377587165,0.781586012152972
"952","session2",-2.37321608249914,9.45538340676918,2.24933185404301,5.44440020010784e-05,0.472869009972179,0.388511522607821,0.335354659458995,1,2,75,-0.136217377587165,0.781586012152972,13,2.58995133062122,1,3.92206,4705,0.4,0,12,"both",-0.136217377587165,0.781586012152972
"953","session2",-2.37321608249914,9.45538340676918,2.24933185404301,5.44440020010784e-05,0.472869009972179,0.388511522607821,0.335354659458995,1,2,75,-0.136217377587165,0.781586012152972,13,1.87944529393194,0,-15.97803,4705,0.4,0,12,"both",-0.136217377587165,0.781586012152972
"954","session2",-2.37321608249914,9.45538340676918,2.24933185404301,5.44440020010784e-05,0.472869009972179,0.388511522607821,0.335354659458995,1,2,75,-0.136217377587165,0.781586012152972,13,2.14592513272725,0,2.45742,4705,0.4,0,12,"both",-0.136217377587165,0.781586012152972
"955","session2",-2.37321608249914,9.45538340676918,2.24933185404301,5.44440020010784e-05,0.472869009972179,0.388511522607821,0.335354659458995,1,2,75,-0.136217377587165,0.781586012152972,13,2.28409742168895,1,6.11348,4705,0.4,0,12,"both",-0.136217377587165,0.781586012152972
"956","session2",-2.37321608249914,9.45538340676918,2.24933185404301,5.44440020010784e-05,0.472869009972179,0.388511522607821,0.335354659458995,1,2,75,-0.136217377587165,0.781586012152972,13,2.68247013356968,1,12.28017,4705,0.4,0,12,"both",-0.136217377587165,0.781586012152972
"957","session2",-2.37321608249914,9.45538340676918,2.24933185404301,5.44440020010784e-05,0.472869009972179,0.388511522607821,0.335354659458995,1,2,75,-0.136217377587165,0.781586012152972,13,2.58080473527637,0,-14.06494,4705,0.4,0,12,"both",-0.136217377587165,0.781586012152972
"958","session2",-2.37321608249914,9.45538340676918,2.24933185404301,5.44440020010784e-05,0.472869009972179,0.388511522607821,0.335354659458995,1,2,75,-0.136217377587165,0.781586012152972,13,2.00343304714389,0,-22.01453,4705,0.4,0,12,"both",-0.136217377587165,0.781586012152972
"959","session2",-2.37321608249914,9.45538340676918,2.24933185404301,5.44440020010784e-05,0.472869009972179,0.388511522607821,0.335354659458995,1,2,75,-0.136217377587165,0.781586012152972,13,2.36934511981199,0,-12.8113,4705,0.4,0,12,"both",-0.136217377587165,0.781586012152972
"960","session2",-2.37321608249914,9.45538340676918,2.24933185404301,5.44440020010784e-05,0.472869009972179,0.388511522607821,0.335354659458995,1,2,75,-0.136217377587165,0.781586012152972,13,2.11243810118355,1,6.13203,4705,0.4,0,12,"both",-0.136217377587165,0.781586012152972
"961","session2",-2.37321608249914,9.45538340676918,2.24933185404301,5.44440020010784e-05,0.472869009972179,0.388511522607821,0.335354659458995,1,2,75,-0.136217377587165,0.781586012152972,13,2.20157785604284,0,-9.386264,4705,0.4,0,12,"both",-0.136217377587165,0.781586012152972
"962","session2",-2.37321608249914,9.45538340676918,2.24933185404301,5.44440020010784e-05,0.472869009972179,0.388511522607821,0.335354659458995,1,2,75,-0.136217377587165,0.781586012152972,13,2.65807531768898,0,-12.85313,4705,0.4,0,12,"both",-0.136217377587165,0.781586012152972
"963","session2",-2.37321608249914,9.45538340676918,2.24933185404301,5.44440020010784e-05,0.472869009972179,0.388511522607821,0.335354659458995,1,2,75,-0.136217377587165,0.781586012152972,13,1.33110313415491,1,8.07035,4705,0.4,0,12,"both",-0.136217377587165,0.781586012152972
"964","session2",-2.37321608249914,9.45538340676918,2.24933185404301,5.44440020010784e-05,0.472869009972179,0.388511522607821,0.335354659458995,1,2,75,-0.136217377587165,0.781586012152972,13,3.92275810690278,1,8.37856,4705,0.4,0,12,"both",-0.136217377587165,0.781586012152972
"965","session2",-2.37321608249914,9.45538340676918,2.24933185404301,5.44440020010784e-05,0.472869009972179,0.388511522607821,0.335354659458995,1,2,75,-0.136217377587165,0.781586012152972,13,2.08977563693419,0,-14.33355,4705,0.4,0,12,"both",-0.136217377587165,0.781586012152972
"966","session2",-2.37321608249914,9.45538340676918,2.24933185404301,5.44440020010784e-05,0.472869009972179,0.388511522607821,0.335354659458995,1,2,75,-0.136217377587165,0.781586012152972,13,3.5526132030944,1,11.32217,4705,0.4,0,12,"both",-0.136217377587165,0.781586012152972
"967","session2",-2.37321608249914,9.45538340676918,2.24933185404301,5.44440020010784e-05,0.472869009972179,0.388511522607821,0.335354659458995,1,2,75,-0.136217377587165,0.781586012152972,13,3.56001675502266,0,-15.16101,4705,0.4,0,12,"both",-0.136217377587165,0.781586012152972
"968","session2",-2.37321608249914,9.45538340676918,2.24933185404301,5.44440020010784e-05,0.472869009972179,0.388511522607821,0.335354659458995,1,2,75,-0.136217377587165,0.781586012152972,13,2.23800350927142,0,-13.79394,4705,0.4,0,12,"both",-0.136217377587165,0.781586012152972
"969","session2",-2.37321608249914,9.45538340676918,2.24933185404301,5.44440020010784e-05,0.472869009972179,0.388511522607821,0.335354659458995,1,2,75,-0.136217377587165,0.781586012152972,13,2.87938164950007,0,-9.98088,4705,0.4,0,12,"both",-0.136217377587165,0.781586012152972
"970","session2",-2.37321608249914,9.45538340676918,2.24933185404301,5.44440020010784e-05,0.472869009972179,0.388511522607821,0.335354659458995,1,2,75,-0.136217377587165,0.781586012152972,13,2.58529362601565,0,-13.41618,4705,0.4,0,12,"both",-0.136217377587165,0.781586012152972
"971","session2",-2.37321608249914,9.45538340676918,2.24933185404301,5.44440020010784e-05,0.472869009972179,0.388511522607821,0.335354659458995,1,2,75,-0.136217377587165,0.781586012152972,13,4.7760589104476,0,-7.76429,4705,0.4,0,12,"both",-0.136217377587165,0.781586012152972
"972","session2",-2.37321608249914,9.45538340676918,2.24933185404301,5.44440020010784e-05,0.472869009972179,0.388511522607821,0.335354659458995,1,2,75,-0.136217377587165,0.781586012152972,13,2.40282209199389,0,6.01389,4705,0.4,0,12,"both",-0.136217377587165,0.781586012152972
"973","session2",-2.37321608249914,9.45538340676918,2.24933185404301,5.44440020010784e-05,0.472869009972179,0.388511522607821,0.335354659458995,1,2,75,-0.136217377587165,0.781586012152972,13,3.11130363989905,0,-8.57407,4705,0.4,0,12,"both",-0.136217377587165,0.781586012152972
"974","session2",-2.37321608249914,9.45538340676918,2.24933185404301,5.44440020010784e-05,0.472869009972179,0.388511522607821,0.335354659458995,1,2,75,-0.136217377587165,0.781586012152972,13,2.04373086876654,1,9.00984,4705,0.4,0,12,"both",-0.136217377587165,0.781586012152972
"975","session2",-2.37321608249914,9.45538340676918,2.24933185404301,5.44440020010784e-05,0.472869009972179,0.388511522607821,0.335354659458995,1,2,75,-0.136217377587165,0.781586012152972,13,2.15996675425908,0,-13.55709,4705,0.4,0,12,"both",-0.136217377587165,0.781586012152972
"976","session2",-50.3773807920867,6.29459909755679,3.42620083290943,0.000110361298524968,0.367101657568427,0.283000418788454,0.360630836638877,2,2,75,-0.136217377587165,0.781586012152972,14,2.22941920144641,1,-7.518888697483,4705,0.4,0,12,"both",-0.136217377587165,0.781586012152972
"977","session2",-50.3773807920867,6.29459909755679,3.42620083290943,0.000110361298524968,0.367101657568427,0.283000418788454,0.360630836638877,2,2,75,-0.136217377587165,0.781586012152972,14,1.66321233123724,1,-9.4981770826,4705,0.4,0,12,"both",-0.136217377587165,0.781586012152972
"978","session2",-50.3773807920867,6.29459909755679,3.42620083290943,0.000110361298524968,0.367101657568427,0.283000418788454,0.360630836638877,2,2,75,-0.136217377587165,0.781586012152972,14,1.27610039295561,1,-15.2907077729,4705,0.4,0,12,"both",-0.136217377587165,0.781586012152972
"979","session2",-50.3773807920867,6.29459909755679,3.42620083290943,0.000110361298524968,0.367101657568427,0.283000418788454,0.360630836638877,2,2,75,-0.136217377587165,0.781586012152972,14,1.56193943752812,1,-21.44277321182,4705,0.4,0,12,"both",-0.136217377587165,0.781586012152972
"980","session2",-50.3773807920867,6.29459909755679,3.42620083290943,0.000110361298524968,0.367101657568427,0.283000418788454,0.360630836638877,2,2,75,-0.136217377587165,0.781586012152972,14,1.98999184375461,1,-21.5929,4705,0.4,0,12,"both",-0.136217377587165,0.781586012152972
"981","session2",-50.3773807920867,6.29459909755679,3.42620083290943,0.000110361298524968,0.367101657568427,0.283000418788454,0.360630836638877,2,2,75,-0.136217377587165,0.781586012152972,14,2.29624156092894,1,-43.51392,4705,0.4,0,12,"both",-0.136217377587165,0.781586012152972
"982","session2",-50.3773807920867,6.29459909755679,3.42620083290943,0.000110361298524968,0.367101657568427,0.283000418788454,0.360630836638877,2,2,75,-0.136217377587165,0.781586012152972,14,1.41954880745963,1,-33.83676,4705,0.4,0,12,"both",-0.136217377587165,0.781586012152972
"983","session2",-50.3773807920867,6.29459909755679,3.42620083290943,0.000110361298524968,0.367101657568427,0.283000418788454,0.360630836638877,2,2,75,-0.136217377587165,0.781586012152972,14,1.91712518004139,1,-35.05203,4705,0.4,0,12,"both",-0.136217377587165,0.781586012152972
"984","session2",-50.3773807920867,6.29459909755679,3.42620083290943,0.000110361298524968,0.367101657568427,0.283000418788454,0.360630836638877,2,2,75,-0.136217377587165,0.781586012152972,14,1.72394798355924,1,-37.292935544,4705,0.4,0,12,"both",-0.136217377587165,0.781586012152972
"985","session2",-50.3773807920867,6.29459909755679,3.42620083290943,0.000110361298524968,0.367101657568427,0.283000418788454,0.360630836638877,2,2,75,-0.136217377587165,0.781586012152972,14,2.38431472339736,1,-41.0552884426,4705,0.4,0,12,"both",-0.136217377587165,0.781586012152972
"986","session2",-50.3773807920867,6.29459909755679,3.42620083290943,0.000110361298524968,0.367101657568427,0.283000418788454,0.360630836638877,2,2,75,-0.136217377587165,0.781586012152972,14,1.81514196581745,1,-43.090721298,4705,0.4,0,12,"both",-0.136217377587165,0.781586012152972
"987","session2",-50.3773807920867,6.29459909755679,3.42620083290943,0.000110361298524968,0.367101657568427,0.283000418788454,0.360630836638877,2,2,75,-0.136217377587165,0.781586012152972,14,2.42075228525256,0,-44.025190402,4705,0.4,0,12,"both",-0.136217377587165,0.781586012152972
"988","session2",-50.3773807920867,6.29459909755679,3.42620083290943,0.000110361298524968,0.367101657568427,0.283000418788454,0.360630836638877,2,2,75,-0.136217377587165,0.781586012152972,14,2.72059727005237,1,-43.344810427,4705,0.4,0,12,"both",-0.136217377587165,0.781586012152972
"989","session2",-50.3773807920867,6.29459909755679,3.42620083290943,0.000110361298524968,0.367101657568427,0.283000418788454,0.360630836638877,2,2,75,-0.136217377587165,0.781586012152972,14,1.46567815804719,1,-26.4614,4705,0.4,0,12,"both",-0.136217377587165,0.781586012152972
"990","session2",-50.3773807920867,6.29459909755679,3.42620083290943,0.000110361298524968,0.367101657568427,0.283000418788454,0.360630836638877,2,2,75,-0.136217377587165,0.781586012152972,14,3.60252695348356,1,-47.280854422,4705,0.4,0,12,"both",-0.136217377587165,0.781586012152972
"991","session2",-50.3773807920867,6.29459909755679,3.42620083290943,0.000110361298524968,0.367101657568427,0.283000418788454,0.360630836638877,2,2,75,-0.136217377587165,0.781586012152972,14,2.11380350535499,0,-56.13261594,4705,0.4,0,12,"both",-0.136217377587165,0.781586012152972
"992","session2",-50.3773807920867,6.29459909755679,3.42620083290943,0.000110361298524968,0.367101657568427,0.283000418788454,0.360630836638877,2,2,75,-0.136217377587165,0.781586012152972,14,5.7867966002095,1,-46.501507716,4705,0.4,0,12,"both",-0.136217377587165,0.781586012152972
"993","session2",-50.3773807920867,6.29459909755679,3.42620083290943,0.000110361298524968,0.367101657568427,0.283000418788454,0.360630836638877,2,2,75,-0.136217377587165,0.781586012152972,14,3.13307635626029,1,-46.698832952,4705,0.4,0,12,"both",-0.136217377587165,0.781586012152972
"994","session2",-50.3773807920867,6.29459909755679,3.42620083290943,0.000110361298524968,0.367101657568427,0.283000418788454,0.360630836638877,2,2,75,-0.136217377587165,0.781586012152972,14,2.84471767918112,1,-49.370316627,4705,0.4,0,12,"both",-0.136217377587165,0.781586012152972
"995","session2",-50.3773807920867,6.29459909755679,3.42620083290943,0.000110361298524968,0.367101657568427,0.283000418788454,0.360630836638877,2,2,75,-0.136217377587165,0.781586012152972,14,1.55995580360309,1,33.1402,4705,0.4,0,12,"both",-0.136217377587165,0.781586012152972
"996","session2",-50.3773807920867,6.29459909755679,3.42620083290943,0.000110361298524968,0.367101657568427,0.283000418788454,0.360630836638877,2,2,75,-0.136217377587165,0.781586012152972,14,2.15117679125199,0,-56.8710512557,4705,0.4,0,12,"both",-0.136217377587165,0.781586012152972
"997","session2",-50.3773807920867,6.29459909755679,3.42620083290943,0.000110361298524968,0.367101657568427,0.283000418788454,0.360630836638877,2,2,75,-0.136217377587165,0.781586012152972,14,3.23900129691691,1,-52.987553409,4705,0.4,0,12,"both",-0.136217377587165,0.781586012152972
"998","session2",-50.3773807920867,6.29459909755679,3.42620083290943,0.000110361298524968,0.367101657568427,0.283000418788454,0.360630836638877,2,2,75,-0.136217377587165,0.781586012152972,14,1.7710735064275,1,-21.2926,4705,0.4,0,12,"both",-0.136217377587165,0.781586012152972
"999","session2",-50.3773807920867,6.29459909755679,3.42620083290943,0.000110361298524968,0.367101657568427,0.283000418788454,0.360630836638877,2,2,75,-0.136217377587165,0.781586012152972,14,2.05097976700357,0,-53.61993608,4705,0.4,0,12,"both",-0.136217377587165,0.781586012152972
"1000","session2",-50.3773807920867,6.29459909755679,3.42620083290943,0.000110361298524968,0.367101657568427,0.283000418788454,0.360630836638877,2,2,75,-0.136217377587165,0.781586012152972,14,3.04349492187552,1,-51.206067043,4705,0.4,0,12,"both",-0.136217377587165,0.781586012152972
"1001","session2",-50.3773807920867,6.29459909755679,3.42620083290943,0.000110361298524968,0.367101657568427,0.283000418788454,0.360630836638877,2,2,75,-0.136217377587165,0.781586012152972,14,1.76897294422223,1,-42.4393,4705,0.4,0,12,"both",-0.136217377587165,0.781586012152972
"1002","session2",-50.3773807920867,6.29459909755679,3.42620083290943,0.000110361298524968,0.367101657568427,0.283000418788454,0.360630836638877,2,2,75,-0.136217377587165,0.781586012152972,14,1.44801668618053,1,-36.4474,4705,0.4,0,12,"both",-0.136217377587165,0.781586012152972
"1003","session2",-50.3773807920867,6.29459909755679,3.42620083290943,0.000110361298524968,0.367101657568427,0.283000418788454,0.360630836638877,2,2,75,-0.136217377587165,0.781586012152972,14,2.02069632981237,0,-61.89587874,4705,0.4,0,12,"both",-0.136217377587165,0.781586012152972
"1004","session2",-50.3773807920867,6.29459909755679,3.42620083290943,0.000110361298524968,0.367101657568427,0.283000418788454,0.360630836638877,2,2,75,-0.136217377587165,0.781586012152972,14,2.00255892801098,1,-1.7345,4705,0.4,0,12,"both",-0.136217377587165,0.781586012152972
"1005","session2",-50.3773807920867,6.29459909755679,3.42620083290943,0.000110361298524968,0.367101657568427,0.283000418788454,0.360630836638877,2,2,75,-0.136217377587165,0.781586012152972,14,3.1233466648849,1,-52.6914184,4705,0.4,0,12,"both",-0.136217377587165,0.781586012152972
"1006","session2",-50.3773807920867,6.29459909755679,3.42620083290943,0.000110361298524968,0.367101657568427,0.283000418788454,0.360630836638877,2,2,75,-0.136217377587165,0.781586012152972,14,3.58173105590324,0,-47.3079,4705,0.4,0,12,"both",-0.136217377587165,0.781586012152972
"1007","session2",-50.3773807920867,6.29459909755679,3.42620083290943,0.000110361298524968,0.367101657568427,0.283000418788454,0.360630836638877,2,2,75,-0.136217377587165,0.781586012152972,14,4.76203754808071,0,-52.8059369,4705,0.4,0,12,"both",-0.136217377587165,0.781586012152972
"1008","session2",-50.3773807920867,6.29459909755679,3.42620083290943,0.000110361298524968,0.367101657568427,0.283000418788454,0.360630836638877,2,2,75,-0.136217377587165,0.781586012152972,14,2.47559847742516,1,-48.94562,4705,0.4,0,12,"both",-0.136217377587165,0.781586012152972
"1009","session2",-50.3773807920867,6.29459909755679,3.42620083290943,0.000110361298524968,0.367101657568427,0.283000418788454,0.360630836638877,2,2,75,-0.136217377587165,0.781586012152972,14,3.64544925344876,0,-52.237767,4705,0.4,0,12,"both",-0.136217377587165,0.781586012152972
"1010","session2",-50.3773807920867,6.29459909755679,3.42620083290943,0.000110361298524968,0.367101657568427,0.283000418788454,0.360630836638877,2,2,75,-0.136217377587165,0.781586012152972,14,3.52350994629928,0,-51.6521512,4705,0.4,0,12,"both",-0.136217377587165,0.781586012152972
"1011","session2",-50.3773807920867,6.29459909755679,3.42620083290943,0.000110361298524968,0.367101657568427,0.283000418788454,0.360630836638877,2,2,75,-0.136217377587165,0.781586012152972,14,3.4231702698536,1,-51.130322,4705,0.4,0,12,"both",-0.136217377587165,0.781586012152972
"1012","session2",-50.3773807920867,6.29459909755679,3.42620083290943,0.000110361298524968,0.367101657568427,0.283000418788454,0.360630836638877,2,2,75,-0.136217377587165,0.781586012152972,14,2.96027025737794,1,-51.6304507,4705,0.4,0,12,"both",-0.136217377587165,0.781586012152972
"1013","session2",-50.3773807920867,6.29459909755679,3.42620083290943,0.000110361298524968,0.367101657568427,0.283000418788454,0.360630836638877,2,2,75,-0.136217377587165,0.781586012152972,14,4.28513394294283,1,-42.14692,4705,0.4,0,12,"both",-0.136217377587165,0.781586012152972
"1014","session2",-50.3773807920867,6.29459909755679,3.42620083290943,0.000110361298524968,0.367101657568427,0.283000418788454,0.360630836638877,2,2,75,-0.136217377587165,0.781586012152972,14,1.26329752288529,1,-18.7893,4705,0.4,0,12,"both",-0.136217377587165,0.781586012152972
"1015","session2",-50.3773807920867,6.29459909755679,3.42620083290943,0.000110361298524968,0.367101657568427,0.283000418788454,0.360630836638877,2,2,75,-0.136217377587165,0.781586012152972,14,3.87374486995235,1,-52.0928234,4705,0.4,0,12,"both",-0.136217377587165,0.781586012152972
"1016","session2",-50.3773807920867,6.29459909755679,3.42620083290943,0.000110361298524968,0.367101657568427,0.283000418788454,0.360630836638877,2,2,75,-0.136217377587165,0.781586012152972,14,3.41766597112578,1,-56.70240199,4705,0.4,0,12,"both",-0.136217377587165,0.781586012152972
"1017","session2",-50.3773807920867,6.29459909755679,3.42620083290943,0.000110361298524968,0.367101657568427,0.283000418788454,0.360630836638877,2,2,75,-0.136217377587165,0.781586012152972,14,1.56346000107562,0,-60.79964161,4705,0.4,0,12,"both",-0.136217377587165,0.781586012152972
"1018","session2",-50.3773807920867,6.29459909755679,3.42620083290943,0.000110361298524968,0.367101657568427,0.283000418788454,0.360630836638877,2,2,75,-0.136217377587165,0.781586012152972,14,2.48859227554054,0,-60.77364478,4705,0.4,0,12,"both",-0.136217377587165,0.781586012152972
"1019","session2",-50.3773807920867,6.29459909755679,3.42620083290943,0.000110361298524968,0.367101657568427,0.283000418788454,0.360630836638877,2,2,75,-0.136217377587165,0.781586012152972,14,3.75147835015072,0,-53.1572934,4705,0.4,0,12,"both",-0.136217377587165,0.781586012152972
"1020","session2",-50.3773807920867,6.29459909755679,3.42620083290943,0.000110361298524968,0.367101657568427,0.283000418788454,0.360630836638877,2,2,75,-0.136217377587165,0.781586012152972,14,3.29264782143007,0,-52.8265159,4705,0.4,0,12,"both",-0.136217377587165,0.781586012152972
"1021","session2",-50.3773807920867,6.29459909755679,3.42620083290943,0.000110361298524968,0.367101657568427,0.283000418788454,0.360630836638877,2,2,75,-0.136217377587165,0.781586012152972,14,3.04706205111224,1,-51.9978045,4705,0.4,0,12,"both",-0.136217377587165,0.781586012152972
"1022","session2",-50.3773807920867,6.29459909755679,3.42620083290943,0.000110361298524968,0.367101657568427,0.283000418788454,0.360630836638877,2,2,75,-0.136217377587165,0.781586012152972,14,2.61255174354639,1,-45.37107,4705,0.4,0,12,"both",-0.136217377587165,0.781586012152972
"1023","session2",-50.3773807920867,6.29459909755679,3.42620083290943,0.000110361298524968,0.367101657568427,0.283000418788454,0.360630836638877,2,2,75,-0.136217377587165,0.781586012152972,14,3.38738127892292,0,-52.5215766,4705,0.4,0,12,"both",-0.136217377587165,0.781586012152972
"1024","session2",-50.3773807920867,6.29459909755679,3.42620083290943,0.000110361298524968,0.367101657568427,0.283000418788454,0.360630836638877,2,2,75,-0.136217377587165,0.781586012152972,14,4.79788652188023,0,-52.3142786,4705,0.4,0,12,"both",-0.136217377587165,0.781586012152972
"1025","session2",-50.3773807920867,6.29459909755679,3.42620083290943,0.000110361298524968,0.367101657568427,0.283000418788454,0.360630836638877,2,2,75,-0.136217377587165,0.781586012152972,14,3.49775023544353,1,-48.2517,4705,0.4,0,12,"both",-0.136217377587165,0.781586012152972
"1026","session2",-50.3773807920867,6.29459909755679,3.42620083290943,0.000110361298524968,0.367101657568427,0.283000418788454,0.360630836638877,2,2,75,-0.136217377587165,0.781586012152972,14,3.52276110334965,1,-45.14589,4705,0.4,0,12,"both",-0.136217377587165,0.781586012152972
"1027","session2",-50.3773807920867,6.29459909755679,3.42620083290943,0.000110361298524968,0.367101657568427,0.283000418788454,0.360630836638877,2,2,75,-0.136217377587165,0.781586012152972,14,2.96412838136413,1,-42.15748,4705,0.4,0,12,"both",-0.136217377587165,0.781586012152972
"1028","session2",-50.3773807920867,6.29459909755679,3.42620083290943,0.000110361298524968,0.367101657568427,0.283000418788454,0.360630836638877,2,2,75,-0.136217377587165,0.781586012152972,14,5.53130811189094,1,-52.25333,4705,0.4,0,12,"both",-0.136217377587165,0.781586012152972
"1029","session2",-50.3773807920867,6.29459909755679,3.42620083290943,0.000110361298524968,0.367101657568427,0.283000418788454,0.360630836638877,2,2,75,-0.136217377587165,0.781586012152972,14,4.81444688516011,1,-52.9594913,4705,0.4,0,12,"both",-0.136217377587165,0.781586012152972
"1030","session2",-50.3773807920867,6.29459909755679,3.42620083290943,0.000110361298524968,0.367101657568427,0.283000418788454,0.360630836638877,2,2,75,-0.136217377587165,0.781586012152972,14,2.61350437149193,1,-31.1895,4705,0.4,0,12,"both",-0.136217377587165,0.781586012152972
"1031","session2",-50.3773807920867,6.29459909755679,3.42620083290943,0.000110361298524968,0.367101657568427,0.283000418788454,0.360630836638877,2,2,75,-0.136217377587165,0.781586012152972,14,1.79629392609085,0,-58.4608392,4705,0.4,0,12,"both",-0.136217377587165,0.781586012152972
"1032","session2",-50.3773807920867,6.29459909755679,3.42620083290943,0.000110361298524968,0.367101657568427,0.283000418788454,0.360630836638877,2,2,75,-0.136217377587165,0.781586012152972,14,3.32415810296513,1,-56.1256941,4705,0.4,0,12,"both",-0.136217377587165,0.781586012152972
"1033","session2",-50.3773807920867,6.29459909755679,3.42620083290943,0.000110361298524968,0.367101657568427,0.283000418788454,0.360630836638877,2,2,75,-0.136217377587165,0.781586012152972,14,1.33912400932668,1,-20.2164,4705,0.4,0,12,"both",-0.136217377587165,0.781586012152972
"1034","session2",-50.3773807920867,6.29459909755679,3.42620083290943,0.000110361298524968,0.367101657568427,0.283000418788454,0.360630836638877,2,2,75,-0.136217377587165,0.781586012152972,14,1.89640146850524,1,-32.8215,4705,0.4,0,12,"both",-0.136217377587165,0.781586012152972
"1035","session2",-50.3773807920867,6.29459909755679,3.42620083290943,0.000110361298524968,0.367101657568427,0.283000418788454,0.360630836638877,2,2,75,-0.136217377587165,0.781586012152972,14,3.02836860887371,0,-54.1127575,4705,0.4,0,12,"both",-0.136217377587165,0.781586012152972
"1036","session2",-50.3773807920867,6.29459909755679,3.42620083290943,0.000110361298524968,0.367101657568427,0.283000418788454,0.360630836638877,2,2,75,-0.136217377587165,0.781586012152972,14,3.31935504859034,0,-52.8597493,4705,0.4,0,12,"both",-0.136217377587165,0.781586012152972
"1037","session2",-50.3773807920867,6.29459909755679,3.42620083290943,0.000110361298524968,0.367101657568427,0.283000418788454,0.360630836638877,2,2,75,-0.136217377587165,0.781586012152972,14,3.54792123733951,1,-48.39385,4705,0.4,0,12,"both",-0.136217377587165,0.781586012152972
"1038","session2",-50.3773807920867,6.29459909755679,3.42620083290943,0.000110361298524968,0.367101657568427,0.283000418788454,0.360630836638877,2,2,75,-0.136217377587165,0.781586012152972,14,4.0483401532095,1,-46.99944,4705,0.4,0,12,"both",-0.136217377587165,0.781586012152972
"1039","session2",-50.3773807920867,6.29459909755679,3.42620083290943,0.000110361298524968,0.367101657568427,0.283000418788454,0.360630836638877,2,2,75,-0.136217377587165,0.781586012152972,14,1.92374876127149,0,-58.8479832,4705,0.4,0,12,"both",-0.136217377587165,0.781586012152972
"1040","session2",-50.3773807920867,6.29459909755679,3.42620083290943,0.000110361298524968,0.367101657568427,0.283000418788454,0.360630836638877,2,2,75,-0.136217377587165,0.781586012152972,14,3.72149616466386,0,-52.5492473,4705,0.4,0,12,"both",-0.136217377587165,0.781586012152972
"1041","session2",-50.3773807920867,6.29459909755679,3.42620083290943,0.000110361298524968,0.367101657568427,0.283000418788454,0.360630836638877,2,2,75,-0.136217377587165,0.781586012152972,14,2.72282503933229,0,-52.5101017,4705,0.4,0,12,"both",-0.136217377587165,0.781586012152972
"1042","session2",-50.3773807920867,6.29459909755679,3.42620083290943,0.000110361298524968,0.367101657568427,0.283000418788454,0.360630836638877,2,2,75,-0.136217377587165,0.781586012152972,14,1.98756235106711,1,-45.43445,4705,0.4,0,12,"both",-0.136217377587165,0.781586012152972
"1043","session2",-50.3773807920867,6.29459909755679,3.42620083290943,0.000110361298524968,0.367101657568427,0.283000418788454,0.360630836638877,2,2,75,-0.136217377587165,0.781586012152972,14,3.5070523667737,0,-52.1633108,4705,0.4,0,12,"both",-0.136217377587165,0.781586012152972
"1044","session2",-50.3773807920867,6.29459909755679,3.42620083290943,0.000110361298524968,0.367101657568427,0.283000418788454,0.360630836638877,2,2,75,-0.136217377587165,0.781586012152972,14,5.89397852488176,1,-52.0727446,4705,0.4,0,12,"both",-0.136217377587165,0.781586012152972
"1045","session2",-50.3773807920867,6.29459909755679,3.42620083290943,0.000110361298524968,0.367101657568427,0.283000418788454,0.360630836638877,2,2,75,-0.136217377587165,0.781586012152972,14,3.39863958527849,0,-47.66232,4705,0.4,0,12,"both",-0.136217377587165,0.781586012152972
"1046","session2",-50.3773807920867,6.29459909755679,3.42620083290943,0.000110361298524968,0.367101657568427,0.283000418788454,0.360630836638877,2,2,75,-0.136217377587165,0.781586012152972,14,2.81178477459358,0,-51.8665739,4705,0.4,0,12,"both",-0.136217377587165,0.781586012152972
"1047","session2",-50.3773807920867,6.29459909755679,3.42620083290943,0.000110361298524968,0.367101657568427,0.283000418788454,0.360630836638877,2,2,75,-0.136217377587165,0.781586012152972,14,4.71682102523133,1,-51.8383109,4705,0.4,0,12,"both",-0.136217377587165,0.781586012152972
"1048","session2",-50.3773807920867,6.29459909755679,3.42620083290943,0.000110361298524968,0.367101657568427,0.283000418788454,0.360630836638877,2,2,75,-0.136217377587165,0.781586012152972,14,2.61093489059226,0,-44.55065,4705,0.4,0,12,"both",-0.136217377587165,0.781586012152972
"1049","session2",-50.3773807920867,6.29459909755679,3.42620083290943,0.000110361298524968,0.367101657568427,0.283000418788454,0.360630836638877,2,2,75,-0.136217377587165,0.781586012152972,14,2.47993422295627,1,-41.2497,4705,0.4,0,12,"both",-0.136217377587165,0.781586012152972
"1050","session2",-50.3773807920867,6.29459909755679,3.42620083290943,0.000110361298524968,0.367101657568427,0.283000418788454,0.360630836638877,2,2,75,-0.136217377587165,0.781586012152972,14,5.41092964180993,0,-51.651361,4705,0.4,0,12,"both",-0.136217377587165,0.781586012152972
"1051","session2",-5.07168455838198,20.3912969373332,5.81014350214585,5.6784076401491e-05,0.0188903558084045,0.273121806167191,0.437147742388768,3,2,75,-0.136217377587165,0.781586012152972,15,3.74936049125858,1,8.5282936995,4705,0.4,0,12,"both",-0.136217377587165,0.781586012152972
"1052","session2",-5.07168455838198,20.3912969373332,5.81014350214585,5.6784076401491e-05,0.0188903558084045,0.273121806167191,0.437147742388768,3,2,75,-0.136217377587165,0.781586012152972,15,4.1627545894854,0,-7.1716151257,4705,0.4,0,12,"both",-0.136217377587165,0.781586012152972
"1053","session2",-5.07168455838198,20.3912969373332,5.81014350214585,5.6784076401491e-05,0.0188903558084045,0.273121806167191,0.437147742388768,3,2,75,-0.136217377587165,0.781586012152972,15,4.75214369146085,0,1.5765728633,4705,0.4,0,12,"both",-0.136217377587165,0.781586012152972
"1054","session2",-5.07168455838198,20.3912969373332,5.81014350214585,5.6784076401491e-05,0.0188903558084045,0.273121806167191,0.437147742388768,3,2,75,-0.136217377587165,0.781586012152972,15,4.35968888394819,0,4.33778223849,4705,0.4,0,12,"both",-0.136217377587165,0.781586012152972
"1055","session2",-5.07168455838198,20.3912969373332,5.81014350214585,5.6784076401491e-05,0.0188903558084045,0.273121806167191,0.437147742388768,3,2,75,-0.136217377587165,0.781586012152972,15,5.62820244036182,0,3.918,4705,0.4,0,12,"both",-0.136217377587165,0.781586012152972
"1056","session2",-5.07168455838198,20.3912969373332,5.81014350214585,5.6784076401491e-05,0.0188903558084045,0.273121806167191,0.437147742388768,3,2,75,-0.136217377587165,0.781586012152972,15,1.96736742709805,0,-25.32964,4705,0.4,0,12,"both",-0.136217377587165,0.781586012152972
"1057","session2",-5.07168455838198,20.3912969373332,5.81014350214585,5.6784076401491e-05,0.0188903558084045,0.273121806167191,0.437147742388768,3,2,75,-0.136217377587165,0.781586012152972,15,4.53864089569603,1,-0.26021,4705,0.4,0,12,"both",-0.136217377587165,0.781586012152972
"1058","session2",-5.07168455838198,20.3912969373332,5.81014350214585,5.6784076401491e-05,0.0188903558084045,0.273121806167191,0.437147742388768,3,2,75,-0.136217377587165,0.781586012152972,15,2.40932147881476,0,7.01201,4705,0.4,0,12,"both",-0.136217377587165,0.781586012152972
"1059","session2",-5.07168455838198,20.3912969373332,5.81014350214585,5.6784076401491e-05,0.0188903558084045,0.273121806167191,0.437147742388768,3,2,75,-0.136217377587165,0.781586012152972,15,1.98368115880685,1,-31.7056,4705,0.4,0,12,"both",-0.136217377587165,0.781586012152972
"1060","session2",-5.07168455838198,20.3912969373332,5.81014350214585,5.6784076401491e-05,0.0188903558084045,0.273121806167191,0.437147742388768,3,2,75,-0.136217377587165,0.781586012152972,15,5.68817128416646,0,-3.367786,4705,0.4,0,12,"both",-0.136217377587165,0.781586012152972
"1061","session2",-5.07168455838198,20.3912969373332,5.81014350214585,5.6784076401491e-05,0.0188903558084045,0.273121806167191,0.437147742388768,3,2,75,-0.136217377587165,0.781586012152972,15,3.50439857015832,1,5.85346,4705,0.4,0,12,"both",-0.136217377587165,0.781586012152972
"1062","session2",-5.07168455838198,20.3912969373332,5.81014350214585,5.6784076401491e-05,0.0188903558084045,0.273121806167191,0.437147742388768,3,2,75,-0.136217377587165,0.781586012152972,15,4.5413215671463,0,7.652226543806,4705,0.4,0,12,"both",-0.136217377587165,0.781586012152972
"1063","session2",-5.07168455838198,20.3912969373332,5.81014350214585,5.6784076401491e-05,0.0188903558084045,0.273121806167191,0.437147742388768,3,2,75,-0.136217377587165,0.781586012152972,15,3.76087452347319,0,12.097895308,4705,0.4,0,12,"both",-0.136217377587165,0.781586012152972
"1064","session2",-5.07168455838198,20.3912969373332,5.81014350214585,5.6784076401491e-05,0.0188903558084045,0.273121806167191,0.437147742388768,3,2,75,-0.136217377587165,0.781586012152972,15,1.9599306351237,1,48.1451,4705,0.4,0,12,"both",-0.136217377587165,0.781586012152972
"1065","session2",-5.07168455838198,20.3912969373332,5.81014350214585,5.6784076401491e-05,0.0188903558084045,0.273121806167191,0.437147742388768,3,2,75,-0.136217377587165,0.781586012152972,15,2.00425783670585,1,36.7921,4705,0.4,0,12,"both",-0.136217377587165,0.781586012152972
"1066","session2",-5.07168455838198,20.3912969373332,5.81014350214585,5.6784076401491e-05,0.0188903558084045,0.273121806167191,0.437147742388768,3,2,75,-0.136217377587165,0.781586012152972,15,2.85956941901336,1,26.6339,4705,0.4,0,12,"both",-0.136217377587165,0.781586012152972
"1067","session2",-5.07168455838198,20.3912969373332,5.81014350214585,5.6784076401491e-05,0.0188903558084045,0.273121806167191,0.437147742388768,3,2,75,-0.136217377587165,0.781586012152972,15,6.56161092983231,0,3.81022,4705,0.4,0,12,"both",-0.136217377587165,0.781586012152972
"1068","session2",-5.07168455838198,20.3912969373332,5.81014350214585,5.6784076401491e-05,0.0188903558084045,0.273121806167191,0.437147742388768,3,2,75,-0.136217377587165,0.781586012152972,15,2.70913570109904,1,10.96523,4705,0.4,0,12,"both",-0.136217377587165,0.781586012152972
"1069","session2",-5.07168455838198,20.3912969373332,5.81014350214585,5.6784076401491e-05,0.0188903558084045,0.273121806167191,0.437147742388768,3,2,75,-0.136217377587165,0.781586012152972,15,2.46020408214862,1,23.0478,4705,0.4,0,12,"both",-0.136217377587165,0.781586012152972
"1070","session2",-5.07168455838198,20.3912969373332,5.81014350214585,5.6784076401491e-05,0.0188903558084045,0.273121806167191,0.437147742388768,3,2,75,-0.136217377587165,0.781586012152972,15,3.15007601140014,1,11.7504139475,4705,0.4,0,12,"both",-0.136217377587165,0.781586012152972
"1071","session2",-5.07168455838198,20.3912969373332,5.81014350214585,5.6784076401491e-05,0.0188903558084045,0.273121806167191,0.437147742388768,3,2,75,-0.136217377587165,0.781586012152972,15,3.41010880254036,1,14.32852,4705,0.4,0,12,"both",-0.136217377587165,0.781586012152972
"1072","session2",-5.07168455838198,20.3912969373332,5.81014350214585,5.6784076401491e-05,0.0188903558084045,0.273121806167191,0.437147742388768,3,2,75,-0.136217377587165,0.781586012152972,15,3.82609143789483,1,2.97165,4705,0.4,0,12,"both",-0.136217377587165,0.781586012152972
"1073","session2",-5.07168455838198,20.3912969373332,5.81014350214585,5.6784076401491e-05,0.0188903558084045,0.273121806167191,0.437147742388768,3,2,75,-0.136217377587165,0.781586012152972,15,4.09379078287142,1,-1.2553,4705,0.4,0,12,"both",-0.136217377587165,0.781586012152972
"1074","session2",-5.07168455838198,20.3912969373332,5.81014350214585,5.6784076401491e-05,0.0188903558084045,0.273121806167191,0.437147742388768,3,2,75,-0.136217377587165,0.781586012152972,15,2.02165393785391,1,30.3708,4705,0.4,0,12,"both",-0.136217377587165,0.781586012152972
"1075","session2",-5.07168455838198,20.3912969373332,5.81014350214585,5.6784076401491e-05,0.0188903558084045,0.273121806167191,0.437147742388768,3,2,75,-0.136217377587165,0.781586012152972,15,3.66916381291273,1,-10.208478,4705,0.4,0,12,"both",-0.136217377587165,0.781586012152972
"1076","session2",-5.07168455838198,20.3912969373332,5.81014350214585,5.6784076401491e-05,0.0188903558084045,0.273121806167191,0.437147742388768,3,2,75,-0.136217377587165,0.781586012152972,15,2.15609109340038,1,42.10156,4705,0.4,0,12,"both",-0.136217377587165,0.781586012152972
"1077","session2",-5.07168455838198,20.3912969373332,5.81014350214585,5.6784076401491e-05,0.0188903558084045,0.273121806167191,0.437147742388768,3,2,75,-0.136217377587165,0.781586012152972,15,2.02030142451582,1,38.70053,4705,0.4,0,12,"both",-0.136217377587165,0.781586012152972
"1078","session2",-5.07168455838198,20.3912969373332,5.81014350214585,5.6784076401491e-05,0.0188903558084045,0.273121806167191,0.437147742388768,3,2,75,-0.136217377587165,0.781586012152972,15,3.76758369531715,1,-1.8859381498,4705,0.4,0,12,"both",-0.136217377587165,0.781586012152972
"1079","session2",-5.07168455838198,20.3912969373332,5.81014350214585,5.6784076401491e-05,0.0188903558084045,0.273121806167191,0.437147742388768,3,2,75,-0.136217377587165,0.781586012152972,15,1.92851182559594,0,24.94901,4705,0.4,0,12,"both",-0.136217377587165,0.781586012152972
"1080","session2",-5.07168455838198,20.3912969373332,5.81014350214585,5.6784076401491e-05,0.0188903558084045,0.273121806167191,0.437147742388768,3,2,75,-0.136217377587165,0.781586012152972,15,2.51588764422977,1,24.98405,4705,0.4,0,12,"both",-0.136217377587165,0.781586012152972
"1081","session2",-5.07168455838198,20.3912969373332,5.81014350214585,5.6784076401491e-05,0.0188903558084045,0.273121806167191,0.437147742388768,3,2,75,-0.136217377587165,0.781586012152972,15,4.6862761562132,0,-4.65869614,4705,0.4,0,12,"both",-0.136217377587165,0.781586012152972
"1082","session2",-5.07168455838198,20.3912969373332,5.81014350214585,5.6784076401491e-05,0.0188903558084045,0.273121806167191,0.437147742388768,3,2,75,-0.136217377587165,0.781586012152972,15,3.22914852458502,1,18.704701,4705,0.4,0,12,"both",-0.136217377587165,0.781586012152972
"1083","session2",-5.07168455838198,20.3912969373332,5.81014350214585,5.6784076401491e-05,0.0188903558084045,0.273121806167191,0.437147742388768,3,2,75,-0.136217377587165,0.781586012152972,15,2.24021260887002,1,15.36489,4705,0.4,0,12,"both",-0.136217377587165,0.781586012152972
"1084","session2",-5.07168455838198,20.3912969373332,5.81014350214585,5.6784076401491e-05,0.0188903558084045,0.273121806167191,0.437147742388768,3,2,75,-0.136217377587165,0.781586012152972,15,2.21753279591721,1,15.15948,4705,0.4,0,12,"both",-0.136217377587165,0.781586012152972
"1085","session2",-5.07168455838198,20.3912969373332,5.81014350214585,5.6784076401491e-05,0.0188903558084045,0.273121806167191,0.437147742388768,3,2,75,-0.136217377587165,0.781586012152972,15,1.73715622532977,0,-29.637359,4705,0.4,0,12,"both",-0.136217377587165,0.781586012152972
"1086","session2",-5.07168455838198,20.3912969373332,5.81014350214585,5.6784076401491e-05,0.0188903558084045,0.273121806167191,0.437147742388768,3,2,75,-0.136217377587165,0.781586012152972,15,1.5994130663637,0,-31.26711,4705,0.4,0,12,"both",-0.136217377587165,0.781586012152972
"1087","session2",-5.07168455838198,20.3912969373332,5.81014350214585,5.6784076401491e-05,0.0188903558084045,0.273121806167191,0.437147742388768,3,2,75,-0.136217377587165,0.781586012152972,15,3.11404238366212,0,-11.579009,4705,0.4,0,12,"both",-0.136217377587165,0.781586012152972
"1088","session2",-5.07168455838198,20.3912969373332,5.81014350214585,5.6784076401491e-05,0.0188903558084045,0.273121806167191,0.437147742388768,3,2,75,-0.136217377587165,0.781586012152972,15,5.02086521618376,1,-7.22685,4705,0.4,0,12,"both",-0.136217377587165,0.781586012152972
"1089","session2",-5.07168455838198,20.3912969373332,5.81014350214585,5.6784076401491e-05,0.0188903558084045,0.273121806167191,0.437147742388768,3,2,75,-0.136217377587165,0.781586012152972,15,1.00240411694569,1,46.5855741,4705,0.4,0,12,"both",-0.136217377587165,0.781586012152972
"1090","session2",-5.07168455838198,20.3912969373332,5.81014350214585,5.6784076401491e-05,0.0188903558084045,0.273121806167191,0.437147742388768,3,2,75,-0.136217377587165,0.781586012152972,15,3.12509896535804,0,-17.2052,4705,0.4,0,12,"both",-0.136217377587165,0.781586012152972
"1091","session2",-5.07168455838198,20.3912969373332,5.81014350214585,5.6784076401491e-05,0.0188903558084045,0.273121806167191,0.437147742388768,3,2,75,-0.136217377587165,0.781586012152972,15,3.25658040036102,1,8.9766,4705,0.4,0,12,"both",-0.136217377587165,0.781586012152972
"1092","session2",-5.07168455838198,20.3912969373332,5.81014350214585,5.6784076401491e-05,0.0188903558084045,0.273121806167191,0.437147742388768,3,2,75,-0.136217377587165,0.781586012152972,15,2.45064235555647,1,31.32031,4705,0.4,0,12,"both",-0.136217377587165,0.781586012152972
"1093","session2",-5.07168455838198,20.3912969373332,5.81014350214585,5.6784076401491e-05,0.0188903558084045,0.273121806167191,0.437147742388768,3,2,75,-0.136217377587165,0.781586012152972,15,2.89114167282505,1,24.14336,4705,0.4,0,12,"both",-0.136217377587165,0.781586012152972
"1094","session2",-5.07168455838198,20.3912969373332,5.81014350214585,5.6784076401491e-05,0.0188903558084045,0.273121806167191,0.437147742388768,3,2,75,-0.136217377587165,0.781586012152972,15,3.60832747593355,1,11.410876,4705,0.4,0,12,"both",-0.136217377587165,0.781586012152972
"1095","session2",-5.07168455838198,20.3912969373332,5.81014350214585,5.6784076401491e-05,0.0188903558084045,0.273121806167191,0.437147742388768,3,2,75,-0.136217377587165,0.781586012152972,15,1.92850473191153,1,25.16237,4705,0.4,0,12,"both",-0.136217377587165,0.781586012152972
"1096","session2",-5.07168455838198,20.3912969373332,5.81014350214585,5.6784076401491e-05,0.0188903558084045,0.273121806167191,0.437147742388768,3,2,75,-0.136217377587165,0.781586012152972,15,2.27827677381819,1,-23.76776,4705,0.4,0,12,"both",-0.136217377587165,0.781586012152972
"1097","session2",-5.07168455838198,20.3912969373332,5.81014350214585,5.6784076401491e-05,0.0188903558084045,0.273121806167191,0.437147742388768,3,2,75,-0.136217377587165,0.781586012152972,15,1.40789761987202,1,27.96088,4705,0.4,0,12,"both",-0.136217377587165,0.781586012152972
"1098","session2",-5.07168455838198,20.3912969373332,5.81014350214585,5.6784076401491e-05,0.0188903558084045,0.273121806167191,0.437147742388768,3,2,75,-0.136217377587165,0.781586012152972,15,2.88565683529722,1,14.5712,4705,0.4,0,12,"both",-0.136217377587165,0.781586012152972
"1099","session2",-5.07168455838198,20.3912969373332,5.81014350214585,5.6784076401491e-05,0.0188903558084045,0.273121806167191,0.437147742388768,3,2,75,-0.136217377587165,0.781586012152972,15,2.29760640149428,1,23.71191,4705,0.4,0,12,"both",-0.136217377587165,0.781586012152972
"1100","session2",-5.07168455838198,20.3912969373332,5.81014350214585,5.6784076401491e-05,0.0188903558084045,0.273121806167191,0.437147742388768,3,2,75,-0.136217377587165,0.781586012152972,15,2.87050555965504,0,-31.63,4705,0.4,0,12,"both",-0.136217377587165,0.781586012152972
"1101","session2",-5.07168455838198,20.3912969373332,5.81014350214585,5.6784076401491e-05,0.0188903558084045,0.273121806167191,0.437147742388768,3,2,75,-0.136217377587165,0.781586012152972,15,2.10874897183488,1,16.52968,4705,0.4,0,12,"both",-0.136217377587165,0.781586012152972
"1102","session2",-5.07168455838198,20.3912969373332,5.81014350214585,5.6784076401491e-05,0.0188903558084045,0.273121806167191,0.437147742388768,3,2,75,-0.136217377587165,0.781586012152972,15,2.32485040325417,0,-30.94393,4705,0.4,0,12,"both",-0.136217377587165,0.781586012152972
"1103","session2",-5.07168455838198,20.3912969373332,5.81014350214585,5.6784076401491e-05,0.0188903558084045,0.273121806167191,0.437147742388768,3,2,75,-0.136217377587165,0.781586012152972,15,4.60179169747688,1,-20.34018,4705,0.4,0,12,"both",-0.136217377587165,0.781586012152972
"1104","session2",-5.07168455838198,20.3912969373332,5.81014350214585,5.6784076401491e-05,0.0188903558084045,0.273121806167191,0.437147742388768,3,2,75,-0.136217377587165,0.781586012152972,15,2.01279034834963,0,-42.82142,4705,0.4,0,12,"both",-0.136217377587165,0.781586012152972
"1105","session2",-5.07168455838198,20.3912969373332,5.81014350214585,5.6784076401491e-05,0.0188903558084045,0.273121806167191,0.437147742388768,3,2,75,-0.136217377587165,0.781586012152972,15,2.00526209804375,0,16.54624,4705,0.4,0,12,"both",-0.136217377587165,0.781586012152972
"1106","session2",-5.07168455838198,20.3912969373332,5.81014350214585,5.6784076401491e-05,0.0188903558084045,0.273121806167191,0.437147742388768,3,2,75,-0.136217377587165,0.781586012152972,15,2.03325082275451,0,-32.73745,4705,0.4,0,12,"both",-0.136217377587165,0.781586012152972
"1107","session2",-5.07168455838198,20.3912969373332,5.81014350214585,5.6784076401491e-05,0.0188903558084045,0.273121806167191,0.437147742388768,3,2,75,-0.136217377587165,0.781586012152972,15,5.94554110203522,1,-14.80904,4705,0.4,0,12,"both",-0.136217377587165,0.781586012152972
"1108","session2",-5.07168455838198,20.3912969373332,5.81014350214585,5.6784076401491e-05,0.0188903558084045,0.273121806167191,0.437147742388768,3,2,75,-0.136217377587165,0.781586012152972,15,2.32821110725094,1,18.84032,4705,0.4,0,12,"both",-0.136217377587165,0.781586012152972
"1109","session2",-5.07168455838198,20.3912969373332,5.81014350214585,5.6784076401491e-05,0.0188903558084045,0.273121806167191,0.437147742388768,3,2,75,-0.136217377587165,0.781586012152972,15,1.76314689830964,1,18.1017,4705,0.4,0,12,"both",-0.136217377587165,0.781586012152972
"1110","session2",-5.07168455838198,20.3912969373332,5.81014350214585,5.6784076401491e-05,0.0188903558084045,0.273121806167191,0.437147742388768,3,2,75,-0.136217377587165,0.781586012152972,15,2.07256186746891,1,22.88838,4705,0.4,0,12,"both",-0.136217377587165,0.781586012152972
"1111","session2",-5.07168455838198,20.3912969373332,5.81014350214585,5.6784076401491e-05,0.0188903558084045,0.273121806167191,0.437147742388768,3,2,75,-0.136217377587165,0.781586012152972,15,3.53105685042235,0,8.2839,4705,0.4,0,12,"both",-0.136217377587165,0.781586012152972
"1112","session2",-5.07168455838198,20.3912969373332,5.81014350214585,5.6784076401491e-05,0.0188903558084045,0.273121806167191,0.437147742388768,3,2,75,-0.136217377587165,0.781586012152972,15,3.73723383829413,0,-22.14125,4705,0.4,0,12,"both",-0.136217377587165,0.781586012152972
"1113","session2",-5.07168455838198,20.3912969373332,5.81014350214585,5.6784076401491e-05,0.0188903558084045,0.273121806167191,0.437147742388768,3,2,75,-0.136217377587165,0.781586012152972,15,2.97314368480263,0,9.2785,4705,0.4,0,12,"both",-0.136217377587165,0.781586012152972
"1114","session2",-5.07168455838198,20.3912969373332,5.81014350214585,5.6784076401491e-05,0.0188903558084045,0.273121806167191,0.437147742388768,3,2,75,-0.136217377587165,0.781586012152972,15,3.86153573081817,0,-18.27788,4705,0.4,0,12,"both",-0.136217377587165,0.781586012152972
"1115","session2",-5.07168455838198,20.3912969373332,5.81014350214585,5.6784076401491e-05,0.0188903558084045,0.273121806167191,0.437147742388768,3,2,75,-0.136217377587165,0.781586012152972,15,3.48937249374707,1,11.88819,4705,0.4,0,12,"both",-0.136217377587165,0.781586012152972
"1116","session2",-5.07168455838198,20.3912969373332,5.81014350214585,5.6784076401491e-05,0.0188903558084045,0.273121806167191,0.437147742388768,3,2,75,-0.136217377587165,0.781586012152972,15,2.39427170963718,1,-36.3671,4705,0.4,0,12,"both",-0.136217377587165,0.781586012152972
"1117","session2",-5.07168455838198,20.3912969373332,5.81014350214585,5.6784076401491e-05,0.0188903558084045,0.273121806167191,0.437147742388768,3,2,75,-0.136217377587165,0.781586012152972,15,3.81017583664064,0,6.5704,4705,0.4,0,12,"both",-0.136217377587165,0.781586012152972
"1118","session2",-5.07168455838198,20.3912969373332,5.81014350214585,5.6784076401491e-05,0.0188903558084045,0.273121806167191,0.437147742388768,3,2,75,-0.136217377587165,0.781586012152972,15,2.86707129465386,0,-29.242761,4705,0.4,0,12,"both",-0.136217377587165,0.781586012152972
"1119","session2",-5.07168455838198,20.3912969373332,5.81014350214585,5.6784076401491e-05,0.0188903558084045,0.273121806167191,0.437147742388768,3,2,75,-0.136217377587165,0.781586012152972,15,1.91698059963886,1,19.65912,4705,0.4,0,12,"both",-0.136217377587165,0.781586012152972
"1120","session2",-5.07168455838198,20.3912969373332,5.81014350214585,5.6784076401491e-05,0.0188903558084045,0.273121806167191,0.437147742388768,3,2,75,-0.136217377587165,0.781586012152972,15,1.9547106534331,0,-36.51579,4705,0.4,0,12,"both",-0.136217377587165,0.781586012152972
"1121","session2",-5.07168455838198,20.3912969373332,5.81014350214585,5.6784076401491e-05,0.0188903558084045,0.273121806167191,0.437147742388768,3,2,75,-0.136217377587165,0.781586012152972,15,3.30484186788911,0,1.06867,4705,0.4,0,12,"both",-0.136217377587165,0.781586012152972
"1122","session2",-5.07168455838198,20.3912969373332,5.81014350214585,5.6784076401491e-05,0.0188903558084045,0.273121806167191,0.437147742388768,3,2,75,-0.136217377587165,0.781586012152972,15,4.31616191836071,0,-24.01341,4705,0.4,0,12,"both",-0.136217377587165,0.781586012152972
"1123","session2",-5.07168455838198,20.3912969373332,5.81014350214585,5.6784076401491e-05,0.0188903558084045,0.273121806167191,0.437147742388768,3,2,75,-0.136217377587165,0.781586012152972,15,3.12235833155235,0,-17.97237,4705,0.4,0,12,"both",-0.136217377587165,0.781586012152972
"1124","session2",-5.07168455838198,20.3912969373332,5.81014350214585,5.6784076401491e-05,0.0188903558084045,0.273121806167191,0.437147742388768,3,2,75,-0.136217377587165,0.781586012152972,15,3.68265046578785,0,-23.0827,4705,0.4,0,12,"both",-0.136217377587165,0.781586012152972
"1125","session2",-5.07168455838198,20.3912969373332,5.81014350214585,5.6784076401491e-05,0.0188903558084045,0.273121806167191,0.437147742388768,3,2,75,-0.136217377587165,0.781586012152972,15,1.89866210975618,1,15.4278,4705,0.4,0,12,"both",-0.136217377587165,0.781586012152972
"1126","session2",-3.79544044305837,15.4632507310149,2.82001586242413,9.11123853712813e-05,0.427485235573668,0.282391362597752,0.261618139769421,4,2,75,-0.136217377587165,0.781586012152972,16,3.82743679622163,0,-9.841478095,4705,0.4,0,12,"both",-0.136217377587165,0.781586012152972
"1127","session2",-3.79544044305837,15.4632507310149,2.82001586242413,9.11123853712813e-05,0.427485235573668,0.282391362597752,0.261618139769421,4,2,75,-0.136217377587165,0.781586012152972,16,2.48483283169415,1,5.951063901,4705,0.4,0,12,"both",-0.136217377587165,0.781586012152972
"1128","session2",-3.79544044305837,15.4632507310149,2.82001586242413,9.11123853712813e-05,0.427485235573668,0.282391362597752,0.261618139769421,4,2,75,-0.136217377587165,0.781586012152972,16,3.3215176105873,1,0.2502769287,4705,0.4,0,12,"both",-0.136217377587165,0.781586012152972
"1129","session2",-3.79544044305837,15.4632507310149,2.82001586242413,9.11123853712813e-05,0.427485235573668,0.282391362597752,0.261618139769421,4,2,75,-0.136217377587165,0.781586012152972,16,5.3424347867562,0,-4.22862265439,4705,0.4,0,12,"both",-0.136217377587165,0.781586012152972
"1130","session2",-3.79544044305837,15.4632507310149,2.82001586242413,9.11123853712813e-05,0.427485235573668,0.282391362597752,0.261618139769421,4,2,75,-0.136217377587165,0.781586012152972,16,2.80650544950804,1,8.27981,4705,0.4,0,12,"both",-0.136217377587165,0.781586012152972
"1131","session2",-3.79544044305837,15.4632507310149,2.82001586242413,9.11123853712813e-05,0.427485235573668,0.282391362597752,0.261618139769421,4,2,75,-0.136217377587165,0.781586012152972,16,2.31043865926054,0,-1.62698,4705,0.4,0,12,"both",-0.136217377587165,0.781586012152972
"1132","session2",-3.79544044305837,15.4632507310149,2.82001586242413,9.11123853712813e-05,0.427485235573668,0.282391362597752,0.261618139769421,4,2,75,-0.136217377587165,0.781586012152972,16,2.41562256575794,1,-0.36607016514,4705,0.4,0,12,"both",-0.136217377587165,0.781586012152972
"1133","session2",-3.79544044305837,15.4632507310149,2.82001586242413,9.11123853712813e-05,0.427485235573668,0.282391362597752,0.261618139769421,4,2,75,-0.136217377587165,0.781586012152972,16,3.23856481547352,1,-2.82445,4705,0.4,0,12,"both",-0.136217377587165,0.781586012152972
"1134","session2",-3.79544044305837,15.4632507310149,2.82001586242413,9.11123853712813e-05,0.427485235573668,0.282391362597752,0.261618139769421,4,2,75,-0.136217377587165,0.781586012152972,16,3.81077530459991,0,-8.61813,4705,0.4,0,12,"both",-0.136217377587165,0.781586012152972
"1135","session2",-3.79544044305837,15.4632507310149,2.82001586242413,9.11123853712813e-05,0.427485235573668,0.282391362597752,0.261618139769421,4,2,75,-0.136217377587165,0.781586012152972,16,2.08723988405261,0,-39.37862,4705,0.4,0,12,"both",-0.136217377587165,0.781586012152972
"1136","session2",-3.79544044305837,15.4632507310149,2.82001586242413,9.11123853712813e-05,0.427485235573668,0.282391362597752,0.261618139769421,4,2,75,-0.136217377587165,0.781586012152972,16,6.69865496741198,1,-1.73977,4705,0.4,0,12,"both",-0.136217377587165,0.781586012152972
"1137","session2",-3.79544044305837,15.4632507310149,2.82001586242413,9.11123853712813e-05,0.427485235573668,0.282391362597752,0.261618139769421,4,2,75,-0.136217377587165,0.781586012152972,16,1.93297052951384,1,-12.05025,4705,0.4,0,12,"both",-0.136217377587165,0.781586012152972
"1138","session2",-3.79544044305837,15.4632507310149,2.82001586242413,9.11123853712813e-05,0.427485235573668,0.282391362597752,0.261618139769421,4,2,75,-0.136217377587165,0.781586012152972,16,1.87608417734455,0,-15.80204,4705,0.4,0,12,"both",-0.136217377587165,0.781586012152972
"1139","session2",-3.79544044305837,15.4632507310149,2.82001586242413,9.11123853712813e-05,0.427485235573668,0.282391362597752,0.261618139769421,4,2,75,-0.136217377587165,0.781586012152972,16,1.98987320428231,1,39.2271,4705,0.4,0,12,"both",-0.136217377587165,0.781586012152972
"1140","session2",-3.79544044305837,15.4632507310149,2.82001586242413,9.11123853712813e-05,0.427485235573668,0.282391362597752,0.261618139769421,4,2,75,-0.136217377587165,0.781586012152972,16,3.86643408770198,0,3.76492,4705,0.4,0,12,"both",-0.136217377587165,0.781586012152972
"1141","session2",-3.79544044305837,15.4632507310149,2.82001586242413,9.11123853712813e-05,0.427485235573668,0.282391362597752,0.261618139769421,4,2,75,-0.136217377587165,0.781586012152972,16,2.02263982144202,1,17.64579,4705,0.4,0,12,"both",-0.136217377587165,0.781586012152972
"1142","session2",-3.79544044305837,15.4632507310149,2.82001586242413,9.11123853712813e-05,0.427485235573668,0.282391362597752,0.261618139769421,4,2,75,-0.136217377587165,0.781586012152972,16,3.27617612421238,0,7.3845,4705,0.4,0,12,"both",-0.136217377587165,0.781586012152972
"1143","session2",-3.79544044305837,15.4632507310149,2.82001586242413,9.11123853712813e-05,0.427485235573668,0.282391362597752,0.261618139769421,4,2,75,-0.136217377587165,0.781586012152972,16,1.80069596873181,1,27.1198,4705,0.4,0,12,"both",-0.136217377587165,0.781586012152972
"1144","session2",-3.79544044305837,15.4632507310149,2.82001586242413,9.11123853712813e-05,0.427485235573668,0.282391362597752,0.261618139769421,4,2,75,-0.136217377587165,0.781586012152972,16,2.40768732505339,0,-2.6063003556,4705,0.4,0,12,"both",-0.136217377587165,0.781586012152972
"1145","session2",-3.79544044305837,15.4632507310149,2.82001586242413,9.11123853712813e-05,0.427485235573668,0.282391362597752,0.261618139769421,4,2,75,-0.136217377587165,0.781586012152972,16,1.72814616217158,1,28.54186,4705,0.4,0,12,"both",-0.136217377587165,0.781586012152972
"1146","session2",-3.79544044305837,15.4632507310149,2.82001586242413,9.11123853712813e-05,0.427485235573668,0.282391362597752,0.261618139769421,4,2,75,-0.136217377587165,0.781586012152972,16,1.84451812584105,1,21.34375,4705,0.4,0,12,"both",-0.136217377587165,0.781586012152972
"1147","session2",-3.79544044305837,15.4632507310149,2.82001586242413,9.11123853712813e-05,0.427485235573668,0.282391362597752,0.261618139769421,4,2,75,-0.136217377587165,0.781586012152972,16,2.58601860099617,0,-22.09722,4705,0.4,0,12,"both",-0.136217377587165,0.781586012152972
"1148","session2",-3.79544044305837,15.4632507310149,2.82001586242413,9.11123853712813e-05,0.427485235573668,0.282391362597752,0.261618139769421,4,2,75,-0.136217377587165,0.781586012152972,16,2.06013968534818,1,7.68818,4705,0.4,0,12,"both",-0.136217377587165,0.781586012152972
"1149","session2",-3.79544044305837,15.4632507310149,2.82001586242413,9.11123853712813e-05,0.427485235573668,0.282391362597752,0.261618139769421,4,2,75,-0.136217377587165,0.781586012152972,16,3.43972327872437,0,2.654324,4705,0.4,0,12,"both",-0.136217377587165,0.781586012152972
"1150","session2",-3.79544044305837,15.4632507310149,2.82001586242413,9.11123853712813e-05,0.427485235573668,0.282391362597752,0.261618139769421,4,2,75,-0.136217377587165,0.781586012152972,16,2.78013729459948,1,-13.69499,4705,0.4,0,12,"both",-0.136217377587165,0.781586012152972
"1151","session2",-3.79544044305837,15.4632507310149,2.82001586242413,9.11123853712813e-05,0.427485235573668,0.282391362597752,0.261618139769421,4,2,75,-0.136217377587165,0.781586012152972,16,1.92742638433241,0,-28.9677,4705,0.4,0,12,"both",-0.136217377587165,0.781586012152972
"1152","session2",-3.79544044305837,15.4632507310149,2.82001586242413,9.11123853712813e-05,0.427485235573668,0.282391362597752,0.261618139769421,4,2,75,-0.136217377587165,0.781586012152972,16,2.66971346740764,1,13.22171,4705,0.4,0,12,"both",-0.136217377587165,0.781586012152972
"1153","session2",-3.79544044305837,15.4632507310149,2.82001586242413,9.11123853712813e-05,0.427485235573668,0.282391362597752,0.261618139769421,4,2,75,-0.136217377587165,0.781586012152972,16,2.0700198341184,1,31.21675,4705,0.4,0,12,"both",-0.136217377587165,0.781586012152972
"1154","session2",-3.79544044305837,15.4632507310149,2.82001586242413,9.11123853712813e-05,0.427485235573668,0.282391362597752,0.261618139769421,4,2,75,-0.136217377587165,0.781586012152972,16,2.21871152174121,1,46.51391,4705,0.4,0,12,"both",-0.136217377587165,0.781586012152972
"1155","session2",-3.79544044305837,15.4632507310149,2.82001586242413,9.11123853712813e-05,0.427485235573668,0.282391362597752,0.261618139769421,4,2,75,-0.136217377587165,0.781586012152972,16,2.19630754488804,1,12.84039,4705,0.4,0,12,"both",-0.136217377587165,0.781586012152972
"1156","session2",-3.79544044305837,15.4632507310149,2.82001586242413,9.11123853712813e-05,0.427485235573668,0.282391362597752,0.261618139769421,4,2,75,-0.136217377587165,0.781586012152972,16,2.20286899019456,1,-2.55771359355,4705,0.4,0,12,"both",-0.136217377587165,0.781586012152972
"1157","session2",-3.79544044305837,15.4632507310149,2.82001586242413,9.11123853712813e-05,0.427485235573668,0.282391362597752,0.261618139769421,4,2,75,-0.136217377587165,0.781586012152972,16,2.70916859406118,0,-20.95832,4705,0.4,0,12,"both",-0.136217377587165,0.781586012152972
"1158","session2",-3.79544044305837,15.4632507310149,2.82001586242413,9.11123853712813e-05,0.427485235573668,0.282391362597752,0.261618139769421,4,2,75,-0.136217377587165,0.781586012152972,16,2.31323538392829,0,-20.78993,4705,0.4,0,12,"both",-0.136217377587165,0.781586012152972
"1159","session2",-3.79544044305837,15.4632507310149,2.82001586242413,9.11123853712813e-05,0.427485235573668,0.282391362597752,0.261618139769421,4,2,75,-0.136217377587165,0.781586012152972,16,2.61044025709836,1,7.05126,4705,0.4,0,12,"both",-0.136217377587165,0.781586012152972
"1160","session2",-3.79544044305837,15.4632507310149,2.82001586242413,9.11123853712813e-05,0.427485235573668,0.282391362597752,0.261618139769421,4,2,75,-0.136217377587165,0.781586012152972,16,2.83210291978752,0,7.154068,4705,0.4,0,12,"both",-0.136217377587165,0.781586012152972
"1161","session2",-3.79544044305837,15.4632507310149,2.82001586242413,9.11123853712813e-05,0.427485235573668,0.282391362597752,0.261618139769421,4,2,75,-0.136217377587165,0.781586012152972,16,3.07852723594563,0,14.06134,4705,0.4,0,12,"both",-0.136217377587165,0.781586012152972
"1162","session2",-3.79544044305837,15.4632507310149,2.82001586242413,9.11123853712813e-05,0.427485235573668,0.282391362597752,0.261618139769421,4,2,75,-0.136217377587165,0.781586012152972,16,2.51634770017056,0,-11.862058,4705,0.4,0,12,"both",-0.136217377587165,0.781586012152972
"1163","session2",-3.79544044305837,15.4632507310149,2.82001586242413,9.11123853712813e-05,0.427485235573668,0.282391362597752,0.261618139769421,4,2,75,-0.136217377587165,0.781586012152972,16,1.89912714982425,0,-30.28179,4705,0.4,0,12,"both",-0.136217377587165,0.781586012152972
"1164","session2",-3.79544044305837,15.4632507310149,2.82001586242413,9.11123853712813e-05,0.427485235573668,0.282391362597752,0.261618139769421,4,2,75,-0.136217377587165,0.781586012152972,16,2.94419480607474,0,-4.39971,4705,0.4,0,12,"both",-0.136217377587165,0.781586012152972
"1165","session2",-3.79544044305837,15.4632507310149,2.82001586242413,9.11123853712813e-05,0.427485235573668,0.282391362597752,0.261618139769421,4,2,75,-0.136217377587165,0.781586012152972,16,3.01345078974335,0,-12.11129,4705,0.4,0,12,"both",-0.136217377587165,0.781586012152972
"1166","session2",-3.79544044305837,15.4632507310149,2.82001586242413,9.11123853712813e-05,0.427485235573668,0.282391362597752,0.261618139769421,4,2,75,-0.136217377587165,0.781586012152972,16,2.59037120393825,0,-14.437449,4705,0.4,0,12,"both",-0.136217377587165,0.781586012152972
"1167","session2",-3.79544044305837,15.4632507310149,2.82001586242413,9.11123853712813e-05,0.427485235573668,0.282391362597752,0.261618139769421,4,2,75,-0.136217377587165,0.781586012152972,16,3.4895184598728,0,4.16848,4705,0.4,0,12,"both",-0.136217377587165,0.781586012152972
"1168","session2",-3.79544044305837,15.4632507310149,2.82001586242413,9.11123853712813e-05,0.427485235573668,0.282391362597752,0.261618139769421,4,2,75,-0.136217377587165,0.781586012152972,16,2.5058855386119,0,-19.50471,4705,0.4,0,12,"both",-0.136217377587165,0.781586012152972
"1169","session2",-3.79544044305837,15.4632507310149,2.82001586242413,9.11123853712813e-05,0.427485235573668,0.282391362597752,0.261618139769421,4,2,75,-0.136217377587165,0.781586012152972,16,1.60172506940096,1,24.13845,4705,0.4,0,12,"both",-0.136217377587165,0.781586012152972
"1170","session2",-3.79544044305837,15.4632507310149,2.82001586242413,9.11123853712813e-05,0.427485235573668,0.282391362597752,0.261618139769421,4,2,75,-0.136217377587165,0.781586012152972,16,1.75276980335373,1,20.44667,4705,0.4,0,12,"both",-0.136217377587165,0.781586012152972
"1171","session2",-3.79544044305837,15.4632507310149,2.82001586242413,9.11123853712813e-05,0.427485235573668,0.282391362597752,0.261618139769421,4,2,75,-0.136217377587165,0.781586012152972,16,1.81800223237313,1,8.74503,4705,0.4,0,12,"both",-0.136217377587165,0.781586012152972
"1172","session2",-3.79544044305837,15.4632507310149,2.82001586242413,9.11123853712813e-05,0.427485235573668,0.282391362597752,0.261618139769421,4,2,75,-0.136217377587165,0.781586012152972,16,3.923733283155,0,-14.60868,4705,0.4,0,12,"both",-0.136217377587165,0.781586012152972
"1173","session2",-3.79544044305837,15.4632507310149,2.82001586242413,9.11123853712813e-05,0.427485235573668,0.282391362597752,0.261618139769421,4,2,75,-0.136217377587165,0.781586012152972,16,1.78864645143536,1,12.84414,4705,0.4,0,12,"both",-0.136217377587165,0.781586012152972
"1174","session2",-3.79544044305837,15.4632507310149,2.82001586242413,9.11123853712813e-05,0.427485235573668,0.282391362597752,0.261618139769421,4,2,75,-0.136217377587165,0.781586012152972,16,1.79523988221785,0,-19.06795,4705,0.4,0,12,"both",-0.136217377587165,0.781586012152972
"1175","session2",-3.79544044305837,15.4632507310149,2.82001586242413,9.11123853712813e-05,0.427485235573668,0.282391362597752,0.261618139769421,4,2,75,-0.136217377587165,0.781586012152972,16,1.99947407223937,0,-12.0176,4705,0.4,0,12,"both",-0.136217377587165,0.781586012152972
"1176","session2",-3.79544044305837,15.4632507310149,2.82001586242413,9.11123853712813e-05,0.427485235573668,0.282391362597752,0.261618139769421,4,2,75,-0.136217377587165,0.781586012152972,16,2.26235042626026,1,16.98582,4705,0.4,0,12,"both",-0.136217377587165,0.781586012152972
"1177","session2",-3.79544044305837,15.4632507310149,2.82001586242413,9.11123853712813e-05,0.427485235573668,0.282391362597752,0.261618139769421,4,2,75,-0.136217377587165,0.781586012152972,16,1.9164070492447,1,-19.68625,4705,0.4,0,12,"both",-0.136217377587165,0.781586012152972
"1178","session2",-3.79544044305837,15.4632507310149,2.82001586242413,9.11123853712813e-05,0.427485235573668,0.282391362597752,0.261618139769421,4,2,75,-0.136217377587165,0.781586012152972,16,1.62266159375915,1,13.40306,4705,0.4,0,12,"both",-0.136217377587165,0.781586012152972
"1179","session2",-3.79544044305837,15.4632507310149,2.82001586242413,9.11123853712813e-05,0.427485235573668,0.282391362597752,0.261618139769421,4,2,75,-0.136217377587165,0.781586012152972,16,2.04423468175725,0,-22.383141,4705,0.4,0,12,"both",-0.136217377587165,0.781586012152972
"1180","session2",-3.79544044305837,15.4632507310149,2.82001586242413,9.11123853712813e-05,0.427485235573668,0.282391362597752,0.261618139769421,4,2,75,-0.136217377587165,0.781586012152972,16,1.5551017328259,1,15.31693,4705,0.4,0,12,"both",-0.136217377587165,0.781586012152972
"1181","session2",-3.79544044305837,15.4632507310149,2.82001586242413,9.11123853712813e-05,0.427485235573668,0.282391362597752,0.261618139769421,4,2,75,-0.136217377587165,0.781586012152972,16,2.2738681417404,1,16.99096,4705,0.4,0,12,"both",-0.136217377587165,0.781586012152972
"1182","session2",-3.79544044305837,15.4632507310149,2.82001586242413,9.11123853712813e-05,0.427485235573668,0.282391362597752,0.261618139769421,4,2,75,-0.136217377587165,0.781586012152972,16,2.86127079305711,1,-7.89445,4705,0.4,0,12,"both",-0.136217377587165,0.781586012152972
"1183","session2",-3.79544044305837,15.4632507310149,2.82001586242413,9.11123853712813e-05,0.427485235573668,0.282391362597752,0.261618139769421,4,2,75,-0.136217377587165,0.781586012152972,16,2.65111320296501,0,-21.29772,4705,0.4,0,12,"both",-0.136217377587165,0.781586012152972
"1184","session2",-3.79544044305837,15.4632507310149,2.82001586242413,9.11123853712813e-05,0.427485235573668,0.282391362597752,0.261618139769421,4,2,75,-0.136217377587165,0.781586012152972,16,2.49911065489033,1,10.15895,4705,0.4,0,12,"both",-0.136217377587165,0.781586012152972
"1185","session2",-3.79544044305837,15.4632507310149,2.82001586242413,9.11123853712813e-05,0.427485235573668,0.282391362597752,0.261618139769421,4,2,75,-0.136217377587165,0.781586012152972,16,4.64018124180508,0,-9.62919,4705,0.4,0,12,"both",-0.136217377587165,0.781586012152972
"1186","session2",-3.79544044305837,15.4632507310149,2.82001586242413,9.11123853712813e-05,0.427485235573668,0.282391362597752,0.261618139769421,4,2,75,-0.136217377587165,0.781586012152972,16,2.38219019670052,1,14.5276,4705,0.4,0,12,"both",-0.136217377587165,0.781586012152972
"1187","session2",-3.79544044305837,15.4632507310149,2.82001586242413,9.11123853712813e-05,0.427485235573668,0.282391362597752,0.261618139769421,4,2,75,-0.136217377587165,0.781586012152972,16,4.39789021870473,1,-11.16682,4705,0.4,0,12,"both",-0.136217377587165,0.781586012152972
"1188","session2",-3.79544044305837,15.4632507310149,2.82001586242413,9.11123853712813e-05,0.427485235573668,0.282391362597752,0.261618139769421,4,2,75,-0.136217377587165,0.781586012152972,16,2.41369530000426,0,-19.60681,4705,0.4,0,12,"both",-0.136217377587165,0.781586012152972
"1189","session2",-3.79544044305837,15.4632507310149,2.82001586242413,9.11123853712813e-05,0.427485235573668,0.282391362597752,0.261618139769421,4,2,75,-0.136217377587165,0.781586012152972,16,3.01891752279371,0,-13.453367,4705,0.4,0,12,"both",-0.136217377587165,0.781586012152972
"1190","session2",-3.79544044305837,15.4632507310149,2.82001586242413,9.11123853712813e-05,0.427485235573668,0.282391362597752,0.261618139769421,4,2,75,-0.136217377587165,0.781586012152972,16,2.14765861158419,1,15.8890939,4705,0.4,0,12,"both",-0.136217377587165,0.781586012152972
"1191","session2",-3.79544044305837,15.4632507310149,2.82001586242413,9.11123853712813e-05,0.427485235573668,0.282391362597752,0.261618139769421,4,2,75,-0.136217377587165,0.781586012152972,16,2.34069652613177,0,-10.5662,4705,0.4,0,12,"both",-0.136217377587165,0.781586012152972
"1192","session2",-3.79544044305837,15.4632507310149,2.82001586242413,9.11123853712813e-05,0.427485235573668,0.282391362597752,0.261618139769421,4,2,75,-0.136217377587165,0.781586012152972,16,1.53722236349113,1,21.31696,4705,0.4,0,12,"both",-0.136217377587165,0.781586012152972
"1193","session2",-3.79544044305837,15.4632507310149,2.82001586242413,9.11123853712813e-05,0.427485235573668,0.282391362597752,0.261618139769421,4,2,75,-0.136217377587165,0.781586012152972,16,2.4302230455697,1,6.73365,4705,0.4,0,12,"both",-0.136217377587165,0.781586012152972
"1194","session2",-3.79544044305837,15.4632507310149,2.82001586242413,9.11123853712813e-05,0.427485235573668,0.282391362597752,0.261618139769421,4,2,75,-0.136217377587165,0.781586012152972,16,3.13428367878953,1,6.77392,4705,0.4,0,12,"both",-0.136217377587165,0.781586012152972
"1195","session2",-3.79544044305837,15.4632507310149,2.82001586242413,9.11123853712813e-05,0.427485235573668,0.282391362597752,0.261618139769421,4,2,75,-0.136217377587165,0.781586012152972,16,2.73116079084718,1,7.24424,4705,0.4,0,12,"both",-0.136217377587165,0.781586012152972
"1196","session2",-3.79544044305837,15.4632507310149,2.82001586242413,9.11123853712813e-05,0.427485235573668,0.282391362597752,0.261618139769421,4,2,75,-0.136217377587165,0.781586012152972,16,2.70169186941347,0,-17.82202,4705,0.4,0,12,"both",-0.136217377587165,0.781586012152972
"1197","session2",-3.79544044305837,15.4632507310149,2.82001586242413,9.11123853712813e-05,0.427485235573668,0.282391362597752,0.261618139769421,4,2,75,-0.136217377587165,0.781586012152972,16,3.84338561866549,1,5.449895,4705,0.4,0,12,"both",-0.136217377587165,0.781586012152972
"1198","session2",-3.79544044305837,15.4632507310149,2.82001586242413,9.11123853712813e-05,0.427485235573668,0.282391362597752,0.261618139769421,4,2,75,-0.136217377587165,0.781586012152972,16,2.48800511982226,0,-10.443387,4705,0.4,0,12,"both",-0.136217377587165,0.781586012152972
"1199","session2",-3.79544044305837,15.4632507310149,2.82001586242413,9.11123853712813e-05,0.427485235573668,0.282391362597752,0.261618139769421,4,2,75,-0.136217377587165,0.781586012152972,16,2.37969138156558,1,6.5444,4705,0.4,0,12,"both",-0.136217377587165,0.781586012152972
"1200","session2",-3.79544044305837,15.4632507310149,2.82001586242413,9.11123853712813e-05,0.427485235573668,0.282391362597752,0.261618139769421,4,2,75,-0.136217377587165,0.781586012152972,16,2.73827915875668,0,-7.4245595,4705,0.4,0,12,"both",-0.136217377587165,0.781586012152972
"1201","session2",-21.1602723389168,2.13856279252754,1.4580278968313,0.00273338098149214,0.00417731367543406,0.554736439888419,0.753720206911268,5,2,75,-0.136217377587165,0.781586012152972,17,1.17131008743339,1,-8.8139263022,4705,0.4,0,12,"both",-0.136217377587165,0.781586012152972
"1202","session2",-21.1602723389168,2.13856279252754,1.4580278968313,0.00273338098149214,0.00417731367543406,0.554736439888419,0.753720206911268,5,2,75,-0.136217377587165,0.781586012152972,17,2.07084376381145,1,-10.4132269744,4705,0.4,0,12,"both",-0.136217377587165,0.781586012152972
"1203","session2",-21.1602723389168,2.13856279252754,1.4580278968313,0.00273338098149214,0.00417731367543406,0.554736439888419,0.753720206911268,5,2,75,-0.136217377587165,0.781586012152972,17,1.88823033892574,1,-17.959695977,4705,0.4,0,12,"both",-0.136217377587165,0.781586012152972
"1204","session2",-21.1602723389168,2.13856279252754,1.4580278968313,0.00273338098149214,0.00417731367543406,0.554736439888419,0.753720206911268,5,2,75,-0.136217377587165,0.781586012152972,17,2.36599591355459,0,-24.35004029,4705,0.4,0,12,"both",-0.136217377587165,0.781586012152972
"1205","session2",-21.1602723389168,2.13856279252754,1.4580278968313,0.00273338098149214,0.00417731367543406,0.554736439888419,0.753720206911268,5,2,75,-0.136217377587165,0.781586012152972,17,1.84843167960798,1,-17.77127,4705,0.4,0,12,"both",-0.136217377587165,0.781586012152972
"1206","session2",-21.1602723389168,2.13856279252754,1.4580278968313,0.00273338098149214,0.00417731367543406,0.554736439888419,0.753720206911268,5,2,75,-0.136217377587165,0.781586012152972,17,2.7187401929138,0,-38.4186,4705,0.4,0,12,"both",-0.136217377587165,0.781586012152972
"1207","session2",-21.1602723389168,2.13856279252754,1.4580278968313,0.00273338098149214,0.00417731367543406,0.554736439888419,0.753720206911268,5,2,75,-0.136217377587165,0.781586012152972,17,1.83829055057224,1,-7.67049,4705,0.4,0,12,"both",-0.136217377587165,0.781586012152972
"1208","session2",-21.1602723389168,2.13856279252754,1.4580278968313,0.00273338098149214,0.00417731367543406,0.554736439888419,0.753720206911268,5,2,75,-0.136217377587165,0.781586012152972,17,1.40091673738842,0,-26.52265,4705,0.4,0,12,"both",-0.136217377587165,0.781586012152972
"1209","session2",-21.1602723389168,2.13856279252754,1.4580278968313,0.00273338098149214,0.00417731367543406,0.554736439888419,0.753720206911268,5,2,75,-0.136217377587165,0.781586012152972,17,3.71274007744874,0,-23.56109,4705,0.4,0,12,"both",-0.136217377587165,0.781586012152972
"1210","session2",-21.1602723389168,2.13856279252754,1.4580278968313,0.00273338098149214,0.00417731367543406,0.554736439888419,0.753720206911268,5,2,75,-0.136217377587165,0.781586012152972,17,5.24971961134285,0,-23.73598,4705,0.4,0,12,"both",-0.136217377587165,0.781586012152972
"1211","session2",-21.1602723389168,2.13856279252754,1.4580278968313,0.00273338098149214,0.00417731367543406,0.554736439888419,0.753720206911268,5,2,75,-0.136217377587165,0.781586012152972,17,2.41198732164901,1,-22.73565,4705,0.4,0,12,"both",-0.136217377587165,0.781586012152972
"1212","session2",-21.1602723389168,2.13856279252754,1.4580278968313,0.00273338098149214,0.00417731367543406,0.554736439888419,0.753720206911268,5,2,75,-0.136217377587165,0.781586012152972,17,1.7743911991091,0,-21.58026,4705,0.4,0,12,"both",-0.136217377587165,0.781586012152972
"1213","session2",-21.1602723389168,2.13856279252754,1.4580278968313,0.00273338098149214,0.00417731367543406,0.554736439888419,0.753720206911268,5,2,75,-0.136217377587165,0.781586012152972,17,2.60684301436165,1,-12.66755,4705,0.4,0,12,"both",-0.136217377587165,0.781586012152972
"1214","session2",-21.1602723389168,2.13856279252754,1.4580278968313,0.00273338098149214,0.00417731367543406,0.554736439888419,0.753720206911268,5,2,75,-0.136217377587165,0.781586012152972,17,1.39931148722021,1,-17.64436,4705,0.4,0,12,"both",-0.136217377587165,0.781586012152972
"1215","session2",-21.1602723389168,2.13856279252754,1.4580278968313,0.00273338098149214,0.00417731367543406,0.554736439888419,0.753720206911268,5,2,75,-0.136217377587165,0.781586012152972,17,1.63856938377436,1,-24.12096,4705,0.4,0,12,"both",-0.136217377587165,0.781586012152972
"1216","session2",-21.1602723389168,2.13856279252754,1.4580278968313,0.00273338098149214,0.00417731367543406,0.554736439888419,0.753720206911268,5,2,75,-0.136217377587165,0.781586012152972,17,1.87535345409464,0,-31.13466,4705,0.4,0,12,"both",-0.136217377587165,0.781586012152972
"1217","session2",-21.1602723389168,2.13856279252754,1.4580278968313,0.00273338098149214,0.00417731367543406,0.554736439888419,0.753720206911268,5,2,75,-0.136217377587165,0.781586012152972,17,1.39334399774192,0,-19.04004,4705,0.4,0,12,"both",-0.136217377587165,0.781586012152972
"1218","session2",-21.1602723389168,2.13856279252754,1.4580278968313,0.00273338098149214,0.00417731367543406,0.554736439888419,0.753720206911268,5,2,75,-0.136217377587165,0.781586012152972,17,2.27133314364017,1,-17.94919,4705,0.4,0,12,"both",-0.136217377587165,0.781586012152972
"1219","session2",-21.1602723389168,2.13856279252754,1.4580278968313,0.00273338098149214,0.00417731367543406,0.554736439888419,0.753720206911268,5,2,75,-0.136217377587165,0.781586012152972,17,4.15602321093583,0,-21.09151,4705,0.4,0,12,"both",-0.136217377587165,0.781586012152972
"1220","session2",-21.1602723389168,2.13856279252754,1.4580278968313,0.00273338098149214,0.00417731367543406,0.554736439888419,0.753720206911268,5,2,75,-0.136217377587165,0.781586012152972,17,2.68865618613053,1,-20.15355,4705,0.4,0,12,"both",-0.136217377587165,0.781586012152972
"1221","session2",-21.1602723389168,2.13856279252754,1.4580278968313,0.00273338098149214,0.00417731367543406,0.554736439888419,0.753720206911268,5,2,75,-0.136217377587165,0.781586012152972,17,1.32462753701479,0,-44.345,4705,0.4,0,12,"both",-0.136217377587165,0.781586012152972
"1222","session2",-21.1602723389168,2.13856279252754,1.4580278968313,0.00273338098149214,0.00417731367543406,0.554736439888419,0.753720206911268,5,2,75,-0.136217377587165,0.781586012152972,17,1.63104877841523,0,-27.72056,4705,0.4,0,12,"both",-0.136217377587165,0.781586012152972
"1223","session2",-21.1602723389168,2.13856279252754,1.4580278968313,0.00273338098149214,0.00417731367543406,0.554736439888419,0.753720206911268,5,2,75,-0.136217377587165,0.781586012152972,17,1.67506219700701,1,-14.1732,4705,0.4,0,12,"both",-0.136217377587165,0.781586012152972
"1224","session2",-21.1602723389168,2.13856279252754,1.4580278968313,0.00273338098149214,0.00417731367543406,0.554736439888419,0.753720206911268,5,2,75,-0.136217377587165,0.781586012152972,17,1.63408707218806,1,-16.11656,4705,0.4,0,12,"both",-0.136217377587165,0.781586012152972
"1225","session2",-21.1602723389168,2.13856279252754,1.4580278968313,0.00273338098149214,0.00417731367543406,0.554736439888419,0.753720206911268,5,2,75,-0.136217377587165,0.781586012152972,17,2.56959415230126,1,-22.42874,4705,0.4,0,12,"both",-0.136217377587165,0.781586012152972
"1226","session2",-21.1602723389168,2.13856279252754,1.4580278968313,0.00273338098149214,0.00417731367543406,0.554736439888419,0.753720206911268,5,2,75,-0.136217377587165,0.781586012152972,17,1.5056601588024,0,-27.07243,4705,0.4,0,12,"both",-0.136217377587165,0.781586012152972
"1227","session2",-21.1602723389168,2.13856279252754,1.4580278968313,0.00273338098149214,0.00417731367543406,0.554736439888419,0.753720206911268,5,2,75,-0.136217377587165,0.781586012152972,17,3.74679756768599,0,-21.99998,4705,0.4,0,12,"both",-0.136217377587165,0.781586012152972
"1228","session2",-21.1602723389168,2.13856279252754,1.4580278968313,0.00273338098149214,0.00417731367543406,0.554736439888419,0.753720206911268,5,2,75,-0.136217377587165,0.781586012152972,17,1.76263172273373,1,-20.36176,4705,0.4,0,12,"both",-0.136217377587165,0.781586012152972
"1229","session2",-21.1602723389168,2.13856279252754,1.4580278968313,0.00273338098149214,0.00417731367543406,0.554736439888419,0.753720206911268,5,2,75,-0.136217377587165,0.781586012152972,17,1.8588188022939,0,-24.23884,4705,0.4,0,12,"both",-0.136217377587165,0.781586012152972
"1230","session2",-21.1602723389168,2.13856279252754,1.4580278968313,0.00273338098149214,0.00417731367543406,0.554736439888419,0.753720206911268,5,2,75,-0.136217377587165,0.781586012152972,17,1.60433199454214,1,-25.51854,4705,0.4,0,12,"both",-0.136217377587165,0.781586012152972
"1231","session2",-21.1602723389168,2.13856279252754,1.4580278968313,0.00273338098149214,0.00417731367543406,0.554736439888419,0.753720206911268,5,2,75,-0.136217377587165,0.781586012152972,17,2.2118479994882,0,-24.64237,4705,0.4,0,12,"both",-0.136217377587165,0.781586012152972
"1232","session2",-21.1602723389168,2.13856279252754,1.4580278968313,0.00273338098149214,0.00417731367543406,0.554736439888419,0.753720206911268,5,2,75,-0.136217377587165,0.781586012152972,17,1.32415143158526,1,-17.81637,4705,0.4,0,12,"both",-0.136217377587165,0.781586012152972
"1233","session2",-21.1602723389168,2.13856279252754,1.4580278968313,0.00273338098149214,0.00417731367543406,0.554736439888419,0.753720206911268,5,2,75,-0.136217377587165,0.781586012152972,17,1.64528009692358,1,-13.91595,4705,0.4,0,12,"both",-0.136217377587165,0.781586012152972
"1234","session2",-21.1602723389168,2.13856279252754,1.4580278968313,0.00273338098149214,0.00417731367543406,0.554736439888419,0.753720206911268,5,2,75,-0.136217377587165,0.781586012152972,17,2.13362327619422,1,-13.31318,4705,0.4,0,12,"both",-0.136217377587165,0.781586012152972
"1235","session2",-21.1602723389168,2.13856279252754,1.4580278968313,0.00273338098149214,0.00417731367543406,0.554736439888419,0.753720206911268,5,2,75,-0.136217377587165,0.781586012152972,17,1.38538392738628,1,-18.24095,4705,0.4,0,12,"both",-0.136217377587165,0.781586012152972
"1236","session2",-21.1602723389168,2.13856279252754,1.4580278968313,0.00273338098149214,0.00417731367543406,0.554736439888419,0.753720206911268,5,2,75,-0.136217377587165,0.781586012152972,17,1.49853719392053,1,-19.40143,4705,0.4,0,12,"both",-0.136217377587165,0.781586012152972
"1237","session2",-21.1602723389168,2.13856279252754,1.4580278968313,0.00273338098149214,0.00417731367543406,0.554736439888419,0.753720206911268,5,2,75,-0.136217377587165,0.781586012152972,17,1.09871474130746,1,-14.38217,4705,0.4,0,12,"both",-0.136217377587165,0.781586012152972
"1238","session2",-21.1602723389168,2.13856279252754,1.4580278968313,0.00273338098149214,0.00417731367543406,0.554736439888419,0.753720206911268,5,2,75,-0.136217377587165,0.781586012152972,17,1.53049573617986,1,-15.02045,4705,0.4,0,12,"both",-0.136217377587165,0.781586012152972
"1239","session2",-21.1602723389168,2.13856279252754,1.4580278968313,0.00273338098149214,0.00417731367543406,0.554736439888419,0.753720206911268,5,2,75,-0.136217377587165,0.781586012152972,17,1.44030024849525,0,-23.52101,4705,0.4,0,12,"both",-0.136217377587165,0.781586012152972
"1240","session2",-21.1602723389168,2.13856279252754,1.4580278968313,0.00273338098149214,0.00417731367543406,0.554736439888419,0.753720206911268,5,2,75,-0.136217377587165,0.781586012152972,17,1.56413733036924,0,-25.87538,4705,0.4,0,12,"both",-0.136217377587165,0.781586012152972
"1241","session2",-21.1602723389168,2.13856279252754,1.4580278968313,0.00273338098149214,0.00417731367543406,0.554736439888419,0.753720206911268,5,2,75,-0.136217377587165,0.781586012152972,17,1.54999091123058,1,-18.60591,4705,0.4,0,12,"both",-0.136217377587165,0.781586012152972
"1242","session2",-21.1602723389168,2.13856279252754,1.4580278968313,0.00273338098149214,0.00417731367543406,0.554736439888419,0.753720206911268,5,2,75,-0.136217377587165,0.781586012152972,17,1.18686632093771,1,-17.15572,4705,0.4,0,12,"both",-0.136217377587165,0.781586012152972
"1243","session2",-21.1602723389168,2.13856279252754,1.4580278968313,0.00273338098149214,0.00417731367543406,0.554736439888419,0.753720206911268,5,2,75,-0.136217377587165,0.781586012152972,17,1.61088079996853,0,-26.39476,4705,0.4,0,12,"both",-0.136217377587165,0.781586012152972
"1244","session2",-21.1602723389168,2.13856279252754,1.4580278968313,0.00273338098149214,0.00417731367543406,0.554736439888419,0.753720206911268,5,2,75,-0.136217377587165,0.781586012152972,17,2.18267968496706,1,-17.28123,4705,0.4,0,12,"both",-0.136217377587165,0.781586012152972
"1245","session2",-21.1602723389168,2.13856279252754,1.4580278968313,0.00273338098149214,0.00417731367543406,0.554736439888419,0.753720206911268,5,2,75,-0.136217377587165,0.781586012152972,17,1.11607955513149,1,-17.33555,4705,0.4,0,12,"both",-0.136217377587165,0.781586012152972
"1246","session2",-21.1602723389168,2.13856279252754,1.4580278968313,0.00273338098149214,0.00417731367543406,0.554736439888419,0.753720206911268,5,2,75,-0.136217377587165,0.781586012152972,17,3.56533837917115,0,-19.13456,4705,0.4,0,12,"both",-0.136217377587165,0.781586012152972
"1247","session2",-21.1602723389168,2.13856279252754,1.4580278968313,0.00273338098149214,0.00417731367543406,0.554736439888419,0.753720206911268,5,2,75,-0.136217377587165,0.781586012152972,17,1.10878071013722,1,-17.27897,4705,0.4,0,12,"both",-0.136217377587165,0.781586012152972
"1248","session2",-21.1602723389168,2.13856279252754,1.4580278968313,0.00273338098149214,0.00417731367543406,0.554736439888419,0.753720206911268,5,2,75,-0.136217377587165,0.781586012152972,17,1.53930070540181,0,-25.245,4705,0.4,0,12,"both",-0.136217377587165,0.781586012152972
"1249","session2",-21.1602723389168,2.13856279252754,1.4580278968313,0.00273338098149214,0.00417731367543406,0.554736439888419,0.753720206911268,5,2,75,-0.136217377587165,0.781586012152972,17,2.04831688328145,1,-21.28752,4705,0.4,0,12,"both",-0.136217377587165,0.781586012152972
"1250","session2",-21.1602723389168,2.13856279252754,1.4580278968313,0.00273338098149214,0.00417731367543406,0.554736439888419,0.753720206911268,5,2,75,-0.136217377587165,0.781586012152972,17,1.30288114962956,0,-26.86109,4705,0.4,0,12,"both",-0.136217377587165,0.781586012152972
"1251","session2",-21.1602723389168,2.13856279252754,1.4580278968313,0.00273338098149214,0.00417731367543406,0.554736439888419,0.753720206911268,5,2,75,-0.136217377587165,0.781586012152972,17,2.89917554457775,1,-16.56268,4705,0.4,0,12,"both",-0.136217377587165,0.781586012152972
"1252","session2",-21.1602723389168,2.13856279252754,1.4580278968313,0.00273338098149214,0.00417731367543406,0.554736439888419,0.753720206911268,5,2,75,-0.136217377587165,0.781586012152972,17,2.76402934550329,0,-24.57025,4705,0.4,0,12,"both",-0.136217377587165,0.781586012152972
"1253","session2",-21.1602723389168,2.13856279252754,1.4580278968313,0.00273338098149214,0.00417731367543406,0.554736439888419,0.753720206911268,5,2,75,-0.136217377587165,0.781586012152972,17,2.17227360967395,0,-18.96826,4705,0.4,0,12,"both",-0.136217377587165,0.781586012152972
"1254","session2",-21.1602723389168,2.13856279252754,1.4580278968313,0.00273338098149214,0.00417731367543406,0.554736439888419,0.753720206911268,5,2,75,-0.136217377587165,0.781586012152972,17,1.76156867935779,1,-24.35816,4705,0.4,0,12,"both",-0.136217377587165,0.781586012152972
"1255","session2",-21.1602723389168,2.13856279252754,1.4580278968313,0.00273338098149214,0.00417731367543406,0.554736439888419,0.753720206911268,5,2,75,-0.136217377587165,0.781586012152972,17,2.8897598631992,0,-25.15774,4705,0.4,0,12,"both",-0.136217377587165,0.781586012152972
"1256","session2",-21.1602723389168,2.13856279252754,1.4580278968313,0.00273338098149214,0.00417731367543406,0.554736439888419,0.753720206911268,5,2,75,-0.136217377587165,0.781586012152972,17,2.22500800206195,0,-25.04105,4705,0.4,0,12,"both",-0.136217377587165,0.781586012152972
"1257","session2",-21.1602723389168,2.13856279252754,1.4580278968313,0.00273338098149214,0.00417731367543406,0.554736439888419,0.753720206911268,5,2,75,-0.136217377587165,0.781586012152972,17,1.08429716754761,1,-17.34796,4705,0.4,0,12,"both",-0.136217377587165,0.781586012152972
"1258","session2",-21.1602723389168,2.13856279252754,1.4580278968313,0.00273338098149214,0.00417731367543406,0.554736439888419,0.753720206911268,5,2,75,-0.136217377587165,0.781586012152972,17,1.19626101253844,0,-25.56541,4705,0.4,0,12,"both",-0.136217377587165,0.781586012152972
"1259","session2",-21.1602723389168,2.13856279252754,1.4580278968313,0.00273338098149214,0.00417731367543406,0.554736439888419,0.753720206911268,5,2,75,-0.136217377587165,0.781586012152972,17,2.72072887560851,1,-19.98511,4705,0.4,0,12,"both",-0.136217377587165,0.781586012152972
"1260","session2",-21.1602723389168,2.13856279252754,1.4580278968313,0.00273338098149214,0.00417731367543406,0.554736439888419,0.753720206911268,5,2,75,-0.136217377587165,0.781586012152972,17,4.91032436033045,0,-20.23101,4705,0.4,0,12,"both",-0.136217377587165,0.781586012152972
"1261","session2",-21.1602723389168,2.13856279252754,1.4580278968313,0.00273338098149214,0.00417731367543406,0.554736439888419,0.753720206911268,5,2,75,-0.136217377587165,0.781586012152972,17,2.20479738168179,0,-24.35011,4705,0.4,0,12,"both",-0.136217377587165,0.781586012152972
"1262","session2",-21.1602723389168,2.13856279252754,1.4580278968313,0.00273338098149214,0.00417731367543406,0.554736439888419,0.753720206911268,5,2,75,-0.136217377587165,0.781586012152972,17,1.91225046773904,0,-24.5145,4705,0.4,0,12,"both",-0.136217377587165,0.781586012152972
"1263","session2",-21.1602723389168,2.13856279252754,1.4580278968313,0.00273338098149214,0.00417731367543406,0.554736439888419,0.753720206911268,5,2,75,-0.136217377587165,0.781586012152972,17,1.53366570475937,0,-24.23303,4705,0.4,0,12,"both",-0.136217377587165,0.781586012152972
"1264","session2",-21.1602723389168,2.13856279252754,1.4580278968313,0.00273338098149214,0.00417731367543406,0.554736439888419,0.753720206911268,5,2,75,-0.136217377587165,0.781586012152972,17,1.52537160161341,0,-24.89513,4705,0.4,0,12,"both",-0.136217377587165,0.781586012152972
"1265","session2",-21.1602723389168,2.13856279252754,1.4580278968313,0.00273338098149214,0.00417731367543406,0.554736439888419,0.753720206911268,5,2,75,-0.136217377587165,0.781586012152972,17,2.298046764066,0,-24.75322,4705,0.4,0,12,"both",-0.136217377587165,0.781586012152972
"1266","session2",-21.1602723389168,2.13856279252754,1.4580278968313,0.00273338098149214,0.00417731367543406,0.554736439888419,0.753720206911268,5,2,75,-0.136217377587165,0.781586012152972,17,1.94079466209976,1,-17.49025,4705,0.4,0,12,"both",-0.136217377587165,0.781586012152972
"1267","session2",-21.1602723389168,2.13856279252754,1.4580278968313,0.00273338098149214,0.00417731367543406,0.554736439888419,0.753720206911268,5,2,75,-0.136217377587165,0.781586012152972,17,1.66688137335705,0,-26.01248,4705,0.4,0,12,"both",-0.136217377587165,0.781586012152972
"1268","session2",-21.1602723389168,2.13856279252754,1.4580278968313,0.00273338098149214,0.00417731367543406,0.554736439888419,0.753720206911268,5,2,75,-0.136217377587165,0.781586012152972,17,2.37060770015908,1,-23.84938,4705,0.4,0,12,"both",-0.136217377587165,0.781586012152972
"1269","session2",-21.1602723389168,2.13856279252754,1.4580278968313,0.00273338098149214,0.00417731367543406,0.554736439888419,0.753720206911268,5,2,75,-0.136217377587165,0.781586012152972,17,2.29380836909597,0,-24.90667,4705,0.4,0,12,"both",-0.136217377587165,0.781586012152972
"1270","session2",-21.1602723389168,2.13856279252754,1.4580278968313,0.00273338098149214,0.00417731367543406,0.554736439888419,0.753720206911268,5,2,75,-0.136217377587165,0.781586012152972,17,2.93975648263748,1,-18.7434,4705,0.4,0,12,"both",-0.136217377587165,0.781586012152972
"1271","session2",-21.1602723389168,2.13856279252754,1.4580278968313,0.00273338098149214,0.00417731367543406,0.554736439888419,0.753720206911268,5,2,75,-0.136217377587165,0.781586012152972,17,1.90947068063859,1,-18.27029,4705,0.4,0,12,"both",-0.136217377587165,0.781586012152972
"1272","session2",-21.1602723389168,2.13856279252754,1.4580278968313,0.00273338098149214,0.00417731367543406,0.554736439888419,0.753720206911268,5,2,75,-0.136217377587165,0.781586012152972,17,4.29987591179084,0,-25.09723,4705,0.4,0,12,"both",-0.136217377587165,0.781586012152972
"1273","session2",-21.1602723389168,2.13856279252754,1.4580278968313,0.00273338098149214,0.00417731367543406,0.554736439888419,0.753720206911268,5,2,75,-0.136217377587165,0.781586012152972,17,2.10317810573745,1,-19.47812,4705,0.4,0,12,"both",-0.136217377587165,0.781586012152972
"1274","session2",-21.1602723389168,2.13856279252754,1.4580278968313,0.00273338098149214,0.00417731367543406,0.554736439888419,0.753720206911268,5,2,75,-0.136217377587165,0.781586012152972,17,2.72293113489502,1,-19.3908,4705,0.4,0,12,"both",-0.136217377587165,0.781586012152972
"1275","session2",-21.1602723389168,2.13856279252754,1.4580278968313,0.00273338098149214,0.00417731367543406,0.554736439888419,0.753720206911268,5,2,75,-0.136217377587165,0.781586012152972,17,2.37971454612286,1,-19.07779,4705,0.4,0,12,"both",-0.136217377587165,0.781586012152972
"1276","session2",-24.3838076378943,7.87650220879287,2.04538443649571,0.000529493831346823,0.35245266225901,0.452101280780954,0.526996894002803,6,2,75,-0.136217377587165,0.781586012152972,18,2.45959086700163,1,-7.7868598898,4705,0.4,0,12,"both",-0.136217377587165,0.781586012152972
"1277","session2",-24.3838076378943,7.87650220879287,2.04538443649571,0.000529493831346823,0.35245266225901,0.452101280780954,0.526996894002803,6,2,75,-0.136217377587165,0.781586012152972,18,2.31141636837309,1,-9.0739566144,4705,0.4,0,12,"both",-0.136217377587165,0.781586012152972
"1278","session2",-24.3838076378943,7.87650220879287,2.04538443649571,0.000529493831346823,0.35245266225901,0.452101280780954,0.526996894002803,6,2,75,-0.136217377587165,0.781586012152972,18,2.41819333048315,1,-17.4702616546,4705,0.4,0,12,"both",-0.136217377587165,0.781586012152972
"1279","session2",-24.3838076378943,7.87650220879287,2.04538443649571,0.000529493831346823,0.35245266225901,0.452101280780954,0.526996894002803,6,2,75,-0.136217377587165,0.781586012152972,18,2.93312951711709,0,-23.1549125919,4705,0.4,0,12,"both",-0.136217377587165,0.781586012152972
"1280","session2",-24.3838076378943,7.87650220879287,2.04538443649571,0.000529493831346823,0.35245266225901,0.452101280780954,0.526996894002803,6,2,75,-0.136217377587165,0.781586012152972,18,2.06243291961394,1,-18.77386,4705,0.4,0,12,"both",-0.136217377587165,0.781586012152972
"1281","session2",-24.3838076378943,7.87650220879287,2.04538443649571,0.000529493831346823,0.35245266225901,0.452101280780954,0.526996894002803,6,2,75,-0.136217377587165,0.781586012152972,18,1.96148691824298,1,-19.09183,4705,0.4,0,12,"both",-0.136217377587165,0.781586012152972
"1282","session2",-24.3838076378943,7.87650220879287,2.04538443649571,0.000529493831346823,0.35245266225901,0.452101280780954,0.526996894002803,6,2,75,-0.136217377587165,0.781586012152972,18,2.18252695631391,1,-26.33218,4705,0.4,0,12,"both",-0.136217377587165,0.781586012152972
"1283","session2",-24.3838076378943,7.87650220879287,2.04538443649571,0.000529493831346823,0.35245266225901,0.452101280780954,0.526996894002803,6,2,75,-0.136217377587165,0.781586012152972,18,1.91148543489491,1,-14.42622,4705,0.4,0,12,"both",-0.136217377587165,0.781586012152972
"1284","session2",-24.3838076378943,7.87650220879287,2.04538443649571,0.000529493831346823,0.35245266225901,0.452101280780954,0.526996894002803,6,2,75,-0.136217377587165,0.781586012152972,18,1.8828237645287,0,-27.4535917,4705,0.4,0,12,"both",-0.136217377587165,0.781586012152972
"1285","session2",-24.3838076378943,7.87650220879287,2.04538443649571,0.000529493831346823,0.35245266225901,0.452101280780954,0.526996894002803,6,2,75,-0.136217377587165,0.781586012152972,18,7.20245819930001,1,-20.9492,4705,0.4,0,12,"both",-0.136217377587165,0.781586012152972
"1286","session2",-24.3838076378943,7.87650220879287,2.04538443649571,0.000529493831346823,0.35245266225901,0.452101280780954,0.526996894002803,6,2,75,-0.136217377587165,0.781586012152972,18,3.58265592798173,0,-25.46388,4705,0.4,0,12,"both",-0.136217377587165,0.781586012152972
"1287","session2",-24.3838076378943,7.87650220879287,2.04538443649571,0.000529493831346823,0.35245266225901,0.452101280780954,0.526996894002803,6,2,75,-0.136217377587165,0.781586012152972,18,1.78522597832151,0,-35.21586,4705,0.4,0,12,"both",-0.136217377587165,0.781586012152972
"1288","session2",-24.3838076378943,7.87650220879287,2.04538443649571,0.000529493831346823,0.35245266225901,0.452101280780954,0.526996894002803,6,2,75,-0.136217377587165,0.781586012152972,18,3.56588716041528,1,-22.60475,4705,0.4,0,12,"both",-0.136217377587165,0.781586012152972
"1289","session2",-24.3838076378943,7.87650220879287,2.04538443649571,0.000529493831346823,0.35245266225901,0.452101280780954,0.526996894002803,6,2,75,-0.136217377587165,0.781586012152972,18,2.1460647897258,1,-22.0088,4705,0.4,0,12,"both",-0.136217377587165,0.781586012152972
"1290","session2",-24.3838076378943,7.87650220879287,2.04538443649571,0.000529493831346823,0.35245266225901,0.452101280780954,0.526996894002803,6,2,75,-0.136217377587165,0.781586012152972,18,1.89674504579048,1,-26.13821,4705,0.4,0,12,"both",-0.136217377587165,0.781586012152972
"1291","session2",-24.3838076378943,7.87650220879287,2.04538443649571,0.000529493831346823,0.35245266225901,0.452101280780954,0.526996894002803,6,2,75,-0.136217377587165,0.781586012152972,18,3.38616564666705,0,-25.25208,4705,0.4,0,12,"both",-0.136217377587165,0.781586012152972
"1292","session2",-24.3838076378943,7.87650220879287,2.04538443649571,0.000529493831346823,0.35245266225901,0.452101280780954,0.526996894002803,6,2,75,-0.136217377587165,0.781586012152972,18,2.47446919154754,1,-18.94188,4705,0.4,0,12,"both",-0.136217377587165,0.781586012152972
"1293","session2",-24.3838076378943,7.87650220879287,2.04538443649571,0.000529493831346823,0.35245266225901,0.452101280780954,0.526996894002803,6,2,75,-0.136217377587165,0.781586012152972,18,3.287933180261,1,-25.94453,4705,0.4,0,12,"both",-0.136217377587165,0.781586012152972
"1294","session2",-24.3838076378943,7.87650220879287,2.04538443649571,0.000529493831346823,0.35245266225901,0.452101280780954,0.526996894002803,6,2,75,-0.136217377587165,0.781586012152972,18,3.75966730822895,0,-31.93126,4705,0.4,0,12,"both",-0.136217377587165,0.781586012152972
"1295","session2",-24.3838076378943,7.87650220879287,2.04538443649571,0.000529493831346823,0.35245266225901,0.452101280780954,0.526996894002803,6,2,75,-0.136217377587165,0.781586012152972,18,2.20516086670595,0,-22.51464,4705,0.4,0,12,"both",-0.136217377587165,0.781586012152972
"1296","session2",-24.3838076378943,7.87650220879287,2.04538443649571,0.000529493831346823,0.35245266225901,0.452101280780954,0.526996894002803,6,2,75,-0.136217377587165,0.781586012152972,18,3.03557309602313,1,-23.9756,4705,0.4,0,12,"both",-0.136217377587165,0.781586012152972
"1297","session2",-24.3838076378943,7.87650220879287,2.04538443649571,0.000529493831346823,0.35245266225901,0.452101280780954,0.526996894002803,6,2,75,-0.136217377587165,0.781586012152972,18,2.24653027866655,0,-32.71831,4705,0.4,0,12,"both",-0.136217377587165,0.781586012152972
"1298","session2",-24.3838076378943,7.87650220879287,2.04538443649571,0.000529493831346823,0.35245266225901,0.452101280780954,0.526996894002803,6,2,75,-0.136217377587165,0.781586012152972,18,2.52320080203506,0,-30.5885,4705,0.4,0,12,"both",-0.136217377587165,0.781586012152972
"1299","session2",-24.3838076378943,7.87650220879287,2.04538443649571,0.000529493831346823,0.35245266225901,0.452101280780954,0.526996894002803,6,2,75,-0.136217377587165,0.781586012152972,18,5.08226728655382,0,-26.27289,4705,0.4,0,12,"both",-0.136217377587165,0.781586012152972
"1300","session2",-24.3838076378943,7.87650220879287,2.04538443649571,0.000529493831346823,0.35245266225901,0.452101280780954,0.526996894002803,6,2,75,-0.136217377587165,0.781586012152972,18,3.22836228691272,0,-34.568,4705,0.4,0,12,"both",-0.136217377587165,0.781586012152972
"1301","session2",-24.3838076378943,7.87650220879287,2.04538443649571,0.000529493831346823,0.35245266225901,0.452101280780954,0.526996894002803,6,2,75,-0.136217377587165,0.781586012152972,18,2.48230624379665,1,-30.42051,4705,0.4,0,12,"both",-0.136217377587165,0.781586012152972
"1302","session2",-24.3838076378943,7.87650220879287,2.04538443649571,0.000529493831346823,0.35245266225901,0.452101280780954,0.526996894002803,6,2,75,-0.136217377587165,0.781586012152972,18,2.96219325864526,1,-28.17935,4705,0.4,0,12,"both",-0.136217377587165,0.781586012152972
"1303","session2",-24.3838076378943,7.87650220879287,2.04538443649571,0.000529493831346823,0.35245266225901,0.452101280780954,0.526996894002803,6,2,75,-0.136217377587165,0.781586012152972,18,2.05904630443319,1,-19.5205,4705,0.4,0,12,"both",-0.136217377587165,0.781586012152972
"1304","session2",-24.3838076378943,7.87650220879287,2.04538443649571,0.000529493831346823,0.35245266225901,0.452101280780954,0.526996894002803,6,2,75,-0.136217377587165,0.781586012152972,18,1.97102224861534,1,-18.18302,4705,0.4,0,12,"both",-0.136217377587165,0.781586012152972
"1305","session2",-24.3838076378943,7.87650220879287,2.04538443649571,0.000529493831346823,0.35245266225901,0.452101280780954,0.526996894002803,6,2,75,-0.136217377587165,0.781586012152972,18,1.97052234177285,0,-29.76421,4705,0.4,0,12,"both",-0.136217377587165,0.781586012152972
"1306","session2",-24.3838076378943,7.87650220879287,2.04538443649571,0.000529493831346823,0.35245266225901,0.452101280780954,0.526996894002803,6,2,75,-0.136217377587165,0.781586012152972,18,2.176808292675,1,-30.95162,4705,0.4,0,12,"both",-0.136217377587165,0.781586012152972
"1307","session2",-24.3838076378943,7.87650220879287,2.04538443649571,0.000529493831346823,0.35245266225901,0.452101280780954,0.526996894002803,6,2,75,-0.136217377587165,0.781586012152972,18,1.8169975080498,1,-32.07144,4705,0.4,0,12,"both",-0.136217377587165,0.781586012152972
"1308","session2",-24.3838076378943,7.87650220879287,2.04538443649571,0.000529493831346823,0.35245266225901,0.452101280780954,0.526996894002803,6,2,75,-0.136217377587165,0.781586012152972,18,4.27620607722196,0,-32.41382,4705,0.4,0,12,"both",-0.136217377587165,0.781586012152972
"1309","session2",-24.3838076378943,7.87650220879287,2.04538443649571,0.000529493831346823,0.35245266225901,0.452101280780954,0.526996894002803,6,2,75,-0.136217377587165,0.781586012152972,18,1.41610154564556,0,-21.032,4705,0.4,0,12,"both",-0.136217377587165,0.781586012152972
"1310","session2",-24.3838076378943,7.87650220879287,2.04538443649571,0.000529493831346823,0.35245266225901,0.452101280780954,0.526996894002803,6,2,75,-0.136217377587165,0.781586012152972,18,2.54622828186419,0,-33.73358,4705,0.4,0,12,"both",-0.136217377587165,0.781586012152972
"1311","session2",-24.3838076378943,7.87650220879287,2.04538443649571,0.000529493831346823,0.35245266225901,0.452101280780954,0.526996894002803,6,2,75,-0.136217377587165,0.781586012152972,18,5.71899553040917,1,-31.72628,4705,0.4,0,12,"both",-0.136217377587165,0.781586012152972
"1312","session2",-24.3838076378943,7.87650220879287,2.04538443649571,0.000529493831346823,0.35245266225901,0.452101280780954,0.526996894002803,6,2,75,-0.136217377587165,0.781586012152972,18,3.22529266350557,0,-18.52114,4705,0.4,0,12,"both",-0.136217377587165,0.781586012152972
"1313","session2",-24.3838076378943,7.87650220879287,2.04538443649571,0.000529493831346823,0.35245266225901,0.452101280780954,0.526996894002803,6,2,75,-0.136217377587165,0.781586012152972,18,4.11207197256211,0,-26.7893546,4705,0.4,0,12,"both",-0.136217377587165,0.781586012152972
"1314","session2",-24.3838076378943,7.87650220879287,2.04538443649571,0.000529493831346823,0.35245266225901,0.452101280780954,0.526996894002803,6,2,75,-0.136217377587165,0.781586012152972,18,2.32363858924085,1,-26.0749895,4705,0.4,0,12,"both",-0.136217377587165,0.781586012152972
"1315","session2",-24.3838076378943,7.87650220879287,2.04538443649571,0.000529493831346823,0.35245266225901,0.452101280780954,0.526996894002803,6,2,75,-0.136217377587165,0.781586012152972,18,3.58305986905089,1,-26.8175834,4705,0.4,0,12,"both",-0.136217377587165,0.781586012152972
"1316","session2",-24.3838076378943,7.87650220879287,2.04538443649571,0.000529493831346823,0.35245266225901,0.452101280780954,0.526996894002803,6,2,75,-0.136217377587165,0.781586012152972,18,1.71145628851199,0,-40.4591,4705,0.4,0,12,"both",-0.136217377587165,0.781586012152972
"1317","session2",-24.3838076378943,7.87650220879287,2.04538443649571,0.000529493831346823,0.35245266225901,0.452101280780954,0.526996894002803,6,2,75,-0.136217377587165,0.781586012152972,18,1.6204145472144,1,-16.5636,4705,0.4,0,12,"both",-0.136217377587165,0.781586012152972
"1318","session2",-24.3838076378943,7.87650220879287,2.04538443649571,0.000529493831346823,0.35245266225901,0.452101280780954,0.526996894002803,6,2,75,-0.136217377587165,0.781586012152972,18,2.31695551445665,1,-20.26004,4705,0.4,0,12,"both",-0.136217377587165,0.781586012152972
"1319","session2",-24.3838076378943,7.87650220879287,2.04538443649571,0.000529493831346823,0.35245266225901,0.452101280780954,0.526996894002803,6,2,75,-0.136217377587165,0.781586012152972,18,3.92981433329401,0,-33.56721,4705,0.4,0,12,"both",-0.136217377587165,0.781586012152972
"1320","session2",-24.3838076378943,7.87650220879287,2.04538443649571,0.000529493831346823,0.35245266225901,0.452101280780954,0.526996894002803,6,2,75,-0.136217377587165,0.781586012152972,18,1.38278522731389,1,-15.44892,4705,0.4,0,12,"both",-0.136217377587165,0.781586012152972
"1321","session2",-24.3838076378943,7.87650220879287,2.04538443649571,0.000529493831346823,0.35245266225901,0.452101280780954,0.526996894002803,6,2,75,-0.136217377587165,0.781586012152972,18,2.23486608113554,0,-34.6262,4705,0.4,0,12,"both",-0.136217377587165,0.781586012152972
"1322","session2",-24.3838076378943,7.87650220879287,2.04538443649571,0.000529493831346823,0.35245266225901,0.452101280780954,0.526996894002803,6,2,75,-0.136217377587165,0.781586012152972,18,3.1858656582359,0,-21.96629,4705,0.4,0,12,"both",-0.136217377587165,0.781586012152972
"1323","session2",-24.3838076378943,7.87650220879287,2.04538443649571,0.000529493831346823,0.35245266225901,0.452101280780954,0.526996894002803,6,2,75,-0.136217377587165,0.781586012152972,18,2.04667765942462,0,-44.3538,4705,0.4,0,12,"both",-0.136217377587165,0.781586012152972
"1324","session2",-24.3838076378943,7.87650220879287,2.04538443649571,0.000529493831346823,0.35245266225901,0.452101280780954,0.526996894002803,6,2,75,-0.136217377587165,0.781586012152972,18,2.31715539597791,0,-39.1711,4705,0.4,0,12,"both",-0.136217377587165,0.781586012152972
"1325","session2",-24.3838076378943,7.87650220879287,2.04538443649571,0.000529493831346823,0.35245266225901,0.452101280780954,0.526996894002803,6,2,75,-0.136217377587165,0.781586012152972,18,4.44326797213526,1,-18.24987,4705,0.4,0,12,"both",-0.136217377587165,0.781586012152972
"1326","session2",-24.3838076378943,7.87650220879287,2.04538443649571,0.000529493831346823,0.35245266225901,0.452101280780954,0.526996894002803,6,2,75,-0.136217377587165,0.781586012152972,18,1.52018117008068,0,-39.738,4705,0.4,0,12,"both",-0.136217377587165,0.781586012152972
"1327","session2",-24.3838076378943,7.87650220879287,2.04538443649571,0.000529493831346823,0.35245266225901,0.452101280780954,0.526996894002803,6,2,75,-0.136217377587165,0.781586012152972,18,1.92406711916645,0,-32.90016,4705,0.4,0,12,"both",-0.136217377587165,0.781586012152972
"1328","session2",-24.3838076378943,7.87650220879287,2.04538443649571,0.000529493831346823,0.35245266225901,0.452101280780954,0.526996894002803,6,2,75,-0.136217377587165,0.781586012152972,18,2.01296671931731,0,-20.57015,4705,0.4,0,12,"both",-0.136217377587165,0.781586012152972
"1329","session2",-24.3838076378943,7.87650220879287,2.04538443649571,0.000529493831346823,0.35245266225901,0.452101280780954,0.526996894002803,6,2,75,-0.136217377587165,0.781586012152972,18,1.23320205361344,1,-4.2521,4705,0.4,0,12,"both",-0.136217377587165,0.781586012152972
"1330","session2",-24.3838076378943,7.87650220879287,2.04538443649571,0.000529493831346823,0.35245266225901,0.452101280780954,0.526996894002803,6,2,75,-0.136217377587165,0.781586012152972,18,1.72487892704236,1,-32.98112,4705,0.4,0,12,"both",-0.136217377587165,0.781586012152972
"1331","session2",-24.3838076378943,7.87650220879287,2.04538443649571,0.000529493831346823,0.35245266225901,0.452101280780954,0.526996894002803,6,2,75,-0.136217377587165,0.781586012152972,18,1.94802266872983,1,-21.1139,4705,0.4,0,12,"both",-0.136217377587165,0.781586012152972
"1332","session2",-24.3838076378943,7.87650220879287,2.04538443649571,0.000529493831346823,0.35245266225901,0.452101280780954,0.526996894002803,6,2,75,-0.136217377587165,0.781586012152972,18,2.69378213242938,0,-32.44941,4705,0.4,0,12,"both",-0.136217377587165,0.781586012152972
"1333","session2",-24.3838076378943,7.87650220879287,2.04538443649571,0.000529493831346823,0.35245266225901,0.452101280780954,0.526996894002803,6,2,75,-0.136217377587165,0.781586012152972,18,6.13244463826478,1,-10.5882,4705,0.4,0,12,"both",-0.136217377587165,0.781586012152972
"1334","session2",-24.3838076378943,7.87650220879287,2.04538443649571,0.000529493831346823,0.35245266225901,0.452101280780954,0.526996894002803,6,2,75,-0.136217377587165,0.781586012152972,18,2.25960174739534,1,-8.78,4705,0.4,0,12,"both",-0.136217377587165,0.781586012152972
"1335","session2",-24.3838076378943,7.87650220879287,2.04538443649571,0.000529493831346823,0.35245266225901,0.452101280780954,0.526996894002803,6,2,75,-0.136217377587165,0.781586012152972,18,2.22745428718058,0,-35.9435,4705,0.4,0,12,"both",-0.136217377587165,0.781586012152972
"1336","session2",-24.3838076378943,7.87650220879287,2.04538443649571,0.000529493831346823,0.35245266225901,0.452101280780954,0.526996894002803,6,2,75,-0.136217377587165,0.781586012152972,18,2.85224188593355,0,-35.08347,4705,0.4,0,12,"both",-0.136217377587165,0.781586012152972
"1337","session2",-24.3838076378943,7.87650220879287,2.04538443649571,0.000529493831346823,0.35245266225901,0.452101280780954,0.526996894002803,6,2,75,-0.136217377587165,0.781586012152972,18,2.40531255701224,0,-34.21852,4705,0.4,0,12,"both",-0.136217377587165,0.781586012152972
"1338","session2",-24.3838076378943,7.87650220879287,2.04538443649571,0.000529493831346823,0.35245266225901,0.452101280780954,0.526996894002803,6,2,75,-0.136217377587165,0.781586012152972,18,2.05046490611448,0,-35.45808,4705,0.4,0,12,"both",-0.136217377587165,0.781586012152972
"1339","session2",-24.3838076378943,7.87650220879287,2.04538443649571,0.000529493831346823,0.35245266225901,0.452101280780954,0.526996894002803,6,2,75,-0.136217377587165,0.781586012152972,18,2.34690915336515,0,-35.82462,4705,0.4,0,12,"both",-0.136217377587165,0.781586012152972
"1340","session2",-24.3838076378943,7.87650220879287,2.04538443649571,0.000529493831346823,0.35245266225901,0.452101280780954,0.526996894002803,6,2,75,-0.136217377587165,0.781586012152972,18,2.21311315371477,1,-14.15567,4705,0.4,0,12,"both",-0.136217377587165,0.781586012152972
"1341","session2",-24.3838076378943,7.87650220879287,2.04538443649571,0.000529493831346823,0.35245266225901,0.452101280780954,0.526996894002803,6,2,75,-0.136217377587165,0.781586012152972,18,1.61109214838505,0,-28.69905,4705,0.4,0,12,"both",-0.136217377587165,0.781586012152972
"1342","session2",-24.3838076378943,7.87650220879287,2.04538443649571,0.000529493831346823,0.35245266225901,0.452101280780954,0.526996894002803,6,2,75,-0.136217377587165,0.781586012152972,18,2.16388267323683,0,-31.6742,4705,0.4,0,12,"both",-0.136217377587165,0.781586012152972
"1343","session2",-24.3838076378943,7.87650220879287,2.04538443649571,0.000529493831346823,0.35245266225901,0.452101280780954,0.526996894002803,6,2,75,-0.136217377587165,0.781586012152972,18,3.19297948310933,1,-29.27921,4705,0.4,0,12,"both",-0.136217377587165,0.781586012152972
"1344","session2",-24.3838076378943,7.87650220879287,2.04538443649571,0.000529493831346823,0.35245266225901,0.452101280780954,0.526996894002803,6,2,75,-0.136217377587165,0.781586012152972,18,2.05700668380655,1,-34.06388,4705,0.4,0,12,"both",-0.136217377587165,0.781586012152972
"1345","session2",-24.3838076378943,7.87650220879287,2.04538443649571,0.000529493831346823,0.35245266225901,0.452101280780954,0.526996894002803,6,2,75,-0.136217377587165,0.781586012152972,18,1.5916877483554,0,-19.44381,4705,0.4,0,12,"both",-0.136217377587165,0.781586012152972
"1346","session2",-24.3838076378943,7.87650220879287,2.04538443649571,0.000529493831346823,0.35245266225901,0.452101280780954,0.526996894002803,6,2,75,-0.136217377587165,0.781586012152972,18,2.22732994846225,1,-20.68839,4705,0.4,0,12,"both",-0.136217377587165,0.781586012152972
"1347","session2",-24.3838076378943,7.87650220879287,2.04538443649571,0.000529493831346823,0.35245266225901,0.452101280780954,0.526996894002803,6,2,75,-0.136217377587165,0.781586012152972,18,1.30214738120414,0,-30.36481,4705,0.4,0,12,"both",-0.136217377587165,0.781586012152972
"1348","session2",-24.3838076378943,7.87650220879287,2.04538443649571,0.000529493831346823,0.35245266225901,0.452101280780954,0.526996894002803,6,2,75,-0.136217377587165,0.781586012152972,18,2.50911273325185,0,-31.71993,4705,0.4,0,12,"both",-0.136217377587165,0.781586012152972
"1349","session2",-24.3838076378943,7.87650220879287,2.04538443649571,0.000529493831346823,0.35245266225901,0.452101280780954,0.526996894002803,6,2,75,-0.136217377587165,0.781586012152972,18,2.35547506480205,0,-35.2564,4705,0.4,0,12,"both",-0.136217377587165,0.781586012152972
"1350","session2",-24.3838076378943,7.87650220879287,2.04538443649571,0.000529493831346823,0.35245266225901,0.452101280780954,0.526996894002803,6,2,75,-0.136217377587165,0.781586012152972,18,2.78962774867632,0,-21.01531,4705,0.4,0,12,"both",-0.136217377587165,0.781586012152972
"1351","session2",-22.348539510899,5.84066781111685,2.58549302957156,3.96494860408405e-05,-0.0852038821840429,0.529895265828329,0.637891166524355,7,2,75,-0.136217377587165,0.781586012152972,19,2.97755671202656,1,-6.790174198,4705,0.4,0,12,"both",-0.136217377587165,0.781586012152972
"1352","session2",-22.348539510899,5.84066781111685,2.58549302957156,3.96494860408405e-05,-0.0852038821840429,0.529895265828329,0.637891166524355,7,2,75,-0.136217377587165,0.781586012152972,19,2.14117713781631,1,-8.3287407454,4705,0.4,0,12,"both",-0.136217377587165,0.781586012152972
"1353","session2",-22.348539510899,5.84066781111685,2.58549302957156,3.96494860408405e-05,-0.0852038821840429,0.529895265828329,0.637891166524355,7,2,75,-0.136217377587165,0.781586012152972,19,4.72595044114003,1,-17.0962971263,4705,0.4,0,12,"both",-0.136217377587165,0.781586012152972
"1354","session2",-22.348539510899,5.84066781111685,2.58549302957156,3.96494860408405e-05,-0.0852038821840429,0.529895265828329,0.637891166524355,7,2,75,-0.136217377587165,0.781586012152972,19,5.30141072014864,1,-21.334897512,4705,0.4,0,12,"both",-0.136217377587165,0.781586012152972
"1355","session2",-22.348539510899,5.84066781111685,2.58549302957156,3.96494860408405e-05,-0.0852038821840429,0.529895265828329,0.637891166524355,7,2,75,-0.136217377587165,0.781586012152972,19,1.06149425692049,1,3.7302,4705,0.4,0,12,"both",-0.136217377587165,0.781586012152972
"1356","session2",-22.348539510899,5.84066781111685,2.58549302957156,3.96494860408405e-05,-0.0852038821840429,0.529895265828329,0.637891166524355,7,2,75,-0.136217377587165,0.781586012152972,19,1.6018588079414,0,-33.59648,4705,0.4,0,12,"both",-0.136217377587165,0.781586012152972
"1357","session2",-22.348539510899,5.84066781111685,2.58549302957156,3.96494860408405e-05,-0.0852038821840429,0.529895265828329,0.637891166524355,7,2,75,-0.136217377587165,0.781586012152972,19,2.34181327111607,0,-21.96284,4705,0.4,0,12,"both",-0.136217377587165,0.781586012152972
"1358","session2",-22.348539510899,5.84066781111685,2.58549302957156,3.96494860408405e-05,-0.0852038821840429,0.529895265828329,0.637891166524355,7,2,75,-0.136217377587165,0.781586012152972,19,1.58347884112728,1,7.4655,4705,0.4,0,12,"both",-0.136217377587165,0.781586012152972
"1359","session2",-22.348539510899,5.84066781111685,2.58549302957156,3.96494860408405e-05,-0.0852038821840429,0.529895265828329,0.637891166524355,7,2,75,-0.136217377587165,0.781586012152972,19,1.850333693664,0,-26.59366,4705,0.4,0,12,"both",-0.136217377587165,0.781586012152972
"1360","session2",-22.348539510899,5.84066781111685,2.58549302957156,3.96494860408405e-05,-0.0852038821840429,0.529895265828329,0.637891166524355,7,2,75,-0.136217377587165,0.781586012152972,19,2.70444187921334,0,-23.51066,4705,0.4,0,12,"both",-0.136217377587165,0.781586012152972
"1361","session2",-22.348539510899,5.84066781111685,2.58549302957156,3.96494860408405e-05,-0.0852038821840429,0.529895265828329,0.637891166524355,7,2,75,-0.136217377587165,0.781586012152972,19,1.71044323766366,0,-31.6073,4705,0.4,0,12,"both",-0.136217377587165,0.781586012152972
"1362","session2",-22.348539510899,5.84066781111685,2.58549302957156,3.96494860408405e-05,-0.0852038821840429,0.529895265828329,0.637891166524355,7,2,75,-0.136217377587165,0.781586012152972,19,1.53906212067145,0,-15.33637,4705,0.4,0,12,"both",-0.136217377587165,0.781586012152972
"1363","session2",-22.348539510899,5.84066781111685,2.58549302957156,3.96494860408405e-05,-0.0852038821840429,0.529895265828329,0.637891166524355,7,2,75,-0.136217377587165,0.781586012152972,19,1.39594245524024,1,-0.378699999999998,4705,0.4,0,12,"both",-0.136217377587165,0.781586012152972
"1364","session2",-22.348539510899,5.84066781111685,2.58549302957156,3.96494860408405e-05,-0.0852038821840429,0.529895265828329,0.637891166524355,7,2,75,-0.136217377587165,0.781586012152972,19,1.85475526104216,1,5.90113,4705,0.4,0,12,"both",-0.136217377587165,0.781586012152972
"1365","session2",-22.348539510899,5.84066781111685,2.58549302957156,3.96494860408405e-05,-0.0852038821840429,0.529895265828329,0.637891166524355,7,2,75,-0.136217377587165,0.781586012152972,19,1.34992324325357,0,-28.19017,4705,0.4,0,12,"both",-0.136217377587165,0.781586012152972
"1366","session2",-22.348539510899,5.84066781111685,2.58549302957156,3.96494860408405e-05,-0.0852038821840429,0.529895265828329,0.637891166524355,7,2,75,-0.136217377587165,0.781586012152972,19,1.16289061225226,1,-5.5332,4705,0.4,0,12,"both",-0.136217377587165,0.781586012152972
"1367","session2",-22.348539510899,5.84066781111685,2.58549302957156,3.96494860408405e-05,-0.0852038821840429,0.529895265828329,0.637891166524355,7,2,75,-0.136217377587165,0.781586012152972,19,1.6676557551385,1,-11.42948,4705,0.4,0,12,"both",-0.136217377587165,0.781586012152972
"1368","session2",-22.348539510899,5.84066781111685,2.58549302957156,3.96494860408405e-05,-0.0852038821840429,0.529895265828329,0.637891166524355,7,2,75,-0.136217377587165,0.781586012152972,19,1.47544521233438,1,-21.90046,4705,0.4,0,12,"both",-0.136217377587165,0.781586012152972
"1369","session2",-22.348539510899,5.84066781111685,2.58549302957156,3.96494860408405e-05,-0.0852038821840429,0.529895265828329,0.637891166524355,7,2,75,-0.136217377587165,0.781586012152972,19,1.57314218463351,1,-9.48,4705,0.4,0,12,"both",-0.136217377587165,0.781586012152972
"1370","session2",-22.348539510899,5.84066781111685,2.58549302957156,3.96494860408405e-05,-0.0852038821840429,0.529895265828329,0.637891166524355,7,2,75,-0.136217377587165,0.781586012152972,19,3.73099022324286,0,-24.65376,4705,0.4,0,12,"both",-0.136217377587165,0.781586012152972
"1371","session2",-22.348539510899,5.84066781111685,2.58549302957156,3.96494860408405e-05,-0.0852038821840429,0.529895265828329,0.637891166524355,7,2,75,-0.136217377587165,0.781586012152972,19,2.57343632556957,1,1.7685,4705,0.4,0,12,"both",-0.136217377587165,0.781586012152972
"1372","session2",-22.348539510899,5.84066781111685,2.58549302957156,3.96494860408405e-05,-0.0852038821840429,0.529895265828329,0.637891166524355,7,2,75,-0.136217377587165,0.781586012152972,19,2.68207817501796,1,-21.66046,4705,0.4,0,12,"both",-0.136217377587165,0.781586012152972
"1373","session2",-22.348539510899,5.84066781111685,2.58549302957156,3.96494860408405e-05,-0.0852038821840429,0.529895265828329,0.637891166524355,7,2,75,-0.136217377587165,0.781586012152972,19,1.87945735779209,0,-29.11261,4705,0.4,0,12,"both",-0.136217377587165,0.781586012152972
"1374","session2",-22.348539510899,5.84066781111685,2.58549302957156,3.96494860408405e-05,-0.0852038821840429,0.529895265828329,0.637891166524355,7,2,75,-0.136217377587165,0.781586012152972,19,1.71559401887011,1,-9.8563,4705,0.4,0,12,"both",-0.136217377587165,0.781586012152972
"1375","session2",-22.348539510899,5.84066781111685,2.58549302957156,3.96494860408405e-05,-0.0852038821840429,0.529895265828329,0.637891166524355,7,2,75,-0.136217377587165,0.781586012152972,19,2.47524598652675,1,-26.50052,4705,0.4,0,12,"both",-0.136217377587165,0.781586012152972
"1376","session2",-22.348539510899,5.84066781111685,2.58549302957156,3.96494860408405e-05,-0.0852038821840429,0.529895265828329,0.637891166524355,7,2,75,-0.136217377587165,0.781586012152972,19,1.15593416865713,1,-14.44997,4705,0.4,0,12,"both",-0.136217377587165,0.781586012152972
"1377","session2",-22.348539510899,5.84066781111685,2.58549302957156,3.96494860408405e-05,-0.0852038821840429,0.529895265828329,0.637891166524355,7,2,75,-0.136217377587165,0.781586012152972,19,2.29013487686201,1,-20.47312,4705,0.4,0,12,"both",-0.136217377587165,0.781586012152972
"1378","session2",-22.348539510899,5.84066781111685,2.58549302957156,3.96494860408405e-05,-0.0852038821840429,0.529895265828329,0.637891166524355,7,2,75,-0.136217377587165,0.781586012152972,19,4.39602173315775,0,-21.4924,4705,0.4,0,12,"both",-0.136217377587165,0.781586012152972
"1379","session2",-22.348539510899,5.84066781111685,2.58549302957156,3.96494860408405e-05,-0.0852038821840429,0.529895265828329,0.637891166524355,7,2,75,-0.136217377587165,0.781586012152972,19,1.89700968549326,1,-15.74512,4705,0.4,0,12,"both",-0.136217377587165,0.781586012152972
"1380","session2",-22.348539510899,5.84066781111685,2.58549302957156,3.96494860408405e-05,-0.0852038821840429,0.529895265828329,0.637891166524355,7,2,75,-0.136217377587165,0.781586012152972,19,1.94876392965064,1,-17.67205,4705,0.4,0,12,"both",-0.136217377587165,0.781586012152972
"1381","session2",-22.348539510899,5.84066781111685,2.58549302957156,3.96494860408405e-05,-0.0852038821840429,0.529895265828329,0.637891166524355,7,2,75,-0.136217377587165,0.781586012152972,19,1.65544471090301,1,-11.6326,4705,0.4,0,12,"both",-0.136217377587165,0.781586012152972
"1382","session2",-22.348539510899,5.84066781111685,2.58549302957156,3.96494860408405e-05,-0.0852038821840429,0.529895265828329,0.637891166524355,7,2,75,-0.136217377587165,0.781586012152972,19,5.19488326753327,1,-19.82827,4705,0.4,0,12,"both",-0.136217377587165,0.781586012152972
"1383","session2",-22.348539510899,5.84066781111685,2.58549302957156,3.96494860408405e-05,-0.0852038821840429,0.529895265828329,0.637891166524355,7,2,75,-0.136217377587165,0.781586012152972,19,1.41497705548592,0,-31.39613,4705,0.4,0,12,"both",-0.136217377587165,0.781586012152972
"1384","session2",-22.348539510899,5.84066781111685,2.58549302957156,3.96494860408405e-05,-0.0852038821840429,0.529895265828329,0.637891166524355,7,2,75,-0.136217377587165,0.781586012152972,19,1.78388071520214,0,-27.42755,4705,0.4,0,12,"both",-0.136217377587165,0.781586012152972
"1385","session2",-22.348539510899,5.84066781111685,2.58549302957156,3.96494860408405e-05,-0.0852038821840429,0.529895265828329,0.637891166524355,7,2,75,-0.136217377587165,0.781586012152972,19,1.94175570664472,1,-17.39802,4705,0.4,0,12,"both",-0.136217377587165,0.781586012152972
"1386","session2",-22.348539510899,5.84066781111685,2.58549302957156,3.96494860408405e-05,-0.0852038821840429,0.529895265828329,0.637891166524355,7,2,75,-0.136217377587165,0.781586012152972,19,3.5729699843443,1,-14.87451,4705,0.4,0,12,"both",-0.136217377587165,0.781586012152972
"1387","session2",-22.348539510899,5.84066781111685,2.58549302957156,3.96494860408405e-05,-0.0852038821840429,0.529895265828329,0.637891166524355,7,2,75,-0.136217377587165,0.781586012152972,19,1.55342786821751,1,-17.44513,4705,0.4,0,12,"both",-0.136217377587165,0.781586012152972
"1388","session2",-22.348539510899,5.84066781111685,2.58549302957156,3.96494860408405e-05,-0.0852038821840429,0.529895265828329,0.637891166524355,7,2,75,-0.136217377587165,0.781586012152972,19,1.28105324448297,1,-14.18567,4705,0.4,0,12,"both",-0.136217377587165,0.781586012152972
"1389","session2",-22.348539510899,5.84066781111685,2.58549302957156,3.96494860408405e-05,-0.0852038821840429,0.529895265828329,0.637891166524355,7,2,75,-0.136217377587165,0.781586012152972,19,1.31411916541892,0,-29.94426,4705,0.4,0,12,"both",-0.136217377587165,0.781586012152972
"1390","session2",-22.348539510899,5.84066781111685,2.58549302957156,3.96494860408405e-05,-0.0852038821840429,0.529895265828329,0.637891166524355,7,2,75,-0.136217377587165,0.781586012152972,19,1.77024556438908,0,-27.62797,4705,0.4,0,12,"both",-0.136217377587165,0.781586012152972
"1391","session2",-22.348539510899,5.84066781111685,2.58549302957156,3.96494860408405e-05,-0.0852038821840429,0.529895265828329,0.637891166524355,7,2,75,-0.136217377587165,0.781586012152972,19,2.36907629316901,0,-20.31438,4705,0.4,0,12,"both",-0.136217377587165,0.781586012152972
"1392","session2",-22.348539510899,5.84066781111685,2.58549302957156,3.96494860408405e-05,-0.0852038821840429,0.529895265828329,0.637891166524355,7,2,75,-0.136217377587165,0.781586012152972,19,2.06708383200558,0,-30.42076,4705,0.4,0,12,"both",-0.136217377587165,0.781586012152972
"1393","session2",-22.348539510899,5.84066781111685,2.58549302957156,3.96494860408405e-05,-0.0852038821840429,0.529895265828329,0.637891166524355,7,2,75,-0.136217377587165,0.781586012152972,19,2.73317972049988,0,-22.42485,4705,0.4,0,12,"both",-0.136217377587165,0.781586012152972
"1394","session2",-22.348539510899,5.84066781111685,2.58549302957156,3.96494860408405e-05,-0.0852038821840429,0.529895265828329,0.637891166524355,7,2,75,-0.136217377587165,0.781586012152972,19,5.41524116019325,0,-26.2719,4705,0.4,0,12,"both",-0.136217377587165,0.781586012152972
"1395","session2",-22.348539510899,5.84066781111685,2.58549302957156,3.96494860408405e-05,-0.0852038821840429,0.529895265828329,0.637891166524355,7,2,75,-0.136217377587165,0.781586012152972,19,3.37955434397923,1,-24.19473,4705,0.4,0,12,"both",-0.136217377587165,0.781586012152972
"1396","session2",-22.348539510899,5.84066781111685,2.58549302957156,3.96494860408405e-05,-0.0852038821840429,0.529895265828329,0.637891166524355,7,2,75,-0.136217377587165,0.781586012152972,19,1.57717685712173,1,-31.1283,4705,0.4,0,12,"both",-0.136217377587165,0.781586012152972
"1397","session2",-22.348539510899,5.84066781111685,2.58549302957156,3.96494860408405e-05,-0.0852038821840429,0.529895265828329,0.637891166524355,7,2,75,-0.136217377587165,0.781586012152972,19,1.57716512248247,1,-18.71455,4705,0.4,0,12,"both",-0.136217377587165,0.781586012152972
"1398","session2",-22.348539510899,5.84066781111685,2.58549302957156,3.96494860408405e-05,-0.0852038821840429,0.529895265828329,0.637891166524355,7,2,75,-0.136217377587165,0.781586012152972,19,1.17505878162675,0,-26.98051,4705,0.4,0,12,"both",-0.136217377587165,0.781586012152972
"1399","session2",-22.348539510899,5.84066781111685,2.58549302957156,3.96494860408405e-05,-0.0852038821840429,0.529895265828329,0.637891166524355,7,2,75,-0.136217377587165,0.781586012152972,19,2.13277029403117,0,-26.70475,4705,0.4,0,12,"both",-0.136217377587165,0.781586012152972
"1400","session2",-22.348539510899,5.84066781111685,2.58549302957156,3.96494860408405e-05,-0.0852038821840429,0.529895265828329,0.637891166524355,7,2,75,-0.136217377587165,0.781586012152972,19,2.87490040227875,0,-24.8438,4705,0.4,0,12,"both",-0.136217377587165,0.781586012152972
"1401","session2",-22.348539510899,5.84066781111685,2.58549302957156,3.96494860408405e-05,-0.0852038821840429,0.529895265828329,0.637891166524355,7,2,75,-0.136217377587165,0.781586012152972,19,4.84609443887001,1,-13.90717,4705,0.4,0,12,"both",-0.136217377587165,0.781586012152972
"1402","session2",-22.348539510899,5.84066781111685,2.58549302957156,3.96494860408405e-05,-0.0852038821840429,0.529895265828329,0.637891166524355,7,2,75,-0.136217377587165,0.781586012152972,19,2.8397497113871,0,-18.78899,4705,0.4,0,12,"both",-0.136217377587165,0.781586012152972
"1403","session2",-22.348539510899,5.84066781111685,2.58549302957156,3.96494860408405e-05,-0.0852038821840429,0.529895265828329,0.637891166524355,7,2,75,-0.136217377587165,0.781586012152972,19,1.71331101788105,0,-23.60198,4705,0.4,0,12,"both",-0.136217377587165,0.781586012152972
"1404","session2",-22.348539510899,5.84066781111685,2.58549302957156,3.96494860408405e-05,-0.0852038821840429,0.529895265828329,0.637891166524355,7,2,75,-0.136217377587165,0.781586012152972,19,2.87451192713645,0,-25.11804,4705,0.4,0,12,"both",-0.136217377587165,0.781586012152972
"1405","session2",-22.348539510899,5.84066781111685,2.58549302957156,3.96494860408405e-05,-0.0852038821840429,0.529895265828329,0.637891166524355,7,2,75,-0.136217377587165,0.781586012152972,19,1.72452388813793,0,-26.67378,4705,0.4,0,12,"both",-0.136217377587165,0.781586012152972
"1406","session2",-22.348539510899,5.84066781111685,2.58549302957156,3.96494860408405e-05,-0.0852038821840429,0.529895265828329,0.637891166524355,7,2,75,-0.136217377587165,0.781586012152972,19,2.04044695415635,1,-17.30588,4705,0.4,0,12,"both",-0.136217377587165,0.781586012152972
"1407","session2",-22.348539510899,5.84066781111685,2.58549302957156,3.96494860408405e-05,-0.0852038821840429,0.529895265828329,0.637891166524355,7,2,75,-0.136217377587165,0.781586012152972,19,1.66467344358547,0,-18.11713,4705,0.4,0,12,"both",-0.136217377587165,0.781586012152972
"1408","session2",-22.348539510899,5.84066781111685,2.58549302957156,3.96494860408405e-05,-0.0852038821840429,0.529895265828329,0.637891166524355,7,2,75,-0.136217377587165,0.781586012152972,19,1.84614332125063,1,-19.30911,4705,0.4,0,12,"both",-0.136217377587165,0.781586012152972
"1409","session2",-22.348539510899,5.84066781111685,2.58549302957156,3.96494860408405e-05,-0.0852038821840429,0.529895265828329,0.637891166524355,7,2,75,-0.136217377587165,0.781586012152972,19,2.45518289653216,0,-25.29649,4705,0.4,0,12,"both",-0.136217377587165,0.781586012152972
"1410","session2",-22.348539510899,5.84066781111685,2.58549302957156,3.96494860408405e-05,-0.0852038821840429,0.529895265828329,0.637891166524355,7,2,75,-0.136217377587165,0.781586012152972,19,2.37011897080662,1,-16.68279,4705,0.4,0,12,"both",-0.136217377587165,0.781586012152972
"1411","session2",-22.348539510899,5.84066781111685,2.58549302957156,3.96494860408405e-05,-0.0852038821840429,0.529895265828329,0.637891166524355,7,2,75,-0.136217377587165,0.781586012152972,19,1.74089126659979,0,-23.84885,4705,0.4,0,12,"both",-0.136217377587165,0.781586012152972
"1412","session2",-22.348539510899,5.84066781111685,2.58549302957156,3.96494860408405e-05,-0.0852038821840429,0.529895265828329,0.637891166524355,7,2,75,-0.136217377587165,0.781586012152972,19,4.50402919297496,1,-23.74497,4705,0.4,0,12,"both",-0.136217377587165,0.781586012152972
"1413","session2",-22.348539510899,5.84066781111685,2.58549302957156,3.96494860408405e-05,-0.0852038821840429,0.529895265828329,0.637891166524355,7,2,75,-0.136217377587165,0.781586012152972,19,1.91271100614977,1,-18.60943,4705,0.4,0,12,"both",-0.136217377587165,0.781586012152972
"1414","session2",-22.348539510899,5.84066781111685,2.58549302957156,3.96494860408405e-05,-0.0852038821840429,0.529895265828329,0.637891166524355,7,2,75,-0.136217377587165,0.781586012152972,19,1.95706953074855,1,-18.68332,4705,0.4,0,12,"both",-0.136217377587165,0.781586012152972
"1415","session2",-22.348539510899,5.84066781111685,2.58549302957156,3.96494860408405e-05,-0.0852038821840429,0.529895265828329,0.637891166524355,7,2,75,-0.136217377587165,0.781586012152972,19,1.92860539825005,1,-16.80887,4705,0.4,0,12,"both",-0.136217377587165,0.781586012152972
"1416","session2",-22.348539510899,5.84066781111685,2.58549302957156,3.96494860408405e-05,-0.0852038821840429,0.529895265828329,0.637891166524355,7,2,75,-0.136217377587165,0.781586012152972,19,1.44876784103573,0,-30.32083,4705,0.4,0,12,"both",-0.136217377587165,0.781586012152972
"1417","session2",-22.348539510899,5.84066781111685,2.58549302957156,3.96494860408405e-05,-0.0852038821840429,0.529895265828329,0.637891166524355,7,2,75,-0.136217377587165,0.781586012152972,19,3.05436986200236,0,-24.01476,4705,0.4,0,12,"both",-0.136217377587165,0.781586012152972
"1418","session2",-22.348539510899,5.84066781111685,2.58549302957156,3.96494860408405e-05,-0.0852038821840429,0.529895265828329,0.637891166524355,7,2,75,-0.136217377587165,0.781586012152972,19,1.65713311601573,1,-18.1299,4705,0.4,0,12,"both",-0.136217377587165,0.781586012152972
"1419","session2",-22.348539510899,5.84066781111685,2.58549302957156,3.96494860408405e-05,-0.0852038821840429,0.529895265828329,0.637891166524355,7,2,75,-0.136217377587165,0.781586012152972,19,3.54278788998943,0,-20.55181,4705,0.4,0,12,"both",-0.136217377587165,0.781586012152972
"1420","session2",-22.348539510899,5.84066781111685,2.58549302957156,3.96494860408405e-05,-0.0852038821840429,0.529895265828329,0.637891166524355,7,2,75,-0.136217377587165,0.781586012152972,19,3.65886992324744,0,-19.44767,4705,0.4,0,12,"both",-0.136217377587165,0.781586012152972
"1421","session2",-22.348539510899,5.84066781111685,2.58549302957156,3.96494860408405e-05,-0.0852038821840429,0.529895265828329,0.637891166524355,7,2,75,-0.136217377587165,0.781586012152972,19,1.86300248352804,1,-24.76058,4705,0.4,0,12,"both",-0.136217377587165,0.781586012152972
"1422","session2",-22.348539510899,5.84066781111685,2.58549302957156,3.96494860408405e-05,-0.0852038821840429,0.529895265828329,0.637891166524355,7,2,75,-0.136217377587165,0.781586012152972,19,2.99240449593411,1,-20.03181,4705,0.4,0,12,"both",-0.136217377587165,0.781586012152972
"1423","session2",-22.348539510899,5.84066781111685,2.58549302957156,3.96494860408405e-05,-0.0852038821840429,0.529895265828329,0.637891166524355,7,2,75,-0.136217377587165,0.781586012152972,19,4.3965394482548,0,-24.11052,4705,0.4,0,12,"both",-0.136217377587165,0.781586012152972
"1424","session2",-22.348539510899,5.84066781111685,2.58549302957156,3.96494860408405e-05,-0.0852038821840429,0.529895265828329,0.637891166524355,7,2,75,-0.136217377587165,0.781586012152972,19,5.18050947837829,1,-18.58441,4705,0.4,0,12,"both",-0.136217377587165,0.781586012152972
"1425","session2",-22.348539510899,5.84066781111685,2.58549302957156,3.96494860408405e-05,-0.0852038821840429,0.529895265828329,0.637891166524355,7,2,75,-0.136217377587165,0.781586012152972,19,1.97947900726282,0,-28.8111,4705,0.4,0,12,"both",-0.136217377587165,0.781586012152972
"1426","session2",-21.7996358495779,12.6232134807031,3.22727152376119,0.000132999027021806,0.313961965507656,0.367659786242285,0.340610693705371,8,2,75,-0.136217377587165,0.781586012152972,20,1.68992819509628,1,10.6458418334,4705,0.4,0,12,"both",-0.136217377587165,0.781586012152972
"1427","session2",-21.7996358495779,12.6232134807031,3.22727152376119,0.000132999027021806,0.313961965507656,0.367659786242285,0.340610693705371,8,2,75,-0.136217377587165,0.781586012152972,20,2.14477126086223,1,-4.90790500443,4705,0.4,0,12,"both",-0.136217377587165,0.781586012152972
"1428","session2",-21.7996358495779,12.6232134807031,3.22727152376119,0.000132999027021806,0.313961965507656,0.367659786242285,0.340610693705371,8,2,75,-0.136217377587165,0.781586012152972,20,2.15530525412033,1,-12.83891295668,4705,0.4,0,12,"both",-0.136217377587165,0.781586012152972
"1429","session2",-21.7996358495779,12.6232134807031,3.22727152376119,0.000132999027021806,0.313961965507656,0.367659786242285,0.340610693705371,8,2,75,-0.136217377587165,0.781586012152972,20,4.38750133648299,0,-20.222631093,4705,0.4,0,12,"both",-0.136217377587165,0.781586012152972
"1430","session2",-21.7996358495779,12.6232134807031,3.22727152376119,0.000132999027021806,0.313961965507656,0.367659786242285,0.340610693705371,8,2,75,-0.136217377587165,0.781586012152972,20,2.95016193058992,1,-26.99485,4705,0.4,0,12,"both",-0.136217377587165,0.781586012152972
"1431","session2",-21.7996358495779,12.6232134807031,3.22727152376119,0.000132999027021806,0.313961965507656,0.367659786242285,0.340610693705371,8,2,75,-0.136217377587165,0.781586012152972,20,2.5871608228466,1,-15.890315336,4705,0.4,0,12,"both",-0.136217377587165,0.781586012152972
"1432","session2",-21.7996358495779,12.6232134807031,3.22727152376119,0.000132999027021806,0.313961965507656,0.367659786242285,0.340610693705371,8,2,75,-0.136217377587165,0.781586012152972,20,1.63524113606882,1,32.4923,4705,0.4,0,12,"both",-0.136217377587165,0.781586012152972
"1433","session2",-21.7996358495779,12.6232134807031,3.22727152376119,0.000132999027021806,0.313961965507656,0.367659786242285,0.340610693705371,8,2,75,-0.136217377587165,0.781586012152972,20,2.18498734875045,0,-31.70555,4705,0.4,0,12,"both",-0.136217377587165,0.781586012152972
"1434","session2",-21.7996358495779,12.6232134807031,3.22727152376119,0.000132999027021806,0.313961965507656,0.367659786242285,0.340610693705371,8,2,75,-0.136217377587165,0.781586012152972,20,2.95410808778188,1,-16.68706,4705,0.4,0,12,"both",-0.136217377587165,0.781586012152972
"1435","session2",-21.7996358495779,12.6232134807031,3.22727152376119,0.000132999027021806,0.313961965507656,0.367659786242285,0.340610693705371,8,2,75,-0.136217377587165,0.781586012152972,20,2.63442758657925,1,-14.25772,4705,0.4,0,12,"both",-0.136217377587165,0.781586012152972
"1436","session2",-21.7996358495779,12.6232134807031,3.22727152376119,0.000132999027021806,0.313961965507656,0.367659786242285,0.340610693705371,8,2,75,-0.136217377587165,0.781586012152972,20,2.10681618919778,0,-28.56194,4705,0.4,0,12,"both",-0.136217377587165,0.781586012152972
"1437","session2",-21.7996358495779,12.6232134807031,3.22727152376119,0.000132999027021806,0.313961965507656,0.367659786242285,0.340610693705371,8,2,75,-0.136217377587165,0.781586012152972,20,2.28316769992657,1,-12.61527,4705,0.4,0,12,"both",-0.136217377587165,0.781586012152972
"1438","session2",-21.7996358495779,12.6232134807031,3.22727152376119,0.000132999027021806,0.313961965507656,0.367659786242285,0.340610693705371,8,2,75,-0.136217377587165,0.781586012152972,20,5.03684381031706,0,-25.67589,4705,0.4,0,12,"both",-0.136217377587165,0.781586012152972
"1439","session2",-21.7996358495779,12.6232134807031,3.22727152376119,0.000132999027021806,0.313961965507656,0.367659786242285,0.340610693705371,8,2,75,-0.136217377587165,0.781586012152972,20,3.51172076033544,1,-16.60122,4705,0.4,0,12,"both",-0.136217377587165,0.781586012152972
"1440","session2",-21.7996358495779,12.6232134807031,3.22727152376119,0.000132999027021806,0.313961965507656,0.367659786242285,0.340610693705371,8,2,75,-0.136217377587165,0.781586012152972,20,1.26772000478674,1,-7.47,4705,0.4,0,12,"both",-0.136217377587165,0.781586012152972
"1441","session2",-21.7996358495779,12.6232134807031,3.22727152376119,0.000132999027021806,0.313961965507656,0.367659786242285,0.340610693705371,8,2,75,-0.136217377587165,0.781586012152972,20,2.88339963641384,0,-26.85666,4705,0.4,0,12,"both",-0.136217377587165,0.781586012152972
"1442","session2",-21.7996358495779,12.6232134807031,3.22727152376119,0.000132999027021806,0.313961965507656,0.367659786242285,0.340610693705371,8,2,75,-0.136217377587165,0.781586012152972,20,4.99968056780446,0,-25.43491,4705,0.4,0,12,"both",-0.136217377587165,0.781586012152972
"1443","session2",-21.7996358495779,12.6232134807031,3.22727152376119,0.000132999027021806,0.313961965507656,0.367659786242285,0.340610693705371,8,2,75,-0.136217377587165,0.781586012152972,20,3.62850658248026,1,-17.13408,4705,0.4,0,12,"both",-0.136217377587165,0.781586012152972
"1444","session2",-21.7996358495779,12.6232134807031,3.22727152376119,0.000132999027021806,0.313961965507656,0.367659786242285,0.340610693705371,8,2,75,-0.136217377587165,0.781586012152972,20,3.3835352806975,1,-17.09344,4705,0.4,0,12,"both",-0.136217377587165,0.781586012152972
"1445","session2",-21.7996358495779,12.6232134807031,3.22727152376119,0.000132999027021806,0.313961965507656,0.367659786242285,0.340610693705371,8,2,75,-0.136217377587165,0.781586012152972,20,6.0175398818052,0,-24.16267,4705,0.4,0,12,"both",-0.136217377587165,0.781586012152972
"1446","session2",-21.7996358495779,12.6232134807031,3.22727152376119,0.000132999027021806,0.313961965507656,0.367659786242285,0.340610693705371,8,2,75,-0.136217377587165,0.781586012152972,20,2.84711184756852,0,-21.47951,4705,0.4,0,12,"both",-0.136217377587165,0.781586012152972
"1447","session2",-21.7996358495779,12.6232134807031,3.22727152376119,0.000132999027021806,0.313961965507656,0.367659786242285,0.340610693705371,8,2,75,-0.136217377587165,0.781586012152972,20,3.38156578171438,1,-18.22236,4705,0.4,0,12,"both",-0.136217377587165,0.781586012152972
"1448","session2",-21.7996358495779,12.6232134807031,3.22727152376119,0.000132999027021806,0.313961965507656,0.367659786242285,0.340610693705371,8,2,75,-0.136217377587165,0.781586012152972,20,1.94872707086253,1,-19.25225,4705,0.4,0,12,"both",-0.136217377587165,0.781586012152972
"1449","session2",-21.7996358495779,12.6232134807031,3.22727152376119,0.000132999027021806,0.313961965507656,0.367659786242285,0.340610693705371,8,2,75,-0.136217377587165,0.781586012152972,20,3.06166975105465,0,-23.87416,4705,0.4,0,12,"both",-0.136217377587165,0.781586012152972
"1450","session2",-21.7996358495779,12.6232134807031,3.22727152376119,0.000132999027021806,0.313961965507656,0.367659786242285,0.340610693705371,8,2,75,-0.136217377587165,0.781586012152972,20,4.26638721587849,1,-16.94733,4705,0.4,0,12,"both",-0.136217377587165,0.781586012152972
"1451","session2",-21.7996358495779,12.6232134807031,3.22727152376119,0.000132999027021806,0.313961965507656,0.367659786242285,0.340610693705371,8,2,75,-0.136217377587165,0.781586012152972,20,2.14991155325694,0,-23.59735,4705,0.4,0,12,"both",-0.136217377587165,0.781586012152972
"1452","session2",-21.7996358495779,12.6232134807031,3.22727152376119,0.000132999027021806,0.313961965507656,0.367659786242285,0.340610693705371,8,2,75,-0.136217377587165,0.781586012152972,20,1.5107813276898,1,-21.10898,4705,0.4,0,12,"both",-0.136217377587165,0.781586012152972
"1453","session2",-21.7996358495779,12.6232134807031,3.22727152376119,0.000132999027021806,0.313961965507656,0.367659786242285,0.340610693705371,8,2,75,-0.136217377587165,0.781586012152972,20,2.6991608694612,0,-22.01463,4705,0.4,0,12,"both",-0.136217377587165,0.781586012152972
"1454","session2",-21.7996358495779,12.6232134807031,3.22727152376119,0.000132999027021806,0.313961965507656,0.367659786242285,0.340610693705371,8,2,75,-0.136217377587165,0.781586012152972,20,6.74230933551929,1,-18.62778,4705,0.4,0,12,"both",-0.136217377587165,0.781586012152972
"1455","session2",-21.7996358495779,12.6232134807031,3.22727152376119,0.000132999027021806,0.313961965507656,0.367659786242285,0.340610693705371,8,2,75,-0.136217377587165,0.781586012152972,20,3.27398876447936,0,-18.25466,4705,0.4,0,12,"both",-0.136217377587165,0.781586012152972
"1456","session2",-21.7996358495779,12.6232134807031,3.22727152376119,0.000132999027021806,0.313961965507656,0.367659786242285,0.340610693705371,8,2,75,-0.136217377587165,0.781586012152972,20,2.71810191454814,1,-21.27804,4705,0.4,0,12,"both",-0.136217377587165,0.781586012152972
"1457","session2",-21.7996358495779,12.6232134807031,3.22727152376119,0.000132999027021806,0.313961965507656,0.367659786242285,0.340610693705371,8,2,75,-0.136217377587165,0.781586012152972,20,2.70292382736561,0,-16.78155,4705,0.4,0,12,"both",-0.136217377587165,0.781586012152972
"1458","session2",-21.7996358495779,12.6232134807031,3.22727152376119,0.000132999027021806,0.313961965507656,0.367659786242285,0.340610693705371,8,2,75,-0.136217377587165,0.781586012152972,20,4.79911669272639,0,-16.69286,4705,0.4,0,12,"both",-0.136217377587165,0.781586012152972
"1459","session2",-21.7996358495779,12.6232134807031,3.22727152376119,0.000132999027021806,0.313961965507656,0.367659786242285,0.340610693705371,8,2,75,-0.136217377587165,0.781586012152972,20,4.35228517992308,1,-17.36818,4705,0.4,0,12,"both",-0.136217377587165,0.781586012152972
"1460","session2",-21.7996358495779,12.6232134807031,3.22727152376119,0.000132999027021806,0.313961965507656,0.367659786242285,0.340610693705371,8,2,75,-0.136217377587165,0.781586012152972,20,3.98217864489808,1,-28.61699,4705,0.4,0,12,"both",-0.136217377587165,0.781586012152972
"1461","session2",-21.7996358495779,12.6232134807031,3.22727152376119,0.000132999027021806,0.313961965507656,0.367659786242285,0.340610693705371,8,2,75,-0.136217377587165,0.781586012152972,20,3.69842960345832,0,-17.87957,4705,0.4,0,12,"both",-0.136217377587165,0.781586012152972
"1462","session2",-21.7996358495779,12.6232134807031,3.22727152376119,0.000132999027021806,0.313961965507656,0.367659786242285,0.340610693705371,8,2,75,-0.136217377587165,0.781586012152972,20,2.25615593490899,0,-15.58984,4705,0.4,0,12,"both",-0.136217377587165,0.781586012152972
"1463","session2",-21.7996358495779,12.6232134807031,3.22727152376119,0.000132999027021806,0.313961965507656,0.367659786242285,0.340610693705371,8,2,75,-0.136217377587165,0.781586012152972,20,1.91143532571628,1,-0.169799999999999,4705,0.4,0,12,"both",-0.136217377587165,0.781586012152972
"1464","session2",-21.7996358495779,12.6232134807031,3.22727152376119,0.000132999027021806,0.313961965507656,0.367659786242285,0.340610693705371,8,2,75,-0.136217377587165,0.781586012152972,20,2.52274266594469,1,-10.00809,4705,0.4,0,12,"both",-0.136217377587165,0.781586012152972
"1465","session2",-21.7996358495779,12.6232134807031,3.22727152376119,0.000132999027021806,0.313961965507656,0.367659786242285,0.340610693705371,8,2,75,-0.136217377587165,0.781586012152972,20,3.76669415259349,1,-32.3463,4705,0.4,0,12,"both",-0.136217377587165,0.781586012152972
"1466","session2",-21.7996358495779,12.6232134807031,3.22727152376119,0.000132999027021806,0.313961965507656,0.367659786242285,0.340610693705371,8,2,75,-0.136217377587165,0.781586012152972,20,3.72334807843206,0,-26.23679,4705,0.4,0,12,"both",-0.136217377587165,0.781586012152972
"1467","session2",-21.7996358495779,12.6232134807031,3.22727152376119,0.000132999027021806,0.313961965507656,0.367659786242285,0.340610693705371,8,2,75,-0.136217377587165,0.781586012152972,20,3.44278746493019,1,-32.2047,4705,0.4,0,12,"both",-0.136217377587165,0.781586012152972
"1468","session2",-21.7996358495779,12.6232134807031,3.22727152376119,0.000132999027021806,0.313961965507656,0.367659786242285,0.340610693705371,8,2,75,-0.136217377587165,0.781586012152972,20,1.66704205994916,1,-1.5728,4705,0.4,0,12,"both",-0.136217377587165,0.781586012152972
"1469","session2",-21.7996358495779,12.6232134807031,3.22727152376119,0.000132999027021806,0.313961965507656,0.367659786242285,0.340610693705371,8,2,75,-0.136217377587165,0.781586012152972,20,1.95561721699077,1,-0.8306,4705,0.4,0,12,"both",-0.136217377587165,0.781586012152972
"1470","session2",-21.7996358495779,12.6232134807031,3.22727152376119,0.000132999027021806,0.313961965507656,0.367659786242285,0.340610693705371,8,2,75,-0.136217377587165,0.781586012152972,20,2.74133968186512,0,-35.605,4705,0.4,0,12,"both",-0.136217377587165,0.781586012152972
"1471","session2",-21.7996358495779,12.6232134807031,3.22727152376119,0.000132999027021806,0.313961965507656,0.367659786242285,0.340610693705371,8,2,75,-0.136217377587165,0.781586012152972,20,4.48225607919691,0,-33.8424,4705,0.4,0,12,"both",-0.136217377587165,0.781586012152972
"1472","session2",-21.7996358495779,12.6232134807031,3.22727152376119,0.000132999027021806,0.313961965507656,0.367659786242285,0.340610693705371,8,2,75,-0.136217377587165,0.781586012152972,20,1.92226140495096,1,-5.5751,4705,0.4,0,12,"both",-0.136217377587165,0.781586012152972
"1473","session2",-21.7996358495779,12.6232134807031,3.22727152376119,0.000132999027021806,0.313961965507656,0.367659786242285,0.340610693705371,8,2,75,-0.136217377587165,0.781586012152972,20,2.86895314401364,1,6.0908,4705,0.4,0,12,"both",-0.136217377587165,0.781586012152972
"1474","session2",-21.7996358495779,12.6232134807031,3.22727152376119,0.000132999027021806,0.313961965507656,0.367659786242285,0.340610693705371,8,2,75,-0.136217377587165,0.781586012152972,20,1.1764576659548,1,-0.0884,4705,0.4,0,12,"both",-0.136217377587165,0.781586012152972
"1475","session2",-21.7996358495779,12.6232134807031,3.22727152376119,0.000132999027021806,0.313961965507656,0.367659786242285,0.340610693705371,8,2,75,-0.136217377587165,0.781586012152972,20,2.03907643259143,0,-33.90095,4705,0.4,0,12,"both",-0.136217377587165,0.781586012152972
"1476","session2",-21.7996358495779,12.6232134807031,3.22727152376119,0.000132999027021806,0.313961965507656,0.367659786242285,0.340610693705371,8,2,75,-0.136217377587165,0.781586012152972,20,3.2055762354972,1,-15.23668,4705,0.4,0,12,"both",-0.136217377587165,0.781586012152972
"1477","session2",-21.7996358495779,12.6232134807031,3.22727152376119,0.000132999027021806,0.313961965507656,0.367659786242285,0.340610693705371,8,2,75,-0.136217377587165,0.781586012152972,20,1.91328637088303,1,-6.5274,4705,0.4,0,12,"both",-0.136217377587165,0.781586012152972
"1478","session2",-21.7996358495779,12.6232134807031,3.22727152376119,0.000132999027021806,0.313961965507656,0.367659786242285,0.340610693705371,8,2,75,-0.136217377587165,0.781586012152972,20,1.77412558501326,0,-34.887,4705,0.4,0,12,"both",-0.136217377587165,0.781586012152972
"1479","session2",-21.7996358495779,12.6232134807031,3.22727152376119,0.000132999027021806,0.313961965507656,0.367659786242285,0.340610693705371,8,2,75,-0.136217377587165,0.781586012152972,20,6.40916564228374,0,-28.69081,4705,0.4,0,12,"both",-0.136217377587165,0.781586012152972
"1480","session2",-21.7996358495779,12.6232134807031,3.22727152376119,0.000132999027021806,0.313961965507656,0.367659786242285,0.340610693705371,8,2,75,-0.136217377587165,0.781586012152972,20,2.9294700151916,1,-11.31256,4705,0.4,0,12,"both",-0.136217377587165,0.781586012152972
"1481","session2",-21.7996358495779,12.6232134807031,3.22727152376119,0.000132999027021806,0.313961965507656,0.367659786242285,0.340610693705371,8,2,75,-0.136217377587165,0.781586012152972,20,2.48059559300955,0,-39.08,4705,0.4,0,12,"both",-0.136217377587165,0.781586012152972
"1482","session2",-21.7996358495779,12.6232134807031,3.22727152376119,0.000132999027021806,0.313961965507656,0.367659786242285,0.340610693705371,8,2,75,-0.136217377587165,0.781586012152972,20,2.57942943134888,0,-29.4806,4705,0.4,0,12,"both",-0.136217377587165,0.781586012152972
"1483","session2",-21.7996358495779,12.6232134807031,3.22727152376119,0.000132999027021806,0.313961965507656,0.367659786242285,0.340610693705371,8,2,75,-0.136217377587165,0.781586012152972,20,2.1749241227053,0,-30.27044,4705,0.4,0,12,"both",-0.136217377587165,0.781586012152972
"1484","session2",-21.7996358495779,12.6232134807031,3.22727152376119,0.000132999027021806,0.313961965507656,0.367659786242285,0.340610693705371,8,2,75,-0.136217377587165,0.781586012152972,20,3.0104802953907,0,-25.2316,4705,0.4,0,12,"both",-0.136217377587165,0.781586012152972
"1485","session2",-21.7996358495779,12.6232134807031,3.22727152376119,0.000132999027021806,0.313961965507656,0.367659786242285,0.340610693705371,8,2,75,-0.136217377587165,0.781586012152972,20,2.81947701413845,0,-26.13633,4705,0.4,0,12,"both",-0.136217377587165,0.781586012152972
"1486","session2",-21.7996358495779,12.6232134807031,3.22727152376119,0.000132999027021806,0.313961965507656,0.367659786242285,0.340610693705371,8,2,75,-0.136217377587165,0.781586012152972,20,2.5732802826347,0,-26.96113,4705,0.4,0,12,"both",-0.136217377587165,0.781586012152972
"1487","session2",-21.7996358495779,12.6232134807031,3.22727152376119,0.000132999027021806,0.313961965507656,0.367659786242285,0.340610693705371,8,2,75,-0.136217377587165,0.781586012152972,20,3.54322491475713,0,-23.92699,4705,0.4,0,12,"both",-0.136217377587165,0.781586012152972
"1488","session2",-21.7996358495779,12.6232134807031,3.22727152376119,0.000132999027021806,0.313961965507656,0.367659786242285,0.340610693705371,8,2,75,-0.136217377587165,0.781586012152972,20,5.17954588037401,0,-17.4027,4705,0.4,0,12,"both",-0.136217377587165,0.781586012152972
"1489","session2",-21.7996358495779,12.6232134807031,3.22727152376119,0.000132999027021806,0.313961965507656,0.367659786242285,0.340610693705371,8,2,75,-0.136217377587165,0.781586012152972,20,2.68394175824574,1,-28.6721,4705,0.4,0,12,"both",-0.136217377587165,0.781586012152972
"1490","session2",-21.7996358495779,12.6232134807031,3.22727152376119,0.000132999027021806,0.313961965507656,0.367659786242285,0.340610693705371,8,2,75,-0.136217377587165,0.781586012152972,20,3.48221130448758,0,-31.2457,4705,0.4,0,12,"both",-0.136217377587165,0.781586012152972
"1491","session2",-21.7996358495779,12.6232134807031,3.22727152376119,0.000132999027021806,0.313961965507656,0.367659786242285,0.340610693705371,8,2,75,-0.136217377587165,0.781586012152972,20,1.87516788204987,1,-13.66796,4705,0.4,0,12,"both",-0.136217377587165,0.781586012152972
"1492","session2",-21.7996358495779,12.6232134807031,3.22727152376119,0.000132999027021806,0.313961965507656,0.367659786242285,0.340610693705371,8,2,75,-0.136217377587165,0.781586012152972,20,3.42694592050157,0,-18.23253,4705,0.4,0,12,"both",-0.136217377587165,0.781586012152972
"1493","session2",-21.7996358495779,12.6232134807031,3.22727152376119,0.000132999027021806,0.313961965507656,0.367659786242285,0.340610693705371,8,2,75,-0.136217377587165,0.781586012152972,20,4.14732013009669,0,-23.79705,4705,0.4,0,12,"both",-0.136217377587165,0.781586012152972
"1494","session2",-21.7996358495779,12.6232134807031,3.22727152376119,0.000132999027021806,0.313961965507656,0.367659786242285,0.340610693705371,8,2,75,-0.136217377587165,0.781586012152972,20,4.1116069375911,1,-20.79513,4705,0.4,0,12,"both",-0.136217377587165,0.781586012152972
"1495","session2",-21.7996358495779,12.6232134807031,3.22727152376119,0.000132999027021806,0.313961965507656,0.367659786242285,0.340610693705371,8,2,75,-0.136217377587165,0.781586012152972,20,2.31044883410053,0,-7.0778,4705,0.4,0,12,"both",-0.136217377587165,0.781586012152972
"1496","session2",-21.7996358495779,12.6232134807031,3.22727152376119,0.000132999027021806,0.313961965507656,0.367659786242285,0.340610693705371,8,2,75,-0.136217377587165,0.781586012152972,20,2.33068140960761,1,-7.568,4705,0.4,0,12,"both",-0.136217377587165,0.781586012152972
"1497","session2",-21.7996358495779,12.6232134807031,3.22727152376119,0.000132999027021806,0.313961965507656,0.367659786242285,0.340610693705371,8,2,75,-0.136217377587165,0.781586012152972,20,2.80588622461438,1,-12.67342,4705,0.4,0,12,"both",-0.136217377587165,0.781586012152972
"1498","session2",-21.7996358495779,12.6232134807031,3.22727152376119,0.000132999027021806,0.313961965507656,0.367659786242285,0.340610693705371,8,2,75,-0.136217377587165,0.781586012152972,20,2.63774655754367,0,-22.81538,4705,0.4,0,12,"both",-0.136217377587165,0.781586012152972
"1499","session2",-21.7996358495779,12.6232134807031,3.22727152376119,0.000132999027021806,0.313961965507656,0.367659786242285,0.340610693705371,8,2,75,-0.136217377587165,0.781586012152972,20,4.11677203976573,0,-21.56441,4705,0.4,0,12,"both",-0.136217377587165,0.781586012152972
"1500","session2",-21.7996358495779,12.6232134807031,3.22727152376119,0.000132999027021806,0.313961965507656,0.367659786242285,0.340610693705371,8,2,75,-0.136217377587165,0.781586012152972,20,2.96975962614328,1,-13.29904,4705,0.4,0,12,"both",-0.136217377587165,0.781586012152972
"1501","session2",39.1050450227344,12.2651882940385,1.0853602240703,0.000432853496293418,0.3262682482719,0.416434242852281,0.581396746208277,9,2,75,-0.136217377587165,0.781586012152972,21,1.25190490599502,0,8.0695733943,4705,0.4,0,12,"both",-0.136217377587165,0.781586012152972
"1502","session2",39.1050450227344,12.2651882940385,1.0853602240703,0.000432853496293418,0.3262682482719,0.416434242852281,0.581396746208277,9,2,75,-0.136217377587165,0.781586012152972,21,1.05334342140941,0,5.353745744,4705,0.4,0,12,"both",-0.136217377587165,0.781586012152972
"1503","session2",39.1050450227344,12.2651882940385,1.0853602240703,0.000432853496293418,0.3262682482719,0.416434242852281,0.581396746208277,9,2,75,-0.136217377587165,0.781586012152972,21,2.2529187034319,0,16.4150909272,4705,0.4,0,12,"both",-0.136217377587165,0.781586012152972
"1504","session2",39.1050450227344,12.2651882940385,1.0853602240703,0.000432853496293418,0.3262682482719,0.416434242852281,0.581396746208277,9,2,75,-0.136217377587165,0.781586012152972,21,2.46567264918194,0,25.925492945,4705,0.4,0,12,"both",-0.136217377587165,0.781586012152972
"1505","session2",39.1050450227344,12.2651882940385,1.0853602240703,0.000432853496293418,0.3262682482719,0.416434242852281,0.581396746208277,9,2,75,-0.136217377587165,0.781586012152972,21,2.51135432725963,0,31.5053,4705,0.4,0,12,"both",-0.136217377587165,0.781586012152972
"1506","session2",39.1050450227344,12.2651882940385,1.0853602240703,0.000432853496293418,0.3262682482719,0.416434242852281,0.581396746208277,9,2,75,-0.136217377587165,0.781586012152972,21,1.80938721762337,1,36.413786,4705,0.4,0,12,"both",-0.136217377587165,0.781586012152972
"1507","session2",39.1050450227344,12.2651882940385,1.0853602240703,0.000432853496293418,0.3262682482719,0.416434242852281,0.581396746208277,9,2,75,-0.136217377587165,0.781586012152972,21,1.91688501611992,1,37.23524,4705,0.4,0,12,"both",-0.136217377587165,0.781586012152972
"1508","session2",39.1050450227344,12.2651882940385,1.0853602240703,0.000432853496293418,0.3262682482719,0.416434242852281,0.581396746208277,9,2,75,-0.136217377587165,0.781586012152972,21,2.75395088203617,0,37.31653,4705,0.4,0,12,"both",-0.136217377587165,0.781586012152972
"1509","session2",39.1050450227344,12.2651882940385,1.0853602240703,0.000432853496293418,0.3262682482719,0.416434242852281,0.581396746208277,9,2,75,-0.136217377587165,0.781586012152972,21,3.20389275568384,1,45.6386,4705,0.4,0,12,"both",-0.136217377587165,0.781586012152972
"1510","session2",39.1050450227344,12.2651882940385,1.0853602240703,0.000432853496293418,0.3262682482719,0.416434242852281,0.581396746208277,9,2,75,-0.136217377587165,0.781586012152972,21,2.23700006023722,1,37.99358,4705,0.4,0,12,"both",-0.136217377587165,0.781586012152972
"1511","session2",39.1050450227344,12.2651882940385,1.0853602240703,0.000432853496293418,0.3262682482719,0.416434242852281,0.581396746208277,9,2,75,-0.136217377587165,0.781586012152972,21,4.39961709128606,0,27.52671,4705,0.4,0,12,"both",-0.136217377587165,0.781586012152972
"1512","session2",39.1050450227344,12.2651882940385,1.0853602240703,0.000432853496293418,0.3262682482719,0.416434242852281,0.581396746208277,9,2,75,-0.136217377587165,0.781586012152972,21,2.83630078903763,0,45.9439,4705,0.4,0,12,"both",-0.136217377587165,0.781586012152972
"1513","session2",39.1050450227344,12.2651882940385,1.0853602240703,0.000432853496293418,0.3262682482719,0.416434242852281,0.581396746208277,9,2,75,-0.136217377587165,0.781586012152972,21,1.58711534403665,0,-3.5302,4705,0.4,0,12,"both",-0.136217377587165,0.781586012152972
"1514","session2",39.1050450227344,12.2651882940385,1.0853602240703,0.000432853496293418,0.3262682482719,0.416434242852281,0.581396746208277,9,2,75,-0.136217377587165,0.781586012152972,21,1.90538254404515,0,26.23937,4705,0.4,0,12,"both",-0.136217377587165,0.781586012152972
"1515","session2",39.1050450227344,12.2651882940385,1.0853602240703,0.000432853496293418,0.3262682482719,0.416434242852281,0.581396746208277,9,2,75,-0.136217377587165,0.781586012152972,21,3.62577633488041,0,35.78084,4705,0.4,0,12,"both",-0.136217377587165,0.781586012152972
"1516","session2",39.1050450227344,12.2651882940385,1.0853602240703,0.000432853496293418,0.3262682482719,0.416434242852281,0.581396746208277,9,2,75,-0.136217377587165,0.781586012152972,21,2.39731601367923,0,36.9745,4705,0.4,0,12,"both",-0.136217377587165,0.781586012152972
"1517","session2",39.1050450227344,12.2651882940385,1.0853602240703,0.000432853496293418,0.3262682482719,0.416434242852281,0.581396746208277,9,2,75,-0.136217377587165,0.781586012152972,21,2.23993716078504,1,38.886915,4705,0.4,0,12,"both",-0.136217377587165,0.781586012152972
"1518","session2",39.1050450227344,12.2651882940385,1.0853602240703,0.000432853496293418,0.3262682482719,0.416434242852281,0.581396746208277,9,2,75,-0.136217377587165,0.781586012152972,21,2.09465309961368,0,39.19144,4705,0.4,0,12,"both",-0.136217377587165,0.781586012152972
"1519","session2",39.1050450227344,12.2651882940385,1.0853602240703,0.000432853496293418,0.3262682482719,0.416434242852281,0.581396746208277,9,2,75,-0.136217377587165,0.781586012152972,21,2.07769039075105,0,27.78752,4705,0.4,0,12,"both",-0.136217377587165,0.781586012152972
"1520","session2",39.1050450227344,12.2651882940385,1.0853602240703,0.000432853496293418,0.3262682482719,0.416434242852281,0.581396746208277,9,2,75,-0.136217377587165,0.781586012152972,21,2.07261261638856,1,35.48445,4705,0.4,0,12,"both",-0.136217377587165,0.781586012152972
"1521","session2",39.1050450227344,12.2651882940385,1.0853602240703,0.000432853496293418,0.3262682482719,0.416434242852281,0.581396746208277,9,2,75,-0.136217377587165,0.781586012152972,21,2.45140797142985,0,-5.9623,4705,0.4,0,12,"both",-0.136217377587165,0.781586012152972
"1522","session2",39.1050450227344,12.2651882940385,1.0853602240703,0.000432853496293418,0.3262682482719,0.416434242852281,0.581396746208277,9,2,75,-0.136217377587165,0.781586012152972,21,2.72205209906457,0,18.639,4705,0.4,0,12,"both",-0.136217377587165,0.781586012152972
"1523","session2",39.1050450227344,12.2651882940385,1.0853602240703,0.000432853496293418,0.3262682482719,0.416434242852281,0.581396746208277,9,2,75,-0.136217377587165,0.781586012152972,21,1.90018459503048,1,43.09974,4705,0.4,0,12,"both",-0.136217377587165,0.781586012152972
"1524","session2",39.1050450227344,12.2651882940385,1.0853602240703,0.000432853496293418,0.3262682482719,0.416434242852281,0.581396746208277,9,2,75,-0.136217377587165,0.781586012152972,21,2.21957431053315,1,45.43264,4705,0.4,0,12,"both",-0.136217377587165,0.781586012152972
"1525","session2",39.1050450227344,12.2651882940385,1.0853602240703,0.000432853496293418,0.3262682482719,0.416434242852281,0.581396746208277,9,2,75,-0.136217377587165,0.781586012152972,21,3.24534662844094,1,45.82287,4705,0.4,0,12,"both",-0.136217377587165,0.781586012152972
"1526","session2",39.1050450227344,12.2651882940385,1.0853602240703,0.000432853496293418,0.3262682482719,0.416434242852281,0.581396746208277,9,2,75,-0.136217377587165,0.781586012152972,21,2.9308229511073,1,36.8228914,4705,0.4,0,12,"both",-0.136217377587165,0.781586012152972
"1527","session2",39.1050450227344,12.2651882940385,1.0853602240703,0.000432853496293418,0.3262682482719,0.416434242852281,0.581396746208277,9,2,75,-0.136217377587165,0.781586012152972,21,4.42018943029426,1,35.71565,4705,0.4,0,12,"both",-0.136217377587165,0.781586012152972
"1528","session2",39.1050450227344,12.2651882940385,1.0853602240703,0.000432853496293418,0.3262682482719,0.416434242852281,0.581396746208277,9,2,75,-0.136217377587165,0.781586012152972,21,2.73544210714068,0,32.37945,4705,0.4,0,12,"both",-0.136217377587165,0.781586012152972
"1529","session2",39.1050450227344,12.2651882940385,1.0853602240703,0.000432853496293418,0.3262682482719,0.416434242852281,0.581396746208277,9,2,75,-0.136217377587165,0.781586012152972,21,1.66013801307339,1,26.97554,4705,0.4,0,12,"both",-0.136217377587165,0.781586012152972
"1530","session2",39.1050450227344,12.2651882940385,1.0853602240703,0.000432853496293418,0.3262682482719,0.416434242852281,0.581396746208277,9,2,75,-0.136217377587165,0.781586012152972,21,1.38723363359965,0,9.5957,4705,0.4,0,12,"both",-0.136217377587165,0.781586012152972
"1531","session2",39.1050450227344,12.2651882940385,1.0853602240703,0.000432853496293418,0.3262682482719,0.416434242852281,0.581396746208277,9,2,75,-0.136217377587165,0.781586012152972,21,1.48193300309215,0,32.82505,4705,0.4,0,12,"both",-0.136217377587165,0.781586012152972
"1532","session2",39.1050450227344,12.2651882940385,1.0853602240703,0.000432853496293418,0.3262682482719,0.416434242852281,0.581396746208277,9,2,75,-0.136217377587165,0.781586012152972,21,4.92719465788412,0,35.1431982,4705,0.4,0,12,"both",-0.136217377587165,0.781586012152972
"1533","session2",39.1050450227344,12.2651882940385,1.0853602240703,0.000432853496293418,0.3262682482719,0.416434242852281,0.581396746208277,9,2,75,-0.136217377587165,0.781586012152972,21,2.44941902362027,1,32.64003,4705,0.4,0,12,"both",-0.136217377587165,0.781586012152972
"1534","session2",39.1050450227344,12.2651882940385,1.0853602240703,0.000432853496293418,0.3262682482719,0.416434242852281,0.581396746208277,9,2,75,-0.136217377587165,0.781586012152972,21,1.84134511453521,0,-1.0265,4705,0.4,0,12,"both",-0.136217377587165,0.781586012152972
"1535","session2",39.1050450227344,12.2651882940385,1.0853602240703,0.000432853496293418,0.3262682482719,0.416434242852281,0.581396746208277,9,2,75,-0.136217377587165,0.781586012152972,21,2.45913522479862,1,28.11425,4705,0.4,0,12,"both",-0.136217377587165,0.781586012152972
"1536","session2",39.1050450227344,12.2651882940385,1.0853602240703,0.000432853496293418,0.3262682482719,0.416434242852281,0.581396746208277,9,2,75,-0.136217377587165,0.781586012152972,21,1.28079267840796,0,7.2966,4705,0.4,0,12,"both",-0.136217377587165,0.781586012152972
"1537","session2",39.1050450227344,12.2651882940385,1.0853602240703,0.000432853496293418,0.3262682482719,0.416434242852281,0.581396746208277,9,2,75,-0.136217377587165,0.781586012152972,21,1.90832967839988,1,47.2123,4705,0.4,0,12,"both",-0.136217377587165,0.781586012152972
"1538","session2",39.1050450227344,12.2651882940385,1.0853602240703,0.000432853496293418,0.3262682482719,0.416434242852281,0.581396746208277,9,2,75,-0.136217377587165,0.781586012152972,21,4.86113633197729,1,47.9671,4705,0.4,0,12,"both",-0.136217377587165,0.781586012152972
"1539","session2",39.1050450227344,12.2651882940385,1.0853602240703,0.000432853496293418,0.3262682482719,0.416434242852281,0.581396746208277,9,2,75,-0.136217377587165,0.781586012152972,21,2.54667671740731,1,25.3876,4705,0.4,0,12,"both",-0.136217377587165,0.781586012152972
"1540","session2",39.1050450227344,12.2651882940385,1.0853602240703,0.000432853496293418,0.3262682482719,0.416434242852281,0.581396746208277,9,2,75,-0.136217377587165,0.781586012152972,21,2.99786105978555,0,14.1743,4705,0.4,0,12,"both",-0.136217377587165,0.781586012152972
"1541","session2",39.1050450227344,12.2651882940385,1.0853602240703,0.000432853496293418,0.3262682482719,0.416434242852281,0.581396746208277,9,2,75,-0.136217377587165,0.781586012152972,21,1.64652189642456,0,44.93666,4705,0.4,0,12,"both",-0.136217377587165,0.781586012152972
"1542","session2",39.1050450227344,12.2651882940385,1.0853602240703,0.000432853496293418,0.3262682482719,0.416434242852281,0.581396746208277,9,2,75,-0.136217377587165,0.781586012152972,21,2.9544722751455,0,23.1701,4705,0.4,0,12,"both",-0.136217377587165,0.781586012152972
"1543","session2",39.1050450227344,12.2651882940385,1.0853602240703,0.000432853496293418,0.3262682482719,0.416434242852281,0.581396746208277,9,2,75,-0.136217377587165,0.781586012152972,21,2.29869929644742,1,30.2421,4705,0.4,0,12,"both",-0.136217377587165,0.781586012152972
"1544","session2",39.1050450227344,12.2651882940385,1.0853602240703,0.000432853496293418,0.3262682482719,0.416434242852281,0.581396746208277,9,2,75,-0.136217377587165,0.781586012152972,21,1.94407160008348,0,20.0649,4705,0.4,0,12,"both",-0.136217377587165,0.781586012152972
"1545","session2",39.1050450227344,12.2651882940385,1.0853602240703,0.000432853496293418,0.3262682482719,0.416434242852281,0.581396746208277,9,2,75,-0.136217377587165,0.781586012152972,21,2.80328192320118,0,20.637,4705,0.4,0,12,"both",-0.136217377587165,0.781586012152972
"1546","session2",39.1050450227344,12.2651882940385,1.0853602240703,0.000432853496293418,0.3262682482719,0.416434242852281,0.581396746208277,9,2,75,-0.136217377587165,0.781586012152972,21,2.44863480380685,1,45.90321,4705,0.4,0,12,"both",-0.136217377587165,0.781586012152972
"1547","session2",39.1050450227344,12.2651882940385,1.0853602240703,0.000432853496293418,0.3262682482719,0.416434242852281,0.581396746208277,9,2,75,-0.136217377587165,0.781586012152972,21,1.98711388248181,0,46.07805,4705,0.4,0,12,"both",-0.136217377587165,0.781586012152972
"1548","session2",39.1050450227344,12.2651882940385,1.0853602240703,0.000432853496293418,0.3262682482719,0.416434242852281,0.581396746208277,9,2,75,-0.136217377587165,0.781586012152972,21,2.31082284767094,0,17.0106,4705,0.4,0,12,"both",-0.136217377587165,0.781586012152972
"1549","session2",39.1050450227344,12.2651882940385,1.0853602240703,0.000432853496293418,0.3262682482719,0.416434242852281,0.581396746208277,9,2,75,-0.136217377587165,0.781586012152972,21,3.7056497601397,0,29.92976,4705,0.4,0,12,"both",-0.136217377587165,0.781586012152972
"1550","session2",39.1050450227344,12.2651882940385,1.0853602240703,0.000432853496293418,0.3262682482719,0.416434242852281,0.581396746208277,9,2,75,-0.136217377587165,0.781586012152972,21,3.42396548593742,1,44.14269,4705,0.4,0,12,"both",-0.136217377587165,0.781586012152972
"1551","session2",39.1050450227344,12.2651882940385,1.0853602240703,0.000432853496293418,0.3262682482719,0.416434242852281,0.581396746208277,9,2,75,-0.136217377587165,0.781586012152972,21,1.5482167429547,1,19.7724,4705,0.4,0,12,"both",-0.136217377587165,0.781586012152972
"1552","session2",39.1050450227344,12.2651882940385,1.0853602240703,0.000432853496293418,0.3262682482719,0.416434242852281,0.581396746208277,9,2,75,-0.136217377587165,0.781586012152972,21,4.65305720130699,1,43.8554,4705,0.4,0,12,"both",-0.136217377587165,0.781586012152972
"1553","session2",39.1050450227344,12.2651882940385,1.0853602240703,0.000432853496293418,0.3262682482719,0.416434242852281,0.581396746208277,9,2,75,-0.136217377587165,0.781586012152972,21,2.51364002230593,1,45.1507,4705,0.4,0,12,"both",-0.136217377587165,0.781586012152972
"1554","session2",39.1050450227344,12.2651882940385,1.0853602240703,0.000432853496293418,0.3262682482719,0.416434242852281,0.581396746208277,9,2,75,-0.136217377587165,0.781586012152972,21,1.37476783117236,0,33.6281658,4705,0.4,0,12,"both",-0.136217377587165,0.781586012152972
"1555","session2",39.1050450227344,12.2651882940385,1.0853602240703,0.000432853496293418,0.3262682482719,0.416434242852281,0.581396746208277,9,2,75,-0.136217377587165,0.781586012152972,21,1.82892012071617,0,20.6738,4705,0.4,0,12,"both",-0.136217377587165,0.781586012152972
"1556","session2",39.1050450227344,12.2651882940385,1.0853602240703,0.000432853496293418,0.3262682482719,0.416434242852281,0.581396746208277,9,2,75,-0.136217377587165,0.781586012152972,21,2.60064338562695,0,40.8805,4705,0.4,0,12,"both",-0.136217377587165,0.781586012152972
"1557","session2",39.1050450227344,12.2651882940385,1.0853602240703,0.000432853496293418,0.3262682482719,0.416434242852281,0.581396746208277,9,2,75,-0.136217377587165,0.781586012152972,21,2.50091798175314,0,34.7325113,4705,0.4,0,12,"both",-0.136217377587165,0.781586012152972
"1558","session2",39.1050450227344,12.2651882940385,1.0853602240703,0.000432853496293418,0.3262682482719,0.416434242852281,0.581396746208277,9,2,75,-0.136217377587165,0.781586012152972,21,2.09554711259389,0,26.97052,4705,0.4,0,12,"both",-0.136217377587165,0.781586012152972
"1559","session2",39.1050450227344,12.2651882940385,1.0853602240703,0.000432853496293418,0.3262682482719,0.416434242852281,0.581396746208277,9,2,75,-0.136217377587165,0.781586012152972,21,2.89319654593429,0,17.933,4705,0.4,0,12,"both",-0.136217377587165,0.781586012152972
"1560","session2",39.1050450227344,12.2651882940385,1.0853602240703,0.000432853496293418,0.3262682482719,0.416434242852281,0.581396746208277,9,2,75,-0.136217377587165,0.781586012152972,21,1.5192640668572,0,27.46699,4705,0.4,0,12,"both",-0.136217377587165,0.781586012152972
"1561","session2",39.1050450227344,12.2651882940385,1.0853602240703,0.000432853496293418,0.3262682482719,0.416434242852281,0.581396746208277,9,2,75,-0.136217377587165,0.781586012152972,21,1.63433747253075,0,36.1426986,4705,0.4,0,12,"both",-0.136217377587165,0.781586012152972
"1562","session2",39.1050450227344,12.2651882940385,1.0853602240703,0.000432853496293418,0.3262682482719,0.416434242852281,0.581396746208277,9,2,75,-0.136217377587165,0.781586012152972,21,2.64277592556063,1,44.95893,4705,0.4,0,12,"both",-0.136217377587165,0.781586012152972
"1563","session2",39.1050450227344,12.2651882940385,1.0853602240703,0.000432853496293418,0.3262682482719,0.416434242852281,0.581396746208277,9,2,75,-0.136217377587165,0.781586012152972,21,1.49826506681744,0,36.2194,4705,0.4,0,12,"both",-0.136217377587165,0.781586012152972
"1564","session2",39.1050450227344,12.2651882940385,1.0853602240703,0.000432853496293418,0.3262682482719,0.416434242852281,0.581396746208277,9,2,75,-0.136217377587165,0.781586012152972,21,2.33994624576648,0,19.1236,4705,0.4,0,12,"both",-0.136217377587165,0.781586012152972
"1565","session2",39.1050450227344,12.2651882940385,1.0853602240703,0.000432853496293418,0.3262682482719,0.416434242852281,0.581396746208277,9,2,75,-0.136217377587165,0.781586012152972,21,3.45037132484377,1,42.3095,4705,0.4,0,12,"both",-0.136217377587165,0.781586012152972
"1566","session2",39.1050450227344,12.2651882940385,1.0853602240703,0.000432853496293418,0.3262682482719,0.416434242852281,0.581396746208277,9,2,75,-0.136217377587165,0.781586012152972,21,1.85773158659328,0,21.9649,4705,0.4,0,12,"both",-0.136217377587165,0.781586012152972
"1567","session2",39.1050450227344,12.2651882940385,1.0853602240703,0.000432853496293418,0.3262682482719,0.416434242852281,0.581396746208277,9,2,75,-0.136217377587165,0.781586012152972,21,4.10951920185223,0,36.2538579,4705,0.4,0,12,"both",-0.136217377587165,0.781586012152972
"1568","session2",39.1050450227344,12.2651882940385,1.0853602240703,0.000432853496293418,0.3262682482719,0.416434242852281,0.581396746208277,9,2,75,-0.136217377587165,0.781586012152972,21,2.49990560189332,0,36.8569181,4705,0.4,0,12,"both",-0.136217377587165,0.781586012152972
"1569","session2",39.1050450227344,12.2651882940385,1.0853602240703,0.000432853496293418,0.3262682482719,0.416434242852281,0.581396746208277,9,2,75,-0.136217377587165,0.781586012152972,21,1.52829374731662,0,25.747,4705,0.4,0,12,"both",-0.136217377587165,0.781586012152972
"1570","session2",39.1050450227344,12.2651882940385,1.0853602240703,0.000432853496293418,0.3262682482719,0.416434242852281,0.581396746208277,9,2,75,-0.136217377587165,0.781586012152972,21,2.18841668868305,0,24.3384,4705,0.4,0,12,"both",-0.136217377587165,0.781586012152972
"1571","session2",39.1050450227344,12.2651882940385,1.0853602240703,0.000432853496293418,0.3262682482719,0.416434242852281,0.581396746208277,9,2,75,-0.136217377587165,0.781586012152972,21,2.94991342547055,1,37.387459,4705,0.4,0,12,"both",-0.136217377587165,0.781586012152972
"1572","session2",39.1050450227344,12.2651882940385,1.0853602240703,0.000432853496293418,0.3262682482719,0.416434242852281,0.581396746208277,9,2,75,-0.136217377587165,0.781586012152972,21,2.83815937234207,1,36.9973055,4705,0.4,0,12,"both",-0.136217377587165,0.781586012152972
"1573","session2",39.1050450227344,12.2651882940385,1.0853602240703,0.000432853496293418,0.3262682482719,0.416434242852281,0.581396746208277,9,2,75,-0.136217377587165,0.781586012152972,21,1.90419578336733,0,25.5624,4705,0.4,0,12,"both",-0.136217377587165,0.781586012152972
"1574","session2",39.1050450227344,12.2651882940385,1.0853602240703,0.000432853496293418,0.3262682482719,0.416434242852281,0.581396746208277,9,2,75,-0.136217377587165,0.781586012152972,21,3.96626948496666,0,25.3352,4705,0.4,0,12,"both",-0.136217377587165,0.781586012152972
"1575","session2",39.1050450227344,12.2651882940385,1.0853602240703,0.000432853496293418,0.3262682482719,0.416434242852281,0.581396746208277,9,2,75,-0.136217377587165,0.781586012152972,21,1.84679478651722,0,29.07927,4705,0.4,0,12,"both",-0.136217377587165,0.781586012152972
"1576","session2",8.52690475702395,15.5086374633735,3.87308404077182,0.000361744450746749,-0.459260644823473,0.560164009013271,0.826201400359067,10,2,75,-0.136217377587165,0.781586012152972,22,2.23867201585193,1,9.0912968056,4705,0.4,0,12,"both",-0.136217377587165,0.781586012152972
"1577","session2",8.52690475702395,15.5086374633735,3.87308404077182,0.000361744450746749,-0.459260644823473,0.560164009013271,0.826201400359067,10,2,75,-0.136217377587165,0.781586012152972,22,2.12692174001024,0,-4.92523373693,4705,0.4,0,12,"both",-0.136217377587165,0.781586012152972
"1578","session2",8.52690475702395,15.5086374633735,3.87308404077182,0.000361744450746749,-0.459260644823473,0.560164009013271,0.826201400359067,10,2,75,-0.136217377587165,0.781586012152972,22,3.72593107654346,0,4.860401403026,4705,0.4,0,12,"both",-0.136217377587165,0.781586012152972
"1579","session2",8.52690475702395,15.5086374633735,3.87308404077182,0.000361744450746749,-0.459260644823473,0.560164009013271,0.826201400359067,10,2,75,-0.136217377587165,0.781586012152972,22,2.13281134701789,1,5.9309656301,4705,0.4,0,12,"both",-0.136217377587165,0.781586012152972
"1580","session2",8.52690475702395,15.5086374633735,3.87308404077182,0.000361744450746749,-0.459260644823473,0.560164009013271,0.826201400359067,10,2,75,-0.136217377587165,0.781586012152972,22,1.85785663843235,0,-23.40938,4705,0.4,0,12,"both",-0.136217377587165,0.781586012152972
"1581","session2",8.52690475702395,15.5086374633735,3.87308404077182,0.000361744450746749,-0.459260644823473,0.560164009013271,0.826201400359067,10,2,75,-0.136217377587165,0.781586012152972,22,1.44124985418284,1,17.74799,4705,0.4,0,12,"both",-0.136217377587165,0.781586012152972
"1582","session2",8.52690475702395,15.5086374633735,3.87308404077182,0.000361744450746749,-0.459260644823473,0.560164009013271,0.826201400359067,10,2,75,-0.136217377587165,0.781586012152972,22,2.55458826359009,0,6.078865,4705,0.4,0,12,"both",-0.136217377587165,0.781586012152972
"1583","session2",8.52690475702395,15.5086374633735,3.87308404077182,0.000361744450746749,-0.459260644823473,0.560164009013271,0.826201400359067,10,2,75,-0.136217377587165,0.781586012152972,22,3.78797266108336,0,3.14746,4705,0.4,0,12,"both",-0.136217377587165,0.781586012152972
"1584","session2",8.52690475702395,15.5086374633735,3.87308404077182,0.000361744450746749,-0.459260644823473,0.560164009013271,0.826201400359067,10,2,75,-0.136217377587165,0.781586012152972,22,3.58833138255514,1,12.8519,4705,0.4,0,12,"both",-0.136217377587165,0.781586012152972
"1585","session2",8.52690475702395,15.5086374633735,3.87308404077182,0.000361744450746749,-0.459260644823473,0.560164009013271,0.826201400359067,10,2,75,-0.136217377587165,0.781586012152972,22,2.87570014884676,1,-3.85149,4705,0.4,0,12,"both",-0.136217377587165,0.781586012152972
"1586","session2",8.52690475702395,15.5086374633735,3.87308404077182,0.000361744450746749,-0.459260644823473,0.560164009013271,0.826201400359067,10,2,75,-0.136217377587165,0.781586012152972,22,1.47340018028698,0,-20.845437,4705,0.4,0,12,"both",-0.136217377587165,0.781586012152972
"1587","session2",8.52690475702395,15.5086374633735,3.87308404077182,0.000361744450746749,-0.459260644823473,0.560164009013271,0.826201400359067,10,2,75,-0.136217377587165,0.781586012152972,22,1.0077959101269,1,-2.6349,4705,0.4,0,12,"both",-0.136217377587165,0.781586012152972
"1588","session2",8.52690475702395,15.5086374633735,3.87308404077182,0.000361744450746749,-0.459260644823473,0.560164009013271,0.826201400359067,10,2,75,-0.136217377587165,0.781586012152972,22,1.91339355703742,0,0.812783293,4705,0.4,0,12,"both",-0.136217377587165,0.781586012152972
"1589","session2",8.52690475702395,15.5086374633735,3.87308404077182,0.000361744450746749,-0.459260644823473,0.560164009013271,0.826201400359067,10,2,75,-0.136217377587165,0.781586012152972,22,1.35971741213793,0,-4.684,4705,0.4,0,12,"both",-0.136217377587165,0.781586012152972
"1590","session2",8.52690475702395,15.5086374633735,3.87308404077182,0.000361744450746749,-0.459260644823473,0.560164009013271,0.826201400359067,10,2,75,-0.136217377587165,0.781586012152972,22,2.21381418445575,0,-9.08491,4705,0.4,0,12,"both",-0.136217377587165,0.781586012152972
"1591","session2",8.52690475702395,15.5086374633735,3.87308404077182,0.000361744450746749,-0.459260644823473,0.560164009013271,0.826201400359067,10,2,75,-0.136217377587165,0.781586012152972,22,1.67583207395538,0,-11.6147,4705,0.4,0,12,"both",-0.136217377587165,0.781586012152972
"1592","session2",8.52690475702395,15.5086374633735,3.87308404077182,0.000361744450746749,-0.459260644823473,0.560164009013271,0.826201400359067,10,2,75,-0.136217377587165,0.781586012152972,22,1.39117758949285,1,7.2751,4705,0.4,0,12,"both",-0.136217377587165,0.781586012152972
"1593","session2",8.52690475702395,15.5086374633735,3.87308404077182,0.000361744450746749,-0.459260644823473,0.560164009013271,0.826201400359067,10,2,75,-0.136217377587165,0.781586012152972,22,1.99222376023419,0,13.48952,4705,0.4,0,12,"both",-0.136217377587165,0.781586012152972
"1594","session2",8.52690475702395,15.5086374633735,3.87308404077182,0.000361744450746749,-0.459260644823473,0.560164009013271,0.826201400359067,10,2,75,-0.136217377587165,0.781586012152972,22,2.06102139105222,1,6.02272254646,4705,0.4,0,12,"both",-0.136217377587165,0.781586012152972
"1595","session2",8.52690475702395,15.5086374633735,3.87308404077182,0.000361744450746749,-0.459260644823473,0.560164009013271,0.826201400359067,10,2,75,-0.136217377587165,0.781586012152972,22,1.01703525534083,1,49.8192,4705,0.4,0,12,"both",-0.136217377587165,0.781586012152972
"1596","session2",8.52690475702395,15.5086374633735,3.87308404077182,0.000361744450746749,-0.459260644823473,0.560164009013271,0.826201400359067,10,2,75,-0.136217377587165,0.781586012152972,22,1.58795334722815,0,6.59219,4705,0.4,0,12,"both",-0.136217377587165,0.781586012152972
"1597","session2",8.52690475702395,15.5086374633735,3.87308404077182,0.000361744450746749,-0.459260644823473,0.560164009013271,0.826201400359067,10,2,75,-0.136217377587165,0.781586012152972,22,2.02591275909296,1,13.79895,4705,0.4,0,12,"both",-0.136217377587165,0.781586012152972
"1598","session2",8.52690475702395,15.5086374633735,3.87308404077182,0.000361744450746749,-0.459260644823473,0.560164009013271,0.826201400359067,10,2,75,-0.136217377587165,0.781586012152972,22,2.28644038742786,1,18.77976,4705,0.4,0,12,"both",-0.136217377587165,0.781586012152972
"1599","session2",8.52690475702395,15.5086374633735,3.87308404077182,0.000361744450746749,-0.459260644823473,0.560164009013271,0.826201400359067,10,2,75,-0.136217377587165,0.781586012152972,22,3.06512043733883,0,-17.0845,4705,0.4,0,12,"both",-0.136217377587165,0.781586012152972
"1600","session2",8.52690475702395,15.5086374633735,3.87308404077182,0.000361744450746749,-0.459260644823473,0.560164009013271,0.826201400359067,10,2,75,-0.136217377587165,0.781586012152972,22,1.12110366412543,1,36.43096,4705,0.4,0,12,"both",-0.136217377587165,0.781586012152972
"1601","session2",8.52690475702395,15.5086374633735,3.87308404077182,0.000361744450746749,-0.459260644823473,0.560164009013271,0.826201400359067,10,2,75,-0.136217377587165,0.781586012152972,22,6.10414490648581,0,6.48626,4705,0.4,0,12,"both",-0.136217377587165,0.781586012152972
"1602","session2",8.52690475702395,15.5086374633735,3.87308404077182,0.000361744450746749,-0.459260644823473,0.560164009013271,0.826201400359067,10,2,75,-0.136217377587165,0.781586012152972,22,1.5179699116798,0,-8.33682,4705,0.4,0,12,"both",-0.136217377587165,0.781586012152972
"1603","session2",8.52690475702395,15.5086374633735,3.87308404077182,0.000361744450746749,-0.459260644823473,0.560164009013271,0.826201400359067,10,2,75,-0.136217377587165,0.781586012152972,22,1.95335539913481,1,21.25797,4705,0.4,0,12,"both",-0.136217377587165,0.781586012152972
"1604","session2",8.52690475702395,15.5086374633735,3.87308404077182,0.000361744450746749,-0.459260644823473,0.560164009013271,0.826201400359067,10,2,75,-0.136217377587165,0.781586012152972,22,7.02415881474439,0,11.30028,4705,0.4,0,12,"both",-0.136217377587165,0.781586012152972
"1605","session2",8.52690475702395,15.5086374633735,3.87308404077182,0.000361744450746749,-0.459260644823473,0.560164009013271,0.826201400359067,10,2,75,-0.136217377587165,0.781586012152972,22,2.2473594483045,1,25.63277,4705,0.4,0,12,"both",-0.136217377587165,0.781586012152972
"1606","session2",8.52690475702395,15.5086374633735,3.87308404077182,0.000361744450746749,-0.459260644823473,0.560164009013271,0.826201400359067,10,2,75,-0.136217377587165,0.781586012152972,22,4.81164913415163,0,-0.74431,4705,0.4,0,12,"both",-0.136217377587165,0.781586012152972
"1607","session2",8.52690475702395,15.5086374633735,3.87308404077182,0.000361744450746749,-0.459260644823473,0.560164009013271,0.826201400359067,10,2,75,-0.136217377587165,0.781586012152972,22,2.30176627433452,1,-3.28819,4705,0.4,0,12,"both",-0.136217377587165,0.781586012152972
"1608","session2",8.52690475702395,15.5086374633735,3.87308404077182,0.000361744450746749,-0.459260644823473,0.560164009013271,0.826201400359067,10,2,75,-0.136217377587165,0.781586012152972,22,2.92413432958051,1,39.02391,4705,0.4,0,12,"both",-0.136217377587165,0.781586012152972
"1609","session2",8.52690475702395,15.5086374633735,3.87308404077182,0.000361744450746749,-0.459260644823473,0.560164009013271,0.826201400359067,10,2,75,-0.136217377587165,0.781586012152972,22,1.39381424159579,0,-27.31267,4705,0.4,0,12,"both",-0.136217377587165,0.781586012152972
"1610","session2",8.52690475702395,15.5086374633735,3.87308404077182,0.000361744450746749,-0.459260644823473,0.560164009013271,0.826201400359067,10,2,75,-0.136217377587165,0.781586012152972,22,1.94417164882894,0,-4.30514,4705,0.4,0,12,"both",-0.136217377587165,0.781586012152972
"1611","session2",8.52690475702395,15.5086374633735,3.87308404077182,0.000361744450746749,-0.459260644823473,0.560164009013271,0.826201400359067,10,2,75,-0.136217377587165,0.781586012152972,22,1.94638298148742,1,23.16652,4705,0.4,0,12,"both",-0.136217377587165,0.781586012152972
"1612","session2",8.52690475702395,15.5086374633735,3.87308404077182,0.000361744450746749,-0.459260644823473,0.560164009013271,0.826201400359067,10,2,75,-0.136217377587165,0.781586012152972,22,1.66555413680846,0,17.59341,4705,0.4,0,12,"both",-0.136217377587165,0.781586012152972
"1613","session2",8.52690475702395,15.5086374633735,3.87308404077182,0.000361744450746749,-0.459260644823473,0.560164009013271,0.826201400359067,10,2,75,-0.136217377587165,0.781586012152972,22,2.04278299878072,0,-4.39934,4705,0.4,0,12,"both",-0.136217377587165,0.781586012152972
"1614","session2",8.52690475702395,15.5086374633735,3.87308404077182,0.000361744450746749,-0.459260644823473,0.560164009013271,0.826201400359067,10,2,75,-0.136217377587165,0.781586012152972,22,1.71610294409475,1,34.88023,4705,0.4,0,12,"both",-0.136217377587165,0.781586012152972
"1615","session2",8.52690475702395,15.5086374633735,3.87308404077182,0.000361744450746749,-0.459260644823473,0.560164009013271,0.826201400359067,10,2,75,-0.136217377587165,0.781586012152972,22,2.70363811347607,0,-3.08425,4705,0.4,0,12,"both",-0.136217377587165,0.781586012152972
"1616","session2",8.52690475702395,15.5086374633735,3.87308404077182,0.000361744450746749,-0.459260644823473,0.560164009013271,0.826201400359067,10,2,75,-0.136217377587165,0.781586012152972,22,2.67890679049895,0,13.20734,4705,0.4,0,12,"both",-0.136217377587165,0.781586012152972
"1617","session2",8.52690475702395,15.5086374633735,3.87308404077182,0.000361744450746749,-0.459260644823473,0.560164009013271,0.826201400359067,10,2,75,-0.136217377587165,0.781586012152972,22,2.0874359817494,0,19.67251,4705,0.4,0,12,"both",-0.136217377587165,0.781586012152972
"1618","session2",8.52690475702395,15.5086374633735,3.87308404077182,0.000361744450746749,-0.459260644823473,0.560164009013271,0.826201400359067,10,2,75,-0.136217377587165,0.781586012152972,22,1.50864898777032,0,-7.92224,4705,0.4,0,12,"both",-0.136217377587165,0.781586012152972
"1619","session2",8.52690475702395,15.5086374633735,3.87308404077182,0.000361744450746749,-0.459260644823473,0.560164009013271,0.826201400359067,10,2,75,-0.136217377587165,0.781586012152972,22,1.5918862871832,1,27.3642,4705,0.4,0,12,"both",-0.136217377587165,0.781586012152972
"1620","session2",8.52690475702395,15.5086374633735,3.87308404077182,0.000361744450746749,-0.459260644823473,0.560164009013271,0.826201400359067,10,2,75,-0.136217377587165,0.781586012152972,22,2.23942690467131,1,21.87829,4705,0.4,0,12,"both",-0.136217377587165,0.781586012152972
"1621","session2",8.52690475702395,15.5086374633735,3.87308404077182,0.000361744450746749,-0.459260644823473,0.560164009013271,0.826201400359067,10,2,75,-0.136217377587165,0.781586012152972,22,1.56229505032195,1,27.7531,4705,0.4,0,12,"both",-0.136217377587165,0.781586012152972
"1622","session2",8.52690475702395,15.5086374633735,3.87308404077182,0.000361744450746749,-0.459260644823473,0.560164009013271,0.826201400359067,10,2,75,-0.136217377587165,0.781586012152972,22,1.90821919345928,1,22.9216,4705,0.4,0,12,"both",-0.136217377587165,0.781586012152972
"1623","session2",8.52690475702395,15.5086374633735,3.87308404077182,0.000361744450746749,-0.459260644823473,0.560164009013271,0.826201400359067,10,2,75,-0.136217377587165,0.781586012152972,22,2.81345631540361,1,11.31314,4705,0.4,0,12,"both",-0.136217377587165,0.781586012152972
"1624","session2",8.52690475702395,15.5086374633735,3.87308404077182,0.000361744450746749,-0.459260644823473,0.560164009013271,0.826201400359067,10,2,75,-0.136217377587165,0.781586012152972,22,2.22465324968904,0,-9.57331,4705,0.4,0,12,"both",-0.136217377587165,0.781586012152972
"1625","session2",8.52690475702395,15.5086374633735,3.87308404077182,0.000361744450746749,-0.459260644823473,0.560164009013271,0.826201400359067,10,2,75,-0.136217377587165,0.781586012152972,22,3.24344692459378,1,-4.75634,4705,0.4,0,12,"both",-0.136217377587165,0.781586012152972
"1626","session2",8.52690475702395,15.5086374633735,3.87308404077182,0.000361744450746749,-0.459260644823473,0.560164009013271,0.826201400359067,10,2,75,-0.136217377587165,0.781586012152972,22,1.2312563791268,1,25.1377,4705,0.4,0,12,"both",-0.136217377587165,0.781586012152972
"1627","session2",8.52690475702395,15.5086374633735,3.87308404077182,0.000361744450746749,-0.459260644823473,0.560164009013271,0.826201400359067,10,2,75,-0.136217377587165,0.781586012152972,22,2.33096878387071,1,-0.5962,4705,0.4,0,12,"both",-0.136217377587165,0.781586012152972
"1628","session2",8.52690475702395,15.5086374633735,3.87308404077182,0.000361744450746749,-0.459260644823473,0.560164009013271,0.826201400359067,10,2,75,-0.136217377587165,0.781586012152972,22,2.0392478257945,0,-18.56867,4705,0.4,0,12,"both",-0.136217377587165,0.781586012152972
"1629","session2",8.52690475702395,15.5086374633735,3.87308404077182,0.000361744450746749,-0.459260644823473,0.560164009013271,0.826201400359067,10,2,75,-0.136217377587165,0.781586012152972,22,3.01134521939883,0,-11.17205,4705,0.4,0,12,"both",-0.136217377587165,0.781586012152972
"1630","session2",8.52690475702395,15.5086374633735,3.87308404077182,0.000361744450746749,-0.459260644823473,0.560164009013271,0.826201400359067,10,2,75,-0.136217377587165,0.781586012152972,22,2.81489787076779,0,18.01168,4705,0.4,0,12,"both",-0.136217377587165,0.781586012152972
"1631","session2",8.52690475702395,15.5086374633735,3.87308404077182,0.000361744450746749,-0.459260644823473,0.560164009013271,0.826201400359067,10,2,75,-0.136217377587165,0.781586012152972,22,1.29290161745273,0,-5.60952,4705,0.4,0,12,"both",-0.136217377587165,0.781586012152972
"1632","session2",8.52690475702395,15.5086374633735,3.87308404077182,0.000361744450746749,-0.459260644823473,0.560164009013271,0.826201400359067,10,2,75,-0.136217377587165,0.781586012152972,22,2.34678056475267,1,20.38434,4705,0.4,0,12,"both",-0.136217377587165,0.781586012152972
"1633","session2",8.52690475702395,15.5086374633735,3.87308404077182,0.000361744450746749,-0.459260644823473,0.560164009013271,0.826201400359067,10,2,75,-0.136217377587165,0.781586012152972,22,2.63442360508966,1,21.7612,4705,0.4,0,12,"both",-0.136217377587165,0.781586012152972
"1634","session2",8.52690475702395,15.5086374633735,3.87308404077182,0.000361744450746749,-0.459260644823473,0.560164009013271,0.826201400359067,10,2,75,-0.136217377587165,0.781586012152972,22,1.38712541478501,0,17.64723,4705,0.4,0,12,"both",-0.136217377587165,0.781586012152972
"1635","session2",8.52690475702395,15.5086374633735,3.87308404077182,0.000361744450746749,-0.459260644823473,0.560164009013271,0.826201400359067,10,2,75,-0.136217377587165,0.781586012152972,22,1.43445556499052,1,28.02743,4705,0.4,0,12,"both",-0.136217377587165,0.781586012152972
"1636","session2",8.52690475702395,15.5086374633735,3.87308404077182,0.000361744450746749,-0.459260644823473,0.560164009013271,0.826201400359067,10,2,75,-0.136217377587165,0.781586012152972,22,2.00992767218026,0,-5.37541,4705,0.4,0,12,"both",-0.136217377587165,0.781586012152972
"1637","session2",8.52690475702395,15.5086374633735,3.87308404077182,0.000361744450746749,-0.459260644823473,0.560164009013271,0.826201400359067,10,2,75,-0.136217377587165,0.781586012152972,22,1.68363124063728,0,-8.33861,4705,0.4,0,12,"both",-0.136217377587165,0.781586012152972
"1638","session2",8.52690475702395,15.5086374633735,3.87308404077182,0.000361744450746749,-0.459260644823473,0.560164009013271,0.826201400359067,10,2,75,-0.136217377587165,0.781586012152972,22,1.81999419892503,0,-13.3066,4705,0.4,0,12,"both",-0.136217377587165,0.781586012152972
"1639","session2",8.52690475702395,15.5086374633735,3.87308404077182,0.000361744450746749,-0.459260644823473,0.560164009013271,0.826201400359067,10,2,75,-0.136217377587165,0.781586012152972,22,1.67411574748564,0,-3.67709,4705,0.4,0,12,"both",-0.136217377587165,0.781586012152972
"1640","session2",8.52690475702395,15.5086374633735,3.87308404077182,0.000361744450746749,-0.459260644823473,0.560164009013271,0.826201400359067,10,2,75,-0.136217377587165,0.781586012152972,22,2.55965689844918,1,19.80835,4705,0.4,0,12,"both",-0.136217377587165,0.781586012152972
"1641","session2",8.52690475702395,15.5086374633735,3.87308404077182,0.000361744450746749,-0.459260644823473,0.560164009013271,0.826201400359067,10,2,75,-0.136217377587165,0.781586012152972,22,2.62097803899854,0,-1.4493,4705,0.4,0,12,"both",-0.136217377587165,0.781586012152972
"1642","session2",8.52690475702395,15.5086374633735,3.87308404077182,0.000361744450746749,-0.459260644823473,0.560164009013271,0.826201400359067,10,2,75,-0.136217377587165,0.781586012152972,22,1.32454644629013,1,-13.19642,4705,0.4,0,12,"both",-0.136217377587165,0.781586012152972
"1643","session2",8.52690475702395,15.5086374633735,3.87308404077182,0.000361744450746749,-0.459260644823473,0.560164009013271,0.826201400359067,10,2,75,-0.136217377587165,0.781586012152972,22,2.03433033496893,1,19.06833,4705,0.4,0,12,"both",-0.136217377587165,0.781586012152972
"1644","session2",8.52690475702395,15.5086374633735,3.87308404077182,0.000361744450746749,-0.459260644823473,0.560164009013271,0.826201400359067,10,2,75,-0.136217377587165,0.781586012152972,22,3.43262001672966,0,17.90079,4705,0.4,0,12,"both",-0.136217377587165,0.781586012152972
"1645","session2",8.52690475702395,15.5086374633735,3.87308404077182,0.000361744450746749,-0.459260644823473,0.560164009013271,0.826201400359067,10,2,75,-0.136217377587165,0.781586012152972,22,1.66583199774523,0,-7.6838,4705,0.4,0,12,"both",-0.136217377587165,0.781586012152972
"1646","session2",8.52690475702395,15.5086374633735,3.87308404077182,0.000361744450746749,-0.459260644823473,0.560164009013271,0.826201400359067,10,2,75,-0.136217377587165,0.781586012152972,22,1.22189203464757,0,-12.08369,4705,0.4,0,12,"both",-0.136217377587165,0.781586012152972
"1647","session2",8.52690475702395,15.5086374633735,3.87308404077182,0.000361744450746749,-0.459260644823473,0.560164009013271,0.826201400359067,10,2,75,-0.136217377587165,0.781586012152972,22,1.38968000585779,0,20.2809,4705,0.4,0,12,"both",-0.136217377587165,0.781586012152972
"1648","session2",8.52690475702395,15.5086374633735,3.87308404077182,0.000361744450746749,-0.459260644823473,0.560164009013271,0.826201400359067,10,2,75,-0.136217377587165,0.781586012152972,22,2.77615906291576,1,18.46946,4705,0.4,0,12,"both",-0.136217377587165,0.781586012152972
"1649","session2",8.52690475702395,15.5086374633735,3.87308404077182,0.000361744450746749,-0.459260644823473,0.560164009013271,0.826201400359067,10,2,75,-0.136217377587165,0.781586012152972,22,2.03223024291728,0,-7.8771,4705,0.4,0,12,"both",-0.136217377587165,0.781586012152972
"1650","session2",8.52690475702395,15.5086374633735,3.87308404077182,0.000361744450746749,-0.459260644823473,0.560164009013271,0.826201400359067,10,2,75,-0.136217377587165,0.781586012152972,22,1.63496923942222,1,22.3196,4705,0.4,0,12,"both",-0.136217377587165,0.781586012152972
"1651","session2",-24.6364934161954,2.7029743842274,2.87579913515521,0.00057274618319829,0.307563583807068,0.304357204694107,0.324471870238427,11,2,75,-0.136217377587165,0.781586012152972,23,1.65073201605422,1,-9.876828813,4705,0.4,0,12,"both",-0.136217377587165,0.781586012152972
"1652","session2",-24.6364934161954,2.7029743842274,2.87579913515521,0.00057274618319829,0.307563583807068,0.304357204694107,0.324471870238427,11,2,75,-0.136217377587165,0.781586012152972,23,1.6698379836145,1,-9.365699006,4705,0.4,0,12,"both",-0.136217377587165,0.781586012152972
"1653","session2",-24.6364934161954,2.7029743842274,2.87579913515521,0.00057274618319829,0.307563583807068,0.304357204694107,0.324471870238427,11,2,75,-0.136217377587165,0.781586012152972,23,1.77294532457632,1,-18.729474098,4705,0.4,0,12,"both",-0.136217377587165,0.781586012152972
"1654","session2",-24.6364934161954,2.7029743842274,2.87579913515521,0.00057274618319829,0.307563583807068,0.304357204694107,0.324471870238427,11,2,75,-0.136217377587165,0.781586012152972,23,2.06541703922644,1,-23.665556879,4705,0.4,0,12,"both",-0.136217377587165,0.781586012152972
"1655","session2",-24.6364934161954,2.7029743842274,2.87579913515521,0.00057274618319829,0.307563583807068,0.304357204694107,0.324471870238427,11,2,75,-0.136217377587165,0.781586012152972,23,2.31826316828947,1,-7.2671,4705,0.4,0,12,"both",-0.136217377587165,0.781586012152972
"1656","session2",-24.6364934161954,2.7029743842274,2.87579913515521,0.00057274618319829,0.307563583807068,0.304357204694107,0.324471870238427,11,2,75,-0.136217377587165,0.781586012152972,23,2.33270924222439,1,-12.5802,4705,0.4,0,12,"both",-0.136217377587165,0.781586012152972
"1657","session2",-24.6364934161954,2.7029743842274,2.87579913515521,0.00057274618319829,0.307563583807068,0.304357204694107,0.324471870238427,11,2,75,-0.136217377587165,0.781586012152972,23,1.63692749799445,0,-43.75536,4705,0.4,0,12,"both",-0.136217377587165,0.781586012152972
"1658","session2",-24.6364934161954,2.7029743842274,2.87579913515521,0.00057274618319829,0.307563583807068,0.304357204694107,0.324471870238427,11,2,75,-0.136217377587165,0.781586012152972,23,2.37073571573854,0,-33.63911,4705,0.4,0,12,"both",-0.136217377587165,0.781586012152972
"1659","session2",-24.6364934161954,2.7029743842274,2.87579913515521,0.00057274618319829,0.307563583807068,0.304357204694107,0.324471870238427,11,2,75,-0.136217377587165,0.781586012152972,23,1.68955112443392,0,-35.7124,4705,0.4,0,12,"both",-0.136217377587165,0.781586012152972
"1660","session2",-24.6364934161954,2.7029743842274,2.87579913515521,0.00057274618319829,0.307563583807068,0.304357204694107,0.324471870238427,11,2,75,-0.136217377587165,0.781586012152972,23,2.09947811747438,0,-31.57029,4705,0.4,0,12,"both",-0.136217377587165,0.781586012152972
"1661","session2",-24.6364934161954,2.7029743842274,2.87579913515521,0.00057274618319829,0.307563583807068,0.304357204694107,0.324471870238427,11,2,75,-0.136217377587165,0.781586012152972,23,2.37036735145303,0,-26.76374,4705,0.4,0,12,"both",-0.136217377587165,0.781586012152972
"1662","session2",-24.6364934161954,2.7029743842274,2.87579913515521,0.00057274618319829,0.307563583807068,0.304357204694107,0.324471870238427,11,2,75,-0.136217377587165,0.781586012152972,23,1.71159373438185,1,-20.32639,4705,0.4,0,12,"both",-0.136217377587165,0.781586012152972
"1663","session2",-24.6364934161954,2.7029743842274,2.87579913515521,0.00057274618319829,0.307563583807068,0.304357204694107,0.324471870238427,11,2,75,-0.136217377587165,0.781586012152972,23,3.10870679681311,1,-22.69383,4705,0.4,0,12,"both",-0.136217377587165,0.781586012152972
"1664","session2",-24.6364934161954,2.7029743842274,2.87579913515521,0.00057274618319829,0.307563583807068,0.304357204694107,0.324471870238427,11,2,75,-0.136217377587165,0.781586012152972,23,2.58774864050112,0,-24.41931,4705,0.4,0,12,"both",-0.136217377587165,0.781586012152972
"1665","session2",-24.6364934161954,2.7029743842274,2.87579913515521,0.00057274618319829,0.307563583807068,0.304357204694107,0.324471870238427,11,2,75,-0.136217377587165,0.781586012152972,23,1.92197395949535,0,-23.65601,4705,0.4,0,12,"both",-0.136217377587165,0.781586012152972
"1666","session2",-24.6364934161954,2.7029743842274,2.87579913515521,0.00057274618319829,0.307563583807068,0.304357204694107,0.324471870238427,11,2,75,-0.136217377587165,0.781586012152972,23,1.73384113010049,1,-20.4108,4705,0.4,0,12,"both",-0.136217377587165,0.781586012152972
"1667","session2",-24.6364934161954,2.7029743842274,2.87579913515521,0.00057274618319829,0.307563583807068,0.304357204694107,0.324471870238427,11,2,75,-0.136217377587165,0.781586012152972,23,3.31775063892976,1,-23.13284,4705,0.4,0,12,"both",-0.136217377587165,0.781586012152972
"1668","session2",-24.6364934161954,2.7029743842274,2.87579913515521,0.00057274618319829,0.307563583807068,0.304357204694107,0.324471870238427,11,2,75,-0.136217377587165,0.781586012152972,23,1.81744086332077,0,-27.72844,4705,0.4,0,12,"both",-0.136217377587165,0.781586012152972
"1669","session2",-24.6364934161954,2.7029743842274,2.87579913515521,0.00057274618319829,0.307563583807068,0.304357204694107,0.324471870238427,11,2,75,-0.136217377587165,0.781586012152972,23,2.12335971565605,1,-21.31743,4705,0.4,0,12,"both",-0.136217377587165,0.781586012152972
"1670","session2",-24.6364934161954,2.7029743842274,2.87579913515521,0.00057274618319829,0.307563583807068,0.304357204694107,0.324471870238427,11,2,75,-0.136217377587165,0.781586012152972,23,1.4122952442242,1,-20.2847,4705,0.4,0,12,"both",-0.136217377587165,0.781586012152972
"1671","session2",-24.6364934161954,2.7029743842274,2.87579913515521,0.00057274618319829,0.307563583807068,0.304357204694107,0.324471870238427,11,2,75,-0.136217377587165,0.781586012152972,23,1.61202705231598,1,-22.12093,4705,0.4,0,12,"both",-0.136217377587165,0.781586012152972
"1672","session2",-24.6364934161954,2.7029743842274,2.87579913515521,0.00057274618319829,0.307563583807068,0.304357204694107,0.324471870238427,11,2,75,-0.136217377587165,0.781586012152972,23,2.74435971917181,0,-27.20681,4705,0.4,0,12,"both",-0.136217377587165,0.781586012152972
"1673","session2",-24.6364934161954,2.7029743842274,2.87579913515521,0.00057274618319829,0.307563583807068,0.304357204694107,0.324471870238427,11,2,75,-0.136217377587165,0.781586012152972,23,2.57275216313155,0,-25.08398,4705,0.4,0,12,"both",-0.136217377587165,0.781586012152972
"1674","session2",-24.6364934161954,2.7029743842274,2.87579913515521,0.00057274618319829,0.307563583807068,0.304357204694107,0.324471870238427,11,2,75,-0.136217377587165,0.781586012152972,23,2.30750353765435,0,-25.8294,4705,0.4,0,12,"both",-0.136217377587165,0.781586012152972
"1675","session2",-24.6364934161954,2.7029743842274,2.87579913515521,0.00057274618319829,0.307563583807068,0.304357204694107,0.324471870238427,11,2,75,-0.136217377587165,0.781586012152972,23,4.37051531822205,1,-22.33532,4705,0.4,0,12,"both",-0.136217377587165,0.781586012152972
"1676","session2",-24.6364934161954,2.7029743842274,2.87579913515521,0.00057274618319829,0.307563583807068,0.304357204694107,0.324471870238427,11,2,75,-0.136217377587165,0.781586012152972,23,2.04590117231224,1,-21.47802,4705,0.4,0,12,"both",-0.136217377587165,0.781586012152972
"1677","session2",-24.6364934161954,2.7029743842274,2.87579913515521,0.00057274618319829,0.307563583807068,0.304357204694107,0.324471870238427,11,2,75,-0.136217377587165,0.781586012152972,23,2.15683371596344,0,-28.09689,4705,0.4,0,12,"both",-0.136217377587165,0.781586012152972
"1678","session2",-24.6364934161954,2.7029743842274,2.87579913515521,0.00057274618319829,0.307563583807068,0.304357204694107,0.324471870238427,11,2,75,-0.136217377587165,0.781586012152972,23,2.84777602044534,0,-25.78793,4705,0.4,0,12,"both",-0.136217377587165,0.781586012152972
"1679","session2",-24.6364934161954,2.7029743842274,2.87579913515521,0.00057274618319829,0.307563583807068,0.304357204694107,0.324471870238427,11,2,75,-0.136217377587165,0.781586012152972,23,2.25310008115583,1,-20.53124,4705,0.4,0,12,"both",-0.136217377587165,0.781586012152972
"1680","session2",-24.6364934161954,2.7029743842274,2.87579913515521,0.00057274618319829,0.307563583807068,0.304357204694107,0.324471870238427,11,2,75,-0.136217377587165,0.781586012152972,23,2.38222099770255,0,-24.74085,4705,0.4,0,12,"both",-0.136217377587165,0.781586012152972
"1681","session2",-24.6364934161954,2.7029743842274,2.87579913515521,0.00057274618319829,0.307563583807068,0.304357204694107,0.324471870238427,11,2,75,-0.136217377587165,0.781586012152972,23,3.30733985187047,0,-26.03564,4705,0.4,0,12,"both",-0.136217377587165,0.781586012152972
"1682","session2",-24.6364934161954,2.7029743842274,2.87579913515521,0.00057274618319829,0.307563583807068,0.304357204694107,0.324471870238427,11,2,75,-0.136217377587165,0.781586012152972,23,4.80721134516472,0,-22.50928,4705,0.4,0,12,"both",-0.136217377587165,0.781586012152972
"1683","session2",-24.6364934161954,2.7029743842274,2.87579913515521,0.00057274618319829,0.307563583807068,0.304357204694107,0.324471870238427,11,2,75,-0.136217377587165,0.781586012152972,23,2.06270155647117,1,-24.36478,4705,0.4,0,12,"both",-0.136217377587165,0.781586012152972
"1684","session2",-24.6364934161954,2.7029743842274,2.87579913515521,0.00057274618319829,0.307563583807068,0.304357204694107,0.324471870238427,11,2,75,-0.136217377587165,0.781586012152972,23,3.88990804377459,1,-22.57857,4705,0.4,0,12,"both",-0.136217377587165,0.781586012152972
"1685","session2",-24.6364934161954,2.7029743842274,2.87579913515521,0.00057274618319829,0.307563583807068,0.304357204694107,0.324471870238427,11,2,75,-0.136217377587165,0.781586012152972,23,3.54695492390158,1,-22.84264,4705,0.4,0,12,"both",-0.136217377587165,0.781586012152972
"1686","session2",-24.6364934161954,2.7029743842274,2.87579913515521,0.00057274618319829,0.307563583807068,0.304357204694107,0.324471870238427,11,2,75,-0.136217377587165,0.781586012152972,23,2.54952316870756,1,-25.2423,4705,0.4,0,12,"both",-0.136217377587165,0.781586012152972
"1687","session2",-24.6364934161954,2.7029743842274,2.87579913515521,0.00057274618319829,0.307563583807068,0.304357204694107,0.324471870238427,11,2,75,-0.136217377587165,0.781586012152972,23,2.49470101310704,0,-26.20862,4705,0.4,0,12,"both",-0.136217377587165,0.781586012152972
"1688","session2",-24.6364934161954,2.7029743842274,2.87579913515521,0.00057274618319829,0.307563583807068,0.304357204694107,0.324471870238427,11,2,75,-0.136217377587165,0.781586012152972,23,3.97413830798287,0,-25.89983,4705,0.4,0,12,"both",-0.136217377587165,0.781586012152972
"1689","session2",-24.6364934161954,2.7029743842274,2.87579913515521,0.00057274618319829,0.307563583807068,0.304357204694107,0.324471870238427,11,2,75,-0.136217377587165,0.781586012152972,23,1.44881696233331,1,-20.79629,4705,0.4,0,12,"both",-0.136217377587165,0.781586012152972
"1690","session2",-24.6364934161954,2.7029743842274,2.87579913515521,0.00057274618319829,0.307563583807068,0.304357204694107,0.324471870238427,11,2,75,-0.136217377587165,0.781586012152972,23,1.8359128555078,1,-22.78656,4705,0.4,0,12,"both",-0.136217377587165,0.781586012152972
"1691","session2",-24.6364934161954,2.7029743842274,2.87579913515521,0.00057274618319829,0.307563583807068,0.304357204694107,0.324471870238427,11,2,75,-0.136217377587165,0.781586012152972,23,3.78699598390677,1,-23.19436,4705,0.4,0,12,"both",-0.136217377587165,0.781586012152972
"1692","session2",-24.6364934161954,2.7029743842274,2.87579913515521,0.00057274618319829,0.307563583807068,0.304357204694107,0.324471870238427,11,2,75,-0.136217377587165,0.781586012152972,23,2.5495207856749,0,-27.16915,4705,0.4,0,12,"both",-0.136217377587165,0.781586012152972
"1693","session2",-24.6364934161954,2.7029743842274,2.87579913515521,0.00057274618319829,0.307563583807068,0.304357204694107,0.324471870238427,11,2,75,-0.136217377587165,0.781586012152972,23,3.36099550955243,0,-22.99995,4705,0.4,0,12,"both",-0.136217377587165,0.781586012152972
"1694","session2",-24.6364934161954,2.7029743842274,2.87579913515521,0.00057274618319829,0.307563583807068,0.304357204694107,0.324471870238427,11,2,75,-0.136217377587165,0.781586012152972,23,3.16549223182604,1,-22.60106,4705,0.4,0,12,"both",-0.136217377587165,0.781586012152972
"1695","session2",-24.6364934161954,2.7029743842274,2.87579913515521,0.00057274618319829,0.307563583807068,0.304357204694107,0.324471870238427,11,2,75,-0.136217377587165,0.781586012152972,23,2.73100722863327,0,-26.0297,4705,0.4,0,12,"both",-0.136217377587165,0.781586012152972
"1696","session2",-24.6364934161954,2.7029743842274,2.87579913515521,0.00057274618319829,0.307563583807068,0.304357204694107,0.324471870238427,11,2,75,-0.136217377587165,0.781586012152972,23,2.61469696078601,1,-25.3527,4705,0.4,0,12,"both",-0.136217377587165,0.781586012152972
"1697","session2",-24.6364934161954,2.7029743842274,2.87579913515521,0.00057274618319829,0.307563583807068,0.304357204694107,0.324471870238427,11,2,75,-0.136217377587165,0.781586012152972,23,2.71811582582068,1,-23.15359,4705,0.4,0,12,"both",-0.136217377587165,0.781586012152972
"1698","session2",-24.6364934161954,2.7029743842274,2.87579913515521,0.00057274618319829,0.307563583807068,0.304357204694107,0.324471870238427,11,2,75,-0.136217377587165,0.781586012152972,23,3.13130361963663,0,-24.0402,4705,0.4,0,12,"both",-0.136217377587165,0.781586012152972
"1699","session2",-24.6364934161954,2.7029743842274,2.87579913515521,0.00057274618319829,0.307563583807068,0.304357204694107,0.324471870238427,11,2,75,-0.136217377587165,0.781586012152972,23,3.11799065725788,1,-22.15735,4705,0.4,0,12,"both",-0.136217377587165,0.781586012152972
"1700","session2",-24.6364934161954,2.7029743842274,2.87579913515521,0.00057274618319829,0.307563583807068,0.304357204694107,0.324471870238427,11,2,75,-0.136217377587165,0.781586012152972,23,2.07600785726711,1,-21.18508,4705,0.4,0,12,"both",-0.136217377587165,0.781586012152972
"1701","session2",-24.6364934161954,2.7029743842274,2.87579913515521,0.00057274618319829,0.307563583807068,0.304357204694107,0.324471870238427,11,2,75,-0.136217377587165,0.781586012152972,23,2.1721206038901,1,-23.84884,4705,0.4,0,12,"both",-0.136217377587165,0.781586012152972
"1702","session2",-24.6364934161954,2.7029743842274,2.87579913515521,0.00057274618319829,0.307563583807068,0.304357204694107,0.324471870238427,11,2,75,-0.136217377587165,0.781586012152972,23,4.19077133809379,0,-24.74425,4705,0.4,0,12,"both",-0.136217377587165,0.781586012152972
"1703","session2",-24.6364934161954,2.7029743842274,2.87579913515521,0.00057274618319829,0.307563583807068,0.304357204694107,0.324471870238427,11,2,75,-0.136217377587165,0.781586012152972,23,2.44889521687835,0,-26.35248,4705,0.4,0,12,"both",-0.136217377587165,0.781586012152972
"1704","session2",-24.6364934161954,2.7029743842274,2.87579913515521,0.00057274618319829,0.307563583807068,0.304357204694107,0.324471870238427,11,2,75,-0.136217377587165,0.781586012152972,23,1.79661812282097,1,-20.69325,4705,0.4,0,12,"both",-0.136217377587165,0.781586012152972
"1705","session2",-24.6364934161954,2.7029743842274,2.87579913515521,0.00057274618319829,0.307563583807068,0.304357204694107,0.324471870238427,11,2,75,-0.136217377587165,0.781586012152972,23,2.51162690422404,0,-25.46806,4705,0.4,0,12,"both",-0.136217377587165,0.781586012152972
"1706","session2",-24.6364934161954,2.7029743842274,2.87579913515521,0.00057274618319829,0.307563583807068,0.304357204694107,0.324471870238427,11,2,75,-0.136217377587165,0.781586012152972,23,2.42100477082113,1,-25.91941,4705,0.4,0,12,"both",-0.136217377587165,0.781586012152972
"1707","session2",-24.6364934161954,2.7029743842274,2.87579913515521,0.00057274618319829,0.307563583807068,0.304357204694107,0.324471870238427,11,2,75,-0.136217377587165,0.781586012152972,23,2.15323405990913,1,-26.68952,4705,0.4,0,12,"both",-0.136217377587165,0.781586012152972
"1708","session2",-24.6364934161954,2.7029743842274,2.87579913515521,0.00057274618319829,0.307563583807068,0.304357204694107,0.324471870238427,11,2,75,-0.136217377587165,0.781586012152972,23,4.07748457145544,0,-26.3252,4705,0.4,0,12,"both",-0.136217377587165,0.781586012152972
"1709","session2",-24.6364934161954,2.7029743842274,2.87579913515521,0.00057274618319829,0.307563583807068,0.304357204694107,0.324471870238427,11,2,75,-0.136217377587165,0.781586012152972,23,2.70273604129013,1,-22.05164,4705,0.4,0,12,"both",-0.136217377587165,0.781586012152972
"1710","session2",-24.6364934161954,2.7029743842274,2.87579913515521,0.00057274618319829,0.307563583807068,0.304357204694107,0.324471870238427,11,2,75,-0.136217377587165,0.781586012152972,23,2.65260400189847,0,-26.22326,4705,0.4,0,12,"both",-0.136217377587165,0.781586012152972
"1711","session2",-24.6364934161954,2.7029743842274,2.87579913515521,0.00057274618319829,0.307563583807068,0.304357204694107,0.324471870238427,11,2,75,-0.136217377587165,0.781586012152972,23,1.5500004272538,1,-22.23465,4705,0.4,0,12,"both",-0.136217377587165,0.781586012152972
"1712","session2",-24.6364934161954,2.7029743842274,2.87579913515521,0.00057274618319829,0.307563583807068,0.304357204694107,0.324471870238427,11,2,75,-0.136217377587165,0.781586012152972,23,1.85151048787808,0,-22.95866,4705,0.4,0,12,"both",-0.136217377587165,0.781586012152972
"1713","session2",-24.6364934161954,2.7029743842274,2.87579913515521,0.00057274618319829,0.307563583807068,0.304357204694107,0.324471870238427,11,2,75,-0.136217377587165,0.781586012152972,23,3.53525854875014,1,-25.93718,4705,0.4,0,12,"both",-0.136217377587165,0.781586012152972
"1714","session2",-24.6364934161954,2.7029743842274,2.87579913515521,0.00057274618319829,0.307563583807068,0.304357204694107,0.324471870238427,11,2,75,-0.136217377587165,0.781586012152972,23,4.76989643897417,0,-25.30244,4705,0.4,0,12,"both",-0.136217377587165,0.781586012152972
"1715","session2",-24.6364934161954,2.7029743842274,2.87579913515521,0.00057274618319829,0.307563583807068,0.304357204694107,0.324471870238427,11,2,75,-0.136217377587165,0.781586012152972,23,2.67770064007119,0,-26.40108,4705,0.4,0,12,"both",-0.136217377587165,0.781586012152972
"1716","session2",-24.6364934161954,2.7029743842274,2.87579913515521,0.00057274618319829,0.307563583807068,0.304357204694107,0.324471870238427,11,2,75,-0.136217377587165,0.781586012152972,23,3.50578896690307,1,-22.03762,4705,0.4,0,12,"both",-0.136217377587165,0.781586012152972
"1717","session2",-24.6364934161954,2.7029743842274,2.87579913515521,0.00057274618319829,0.307563583807068,0.304357204694107,0.324471870238427,11,2,75,-0.136217377587165,0.781586012152972,23,2.1294767690874,1,-21.96223,4705,0.4,0,12,"both",-0.136217377587165,0.781586012152972
"1718","session2",-24.6364934161954,2.7029743842274,2.87579913515521,0.00057274618319829,0.307563583807068,0.304357204694107,0.324471870238427,11,2,75,-0.136217377587165,0.781586012152972,23,3.54425771416763,0,-26.88624,4705,0.4,0,12,"both",-0.136217377587165,0.781586012152972
"1719","session2",-24.6364934161954,2.7029743842274,2.87579913515521,0.00057274618319829,0.307563583807068,0.304357204694107,0.324471870238427,11,2,75,-0.136217377587165,0.781586012152972,23,2.46425225531179,0,-26.7138,4705,0.4,0,12,"both",-0.136217377587165,0.781586012152972
"1720","session2",-24.6364934161954,2.7029743842274,2.87579913515521,0.00057274618319829,0.307563583807068,0.304357204694107,0.324471870238427,11,2,75,-0.136217377587165,0.781586012152972,23,4.71634910780443,0,-27.2897,4705,0.4,0,12,"both",-0.136217377587165,0.781586012152972
"1721","session2",-24.6364934161954,2.7029743842274,2.87579913515521,0.00057274618319829,0.307563583807068,0.304357204694107,0.324471870238427,11,2,75,-0.136217377587165,0.781586012152972,23,4.96968963325602,0,-23.14844,4705,0.4,0,12,"both",-0.136217377587165,0.781586012152972
"1722","session2",-24.6364934161954,2.7029743842274,2.87579913515521,0.00057274618319829,0.307563583807068,0.304357204694107,0.324471870238427,11,2,75,-0.136217377587165,0.781586012152972,23,3.73455243723959,0,-25.73066,4705,0.4,0,12,"both",-0.136217377587165,0.781586012152972
"1723","session2",-24.6364934161954,2.7029743842274,2.87579913515521,0.00057274618319829,0.307563583807068,0.304357204694107,0.324471870238427,11,2,75,-0.136217377587165,0.781586012152972,23,2.71584443074735,0,-25.71016,4705,0.4,0,12,"both",-0.136217377587165,0.781586012152972
"1724","session2",-24.6364934161954,2.7029743842274,2.87579913515521,0.00057274618319829,0.307563583807068,0.304357204694107,0.324471870238427,11,2,75,-0.136217377587165,0.781586012152972,23,2.79001468852107,1,-21.82062,4705,0.4,0,12,"both",-0.136217377587165,0.781586012152972
"1725","session2",-24.6364934161954,2.7029743842274,2.87579913515521,0.00057274618319829,0.307563583807068,0.304357204694107,0.324471870238427,11,2,75,-0.136217377587165,0.781586012152972,23,1.89762489086254,0,-25.58999,4705,0.4,0,12,"both",-0.136217377587165,0.781586012152972
"1726","session2",-17.5351282617146,12.3982971643936,1.60551396970669,0.00010784037183708,0.580849649552698,0.357425643546428,0.317009701898315,12,2,75,-0.136217377587165,0.781586012152972,24,1.56939507170949,0,-8.02624252717,4705,0.4,0,12,"both",-0.136217377587165,0.781586012152972
"1727","session2",-17.5351282617146,12.3982971643936,1.60551396970669,0.00010784037183708,0.580849649552698,0.357425643546428,0.317009701898315,12,2,75,-0.136217377587165,0.781586012152972,24,2.73498035629555,1,6.261338886,4705,0.4,0,12,"both",-0.136217377587165,0.781586012152972
"1728","session2",-17.5351282617146,12.3982971643936,1.60551396970669,0.00010784037183708,0.580849649552698,0.357425643546428,0.317009701898315,12,2,75,-0.136217377587165,0.781586012152972,24,2.42197338114822,1,-1.68310143527,4705,0.4,0,12,"both",-0.136217377587165,0.781586012152972
"1729","session2",-17.5351282617146,12.3982971643936,1.60551396970669,0.00010784037183708,0.580849649552698,0.357425643546428,0.317009701898315,12,2,75,-0.136217377587165,0.781586012152972,24,3.65216357813296,1,-4.8547673993,4705,0.4,0,12,"both",-0.136217377587165,0.781586012152972
"1730","session2",-17.5351282617146,12.3982971643936,1.60551396970669,0.00010784037183708,0.580849649552698,0.357425643546428,0.317009701898315,12,2,75,-0.136217377587165,0.781586012152972,24,4.34911880295245,1,0.82188,4705,0.4,0,12,"both",-0.136217377587165,0.781586012152972
"1731","session2",-17.5351282617146,12.3982971643936,1.60551396970669,0.00010784037183708,0.580849649552698,0.357425643546428,0.317009701898315,12,2,75,-0.136217377587165,0.781586012152972,24,3.26926387166325,1,-1.40819,4705,0.4,0,12,"both",-0.136217377587165,0.781586012152972
"1732","session2",-17.5351282617146,12.3982971643936,1.60551396970669,0.00010784037183708,0.580849649552698,0.357425643546428,0.317009701898315,12,2,75,-0.136217377587165,0.781586012152972,24,2.0766183709011,1,-18.96666,4705,0.4,0,12,"both",-0.136217377587165,0.781586012152972
"1733","session2",-17.5351282617146,12.3982971643936,1.60551396970669,0.00010784037183708,0.580849649552698,0.357425643546428,0.317009701898315,12,2,75,-0.136217377587165,0.781586012152972,24,2.21145429521785,1,0.28917,4705,0.4,0,12,"both",-0.136217377587165,0.781586012152972
"1734","session2",-17.5351282617146,12.3982971643936,1.60551396970669,0.00010784037183708,0.580849649552698,0.357425643546428,0.317009701898315,12,2,75,-0.136217377587165,0.781586012152972,24,2.63678899582435,1,-3.15565,4705,0.4,0,12,"both",-0.136217377587165,0.781586012152972
"1735","session2",-17.5351282617146,12.3982971643936,1.60551396970669,0.00010784037183708,0.580849649552698,0.357425643546428,0.317009701898315,12,2,75,-0.136217377587165,0.781586012152972,24,4.15650122682818,1,19.1564,4705,0.4,0,12,"both",-0.136217377587165,0.781586012152972
"1736","session2",-17.5351282617146,12.3982971643936,1.60551396970669,0.00010784037183708,0.580849649552698,0.357425643546428,0.317009701898315,12,2,75,-0.136217377587165,0.781586012152972,24,2.28707400385518,1,0.607570000000001,4705,0.4,0,12,"both",-0.136217377587165,0.781586012152972
"1737","session2",-17.5351282617146,12.3982971643936,1.60551396970669,0.00010784037183708,0.580849649552698,0.357425643546428,0.317009701898315,12,2,75,-0.136217377587165,0.781586012152972,24,2.16403486289683,0,-17.49447,4705,0.4,0,12,"both",-0.136217377587165,0.781586012152972
"1738","session2",-17.5351282617146,12.3982971643936,1.60551396970669,0.00010784037183708,0.580849649552698,0.357425643546428,0.317009701898315,12,2,75,-0.136217377587165,0.781586012152972,24,3.49893295539721,1,-10.83114,4705,0.4,0,12,"both",-0.136217377587165,0.781586012152972
"1739","session2",-17.5351282617146,12.3982971643936,1.60551396970669,0.00010784037183708,0.580849649552698,0.357425643546428,0.317009701898315,12,2,75,-0.136217377587165,0.781586012152972,24,2.51279633001041,1,-10.5243,4705,0.4,0,12,"both",-0.136217377587165,0.781586012152972
"1740","session2",-17.5351282617146,12.3982971643936,1.60551396970669,0.00010784037183708,0.580849649552698,0.357425643546428,0.317009701898315,12,2,75,-0.136217377587165,0.781586012152972,24,4.35992322017682,0,-32.5643,4705,0.4,0,12,"both",-0.136217377587165,0.781586012152972
"1741","session2",-17.5351282617146,12.3982971643936,1.60551396970669,0.00010784037183708,0.580849649552698,0.357425643546428,0.317009701898315,12,2,75,-0.136217377587165,0.781586012152972,24,2.45331917452593,1,-13.02231,4705,0.4,0,12,"both",-0.136217377587165,0.781586012152972
"1742","session2",-17.5351282617146,12.3982971643936,1.60551396970669,0.00010784037183708,0.580849649552698,0.357425643546428,0.317009701898315,12,2,75,-0.136217377587165,0.781586012152972,24,2.57280155528791,1,-20.1168204,4705,0.4,0,12,"both",-0.136217377587165,0.781586012152972
"1743","session2",-17.5351282617146,12.3982971643936,1.60551396970669,0.00010784037183708,0.580849649552698,0.357425643546428,0.317009701898315,12,2,75,-0.136217377587165,0.781586012152972,24,2.08520838767209,0,-31.2794,4705,0.4,0,12,"both",-0.136217377587165,0.781586012152972
"1744","session2",-17.5351282617146,12.3982971643936,1.60551396970669,0.00010784037183708,0.580849649552698,0.357425643546428,0.317009701898315,12,2,75,-0.136217377587165,0.781586012152972,24,3.20740191924793,1,14.5806,4705,0.4,0,12,"both",-0.136217377587165,0.781586012152972
"1745","session2",-17.5351282617146,12.3982971643936,1.60551396970669,0.00010784037183708,0.580849649552698,0.357425643546428,0.317009701898315,12,2,75,-0.136217377587165,0.781586012152972,24,2.35514749090948,1,-26.30135,4705,0.4,0,12,"both",-0.136217377587165,0.781586012152972
"1746","session2",-17.5351282617146,12.3982971643936,1.60551396970669,0.00010784037183708,0.580849649552698,0.357425643546428,0.317009701898315,12,2,75,-0.136217377587165,0.781586012152972,24,2.69832237897884,1,-25.37524,4705,0.4,0,12,"both",-0.136217377587165,0.781586012152972
"1747","session2",-17.5351282617146,12.3982971643936,1.60551396970669,0.00010784037183708,0.580849649552698,0.357425643546428,0.317009701898315,12,2,75,-0.136217377587165,0.781586012152972,24,1.71439731073139,1,-6.9496,4705,0.4,0,12,"both",-0.136217377587165,0.781586012152972
"1748","session2",-17.5351282617146,12.3982971643936,1.60551396970669,0.00010784037183708,0.580849649552698,0.357425643546428,0.317009701898315,12,2,75,-0.136217377587165,0.781586012152972,24,2.57760266153003,0,-34.48923,4705,0.4,0,12,"both",-0.136217377587165,0.781586012152972
"1749","session2",-17.5351282617146,12.3982971643936,1.60551396970669,0.00010784037183708,0.580849649552698,0.357425643546428,0.317009701898315,12,2,75,-0.136217377587165,0.781586012152972,24,3.95802273890748,1,-11.43577,4705,0.4,0,12,"both",-0.136217377587165,0.781586012152972
"1750","session2",-17.5351282617146,12.3982971643936,1.60551396970669,0.00010784037183708,0.580849649552698,0.357425643546428,0.317009701898315,12,2,75,-0.136217377587165,0.781586012152972,24,2.46226388279388,0,-45.7702,4705,0.4,0,12,"both",-0.136217377587165,0.781586012152972
"1751","session2",-17.5351282617146,12.3982971643936,1.60551396970669,0.00010784037183708,0.580849649552698,0.357425643546428,0.317009701898315,12,2,75,-0.136217377587165,0.781586012152972,24,2.13907918476587,0,-19.46228,4705,0.4,0,12,"both",-0.136217377587165,0.781586012152972
"1752","session2",-17.5351282617146,12.3982971643936,1.60551396970669,0.00010784037183708,0.580849649552698,0.357425643546428,0.317009701898315,12,2,75,-0.136217377587165,0.781586012152972,24,2.1550015083743,0,-29.89738,4705,0.4,0,12,"both",-0.136217377587165,0.781586012152972
"1753","session2",-17.5351282617146,12.3982971643936,1.60551396970669,0.00010784037183708,0.580849649552698,0.357425643546428,0.317009701898315,12,2,75,-0.136217377587165,0.781586012152972,24,4.49034757807751,0,-11.4741,4705,0.4,0,12,"both",-0.136217377587165,0.781586012152972
"1754","session2",-17.5351282617146,12.3982971643936,1.60551396970669,0.00010784037183708,0.580849649552698,0.357425643546428,0.317009701898315,12,2,75,-0.136217377587165,0.781586012152972,24,1.66401672295139,0,-19.89559,4705,0.4,0,12,"both",-0.136217377587165,0.781586012152972
"1755","session2",-17.5351282617146,12.3982971643936,1.60551396970669,0.00010784037183708,0.580849649552698,0.357425643546428,0.317009701898315,12,2,75,-0.136217377587165,0.781586012152972,24,1.95796199989821,1,2.1185,4705,0.4,0,12,"both",-0.136217377587165,0.781586012152972
"1756","session2",-17.5351282617146,12.3982971643936,1.60551396970669,0.00010784037183708,0.580849649552698,0.357425643546428,0.317009701898315,12,2,75,-0.136217377587165,0.781586012152972,24,2.51986209528562,1,-14.5449,4705,0.4,0,12,"both",-0.136217377587165,0.781586012152972
"1757","session2",-17.5351282617146,12.3982971643936,1.60551396970669,0.00010784037183708,0.580849649552698,0.357425643546428,0.317009701898315,12,2,75,-0.136217377587165,0.781586012152972,24,3.36865790630502,0,-32.42552,4705,0.4,0,12,"both",-0.136217377587165,0.781586012152972
"1758","session2",-17.5351282617146,12.3982971643936,1.60551396970669,0.00010784037183708,0.580849649552698,0.357425643546428,0.317009701898315,12,2,75,-0.136217377587165,0.781586012152972,24,3.74817778458849,1,-9.7528,4705,0.4,0,12,"both",-0.136217377587165,0.781586012152972
"1759","session2",-17.5351282617146,12.3982971643936,1.60551396970669,0.00010784037183708,0.580849649552698,0.357425643546428,0.317009701898315,12,2,75,-0.136217377587165,0.781586012152972,24,1.82355452928713,1,-29.72519,4705,0.4,0,12,"both",-0.136217377587165,0.781586012152972
"1760","session2",-17.5351282617146,12.3982971643936,1.60551396970669,0.00010784037183708,0.580849649552698,0.357425643546428,0.317009701898315,12,2,75,-0.136217377587165,0.781586012152972,24,2.62228792779526,1,-36.0122,4705,0.4,0,12,"both",-0.136217377587165,0.781586012152972
"1761","session2",-17.5351282617146,12.3982971643936,1.60551396970669,0.00010784037183708,0.580849649552698,0.357425643546428,0.317009701898315,12,2,75,-0.136217377587165,0.781586012152972,24,2.84744830285896,0,-23.83900752,4705,0.4,0,12,"both",-0.136217377587165,0.781586012152972
"1762","session2",-17.5351282617146,12.3982971643936,1.60551396970669,0.00010784037183708,0.580849649552698,0.357425643546428,0.317009701898315,12,2,75,-0.136217377587165,0.781586012152972,24,2.98521931301898,0,-34.53919,4705,0.4,0,12,"both",-0.136217377587165,0.781586012152972
"1763","session2",-17.5351282617146,12.3982971643936,1.60551396970669,0.00010784037183708,0.580849649552698,0.357425643546428,0.317009701898315,12,2,75,-0.136217377587165,0.781586012152972,24,1.46224378006676,0,-37.9133,4705,0.4,0,12,"both",-0.136217377587165,0.781586012152972
"1764","session2",-17.5351282617146,12.3982971643936,1.60551396970669,0.00010784037183708,0.580849649552698,0.357425643546428,0.317009701898315,12,2,75,-0.136217377587165,0.781586012152972,24,3.37515779472189,1,-30.98507,4705,0.4,0,12,"both",-0.136217377587165,0.781586012152972
"1765","session2",-17.5351282617146,12.3982971643936,1.60551396970669,0.00010784037183708,0.580849649552698,0.357425643546428,0.317009701898315,12,2,75,-0.136217377587165,0.781586012152972,24,1.60119712401676,0,-32.5863,4705,0.4,0,12,"both",-0.136217377587165,0.781586012152972
"1766","session2",-17.5351282617146,12.3982971643936,1.60551396970669,0.00010784037183708,0.580849649552698,0.357425643546428,0.317009701898315,12,2,75,-0.136217377587165,0.781586012152972,24,2.95819665817555,0,-25.27753,4705,0.4,0,12,"both",-0.136217377587165,0.781586012152972
"1767","session2",-17.5351282617146,12.3982971643936,1.60551396970669,0.00010784037183708,0.580849649552698,0.357425643546428,0.317009701898315,12,2,75,-0.136217377587165,0.781586012152972,24,3.57013442379463,1,-10.33694,4705,0.4,0,12,"both",-0.136217377587165,0.781586012152972
"1768","session2",-17.5351282617146,12.3982971643936,1.60551396970669,0.00010784037183708,0.580849649552698,0.357425643546428,0.317009701898315,12,2,75,-0.136217377587165,0.781586012152972,24,1.84229407394837,1,-10.3366,4705,0.4,0,12,"both",-0.136217377587165,0.781586012152972
"1769","session2",-17.5351282617146,12.3982971643936,1.60551396970669,0.00010784037183708,0.580849649552698,0.357425643546428,0.317009701898315,12,2,75,-0.136217377587165,0.781586012152972,24,1.97655532990898,0,-32.1405,4705,0.4,0,12,"both",-0.136217377587165,0.781586012152972
"1770","session2",-17.5351282617146,12.3982971643936,1.60551396970669,0.00010784037183708,0.580849649552698,0.357425643546428,0.317009701898315,12,2,75,-0.136217377587165,0.781586012152972,24,3.27907865328904,1,-7.8502,4705,0.4,0,12,"both",-0.136217377587165,0.781586012152972
"1771","session2",-17.5351282617146,12.3982971643936,1.60551396970669,0.00010784037183708,0.580849649552698,0.357425643546428,0.317009701898315,12,2,75,-0.136217377587165,0.781586012152972,24,3.11252161229217,0,-16.99429,4705,0.4,0,12,"both",-0.136217377587165,0.781586012152972
"1772","session2",-17.5351282617146,12.3982971643936,1.60551396970669,0.00010784037183708,0.580849649552698,0.357425643546428,0.317009701898315,12,2,75,-0.136217377587165,0.781586012152972,24,2.34069096482839,1,-10.7073,4705,0.4,0,12,"both",-0.136217377587165,0.781586012152972
"1773","session2",-17.5351282617146,12.3982971643936,1.60551396970669,0.00010784037183708,0.580849649552698,0.357425643546428,0.317009701898315,12,2,75,-0.136217377587165,0.781586012152972,24,1.89775997412804,1,-8.4779,4705,0.4,0,12,"both",-0.136217377587165,0.781586012152972
"1774","session2",-17.5351282617146,12.3982971643936,1.60551396970669,0.00010784037183708,0.580849649552698,0.357425643546428,0.317009701898315,12,2,75,-0.136217377587165,0.781586012152972,24,7.06759150144963,1,-22.3395356,4705,0.4,0,12,"both",-0.136217377587165,0.781586012152972
"1775","session2",-17.5351282617146,12.3982971643936,1.60551396970669,0.00010784037183708,0.580849649552698,0.357425643546428,0.317009701898315,12,2,75,-0.136217377587165,0.781586012152972,24,2.67282401782196,1,-10.819,4705,0.4,0,12,"both",-0.136217377587165,0.781586012152972
"1776","session2",-17.5351282617146,12.3982971643936,1.60551396970669,0.00010784037183708,0.580849649552698,0.357425643546428,0.317009701898315,12,2,75,-0.136217377587165,0.781586012152972,24,2.06216194964271,1,-11.22579,4705,0.4,0,12,"both",-0.136217377587165,0.781586012152972
"1777","session2",-17.5351282617146,12.3982971643936,1.60551396970669,0.00010784037183708,0.580849649552698,0.357425643546428,0.317009701898315,12,2,75,-0.136217377587165,0.781586012152972,24,2.90293620760834,0,-15.8936,4705,0.4,0,12,"both",-0.136217377587165,0.781586012152972
"1778","session2",-17.5351282617146,12.3982971643936,1.60551396970669,0.00010784037183708,0.580849649552698,0.357425643546428,0.317009701898315,12,2,75,-0.136217377587165,0.781586012152972,24,1.93730151954109,1,-6.4154,4705,0.4,0,12,"both",-0.136217377587165,0.781586012152972
"1779","session2",-17.5351282617146,12.3982971643936,1.60551396970669,0.00010784037183708,0.580849649552698,0.357425643546428,0.317009701898315,12,2,75,-0.136217377587165,0.781586012152972,24,1.15197195241488,0,-39.1018,4705,0.4,0,12,"both",-0.136217377587165,0.781586012152972
"1780","session2",-17.5351282617146,12.3982971643936,1.60551396970669,0.00010784037183708,0.580849649552698,0.357425643546428,0.317009701898315,12,2,75,-0.136217377587165,0.781586012152972,24,2.52303410066011,0,-36.3779,4705,0.4,0,12,"both",-0.136217377587165,0.781586012152972
"1781","session2",-17.5351282617146,12.3982971643936,1.60551396970669,0.00010784037183708,0.580849649552698,0.357425643546428,0.317009701898315,12,2,75,-0.136217377587165,0.781586012152972,24,1.60279905326261,0,-28.65339,4705,0.4,0,12,"both",-0.136217377587165,0.781586012152972
"1782","session2",-17.5351282617146,12.3982971643936,1.60551396970669,0.00010784037183708,0.580849649552698,0.357425643546428,0.317009701898315,12,2,75,-0.136217377587165,0.781586012152972,24,5.77634499562357,1,-15.5028,4705,0.4,0,12,"both",-0.136217377587165,0.781586012152972
"1783","session2",-17.5351282617146,12.3982971643936,1.60551396970669,0.00010784037183708,0.580849649552698,0.357425643546428,0.317009701898315,12,2,75,-0.136217377587165,0.781586012152972,24,2.08784343939146,0,-16.18932,4705,0.4,0,12,"both",-0.136217377587165,0.781586012152972
"1784","session2",-17.5351282617146,12.3982971643936,1.60551396970669,0.00010784037183708,0.580849649552698,0.357425643546428,0.317009701898315,12,2,75,-0.136217377587165,0.781586012152972,24,3.80535843423896,1,-9.2653,4705,0.4,0,12,"both",-0.136217377587165,0.781586012152972
"1785","session2",-17.5351282617146,12.3982971643936,1.60551396970669,0.00010784037183708,0.580849649552698,0.357425643546428,0.317009701898315,12,2,75,-0.136217377587165,0.781586012152972,24,3.30391881664891,1,-9.793,4705,0.4,0,12,"both",-0.136217377587165,0.781586012152972
"1786","session2",-17.5351282617146,12.3982971643936,1.60551396970669,0.00010784037183708,0.580849649552698,0.357425643546428,0.317009701898315,12,2,75,-0.136217377587165,0.781586012152972,24,2.38728158163002,1,-7.4909,4705,0.4,0,12,"both",-0.136217377587165,0.781586012152972
"1787","session2",-17.5351282617146,12.3982971643936,1.60551396970669,0.00010784037183708,0.580849649552698,0.357425643546428,0.317009701898315,12,2,75,-0.136217377587165,0.781586012152972,24,2.96128394521262,1,-2.7933,4705,0.4,0,12,"both",-0.136217377587165,0.781586012152972
"1788","session2",-17.5351282617146,12.3982971643936,1.60551396970669,0.00010784037183708,0.580849649552698,0.357425643546428,0.317009701898315,12,2,75,-0.136217377587165,0.781586012152972,24,3.42096587558667,1,-9.6509,4705,0.4,0,12,"both",-0.136217377587165,0.781586012152972
"1789","session2",-17.5351282617146,12.3982971643936,1.60551396970669,0.00010784037183708,0.580849649552698,0.357425643546428,0.317009701898315,12,2,75,-0.136217377587165,0.781586012152972,24,3.11875389683216,0,-39.9034,4705,0.4,0,12,"both",-0.136217377587165,0.781586012152972
"1790","session2",-17.5351282617146,12.3982971643936,1.60551396970669,0.00010784037183708,0.580849649552698,0.357425643546428,0.317009701898315,12,2,75,-0.136217377587165,0.781586012152972,24,1.82099522101459,0,-34.7414,4705,0.4,0,12,"both",-0.136217377587165,0.781586012152972
"1791","session2",-17.5351282617146,12.3982971643936,1.60551396970669,0.00010784037183708,0.580849649552698,0.357425643546428,0.317009701898315,12,2,75,-0.136217377587165,0.781586012152972,24,2.07168973403443,0,-33.5696,4705,0.4,0,12,"both",-0.136217377587165,0.781586012152972
"1792","session2",-17.5351282617146,12.3982971643936,1.60551396970669,0.00010784037183708,0.580849649552698,0.357425643546428,0.317009701898315,12,2,75,-0.136217377587165,0.781586012152972,24,2.4384728688276,0,-35.0648,4705,0.4,0,12,"both",-0.136217377587165,0.781586012152972
"1793","session2",-17.5351282617146,12.3982971643936,1.60551396970669,0.00010784037183708,0.580849649552698,0.357425643546428,0.317009701898315,12,2,75,-0.136217377587165,0.781586012152972,24,3.03321928364438,1,-12.6732,4705,0.4,0,12,"both",-0.136217377587165,0.781586012152972
"1794","session2",-17.5351282617146,12.3982971643936,1.60551396970669,0.00010784037183708,0.580849649552698,0.357425643546428,0.317009701898315,12,2,75,-0.136217377587165,0.781586012152972,24,2.16267753145621,1,-12.91244,4705,0.4,0,12,"both",-0.136217377587165,0.781586012152972
"1795","session2",-17.5351282617146,12.3982971643936,1.60551396970669,0.00010784037183708,0.580849649552698,0.357425643546428,0.317009701898315,12,2,75,-0.136217377587165,0.781586012152972,24,3.90041807284727,0,-34.5566,4705,0.4,0,12,"both",-0.136217377587165,0.781586012152972
"1796","session2",-17.5351282617146,12.3982971643936,1.60551396970669,0.00010784037183708,0.580849649552698,0.357425643546428,0.317009701898315,12,2,75,-0.136217377587165,0.781586012152972,24,3.13787594961887,0,-30.04,4705,0.4,0,12,"both",-0.136217377587165,0.781586012152972
"1797","session2",-17.5351282617146,12.3982971643936,1.60551396970669,0.00010784037183708,0.580849649552698,0.357425643546428,0.317009701898315,12,2,75,-0.136217377587165,0.781586012152972,24,3.14495116648235,0,-30.04,4705,0.4,0,12,"both",-0.136217377587165,0.781586012152972
"1798","session2",-17.5351282617146,12.3982971643936,1.60551396970669,0.00010784037183708,0.580849649552698,0.357425643546428,0.317009701898315,12,2,75,-0.136217377587165,0.781586012152972,24,3.25552691111783,0,-7.1424,4705,0.4,0,12,"both",-0.136217377587165,0.781586012152972
"1799","session2",-17.5351282617146,12.3982971643936,1.60551396970669,0.00010784037183708,0.580849649552698,0.357425643546428,0.317009701898315,12,2,75,-0.136217377587165,0.781586012152972,24,3.76451791940656,1,-4.4219,4705,0.4,0,12,"both",-0.136217377587165,0.781586012152972
"1800","session2",-17.5351282617146,12.3982971643936,1.60551396970669,0.00010784037183708,0.580849649552698,0.357425643546428,0.317009701898315,12,2,75,-0.136217377587165,0.781586012152972,24,2.81140900912897,0,-30.62391,4705,0.4,0,12,"both",-0.136217377587165,0.781586012152972
