"","X","prob","resp","rts","trials","real_lambda_con","real_alpha_con","real_beta_con","real_inter_con","real_betarts_con","real_sigma_con","real_shift_con","real_lambda_uncon","real_alpha_uncon","real_beta_uncon","real_inter_uncon","real_betarts_uncon","real_sigma_uncon","real_shift_uncon","id","subs","sessions","model","trials.1"
"1",7.393750095735,0.404820345167539,0,0.592913355461238,80,0.0256652470571575,8.64133110256625,4.90786431819663,-1.65957650255271,2.82110008881297,0.345086179827489,0.342406460770849,-2.9167754800748,8.64133110256625,1.59083888143732,-1.65957650255271,1.0371269112958,-1.06396109654334,-1.07175676581883,-639.566863597733,1,1,"normal",1
"2",10.2557734028,0.622286615871183,1,0.73467606453989,80,0.0256652470571575,8.64133110256625,4.90786431819663,-1.65957650255271,2.82110008881297,0.345086179827489,0.342406460770849,-2.9167754800748,8.64133110256625,1.59083888143732,-1.65957650255271,1.0371269112958,-1.06396109654334,-1.07175676581883,-639.566863597733,1,1,"normal",2
"3",0.46119342124,0.0709955016937013,0,0.588355430308057,80,0.0256652470571575,8.64133110256625,4.90786431819663,-1.65957650255271,2.82110008881297,0.345086179827489,0.342406460770849,-2.9167754800748,8.64133110256625,1.59083888143732,-1.65957650255271,1.0371269112958,-1.06396109654334,-1.07175676581883,-639.566863597733,1,1,"normal",3
"4",7.2110973034,0.391250512262201,0,0.57135935448447,80,0.0256652470571575,8.64133110256625,4.90786431819663,-1.65957650255271,2.82110008881297,0.345086179827489,0.342406460770849,-2.9167754800748,8.64133110256625,1.59083888143732,-1.65957650255271,1.0371269112958,-1.06396109654334,-1.07175676581883,-639.566863597733,1,1,"normal",4
"5",-11.5173,0.0256842258313297,0,0.458579938059902,80,0.0256652470571575,8.64133110256625,4.90786431819663,-1.65957650255271,2.82110008881297,0.345086179827489,0.342406460770849,-2.9167754800748,8.64133110256625,1.59083888143732,-1.65957650255271,1.0371269112958,-1.06396109654334,-1.07175676581883,-639.566863597733,1,1,"normal",5
"6",10.662811948,0.651586502753316,0,0.730110637900599,80,0.0256652470571575,8.64133110256625,4.90786431819663,-1.65957650255271,2.82110008881297,0.345086179827489,0.342406460770849,-2.9167754800748,8.64133110256625,1.59083888143732,-1.65957650255271,1.0371269112958,-1.06396109654334,-1.07175676581883,-639.566863597733,1,1,"normal",6
"7",8.22758,0.468131807152485,1,1.32289541735334,80,0.0256652470571575,8.64133110256625,4.90786431819663,-1.65957650255271,2.82110008881297,0.345086179827489,0.342406460770849,-2.9167754800748,8.64133110256625,1.59083888143732,-1.65957650255271,1.0371269112958,-1.06396109654334,-1.07175676581883,-639.566863597733,1,1,"normal",7
"8",-11.9578,0.0256780670654999,0,0.533350505738408,80,0.0256652470571575,8.64133110256625,4.90786431819663,-1.65957650255271,2.82110008881297,0.345086179827489,0.342406460770849,-2.9167754800748,8.64133110256625,1.59083888143732,-1.65957650255271,1.0371269112958,-1.06396109654334,-1.07175676581883,-639.566863597733,1,1,"normal",8
"9",42.0388,0.974334752938046,1,0.579030164014355,80,0.0256652470571575,8.64133110256625,4.90786431819663,-1.65957650255271,2.82110008881297,0.345086179827489,0.342406460770849,-2.9167754800748,8.64133110256625,1.59083888143732,-1.65957650255271,1.0371269112958,-1.06396109654334,-1.07175676581883,-639.566863597733,1,1,"normal",9
"10",19.47916,0.961420364070041,1,0.803771925684011,80,0.0256652470571575,8.64133110256625,4.90786431819663,-1.65957650255271,2.82110008881297,0.345086179827489,0.342406460770849,-2.9167754800748,8.64133110256625,1.59083888143732,-1.65957650255271,1.0371269112958,-1.06396109654334,-1.07175676581883,-639.566863597733,1,1,"normal",10
"11",12.62961,0.776807486472708,1,0.737307725290106,80,0.0256652470571575,8.64133110256625,4.90786431819663,-1.65957650255271,2.82110008881297,0.345086179827489,0.342406460770849,-2.9167754800748,8.64133110256625,1.59083888143732,-1.65957650255271,1.0371269112958,-1.06396109654334,-1.07175676581883,-639.566863597733,1,1,"normal",11
"12",13.48616,0.820856130773452,1,0.677934268889232,80,0.0256652470571575,8.64133110256625,4.90786431819663,-1.65957650255271,2.82110008881297,0.345086179827489,0.342406460770849,-2.9167754800748,8.64133110256625,1.59083888143732,-1.65957650255271,1.0371269112958,-1.06396109654334,-1.07175676581883,-639.566863597733,1,1,"normal",12
"13",5.71452,0.286995515361106,0,0.721315316598549,80,0.0256652470571575,8.64133110256625,4.90786431819663,-1.65957650255271,2.82110008881297,0.345086179827489,0.342406460770849,-2.9167754800748,8.64133110256625,1.59083888143732,-1.65957650255271,1.0371269112958,-1.06396109654334,-1.07175676581883,-639.566863597733,1,1,"normal",13
"14",15.01538,0.882298381350058,1,0.560275131681615,80,0.0256652470571575,8.64133110256625,4.90786431819663,-1.65957650255271,2.82110008881297,0.345086179827489,0.342406460770849,-2.9167754800748,8.64133110256625,1.59083888143732,-1.65957650255271,1.0371269112958,-1.06396109654334,-1.07175676581883,-639.566863597733,1,1,"normal",14
"15",13.47775,0.820457390112768,0,0.570729203496306,80,0.0256652470571575,8.64133110256625,4.90786431819663,-1.65957650255271,2.82110008881297,0.345086179827489,0.342406460770849,-2.9167754800748,8.64133110256625,1.59083888143732,-1.65957650255271,1.0371269112958,-1.06396109654334,-1.07175676581883,-639.566863597733,1,1,"normal",15
"16",4.95508,0.240348250219866,0,0.695594224357248,80,0.0256652470571575,8.64133110256625,4.90786431819663,-1.65957650255271,2.82110008881297,0.345086179827489,0.342406460770849,-2.9167754800748,8.64133110256625,1.59083888143732,-1.65957650255271,1.0371269112958,-1.06396109654334,-1.07175676581883,-639.566863597733,1,1,"normal",16
"17",11.89133,0.733447833571045,1,0.531887237027283,80,0.0256652470571575,8.64133110256625,4.90786431819663,-1.65957650255271,2.82110008881297,0.345086179827489,0.342406460770849,-2.9167754800748,8.64133110256625,1.59083888143732,-1.65957650255271,1.0371269112958,-1.06396109654334,-1.07175676581883,-639.566863597733,1,1,"normal",17
"18",4.61801,0.221255806996424,0,0.642505503629328,80,0.0256652470571575,8.64133110256625,4.90786431819663,-1.65957650255271,2.82110008881297,0.345086179827489,0.342406460770849,-2.9167754800748,8.64133110256625,1.59083888143732,-1.65957650255271,1.0371269112958,-1.06396109654334,-1.07175676581883,-639.566863597733,1,1,"normal",18
"19",22.3946,0.971927934529199,1,0.573859158997222,80,0.0256652470571575,8.64133110256625,4.90786431819663,-1.65957650255271,2.82110008881297,0.345086179827489,0.342406460770849,-2.9167754800748,8.64133110256625,1.59083888143732,-1.65957650255271,1.0371269112958,-1.06396109654334,-1.07175676581883,-639.566863597733,1,1,"normal",19
"20",15.09973,0.885065893101282,1,0.558281629872263,80,0.0256652470571575,8.64133110256625,4.90786431819663,-1.65957650255271,2.82110008881297,0.345086179827489,0.342406460770849,-2.9167754800748,8.64133110256625,1.59083888143732,-1.65957650255271,1.0371269112958,-1.06396109654334,-1.07175676581883,-639.566863597733,1,1,"normal",20
"21",11.9388,0.736378276123488,1,0.730416961559056,80,0.0256652470571575,8.64133110256625,4.90786431819663,-1.65957650255271,2.82110008881297,0.345086179827489,0.342406460770849,-2.9167754800748,8.64133110256625,1.59083888143732,-1.65957650255271,1.0371269112958,-1.06396109654334,-1.07175676581883,-639.566863597733,1,1,"normal",21
"22",5.43753,0.26942215319962,0,0.702319292208186,80,0.0256652470571575,8.64133110256625,4.90786431819663,-1.65957650255271,2.82110008881297,0.345086179827489,0.342406460770849,-2.9167754800748,8.64133110256625,1.59083888143732,-1.65957650255271,1.0371269112958,-1.06396109654334,-1.07175676581883,-639.566863597733,1,1,"normal",22
"23",11.41395,0.702958956896406,1,0.788931910097489,80,0.0256652470571575,8.64133110256625,4.90786431819663,-1.65957650255271,2.82110008881297,0.345086179827489,0.342406460770849,-2.9167754800748,8.64133110256625,1.59083888143732,-1.65957650255271,1.0371269112958,-1.06396109654334,-1.07175676581883,-639.566863597733,1,1,"normal",23
"24",13.11509,0.802622645351252,1,0.81091338726257,80,0.0256652470571575,8.64133110256625,4.90786431819663,-1.65957650255271,2.82110008881297,0.345086179827489,0.342406460770849,-2.9167754800748,8.64133110256625,1.59083888143732,-1.65957650255271,1.0371269112958,-1.06396109654334,-1.07175676581883,-639.566863597733,1,1,"normal",24
"25",8.98263,0.526297678818485,0,0.674691987847941,80,0.0256652470571575,8.64133110256625,4.90786431819663,-1.65957650255271,2.82110008881297,0.345086179827489,0.342406460770849,-2.9167754800748,8.64133110256625,1.59083888143732,-1.65957650255271,1.0371269112958,-1.06396109654334,-1.07175676581883,-639.566863597733,1,1,"normal",25
"26",13.56286,0.82446158050277,1,0.760949070398543,80,0.0256652470571575,8.64133110256625,4.90786431819663,-1.65957650255271,2.82110008881297,0.345086179827489,0.342406460770849,-2.9167754800748,8.64133110256625,1.59083888143732,-1.65957650255271,1.0371269112958,-1.06396109654334,-1.07175676581883,-639.566863597733,1,1,"normal",26
"27",14.16206,0.850702986988797,1,0.639851849793822,80,0.0256652470571575,8.64133110256625,4.90786431819663,-1.65957650255271,2.82110008881297,0.345086179827489,0.342406460770849,-2.9167754800748,8.64133110256625,1.59083888143732,-1.65957650255271,1.0371269112958,-1.06396109654334,-1.07175676581883,-639.566863597733,1,1,"normal",27
"28",6.17396,0.317451471399648,0,0.622112981531156,80,0.0256652470571575,8.64133110256625,4.90786431819663,-1.65957650255271,2.82110008881297,0.345086179827489,0.342406460770849,-2.9167754800748,8.64133110256625,1.59083888143732,-1.65957650255271,1.0371269112958,-1.06396109654334,-1.07175676581883,-639.566863597733,1,1,"normal",28
"29",6.05706,0.309555140960895,1,0.704774236109626,80,0.0256652470571575,8.64133110256625,4.90786431819663,-1.65957650255271,2.82110008881297,0.345086179827489,0.342406460770849,-2.9167754800748,8.64133110256625,1.59083888143732,-1.65957650255271,1.0371269112958,-1.06396109654334,-1.07175676581883,-639.566863597733,1,1,"normal",29
"30",11.78388,0.726745370960531,1,0.958465151714802,80,0.0256652470571575,8.64133110256625,4.90786431819663,-1.65957650255271,2.82110008881297,0.345086179827489,0.342406460770849,-2.9167754800748,8.64133110256625,1.59083888143732,-1.65957650255271,1.0371269112958,-1.06396109654334,-1.07175676581883,-639.566863597733,1,1,"normal",30
"31",4.93943,0.239439121755758,0,0.583831995972236,80,0.0256652470571575,8.64133110256625,4.90786431819663,-1.65957650255271,2.82110008881297,0.345086179827489,0.342406460770849,-2.9167754800748,8.64133110256625,1.59083888143732,-1.65957650255271,1.0371269112958,-1.06396109654334,-1.07175676581883,-639.566863597733,1,1,"normal",31
"32",8.67282,0.502428213859034,0,0.746888567798703,80,0.0256652470571575,8.64133110256625,4.90786431819663,-1.65957650255271,2.82110008881297,0.345086179827489,0.342406460770849,-2.9167754800748,8.64133110256625,1.59083888143732,-1.65957650255271,1.0371269112958,-1.06396109654334,-1.07175676581883,-639.566863597733,1,1,"normal",32
"33",10.50957,0.640662144820777,1,0.697600313628192,80,0.0256652470571575,8.64133110256625,4.90786431819663,-1.65957650255271,2.82110008881297,0.345086179827489,0.342406460770849,-2.9167754800748,8.64133110256625,1.59083888143732,-1.65957650255271,1.0371269112958,-1.06396109654334,-1.07175676581883,-639.566863597733,1,1,"normal",33
"34",9.85712,0.592804046742695,1,0.644320993423007,80,0.0256652470571575,8.64133110256625,4.90786431819663,-1.65957650255271,2.82110008881297,0.345086179827489,0.342406460770849,-2.9167754800748,8.64133110256625,1.59083888143732,-1.65957650255271,1.0371269112958,-1.06396109654334,-1.07175676581883,-639.566863597733,1,1,"normal",34
"35",9.96882,0.601133163028558,1,0.756699646715502,80,0.0256652470571575,8.64133110256625,4.90786431819663,-1.65957650255271,2.82110008881297,0.345086179827489,0.342406460770849,-2.9167754800748,8.64133110256625,1.59083888143732,-1.65957650255271,1.0371269112958,-1.06396109654334,-1.07175676581883,-639.566863597733,1,1,"normal",35
"36",7.61264,0.421250680413751,0,0.593875826584473,80,0.0256652470571575,8.64133110256625,4.90786431819663,-1.65957650255271,2.82110008881297,0.345086179827489,0.342406460770849,-2.9167754800748,8.64133110256625,1.59083888143732,-1.65957650255271,1.0371269112958,-1.06396109654334,-1.07175676581883,-639.566863597733,1,1,"normal",36
"37",18.486,0.953052647906041,1,0.485833769246677,80,0.0256652470571575,8.64133110256625,4.90786431819663,-1.65957650255271,2.82110008881297,0.345086179827489,0.342406460770849,-2.9167754800748,8.64133110256625,1.59083888143732,-1.65957650255271,1.0371269112958,-1.06396109654334,-1.07175676581883,-639.566863597733,1,1,"normal",37
"38",11.62086,0.716396563930137,1,0.678454404070453,80,0.0256652470571575,8.64133110256625,4.90786431819663,-1.65957650255271,2.82110008881297,0.345086179827489,0.342406460770849,-2.9167754800748,8.64133110256625,1.59083888143732,-1.65957650255271,1.0371269112958,-1.06396109654334,-1.07175676581883,-639.566863597733,1,1,"normal",38
"39",12.99603,0.796495843157782,1,0.932141710392485,80,0.0256652470571575,8.64133110256625,4.90786431819663,-1.65957650255271,2.82110008881297,0.345086179827489,0.342406460770849,-2.9167754800748,8.64133110256625,1.59083888143732,-1.65957650255271,1.0371269112958,-1.06396109654334,-1.07175676581883,-639.566863597733,1,1,"normal",39
"40",6.92038,0.36996095880513,0,0.642822937571763,80,0.0256652470571575,8.64133110256625,4.90786431819663,-1.65957650255271,2.82110008881297,0.345086179827489,0.342406460770849,-2.9167754800748,8.64133110256625,1.59083888143732,-1.65957650255271,1.0371269112958,-1.06396109654334,-1.07175676581883,-639.566863597733,1,1,"normal",40
"41",11.23236,0.690898354685422,1,0.667554807060508,80,0.0256652470571575,8.64133110256625,4.90786431819663,-1.65957650255271,2.82110008881297,0.345086179827489,0.342406460770849,-2.9167754800748,8.64133110256625,1.59083888143732,-1.65957650255271,1.0371269112958,-1.06396109654334,-1.07175676581883,-639.566863597733,1,1,"normal",41
"42",8.67384,0.502506868327226,0,0.724297959102077,80,0.0256652470571575,8.64133110256625,4.90786431819663,-1.65957650255271,2.82110008881297,0.345086179827489,0.342406460770849,-2.9167754800748,8.64133110256625,1.59083888143732,-1.65957650255271,1.0371269112958,-1.06396109654334,-1.07175676581883,-639.566863597733,1,1,"normal",42
"43",7.80823,0.436063551090874,0,0.687534795259277,80,0.0256652470571575,8.64133110256625,4.90786431819663,-1.65957650255271,2.82110008881297,0.345086179827489,0.342406460770849,-2.9167754800748,8.64133110256625,1.59083888143732,-1.65957650255271,1.0371269112958,-1.06396109654334,-1.07175676581883,-639.566863597733,1,1,"normal",43
"44",6.93295,0.370872891107628,0,0.857714608812845,80,0.0256652470571575,8.64133110256625,4.90786431819663,-1.65957650255271,2.82110008881297,0.345086179827489,0.342406460770849,-2.9167754800748,8.64133110256625,1.59083888143732,-1.65957650255271,1.0371269112958,-1.06396109654334,-1.07175676581883,-639.566863597733,1,1,"normal",44
"45",11.70929,0.722036879293098,0,0.671957945639629,80,0.0256652470571575,8.64133110256625,4.90786431819663,-1.65957650255271,2.82110008881297,0.345086179827489,0.342406460770849,-2.9167754800748,8.64133110256625,1.59083888143732,-1.65957650255271,1.0371269112958,-1.06396109654334,-1.07175676581883,-639.566863597733,1,1,"normal",45
"46",6.30301,0.326278832805982,0,0.715011042674996,80,0.0256652470571575,8.64133110256625,4.90786431819663,-1.65957650255271,2.82110008881297,0.345086179827489,0.342406460770849,-2.9167754800748,8.64133110256625,1.59083888143732,-1.65957650255271,1.0371269112958,-1.06396109654334,-1.07175676581883,-639.566863597733,1,1,"normal",46
"47",12.49679,0.769364798468674,1,0.780065164823084,80,0.0256652470571575,8.64133110256625,4.90786431819663,-1.65957650255271,2.82110008881297,0.345086179827489,0.342406460770849,-2.9167754800748,8.64133110256625,1.59083888143732,-1.65957650255271,1.0371269112958,-1.06396109654334,-1.07175676581883,-639.566863597733,1,1,"normal",47
"48",6.7603,0.358420797835443,0,0.63411704745113,80,0.0256652470571575,8.64133110256625,4.90786431819663,-1.65957650255271,2.82110008881297,0.345086179827489,0.342406460770849,-2.9167754800748,8.64133110256625,1.59083888143732,-1.65957650255271,1.0371269112958,-1.06396109654334,-1.07175676581883,-639.566863597733,1,1,"normal",48
"49",3.85349,0.181859000544989,0,0.613993055896771,80,0.0256652470571575,8.64133110256625,4.90786431819663,-1.65957650255271,2.82110008881297,0.345086179827489,0.342406460770849,-2.9167754800748,8.64133110256625,1.59083888143732,-1.65957650255271,1.0371269112958,-1.06396109654334,-1.07175676581883,-639.566863597733,1,1,"normal",49
"50",6.56815,0.344758927546403,1,0.622005323933381,80,0.0256652470571575,8.64133110256625,4.90786431819663,-1.65957650255271,2.82110008881297,0.345086179827489,0.342406460770849,-2.9167754800748,8.64133110256625,1.59083888143732,-1.65957650255271,1.0371269112958,-1.06396109654334,-1.07175676581883,-639.566863597733,1,1,"normal",50
"51",6.84677,0.364637280553106,0,0.695603672740778,80,0.0256652470571575,8.64133110256625,4.90786431819663,-1.65957650255271,2.82110008881297,0.345086179827489,0.342406460770849,-2.9167754800748,8.64133110256625,1.59083888143732,-1.65957650255271,1.0371269112958,-1.06396109654334,-1.07175676581883,-639.566863597733,1,1,"normal",51
"52",12.05442,0.743436075723535,1,0.670381386993678,80,0.0256652470571575,8.64133110256625,4.90786431819663,-1.65957650255271,2.82110008881297,0.345086179827489,0.342406460770849,-2.9167754800748,8.64133110256625,1.59083888143732,-1.65957650255271,1.0371269112958,-1.06396109654334,-1.07175676581883,-639.566863597733,1,1,"normal",52
"53",12.1726,0.750531612469123,1,0.643894615897584,80,0.0256652470571575,8.64133110256625,4.90786431819663,-1.65957650255271,2.82110008881297,0.345086179827489,0.342406460770849,-2.9167754800748,8.64133110256625,1.59083888143732,-1.65957650255271,1.0371269112958,-1.06396109654334,-1.07175676581883,-639.566863597733,1,1,"normal",53
"54",8.03563,0.453410346848562,0,0.834103962529295,80,0.0256652470571575,8.64133110256625,4.90786431819663,-1.65957650255271,2.82110008881297,0.345086179827489,0.342406460770849,-2.9167754800748,8.64133110256625,1.59083888143732,-1.65957650255271,1.0371269112958,-1.06396109654334,-1.07175676581883,-639.566863597733,1,1,"normal",54
"55",11.02779,0.677027185219328,1,0.702913111394247,80,0.0256652470571575,8.64133110256625,4.90786431819663,-1.65957650255271,2.82110008881297,0.345086179827489,0.342406460770849,-2.9167754800748,8.64133110256625,1.59083888143732,-1.65957650255271,1.0371269112958,-1.06396109654334,-1.07175676581883,-639.566863597733,1,1,"normal",55
"56",6.54398,0.343055952841715,1,0.643909592246535,80,0.0256652470571575,8.64133110256625,4.90786431819663,-1.65957650255271,2.82110008881297,0.345086179827489,0.342406460770849,-2.9167754800748,8.64133110256625,1.59083888143732,-1.65957650255271,1.0371269112958,-1.06396109654334,-1.07175676581883,-639.566863597733,1,1,"normal",56
"57",7.11912,0.384471578189875,1,0.637709130058179,80,0.0256652470571575,8.64133110256625,4.90786431819663,-1.65957650255271,2.82110008881297,0.345086179827489,0.342406460770849,-2.9167754800748,8.64133110256625,1.59083888143732,-1.65957650255271,1.0371269112958,-1.06396109654334,-1.07175676581883,-639.566863597733,1,1,"normal",57
"58",7.0561,0.379849414260181,1,0.590649105738154,80,0.0256652470571575,8.64133110256625,4.90786431819663,-1.65957650255271,2.82110008881297,0.345086179827489,0.342406460770849,-2.9167754800748,8.64133110256625,1.59083888143732,-1.65957650255271,1.0371269112958,-1.06396109654334,-1.07175676581883,-639.566863597733,1,1,"normal",58
"59",15.90316,0.908415641085761,1,0.650234330922139,80,0.0256652470571575,8.64133110256625,4.90786431819663,-1.65957650255271,2.82110008881297,0.345086179827489,0.342406460770849,-2.9167754800748,8.64133110256625,1.59083888143732,-1.65957650255271,1.0371269112958,-1.06396109654334,-1.07175676581883,-639.566863597733,1,1,"normal",59
"60",6.70585,0.354527652696561,0,0.648486667353125,80,0.0256652470571575,8.64133110256625,4.90786431819663,-1.65957650255271,2.82110008881297,0.345086179827489,0.342406460770849,-2.9167754800748,8.64133110256625,1.59083888143732,-1.65957650255271,1.0371269112958,-1.06396109654334,-1.07175676581883,-639.566863597733,1,1,"normal",60
"61",3.78907,0.178792049392212,0,0.629978548156158,80,0.0256652470571575,8.64133110256625,4.90786431819663,-1.65957650255271,2.82110008881297,0.345086179827489,0.342406460770849,-2.9167754800748,8.64133110256625,1.59083888143732,-1.65957650255271,1.0371269112958,-1.06396109654334,-1.07175676581883,-639.566863597733,1,1,"normal",61
"62",11.10759,0.682472939522281,1,0.8204754289597,80,0.0256652470571575,8.64133110256625,4.90786431819663,-1.65957650255271,2.82110008881297,0.345086179827489,0.342406460770849,-2.9167754800748,8.64133110256625,1.59083888143732,-1.65957650255271,1.0371269112958,-1.06396109654334,-1.07175676581883,-639.566863597733,1,1,"normal",62
"63",12.75942,0.783925097851428,1,0.683235862881929,80,0.0256652470571575,8.64133110256625,4.90786431819663,-1.65957650255271,2.82110008881297,0.345086179827489,0.342406460770849,-2.9167754800748,8.64133110256625,1.59083888143732,-1.65957650255271,1.0371269112958,-1.06396109654334,-1.07175676581883,-639.566863597733,1,1,"normal",63
"64",8.40713,0.481946700248742,0,0.709539247933543,80,0.0256652470571575,8.64133110256625,4.90786431819663,-1.65957650255271,2.82110008881297,0.345086179827489,0.342406460770849,-2.9167754800748,8.64133110256625,1.59083888143732,-1.65957650255271,1.0371269112958,-1.06396109654334,-1.07175676581883,-639.566863597733,1,1,"normal",64
"65",10.36344,0.630122996166355,1,0.726527202079722,80,0.0256652470571575,8.64133110256625,4.90786431819663,-1.65957650255271,2.82110008881297,0.345086179827489,0.342406460770849,-2.9167754800748,8.64133110256625,1.59083888143732,-1.65957650255271,1.0371269112958,-1.06396109654334,-1.07175676581883,-639.566863597733,1,1,"normal",65
"66",12.15466,0.749462290530173,1,0.735610607510215,80,0.0256652470571575,8.64133110256625,4.90786431819663,-1.65957650255271,2.82110008881297,0.345086179827489,0.342406460770849,-2.9167754800748,8.64133110256625,1.59083888143732,-1.65957650255271,1.0371269112958,-1.06396109654334,-1.07175676581883,-639.566863597733,1,1,"normal",66
"67",11.75054,0.724646381714007,1,0.661375052910751,80,0.0256652470571575,8.64133110256625,4.90786431819663,-1.65957650255271,2.82110008881297,0.345086179827489,0.342406460770849,-2.9167754800748,8.64133110256625,1.59083888143732,-1.65957650255271,1.0371269112958,-1.06396109654334,-1.07175676581883,-639.566863597733,1,1,"normal",67
"68",11.5498,0.711819147403823,1,0.785801855818844,80,0.0256652470571575,8.64133110256625,4.90786431819663,-1.65957650255271,2.82110008881297,0.345086179827489,0.342406460770849,-2.9167754800748,8.64133110256625,1.59083888143732,-1.65957650255271,1.0371269112958,-1.06396109654334,-1.07175676581883,-639.566863597733,1,1,"normal",68
"69",13.58389,0.825440348101956,0,0.604323211812671,80,0.0256652470571575,8.64133110256625,4.90786431819663,-1.65957650255271,2.82110008881297,0.345086179827489,0.342406460770849,-2.9167754800748,8.64133110256625,1.59083888143732,-1.65957650255271,1.0371269112958,-1.06396109654334,-1.07175676581883,-639.566863597733,1,1,"normal",69
"70",11.14064,0.684715439562171,1,0.572462046045264,80,0.0256652470571575,8.64133110256625,4.90786431819663,-1.65957650255271,2.82110008881297,0.345086179827489,0.342406460770849,-2.9167754800748,8.64133110256625,1.59083888143732,-1.65957650255271,1.0371269112958,-1.06396109654334,-1.07175676581883,-639.566863597733,1,1,"normal",70
"71",11.79114,0.727201233481427,0,0.748291978211568,80,0.0256652470571575,8.64133110256625,4.90786431819663,-1.65957650255271,2.82110008881297,0.345086179827489,0.342406460770849,-2.9167754800748,8.64133110256625,1.59083888143732,-1.65957650255271,1.0371269112958,-1.06396109654334,-1.07175676581883,-639.566863597733,1,1,"normal",71
"72",9.86871,0.593670535442057,0,0.762742114993985,80,0.0256652470571575,8.64133110256625,4.90786431819663,-1.65957650255271,2.82110008881297,0.345086179827489,0.342406460770849,-2.9167754800748,8.64133110256625,1.59083888143732,-1.65957650255271,1.0371269112958,-1.06396109654334,-1.07175676581883,-639.566863597733,1,1,"normal",72
"73",12.36548,0.76184952083983,1,0.583249073693659,80,0.0256652470571575,8.64133110256625,4.90786431819663,-1.65957650255271,2.82110008881297,0.345086179827489,0.342406460770849,-2.9167754800748,8.64133110256625,1.59083888143732,-1.65957650255271,1.0371269112958,-1.06396109654334,-1.07175676581883,-639.566863597733,1,1,"normal",73
"74",6.4053,0.333355032278431,1,0.863454187952301,80,0.0256652470571575,8.64133110256625,4.90786431819663,-1.65957650255271,2.82110008881297,0.345086179827489,0.342406460770849,-2.9167754800748,8.64133110256625,1.59083888143732,-1.65957650255271,1.0371269112958,-1.06396109654334,-1.07175676581883,-639.566863597733,1,1,"normal",74
"75",12.24817,0.755005082717883,1,1.06126554825889,80,0.0256652470571575,8.64133110256625,4.90786431819663,-1.65957650255271,2.82110008881297,0.345086179827489,0.342406460770849,-2.9167754800748,8.64133110256625,1.59083888143732,-1.65957650255271,1.0371269112958,-1.06396109654334,-1.07175676581883,-639.566863597733,1,1,"normal",75
"76",10.99051,0.674468222493692,0,0.597877285711593,80,0.0256652470571575,8.64133110256625,4.90786431819663,-1.65957650255271,2.82110008881297,0.345086179827489,0.342406460770849,-2.9167754800748,8.64133110256625,1.59083888143732,-1.65957650255271,1.0371269112958,-1.06396109654334,-1.07175676581883,-639.566863597733,1,1,"normal",76
"77",13.57924,0.825224293084182,0,0.786992134007262,80,0.0256652470571575,8.64133110256625,4.90786431819663,-1.65957650255271,2.82110008881297,0.345086179827489,0.342406460770849,-2.9167754800748,8.64133110256625,1.59083888143732,-1.65957650255271,1.0371269112958,-1.06396109654334,-1.07175676581883,-639.566863597733,1,1,"normal",77
"78",5.2492,0.257834801435992,1,0.73690916159545,80,0.0256652470571575,8.64133110256625,4.90786431819663,-1.65957650255271,2.82110008881297,0.345086179827489,0.342406460770849,-2.9167754800748,8.64133110256625,1.59083888143732,-1.65957650255271,1.0371269112958,-1.06396109654334,-1.07175676581883,-639.566863597733,1,1,"normal",78
"79",5.28182,0.259820341768787,0,1.06006973887087,80,0.0256652470571575,8.64133110256625,4.90786431819663,-1.65957650255271,2.82110008881297,0.345086179827489,0.342406460770849,-2.9167754800748,8.64133110256625,1.59083888143732,-1.65957650255271,1.0371269112958,-1.06396109654334,-1.07175676581883,-639.566863597733,1,1,"normal",79
"80",6.24898,0.322569224277503,1,0.731895214098817,80,0.0256652470571575,8.64133110256625,4.90786431819663,-1.65957650255271,2.82110008881297,0.345086179827489,0.342406460770849,-2.9167754800748,8.64133110256625,1.59083888143732,-1.65957650255271,1.0371269112958,-1.06396109654334,-1.07175676581883,-639.566863597733,1,1,"normal",80
"81",-6.9751044384,0.340771991822902,0,0.524368971202305,80,0.0119830575661805,15.6320048246955,53.693242471929,-2.52533230987254,2.62204054340124,0.61367895509008,0.248615096989694,-3.70685634067638,15.6320048246955,3.98328715508493,-2.52533230987254,0.963952847998941,-0.48828336202763,-1.39184937371362,-564.322273387203,2,1,"normal",1
"82",6.5245888688,0.434268734015673,1,0.441319252697744,80,0.0119830575661805,15.6320048246955,53.693242471929,-2.52533230987254,2.62204054340124,0.61367895509008,0.248615096989694,-3.70685634067638,15.6320048246955,3.98328715508493,-2.52533230987254,0.963952847998941,-0.48828336202763,-1.39184937371362,-564.322273387203,2,1,"normal",2
"83",-1.4128887607,0.378436221043166,0,0.577748557233601,80,0.0119830575661805,15.6320048246955,53.693242471929,-2.52533230987254,2.62204054340124,0.61367895509008,0.248615096989694,-3.70685634067638,15.6320048246955,3.98328715508493,-2.52533230987254,0.963952847998941,-0.48828336202763,-1.39184937371362,-564.322273387203,2,1,"normal",3
"84",2.7069564831,0.407165502318145,1,0.53067268036231,80,0.0119830575661805,15.6320048246955,53.693242471929,-2.52533230987254,2.62204054340124,0.61367895509008,0.248615096989694,-3.70685634067638,15.6320048246955,3.98328715508493,-2.52533230987254,0.963952847998941,-0.48828336202763,-1.39184937371362,-564.322273387203,2,1,"normal",4
"85",-3.3394,0.36522995160878,1,0.41137133084783,80,0.0119830575661805,15.6320048246955,53.693242471929,-2.52533230987254,2.62204054340124,0.61367895509008,0.248615096989694,-3.70685634067638,15.6320048246955,3.98328715508493,-2.52533230987254,0.963952847998941,-0.48828336202763,-1.39184937371362,-564.322273387203,2,1,"normal",5
"86",-25.28972,0.22962735507593,1,0.456165782459802,80,0.0119830575661805,15.6320048246955,53.693242471929,-2.52533230987254,2.62204054340124,0.61367895509008,0.248615096989694,-3.70685634067638,15.6320048246955,3.98328715508493,-2.52533230987254,0.963952847998941,-0.48828336202763,-1.39184937371362,-564.322273387203,2,1,"normal",6
"87",-4.9893081331,0.354051480371916,1,0.392263057291828,80,0.0119830575661805,15.6320048246955,53.693242471929,-2.52533230987254,2.62204054340124,0.61367895509008,0.248615096989694,-3.70685634067638,15.6320048246955,3.98328715508493,-2.52533230987254,0.963952847998941,-0.48828336202763,-1.39184937371362,-564.322273387203,2,1,"normal",7
"88",-7.4652435912,0.337525313252449,0,0.370962506744345,80,0.0119830575661805,15.6320048246955,53.693242471929,-2.52533230987254,2.62204054340124,0.61367895509008,0.248615096989694,-3.70685634067638,15.6320048246955,3.98328715508493,-2.52533230987254,0.963952847998941,-0.48828336202763,-1.39184937371362,-564.322273387203,2,1,"normal",8
"89",-40.38313,0.156843789700308,0,0.472356838030937,80,0.0119830575661805,15.6320048246955,53.693242471929,-2.52533230987254,2.62204054340124,0.61367895509008,0.248615096989694,-3.70685634067638,15.6320048246955,3.98328715508493,-2.52533230987254,0.963952847998941,-0.48828336202763,-1.39184937371362,-564.322273387203,2,1,"normal",9
"90",27.6179,0.586204683773355,1,0.287574667007627,80,0.0119830575661805,15.6320048246955,53.693242471929,-2.52533230987254,2.62204054340124,0.61367895509008,0.248615096989694,-3.70685634067638,15.6320048246955,3.98328715508493,-2.52533230987254,0.963952847998941,-0.48828336202763,-1.39184937371362,-564.322273387203,2,1,"normal",10
"91",7.54822,0.441597441322197,0,0.384116904337712,80,0.0119830575661805,15.6320048246955,53.693242471929,-2.52533230987254,2.62204054340124,0.61367895509008,0.248615096989694,-3.70685634067638,15.6320048246955,3.98328715508493,-2.52533230987254,0.963952847998941,-0.48828336202763,-1.39184937371362,-564.322273387203,2,1,"normal",11
"92",9.62938,0.45655971734887,0,0.489761366522057,80,0.0119830575661805,15.6320048246955,53.693242471929,-2.52533230987254,2.62204054340124,0.61367895509008,0.248615096989694,-3.70685634067638,15.6320048246955,3.98328715508493,-2.52533230987254,0.963952847998941,-0.48828336202763,-1.39184937371362,-564.322273387203,2,1,"normal",12
"93",2.076861538,0.402732936078101,0,0.504747876510141,80,0.0119830575661805,15.6320048246955,53.693242471929,-2.52533230987254,2.62204054340124,0.61367895509008,0.248615096989694,-3.70685634067638,15.6320048246955,3.98328715508493,-2.52533230987254,0.963952847998941,-0.48828336202763,-1.39184937371362,-564.322273387203,2,1,"normal",13
"94",5.34059063238,0.425821553172311,0,0.655519237883084,80,0.0119830575661805,15.6320048246955,53.693242471929,-2.52533230987254,2.62204054340124,0.61367895509008,0.248615096989694,-3.70685634067638,15.6320048246955,3.98328715508493,-2.52533230987254,0.963952847998941,-0.48828336202763,-1.39184937371362,-564.322273387203,2,1,"normal",14
"95",5.37625,0.426075462764067,1,0.441919542617229,80,0.0119830575661805,15.6320048246955,53.693242471929,-2.52533230987254,2.62204054340124,0.61367895509008,0.248615096989694,-3.70685634067638,15.6320048246955,3.98328715508493,-2.52533230987254,0.963952847998941,-0.48828336202763,-1.39184937371362,-564.322273387203,2,1,"normal",15
"96",9.29267,0.454133987955521,0,0.366663306551705,80,0.0119830575661805,15.6320048246955,53.693242471929,-2.52533230987254,2.62204054340124,0.61367895509008,0.248615096989694,-3.70685634067638,15.6320048246955,3.98328715508493,-2.52533230987254,0.963952847998941,-0.48828336202763,-1.39184937371362,-564.322273387203,2,1,"normal",16
"97",-4.55238,0.356999362029032,0,0.454681130736616,80,0.0119830575661805,15.6320048246955,53.693242471929,-2.52533230987254,2.62204054340124,0.61367895509008,0.248615096989694,-3.70685634067638,15.6320048246955,3.98328715508493,-2.52533230987254,0.963952847998941,-0.48828336202763,-1.39184937371362,-564.322273387203,2,1,"normal",17
"98",3.40549222833,0.412094164619158,1,0.337197496947579,80,0.0119830575661805,15.6320048246955,53.693242471929,-2.52533230987254,2.62204054340124,0.61367895509008,0.248615096989694,-3.70685634067638,15.6320048246955,3.98328715508493,-2.52533230987254,0.963952847998941,-0.48828336202763,-1.39184937371362,-564.322273387203,2,1,"normal",18
"99",0.0435999999999979,0.38852172235943,0,0.582850133673776,80,0.0119830575661805,15.6320048246955,53.693242471929,-2.52533230987254,2.62204054340124,0.61367895509008,0.248615096989694,-3.70685634067638,15.6320048246955,3.98328715508493,-2.52533230987254,0.963952847998941,-0.48828336202763,-1.39184937371362,-564.322273387203,2,1,"normal",19
"100",7.1238034592,0.438556117352426,1,0.384922395695931,80,0.0119830575661805,15.6320048246955,53.693242471929,-2.52533230987254,2.62204054340124,0.61367895509008,0.248615096989694,-3.70685634067638,15.6320048246955,3.98328715508493,-2.52533230987254,0.963952847998941,-0.48828336202763,-1.39184937371362,-564.322273387203,2,1,"normal",20
"101",-1.5562,0.377448422791745,0,0.361211952355217,80,0.0119830575661805,15.6320048246955,53.693242471929,-2.52533230987254,2.62204054340124,0.61367895509008,0.248615096989694,-3.70685634067638,15.6320048246955,3.98328715508493,-2.52533230987254,0.963952847998941,-0.48828336202763,-1.39184937371362,-564.322273387203,2,1,"normal",21
"102",42.95878,0.689939853564578,1,0.331912656498158,80,0.0119830575661805,15.6320048246955,53.693242471929,-2.52533230987254,2.62204054340124,0.61367895509008,0.248615096989694,-3.70685634067638,15.6320048246955,3.98328715508493,-2.52533230987254,0.963952847998941,-0.48828336202763,-1.39184937371362,-564.322273387203,2,1,"normal",22
"103",5.83188060929,0.429322540866905,1,0.367766237077737,80,0.0119830575661805,15.6320048246955,53.693242471929,-2.52533230987254,2.62204054340124,0.61367895509008,0.248615096989694,-3.70685634067638,15.6320048246955,3.98328715508493,-2.52533230987254,0.963952847998941,-0.48828336202763,-1.39184937371362,-564.322273387203,2,1,"normal",23
"104",5.22985724314,0.42503329167879,1,0.337210829579388,80,0.0119830575661805,15.6320048246955,53.693242471929,-2.52533230987254,2.62204054340124,0.61367895509008,0.248615096989694,-3.70685634067638,15.6320048246955,3.98328715508493,-2.52533230987254,0.963952847998941,-0.48828336202763,-1.39184937371362,-564.322273387203,2,1,"normal",24
"105",3.8135041971,0.414979792454027,1,0.399978295578458,80,0.0119830575661805,15.6320048246955,53.693242471929,-2.52533230987254,2.62204054340124,0.61367895509008,0.248615096989694,-3.70685634067638,15.6320048246955,3.98328715508493,-2.52533230987254,0.963952847998941,-0.48828336202763,-1.39184937371362,-564.322273387203,2,1,"normal",25
"106",43.0361,0.690432280574156,1,0.373431731410239,80,0.0119830575661805,15.6320048246955,53.693242471929,-2.52533230987254,2.62204054340124,0.61367895509008,0.248615096989694,-3.70685634067638,15.6320048246955,3.98328715508493,-2.52533230987254,0.963952847998941,-0.48828336202763,-1.39184937371362,-564.322273387203,2,1,"normal",26
"107",42.11141,0.684519724657265,1,0.359678209021228,80,0.0119830575661805,15.6320048246955,53.693242471929,-2.52533230987254,2.62204054340124,0.61367895509008,0.248615096989694,-3.70685634067638,15.6320048246955,3.98328715508493,-2.52533230987254,0.963952847998941,-0.48828336202763,-1.39184937371362,-564.322273387203,2,1,"normal",27
"108",-45.758174,0.135399236248623,0,0.373144251974412,80,0.0119830575661805,15.6320048246955,53.693242471929,-2.52533230987254,2.62204054340124,0.61367895509008,0.248615096989694,-3.70685634067638,15.6320048246955,3.98328715508493,-2.52533230987254,0.963952847998941,-0.48828336202763,-1.39184937371362,-564.322273387203,2,1,"normal",28
"109",-5.04411,0.353682387060962,1,0.367387620290282,80,0.0119830575661805,15.6320048246955,53.693242471929,-2.52533230987254,2.62204054340124,0.61367895509008,0.248615096989694,-3.70685634067638,15.6320048246955,3.98328715508493,-2.52533230987254,0.963952847998941,-0.48828336202763,-1.39184937371362,-564.322273387203,2,1,"normal",29
"110",19.3912,0.52723927350704,1,0.34045286091117,80,0.0119830575661805,15.6320048246955,53.693242471929,-2.52533230987254,2.62204054340124,0.61367895509008,0.248615096989694,-3.70685634067638,15.6320048246955,3.98328715508493,-2.52533230987254,0.963952847998941,-0.48828336202763,-1.39184937371362,-564.322273387203,2,1,"normal",30
"111",4.13687,0.41727020701222,1,0.60776584208728,80,0.0119830575661805,15.6320048246955,53.693242471929,-2.52533230987254,2.62204054340124,0.61367895509008,0.248615096989694,-3.70685634067638,15.6320048246955,3.98328715508493,-2.52533230987254,0.963952847998941,-0.48828336202763,-1.39184937371362,-564.322273387203,2,1,"normal",31
"112",-4.4583534629,0.357634930136031,0,0.944302089180815,80,0.0119830575661805,15.6320048246955,53.693242471929,-2.52533230987254,2.62204054340124,0.61367895509008,0.248615096989694,-3.70685634067638,15.6320048246955,3.98328715508493,-2.52533230987254,0.963952847998941,-0.48828336202763,-1.39184937371362,-564.322273387203,2,1,"normal",32
"113",46.92541,0.714719835098389,1,0.35615718354577,80,0.0119830575661805,15.6320048246955,53.693242471929,-2.52533230987254,2.62204054340124,0.61367895509008,0.248615096989694,-3.70685634067638,15.6320048246955,3.98328715508493,-2.52533230987254,0.963952847998941,-0.48828336202763,-1.39184937371362,-564.322273387203,2,1,"normal",33
"114",-2.7412075966,0.369313458185437,0,0.402984051342689,80,0.0119830575661805,15.6320048246955,53.693242471929,-2.52533230987254,2.62204054340124,0.61367895509008,0.248615096989694,-3.70685634067638,15.6320048246955,3.98328715508493,-2.52533230987254,0.963952847998941,-0.48828336202763,-1.39184937371362,-564.322273387203,2,1,"normal",34
"115",28.98474,0.595844573686781,1,0.349620490679904,80,0.0119830575661805,15.6320048246955,53.693242471929,-2.52533230987254,2.62204054340124,0.61367895509008,0.248615096989694,-3.70685634067638,15.6320048246955,3.98328715508493,-2.52533230987254,0.963952847998941,-0.48828336202763,-1.39184937371362,-564.322273387203,2,1,"normal",35
"116",44.260396,0.698180730948663,1,0.410649126032463,80,0.0119830575661805,15.6320048246955,53.693242471929,-2.52533230987254,2.62204054340124,0.61367895509008,0.248615096989694,-3.70685634067638,15.6320048246955,3.98328715508493,-2.52533230987254,0.963952847998941,-0.48828336202763,-1.39184937371362,-564.322273387203,2,1,"normal",36
"117",-31.35803,0.198155814097285,0,0.327944359694926,80,0.0119830575661805,15.6320048246955,53.693242471929,-2.52533230987254,2.62204054340124,0.61367895509008,0.248615096989694,-3.70685634067638,15.6320048246955,3.98328715508493,-2.52533230987254,0.963952847998941,-0.48828336202763,-1.39184937371362,-564.322273387203,2,1,"normal",37
"118",-47.37365,0.129409926856062,0,0.460997015391807,80,0.0119830575661805,15.6320048246955,53.693242471929,-2.52533230987254,2.62204054340124,0.61367895509008,0.248615096989694,-3.70685634067638,15.6320048246955,3.98328715508493,-2.52533230987254,0.963952847998941,-0.48828336202763,-1.39184937371362,-564.322273387203,2,1,"normal",38
"119",16.11275,0.503486297637809,1,0.376009324680566,80,0.0119830575661805,15.6320048246955,53.693242471929,-2.52533230987254,2.62204054340124,0.61367895509008,0.248615096989694,-3.70685634067638,15.6320048246955,3.98328715508493,-2.52533230987254,0.963952847998941,-0.48828336202763,-1.39184937371362,-564.322273387203,2,1,"normal",39
"120",3.8144,0.414986133311742,0,0.50546731072426,80,0.0119830575661805,15.6320048246955,53.693242471929,-2.52533230987254,2.62204054340124,0.61367895509008,0.248615096989694,-3.70685634067638,15.6320048246955,3.98328715508493,-2.52533230987254,0.963952847998941,-0.48828336202763,-1.39184937371362,-564.322273387203,2,1,"normal",40
"121",-15.849692,0.284129147739918,1,0.429394881736052,80,0.0119830575661805,15.6320048246955,53.693242471929,-2.52533230987254,2.62204054340124,0.61367895509008,0.248615096989694,-3.70685634067638,15.6320048246955,3.98328715508493,-2.52533230987254,0.963952847998941,-0.48828336202763,-1.39184937371362,-564.322273387203,2,1,"normal",41
"122",-16.67651,0.279102959256847,0,0.463773693354225,80,0.0119830575661805,15.6320048246955,53.693242471929,-2.52533230987254,2.62204054340124,0.61367895509008,0.248615096989694,-3.70685634067638,15.6320048246955,3.98328715508493,-2.52533230987254,0.963952847998941,-0.48828336202763,-1.39184937371362,-564.322273387203,2,1,"normal",42
"123",20.2324,0.533321103453019,1,0.542701049376031,80,0.0119830575661805,15.6320048246955,53.693242471929,-2.52533230987254,2.62204054340124,0.61367895509008,0.248615096989694,-3.70685634067638,15.6320048246955,3.98328715508493,-2.52533230987254,0.963952847998941,-0.48828336202763,-1.39184937371362,-564.322273387203,2,1,"normal",43
"124",1.8009,0.400795708417769,0,0.479975961886637,80,0.0119830575661805,15.6320048246955,53.693242471929,-2.52533230987254,2.62204054340124,0.61367895509008,0.248615096989694,-3.70685634067638,15.6320048246955,3.98328715508493,-2.52533230987254,0.963952847998941,-0.48828336202763,-1.39184937371362,-564.322273387203,2,1,"normal",44
"125",39.70673,0.668911279756018,0,0.36306755299762,80,0.0119830575661805,15.6320048246955,53.693242471929,-2.52533230987254,2.62204054340124,0.61367895509008,0.248615096989694,-3.70685634067638,15.6320048246955,3.98328715508493,-2.52533230987254,0.963952847998941,-0.48828336202763,-1.39184937371362,-564.322273387203,2,1,"normal",45
"126",4.94677,0.423019559208864,0,0.3276399804702,80,0.0119830575661805,15.6320048246955,53.693242471929,-2.52533230987254,2.62204054340124,0.61367895509008,0.248615096989694,-3.70685634067638,15.6320048246955,3.98328715508493,-2.52533230987254,0.963952847998941,-0.48828336202763,-1.39184937371362,-564.322273387203,2,1,"normal",46
"127",-42.19195,0.149365087890453,0,0.32111878254098,80,0.0119830575661805,15.6320048246955,53.693242471929,-2.52533230987254,2.62204054340124,0.61367895509008,0.248615096989694,-3.70685634067638,15.6320048246955,3.98328715508493,-2.52533230987254,0.963952847998941,-0.48828336202763,-1.39184937371362,-564.322273387203,2,1,"normal",47
"128",-0.707569999999999,0.383309836428672,1,0.450044037478551,80,0.0119830575661805,15.6320048246955,53.693242471929,-2.52533230987254,2.62204054340124,0.61367895509008,0.248615096989694,-3.70685634067638,15.6320048246955,3.98328715508493,-2.52533230987254,0.963952847998941,-0.48828336202763,-1.39184937371362,-564.322273387203,2,1,"normal",48
"129",1.10686821331,0.395935096421542,0,0.30624751005561,80,0.0119830575661805,15.6320048246955,53.693242471929,-2.52533230987254,2.62204054340124,0.61367895509008,0.248615096989694,-3.70685634067638,15.6320048246955,3.98328715508493,-2.52533230987254,0.963952847998941,-0.48828336202763,-1.39184937371362,-564.322273387203,2,1,"normal",49
"130",14.391592,0.491005377336382,1,0.362199334048193,80,0.0119830575661805,15.6320048246955,53.693242471929,-2.52533230987254,2.62204054340124,0.61367895509008,0.248615096989694,-3.70685634067638,15.6320048246955,3.98328715508493,-2.52533230987254,0.963952847998941,-0.48828336202763,-1.39184937371362,-564.322273387203,2,1,"normal",50
"131",38.26224,0.65938147685105,1,0.301688993040426,80,0.0119830575661805,15.6320048246955,53.693242471929,-2.52533230987254,2.62204054340124,0.61367895509008,0.248615096989694,-3.70685634067638,15.6320048246955,3.98328715508493,-2.52533230987254,0.963952847998941,-0.48828336202763,-1.39184937371362,-564.322273387203,2,1,"normal",51
"132",16.30115,0.504852487654084,1,0.347178454773227,80,0.0119830575661805,15.6320048246955,53.693242471929,-2.52533230987254,2.62204054340124,0.61367895509008,0.248615096989694,-3.70685634067638,15.6320048246955,3.98328715508493,-2.52533230987254,0.963952847998941,-0.48828336202763,-1.39184937371362,-564.322273387203,2,1,"normal",52
"133",20.0506973,0.532008042817843,0,0.325015431732651,80,0.0119830575661805,15.6320048246955,53.693242471929,-2.52533230987254,2.62204054340124,0.61367895509008,0.248615096989694,-3.70685634067638,15.6320048246955,3.98328715508493,-2.52533230987254,0.963952847998941,-0.48828336202763,-1.39184937371362,-564.322273387203,2,1,"normal",53
"134",38.41598,0.660401020251448,1,0.504449420270269,80,0.0119830575661805,15.6320048246955,53.693242471929,-2.52533230987254,2.62204054340124,0.61367895509008,0.248615096989694,-3.70685634067638,15.6320048246955,3.98328715508493,-2.52533230987254,0.963952847998941,-0.48828336202763,-1.39184937371362,-564.322273387203,2,1,"normal",54
"135",-30.13328,0.204272184590416,0,0.396087299253921,80,0.0119830575661805,15.6320048246955,53.693242471929,-2.52533230987254,2.62204054340124,0.61367895509008,0.248615096989694,-3.70685634067638,15.6320048246955,3.98328715508493,-2.52533230987254,0.963952847998941,-0.48828336202763,-1.39184937371362,-564.322273387203,2,1,"normal",55
"136",45.86489,0.708193220000257,0,0.304384564605503,80,0.0119830575661805,15.6320048246955,53.693242471929,-2.52533230987254,2.62204054340124,0.61367895509008,0.248615096989694,-3.70685634067638,15.6320048246955,3.98328715508493,-2.52533230987254,0.963952847998941,-0.48828336202763,-1.39184937371362,-564.322273387203,2,1,"normal",56
"137",9.94477,0.45883339781856,1,0.503450030833155,80,0.0119830575661805,15.6320048246955,53.693242471929,-2.52533230987254,2.62204054340124,0.61367895509008,0.248615096989694,-3.70685634067638,15.6320048246955,3.98328715508493,-2.52533230987254,0.963952847998941,-0.48828336202763,-1.39184937371362,-564.322273387203,2,1,"normal",57
"138",-30.0687,0.204598035809387,0,0.34454693028958,80,0.0119830575661805,15.6320048246955,53.693242471929,-2.52533230987254,2.62204054340124,0.61367895509008,0.248615096989694,-3.70685634067638,15.6320048246955,3.98328715508493,-2.52533230987254,0.963952847998941,-0.48828336202763,-1.39184937371362,-564.322273387203,2,1,"normal",58
"139",-11.94108,0.308492737435647,0,0.437532962228573,80,0.0119830575661805,15.6320048246955,53.693242471929,-2.52533230987254,2.62204054340124,0.61367895509008,0.248615096989694,-3.70685634067638,15.6320048246955,3.98328715508493,-2.52533230987254,0.963952847998941,-0.48828336202763,-1.39184937371362,-564.322273387203,2,1,"normal",59
"140",5.1045,0.424141309681188,0,0.354819572431313,80,0.0119830575661805,15.6320048246955,53.693242471929,-2.52533230987254,2.62204054340124,0.61367895509008,0.248615096989694,-3.70685634067638,15.6320048246955,3.98328715508493,-2.52533230987254,0.963952847998941,-0.48828336202763,-1.39184937371362,-564.322273387203,2,1,"normal",60
"141",-2.34482,0.372027982198017,1,0.579610439756545,80,0.0119830575661805,15.6320048246955,53.693242471929,-2.52533230987254,2.62204054340124,0.61367895509008,0.248615096989694,-3.70685634067638,15.6320048246955,3.98328715508493,-2.52533230987254,0.963952847998941,-0.48828336202763,-1.39184937371362,-564.322273387203,2,1,"normal",61
"142",-37.3985,0.169769026380017,1,0.329084335523556,80,0.0119830575661805,15.6320048246955,53.693242471929,-2.52533230987254,2.62204054340124,0.61367895509008,0.248615096989694,-3.70685634067638,15.6320048246955,3.98328715508493,-2.52533230987254,0.963952847998941,-0.48828336202763,-1.39184937371362,-564.322273387203,2,1,"normal",62
"143",-34.5361,0.182850025361643,0,0.321237893427294,80,0.0119830575661805,15.6320048246955,53.693242471929,-2.52533230987254,2.62204054340124,0.61367895509008,0.248615096989694,-3.70685634067638,15.6320048246955,3.98328715508493,-2.52533230987254,0.963952847998941,-0.48828336202763,-1.39184937371362,-564.322273387203,2,1,"normal",63
"144",2.5300621893673,0.405919802769441,1,0.465190067825008,80,0.0119830575661805,15.6320048246955,53.693242471929,-2.52533230987254,2.62204054340124,0.61367895509008,0.248615096989694,-3.70685634067638,15.6320048246955,3.98328715508493,-2.52533230987254,0.963952847998941,-0.48828336202763,-1.39184937371362,-564.322273387203,2,1,"normal",64
"145",6.1884,0.431866818445216,1,0.331081538384825,80,0.0119830575661805,15.6320048246955,53.693242471929,-2.52533230987254,2.62204054340124,0.61367895509008,0.248615096989694,-3.70685634067638,15.6320048246955,3.98328715508493,-2.52533230987254,0.963952847998941,-0.48828336202763,-1.39184937371362,-564.322273387203,2,1,"normal",65
"146",-25.684451,0.227492318835846,1,0.489704069408543,80,0.0119830575661805,15.6320048246955,53.693242471929,-2.52533230987254,2.62204054340124,0.61367895509008,0.248615096989694,-3.70685634067638,15.6320048246955,3.98328715508493,-2.52533230987254,0.963952847998941,-0.48828336202763,-1.39184937371362,-564.322273387203,2,1,"normal",66
"147",30.4744847,0.606281791761825,1,0.465234034800412,80,0.0119830575661805,15.6320048246955,53.693242471929,-2.52533230987254,2.62204054340124,0.61367895509008,0.248615096989694,-3.70685634067638,15.6320048246955,3.98328715508493,-2.52533230987254,0.963952847998941,-0.48828336202763,-1.39184937371362,-564.322273387203,2,1,"normal",67
"148",-11.733328,0.309814539594259,0,0.409065968133473,80,0.0119830575661805,15.6320048246955,53.693242471929,-2.52533230987254,2.62204054340124,0.61367895509008,0.248615096989694,-3.70685634067638,15.6320048246955,3.98328715508493,-2.52533230987254,0.963952847998941,-0.48828336202763,-1.39184937371362,-564.322273387203,2,1,"normal",68
"149",-35.9374,0.176362444961143,0,0.308819595598298,80,0.0119830575661805,15.6320048246955,53.693242471929,-2.52533230987254,2.62204054340124,0.61367895509008,0.248615096989694,-3.70685634067638,15.6320048246955,3.98328715508493,-2.52533230987254,0.963952847998941,-0.48828336202763,-1.39184937371362,-564.322273387203,2,1,"normal",69
"150",39.93148,0.67038390047079,1,0.424412096480313,80,0.0119830575661805,15.6320048246955,53.693242471929,-2.52533230987254,2.62204054340124,0.61367895509008,0.248615096989694,-3.70685634067638,15.6320048246955,3.98328715508493,-2.52533230987254,0.963952847998941,-0.48828336202763,-1.39184937371362,-564.322273387203,2,1,"normal",70
"151",-33.92671,0.185721306246222,0,0.46951144224145,80,0.0119830575661805,15.6320048246955,53.693242471929,-2.52533230987254,2.62204054340124,0.61367895509008,0.248615096989694,-3.70685634067638,15.6320048246955,3.98328715508493,-2.52533230987254,0.963952847998941,-0.48828336202763,-1.39184937371362,-564.322273387203,2,1,"normal",71
"152",0.08471410822,0.388807607511186,0,0.449152252040183,80,0.0119830575661805,15.6320048246955,53.693242471929,-2.52533230987254,2.62204054340124,0.61367895509008,0.248615096989694,-3.70685634067638,15.6320048246955,3.98328715508493,-2.52533230987254,0.963952847998941,-0.48828336202763,-1.39184937371362,-564.322273387203,2,1,"normal",72
"153",3.48567,0.412660825796174,0,0.416739978088193,80,0.0119830575661805,15.6320048246955,53.693242471929,-2.52533230987254,2.62204054340124,0.61367895509008,0.248615096989694,-3.70685634067638,15.6320048246955,3.98328715508493,-2.52533230987254,0.963952847998941,-0.48828336202763,-1.39184937371362,-564.322273387203,2,1,"normal",73
"154",24.12309,0.5613213022688,0,0.689634377243639,80,0.0119830575661805,15.6320048246955,53.693242471929,-2.52533230987254,2.62204054340124,0.61367895509008,0.248615096989694,-3.70685634067638,15.6320048246955,3.98328715508493,-2.52533230987254,0.963952847998941,-0.48828336202763,-1.39184937371362,-564.322273387203,2,1,"normal",74
"155",-24.766183,0.232477580295989,0,0.463839498831063,80,0.0119830575661805,15.6320048246955,53.693242471929,-2.52533230987254,2.62204054340124,0.61367895509008,0.248615096989694,-3.70685634067638,15.6320048246955,3.98328715508493,-2.52533230987254,0.963952847998941,-0.48828336202763,-1.39184937371362,-564.322273387203,2,1,"normal",75
"156",-36.63664,0.173185221907597,0,0.324796433360202,80,0.0119830575661805,15.6320048246955,53.693242471929,-2.52533230987254,2.62204054340124,0.61367895509008,0.248615096989694,-3.70685634067638,15.6320048246955,3.98328715508493,-2.52533230987254,0.963952847998941,-0.48828336202763,-1.39184937371362,-564.322273387203,2,1,"normal",76
"157",-49.5448,0.121687328330293,0,0.358225711581324,80,0.0119830575661805,15.6320048246955,53.693242471929,-2.52533230987254,2.62204054340124,0.61367895509008,0.248615096989694,-3.70685634067638,15.6320048246955,3.98328715508493,-2.52533230987254,0.963952847998941,-0.48828336202763,-1.39184937371362,-564.322273387203,2,1,"normal",77
"158",32.407,0.619701187786621,1,0.439831112211509,80,0.0119830575661805,15.6320048246955,53.693242471929,-2.52533230987254,2.62204054340124,0.61367895509008,0.248615096989694,-3.70685634067638,15.6320048246955,3.98328715508493,-2.52533230987254,0.963952847998941,-0.48828336202763,-1.39184937371362,-564.322273387203,2,1,"normal",78
"159",12.94424,0.480516577358056,1,0.611275784767948,80,0.0119830575661805,15.6320048246955,53.693242471929,-2.52533230987254,2.62204054340124,0.61367895509008,0.248615096989694,-3.70685634067638,15.6320048246955,3.98328715508493,-2.52533230987254,0.963952847998941,-0.48828336202763,-1.39184937371362,-564.322273387203,2,1,"normal",79
"160",2.26886279871,0.404082256016294,0,0.547705132960996,80,0.0119830575661805,15.6320048246955,53.693242471929,-2.52533230987254,2.62204054340124,0.61367895509008,0.248615096989694,-3.70685634067638,15.6320048246955,3.98328715508493,-2.52533230987254,0.963952847998941,-0.48828336202763,-1.39184937371362,-564.322273387203,2,1,"normal",80
"161",9.3363065602,0.880088199317726,1,0.819764045830598,80,0.0252351905053034,-5.98453132975362,11.9394468678018,-2.15637786292499,1.82024956616813,0.358692484097528,0.590984119332772,-2.93458007449457,-5.98453132975362,2.47984778091162,-2.15637786292499,0.598973615956235,-1.02528984783452,-0.525966132778399,-1522.91777314042,3,1,"normal",1
"162",-6.4024562998,0.486743037891595,0,0.770568503739069,80,0.0252351905053034,-5.98453132975362,11.9394468678018,-2.15637786292499,1.82024956616813,0.358692484097528,0.590984119332772,-2.93458007449457,-5.98453132975362,2.47984778091162,-2.15637786292499,0.598973615956235,-1.02528984783452,-0.525966132778399,-1522.91777314042,3,1,"normal",2
"163",0.6383913241,0.699831599598357,1,0.720173140773768,80,0.0252351905053034,-5.98453132975362,11.9394468678018,-2.15637786292499,1.82024956616813,0.358692484097528,0.590984119332772,-2.93458007449457,-5.98453132975362,2.47984778091162,-2.15637786292499,0.598973615956235,-1.02528984783452,-0.525966132778399,-1522.91777314042,3,1,"normal",3
"164",-3.5268553162131,0.57742846631453,1,0.766795357669458,80,0.0252351905053034,-5.98453132975362,11.9394468678018,-2.15637786292499,1.82024956616813,0.358692484097528,0.590984119332772,-2.93458007449457,-5.98453132975362,2.47984778091162,-2.15637786292499,0.598973615956235,-1.02528984783452,-0.525966132778399,-1522.91777314042,3,1,"normal",4
"165",-5.9236851621,0.501930481858967,0,0.874334685651577,80,0.0252351905053034,-5.98453132975362,11.9394468678018,-2.15637786292499,1.82024956616813,0.358692484097528,0.590984119332772,-2.93458007449457,-5.98453132975362,2.47984778091162,-2.15637786292499,0.598973615956235,-1.02528984783452,-0.525966132778399,-1522.91777314042,3,1,"normal",5
"166",1.928711,0.733835617091288,0,0.753113586506402,80,0.0252351905053034,-5.98453132975362,11.9394468678018,-2.15637786292499,1.82024956616813,0.358692484097528,0.590984119332772,-2.93458007449457,-5.98453132975362,2.47984778091162,-2.15637786292499,0.598973615956235,-1.02528984783452,-0.525966132778399,-1522.91777314042,3,1,"normal",6
"167",-33.96287,0.0343085591797801,0,0.780319356127643,80,0.0252351905053034,-5.98453132975362,11.9394468678018,-2.15637786292499,1.82024956616813,0.358692484097528,0.590984119332772,-2.93458007449457,-5.98453132975362,2.47984778091162,-2.15637786292499,0.598973615956235,-1.02528984783452,-0.525966132778399,-1522.91777314042,3,1,"normal",7
"168",-10.93184,0.34741325123241,0,0.734351242255406,80,0.0252351905053034,-5.98453132975362,11.9394468678018,-2.15637786292499,1.82024956616813,0.358692484097528,0.590984119332772,-2.93458007449457,-5.98453132975362,2.47984778091162,-2.15637786292499,0.598973615956235,-1.02528984783452,-0.525966132778399,-1522.91777314042,3,1,"normal",8
"169",1.0594962092,0.711173265356965,0,0.711251236987627,80,0.0252351905053034,-5.98453132975362,11.9394468678018,-2.15637786292499,1.82024956616813,0.358692484097528,0.590984119332772,-2.93458007449457,-5.98453132975362,2.47984778091162,-2.15637786292499,0.598973615956235,-1.02528984783452,-0.525966132778399,-1522.91777314042,3,1,"normal",9
"170",-47.300363,0.0254912206944522,0,0.687232797411034,80,0.0252351905053034,-5.98453132975362,11.9394468678018,-2.15637786292499,1.82024956616813,0.358692484097528,0.590984119332772,-2.93458007449457,-5.98453132975362,2.47984778091162,-2.15637786292499,0.598973615956235,-1.02528984783452,-0.525966132778399,-1522.91777314042,3,1,"normal",10
"171",24.78633,0.97003654234632,1,0.69549382205151,80,0.0252351905053034,-5.98453132975362,11.9394468678018,-2.15637786292499,1.82024956616813,0.358692484097528,0.590984119332772,-2.93458007449457,-5.98453132975362,2.47984778091162,-2.15637786292499,0.598973615956235,-1.02528984783452,-0.525966132778399,-1522.91777314042,3,1,"normal",11
"172",-8.89501,0.408564558720956,0,0.882077486245163,80,0.0252351905053034,-5.98453132975362,11.9394468678018,-2.15637786292499,1.82024956616813,0.358692484097528,0.590984119332772,-2.93458007449457,-5.98453132975362,2.47984778091162,-2.15637786292499,0.598973615956235,-1.02528984783452,-0.525966132778399,-1522.91777314042,3,1,"normal",12
"173",29.12835,0.973211161464546,1,0.657760236293171,80,0.0252351905053034,-5.98453132975362,11.9394468678018,-2.15637786292499,1.82024956616813,0.358692484097528,0.590984119332772,-2.93458007449457,-5.98453132975362,2.47984778091162,-2.15637786292499,0.598973615956235,-1.02528984783452,-0.525966132778399,-1522.91777314042,3,1,"normal",13
"174",3.471403,0.771391740068375,1,0.764599852392974,80,0.0252351905053034,-5.98453132975362,11.9394468678018,-2.15637786292499,1.82024956616813,0.358692484097528,0.590984119332772,-2.93458007449457,-5.98453132975362,2.47984778091162,-2.15637786292499,0.598973615956235,-1.02528984783452,-0.525966132778399,-1522.91777314042,3,1,"normal",14
"175",-0.20768,0.676377357269375,1,0.770544011977531,80,0.0252351905053034,-5.98453132975362,11.9394468678018,-2.15637786292499,1.82024956616813,0.358692484097528,0.590984119332772,-2.93458007449457,-5.98453132975362,2.47984778091162,-2.15637786292499,0.598973615956235,-1.02528984783452,-0.525966132778399,-1522.91777314042,3,1,"normal",15
"176",-2.943674,0.595445499113345,1,0.755863708836681,80,0.0252351905053034,-5.98453132975362,11.9394468678018,-2.15637786292499,1.82024956616813,0.358692484097528,0.590984119332772,-2.93458007449457,-5.98453132975362,2.47984778091162,-2.15637786292499,0.598973615956235,-1.02528984783452,-0.525966132778399,-1522.91777314042,3,1,"normal",16
"177",16.0797,0.94409465855605,0,0.886650453810649,80,0.0252351905053034,-5.98453132975362,11.9394468678018,-2.15637786292499,1.82024956616813,0.358692484097528,0.590984119332772,-2.93458007449457,-5.98453132975362,2.47984778091162,-2.15637786292499,0.598973615956235,-1.02528984783452,-0.525966132778399,-1522.91777314042,3,1,"normal",17
"178",-4.6406,0.542549564875647,0,0.753104215781046,80,0.0252351905053034,-5.98453132975362,11.9394468678018,-2.15637786292499,1.82024956616813,0.358692484097528,0.590984119332772,-2.93458007449457,-5.98453132975362,2.47984778091162,-2.15637786292499,0.598973615956235,-1.02528984783452,-0.525966132778399,-1522.91777314042,3,1,"normal",18
"179",2.05606,0.73706782479943,1,0.734209204882675,80,0.0252351905053034,-5.98453132975362,11.9394468678018,-2.15637786292499,1.82024956616813,0.358692484097528,0.590984119332772,-2.93458007449457,-5.98453132975362,2.47984778091162,-2.15637786292499,0.598973615956235,-1.02528984783452,-0.525966132778399,-1522.91777314042,3,1,"normal",19
"180",-12.94124,0.291159613627604,1,0.771859548025041,80,0.0252351905053034,-5.98453132975362,11.9394468678018,-2.15637786292499,1.82024956616813,0.358692484097528,0.590984119332772,-2.93458007449457,-5.98453132975362,2.47984778091162,-2.15637786292499,0.598973615956235,-1.02528984783452,-0.525966132778399,-1522.91777314042,3,1,"normal",20
"181",19.11774,0.957904702087117,1,0.662642623914289,80,0.0252351905053034,-5.98453132975362,11.9394468678018,-2.15637786292499,1.82024956616813,0.358692484097528,0.590984119332772,-2.93458007449457,-5.98453132975362,2.47984778091162,-2.15637786292499,0.598973615956235,-1.02528984783452,-0.525966132778399,-1522.91777314042,3,1,"normal",21
"182",-33.76457,0.0347204616680442,0,0.756468484994207,80,0.0252351905053034,-5.98453132975362,11.9394468678018,-2.15637786292499,1.82024956616813,0.358692484097528,0.590984119332772,-2.93458007449457,-5.98453132975362,2.47984778091162,-2.15637786292499,0.598973615956235,-1.02528984783452,-0.525966132778399,-1522.91777314042,3,1,"normal",22
"183",-2.3195250365,0.614480455713454,1,0.755562998717321,80,0.0252351905053034,-5.98453132975362,11.9394468678018,-2.15637786292499,1.82024956616813,0.358692484097528,0.590984119332772,-2.93458007449457,-5.98453132975362,2.47984778091162,-2.15637786292499,0.598973615956235,-1.02528984783452,-0.525966132778399,-1522.91777314042,3,1,"normal",23
"184",-15.68644,0.222951734019525,0,0.709401348218813,80,0.0252351905053034,-5.98453132975362,11.9394468678018,-2.15637786292499,1.82024956616813,0.358692484097528,0.590984119332772,-2.93458007449457,-5.98453132975362,2.47984778091162,-2.15637786292499,0.598973615956235,-1.02528984783452,-0.525966132778399,-1522.91777314042,3,1,"normal",24
"185",28.01946,0.972676330809841,1,0.742514251404014,80,0.0252351905053034,-5.98453132975362,11.9394468678018,-2.15637786292499,1.82024956616813,0.358692484097528,0.590984119332772,-2.93458007449457,-5.98453132975362,2.47984778091162,-2.15637786292499,0.598973615956235,-1.02528984783452,-0.525966132778399,-1522.91777314042,3,1,"normal",25
"186",29.4319,0.973334013733433,1,0.67382029958559,80,0.0252351905053034,-5.98453132975362,11.9394468678018,-2.15637786292499,1.82024956616813,0.358692484097528,0.590984119332772,-2.93458007449457,-5.98453132975362,2.47984778091162,-2.15637786292499,0.598973615956235,-1.02528984783452,-0.525966132778399,-1522.91777314042,3,1,"normal",26
"187",-33.34939,0.035636030292449,0,0.802648288952071,80,0.0252351905053034,-5.98453132975362,11.9394468678018,-2.15637786292499,1.82024956616813,0.358692484097528,0.590984119332772,-2.93458007449457,-5.98453132975362,2.47984778091162,-2.15637786292499,0.598973615956235,-1.02528984783452,-0.525966132778399,-1522.91777314042,3,1,"normal",27
"188",18.05455,0.953841538091564,1,0.711076518197494,80,0.0252351905053034,-5.98453132975362,11.9394468678018,-2.15637786292499,1.82024956616813,0.358692484097528,0.590984119332772,-2.93458007449457,-5.98453132975362,2.47984778091162,-2.15637786292499,0.598973615956235,-1.02528984783452,-0.525966132778399,-1522.91777314042,3,1,"normal",28
"189",27.92855,0.972625817109447,1,0.677536582097597,80,0.0252351905053034,-5.98453132975362,11.9394468678018,-2.15637786292499,1.82024956616813,0.358692484097528,0.590984119332772,-2.93458007449457,-5.98453132975362,2.47984778091162,-2.15637786292499,0.598973615956235,-1.02528984783452,-0.525966132778399,-1522.91777314042,3,1,"normal",29
"190",-23.72028,0.0904764528800076,0,0.787066659970462,80,0.0252351905053034,-5.98453132975362,11.9394468678018,-2.15637786292499,1.82024956616813,0.358692484097528,0.590984119332772,-2.93458007449457,-5.98453132975362,2.47984778091162,-2.15637786292499,0.598973615956235,-1.02528984783452,-0.525966132778399,-1522.91777314042,3,1,"normal",30
"191",-9.252,0.397611375426769,0,0.828787686248628,80,0.0252351905053034,-5.98453132975362,11.9394468678018,-2.15637786292499,1.82024956616813,0.358692484097528,0.590984119332772,-2.93458007449457,-5.98453132975362,2.47984778091162,-2.15637786292499,0.598973615956235,-1.02528984783452,-0.525966132778399,-1522.91777314042,3,1,"normal",31
"192",-6.105364,0.496166359942618,0,0.79559385959104,80,0.0252351905053034,-5.98453132975362,11.9394468678018,-2.15637786292499,1.82024956616813,0.358692484097528,0.590984119332772,-2.93458007449457,-5.98453132975362,2.47984778091162,-2.15637786292499,0.598973615956235,-1.02528984783452,-0.525966132778399,-1522.91777314042,3,1,"normal",32
"193",11.65761,0.90853247239061,1,0.818117780308633,80,0.0252351905053034,-5.98453132975362,11.9394468678018,-2.15637786292499,1.82024956616813,0.358692484097528,0.590984119332772,-2.93458007449457,-5.98453132975362,2.47984778091162,-2.15637786292499,0.598973615956235,-1.02528984783452,-0.525966132778399,-1522.91777314042,3,1,"normal",33
"194",15.20563,0.938715686256369,1,0.733950497910141,80,0.0252351905053034,-5.98453132975362,11.9394468678018,-2.15637786292499,1.82024956616813,0.358692484097528,0.590984119332772,-2.93458007449457,-5.98453132975362,2.47984778091162,-2.15637786292499,0.598973615956235,-1.02528984783452,-0.525966132778399,-1522.91777314042,3,1,"normal",34
"195",9.231358,0.878618274178129,1,0.662641709882258,80,0.0252351905053034,-5.98453132975362,11.9394468678018,-2.15637786292499,1.82024956616813,0.358692484097528,0.590984119332772,-2.93458007449457,-5.98453132975362,2.47984778091162,-2.15637786292499,0.598973615956235,-1.02528984783452,-0.525966132778399,-1522.91777314042,3,1,"normal",35
"196",8.60911,0.869560514806989,1,0.71504143372453,80,0.0252351905053034,-5.98453132975362,11.9394468678018,-2.15637786292499,1.82024956616813,0.358692484097528,0.590984119332772,-2.93458007449457,-5.98453132975362,2.47984778091162,-2.15637786292499,0.598973615956235,-1.02528984783452,-0.525966132778399,-1522.91777314042,3,1,"normal",36
"197",7.09655,0.845037380094764,1,0.808983661502053,80,0.0252351905053034,-5.98453132975362,11.9394468678018,-2.15637786292499,1.82024956616813,0.358692484097528,0.590984119332772,-2.93458007449457,-5.98453132975362,2.47984778091162,-2.15637786292499,0.598973615956235,-1.02528984783452,-0.525966132778399,-1522.91777314042,3,1,"normal",37
"198",10.391427,0.893963222958521,1,0.842963363504674,80,0.0252351905053034,-5.98453132975362,11.9394468678018,-2.15637786292499,1.82024956616813,0.358692484097528,0.590984119332772,-2.93458007449457,-5.98453132975362,2.47984778091162,-2.15637786292499,0.598973615956235,-1.02528984783452,-0.525966132778399,-1522.91777314042,3,1,"normal",38
"199",7.38273,0.849954185216545,0,0.720748338238797,80,0.0252351905053034,-5.98453132975362,11.9394468678018,-2.15637786292499,1.82024956616813,0.358692484097528,0.590984119332772,-2.93458007449457,-5.98453132975362,2.47984778091162,-2.15637786292499,0.598973615956235,-1.02528984783452,-0.525966132778399,-1522.91777314042,3,1,"normal",39
"200",-8.41799,0.423323936203203,0,0.777391887401772,80,0.0252351905053034,-5.98453132975362,11.9394468678018,-2.15637786292499,1.82024956616813,0.358692484097528,0.590984119332772,-2.93458007449457,-5.98453132975362,2.47984778091162,-2.15637786292499,0.598973615956235,-1.02528984783452,-0.525966132778399,-1522.91777314042,3,1,"normal",40
"201",10.55873,0.896015567762895,1,0.911751877523473,80,0.0252351905053034,-5.98453132975362,11.9394468678018,-2.15637786292499,1.82024956616813,0.358692484097528,0.590984119332772,-2.93458007449457,-5.98453132975362,2.47984778091162,-2.15637786292499,0.598973615956235,-1.02528984783452,-0.525966132778399,-1522.91777314042,3,1,"normal",41
"202",4.57182,0.795963062729145,0,0.707831731773254,80,0.0252351905053034,-5.98453132975362,11.9394468678018,-2.15637786292499,1.82024956616813,0.358692484097528,0.590984119332772,-2.93458007449457,-5.98453132975362,2.47984778091162,-2.15637786292499,0.598973615956235,-1.02528984783452,-0.525966132778399,-1522.91777314042,3,1,"normal",42
"203",-4.04924,0.56113392602268,1,0.74102881391731,80,0.0252351905053034,-5.98453132975362,11.9394468678018,-2.15637786292499,1.82024956616813,0.358692484097528,0.590984119332772,-2.93458007449457,-5.98453132975362,2.47984778091162,-2.15637786292499,0.598973615956235,-1.02528984783452,-0.525966132778399,-1522.91777314042,3,1,"normal",43
"204",-16.31541,0.208916508025615,0,0.77385985639201,80,0.0252351905053034,-5.98453132975362,11.9394468678018,-2.15637786292499,1.82024956616813,0.358692484097528,0.590984119332772,-2.93458007449457,-5.98453132975362,2.47984778091162,-2.15637786292499,0.598973615956235,-1.02528984783452,-0.525966132778399,-1522.91777314042,3,1,"normal",44
"205",4.19714,0.787810191038521,1,0.820901211891571,80,0.0252351905053034,-5.98453132975362,11.9394468678018,-2.15637786292499,1.82024956616813,0.358692484097528,0.590984119332772,-2.93458007449457,-5.98453132975362,2.47984778091162,-2.15637786292499,0.598973615956235,-1.02528984783452,-0.525966132778399,-1522.91777314042,3,1,"normal",45
"206",-8.682745,0.41511586000895,1,0.687692272040391,80,0.0252351905053034,-5.98453132975362,11.9394468678018,-2.15637786292499,1.82024956616813,0.358692484097528,0.590984119332772,-2.93458007449457,-5.98453132975362,2.47984778091162,-2.15637786292499,0.598973615956235,-1.02528984783452,-0.525966132778399,-1522.91777314042,3,1,"normal",46
"207",3.72886,0.777310038013206,1,0.710262177790428,80,0.0252351905053034,-5.98453132975362,11.9394468678018,-2.15637786292499,1.82024956616813,0.358692484097528,0.590984119332772,-2.93458007449457,-5.98453132975362,2.47984778091162,-2.15637786292499,0.598973615956235,-1.02528984783452,-0.525966132778399,-1522.91777314042,3,1,"normal",47
"208",-17.62516,0.18170535371726,0,0.806362870771517,80,0.0252351905053034,-5.98453132975362,11.9394468678018,-2.15637786292499,1.82024956616813,0.358692484097528,0.590984119332772,-2.93458007449457,-5.98453132975362,2.47984778091162,-2.15637786292499,0.598973615956235,-1.02528984783452,-0.525966132778399,-1522.91777314042,3,1,"normal",48
"209",8.27121,0.864393100992111,1,0.760569414015589,80,0.0252351905053034,-5.98453132975362,11.9394468678018,-2.15637786292499,1.82024956616813,0.358692484097528,0.590984119332772,-2.93458007449457,-5.98453132975362,2.47984778091162,-2.15637786292499,0.598973615956235,-1.02528984783452,-0.525966132778399,-1522.91777314042,3,1,"normal",49
"210",4.78523,0.800507157749552,1,0.721226438342536,80,0.0252351905053034,-5.98453132975362,11.9394468678018,-2.15637786292499,1.82024956616813,0.358692484097528,0.590984119332772,-2.93458007449457,-5.98453132975362,2.47984778091162,-2.15637786292499,0.598973615956235,-1.02528984783452,-0.525966132778399,-1522.91777314042,3,1,"normal",50
"211",14.467643,0.933596029097427,1,0.731936820241543,80,0.0252351905053034,-5.98453132975362,11.9394468678018,-2.15637786292499,1.82024956616813,0.358692484097528,0.590984119332772,-2.93458007449457,-5.98453132975362,2.47984778091162,-2.15637786292499,0.598973615956235,-1.02528984783452,-0.525966132778399,-1522.91777314042,3,1,"normal",51
"212",-0.84074,0.658288063454685,0,0.730264519121723,80,0.0252351905053034,-5.98453132975362,11.9394468678018,-2.15637786292499,1.82024956616813,0.358692484097528,0.590984119332772,-2.93458007449457,-5.98453132975362,2.47984778091162,-2.15637786292499,0.598973615956235,-1.02528984783452,-0.525966132778399,-1522.91777314042,3,1,"normal",52
"213",7.589205,0.853420704658348,1,0.726362883653046,80,0.0252351905053034,-5.98453132975362,11.9394468678018,-2.15637786292499,1.82024956616813,0.358692484097528,0.590984119332772,-2.93458007449457,-5.98453132975362,2.47984778091162,-2.15637786292499,0.598973615956235,-1.02528984783452,-0.525966132778399,-1522.91777314042,3,1,"normal",53
"214",-15.80397,0.220282071022958,0,0.865689991436625,80,0.0252351905053034,-5.98453132975362,11.9394468678018,-2.15637786292499,1.82024956616813,0.358692484097528,0.590984119332772,-2.93458007449457,-5.98453132975362,2.47984778091162,-2.15637786292499,0.598973615956235,-1.02528984783452,-0.525966132778399,-1522.91777314042,3,1,"normal",54
"215",-14.1680943,0.259331028581057,0,0.880393218214834,80,0.0252351905053034,-5.98453132975362,11.9394468678018,-2.15637786292499,1.82024956616813,0.358692484097528,0.590984119332772,-2.93458007449457,-5.98453132975362,2.47984778091162,-2.15637786292499,0.598973615956235,-1.02528984783452,-0.525966132778399,-1522.91777314042,3,1,"normal",55
"216",9.83043,0.886788663878545,1,0.677139774144311,80,0.0252351905053034,-5.98453132975362,11.9394468678018,-2.15637786292499,1.82024956616813,0.358692484097528,0.590984119332772,-2.93458007449457,-5.98453132975362,2.47984778091162,-2.15637786292499,0.598973615956235,-1.02528984783452,-0.525966132778399,-1522.91777314042,3,1,"normal",56
"217",-15.95467,0.216890467536128,0,0.778057059289536,80,0.0252351905053034,-5.98453132975362,11.9394468678018,-2.15637786292499,1.82024956616813,0.358692484097528,0.590984119332772,-2.93458007449457,-5.98453132975362,2.47984778091162,-2.15637786292499,0.598973615956235,-1.02528984783452,-0.525966132778399,-1522.91777314042,3,1,"normal",57
"218",12.332177,0.915420749756656,1,0.817514137192976,80,0.0252351905053034,-5.98453132975362,11.9394468678018,-2.15637786292499,1.82024956616813,0.358692484097528,0.590984119332772,-2.93458007449457,-5.98453132975362,2.47984778091162,-2.15637786292499,0.598973615956235,-1.02528984783452,-0.525966132778399,-1522.91777314042,3,1,"normal",58
"219",-6.1886,0.493525748524059,0,0.735944927050308,80,0.0252351905053034,-5.98453132975362,11.9394468678018,-2.15637786292499,1.82024956616813,0.358692484097528,0.590984119332772,-2.93458007449457,-5.98453132975362,2.47984778091162,-2.15637786292499,0.598973615956235,-1.02528984783452,-0.525966132778399,-1522.91777314042,3,1,"normal",59
"220",-12.74217,0.296515235579977,1,0.744987551725662,80,0.0252351905053034,-5.98453132975362,11.9394468678018,-2.15637786292499,1.82024956616813,0.358692484097528,0.590984119332772,-2.93458007449457,-5.98453132975362,2.47984778091162,-2.15637786292499,0.598973615956235,-1.02528984783452,-0.525966132778399,-1522.91777314042,3,1,"normal",60
"221",-11.699576,0.32536917282116,1,0.739753278346652,80,0.0252351905053034,-5.98453132975362,11.9394468678018,-2.15637786292499,1.82024956616813,0.358692484097528,0.590984119332772,-2.93458007449457,-5.98453132975362,2.47984778091162,-2.15637786292499,0.598973615956235,-1.02528984783452,-0.525966132778399,-1522.91777314042,3,1,"normal",61
"222",7.0458,0.844151812960787,1,0.711033743772062,80,0.0252351905053034,-5.98453132975362,11.9394468678018,-2.15637786292499,1.82024956616813,0.358692484097528,0.590984119332772,-2.93458007449457,-5.98453132975362,2.47984778091162,-2.15637786292499,0.598973615956235,-1.02528984783452,-0.525966132778399,-1522.91777314042,3,1,"normal",62
"223",-11.94454,0.318472784230932,0,0.863296042072022,80,0.0252351905053034,-5.98453132975362,11.9394468678018,-2.15637786292499,1.82024956616813,0.358692484097528,0.590984119332772,-2.93458007449457,-5.98453132975362,2.47984778091162,-2.15637786292499,0.598973615956235,-1.02528984783452,-0.525966132778399,-1522.91777314042,3,1,"normal",63
"224",4.16111,0.787014505119644,1,0.743725666563488,80,0.0252351905053034,-5.98453132975362,11.9394468678018,-2.15637786292499,1.82024956616813,0.358692484097528,0.590984119332772,-2.93458007449457,-5.98453132975362,2.47984778091162,-2.15637786292499,0.598973615956235,-1.02528984783452,-0.525966132778399,-1522.91777314042,3,1,"normal",64
"225",-19.98058,0.139698907087529,0,0.771780231191125,80,0.0252351905053034,-5.98453132975362,11.9394468678018,-2.15637786292499,1.82024956616813,0.358692484097528,0.590984119332772,-2.93458007449457,-5.98453132975362,2.47984778091162,-2.15637786292499,0.598973615956235,-1.02528984783452,-0.525966132778399,-1522.91777314042,3,1,"normal",65
"226",0.88044,0.706378730345746,0,0.709646073199645,80,0.0252351905053034,-5.98453132975362,11.9394468678018,-2.15637786292499,1.82024956616813,0.358692484097528,0.590984119332772,-2.93458007449457,-5.98453132975362,2.47984778091162,-2.15637786292499,0.598973615956235,-1.02528984783452,-0.525966132778399,-1522.91777314042,3,1,"normal",66
"227",-18.89071,0.158031965278367,1,0.823006331628543,80,0.0252351905053034,-5.98453132975362,11.9394468678018,-2.15637786292499,1.82024956616813,0.358692484097528,0.590984119332772,-2.93458007449457,-5.98453132975362,2.47984778091162,-2.15637786292499,0.598973615956235,-1.02528984783452,-0.525966132778399,-1522.91777314042,3,1,"normal",67
"228",-5.75929,0.507145896099549,0,0.850636043749247,80,0.0252351905053034,-5.98453132975362,11.9394468678018,-2.15637786292499,1.82024956616813,0.358692484097528,0.590984119332772,-2.93458007449457,-5.98453132975362,2.47984778091162,-2.15637786292499,0.598973615956235,-1.02528984783452,-0.525966132778399,-1522.91777314042,3,1,"normal",68
"229",-16.17926,0.211901955619584,1,0.718725101553313,80,0.0252351905053034,-5.98453132975362,11.9394468678018,-2.15637786292499,1.82024956616813,0.358692484097528,0.590984119332772,-2.93458007449457,-5.98453132975362,2.47984778091162,-2.15637786292499,0.598973615956235,-1.02528984783452,-0.525966132778399,-1522.91777314042,3,1,"normal",69
"230",-24.979,0.0782341512204617,0,0.751140122323221,80,0.0252351905053034,-5.98453132975362,11.9394468678018,-2.15637786292499,1.82024956616813,0.358692484097528,0.590984119332772,-2.93458007449457,-5.98453132975362,2.47984778091162,-2.15637786292499,0.598973615956235,-1.02528984783452,-0.525966132778399,-1522.91777314042,3,1,"normal",70
"231",-14.73668,0.24530346627719,0,0.759587726109366,80,0.0252351905053034,-5.98453132975362,11.9394468678018,-2.15637786292499,1.82024956616813,0.358692484097528,0.590984119332772,-2.93458007449457,-5.98453132975362,2.47984778091162,-2.15637786292499,0.598973615956235,-1.02528984783452,-0.525966132778399,-1522.91777314042,3,1,"normal",71
"232",9.69093,0.884933568910845,1,0.695292597647437,80,0.0252351905053034,-5.98453132975362,11.9394468678018,-2.15637786292499,1.82024956616813,0.358692484097528,0.590984119332772,-2.93458007449457,-5.98453132975362,2.47984778091162,-2.15637786292499,0.598973615956235,-1.02528984783452,-0.525966132778399,-1522.91777314042,3,1,"normal",72
"233",-13.09026,0.28718433061476,1,0.697903641020988,80,0.0252351905053034,-5.98453132975362,11.9394468678018,-2.15637786292499,1.82024956616813,0.358692484097528,0.590984119332772,-2.93458007449457,-5.98453132975362,2.47984778091162,-2.15637786292499,0.598973615956235,-1.02528984783452,-0.525966132778399,-1522.91777314042,3,1,"normal",73
"234",-19.54327,0.146828815236871,0,0.708816746400951,80,0.0252351905053034,-5.98453132975362,11.9394468678018,-2.15637786292499,1.82024956616813,0.358692484097528,0.590984119332772,-2.93458007449457,-5.98453132975362,2.47984778091162,-2.15637786292499,0.598973615956235,-1.02528984783452,-0.525966132778399,-1522.91777314042,3,1,"normal",74
"235",-15.71035,0.222406884608999,0,0.652017588385638,80,0.0252351905053034,-5.98453132975362,11.9394468678018,-2.15637786292499,1.82024956616813,0.358692484097528,0.590984119332772,-2.93458007449457,-5.98453132975362,2.47984778091162,-2.15637786292499,0.598973615956235,-1.02528984783452,-0.525966132778399,-1522.91777314042,3,1,"normal",75
"236",13.93866,0.929576900453642,1,0.748796533443338,80,0.0252351905053034,-5.98453132975362,11.9394468678018,-2.15637786292499,1.82024956616813,0.358692484097528,0.590984119332772,-2.93458007449457,-5.98453132975362,2.47984778091162,-2.15637786292499,0.598973615956235,-1.02528984783452,-0.525966132778399,-1522.91777314042,3,1,"normal",76
"237",-19.99858,0.139411878996264,0,0.694599454592127,80,0.0252351905053034,-5.98453132975362,11.9394468678018,-2.15637786292499,1.82024956616813,0.358692484097528,0.590984119332772,-2.93458007449457,-5.98453132975362,2.47984778091162,-2.15637786292499,0.598973615956235,-1.02528984783452,-0.525966132778399,-1522.91777314042,3,1,"normal",77
"238",7.00974,0.8435200782773,1,0.920665871818597,80,0.0252351905053034,-5.98453132975362,11.9394468678018,-2.15637786292499,1.82024956616813,0.358692484097528,0.590984119332772,-2.93458007449457,-5.98453132975362,2.47984778091162,-2.15637786292499,0.598973615956235,-1.02528984783452,-0.525966132778399,-1522.91777314042,3,1,"normal",78
"239",7.05233,0.844265989599852,1,0.732720175896519,80,0.0252351905053034,-5.98453132975362,11.9394468678018,-2.15637786292499,1.82024956616813,0.358692484097528,0.590984119332772,-2.93458007449457,-5.98453132975362,2.47984778091162,-2.15637786292499,0.598973615956235,-1.02528984783452,-0.525966132778399,-1522.91777314042,3,1,"normal",79
"240",3.18345,0.764651699984771,1,0.728813816667103,80,0.0252351905053034,-5.98453132975362,11.9394468678018,-2.15637786292499,1.82024956616813,0.358692484097528,0.590984119332772,-2.93458007449457,-5.98453132975362,2.47984778091162,-2.15637786292499,0.598973615956235,-1.02528984783452,-0.525966132778399,-1522.91777314042,3,1,"normal",80
"241",-9.1223480983,0.581292785649485,1,1.25651307376651,80,0.000294077115539505,-15.2222233729393,29.7084893896776,-1.68641154637787,1.7725406067692,0.32987965937358,0.898337256270242,-7.43793301944464,-15.2222233729393,3.39143284300103,-1.68641154637787,0.572413888481449,-1.10902735959427,-0.107209717411035,0.850527094632623,4,1,"normal",1
"242",-11.33274213212,0.552050681494823,1,1.38168364933963,80,0.000294077115539505,-15.2222233729393,29.7084893896776,-1.68641154637787,1.7725406067692,0.32987965937358,0.898337256270242,-7.43793301944464,-15.2222233729393,3.39143284300103,-1.68641154637787,0.572413888481449,-1.10902735959427,-0.107209717411035,0.850527094632623,4,1,"normal",2
"243",-16.5706395336,0.481909571915884,1,1.13109256895928,80,0.000294077115539505,-15.2222233729393,29.7084893896776,-1.68641154637787,1.7725406067692,0.32987965937358,0.898337256270242,-7.43793301944464,-15.2222233729393,3.39143284300103,-1.68641154637787,0.572413888481449,-1.10902735959427,-0.107209717411035,0.850527094632623,4,1,"normal",3
"244",-24.368424931,0.379163674123064,1,1.14248475773627,80,0.000294077115539505,-15.2222233729393,29.7084893896776,-1.68641154637787,1.7725406067692,0.32987965937358,0.898337256270242,-7.43793301944464,-15.2222233729393,3.39143284300103,-1.68641154637787,0.572413888481449,-1.10902735959427,-0.107209717411035,0.850527094632623,4,1,"normal",4
"245",-16.9175,0.477260604349594,0,1.25124036644919,80,0.000294077115539505,-15.2222233729393,29.7084893896776,-1.68641154637787,1.7725406067692,0.32987965937358,0.898337256270242,-7.43793301944464,-15.2222233729393,3.39143284300103,-1.68641154637787,0.572413888481449,-1.10902735959427,-0.107209717411035,0.850527094632623,4,1,"normal",5
"246",-1.96954,0.672132865507855,0,1.11467048756426,80,0.000294077115539505,-15.2222233729393,29.7084893896776,-1.68641154637787,1.7725406067692,0.32987965937358,0.898337256270242,-7.43793301944464,-15.2222233729393,3.39143284300103,-1.68641154637787,0.572413888481449,-1.10902735959427,-0.107209717411035,0.850527094632623,4,1,"normal",6
"247",-7.8288235813,0.598209554306694,1,1.29986311083427,80,0.000294077115539505,-15.2222233729393,29.7084893896776,-1.68641154637787,1.7725406067692,0.32987965937358,0.898337256270242,-7.43793301944464,-15.2222233729393,3.39143284300103,-1.68641154637787,0.572413888481449,-1.10902735959427,-0.107209717411035,0.850527094632623,4,1,"normal",7
"248",-11.91078245687,0.544349879224734,1,1.15297873289042,80,0.000294077115539505,-15.2222233729393,29.7084893896776,-1.68641154637787,1.7725406067692,0.32987965937358,0.898337256270242,-7.43793301944464,-15.2222233729393,3.39143284300103,-1.68641154637787,0.572413888481449,-1.10902735959427,-0.107209717411035,0.850527094632623,4,1,"normal",8
"249",-23.29508,0.392975615366233,0,1.1725713353761,80,0.000294077115539505,-15.2222233729393,29.7084893896776,-1.68641154637787,1.7725406067692,0.32987965937358,0.898337256270242,-7.43793301944464,-15.2222233729393,3.39143284300103,-1.68641154637787,0.572413888481449,-1.10902735959427,-0.107209717411035,0.850527094632623,4,1,"normal",9
"250",-13.854949724,0.51834324388103,0,1.36315882758372,80,0.000294077115539505,-15.2222233729393,29.7084893896776,-1.68641154637787,1.7725406067692,0.32987965937358,0.898337256270242,-7.43793301944464,-15.2222233729393,3.39143284300103,-1.68641154637787,0.572413888481449,-1.10902735959427,-0.107209717411035,0.850527094632623,4,1,"normal",10
"251",-19.43112,0.44370220536918,1,1.13002065490814,80,0.000294077115539505,-15.2222233729393,29.7084893896776,-1.68641154637787,1.7725406067692,0.32987965937358,0.898337256270242,-7.43793301944464,-15.2222233729393,3.39143284300103,-1.68641154637787,0.572413888481449,-1.10902735959427,-0.107209717411035,0.850527094632623,4,1,"normal",11
"252",-34.40577,0.259369992080197,1,1.15295311541449,80,0.000294077115539505,-15.2222233729393,29.7084893896776,-1.68641154637787,1.7725406067692,0.32987965937358,0.898337256270242,-7.43793301944464,-15.2222233729393,3.39143284300103,-1.68641154637787,0.572413888481449,-1.10902735959427,-0.107209717411035,0.850527094632623,4,1,"normal",12
"253",-10.11443,0.568213744863046,0,1.33311853669463,80,0.000294077115539505,-15.2222233729393,29.7084893896776,-1.68641154637787,1.7725406067692,0.32987965937358,0.898337256270242,-7.43793301944464,-15.2222233729393,3.39143284300103,-1.68641154637787,0.572413888481449,-1.10902735959427,-0.107209717411035,0.850527094632623,4,1,"normal",13
"254",-7.0898948212,0.607793397068721,1,1.11566518779775,80,0.000294077115539505,-15.2222233729393,29.7084893896776,-1.68641154637787,1.7725406067692,0.32987965937358,0.898337256270242,-7.43793301944464,-15.2222233729393,3.39143284300103,-1.68641154637787,0.572413888481449,-1.10902735959427,-0.107209717411035,0.850527094632623,4,1,"normal",14
"255",-10.771299251,0.559511639161842,1,1.22081463191361,80,0.000294077115539505,-15.2222233729393,29.7084893896776,-1.68641154637787,1.7725406067692,0.32987965937358,0.898337256270242,-7.43793301944464,-15.2222233729393,3.39143284300103,-1.68641154637787,0.572413888481449,-1.10902735959427,-0.107209717411035,0.850527094632623,4,1,"normal",15
"256",-16.0526080869,0.488857137070766,1,1.23186850310689,80,0.000294077115539505,-15.2222233729393,29.7084893896776,-1.68641154637787,1.7725406067692,0.32987965937358,0.898337256270242,-7.43793301944464,-15.2222233729393,3.39143284300103,-1.68641154637787,0.572413888481449,-1.10902735959427,-0.107209717411035,0.850527094632623,4,1,"normal",16
"257",-17.5201630424,0.469190849539218,1,1.24216727536926,80,0.000294077115539505,-15.2222233729393,29.7084893896776,-1.68641154637787,1.7725406067692,0.32987965937358,0.898337256270242,-7.43793301944464,-15.2222233729393,3.39143284300103,-1.68641154637787,0.572413888481449,-1.10902735959427,-0.107209717411035,0.850527094632623,4,1,"normal",17
"258",-16.138,0.487711616111549,1,1.4233700326562,80,0.000294077115539505,-15.2222233729393,29.7084893896776,-1.68641154637787,1.7725406067692,0.32987965937358,0.898337256270242,-7.43793301944464,-15.2222233729393,3.39143284300103,-1.68641154637787,0.572413888481449,-1.10902735959427,-0.107209717411035,0.850527094632623,4,1,"normal",18
"259",-23.13894,0.394996595810156,0,1.13033668008499,80,0.000294077115539505,-15.2222233729393,29.7084893896776,-1.68641154637787,1.7725406067692,0.32987965937358,0.898337256270242,-7.43793301944464,-15.2222233729393,3.39143284300103,-1.68641154637787,0.572413888481449,-1.10902735959427,-0.107209717411035,0.850527094632623,4,1,"normal",19
"260",-24.084942584,0.38279738266568,0,1.2075497347108,80,0.000294077115539505,-15.2222233729393,29.7084893896776,-1.68641154637787,1.7725406067692,0.32987965937358,0.898337256270242,-7.43793301944464,-15.2222233729393,3.39143284300103,-1.68641154637787,0.572413888481449,-1.10902735959427,-0.107209717411035,0.850527094632623,4,1,"normal",20
"261",-11.06779,0.555574066747089,0,1.17113844848036,80,0.000294077115539505,-15.2222233729393,29.7084893896776,-1.68641154637787,1.7725406067692,0.32987965937358,0.898337256270242,-7.43793301944464,-15.2222233729393,3.39143284300103,-1.68641154637787,0.572413888481449,-1.10902735959427,-0.107209717411035,0.850527094632623,4,1,"normal",21
"262",-12.3656114192,0.538278633197504,1,1.07078123976994,80,0.000294077115539505,-15.2222233729393,29.7084893896776,-1.68641154637787,1.7725406067692,0.32987965937358,0.898337256270242,-7.43793301944464,-15.2222233729393,3.39143284300103,-1.68641154637787,0.572413888481449,-1.10902735959427,-0.107209717411035,0.850527094632623,4,1,"normal",22
"263",-11.05276,0.555773809591003,1,1.12839390975911,80,0.000294077115539505,-15.2222233729393,29.7084893896776,-1.68641154637787,1.7725406067692,0.32987965937358,0.898337256270242,-7.43793301944464,-15.2222233729393,3.39143284300103,-1.68641154637787,0.572413888481449,-1.10902735959427,-0.107209717411035,0.850527094632623,4,1,"normal",23
"264",8.2945,0.785529918578222,1,1.17910652272821,80,0.000294077115539505,-15.2222233729393,29.7084893896776,-1.68641154637787,1.7725406067692,0.32987965937358,0.898337256270242,-7.43793301944464,-15.2222233729393,3.39143284300103,-1.68641154637787,0.572413888481449,-1.10902735959427,-0.107209717411035,0.850527094632623,4,1,"normal",24
"265",-22.021012246,0.409545969878726,0,1.27559344954045,80,0.000294077115539505,-15.2222233729393,29.7084893896776,-1.68641154637787,1.7725406067692,0.32987965937358,0.898337256270242,-7.43793301944464,-15.2222233729393,3.39143284300103,-1.68641154637787,0.572413888481449,-1.10902735959427,-0.107209717411035,0.850527094632623,4,1,"normal",25
"266",-22.756130872,0.399963320869075,1,1.3323510478421,80,0.000294077115539505,-15.2222233729393,29.7084893896776,-1.68641154637787,1.7725406067692,0.32987965937358,0.898337256270242,-7.43793301944464,-15.2222233729393,3.39143284300103,-1.68641154637787,0.572413888481449,-1.10902735959427,-0.107209717411035,0.850527094632623,4,1,"normal",26
"267",-41.85972,0.185143720706261,0,1.13753408677468,80,0.000294077115539505,-15.2222233729393,29.7084893896776,-1.68641154637787,1.7725406067692,0.32987965937358,0.898337256270242,-7.43793301944464,-15.2222233729393,3.39143284300103,-1.68641154637787,0.572413888481449,-1.10902735959427,-0.107209717411035,0.850527094632623,4,1,"normal",27
"268",-21.06943723,0.422030230195225,1,1.14754249618357,80,0.000294077115539505,-15.2222233729393,29.7084893896776,-1.68641154637787,1.7725406067692,0.32987965937358,0.898337256270242,-7.43793301944464,-15.2222233729393,3.39143284300103,-1.68641154637787,0.572413888481449,-1.10902735959427,-0.107209717411035,0.850527094632623,4,1,"normal",28
"269",12.401,0.823574605736222,1,1.05370157923665,80,0.000294077115539505,-15.2222233729393,29.7084893896776,-1.68641154637787,1.7725406067692,0.32987965937358,0.898337256270242,-7.43793301944464,-15.2222233729393,3.39143284300103,-1.68641154637787,0.572413888481449,-1.10902735959427,-0.107209717411035,0.850527094632623,4,1,"normal",29
"270",-18.76207,0.452605082978757,1,1.26714198982865,80,0.000294077115539505,-15.2222233729393,29.7084893896776,-1.68641154637787,1.7725406067692,0.32987965937358,0.898337256270242,-7.43793301944464,-15.2222233729393,3.39143284300103,-1.68641154637787,0.572413888481449,-1.10902735959427,-0.107209717411035,0.850527094632623,4,1,"normal",30
"271",-32.8493,0.276610066757702,1,1.31306306288688,80,0.000294077115539505,-15.2222233729393,29.7084893896776,-1.68641154637787,1.7725406067692,0.32987965937358,0.898337256270242,-7.43793301944464,-15.2222233729393,3.39143284300103,-1.68641154637787,0.572413888481449,-1.10902735959427,-0.107209717411035,0.850527094632623,4,1,"normal",31
"272",20.3509,0.884199724759834,1,1.08273953275557,80,0.000294077115539505,-15.2222233729393,29.7084893896776,-1.68641154637787,1.7725406067692,0.32987965937358,0.898337256270242,-7.43793301944464,-15.2222233729393,3.39143284300103,-1.68641154637787,0.572413888481449,-1.10902735959427,-0.107209717411035,0.850527094632623,4,1,"normal",32
"273",-27.215139847,0.343313839333091,0,1.2461180645376,80,0.000294077115539505,-15.2222233729393,29.7084893896776,-1.68641154637787,1.7725406067692,0.32987965937358,0.898337256270242,-7.43793301944464,-15.2222233729393,3.39143284300103,-1.68641154637787,0.572413888481449,-1.10902735959427,-0.107209717411035,0.850527094632623,4,1,"normal",33
"274",-36.936,0.232579122411448,0,1.18278185257909,80,0.000294077115539505,-15.2222233729393,29.7084893896776,-1.68641154637787,1.7725406067692,0.32987965937358,0.898337256270242,-7.43793301944464,-15.2222233729393,3.39143284300103,-1.68641154637787,0.572413888481449,-1.10902735959427,-0.107209717411035,0.850527094632623,4,1,"normal",34
"275",-35.9774,0.242543845368214,0,1.23128698240069,80,0.000294077115539505,-15.2222233729393,29.7084893896776,-1.68641154637787,1.7725406067692,0.32987965937358,0.898337256270242,-7.43793301944464,-15.2222233729393,3.39143284300103,-1.68641154637787,0.572413888481449,-1.10902735959427,-0.107209717411035,0.850527094632623,4,1,"normal",35
"276",-18.10376,0.461388417422818,0,1.16947386966485,80,0.000294077115539505,-15.2222233729393,29.7084893896776,-1.68641154637787,1.7725406067692,0.32987965937358,0.898337256270242,-7.43793301944464,-15.2222233729393,3.39143284300103,-1.68641154637787,0.572413888481449,-1.10902735959427,-0.107209717411035,0.850527094632623,4,1,"normal",36
"277",-22.81886755,0.399148214787744,1,1.24159294254408,80,0.000294077115539505,-15.2222233729393,29.7084893896776,-1.68641154637787,1.7725406067692,0.32987965937358,0.898337256270242,-7.43793301944464,-15.2222233729393,3.39143284300103,-1.68641154637787,0.572413888481449,-1.10902735959427,-0.107209717411035,0.850527094632623,4,1,"normal",37
"278",13.8857,0.836205939739803,1,1.05030832237513,80,0.000294077115539505,-15.2222233729393,29.7084893896776,-1.68641154637787,1.7725406067692,0.32987965937358,0.898337256270242,-7.43793301944464,-15.2222233729393,3.39143284300103,-1.68641154637787,0.572413888481449,-1.10902735959427,-0.107209717411035,0.850527094632623,4,1,"normal",38
"279",-28.21385,0.331045055853067,0,1.27679158009931,80,0.000294077115539505,-15.2222233729393,29.7084893896776,-1.68641154637787,1.7725406067692,0.32987965937358,0.898337256270242,-7.43793301944464,-15.2222233729393,3.39143284300103,-1.68641154637787,0.572413888481449,-1.10902735959427,-0.107209717411035,0.850527094632623,4,1,"normal",39
"280",-17.14142,0.474261011696223,0,1.07614875491312,80,0.000294077115539505,-15.2222233729393,29.7084893896776,-1.68641154637787,1.7725406067692,0.32987965937358,0.898337256270242,-7.43793301944464,-15.2222233729393,3.39143284300103,-1.68641154637787,0.572413888481449,-1.10902735959427,-0.107209717411035,0.850527094632623,4,1,"normal",40
"281",3.6403,0.737120260449844,1,1.18217663957732,80,0.000294077115539505,-15.2222233729393,29.7084893896776,-1.68641154637787,1.7725406067692,0.32987965937358,0.898337256270242,-7.43793301944464,-15.2222233729393,3.39143284300103,-1.68641154637787,0.572413888481449,-1.10902735959427,-0.107209717411035,0.850527094632623,4,1,"normal",41
"282",-21.89370519,0.411211166775843,1,1.1541059503827,80,0.000294077115539505,-15.2222233729393,29.7084893896776,-1.68641154637787,1.7725406067692,0.32987965937358,0.898337256270242,-7.43793301944464,-15.2222233729393,3.39143284300103,-1.68641154637787,0.572413888481449,-1.10902735959427,-0.107209717411035,0.850527094632623,4,1,"normal",42
"283",1.0051,0.707420021516458,1,1.18404353250769,80,0.000294077115539505,-15.2222233729393,29.7084893896776,-1.68641154637787,1.7725406067692,0.32987965937358,0.898337256270242,-7.43793301944464,-15.2222233729393,3.39143284300103,-1.68641154637787,0.572413888481449,-1.10902735959427,-0.107209717411035,0.850527094632623,4,1,"normal",43
"284",3.2128,0.732408932701463,1,1.10474814162938,80,0.000294077115539505,-15.2222233729393,29.7084893896776,-1.68641154637787,1.7725406067692,0.32987965937358,0.898337256270242,-7.43793301944464,-15.2222233729393,3.39143284300103,-1.68641154637787,0.572413888481449,-1.10902735959427,-0.107209717411035,0.850527094632623,4,1,"normal",44
"285",-1.6312,0.676233051785134,1,1.15093872485367,80,0.000294077115539505,-15.2222233729393,29.7084893896776,-1.68641154637787,1.7725406067692,0.32987965937358,0.898337256270242,-7.43793301944464,-15.2222233729393,3.39143284300103,-1.68641154637787,0.572413888481449,-1.10902735959427,-0.107209717411035,0.850527094632623,4,1,"normal",45
"286",-29.553,0.314877011597716,0,1.32023233095419,80,0.000294077115539505,-15.2222233729393,29.7084893896776,-1.68641154637787,1.7725406067692,0.32987965937358,0.898337256270242,-7.43793301944464,-15.2222233729393,3.39143284300103,-1.68641154637787,0.572413888481449,-1.10902735959427,-0.107209717411035,0.850527094632623,4,1,"normal",46
"287",-31.3663,0.293543111395625,0,1.18504833769888,80,0.000294077115539505,-15.2222233729393,29.7084893896776,-1.68641154637787,1.7725406067692,0.32987965937358,0.898337256270242,-7.43793301944464,-15.2222233729393,3.39143284300103,-1.68641154637787,0.572413888481449,-1.10902735959427,-0.107209717411035,0.850527094632623,4,1,"normal",47
"288",-23.0661,0.395940364162428,1,1.147717819817,80,0.000294077115539505,-15.2222233729393,29.7084893896776,-1.68641154637787,1.7725406067692,0.32987965937358,0.898337256270242,-7.43793301944464,-15.2222233729393,3.39143284300103,-1.68641154637787,0.572413888481449,-1.10902735959427,-0.107209717411035,0.850527094632623,4,1,"normal",48
"289",-16.6928,0.480271942701457,1,1.19972444101166,80,0.000294077115539505,-15.2222233729393,29.7084893896776,-1.68641154637787,1.7725406067692,0.32987965937358,0.898337256270242,-7.43793301944464,-15.2222233729393,3.39143284300103,-1.68641154637787,0.572413888481449,-1.10902735959427,-0.107209717411035,0.850527094632623,4,1,"normal",49
"290",3.6489,0.737214600326108,1,1.04084500062889,80,0.000294077115539505,-15.2222233729393,29.7084893896776,-1.68641154637787,1.7725406067692,0.32987965937358,0.898337256270242,-7.43793301944464,-15.2222233729393,3.39143284300103,-1.68641154637787,0.572413888481449,-1.10902735959427,-0.107209717411035,0.850527094632623,4,1,"normal",50
"291",-34.28631,0.260673210136765,0,1.27791465846867,80,0.000294077115539505,-15.2222233729393,29.7084893896776,-1.68641154637787,1.7725406067692,0.32987965937358,0.898337256270242,-7.43793301944464,-15.2222233729393,3.39143284300103,-1.68641154637787,0.572413888481449,-1.10902735959427,-0.107209717411035,0.850527094632623,4,1,"normal",51
"292",-41.4968,0.188419997061012,0,1.020489837772,80,0.000294077115539505,-15.2222233729393,29.7084893896776,-1.68641154637787,1.7725406067692,0.32987965937358,0.898337256270242,-7.43793301944464,-15.2222233729393,3.39143284300103,-1.68641154637787,0.572413888481449,-1.10902735959427,-0.107209717411035,0.850527094632623,4,1,"normal",52
"293",-14.7603,0.506199068397326,0,1.17053609090423,80,0.000294077115539505,-15.2222233729393,29.7084893896776,-1.68641154637787,1.7725406067692,0.32987965937358,0.898337256270242,-7.43793301944464,-15.2222233729393,3.39143284300103,-1.68641154637787,0.572413888481449,-1.10902735959427,-0.107209717411035,0.850527094632623,4,1,"normal",53
"294",-49.5317,0.124292706176463,0,1.05696440911235,80,0.000294077115539505,-15.2222233729393,29.7084893896776,-1.68641154637787,1.7725406067692,0.32987965937358,0.898337256270242,-7.43793301944464,-15.2222233729393,3.39143284300103,-1.68641154637787,0.572413888481449,-1.10902735959427,-0.107209717411035,0.850527094632623,4,1,"normal",54
"295",-27.77464,0.336419195937026,0,1.07594540806517,80,0.000294077115539505,-15.2222233729393,29.7084893896776,-1.68641154637787,1.7725406067692,0.32987965937358,0.898337256270242,-7.43793301944464,-15.2222233729393,3.39143284300103,-1.68641154637787,0.572413888481449,-1.10902735959427,-0.107209717411035,0.850527094632623,4,1,"normal",55
"296",-37.5304,0.22651663646791,0,1.25490175406083,80,0.000294077115539505,-15.2222233729393,29.7084893896776,-1.68641154637787,1.7725406067692,0.32987965937358,0.898337256270242,-7.43793301944464,-15.2222233729393,3.39143284300103,-1.68641154637787,0.572413888481449,-1.10902735959427,-0.107209717411035,0.850527094632623,4,1,"normal",56
"297",7.2337,0.774976295525608,1,1.34322608505666,80,0.000294077115539505,-15.2222233729393,29.7084893896776,-1.68641154637787,1.7725406067692,0.32987965937358,0.898337256270242,-7.43793301944464,-15.2222233729393,3.39143284300103,-1.68641154637787,0.572413888481449,-1.10902735959427,-0.107209717411035,0.850527094632623,4,1,"normal",57
"298",-2.7686,0.662367303736197,0,1.30824599429414,80,0.000294077115539505,-15.2222233729393,29.7084893896776,-1.68641154637787,1.7725406067692,0.32987965937358,0.898337256270242,-7.43793301944464,-15.2222233729393,3.39143284300103,-1.68641154637787,0.572413888481449,-1.10902735959427,-0.107209717411035,0.850527094632623,4,1,"normal",58
"299",-49.3902,0.125270187712533,0,1.01962523446526,80,0.000294077115539505,-15.2222233729393,29.7084893896776,-1.68641154637787,1.7725406067692,0.32987965937358,0.898337256270242,-7.43793301944464,-15.2222233729393,3.39143284300103,-1.68641154637787,0.572413888481449,-1.10902735959427,-0.107209717411035,0.850527094632623,4,1,"normal",59
"300",-22.12317,0.408210908938817,1,1.34313571248026,80,0.000294077115539505,-15.2222233729393,29.7084893896776,-1.68641154637787,1.7725406067692,0.32987965937358,0.898337256270242,-7.43793301944464,-15.2222233729393,3.39143284300103,-1.68641154637787,0.572413888481449,-1.10902735959427,-0.107209717411035,0.850527094632623,4,1,"normal",60
"301",-31.8083,0.288446259802396,0,1.13268532939177,80,0.000294077115539505,-15.2222233729393,29.7084893896776,-1.68641154637787,1.7725406067692,0.32987965937358,0.898337256270242,-7.43793301944464,-15.2222233729393,3.39143284300103,-1.68641154637787,0.572413888481449,-1.10902735959427,-0.107209717411035,0.850527094632623,4,1,"normal",61
"302",2.9555,0.729552910519399,0,1.11577631662627,80,0.000294077115539505,-15.2222233729393,29.7084893896776,-1.68641154637787,1.7725406067692,0.32987965937358,0.898337256270242,-7.43793301944464,-15.2222233729393,3.39143284300103,-1.68641154637787,0.572413888481449,-1.10902735959427,-0.107209717411035,0.850527094632623,4,1,"normal",62
"303",-20.40941356,0.430736572805374,0,1.13757702226618,80,0.000294077115539505,-15.2222233729393,29.7084893896776,-1.68641154637787,1.7725406067692,0.32987965937358,0.898337256270242,-7.43793301944464,-15.2222233729393,3.39143284300103,-1.68641154637787,0.572413888481449,-1.10902735959427,-0.107209717411035,0.850527094632623,4,1,"normal",63
"304",-7.373,0.604128933038568,1,1.08257490160281,80,0.000294077115539505,-15.2222233729393,29.7084893896776,-1.68641154637787,1.7725406067692,0.32987965937358,0.898337256270242,-7.43793301944464,-15.2222233729393,3.39143284300103,-1.68641154637787,0.572413888481449,-1.10902735959427,-0.107209717411035,0.850527094632623,4,1,"normal",64
"305",-30.1082,0.308274425295575,0,1.1583521246427,80,0.000294077115539505,-15.2222233729393,29.7084893896776,-1.68641154637787,1.7725406067692,0.32987965937358,0.898337256270242,-7.43793301944464,-15.2222233729393,3.39143284300103,-1.68641154637787,0.572413888481449,-1.10902735959427,-0.107209717411035,0.850527094632623,4,1,"normal",65
"306",-24.5382,0.376992562420237,0,1.18904079560855,80,0.000294077115539505,-15.2222233729393,29.7084893896776,-1.68641154637787,1.7725406067692,0.32987965937358,0.898337256270242,-7.43793301944464,-15.2222233729393,3.39143284300103,-1.68641154637787,0.572413888481449,-1.10902735959427,-0.107209717411035,0.850527094632623,4,1,"normal",66
"307",0.4345,0.70078912564195,1,1.10835153369166,80,0.000294077115539505,-15.2222233729393,29.7084893896776,-1.68641154637787,1.7725406067692,0.32987965937358,0.898337256270242,-7.43793301944464,-15.2222233729393,3.39143284300103,-1.68641154637787,0.572413888481449,-1.10902735959427,-0.107209717411035,0.850527094632623,4,1,"normal",67
"308",-2.2495,0.668724351771926,1,1.12226094217619,80,0.000294077115539505,-15.2222233729393,29.7084893896776,-1.68641154637787,1.7725406067692,0.32987965937358,0.898337256270242,-7.43793301944464,-15.2222233729393,3.39143284300103,-1.68641154637787,0.572413888481449,-1.10902735959427,-0.107209717411035,0.850527094632623,4,1,"normal",68
"309",-12.2658,0.539611772615729,0,1.2407869961057,80,0.000294077115539505,-15.2222233729393,29.7084893896776,-1.68641154637787,1.7725406067692,0.32987965937358,0.898337256270242,-7.43793301944464,-15.2222233729393,3.39143284300103,-1.68641154637787,0.572413888481449,-1.10902735959427,-0.107209717411035,0.850527094632623,4,1,"normal",69
"310",-29.1203,0.320064342672991,0,1.1482348278146,80,0.000294077115539505,-15.2222233729393,29.7084893896776,-1.68641154637787,1.7725406067692,0.32987965937358,0.898337256270242,-7.43793301944464,-15.2222233729393,3.39143284300103,-1.68641154637787,0.572413888481449,-1.10902735959427,-0.107209717411035,0.850527094632623,4,1,"normal",70
"311",-0.2194,0.693107366542061,1,1.30457880098087,80,0.000294077115539505,-15.2222233729393,29.7084893896776,-1.68641154637787,1.7725406067692,0.32987965937358,0.898337256270242,-7.43793301944464,-15.2222233729393,3.39143284300103,-1.68641154637787,0.572413888481449,-1.10902735959427,-0.107209717411035,0.850527094632623,4,1,"normal",71
"312",-9.8698,0.571446348992533,0,1.31671155174518,80,0.000294077115539505,-15.2222233729393,29.7084893896776,-1.68641154637787,1.7725406067692,0.32987965937358,0.898337256270242,-7.43793301944464,-15.2222233729393,3.39143284300103,-1.68641154637787,0.572413888481449,-1.10902735959427,-0.107209717411035,0.850527094632623,4,1,"normal",72
"313",-33.1774,0.272929595403101,0,1.23475545480357,80,0.000294077115539505,-15.2222233729393,29.7084893896776,-1.68641154637787,1.7725406067692,0.32987965937358,0.898337256270242,-7.43793301944464,-15.2222233729393,3.39143284300103,-1.68641154637787,0.572413888481449,-1.10902735959427,-0.107209717411035,0.850527094632623,4,1,"normal",73
"314",-18.25172972,0.459412370409723,0,1.14312185760968,80,0.000294077115539505,-15.2222233729393,29.7084893896776,-1.68641154637787,1.7725406067692,0.32987965937358,0.898337256270242,-7.43793301944464,-15.2222233729393,3.39143284300103,-1.68641154637787,0.572413888481449,-1.10902735959427,-0.107209717411035,0.850527094632623,4,1,"normal",74
"315",10.753,0.80885078921463,1,1.15541259856892,80,0.000294077115539505,-15.2222233729393,29.7084893896776,-1.68641154637787,1.7725406067692,0.32987965937358,0.898337256270242,-7.43793301944464,-15.2222233729393,3.39143284300103,-1.68641154637787,0.572413888481449,-1.10902735959427,-0.107209717411035,0.850527094632623,4,1,"normal",75
"316",-5.7435,0.625085021632334,0,1.2203737523913,80,0.000294077115539505,-15.2222233729393,29.7084893896776,-1.68641154637787,1.7725406067692,0.32987965937358,0.898337256270242,-7.43793301944464,-15.2222233729393,3.39143284300103,-1.68641154637787,0.572413888481449,-1.10902735959427,-0.107209717411035,0.850527094632623,4,1,"normal",76
"317",8.5845,0.788364070717401,1,1.25017355685087,80,0.000294077115539505,-15.2222233729393,29.7084893896776,-1.68641154637787,1.7725406067692,0.32987965937358,0.898337256270242,-7.43793301944464,-15.2222233729393,3.39143284300103,-1.68641154637787,0.572413888481449,-1.10902735959427,-0.107209717411035,0.850527094632623,4,1,"normal",77
"318",-28.7105,0.325009855178607,0,1.31072639117843,80,0.000294077115539505,-15.2222233729393,29.7084893896776,-1.68641154637787,1.7725406067692,0.32987965937358,0.898337256270242,-7.43793301944464,-15.2222233729393,3.39143284300103,-1.68641154637787,0.572413888481449,-1.10902735959427,-0.107209717411035,0.850527094632623,4,1,"normal",78
"319",-30.93513,0.298554950484804,0,1.05134430239806,80,0.000294077115539505,-15.2222233729393,29.7084893896776,-1.68641154637787,1.7725406067692,0.32987965937358,0.898337256270242,-7.43793301944464,-15.2222233729393,3.39143284300103,-1.68641154637787,0.572413888481449,-1.10902735959427,-0.107209717411035,0.850527094632623,4,1,"normal",79
"320",-30.257,0.30651524134823,0,1.18087439637659,80,0.000294077115539505,-15.2222233729393,29.7084893896776,-1.68641154637787,1.7725406067692,0.32987965937358,0.898337256270242,-7.43793301944464,-15.2222233729393,3.39143284300103,-1.68641154637787,0.572413888481449,-1.10902735959427,-0.107209717411035,0.850527094632623,4,1,"normal",80
"321",9.5760965996,0.781019239514963,1,0.668816604069145,80,0.00432329675043,-3.92491344195215,17.2213987891497,-1.94343882439633,3.86025178213294,0.295391769672614,0.233401879743533,-4.74190565835229,-3.92491344195215,2.84615272619707,-1.94343882439633,1.3507324098813,-1.21945277090938,-1.45499350541947,1056.98680976856,5,1,"normal",1
"322",-6.17466256907,0.448480651198738,1,0.737538586753652,80,0.00432329675043,-3.92491344195215,17.2213987891497,-1.94343882439633,3.86025178213294,0.295391769672614,0.233401879743533,-4.74190565835229,-3.92491344195215,2.84615272619707,-1.94343882439633,1.3507324098813,-1.21945277090938,-1.45499350541947,1056.98680976856,5,1,"normal",2
"323",-14.0295024865,0.280600714184035,0,0.582009797235485,80,0.00432329675043,-3.92491344195215,17.2213987891497,-1.94343882439633,3.86025178213294,0.295391769672614,0.233401879743533,-4.74190565835229,-3.92491344195215,2.84615272619707,-1.94343882439633,1.3507324098813,-1.21945277090938,-1.45499350541947,1056.98680976856,5,1,"normal",3
"324",-6.8484138832,0.433182323495795,0,0.638579621435309,80,0.00432329675043,-3.92491344195215,17.2213987891497,-1.94343882439633,3.86025178213294,0.295391769672614,0.233401879743533,-4.74190565835229,-3.92491344195215,2.84615272619707,-1.94343882439633,1.3507324098813,-1.21945277090938,-1.45499350541947,1056.98680976856,5,1,"normal",4
"325",-28.56826,0.0798833225457836,0,0.456073186282039,80,0.00432329675043,-3.92491344195215,17.2213987891497,-1.94343882439633,3.86025178213294,0.295391769672614,0.233401879743533,-4.74190565835229,-3.92491344195215,2.84615272619707,-1.94343882439633,1.3507324098813,-1.21945277090938,-1.45499350541947,1056.98680976856,5,1,"normal",5
"326",0.35367,0.59725695649409,1,0.56509276226109,80,0.00432329675043,-3.92491344195215,17.2213987891497,-1.94343882439633,3.86025178213294,0.295391769672614,0.233401879743533,-4.74190565835229,-3.92491344195215,2.84615272619707,-1.94343882439633,1.3507324098813,-1.21945277090938,-1.45499350541947,1056.98680976856,5,1,"normal",6
"327",12.32855,0.824532121416168,1,0.546873206620959,80,0.00432329675043,-3.92491344195215,17.2213987891497,-1.94343882439633,3.86025178213294,0.295391769672614,0.233401879743533,-4.74190565835229,-3.92491344195215,2.84615272619707,-1.94343882439633,1.3507324098813,-1.21945277090938,-1.45499350541947,1056.98680976856,5,1,"normal",7
"328",-16.25448,0.239286738570492,0,0.556748803281117,80,0.00432329675043,-3.92491344195215,17.2213987891497,-1.94343882439633,3.86025178213294,0.295391769672614,0.233401879743533,-4.74190565835229,-3.92491344195215,2.84615272619707,-1.94343882439633,1.3507324098813,-1.21945277090938,-1.45499350541947,1056.98680976856,5,1,"normal",8
"329",-4.05396,0.497036448309928,1,0.608374068961211,80,0.00432329675043,-3.92491344195215,17.2213987891497,-1.94343882439633,3.86025178213294,0.295391769672614,0.233401879743533,-4.74190565835229,-3.92491344195215,2.84615272619707,-1.94343882439633,1.3507324098813,-1.21945277090938,-1.45499350541947,1056.98680976856,5,1,"normal",9
"330",-15.15595,0.259250130477387,1,0.649434705267318,80,0.00432329675043,-3.92491344195215,17.2213987891497,-1.94343882439633,3.86025178213294,0.295391769672614,0.233401879743533,-4.74190565835229,-3.92491344195215,2.84615272619707,-1.94343882439633,1.3507324098813,-1.21945277090938,-1.45499350541947,1056.98680976856,5,1,"normal",10
"331",-14.86614,0.264660089522244,0,0.527518241611415,80,0.00432329675043,-3.92491344195215,17.2213987891497,-1.94343882439633,3.86025178213294,0.295391769672614,0.233401879743533,-4.74190565835229,-3.92491344195215,2.84615272619707,-1.94343882439633,1.3507324098813,-1.21945277090938,-1.45499350541947,1056.98680976856,5,1,"normal",11
"332",-26.33851,0.100032736363588,0,0.361635702243223,80,0.00432329675043,-3.92491344195215,17.2213987891497,-1.94343882439633,3.86025178213294,0.295391769672614,0.233401879743533,-4.74190565835229,-3.92491344195215,2.84615272619707,-1.94343882439633,1.3507324098813,-1.21945277090938,-1.45499350541947,1056.98680976856,5,1,"normal",12
"333",-2.03904,0.543223047136621,1,0.597287607077908,80,0.00432329675043,-3.92491344195215,17.2213987891497,-1.94343882439633,3.86025178213294,0.295391769672614,0.233401879743533,-4.74190565835229,-3.92491344195215,2.84615272619707,-1.94343882439633,1.3507324098813,-1.21945277090938,-1.45499350541947,1056.98680976856,5,1,"normal",13
"334",-14.82065,0.265514566834673,0,0.648712179050101,80,0.00432329675043,-3.92491344195215,17.2213987891497,-1.94343882439633,3.86025178213294,0.295391769672614,0.233401879743533,-4.74190565835229,-3.92491344195215,2.84615272619707,-1.94343882439633,1.3507324098813,-1.21945277090938,-1.45499350541947,1056.98680976856,5,1,"normal",14
"335",-15.22439,0.257981129291412,1,0.482204260875077,80,0.00432329675043,-3.92491344195215,17.2213987891497,-1.94343882439633,3.86025178213294,0.295391769672614,0.233401879743533,-4.74190565835229,-3.92491344195215,2.84615272619707,-1.94343882439633,1.3507324098813,-1.21945277090938,-1.45499350541947,1056.98680976856,5,1,"normal",15
"336",-39.0734,0.024771481850327,0,0.416601501700783,80,0.00432329675043,-3.92491344195215,17.2213987891497,-1.94343882439633,3.86025178213294,0.295391769672614,0.233401879743533,-4.74190565835229,-3.92491344195215,2.84615272619707,-1.94343882439633,1.3507324098813,-1.21945277090938,-1.45499350541947,1056.98680976856,5,1,"normal",16
"337",-22.01222,0.149848511976862,0,0.539818138845706,80,0.00432329675043,-3.92491344195215,17.2213987891497,-1.94343882439633,3.86025178213294,0.295391769672614,0.233401879743533,-4.74190565835229,-3.92491344195215,2.84615272619707,-1.94343882439633,1.3507324098813,-1.21945277090938,-1.45499350541947,1056.98680976856,5,1,"normal",17
"338",-3.573,0.508081198544721,0,0.478354288031278,80,0.00432329675043,-3.92491344195215,17.2213987891497,-1.94343882439633,3.86025178213294,0.295391769672614,0.233401879743533,-4.74190565835229,-3.92491344195215,2.84615272619707,-1.94343882439633,1.3507324098813,-1.21945277090938,-1.45499350541947,1056.98680976856,5,1,"normal",18
"339",-30.57295,0.064682742106767,0,0.425831543378528,80,0.00432329675043,-3.92491344195215,17.2213987891497,-1.94343882439633,3.86025178213294,0.295391769672614,0.233401879743533,-4.74190565835229,-3.92491344195215,2.84615272619707,-1.94343882439633,1.3507324098813,-1.21945277090938,-1.45499350541947,1056.98680976856,5,1,"normal",19
"340",-14.80631,0.265784223687466,1,0.468607685303511,80,0.00432329675043,-3.92491344195215,17.2213987891497,-1.94343882439633,3.86025178213294,0.295391769672614,0.233401879743533,-4.74190565835229,-3.92491344195215,2.84615272619707,-1.94343882439633,1.3507324098813,-1.21945277090938,-1.45499350541947,1056.98680976856,5,1,"normal",20
"341",-8.55894,0.394849119078637,1,0.547248082594089,80,0.00432329675043,-3.92491344195215,17.2213987891497,-1.94343882439633,3.86025178213294,0.295391769672614,0.233401879743533,-4.74190565835229,-3.92491344195215,2.84615272619707,-1.94343882439633,1.3507324098813,-1.21945277090938,-1.45499350541947,1056.98680976856,5,1,"normal",21
"342",17.18024,0.886439624226616,1,0.357494470441709,80,0.00432329675043,-3.92491344195215,17.2213987891497,-1.94343882439633,3.86025178213294,0.295391769672614,0.233401879743533,-4.74190565835229,-3.92491344195215,2.84615272619707,-1.94343882439633,1.3507324098813,-1.21945277090938,-1.45499350541947,1056.98680976856,5,1,"normal",22
"343",0.3102,0.596288696401953,0,0.501099891440711,80,0.00432329675043,-3.92491344195215,17.2213987891497,-1.94343882439633,3.86025178213294,0.295391769672614,0.233401879743533,-4.74190565835229,-3.92491344195215,2.84615272619707,-1.94343882439633,1.3507324098813,-1.21945277090938,-1.45499350541947,1056.98680976856,5,1,"normal",23
"344",36.75841,0.986675964138456,1,0.369043141037336,80,0.00432329675043,-3.92491344195215,17.2213987891497,-1.94343882439633,3.86025178213294,0.295391769672614,0.233401879743533,-4.74190565835229,-3.92491344195215,2.84615272619707,-1.94343882439633,1.3507324098813,-1.21945277090938,-1.45499350541947,1056.98680976856,5,1,"normal",24
"345",2.09824,0.63555386411055,0,0.72167564015191,80,0.00432329675043,-3.92491344195215,17.2213987891497,-1.94343882439633,3.86025178213294,0.295391769672614,0.233401879743533,-4.74190565835229,-3.92491344195215,2.84615272619707,-1.94343882439633,1.3507324098813,-1.21945277090938,-1.45499350541947,1056.98680976856,5,1,"normal",25
"346",-6.4474548015,0.442275835437798,0,0.523306361562921,80,0.00432329675043,-3.92491344195215,17.2213987891497,-1.94343882439633,3.86025178213294,0.295391769672614,0.233401879743533,-4.74190565835229,-3.92491344195215,2.84615272619707,-1.94343882439633,1.3507324098813,-1.21945277090938,-1.45499350541947,1056.98680976856,5,1,"normal",26
"347",-13.47241,0.291472276068949,0,0.531556315897447,80,0.00432329675043,-3.92491344195215,17.2213987891497,-1.94343882439633,3.86025178213294,0.295391769672614,0.233401879743533,-4.74190565835229,-3.92491344195215,2.84615272619707,-1.94343882439633,1.3507324098813,-1.21945277090938,-1.45499350541947,1056.98680976856,5,1,"normal",27
"348",-4.26435551854,0.492205151099712,0,0.832158304239865,80,0.00432329675043,-3.92491344195215,17.2213987891497,-1.94343882439633,3.86025178213294,0.295391769672614,0.233401879743533,-4.74190565835229,-3.92491344195215,2.84615272619707,-1.94343882439633,1.3507324098813,-1.21945277090938,-1.45499350541947,1056.98680976856,5,1,"normal",28
"349",18.97009,0.904621255947133,1,0.567399610671894,80,0.00432329675043,-3.92491344195215,17.2213987891497,-1.94343882439633,3.86025178213294,0.295391769672614,0.233401879743533,-4.74190565835229,-3.92491344195215,2.84615272619707,-1.94343882439633,1.3507324098813,-1.21945277090938,-1.45499350541947,1056.98680976856,5,1,"normal",29
"350",-38.74894,0.025717797356135,0,0.393849907868392,80,0.00432329675043,-3.92491344195215,17.2213987891497,-1.94343882439633,3.86025178213294,0.295391769672614,0.233401879743533,-4.74190565835229,-3.92491344195215,2.84615272619707,-1.94343882439633,1.3507324098813,-1.21945277090938,-1.45499350541947,1056.98680976856,5,1,"normal",30
"351",-34.96243,0.0397660611218264,0,0.446425238963432,80,0.00432329675043,-3.92491344195215,17.2213987891497,-1.94343882439633,3.86025178213294,0.295391769672614,0.233401879743533,-4.74190565835229,-3.92491344195215,2.84615272619707,-1.94343882439633,1.3507324098813,-1.21945277090938,-1.45499350541947,1056.98680976856,5,1,"normal",31
"352",6.03989,0.716690311369358,0,0.455135531300213,80,0.00432329675043,-3.92491344195215,17.2213987891497,-1.94343882439633,3.86025178213294,0.295391769672614,0.233401879743533,-4.74190565835229,-3.92491344195215,2.84615272619707,-1.94343882439633,1.3507324098813,-1.21945277090938,-1.45499350541947,1056.98680976856,5,1,"normal",32
"353",9.4752,0.779311261419697,1,0.549159815304724,80,0.00432329675043,-3.92491344195215,17.2213987891497,-1.94343882439633,3.86025178213294,0.295391769672614,0.233401879743533,-4.74190565835229,-3.92491344195215,2.84615272619707,-1.94343882439633,1.3507324098813,-1.21945277090938,-1.45499350541947,1056.98680976856,5,1,"normal",33
"354",-17.7411,0.213695963087962,0,0.492016015690751,80,0.00432329675043,-3.92491344195215,17.2213987891497,-1.94343882439633,3.86025178213294,0.295391769672614,0.233401879743533,-4.74190565835229,-3.92491344195215,2.84615272619707,-1.94343882439633,1.3507324098813,-1.21945277090938,-1.45499350541947,1056.98680976856,5,1,"normal",34
"355",11.87199,0.817731667792637,1,0.455691249163824,80,0.00432329675043,-3.92491344195215,17.2213987891497,-1.94343882439633,3.86025178213294,0.295391769672614,0.233401879743533,-4.74190565835229,-3.92491344195215,2.84615272619707,-1.94343882439633,1.3507324098813,-1.21945277090938,-1.45499350541947,1056.98680976856,5,1,"normal",35
"356",-9.60327,0.371920316457433,1,0.518183198240787,80,0.00432329675043,-3.92491344195215,17.2213987891497,-1.94343882439633,3.86025178213294,0.295391769672614,0.233401879743533,-4.74190565835229,-3.92491344195215,2.84615272619707,-1.94343882439633,1.3507324098813,-1.21945277090938,-1.45499350541947,1056.98680976856,5,1,"normal",36
"357",-21.00233,0.163620649117259,0,0.641083549298511,80,0.00432329675043,-3.92491344195215,17.2213987891497,-1.94343882439633,3.86025178213294,0.295391769672614,0.233401879743533,-4.74190565835229,-3.92491344195215,2.84615272619707,-1.94343882439633,1.3507324098813,-1.21945277090938,-1.45499350541947,1056.98680976856,5,1,"normal",37
"358",5.74192,0.710873388082721,1,0.428710290336236,80,0.00432329675043,-3.92491344195215,17.2213987891497,-1.94343882439633,3.86025178213294,0.295391769672614,0.233401879743533,-4.74190565835229,-3.92491344195215,2.84615272619707,-1.94343882439633,1.3507324098813,-1.21945277090938,-1.45499350541947,1056.98680976856,5,1,"normal",38
"359",2.61586,0.646675610331502,0,0.537440837422802,80,0.00432329675043,-3.92491344195215,17.2213987891497,-1.94343882439633,3.86025178213294,0.295391769672614,0.233401879743533,-4.74190565835229,-3.92491344195215,2.84615272619707,-1.94343882439633,1.3507324098813,-1.21945277090938,-1.45499350541947,1056.98680976856,5,1,"normal",39
"360",-4.2565,0.492385520382467,1,0.548758089960567,80,0.00432329675043,-3.92491344195215,17.2213987891497,-1.94343882439633,3.86025178213294,0.295391769672614,0.233401879743533,-4.74190565835229,-3.92491344195215,2.84615272619707,-1.94343882439633,1.3507324098813,-1.21945277090938,-1.45499350541947,1056.98680976856,5,1,"normal",40
"361",13.7428071,0.844529583719899,1,0.490685728565028,80,0.00432329675043,-3.92491344195215,17.2213987891497,-1.94343882439633,3.86025178213294,0.295391769672614,0.233401879743533,-4.74190565835229,-3.92491344195215,2.84615272619707,-1.94343882439633,1.3507324098813,-1.21945277090938,-1.45499350541947,1056.98680976856,5,1,"normal",41
"362",-21.36381,0.15859630641586,0,0.555477886897111,80,0.00432329675043,-3.92491344195215,17.2213987891497,-1.94343882439633,3.86025178213294,0.295391769672614,0.233401879743533,-4.74190565835229,-3.92491344195215,2.84615272619707,-1.94343882439633,1.3507324098813,-1.21945277090938,-1.45499350541947,1056.98680976856,5,1,"normal",42
"363",-22.47788,0.143775538683395,0,0.420789702418468,80,0.00432329675043,-3.92491344195215,17.2213987891497,-1.94343882439633,3.86025178213294,0.295391769672614,0.233401879743533,-4.74190565835229,-3.92491344195215,2.84615272619707,-1.94343882439633,1.3507324098813,-1.21945277090938,-1.45499350541947,1056.98680976856,5,1,"normal",43
"364",-24.73721,0.116767420631844,1,0.583745642309372,80,0.00432329675043,-3.92491344195215,17.2213987891497,-1.94343882439633,3.86025178213294,0.295391769672614,0.233401879743533,-4.74190565835229,-3.92491344195215,2.84615272619707,-1.94343882439633,1.3507324098813,-1.21945277090938,-1.45499350541947,1056.98680976856,5,1,"normal",44
"365",-12.15839,0.317879505963906,0,0.67571011382463,80,0.00432329675043,-3.92491344195215,17.2213987891497,-1.94343882439633,3.86025178213294,0.295391769672614,0.233401879743533,-4.74190565835229,-3.92491344195215,2.84615272619707,-1.94343882439633,1.3507324098813,-1.21945277090938,-1.45499350541947,1056.98680976856,5,1,"normal",45
"366",20.005505,0.914059523396135,1,0.386579943967746,80,0.00432329675043,-3.92491344195215,17.2213987891497,-1.94343882439633,3.86025178213294,0.295391769672614,0.233401879743533,-4.74190565835229,-3.92491344195215,2.84615272619707,-1.94343882439633,1.3507324098813,-1.21945277090938,-1.45499350541947,1056.98680976856,5,1,"normal",46
"367",19.51768,0.909708839640481,1,0.489777702492962,80,0.00432329675043,-3.92491344195215,17.2213987891497,-1.94343882439633,3.86025178213294,0.295391769672614,0.233401879743533,-4.74190565835229,-3.92491344195215,2.84615272619707,-1.94343882439633,1.3507324098813,-1.21945277090938,-1.45499350541947,1056.98680976856,5,1,"normal",47
"368",13.897297,0.846616086248023,1,0.626580359375115,80,0.00432329675043,-3.92491344195215,17.2213987891497,-1.94343882439633,3.86025178213294,0.295391769672614,0.233401879743533,-4.74190565835229,-3.92491344195215,2.84615272619707,-1.94343882439633,1.3507324098813,-1.21945277090938,-1.45499350541947,1056.98680976856,5,1,"normal",48
"369",23.19183,0.938500516314531,1,0.414315460078782,80,0.00432329675043,-3.92491344195215,17.2213987891497,-1.94343882439633,3.86025178213294,0.295391769672614,0.233401879743533,-4.74190565835229,-3.92491344195215,2.84615272619707,-1.94343882439633,1.3507324098813,-1.21945277090938,-1.45499350541947,1056.98680976856,5,1,"normal",49
"370",7.6427,0.746958671210808,1,0.480754450083871,80,0.00432329675043,-3.92491344195215,17.2213987891497,-1.94343882439633,3.86025178213294,0.295391769672614,0.233401879743533,-4.74190565835229,-3.92491344195215,2.84615272619707,-1.94343882439633,1.3507324098813,-1.21945277090938,-1.45499350541947,1056.98680976856,5,1,"normal",50
"371",11.38175,0.810243203271543,1,0.426235056708704,80,0.00432329675043,-3.92491344195215,17.2213987891497,-1.94343882439633,3.86025178213294,0.295391769672614,0.233401879743533,-4.74190565835229,-3.92491344195215,2.84615272619707,-1.94343882439633,1.3507324098813,-1.21945277090938,-1.45499350541947,1056.98680976856,5,1,"normal",51
"372",15.22124,0.863708194383042,1,0.530863394005634,80,0.00432329675043,-3.92491344195215,17.2213987891497,-1.94343882439633,3.86025178213294,0.295391769672614,0.233401879743533,-4.74190565835229,-3.92491344195215,2.84615272619707,-1.94343882439633,1.3507324098813,-1.21945277090938,-1.45499350541947,1056.98680976856,5,1,"normal",52
"373",20.545971,0.918683752073567,1,0.427942936882699,80,0.00432329675043,-3.92491344195215,17.2213987891497,-1.94343882439633,3.86025178213294,0.295391769672614,0.233401879743533,-4.74190565835229,-3.92491344195215,2.84615272619707,-1.94343882439633,1.3507324098813,-1.21945277090938,-1.45499350541947,1056.98680976856,5,1,"normal",53
"374",-20.40631,0.172135673522069,0,0.561790874838007,80,0.00432329675043,-3.92491344195215,17.2213987891497,-1.94343882439633,3.86025178213294,0.295391769672614,0.233401879743533,-4.74190565835229,-3.92491344195215,2.84615272619707,-1.94343882439633,1.3507324098813,-1.21945277090938,-1.45499350541947,1056.98680976856,5,1,"normal",54
"375",14.561212,0.855363476069851,1,0.556129659756012,80,0.00432329675043,-3.92491344195215,17.2213987891497,-1.94343882439633,3.86025178213294,0.295391769672614,0.233401879743533,-4.74190565835229,-3.92491344195215,2.84615272619707,-1.94343882439633,1.3507324098813,-1.21945277090938,-1.45499350541947,1056.98680976856,5,1,"normal",55
"376",-22.6265,0.141874025285708,0,0.430729823098232,80,0.00432329675043,-3.92491344195215,17.2213987891497,-1.94343882439633,3.86025178213294,0.295391769672614,0.233401879743533,-4.74190565835229,-3.92491344195215,2.84615272619707,-1.94343882439633,1.3507324098813,-1.21945277090938,-1.45499350541947,1056.98680976856,5,1,"normal",56
"377",3.08787,0.656707545596163,1,0.520748996459123,80,0.00432329675043,-3.92491344195215,17.2213987891497,-1.94343882439633,3.86025178213294,0.295391769672614,0.233401879743533,-4.74190565835229,-3.92491344195215,2.84615272619707,-1.94343882439633,1.3507324098813,-1.21945277090938,-1.45499350541947,1056.98680976856,5,1,"normal",57
"378",-12.70804,0.306707295553503,0,0.566334561645228,80,0.00432329675043,-3.92491344195215,17.2213987891497,-1.94343882439633,3.86025178213294,0.295391769672614,0.233401879743533,-4.74190565835229,-3.92491344195215,2.84615272619707,-1.94343882439633,1.3507324098813,-1.21945277090938,-1.45499350541947,1056.98680976856,5,1,"normal",58
"379",-14.03329,0.280527492652484,0,0.587013434877838,80,0.00432329675043,-3.92491344195215,17.2213987891497,-1.94343882439633,3.86025178213294,0.295391769672614,0.233401879743533,-4.74190565835229,-3.92491344195215,2.84615272619707,-1.94343882439633,1.3507324098813,-1.21945277090938,-1.45499350541947,1056.98680976856,5,1,"normal",59
"380",10.48826,0.796102545110588,0,0.508759000411023,80,0.00432329675043,-3.92491344195215,17.2213987891497,-1.94343882439633,3.86025178213294,0.295391769672614,0.233401879743533,-4.74190565835229,-3.92491344195215,2.84615272619707,-1.94343882439633,1.3507324098813,-1.21945277090938,-1.45499350541947,1056.98680976856,5,1,"normal",60
"381",-19.4754,0.186008312749042,0,0.643213920657449,80,0.00432329675043,-3.92491344195215,17.2213987891497,-1.94343882439633,3.86025178213294,0.295391769672614,0.233401879743533,-4.74190565835229,-3.92491344195215,2.84615272619707,-1.94343882439633,1.3507324098813,-1.21945277090938,-1.45499350541947,1056.98680976856,5,1,"normal",61
"382",-17.0106,0.226061305574705,0,0.390794580082752,80,0.00432329675043,-3.92491344195215,17.2213987891497,-1.94343882439633,3.86025178213294,0.295391769672614,0.233401879743533,-4.74190565835229,-3.92491344195215,2.84615272619707,-1.94343882439633,1.3507324098813,-1.21945277090938,-1.45499350541947,1056.98680976856,5,1,"normal",62
"383",-11.16802,0.338437281330117,1,0.63900122862628,80,0.00432329675043,-3.92491344195215,17.2213987891497,-1.94343882439633,3.86025178213294,0.295391769672614,0.233401879743533,-4.74190565835229,-3.92491344195215,2.84615272619707,-1.94343882439633,1.3507324098813,-1.21945277090938,-1.45499350541947,1056.98680976856,5,1,"normal",63
"384",-14.83363,0.265270606589094,0,0.520686081118869,80,0.00432329675043,-3.92491344195215,17.2213987891497,-1.94343882439633,3.86025178213294,0.295391769672614,0.233401879743533,-4.74190565835229,-3.92491344195215,2.84615272619707,-1.94343882439633,1.3507324098813,-1.21945277090938,-1.45499350541947,1056.98680976856,5,1,"normal",64
"385",-12.126735,0.318528242748698,1,0.713395403481635,80,0.00432329675043,-3.92491344195215,17.2213987891497,-1.94343882439633,3.86025178213294,0.295391769672614,0.233401879743533,-4.74190565835229,-3.92491344195215,2.84615272619707,-1.94343882439633,1.3507324098813,-1.21945277090938,-1.45499350541947,1056.98680976856,5,1,"normal",65
"386",-19.86464,0.180122957283995,1,0.518696522967239,80,0.00432329675043,-3.92491344195215,17.2213987891497,-1.94343882439633,3.86025178213294,0.295391769672614,0.233401879743533,-4.74190565835229,-3.92491344195215,2.84615272619707,-1.94343882439633,1.3507324098813,-1.21945277090938,-1.45499350541947,1056.98680976856,5,1,"normal",66
"387",-7.511178,0.41823214455438,0,0.578423280573605,80,0.00432329675043,-3.92491344195215,17.2213987891497,-1.94343882439633,3.86025178213294,0.295391769672614,0.233401879743533,-4.74190565835229,-3.92491344195215,2.84615272619707,-1.94343882439633,1.3507324098813,-1.21945277090938,-1.45499350541947,1056.98680976856,5,1,"normal",67
"388",4.08839,0.677596562623134,1,0.59917216315927,80,0.00432329675043,-3.92491344195215,17.2213987891497,-1.94343882439633,3.86025178213294,0.295391769672614,0.233401879743533,-4.74190565835229,-3.92491344195215,2.84615272619707,-1.94343882439633,1.3507324098813,-1.21945277090938,-1.45499350541947,1056.98680976856,5,1,"normal",68
"389",18.08318,0.895913381772088,1,0.386986339032935,80,0.00432329675043,-3.92491344195215,17.2213987891497,-1.94343882439633,3.86025178213294,0.295391769672614,0.233401879743533,-4.74190565835229,-3.92491344195215,2.84615272619707,-1.94343882439633,1.3507324098813,-1.21945277090938,-1.45499350541947,1056.98680976856,5,1,"normal",69
"390",0.7476,0.606003056314452,1,0.447052845757046,80,0.00432329675043,-3.92491344195215,17.2213987891497,-1.94343882439633,3.86025178213294,0.295391769672614,0.233401879743533,-4.74190565835229,-3.92491344195215,2.84615272619707,-1.94343882439633,1.3507324098813,-1.21945277090938,-1.45499350541947,1056.98680976856,5,1,"normal",70
"391",-15.63646,0.250410850873738,1,0.701324277201564,80,0.00432329675043,-3.92491344195215,17.2213987891497,-1.94343882439633,3.86025178213294,0.295391769672614,0.233401879743533,-4.74190565835229,-3.92491344195215,2.84615272619707,-1.94343882439633,1.3507324098813,-1.21945277090938,-1.45499350541947,1056.98680976856,5,1,"normal",71
"392",-1.4567,0.556489543123029,0,0.63679527596764,80,0.00432329675043,-3.92491344195215,17.2213987891497,-1.94343882439633,3.86025178213294,0.295391769672614,0.233401879743533,-4.74190565835229,-3.92491344195215,2.84615272619707,-1.94343882439633,1.3507324098813,-1.21945277090938,-1.45499350541947,1056.98680976856,5,1,"normal",72
"393",13.88462,0.84644560012314,1,0.561077158639695,80,0.00432329675043,-3.92491344195215,17.2213987891497,-1.94343882439633,3.86025178213294,0.295391769672614,0.233401879743533,-4.74190565835229,-3.92491344195215,2.84615272619707,-1.94343882439633,1.3507324098813,-1.21945277090938,-1.45499350541947,1056.98680976856,5,1,"normal",73
"394",-26.18781,0.101524942635572,0,0.39139011469115,80,0.00432329675043,-3.92491344195215,17.2213987891497,-1.94343882439633,3.86025178213294,0.295391769672614,0.233401879743533,-4.74190565835229,-3.92491344195215,2.84615272619707,-1.94343882439633,1.3507324098813,-1.21945277090938,-1.45499350541947,1056.98680976856,5,1,"normal",74
"395",-18.40921,0.202748701726252,0,0.607627168518729,80,0.00432329675043,-3.92491344195215,17.2213987891497,-1.94343882439633,3.86025178213294,0.295391769672614,0.233401879743533,-4.74190565835229,-3.92491344195215,2.84615272619707,-1.94343882439633,1.3507324098813,-1.21945277090938,-1.45499350541947,1056.98680976856,5,1,"normal",75
"396",12.49118,0.826913930260979,0,0.442665202238837,80,0.00432329675043,-3.92491344195215,17.2213987891497,-1.94343882439633,3.86025178213294,0.295391769672614,0.233401879743533,-4.74190565835229,-3.92491344195215,2.84615272619707,-1.94343882439633,1.3507324098813,-1.21945277090938,-1.45499350541947,1056.98680976856,5,1,"normal",76
"397",-15.43554,0.254086901699845,1,0.582426520002475,80,0.00432329675043,-3.92491344195215,17.2213987891497,-1.94343882439633,3.86025178213294,0.295391769672614,0.233401879743533,-4.74190565835229,-3.92491344195215,2.84615272619707,-1.94343882439633,1.3507324098813,-1.21945277090938,-1.45499350541947,1056.98680976856,5,1,"normal",77
"398",-14.71165,0.267567814811849,0,0.37052890849515,80,0.00432329675043,-3.92491344195215,17.2213987891497,-1.94343882439633,3.86025178213294,0.295391769672614,0.233401879743533,-4.74190565835229,-3.92491344195215,2.84615272619707,-1.94343882439633,1.3507324098813,-1.21945277090938,-1.45499350541947,1056.98680976856,5,1,"normal",78
"399",29.86862,0.971027848390402,1,0.386013384143182,80,0.00432329675043,-3.92491344195215,17.2213987891497,-1.94343882439633,3.86025178213294,0.295391769672614,0.233401879743533,-4.74190565835229,-3.92491344195215,2.84615272619707,-1.94343882439633,1.3507324098813,-1.21945277090938,-1.45499350541947,1056.98680976856,5,1,"normal",79
"400",13.04575,0.834875336515913,1,0.488061156924598,80,0.00432329675043,-3.92491344195215,17.2213987891497,-1.94343882439633,3.86025178213294,0.295391769672614,0.233401879743533,-4.74190565835229,-3.92491344195215,2.84615272619707,-1.94343882439633,1.3507324098813,-1.21945277090938,-1.45499350541947,1056.98680976856,5,1,"normal",80
"401",9.5589464605,0.421199203984956,1,1.42232120784341,80,0.00222086863930092,12.3485769342757,13.9673216654275,-1.5941613524371,3.40560422267116,0.473307466011828,0.694512717845619,-5.4122580690016,12.3485769342757,2.63672043444631,-1.5941613524371,1.22542237545092,-0.748010067819052,-0.364544804722693,-1215.92023245109,6,1,"normal",1
"402",-7.1788011237,0.0829060013927822,0,0.838582736269733,80,0.00222086863930092,12.3485769342757,13.9673216654275,-1.5941613524371,3.40560422267116,0.473307466011828,0.694512717845619,-5.4122580690016,12.3485769342757,2.63672043444631,-1.5941613524371,1.22542237545092,-0.748010067819052,-0.364544804722693,-1215.92023245109,6,1,"normal",2
"403",-0.1053360498,0.187684640335033,0,1.05856633658511,80,0.00222086863930092,12.3485769342757,13.9673216654275,-1.5941613524371,3.40560422267116,0.473307466011828,0.694512717845619,-5.4122580690016,12.3485769342757,2.63672043444631,-1.5941613524371,1.22542237545092,-0.748010067819052,-0.364544804722693,-1215.92023245109,6,1,"normal",3
"404",3.61529996908,0.266938400354294,0,1.226398321785,80,0.00222086863930092,12.3485769342757,13.9673216654275,-1.5941613524371,3.40560422267116,0.473307466011828,0.694512717845619,-5.4122580690016,12.3485769342757,2.63672043444631,-1.5941613524371,1.22542237545092,-0.748010067819052,-0.364544804722693,-1215.92023245109,6,1,"normal",4
"405",4.56917,0.289711497174273,0,1.16873916670176,80,0.00222086863930092,12.3485769342757,13.9673216654275,-1.5941613524371,3.40560422267116,0.473307466011828,0.694512717845619,-5.4122580690016,12.3485769342757,2.63672043444631,-1.5941613524371,1.22542237545092,-0.748010067819052,-0.364544804722693,-1215.92023245109,6,1,"normal",5
"406",31.73474,0.915572153730894,1,0.937673777592822,80,0.00222086863930092,12.3485769342757,13.9673216654275,-1.5941613524371,3.40560422267116,0.473307466011828,0.694512717845619,-5.4122580690016,12.3485769342757,2.63672043444631,-1.5941613524371,1.22542237545092,-0.748010067819052,-0.364544804722693,-1215.92023245109,6,1,"normal",6
"407",8.583190926,0.394211597289488,1,1.7888820886853,80,0.00222086863930092,12.3485769342757,13.9673216654275,-1.5941613524371,3.40560422267116,0.473307466011828,0.694512717845619,-5.4122580690016,12.3485769342757,2.63672043444631,-1.5941613524371,1.22542237545092,-0.748010067819052,-0.364544804722693,-1215.92023245109,6,1,"normal",7
"408",3.56844,0.265843652060437,0,1.47596815086184,80,0.00222086863930092,12.3485769342757,13.9673216654275,-1.5941613524371,3.40560422267116,0.473307466011828,0.694512717845619,-5.4122580690016,12.3485769342757,2.63672043444631,-1.5941613524371,1.22542237545092,-0.748010067819052,-0.364544804722693,-1215.92023245109,6,1,"normal",8
"409",7.37263,0.361442482244261,1,1.51406370891305,80,0.00222086863930092,12.3485769342757,13.9673216654275,-1.5941613524371,3.40560422267116,0.473307466011828,0.694512717845619,-5.4122580690016,12.3485769342757,2.63672043444631,-1.5941613524371,1.22542237545092,-0.748010067819052,-0.364544804722693,-1215.92023245109,6,1,"normal",9
"410",3.81832,0.271707837423453,0,0.993506972229297,80,0.00222086863930092,12.3485769342757,13.9673216654275,-1.5941613524371,3.40560422267116,0.473307466011828,0.694512717845619,-5.4122580690016,12.3485769342757,2.63672043444631,-1.5941613524371,1.22542237545092,-0.748010067819052,-0.364544804722693,-1215.92023245109,6,1,"normal",10
"411",7.42788,0.362917987591665,1,1.382995466279,80,0.00222086863930092,12.3485769342757,13.9673216654275,-1.5941613524371,3.40560422267116,0.473307466011828,0.694512717845619,-5.4122580690016,12.3485769342757,2.63672043444631,-1.5941613524371,1.22542237545092,-0.748010067819052,-0.364544804722693,-1215.92023245109,6,1,"normal",11
"412",3.39674,0.261852139694217,0,1.14113521684831,80,0.00222086863930092,12.3485769342757,13.9673216654275,-1.5941613524371,3.40560422267116,0.473307466011828,0.694512717845619,-5.4122580690016,12.3485769342757,2.63672043444631,-1.5941613524371,1.22542237545092,-0.748010067819052,-0.364544804722693,-1215.92023245109,6,1,"normal",12
"413",3.65835,0.267946166731664,1,1.0936982989484,80,0.00222086863930092,12.3485769342757,13.9673216654275,-1.5941613524371,3.40560422267116,0.473307466011828,0.694512717845619,-5.4122580690016,12.3485769342757,2.63672043444631,-1.5941613524371,1.22542237545092,-0.748010067819052,-0.364544804722693,-1215.92023245109,6,1,"normal",13
"414",8.56481,0.393707664773278,0,1.29602180097577,80,0.00222086863930092,12.3485769342757,13.9673216654275,-1.5941613524371,3.40560422267116,0.473307466011828,0.694512717845619,-5.4122580690016,12.3485769342757,2.63672043444631,-1.5941613524371,1.22542237545092,-0.748010067819052,-0.364544804722693,-1215.92023245109,6,1,"normal",14
"415",9.33277,0.414905187490869,1,1.02688545567938,80,0.00222086863930092,12.3485769342757,13.9673216654275,-1.5941613524371,3.40560422267116,0.473307466011828,0.694512717845619,-5.4122580690016,12.3485769342757,2.63672043444631,-1.5941613524371,1.22542237545092,-0.748010067819052,-0.364544804722693,-1215.92023245109,6,1,"normal",15
"416",8.358,0.388050319750606,0,1.05632119900645,80,0.00222086863930092,12.3485769342757,13.9673216654275,-1.5941613524371,3.40560422267116,0.473307466011828,0.694512717845619,-5.4122580690016,12.3485769342757,2.63672043444631,-1.5941613524371,1.22542237545092,-0.748010067819052,-0.364544804722693,-1215.92023245109,6,1,"normal",16
"417",14.2615,0.554225693992101,1,1.10862213446834,80,0.00222086863930092,12.3485769342757,13.9673216654275,-1.5941613524371,3.40560422267116,0.473307466011828,0.694512717845619,-5.4122580690016,12.3485769342757,2.63672043444631,-1.5941613524371,1.22542237545092,-0.748010067819052,-0.364544804722693,-1215.92023245109,6,1,"normal",17
"418",11.87903,0.48665062831229,0,1.27334217367184,80,0.00222086863930092,12.3485769342757,13.9673216654275,-1.5941613524371,3.40560422267116,0.473307466011828,0.694512717845619,-5.4122580690016,12.3485769342757,2.63672043444631,-1.5941613524371,1.22542237545092,-0.748010067819052,-0.364544804722693,-1215.92023245109,6,1,"normal",18
"419",4.76548,0.294510265170535,0,0.953259584166169,80,0.00222086863930092,12.3485769342757,13.9673216654275,-1.5941613524371,3.40560422267116,0.473307466011828,0.694512717845619,-5.4122580690016,12.3485769342757,2.63672043444631,-1.5941613524371,1.22542237545092,-0.748010067819052,-0.364544804722693,-1215.92023245109,6,1,"normal",19
"420",5.40324,0.310350338671061,1,1.13424233288349,80,0.00222086863930092,12.3485769342757,13.9673216654275,-1.5941613524371,3.40560422267116,0.473307466011828,0.694512717845619,-5.4122580690016,12.3485769342757,2.63672043444631,-1.5941613524371,1.22542237545092,-0.748010067819052,-0.364544804722693,-1215.92023245109,6,1,"normal",20
"421",45.37335,0.988790348165085,1,0.81018611723987,80,0.00222086863930092,12.3485769342757,13.9673216654275,-1.5941613524371,3.40560422267116,0.473307466011828,0.694512717845619,-5.4122580690016,12.3485769342757,2.63672043444631,-1.5941613524371,1.22542237545092,-0.748010067819052,-0.364544804722693,-1215.92023245109,6,1,"normal",21
"422",18.68316,0.674139075208564,1,1.06249896607297,80,0.00222086863930092,12.3485769342757,13.9673216654275,-1.5941613524371,3.40560422267116,0.473307466011828,0.694512717845619,-5.4122580690016,12.3485769342757,2.63672043444631,-1.5941613524371,1.22542237545092,-0.748010067819052,-0.364544804722693,-1215.92023245109,6,1,"normal",22
"423",7.5166,0.365291638508982,0,1.04026582037436,80,0.00222086863930092,12.3485769342757,13.9673216654275,-1.5941613524371,3.40560422267116,0.473307466011828,0.694512717845619,-5.4122580690016,12.3485769342757,2.63672043444631,-1.5941613524371,1.22542237545092,-0.748010067819052,-0.364544804722693,-1215.92023245109,6,1,"normal",23
"424",2.41657,0.239676033818386,0,1.05409771794904,80,0.00222086863930092,12.3485769342757,13.9673216654275,-1.5941613524371,3.40560422267116,0.473307466011828,0.694512717845619,-5.4122580690016,12.3485769342757,2.63672043444631,-1.5941613524371,1.22542237545092,-0.748010067819052,-0.364544804722693,-1215.92023245109,6,1,"normal",24
"425",21.29284,0.73797244827057,0,1.12776468888542,80,0.00222086863930092,12.3485769342757,13.9673216654275,-1.5941613524371,3.40560422267116,0.473307466011828,0.694512717845619,-5.4122580690016,12.3485769342757,2.63672043444631,-1.5941613524371,1.22542237545092,-0.748010067819052,-0.364544804722693,-1215.92023245109,6,1,"normal",25
"426",4.76058,0.294390035338561,1,1.20733917853679,80,0.00222086863930092,12.3485769342757,13.9673216654275,-1.5941613524371,3.40560422267116,0.473307466011828,0.694512717845619,-5.4122580690016,12.3485769342757,2.63672043444631,-1.5941613524371,1.22542237545092,-0.748010067819052,-0.364544804722693,-1215.92023245109,6,1,"normal",26
"427",28.9342,0.880777846752899,1,0.86822794973182,80,0.00222086863930092,12.3485769342757,13.9673216654275,-1.5941613524371,3.40560422267116,0.473307466011828,0.694512717845619,-5.4122580690016,12.3485769342757,2.63672043444631,-1.5941613524371,1.22542237545092,-0.748010067819052,-0.364544804722693,-1215.92023245109,6,1,"normal",27
"428",0.77467,0.204969849438686,0,1.02519624561711,80,0.00222086863930092,12.3485769342757,13.9673216654275,-1.5941613524371,3.40560422267116,0.473307466011828,0.694512717845619,-5.4122580690016,12.3485769342757,2.63672043444631,-1.5941613524371,1.22542237545092,-0.748010067819052,-0.364544804722693,-1215.92023245109,6,1,"normal",28
"429",-20.39162,0.011716135137386,0,0.887081466055902,80,0.00222086863930092,12.3485769342757,13.9673216654275,-1.5941613524371,3.40560422267116,0.473307466011828,0.694512717845619,-5.4122580690016,12.3485769342757,2.63672043444631,-1.5941613524371,1.22542237545092,-0.748010067819052,-0.364544804722693,-1215.92023245109,6,1,"normal",29
"430",19.78792,0.701952341700878,0,1.01387581440346,80,0.00222086863930092,12.3485769342757,13.9673216654275,-1.5941613524371,3.40560422267116,0.473307466011828,0.694512717845619,-5.4122580690016,12.3485769342757,2.63672043444631,-1.5941613524371,1.22542237545092,-0.748010067819052,-0.364544804722693,-1215.92023245109,6,1,"normal",30
"431",28.83133,0.879326208301002,1,0.875834296225826,80,0.00222086863930092,12.3485769342757,13.9673216654275,-1.5941613524371,3.40560422267116,0.473307466011828,0.694512717845619,-5.4122580690016,12.3485769342757,2.63672043444631,-1.5941613524371,1.22542237545092,-0.748010067819052,-0.364544804722693,-1215.92023245109,6,1,"normal",31
"432",18.4762,0.668811500885291,1,0.939979629071686,80,0.00222086863930092,12.3485769342757,13.9673216654275,-1.5941613524371,3.40560422267116,0.473307466011828,0.694512717845619,-5.4122580690016,12.3485769342757,2.63672043444631,-1.5941613524371,1.22542237545092,-0.748010067819052,-0.364544804722693,-1215.92023245109,6,1,"normal",32
"433",-13.309002,0.0351808298532437,0,0.831978807730434,80,0.00222086863930092,12.3485769342757,13.9673216654275,-1.5941613524371,3.40560422267116,0.473307466011828,0.694512717845619,-5.4122580690016,12.3485769342757,2.63672043444631,-1.5941613524371,1.22542237545092,-0.748010067819052,-0.364544804722693,-1215.92023245109,6,1,"normal",33
"434",-13.9782,0.0318116185483375,0,0.922581999562847,80,0.00222086863930092,12.3485769342757,13.9673216654275,-1.5941613524371,3.40560422267116,0.473307466011828,0.694512717845619,-5.4122580690016,12.3485769342757,2.63672043444631,-1.5941613524371,1.22542237545092,-0.748010067819052,-0.364544804722693,-1215.92023245109,6,1,"normal",34
"435",2.15616,0.233963608092229,0,0.983611147105264,80,0.00222086863930092,12.3485769342757,13.9673216654275,-1.5941613524371,3.40560422267116,0.473307466011828,0.694512717845619,-5.4122580690016,12.3485769342757,2.63672043444631,-1.5941613524371,1.22542237545092,-0.748010067819052,-0.364544804722693,-1215.92023245109,6,1,"normal",35
"436",-11.2208,0.0477745435749639,0,1.05432559287167,80,0.00222086863930092,12.3485769342757,13.9673216654275,-1.5941613524371,3.40560422267116,0.473307466011828,0.694512717845619,-5.4122580690016,12.3485769342757,2.63672043444631,-1.5941613524371,1.22542237545092,-0.748010067819052,-0.364544804722693,-1215.92023245109,6,1,"normal",36
"437",5.77346,0.319713986220074,1,1.20979989051881,80,0.00222086863930092,12.3485769342757,13.9673216654275,-1.5941613524371,3.40560422267116,0.473307466011828,0.694512717845619,-5.4122580690016,12.3485769342757,2.63672043444631,-1.5941613524371,1.22542237545092,-0.748010067819052,-0.364544804722693,-1215.92023245109,6,1,"normal",37
"438",2.11326,0.233029922950141,0,0.953491187214821,80,0.00222086863930092,12.3485769342757,13.9673216654275,-1.5941613524371,3.40560422267116,0.473307466011828,0.694512717845619,-5.4122580690016,12.3485769342757,2.63672043444631,-1.5941613524371,1.22542237545092,-0.748010067819052,-0.364544804722693,-1215.92023245109,6,1,"normal",38
"439",30.5446,0.901878094665902,1,0.981499210760529,80,0.00222086863930092,12.3485769342757,13.9673216654275,-1.5941613524371,3.40560422267116,0.473307466011828,0.694512717845619,-5.4122580690016,12.3485769342757,2.63672043444631,-1.5941613524371,1.22542237545092,-0.748010067819052,-0.364544804722693,-1215.92023245109,6,1,"normal",39
"440",21.4238,0.740996896887496,1,0.876605222443192,80,0.00222086863930092,12.3485769342757,13.9673216654275,-1.5941613524371,3.40560422267116,0.473307466011828,0.694512717845619,-5.4122580690016,12.3485769342757,2.63672043444631,-1.5941613524371,1.22542237545092,-0.748010067819052,-0.364544804722693,-1215.92023245109,6,1,"normal",40
"441",-8.5233,0.0694647166701385,0,1.04001148951819,80,0.00222086863930092,12.3485769342757,13.9673216654275,-1.5941613524371,3.40560422267116,0.473307466011828,0.694512717845619,-5.4122580690016,12.3485769342757,2.63672043444631,-1.5941613524371,1.22542237545092,-0.748010067819052,-0.364544804722693,-1215.92023245109,6,1,"normal",41
"442",21.57168,0.744390013184376,1,1.18742488096655,80,0.00222086863930092,12.3485769342757,13.9673216654275,-1.5941613524371,3.40560422267116,0.473307466011828,0.694512717845619,-5.4122580690016,12.3485769342757,2.63672043444631,-1.5941613524371,1.22542237545092,-0.748010067819052,-0.364544804722693,-1215.92023245109,6,1,"normal",42
"443",5.86294,0.321994961677407,0,0.926811650264452,80,0.00222086863930092,12.3485769342757,13.9673216654275,-1.5941613524371,3.40560422267116,0.473307466011828,0.694512717845619,-5.4122580690016,12.3485769342757,2.63672043444631,-1.5941613524371,1.22542237545092,-0.748010067819052,-0.364544804722693,-1215.92023245109,6,1,"normal",43
"444",1.43597,0.218569944740487,0,1.27894224467159,80,0.00222086863930092,12.3485769342757,13.9673216654275,-1.5941613524371,3.40560422267116,0.473307466011828,0.694512717845619,-5.4122580690016,12.3485769342757,2.63672043444631,-1.5941613524371,1.22542237545092,-0.748010067819052,-0.364544804722693,-1215.92023245109,6,1,"normal",44
"445",14.84378,0.570577193086826,1,2.80389175262024,80,0.00222086863930092,12.3485769342757,13.9673216654275,-1.5941613524371,3.40560422267116,0.473307466011828,0.694512717845619,-5.4122580690016,12.3485769342757,2.63672043444631,-1.5941613524371,1.22542237545092,-0.748010067819052,-0.364544804722693,-1215.92023245109,6,1,"normal",45
"446",14.29307,0.555114890041583,1,0.894517044834104,80,0.00222086863930092,12.3485769342757,13.9673216654275,-1.5941613524371,3.40560422267116,0.473307466011828,0.694512717845619,-5.4122580690016,12.3485769342757,2.63672043444631,-1.5941613524371,1.22542237545092,-0.748010067819052,-0.364544804722693,-1215.92023245109,6,1,"normal",46
"447",4.29111,0.282978552425226,0,1.21915297794241,80,0.00222086863930092,12.3485769342757,13.9673216654275,-1.5941613524371,3.40560422267116,0.473307466011828,0.694512717845619,-5.4122580690016,12.3485769342757,2.63672043444631,-1.5941613524371,1.22542237545092,-0.748010067819052,-0.364544804722693,-1215.92023245109,6,1,"normal",47
"448",-1.91933,0.155042969548573,0,1.01538278577831,80,0.00222086863930092,12.3485769342757,13.9673216654275,-1.5941613524371,3.40560422267116,0.473307466011828,0.694512717845619,-5.4122580690016,12.3485769342757,2.63672043444631,-1.5941613524371,1.22542237545092,-0.748010067819052,-0.364544804722693,-1215.92023245109,6,1,"normal",48
"449",1.94737,0.229439245118535,0,0.988878931541225,80,0.00222086863930092,12.3485769342757,13.9673216654275,-1.5941613524371,3.40560422267116,0.473307466011828,0.694512717845619,-5.4122580690016,12.3485769342757,2.63672043444631,-1.5941613524371,1.22542237545092,-0.748010067819052,-0.364544804722693,-1215.92023245109,6,1,"normal",49
"450",9.20157,0.411264133520019,0,1.72125474744739,80,0.00222086863930092,12.3485769342757,13.9673216654275,-1.5941613524371,3.40560422267116,0.473307466011828,0.694512717845619,-5.4122580690016,12.3485769342757,2.63672043444631,-1.5941613524371,1.22542237545092,-0.748010067819052,-0.364544804722693,-1215.92023245109,6,1,"normal",50
"451",1.2534,0.214763554281908,0,1.24834085847312,80,0.00222086863930092,12.3485769342757,13.9673216654275,-1.5941613524371,3.40560422267116,0.473307466011828,0.694512717845619,-5.4122580690016,12.3485769342757,2.63672043444631,-1.5941613524371,1.22542237545092,-0.748010067819052,-0.364544804722693,-1215.92023245109,6,1,"normal",51
"452",7.45842,0.363734472542777,1,1.02886880393424,80,0.00222086863930092,12.3485769342757,13.9673216654275,-1.5941613524371,3.40560422267116,0.473307466011828,0.694512717845619,-5.4122580690016,12.3485769342757,2.63672043444631,-1.5941613524371,1.22542237545092,-0.748010067819052,-0.364544804722693,-1215.92023245109,6,1,"normal",52
"453",4.28483,0.282827369619342,0,0.967870151571846,80,0.00222086863930092,12.3485769342757,13.9673216654275,-1.5941613524371,3.40560422267116,0.473307466011828,0.694512717845619,-5.4122580690016,12.3485769342757,2.63672043444631,-1.5941613524371,1.22542237545092,-0.748010067819052,-0.364544804722693,-1215.92023245109,6,1,"normal",53
"454",7.1327,0.355059279918201,0,1.12246965142952,80,0.00222086863930092,12.3485769342757,13.9673216654275,-1.5941613524371,3.40560422267116,0.473307466011828,0.694512717845619,-5.4122580690016,12.3485769342757,2.63672043444631,-1.5941613524371,1.22542237545092,-0.748010067819052,-0.364544804722693,-1215.92023245109,6,1,"normal",54
"455",5.23676,0.306179375053251,1,1.07121664534199,80,0.00222086863930092,12.3485769342757,13.9673216654275,-1.5941613524371,3.40560422267116,0.473307466011828,0.694512717845619,-5.4122580690016,12.3485769342757,2.63672043444631,-1.5941613524371,1.22542237545092,-0.748010067819052,-0.364544804722693,-1215.92023245109,6,1,"normal",55
"456",4.99506,0.300168894156719,0,1.11469700517556,80,0.00222086863930092,12.3485769342757,13.9673216654275,-1.5941613524371,3.40560422267116,0.473307466011828,0.694512717845619,-5.4122580690016,12.3485769342757,2.63672043444631,-1.5941613524371,1.22542237545092,-0.748010067819052,-0.364544804722693,-1215.92023245109,6,1,"normal",56
"457",21.49658,0.742669779485218,1,1.01478942421919,80,0.00222086863930092,12.3485769342757,13.9673216654275,-1.5941613524371,3.40560422267116,0.473307466011828,0.694512717845619,-5.4122580690016,12.3485769342757,2.63672043444631,-1.5941613524371,1.22542237545092,-0.748010067819052,-0.364544804722693,-1215.92023245109,6,1,"normal",57
"458",-0.912670000000001,0.17265683906762,0,1.13988094092935,80,0.00222086863930092,12.3485769342757,13.9673216654275,-1.5941613524371,3.40560422267116,0.473307466011828,0.694512717845619,-5.4122580690016,12.3485769342757,2.63672043444631,-1.5941613524371,1.22542237545092,-0.748010067819052,-0.364544804722693,-1215.92023245109,6,1,"normal",58
"459",18.03434,0.657322057047702,0,1.04639479858317,80,0.00222086863930092,12.3485769342757,13.9673216654275,-1.5941613524371,3.40560422267116,0.473307466011828,0.694512717845619,-5.4122580690016,12.3485769342757,2.63672043444631,-1.5941613524371,1.22542237545092,-0.748010067819052,-0.364544804722693,-1215.92023245109,6,1,"normal",59
"460",27.9257,0.865996470664286,1,1.07171618511165,80,0.00222086863930092,12.3485769342757,13.9673216654275,-1.5941613524371,3.40560422267116,0.473307466011828,0.694512717845619,-5.4122580690016,12.3485769342757,2.63672043444631,-1.5941613524371,1.22542237545092,-0.748010067819052,-0.364544804722693,-1215.92023245109,6,1,"normal",60
"461",27.2363,0.855180189922943,1,1.07637430527835,80,0.00222086863930092,12.3485769342757,13.9673216654275,-1.5941613524371,3.40560422267116,0.473307466011828,0.694512717845619,-5.4122580690016,12.3485769342757,2.63672043444631,-1.5941613524371,1.22542237545092,-0.748010067819052,-0.364544804722693,-1215.92023245109,6,1,"normal",61
"462",35.5411,0.949585651339573,1,0.922591314261934,80,0.00222086863930092,12.3485769342757,13.9673216654275,-1.5941613524371,3.40560422267116,0.473307466011828,0.694512717845619,-5.4122580690016,12.3485769342757,2.63672043444631,-1.5941613524371,1.22542237545092,-0.748010067819052,-0.364544804722693,-1215.92023245109,6,1,"normal",62
"463",16.83032,0.625287884121653,0,1.8247931005896,80,0.00222086863930092,12.3485769342757,13.9673216654275,-1.5941613524371,3.40560422267116,0.473307466011828,0.694512717845619,-5.4122580690016,12.3485769342757,2.63672043444631,-1.5941613524371,1.22542237545092,-0.748010067819052,-0.364544804722693,-1215.92023245109,6,1,"normal",63
"464",25.52332,0.825771256584928,1,1.05484735395638,80,0.00222086863930092,12.3485769342757,13.9673216654275,-1.5941613524371,3.40560422267116,0.473307466011828,0.694512717845619,-5.4122580690016,12.3485769342757,2.63672043444631,-1.5941613524371,1.22542237545092,-0.748010067819052,-0.364544804722693,-1215.92023245109,6,1,"normal",64
"465",15.70688,0.594583431663259,1,1.03734036413615,80,0.00222086863930092,12.3485769342757,13.9673216654275,-1.5941613524371,3.40560422267116,0.473307466011828,0.694512717845619,-5.4122580690016,12.3485769342757,2.63672043444631,-1.5941613524371,1.22542237545092,-0.748010067819052,-0.364544804722693,-1215.92023245109,6,1,"normal",65
"466",20.9765,0.730591926041765,1,1.49568840559604,80,0.00222086863930092,12.3485769342757,13.9673216654275,-1.5941613524371,3.40560422267116,0.473307466011828,0.694512717845619,-5.4122580690016,12.3485769342757,2.63672043444631,-1.5941613524371,1.22542237545092,-0.748010067819052,-0.364544804722693,-1215.92023245109,6,1,"normal",66
"467",21.66259,0.746464229450461,1,1.14925996457749,80,0.00222086863930092,12.3485769342757,13.9673216654275,-1.5941613524371,3.40560422267116,0.473307466011828,0.694512717845619,-5.4122580690016,12.3485769342757,2.63672043444631,-1.5941613524371,1.22542237545092,-0.748010067819052,-0.364544804722693,-1215.92023245109,6,1,"normal",67
"468",19.85542,0.703615771711069,1,2.86267376477296,80,0.00222086863930092,12.3485769342757,13.9673216654275,-1.5941613524371,3.40560422267116,0.473307466011828,0.694512717845619,-5.4122580690016,12.3485769342757,2.63672043444631,-1.5941613524371,1.22542237545092,-0.748010067819052,-0.364544804722693,-1215.92023245109,6,1,"normal",68
"469",25.9027,0.832596703318221,1,1.07944068046754,80,0.00222086863930092,12.3485769342757,13.9673216654275,-1.5941613524371,3.40560422267116,0.473307466011828,0.694512717845619,-5.4122580690016,12.3485769342757,2.63672043444631,-1.5941613524371,1.22542237545092,-0.748010067819052,-0.364544804722693,-1215.92023245109,6,1,"normal",69
"470",-1.01115,0.170878529059434,0,0.83993054301071,80,0.00222086863930092,12.3485769342757,13.9673216654275,-1.5941613524371,3.40560422267116,0.473307466011828,0.694512717845619,-5.4122580690016,12.3485769342757,2.63672043444631,-1.5941613524371,1.22542237545092,-0.748010067819052,-0.364544804722693,-1215.92023245109,6,1,"normal",70
"471",16.83706,0.62546990970658,0,1.37314774492409,80,0.00222086863930092,12.3485769342757,13.9673216654275,-1.5941613524371,3.40560422267116,0.473307466011828,0.694512717845619,-5.4122580690016,12.3485769342757,2.63672043444631,-1.5941613524371,1.22542237545092,-0.748010067819052,-0.364544804722693,-1215.92023245109,6,1,"normal",71
"472",20.89956,0.728781029924202,1,1.1885755121296,80,0.00222086863930092,12.3485769342757,13.9673216654275,-1.5941613524371,3.40560422267116,0.473307466011828,0.694512717845619,-5.4122580690016,12.3485769342757,2.63672043444631,-1.5941613524371,1.22542237545092,-0.748010067819052,-0.364544804722693,-1215.92023245109,6,1,"normal",72
"473",16.97671,0.629234997252224,1,1.11993788475625,80,0.00222086863930092,12.3485769342757,13.9673216654275,-1.5941613524371,3.40560422267116,0.473307466011828,0.694512717845619,-5.4122580690016,12.3485769342757,2.63672043444631,-1.5941613524371,1.22542237545092,-0.748010067819052,-0.364544804722693,-1215.92023245109,6,1,"normal",73
"474",21.4458,0.741503176736825,1,1.04444804680372,80,0.00222086863930092,12.3485769342757,13.9673216654275,-1.5941613524371,3.40560422267116,0.473307466011828,0.694512717845619,-5.4122580690016,12.3485769342757,2.63672043444631,-1.5941613524371,1.22542237545092,-0.748010067819052,-0.364544804722693,-1215.92023245109,6,1,"normal",74
"475",4.58753,0.290158728500996,0,1.51574464911198,80,0.00222086863930092,12.3485769342757,13.9673216654275,-1.5941613524371,3.40560422267116,0.473307466011828,0.694512717845619,-5.4122580690016,12.3485769342757,2.63672043444631,-1.5941613524371,1.22542237545092,-0.748010067819052,-0.364544804722693,-1215.92023245109,6,1,"normal",75
"476",14.55721,0.562543228964277,1,1.21147877405822,80,0.00222086863930092,12.3485769342757,13.9673216654275,-1.5941613524371,3.40560422267116,0.473307466011828,0.694512717845619,-5.4122580690016,12.3485769342757,2.63672043444631,-1.5941613524371,1.22542237545092,-0.748010067819052,-0.364544804722693,-1215.92023245109,6,1,"normal",76
"477",22.1075,0.756484914062211,0,1.08183064388386,80,0.00222086863930092,12.3485769342757,13.9673216654275,-1.5941613524371,3.40560422267116,0.473307466011828,0.694512717845619,-5.4122580690016,12.3485769342757,2.63672043444631,-1.5941613524371,1.22542237545092,-0.748010067819052,-0.364544804722693,-1215.92023245109,6,1,"normal",77
"478",-0.53754,0.179540098492124,0,0.916103117832452,80,0.00222086863930092,12.3485769342757,13.9673216654275,-1.5941613524371,3.40560422267116,0.473307466011828,0.694512717845619,-5.4122580690016,12.3485769342757,2.63672043444631,-1.5941613524371,1.22542237545092,-0.748010067819052,-0.364544804722693,-1215.92023245109,6,1,"normal",78
"479",21.29456,0.738012289099751,0,1.08203799015725,80,0.00222086863930092,12.3485769342757,13.9673216654275,-1.5941613524371,3.40560422267116,0.473307466011828,0.694512717845619,-5.4122580690016,12.3485769342757,2.63672043444631,-1.5941613524371,1.22542237545092,-0.748010067819052,-0.364544804722693,-1215.92023245109,6,1,"normal",79
"480",24.8114,0.812485568635567,1,0.918514172814034,80,0.00222086863930092,12.3485769342757,13.9673216654275,-1.5941613524371,3.40560422267116,0.473307466011828,0.694512717845619,-5.4122580690016,12.3485769342757,2.63672043444631,-1.5941613524371,1.22542237545092,-0.748010067819052,-0.364544804722693,-1215.92023245109,6,1,"normal",80
"481",-9.7064514274,0.549147616307324,0,0.289314551733515,80,0.0242451211642944,-17.322435537826,58.6581090434445,-2.61961165149011,2.10315269089632,0.368422827570077,0.251400008513306,-2.97668735312358,-17.322435537826,4.07172582715254,-2.61961165149011,0.743437500312306,-0.998524012432523,-1.3807099489624,-1189.04291976936,7,1,"normal",1
"482",5.4229810082,0.643586733313897,1,0.384520366952149,80,0.0242451211642944,-17.322435537826,58.6581090434445,-2.61961165149011,2.10315269089632,0.368422827570077,0.251400008513306,-2.97668735312358,-17.322435537826,4.07172582715254,-2.61961165149011,0.743437500312306,-0.998524012432523,-1.3807099489624,-1189.04291976936,7,1,"normal",2
"483",0.218553829215,0.611844626025679,1,0.422399184536593,80,0.0242451211642944,-17.322435537826,58.6581090434445,-2.61961165149011,2.10315269089632,0.368422827570077,0.251400008513306,-2.97668735312358,-17.322435537826,4.07172582715254,-2.61961165149011,0.743437500312306,-0.998524012432523,-1.3807099489624,-1189.04291976936,7,1,"normal",3
"484",-3.9390633375,0.585862966546601,1,0.373899687275429,80,0.0242451211642944,-17.322435537826,58.6581090434445,-2.61961165149011,2.10315269089632,0.368422827570077,0.251400008513306,-2.97668735312358,-17.322435537826,4.07172582715254,-2.61961165149011,0.743437500312306,-0.998524012432523,-1.3807099489624,-1189.04291976936,7,1,"normal",4
"485",0.13615,0.611334572627261,1,0.380454419753017,80,0.0242451211642944,-17.322435537826,58.6581090434445,-2.61961165149011,2.10315269089632,0.368422827570077,0.251400008513306,-2.97668735312358,-17.322435537826,4.07172582715254,-2.61961165149011,0.743437500312306,-0.998524012432523,-1.3807099489624,-1189.04291976936,7,1,"normal",5
"486",35.7845,0.801974646120255,1,0.371972483527289,80,0.0242451211642944,-17.322435537826,58.6581090434445,-2.61961165149011,2.10315269089632,0.368422827570077,0.251400008513306,-2.97668735312358,-17.322435537826,4.07172582715254,-2.61961165149011,0.743437500312306,-0.998524012432523,-1.3807099489624,-1189.04291976936,7,1,"normal",6
"487",-17.22963,0.500600577370709,1,0.365784057503958,80,0.0242451211642944,-17.322435537826,58.6581090434445,-2.61961165149011,2.10315269089632,0.368422827570077,0.251400008513306,-2.97668735312358,-17.322435537826,4.07172582715254,-2.61961165149011,0.743437500312306,-0.998524012432523,-1.3807099489624,-1189.04291976936,7,1,"normal",7
"488",-8.4481,0.557210653271004,1,0.495052473040205,80,0.0242451211642944,-17.322435537826,58.6581090434445,-2.61961165149011,2.10315269089632,0.368422827570077,0.251400008513306,-2.97668735312358,-17.322435537826,4.07172582715254,-2.61961165149011,0.743437500312306,-0.998524012432523,-1.3807099489624,-1189.04291976936,7,1,"normal",8
"489",-20.087053264,0.48211579744135,1,0.419678173632859,80,0.0242451211642944,-17.322435537826,58.6581090434445,-2.61961165149011,2.10315269089632,0.368422827570077,0.251400008513306,-2.97668735312358,-17.322435537826,4.07172582715254,-2.61961165149011,0.743437500312306,-0.998524012432523,-1.3807099489624,-1189.04291976936,7,1,"normal",9
"490",26.905,0.761257369648751,1,0.441379505175207,80,0.0242451211642944,-17.322435537826,58.6581090434445,-2.61961165149011,2.10315269089632,0.368422827570077,0.251400008513306,-2.97668735312358,-17.322435537826,4.07172582715254,-2.61961165149011,0.743437500312306,-0.998524012432523,-1.3807099489624,-1189.04291976936,7,1,"normal",10
"491",-43.22255,0.337681703996821,1,0.373656967867981,80,0.0242451211642944,-17.322435537826,58.6581090434445,-2.61961165149011,2.10315269089632,0.368422827570077,0.251400008513306,-2.97668735312358,-17.322435537826,4.07172582715254,-2.61961165149011,0.743437500312306,-0.998524012432523,-1.3807099489624,-1189.04291976936,7,1,"normal",11
"492",-31.32103402,0.410262684643186,1,0.390564571647934,80,0.0242451211642944,-17.322435537826,58.6581090434445,-2.61961165149011,2.10315269089632,0.368422827570077,0.251400008513306,-2.97668735312358,-17.322435537826,4.07172582715254,-2.61961165149011,0.743437500312306,-0.998524012432523,-1.3807099489624,-1189.04291976936,7,1,"normal",12
"493",-21.0145,0.476123105176267,0,0.340753047458071,80,0.0242451211642944,-17.322435537826,58.6581090434445,-2.61961165149011,2.10315269089632,0.368422827570077,0.251400008513306,-2.97668735312358,-17.322435537826,4.07172582715254,-2.61961165149011,0.743437500312306,-0.998524012432523,-1.3807099489624,-1189.04291976936,7,1,"normal",13
"494",-25.2246457185,0.44901624885985,0,0.380175923300337,80,0.0242451211642944,-17.322435537826,58.6581090434445,-2.61961165149011,2.10315269089632,0.368422827570077,0.251400008513306,-2.97668735312358,-17.322435537826,4.07172582715254,-2.61961165149011,0.743437500312306,-0.998524012432523,-1.3807099489624,-1189.04291976936,7,1,"normal",14
"495",-23.11985198,0.46254384715321,1,0.352175252533361,80,0.0242451211642944,-17.322435537826,58.6581090434445,-2.61961165149011,2.10315269089632,0.368422827570077,0.251400008513306,-2.97668735312358,-17.322435537826,4.07172582715254,-2.61961165149011,0.743437500312306,-0.998524012432523,-1.3807099489624,-1189.04291976936,7,1,"normal",15
"496",-5.83342,0.573876851159398,1,0.38236058441915,80,0.0242451211642944,-17.322435537826,58.6581090434445,-2.61961165149011,2.10315269089632,0.368422827570077,0.251400008513306,-2.97668735312358,-17.322435537826,4.07172582715254,-2.61961165149011,0.743437500312306,-0.998524012432523,-1.3807099489624,-1189.04291976936,7,1,"normal",16
"497",-30.2221301398,0.417189500381016,1,0.345079587521757,80,0.0242451211642944,-17.322435537826,58.6581090434445,-2.61961165149011,2.10315269089632,0.368422827570077,0.251400008513306,-2.97668735312358,-17.322435537826,4.07172582715254,-2.61961165149011,0.743437500312306,-0.998524012432523,-1.3807099489624,-1189.04291976936,7,1,"normal",17
"498",-30.17434856,0.417491351626054,1,0.334393999813089,80,0.0242451211642944,-17.322435537826,58.6581090434445,-2.61961165149011,2.10315269089632,0.368422827570077,0.251400008513306,-2.97668735312358,-17.322435537826,4.07172582715254,-2.61961165149011,0.743437500312306,-0.998524012432523,-1.3807099489624,-1189.04291976936,7,1,"normal",18
"499",-28.1976,0.430024051782635,1,0.343382017537345,80,0.0242451211642944,-17.322435537826,58.6581090434445,-2.61961165149011,2.10315269089632,0.368422827570077,0.251400008513306,-2.97668735312358,-17.322435537826,4.07172582715254,-2.61961165149011,0.743437500312306,-0.998524012432523,-1.3807099489624,-1189.04291976936,7,1,"normal",19
"500",17.71666,0.713957703360151,0,0.461819605135837,80,0.0242451211642944,-17.322435537826,58.6581090434445,-2.61961165149011,2.10315269089632,0.368422827570077,0.251400008513306,-2.97668735312358,-17.322435537826,4.07172582715254,-2.61961165149011,0.743437500312306,-0.998524012432523,-1.3807099489624,-1189.04291976936,7,1,"normal",20
"501",-12.80922,0.52917783063071,1,0.343968135658204,80,0.0242451211642944,-17.322435537826,58.6581090434445,-2.61961165149011,2.10315269089632,0.368422827570077,0.251400008513306,-2.97668735312358,-17.322435537826,4.07172582715254,-2.61961165149011,0.743437500312306,-0.998524012432523,-1.3807099489624,-1189.04291976936,7,1,"normal",21
"502",-37.83486322,0.369913325036782,1,0.38654030785042,80,0.0242451211642944,-17.322435537826,58.6581090434445,-2.61961165149011,2.10315269089632,0.368422827570077,0.251400008513306,-2.97668735312358,-17.322435537826,4.07172582715254,-2.61961165149011,0.743437500312306,-0.998524012432523,-1.3807099489624,-1189.04291976936,7,1,"normal",22
"503",-36.6413,0.377204584371543,0,0.316473840075609,80,0.0242451211642944,-17.322435537826,58.6581090434445,-2.61961165149011,2.10315269089632,0.368422827570077,0.251400008513306,-2.97668735312358,-17.322435537826,4.07172582715254,-2.61961165149011,0.743437500312306,-0.998524012432523,-1.3807099489624,-1189.04291976936,7,1,"normal",23
"504",-15.88863,0.509277741365828,0,0.410689353910813,80,0.0242451211642944,-17.322435537826,58.6581090434445,-2.61961165149011,2.10315269089632,0.368422827570077,0.251400008513306,-2.97668735312358,-17.322435537826,4.07172582715254,-2.61961165149011,0.743437500312306,-0.998524012432523,-1.3807099489624,-1189.04291976936,7,1,"normal",24
"505",-31.734156883,0.407666480204478,0,0.35706772016822,80,0.0242451211642944,-17.322435537826,58.6581090434445,-2.61961165149011,2.10315269089632,0.368422827570077,0.251400008513306,-2.97668735312358,-17.322435537826,4.07172582715254,-2.61961165149011,0.743437500312306,-0.998524012432523,-1.3807099489624,-1189.04291976936,7,1,"normal",25
"506",-27.865343192,0.432138664831248,0,0.343543873945626,80,0.0242451211642944,-17.322435537826,58.6581090434445,-2.61961165149011,2.10315269089632,0.368422827570077,0.251400008513306,-2.97668735312358,-17.322435537826,4.07172582715254,-2.61961165149011,0.743437500312306,-0.998524012432523,-1.3807099489624,-1189.04291976936,7,1,"normal",26
"507",9.7161,0.668972196418334,1,0.409443070918847,80,0.0242451211642944,-17.322435537826,58.6581090434445,-2.61961165149011,2.10315269089632,0.368422827570077,0.251400008513306,-2.97668735312358,-17.322435537826,4.07172582715254,-2.61961165149011,0.743437500312306,-0.998524012432523,-1.3807099489624,-1189.04291976936,7,1,"normal",27
"508",-25.635600242,0.446382104105685,0,0.368237824778918,80,0.0242451211642944,-17.322435537826,58.6581090434445,-2.61961165149011,2.10315269089632,0.368422827570077,0.251400008513306,-2.97668735312358,-17.322435537826,4.07172582715254,-2.61961165149011,0.743437500312306,-0.998524012432523,-1.3807099489624,-1189.04291976936,7,1,"normal",28
"509",-24.015731476,0.456779115378192,0,0.398095239389917,80,0.0242451211642944,-17.322435537826,58.6581090434445,-2.61961165149011,2.10315269089632,0.368422827570077,0.251400008513306,-2.97668735312358,-17.322435537826,4.07172582715254,-2.61961165149011,0.743437500312306,-0.998524012432523,-1.3807099489624,-1189.04291976936,7,1,"normal",29
"510",-0.0940999999999974,0.609908270843301,1,0.374151915073347,80,0.0242451211642944,-17.322435537826,58.6581090434445,-2.61961165149011,2.10315269089632,0.368422827570077,0.251400008513306,-2.97668735312358,-17.322435537826,4.07172582715254,-2.61961165149011,0.743437500312306,-0.998524012432523,-1.3807099489624,-1189.04291976936,7,1,"normal",30
"511",-0.6145,0.606678581471212,1,0.348662738710724,80,0.0242451211642944,-17.322435537826,58.6581090434445,-2.61961165149011,2.10315269089632,0.368422827570077,0.251400008513306,-2.97668735312358,-17.322435537826,4.07172582715254,-2.61961165149011,0.743437500312306,-0.998524012432523,-1.3807099489624,-1189.04291976936,7,1,"normal",31
"512",-10.4036,0.544670638835867,1,0.347014215499542,80,0.0242451211642944,-17.322435537826,58.6581090434445,-2.61961165149011,2.10315269089632,0.368422827570077,0.251400008513306,-2.97668735312358,-17.322435537826,4.07172582715254,-2.61961165149011,0.743437500312306,-0.998524012432523,-1.3807099489624,-1189.04291976936,7,1,"normal",32
"513",-27.821770807,0.432416137798089,0,0.349053568891622,80,0.0242451211642944,-17.322435537826,58.6581090434445,-2.61961165149011,2.10315269089632,0.368422827570077,0.251400008513306,-2.97668735312358,-17.322435537826,4.07172582715254,-2.61961165149011,0.743437500312306,-0.998524012432523,-1.3807099489624,-1189.04291976936,7,1,"normal",33
"514",-7.7947,0.561387315554173,1,0.459141676103263,80,0.0242451211642944,-17.322435537826,58.6581090434445,-2.61961165149011,2.10315269089632,0.368422827570077,0.251400008513306,-2.97668735312358,-17.322435537826,4.07172582715254,-2.61961165149011,0.743437500312306,-0.998524012432523,-1.3807099489624,-1189.04291976936,7,1,"normal",34
"515",33.1103,0.790251647804752,1,0.439957444821974,80,0.0242451211642944,-17.322435537826,58.6581090434445,-2.61961165149011,2.10315269089632,0.368422827570077,0.251400008513306,-2.97668735312358,-17.322435537826,4.07172582715254,-2.61961165149011,0.743437500312306,-0.998524012432523,-1.3807099489624,-1189.04291976936,7,1,"normal",35
"516",-25.82956025,0.445139755579956,1,0.348053912033085,80,0.0242451211642944,-17.322435537826,58.6581090434445,-2.61961165149011,2.10315269089632,0.368422827570077,0.251400008513306,-2.97668735312358,-17.322435537826,4.07172582715254,-2.61961165149011,0.743437500312306,-0.998524012432523,-1.3807099489624,-1189.04291976936,7,1,"normal",36
"517",-20.3215,0.480600440206023,1,0.304621544523258,80,0.0242451211642944,-17.322435537826,58.6581090434445,-2.61961165149011,2.10315269089632,0.368422827570077,0.251400008513306,-2.97668735312358,-17.322435537826,4.07172582715254,-2.61961165149011,0.743437500312306,-0.998524012432523,-1.3807099489624,-1189.04291976936,7,1,"normal",37
"518",34.0765,0.794541608343955,1,0.358640536643863,80,0.0242451211642944,-17.322435537826,58.6581090434445,-2.61961165149011,2.10315269089632,0.368422827570077,0.251400008513306,-2.97668735312358,-17.322435537826,4.07172582715254,-2.61961165149011,0.743437500312306,-0.998524012432523,-1.3807099489624,-1189.04291976936,7,1,"normal",38
"519",-30.28347045,0.416802073662739,1,0.338919101997669,80,0.0242451211642944,-17.322435537826,58.6581090434445,-2.61961165149011,2.10315269089632,0.368422827570077,0.251400008513306,-2.97668735312358,-17.322435537826,4.07172582715254,-2.61961165149011,0.743437500312306,-0.998524012432523,-1.3807099489624,-1189.04291976936,7,1,"normal",39
"520",-31.04323491,0.412010931841099,1,0.318997123496951,80,0.0242451211642944,-17.322435537826,58.6581090434445,-2.61961165149011,2.10315269089632,0.368422827570077,0.251400008513306,-2.97668735312358,-17.322435537826,4.07172582715254,-2.61961165149011,0.743437500312306,-0.998524012432523,-1.3807099489624,-1189.04291976936,7,1,"normal",40
"521",-8.567,0.556449848462108,1,0.377934561075149,80,0.0242451211642944,-17.322435537826,58.6581090434445,-2.61961165149011,2.10315269089632,0.368422827570077,0.251400008513306,-2.97668735312358,-17.322435537826,4.07172582715254,-2.61961165149011,0.743437500312306,-0.998524012432523,-1.3807099489624,-1189.04291976936,7,1,"normal",41
"522",-34.1843423,0.392364985653877,0,0.364977737892348,80,0.0242451211642944,-17.322435537826,58.6581090434445,-2.61961165149011,2.10315269089632,0.368422827570077,0.251400008513306,-2.97668735312358,-17.322435537826,4.07172582715254,-2.61961165149011,0.743437500312306,-0.998524012432523,-1.3807099489624,-1189.04291976936,7,1,"normal",42
"523",13.6782,0.691655750914714,1,0.300480735297686,80,0.0242451211642944,-17.322435537826,58.6581090434445,-2.61961165149011,2.10315269089632,0.368422827570077,0.251400008513306,-2.97668735312358,-17.322435537826,4.07172582715254,-2.61961165149011,0.743437500312306,-0.998524012432523,-1.3807099489624,-1189.04291976936,7,1,"normal",43
"524",2.5566,0.626223667539523,0,0.325717987541548,80,0.0242451211642944,-17.322435537826,58.6581090434445,-2.61961165149011,2.10315269089632,0.368422827570077,0.251400008513306,-2.97668735312358,-17.322435537826,4.07172582715254,-2.61961165149011,0.743437500312306,-0.998524012432523,-1.3807099489624,-1189.04291976936,7,1,"normal",44
"525",22.9055,0.74128525300237,1,0.336501639325031,80,0.0242451211642944,-17.322435537826,58.6581090434445,-2.61961165149011,2.10315269089632,0.368422827570077,0.251400008513306,-2.97668735312358,-17.322435537826,4.07172582715254,-2.61961165149011,0.743437500312306,-0.998524012432523,-1.3807099489624,-1189.04291976936,7,1,"normal",45
"526",-41.853,0.345762216794322,0,0.426843204859958,80,0.0242451211642944,-17.322435537826,58.6581090434445,-2.61961165149011,2.10315269089632,0.368422827570077,0.251400008513306,-2.97668735312358,-17.322435537826,4.07172582715254,-2.61961165149011,0.743437500312306,-0.998524012432523,-1.3807099489624,-1189.04291976936,7,1,"normal",46
"527",20.9991,0.731425835609474,1,0.3193416760409,80,0.0242451211642944,-17.322435537826,58.6581090434445,-2.61961165149011,2.10315269089632,0.368422827570077,0.251400008513306,-2.97668735312358,-17.322435537826,4.07172582715254,-2.61961165149011,0.743437500312306,-0.998524012432523,-1.3807099489624,-1189.04291976936,7,1,"normal",47
"528",-29.75568185,0.420138483809977,1,0.364100657050386,80,0.0242451211642944,-17.322435537826,58.6581090434445,-2.61961165149011,2.10315269089632,0.368422827570077,0.251400008513306,-2.97668735312358,-17.322435537826,4.07172582715254,-2.61961165149011,0.743437500312306,-0.998524012432523,-1.3807099489624,-1189.04291976936,7,1,"normal",48
"529",-45.4694,0.324606123739504,0,0.377701125537474,80,0.0242451211642944,-17.322435537826,58.6581090434445,-2.61961165149011,2.10315269089632,0.368422827570077,0.251400008513306,-2.97668735312358,-17.322435537826,4.07172582715254,-2.61961165149011,0.743437500312306,-0.998524012432523,-1.3807099489624,-1189.04291976936,7,1,"normal",49
"530",-30.709226,0.414115481146243,1,0.403924007517363,80,0.0242451211642944,-17.322435537826,58.6581090434445,-2.61961165149011,2.10315269089632,0.368422827570077,0.251400008513306,-2.97668735312358,-17.322435537826,4.07172582715254,-2.61961165149011,0.743437500312306,-0.998524012432523,-1.3807099489624,-1189.04291976936,7,1,"normal",50
"531",28.7036,0.769915104563969,1,0.342719046569723,80,0.0242451211642944,-17.322435537826,58.6581090434445,-2.61961165149011,2.10315269089632,0.368422827570077,0.251400008513306,-2.97668735312358,-17.322435537826,4.07172582715254,-2.61961165149011,0.743437500312306,-0.998524012432523,-1.3807099489624,-1189.04291976936,7,1,"normal",51
"532",-33.6907,0.395433896182205,0,0.365131738475983,80,0.0242451211642944,-17.322435537826,58.6581090434445,-2.61961165149011,2.10315269089632,0.368422827570077,0.251400008513306,-2.97668735312358,-17.322435537826,4.07172582715254,-2.61961165149011,0.743437500312306,-0.998524012432523,-1.3807099489624,-1189.04291976936,7,1,"normal",52
"533",-30.9776823,0.412423751913227,1,0.417867028921467,80,0.0242451211642944,-17.322435537826,58.6581090434445,-2.61961165149011,2.10315269089632,0.368422827570077,0.251400008513306,-2.97668735312358,-17.322435537826,4.07172582715254,-2.61961165149011,0.743437500312306,-0.998524012432523,-1.3807099489624,-1189.04291976936,7,1,"normal",53
"534",-32.0953166,0.405400502827698,0,0.348482201935854,80,0.0242451211642944,-17.322435537826,58.6581090434445,-2.61961165149011,2.10315269089632,0.368422827570077,0.251400008513306,-2.97668735312358,-17.322435537826,4.07172582715254,-2.61961165149011,0.743437500312306,-0.998524012432523,-1.3807099489624,-1189.04291976936,7,1,"normal",54
"535",-24.4703,0.453857850585121,1,0.381120841115393,80,0.0242451211642944,-17.322435537826,58.6581090434445,-2.61961165149011,2.10315269089632,0.368422827570077,0.251400008513306,-2.97668735312358,-17.322435537826,4.07172582715254,-2.61961165149011,0.743437500312306,-0.998524012432523,-1.3807099489624,-1189.04291976936,7,1,"normal",55
"536",-31.7441089,0.407603993228755,0,0.372809837814002,80,0.0242451211642944,-17.322435537826,58.6581090434445,-2.61961165149011,2.10315269089632,0.368422827570077,0.251400008513306,-2.97668735312358,-17.322435537826,4.07172582715254,-2.61961165149011,0.743437500312306,-0.998524012432523,-1.3807099489624,-1189.04291976936,7,1,"normal",56
"537",-10.116,0.546518356998553,0,0.361111259412249,80,0.0242451211642944,-17.322435537826,58.6581090434445,-2.61961165149011,2.10315269089632,0.368422827570077,0.251400008513306,-2.97668735312358,-17.322435537826,4.07172582715254,-2.61961165149011,0.743437500312306,-0.998524012432523,-1.3807099489624,-1189.04291976936,7,1,"normal",57
"538",-11.5383,0.537370625179264,1,0.327806524689133,80,0.0242451211642944,-17.322435537826,58.6581090434445,-2.61961165149011,2.10315269089632,0.368422827570077,0.251400008513306,-2.97668735312358,-17.322435537826,4.07172582715254,-2.61961165149011,0.743437500312306,-0.998524012432523,-1.3807099489624,-1189.04291976936,7,1,"normal",58
"539",-30.878616,0.413047829393742,0,0.348953529789145,80,0.0242451211642944,-17.322435537826,58.6581090434445,-2.61961165149011,2.10315269089632,0.368422827570077,0.251400008513306,-2.97668735312358,-17.322435537826,4.07172582715254,-2.61961165149011,0.743437500312306,-0.998524012432523,-1.3807099489624,-1189.04291976936,7,1,"normal",59
"540",-16.0672,0.508122455398036,1,0.344566797094304,80,0.0242451211642944,-17.322435537826,58.6581090434445,-2.61961165149011,2.10315269089632,0.368422827570077,0.251400008513306,-2.97668735312358,-17.322435537826,4.07172582715254,-2.61961165149011,0.743437500312306,-0.998524012432523,-1.3807099489624,-1189.04291976936,7,1,"normal",60
"541",-30.0040697,0.418567493451035,1,0.466597250328577,80,0.0242451211642944,-17.322435537826,58.6581090434445,-2.61961165149011,2.10315269089632,0.368422827570077,0.251400008513306,-2.97668735312358,-17.322435537826,4.07172582715254,-2.61961165149011,0.743437500312306,-0.998524012432523,-1.3807099489624,-1189.04291976936,7,1,"normal",61
"542",-30.8176374,0.413432091065346,1,0.353819109853947,80,0.0242451211642944,-17.322435537826,58.6581090434445,-2.61961165149011,2.10315269089632,0.368422827570077,0.251400008513306,-2.97668735312358,-17.322435537826,4.07172582715254,-2.61961165149011,0.743437500312306,-0.998524012432523,-1.3807099489624,-1189.04291976936,7,1,"normal",62
"543",-30.8406758,0.413286901865445,1,0.31762749734012,80,0.0242451211642944,-17.322435537826,58.6581090434445,-2.61961165149011,2.10315269089632,0.368422827570077,0.251400008513306,-2.97668735312358,-17.322435537826,4.07172582715254,-2.61961165149011,0.743437500312306,-0.998524012432523,-1.3807099489624,-1189.04291976936,7,1,"normal",63
"544",14.8087,0.69798537495302,1,0.353777641931807,80,0.0242451211642944,-17.322435537826,58.6581090434445,-2.61961165149011,2.10315269089632,0.368422827570077,0.251400008513306,-2.97668735312358,-17.322435537826,4.07172582715254,-2.61961165149011,0.743437500312306,-0.998524012432523,-1.3807099489624,-1189.04291976936,7,1,"normal",64
"545",-32.8328984,0.400783782887513,0,0.414346340633912,80,0.0242451211642944,-17.322435537826,58.6581090434445,-2.61961165149011,2.10315269089632,0.368422827570077,0.251400008513306,-2.97668735312358,-17.322435537826,4.07172582715254,-2.61961165149011,0.743437500312306,-0.998524012432523,-1.3807099489624,-1189.04291976936,7,1,"normal",65
"546",-23.7554,0.458453299193752,1,0.419631604342605,80,0.0242451211642944,-17.322435537826,58.6581090434445,-2.61961165149011,2.10315269089632,0.368422827570077,0.251400008513306,-2.97668735312358,-17.322435537826,4.07172582715254,-2.61961165149011,0.743437500312306,-0.998524012432523,-1.3807099489624,-1189.04291976936,7,1,"normal",66
"547",-42.0504,0.344592556726558,1,0.357461522416541,80,0.0242451211642944,-17.322435537826,58.6581090434445,-2.61961165149011,2.10315269089632,0.368422827570077,0.251400008513306,-2.97668735312358,-17.322435537826,4.07172582715254,-2.61961165149011,0.743437500312306,-0.998524012432523,-1.3807099489624,-1189.04291976936,7,1,"normal",67
"548",-8.4915,0.556932976790715,1,0.3207751851905,80,0.0242451211642944,-17.322435537826,58.6581090434445,-2.61961165149011,2.10315269089632,0.368422827570077,0.251400008513306,-2.97668735312358,-17.322435537826,4.07172582715254,-2.61961165149011,0.743437500312306,-0.998524012432523,-1.3807099489624,-1189.04291976936,7,1,"normal",68
"549",-8.1134,0.559351033925206,1,0.381515142886291,80,0.0242451211642944,-17.322435537826,58.6581090434445,-2.61961165149011,2.10315269089632,0.368422827570077,0.251400008513306,-2.97668735312358,-17.322435537826,4.07172582715254,-2.61961165149011,0.743437500312306,-0.998524012432523,-1.3807099489624,-1189.04291976936,7,1,"normal",69
"550",-33.4696444,0.39681052127134,1,0.329267864802452,80,0.0242451211642944,-17.322435537826,58.6581090434445,-2.61961165149011,2.10315269089632,0.368422827570077,0.251400008513306,-2.97668735312358,-17.322435537826,4.07172582715254,-2.61961165149011,0.743437500312306,-0.998524012432523,-1.3807099489624,-1189.04291976936,7,1,"normal",70
"551",9.4306,0.667308981748492,0,0.41906747373902,80,0.0242451211642944,-17.322435537826,58.6581090434445,-2.61961165149011,2.10315269089632,0.368422827570077,0.251400008513306,-2.97668735312358,-17.322435537826,4.07172582715254,-2.61961165149011,0.743437500312306,-0.998524012432523,-1.3807099489624,-1189.04291976936,7,1,"normal",71
"552",45.6866,0.841237779247988,1,0.352281471369185,80,0.0242451211642944,-17.322435537826,58.6581090434445,-2.61961165149011,2.10315269089632,0.368422827570077,0.251400008513306,-2.97668735312358,-17.322435537826,4.07172582715254,-2.61961165149011,0.743437500312306,-0.998524012432523,-1.3807099489624,-1189.04291976936,7,1,"normal",72
"553",-35.6240297,0.383457705717407,0,0.406502024941444,80,0.0242451211642944,-17.322435537826,58.6581090434445,-2.61961165149011,2.10315269089632,0.368422827570077,0.251400008513306,-2.97668735312358,-17.322435537826,4.07172582715254,-2.61961165149011,0.743437500312306,-0.998524012432523,-1.3807099489624,-1189.04291976936,7,1,"normal",73
"554",6.1662,0.648036977169512,0,0.410331124512836,80,0.0242451211642944,-17.322435537826,58.6581090434445,-2.61961165149011,2.10315269089632,0.368422827570077,0.251400008513306,-2.97668735312358,-17.322435537826,4.07172582715254,-2.61961165149011,0.743437500312306,-0.998524012432523,-1.3807099489624,-1189.04291976936,7,1,"normal",74
"555",-33.1240185,0.398965765334092,1,0.345921561960569,80,0.0242451211642944,-17.322435537826,58.6581090434445,-2.61961165149011,2.10315269089632,0.368422827570077,0.251400008513306,-2.97668735312358,-17.322435537826,4.07172582715254,-2.61961165149011,0.743437500312306,-0.998524012432523,-1.3807099489624,-1189.04291976936,7,1,"normal",75
"556",-34.268314,0.391843676905799,1,0.388198778201174,80,0.0242451211642944,-17.322435537826,58.6581090434445,-2.61961165149011,2.10315269089632,0.368422827570077,0.251400008513306,-2.97668735312358,-17.322435537826,4.07172582715254,-2.61961165149011,0.743437500312306,-0.998524012432523,-1.3807099489624,-1189.04291976936,7,1,"normal",76
"557",-35.2653757,0.385670514823781,0,0.498868155004866,80,0.0242451211642944,-17.322435537826,58.6581090434445,-2.61961165149011,2.10315269089632,0.368422827570077,0.251400008513306,-2.97668735312358,-17.322435537826,4.07172582715254,-2.61961165149011,0.743437500312306,-0.998524012432523,-1.3807099489624,-1189.04291976936,7,1,"normal",77
"558",-24.519,0.453545042634983,0,0.388446266739396,80,0.0242451211642944,-17.322435537826,58.6581090434445,-2.61961165149011,2.10315269089632,0.368422827570077,0.251400008513306,-2.97668735312358,-17.322435537826,4.07172582715254,-2.61961165149011,0.743437500312306,-0.998524012432523,-1.3807099489624,-1189.04291976936,7,1,"normal",78
"559",-33.9585536,0.393767776742006,1,0.389397504064373,80,0.0242451211642944,-17.322435537826,58.6581090434445,-2.61961165149011,2.10315269089632,0.368422827570077,0.251400008513306,-2.97668735312358,-17.322435537826,4.07172582715254,-2.61961165149011,0.743437500312306,-0.998524012432523,-1.3807099489624,-1189.04291976936,7,1,"normal",79
"560",-35.1939998,0.386111383620804,1,0.357115932526946,80,0.0242451211642944,-17.322435537826,58.6581090434445,-2.61961165149011,2.10315269089632,0.368422827570077,0.251400008513306,-2.97668735312358,-17.322435537826,4.07172582715254,-2.61961165149011,0.743437500312306,-0.998524012432523,-1.3807099489624,-1189.04291976936,7,1,"normal",80
"561",8.0166089604,0.680192528562141,0,1.49787156057325,80,0.00269783740653128,-0.665198082420435,18.4337602331474,-2.22915407091328,2.34534700678786,0.40051042377624,1.35360902324782,-5.21674732285496,-0.665198082420435,2.91418377871393,-2.22915407091328,0.852433368258935,-0.915015485905451,0.302774375958578,-1402.42837021686,8,1,"normal",1
"562",9.9308182611,0.716119617439152,1,1.46576639700278,80,0.00269783740653128,-0.665198082420435,18.4337602331474,-2.22915407091328,2.34534700678786,0.40051042377624,1.35360902324782,-5.21674732285496,-0.665198082420435,2.91418377871393,-2.22915407091328,0.852433368258935,-0.915015485905451,0.302774375958578,-1402.42837021686,8,1,"normal",2
"563",2.2126985383,0.56169646728499,1,1.62576477532674,80,0.00269783740653128,-0.665198082420435,18.4337602331474,-2.22915407091328,2.34534700678786,0.40051042377624,1.35360902324782,-5.21674732285496,-0.665198082420435,2.91418377871393,-2.22915407091328,0.852433368258935,-0.915015485905451,0.302774375958578,-1402.42837021686,8,1,"normal",3
"564",-4.1897273297,0.424593648519065,1,1.66114154026613,80,0.00269783740653128,-0.665198082420435,18.4337602331474,-2.22915407091328,2.34534700678786,0.40051042377624,1.35360902324782,-5.21674732285496,-0.665198082420435,2.91418377871393,-2.22915407091328,0.852433368258935,-0.915015485905451,0.302774375958578,-1402.42837021686,8,1,"normal",4
"565",-10.06386394734,0.306125980912297,0,1.57408620940997,80,0.00269783740653128,-0.665198082420435,18.4337602331474,-2.22915407091328,2.34534700678786,0.40051042377624,1.35360902324782,-5.21674732285496,-0.665198082420435,2.91418377871393,-2.22915407091328,0.852433368258935,-0.915015485905451,0.302774375958578,-1402.42837021686,8,1,"normal",5
"566",-4.8640758007,0.410393990418058,0,1.52651990922516,80,0.00269783740653128,-0.665198082420435,18.4337602331474,-2.22915407091328,2.34534700678786,0.40051042377624,1.35360902324782,-5.21674732285496,-0.665198082420435,2.91418377871393,-2.22915407091328,0.852433368258935,-0.915015485905451,0.302774375958578,-1402.42837021686,8,1,"normal",6
"567",11.28615,0.740313846005915,1,1.48937292678697,80,0.00269783740653128,-0.665198082420435,18.4337602331474,-2.22915407091328,2.34534700678786,0.40051042377624,1.35360902324782,-5.21674732285496,-0.665198082420435,2.91418377871393,-2.22915407091328,0.852433368258935,-0.915015485905451,0.302774375958578,-1402.42837021686,8,1,"normal",7
"568",-17.87613,0.176991016128825,0,1.49563099686709,80,0.00269783740653128,-0.665198082420435,18.4337602331474,-2.22915407091328,2.34534700678786,0.40051042377624,1.35360902324782,-5.21674732285496,-0.665198082420435,2.91418377871393,-2.22915407091328,0.852433368258935,-0.915015485905451,0.302774375958578,-1402.42837021686,8,1,"normal",8
"569",-27.8754,0.0722779583769987,0,1.51463867753572,80,0.00269783740653128,-0.665198082420435,18.4337602331474,-2.22915407091328,2.34534700678786,0.40051042377624,1.35360902324782,-5.21674732285496,-0.665198082420435,2.91418377871393,-2.22915407091328,0.852433368258935,-0.915015485905451,0.302774375958578,-1402.42837021686,8,1,"normal",9
"570",36.7887,0.976329490168498,1,1.46401909591664,80,0.00269783740653128,-0.665198082420435,18.4337602331474,-2.22915407091328,2.34534700678786,0.40051042377624,1.35360902324782,-5.21674732285496,-0.665198082420435,2.91418377871393,-2.22915407091328,0.852433368258935,-0.915015485905451,0.302774375958578,-1402.42837021686,8,1,"normal",10
"571",10.72963,0.730511241705356,1,1.50365820455398,80,0.00269783740653128,-0.665198082420435,18.4337602331474,-2.22915407091328,2.34534700678786,0.40051042377624,1.35360902324782,-5.21674732285496,-0.665198082420435,2.91418377871393,-2.22915407091328,0.852433368258935,-0.915015485905451,0.302774375958578,-1402.42837021686,8,1,"normal",11
"572",0.63586,0.527982254500746,1,1.63781070843026,80,0.00269783740653128,-0.665198082420435,18.4337602331474,-2.22915407091328,2.34534700678786,0.40051042377624,1.35360902324782,-5.21674732285496,-0.665198082420435,2.91418377871393,-2.22915407091328,0.852433368258935,-0.915015485905451,0.302774375958578,-1402.42837021686,8,1,"normal",12
"573",-35.3806,0.0323700309685236,0,1.55725464862392,80,0.00269783740653128,-0.665198082420435,18.4337602331474,-2.22915407091328,2.34534700678786,0.40051042377624,1.35360902324782,-5.21674732285496,-0.665198082420435,2.91418377871393,-2.22915407091328,0.852433368258935,-0.915015485905451,0.302774375958578,-1402.42837021686,8,1,"normal",13
"574",0.459109999999999,0.524185919997677,0,1.48968341559863,80,0.00269783740653128,-0.665198082420435,18.4337602331474,-2.22915407091328,2.34534700678786,0.40051042377624,1.35360902324782,-5.21674732285496,-0.665198082420435,2.91418377871393,-2.22915407091328,0.852433368258935,-0.915015485905451,0.302774375958578,-1402.42837021686,8,1,"normal",14
"575",9.054662,0.699917890696653,1,1.44962782840503,80,0.00269783740653128,-0.665198082420435,18.4337602331474,-2.22915407091328,2.34534700678786,0.40051042377624,1.35360902324782,-5.21674732285496,-0.665198082420435,2.91418377871393,-2.22915407091328,0.852433368258935,-0.915015485905451,0.302774375958578,-1402.42837021686,8,1,"normal",15
"576",-19.136166,0.160011758105882,0,1.43883362520256,80,0.00269783740653128,-0.665198082420435,18.4337602331474,-2.22915407091328,2.34534700678786,0.40051042377624,1.35360902324782,-5.21674732285496,-0.665198082420435,2.91418377871393,-2.22915407091328,0.852433368258935,-0.915015485905451,0.302774375958578,-1402.42837021686,8,1,"normal",16
"577",7.186802,0.664040713288283,0,1.56186433135285,80,0.00269783740653128,-0.665198082420435,18.4337602331474,-2.22915407091328,2.34534700678786,0.40051042377624,1.35360902324782,-5.21674732285496,-0.665198082420435,2.91418377871393,-2.22915407091328,0.852433368258935,-0.915015485905451,0.302774375958578,-1402.42837021686,8,1,"normal",17
"578",17.64966,0.837945606856674,1,1.57048485652556,80,0.00269783740653128,-0.665198082420435,18.4337602331474,-2.22915407091328,2.34534700678786,0.40051042377624,1.35360902324782,-5.21674732285496,-0.665198082420435,2.91418377871393,-2.22915407091328,0.852433368258935,-0.915015485905451,0.302774375958578,-1402.42837021686,8,1,"normal",18
"579",1.6975,0.550718557886913,1,1.63781013277884,80,0.00269783740653128,-0.665198082420435,18.4337602331474,-2.22915407091328,2.34534700678786,0.40051042377624,1.35360902324782,-5.21674732285496,-0.665198082420435,2.91418377871393,-2.22915407091328,0.852433368258935,-0.915015485905451,0.302774375958578,-1402.42837021686,8,1,"normal",19
"580",-4.23638,0.423607870511603,0,1.5531495967152,80,0.00269783740653128,-0.665198082420435,18.4337602331474,-2.22915407091328,2.34534700678786,0.40051042377624,1.35360902324782,-5.21674732285496,-0.665198082420435,2.91418377871393,-2.22915407091328,0.852433368258935,-0.915015485905451,0.302774375958578,-1402.42837021686,8,1,"normal",20
"581",11.46627,0.74344604851785,1,1.46280746971339,80,0.00269783740653128,-0.665198082420435,18.4337602331474,-2.22915407091328,2.34534700678786,0.40051042377624,1.35360902324782,-5.21674732285496,-0.665198082420435,2.91418377871393,-2.22915407091328,0.852433368258935,-0.915015485905451,0.302774375958578,-1402.42837021686,8,1,"normal",21
"582",2.60769,0.570081061771819,1,1.45452863746522,80,0.00269783740653128,-0.665198082420435,18.4337602331474,-2.22915407091328,2.34534700678786,0.40051042377624,1.35360902324782,-5.21674732285496,-0.665198082420435,2.91418377871393,-2.22915407091328,0.852433368258935,-0.915015485905451,0.302774375958578,-1402.42837021686,8,1,"normal",22
"583",-7.82474,0.349678130375005,1,1.68627978249637,80,0.00269783740653128,-0.665198082420435,18.4337602331474,-2.22915407091328,2.34534700678786,0.40051042377624,1.35360902324782,-5.21674732285496,-0.665198082420435,2.91418377871393,-2.22915407091328,0.852433368258935,-0.915015485905451,0.302774375958578,-1402.42837021686,8,1,"normal",23
"584",13.1659782,0.771992756685321,1,1.53424353126594,80,0.00269783740653128,-0.665198082420435,18.4337602331474,-2.22915407091328,2.34534700678786,0.40051042377624,1.35360902324782,-5.21674732285496,-0.665198082420435,2.91418377871393,-2.22915407091328,0.852433368258935,-0.915015485905451,0.302774375958578,-1402.42837021686,8,1,"normal",24
"585",-32.9302,0.0425132903583958,0,1.448309035759,80,0.00269783740653128,-0.665198082420435,18.4337602331474,-2.22915407091328,2.34534700678786,0.40051042377624,1.35360902324782,-5.21674732285496,-0.665198082420435,2.91418377871393,-2.22915407091328,0.852433368258935,-0.915015485905451,0.302774375958578,-1402.42837021686,8,1,"normal",25
"586",-10.16997,0.304123364508893,1,1.55273531353378,80,0.00269783740653128,-0.665198082420435,18.4337602331474,-2.22915407091328,2.34534700678786,0.40051042377624,1.35360902324782,-5.21674732285496,-0.665198082420435,2.91418377871393,-2.22915407091328,0.852433368258935,-0.915015485905451,0.302774375958578,-1402.42837021686,8,1,"normal",26
"587",-19.67158,0.153137175358294,0,1.49108157203074,80,0.00269783740653128,-0.665198082420435,18.4337602331474,-2.22915407091328,2.34534700678786,0.40051042377624,1.35360902324782,-5.21674732285496,-0.665198082420435,2.91418377871393,-2.22915407091328,0.852433368258935,-0.915015485905451,0.302774375958578,-1402.42837021686,8,1,"normal",27
"588",-42.49703,0.0142599930706068,0,1.43507332006815,80,0.00269783740653128,-0.665198082420435,18.4337602331474,-2.22915407091328,2.34534700678786,0.40051042377624,1.35360902324782,-5.21674732285496,-0.665198082420435,2.91418377871393,-2.22915407091328,0.852433368258935,-0.915015485905451,0.302774375958578,-1402.42837021686,8,1,"normal",28
"589",-2.79651,0.454225169710295,1,1.45765844999,80,0.00269783740653128,-0.665198082420435,18.4337602331474,-2.22915407091328,2.34534700678786,0.40051042377624,1.35360902324782,-5.21674732285496,-0.665198082420435,2.91418377871393,-2.22915407091328,0.852433368258935,-0.915015485905451,0.302774375958578,-1402.42837021686,8,1,"normal",29
"590",-17.77538,0.17839707866849,0,1.52937066948611,80,0.00269783740653128,-0.665198082420435,18.4337602331474,-2.22915407091328,2.34534700678786,0.40051042377624,1.35360902324782,-5.21674732285496,-0.665198082420435,2.91418377871393,-2.22915407091328,0.852433368258935,-0.915015485905451,0.302774375958578,-1402.42837021686,8,1,"normal",30
"591",-17.47639,0.182611846970453,0,1.47246700466592,80,0.00269783740653128,-0.665198082420435,18.4337602331474,-2.22915407091328,2.34534700678786,0.40051042377624,1.35360902324782,-5.21674732285496,-0.665198082420435,2.91418377871393,-2.22915407091328,0.852433368258935,-0.915015485905451,0.302774375958578,-1402.42837021686,8,1,"normal",31
"592",-16.84615,0.191701620245889,0,1.44834216595892,80,0.00269783740653128,-0.665198082420435,18.4337602331474,-2.22915407091328,2.34534700678786,0.40051042377624,1.35360902324782,-5.21674732285496,-0.665198082420435,2.91418377871393,-2.22915407091328,0.852433368258935,-0.915015485905451,0.302774375958578,-1402.42837021686,8,1,"normal",32
"593",11.44107,0.743009036402557,0,1.49094474072483,80,0.00269783740653128,-0.665198082420435,18.4337602331474,-2.22915407091328,2.34534700678786,0.40051042377624,1.35360902324782,-5.21674732285496,-0.665198082420435,2.91418377871393,-2.22915407091328,0.852433368258935,-0.915015485905451,0.302774375958578,-1402.42837021686,8,1,"normal",33
"594",9.99458,0.717281937610911,1,1.48711963111136,80,0.00269783740653128,-0.665198082420435,18.4337602331474,-2.22915407091328,2.34534700678786,0.40051042377624,1.35360902324782,-5.21674732285496,-0.665198082420435,2.91418377871393,-2.22915407091328,0.852433368258935,-0.915015485905451,0.302774375958578,-1402.42837021686,8,1,"normal",34
"595",3.63563,0.591742952461418,0,1.55835169069505,80,0.00269783740653128,-0.665198082420435,18.4337602331474,-2.22915407091328,2.34534700678786,0.40051042377624,1.35360902324782,-5.21674732285496,-0.665198082420435,2.91418377871393,-2.22915407091328,0.852433368258935,-0.915015485905451,0.302774375958578,-1402.42837021686,8,1,"normal",35
"596",-18.49867,0.168461791067892,0,1.51044443750261,80,0.00269783740653128,-0.665198082420435,18.4337602331474,-2.22915407091328,2.34534700678786,0.40051042377624,1.35360902324782,-5.21674732285496,-0.665198082420435,2.91418377871393,-2.22915407091328,0.852433368258935,-0.915015485905451,0.302774375958578,-1402.42837021686,8,1,"normal",36
"597",-10.07398,0.305934798719654,0,1.51907677293825,80,0.00269783740653128,-0.665198082420435,18.4337602331474,-2.22915407091328,2.34534700678786,0.40051042377624,1.35360902324782,-5.21674732285496,-0.665198082420435,2.91418377871393,-2.22915407091328,0.852433368258935,-0.915015485905451,0.302774375958578,-1402.42837021686,8,1,"normal",37
"598",-12.50179,0.261692101931606,0,1.77991384155203,80,0.00269783740653128,-0.665198082420435,18.4337602331474,-2.22915407091328,2.34534700678786,0.40051042377624,1.35360902324782,-5.21674732285496,-0.665198082420435,2.91418377871393,-2.22915407091328,0.852433368258935,-0.915015485905451,0.302774375958578,-1402.42837021686,8,1,"normal",38
"599",15.24337,0.804284016928567,0,1.4270087199738,80,0.00269783740653128,-0.665198082420435,18.4337602331474,-2.22915407091328,2.34534700678786,0.40051042377624,1.35360902324782,-5.21674732285496,-0.665198082420435,2.91418377871393,-2.22915407091328,0.852433368258935,-0.915015485905451,0.302774375958578,-1402.42837021686,8,1,"normal",39
"600",-10.88413,0.290801276889547,0,1.4530682733733,80,0.00269783740653128,-0.665198082420435,18.4337602331474,-2.22915407091328,2.34534700678786,0.40051042377624,1.35360902324782,-5.21674732285496,-0.665198082420435,2.91418377871393,-2.22915407091328,0.852433368258935,-0.915015485905451,0.302774375958578,-1402.42837021686,8,1,"normal",40
"601",-12.9086,0.254617578837733,0,1.47815910687444,80,0.00269783740653128,-0.665198082420435,18.4337602331474,-2.22915407091328,2.34534700678786,0.40051042377624,1.35360902324782,-5.21674732285496,-0.665198082420435,2.91418377871393,-2.22915407091328,0.852433368258935,-0.915015485905451,0.302774375958578,-1402.42837021686,8,1,"normal",41
"602",-6.74978,0.371368267463277,0,1.56115534911072,80,0.00269783740653128,-0.665198082420435,18.4337602331474,-2.22915407091328,2.34534700678786,0.40051042377624,1.35360902324782,-5.21674732285496,-0.665198082420435,2.91418377871393,-2.22915407091328,0.852433368258935,-0.915015485905451,0.302774375958578,-1402.42837021686,8,1,"normal",42
"603",10.97826,0.734913785374554,1,1.56368983079222,80,0.00269783740653128,-0.665198082420435,18.4337602331474,-2.22915407091328,2.34534700678786,0.40051042377624,1.35360902324782,-5.21674732285496,-0.665198082420435,2.91418377871393,-2.22915407091328,0.852433368258935,-0.915015485905451,0.302774375958578,-1402.42837021686,8,1,"normal",43
"604",0.2727,0.520179703373202,1,1.52877726451956,80,0.00269783740653128,-0.665198082420435,18.4337602331474,-2.22915407091328,2.34534700678786,0.40051042377624,1.35360902324782,-5.21674732285496,-0.665198082420435,2.91418377871393,-2.22915407091328,0.852433368258935,-0.915015485905451,0.302774375958578,-1402.42837021686,8,1,"normal",44
"605",-4.48675,0.418325920254839,0,1.55555070701747,80,0.00269783740653128,-0.665198082420435,18.4337602331474,-2.22915407091328,2.34534700678786,0.40051042377624,1.35360902324782,-5.21674732285496,-0.665198082420435,2.91418377871393,-2.22915407091328,0.852433368258935,-0.915015485905451,0.302774375958578,-1402.42837021686,8,1,"normal",45
"606",7.46506,0.669493054512742,1,1.53965745744005,80,0.00269783740653128,-0.665198082420435,18.4337602331474,-2.22915407091328,2.34534700678786,0.40051042377624,1.35360902324782,-5.21674732285496,-0.665198082420435,2.91418377871393,-2.22915407091328,0.852433368258935,-0.915015485905451,0.302774375958578,-1402.42837021686,8,1,"normal",46
"607",13.51681,0.777650891546921,0,1.44691736878749,80,0.00269783740653128,-0.665198082420435,18.4337602331474,-2.22915407091328,2.34534700678786,0.40051042377624,1.35360902324782,-5.21674732285496,-0.665198082420435,2.91418377871393,-2.22915407091328,0.852433368258935,-0.915015485905451,0.302774375958578,-1402.42837021686,8,1,"normal",47
"608",7.29402,0.666145822751334,1,1.65431717647832,80,0.00269783740653128,-0.665198082420435,18.4337602331474,-2.22915407091328,2.34534700678786,0.40051042377624,1.35360902324782,-5.21674732285496,-0.665198082420435,2.91418377871393,-2.22915407091328,0.852433368258935,-0.915015485905451,0.302774375958578,-1402.42837021686,8,1,"normal",48
"609",-11.11622,0.286532099426136,0,1.58640702328071,80,0.00269783740653128,-0.665198082420435,18.4337602331474,-2.22915407091328,2.34534700678786,0.40051042377624,1.35360902324782,-5.21674732285496,-0.665198082420435,2.91418377871393,-2.22915407091328,0.852433368258935,-0.915015485905451,0.302774375958578,-1402.42837021686,8,1,"normal",49
"610",-10.8572608,0.291297462336931,0,1.49413810899396,80,0.00269783740653128,-0.665198082420435,18.4337602331474,-2.22915407091328,2.34534700678786,0.40051042377624,1.35360902324782,-5.21674732285496,-0.665198082420435,2.91418377871393,-2.22915407091328,0.852433368258935,-0.915015485905451,0.302774375958578,-1402.42837021686,8,1,"normal",50
"611",-6.638338,0.373642147640251,1,1.5708042584914,80,0.00269783740653128,-0.665198082420435,18.4337602331474,-2.22915407091328,2.34534700678786,0.40051042377624,1.35360902324782,-5.21674732285496,-0.665198082420435,2.91418377871393,-2.22915407091328,0.852433368258935,-0.915015485905451,0.302774375958578,-1402.42837021686,8,1,"normal",51
"612",7.61489,0.672413984666253,0,1.48947563362218,80,0.00269783740653128,-0.665198082420435,18.4337602331474,-2.22915407091328,2.34534700678786,0.40051042377624,1.35360902324782,-5.21674732285496,-0.665198082420435,2.91418377871393,-2.22915407091328,0.852433368258935,-0.915015485905451,0.302774375958578,-1402.42837021686,8,1,"normal",52
"613",14.65452,0.795429851697444,1,1.56386653954804,80,0.00269783740653128,-0.665198082420435,18.4337602331474,-2.22915407091328,2.34534700678786,0.40051042377624,1.35360902324782,-5.21674732285496,-0.665198082420435,2.91418377871393,-2.22915407091328,0.852433368258935,-0.915015485905451,0.302774375958578,-1402.42837021686,8,1,"normal",53
"614",12.58545,0.762451843326015,1,1.53272037188032,80,0.00269783740653128,-0.665198082420435,18.4337602331474,-2.22915407091328,2.34534700678786,0.40051042377624,1.35360902324782,-5.21674732285496,-0.665198082420435,2.91418377871393,-2.22915407091328,0.852433368258935,-0.915015485905451,0.302774375958578,-1402.42837021686,8,1,"normal",54
"615",-2.76678,0.454860908727186,1,1.48451074166567,80,0.00269783740653128,-0.665198082420435,18.4337602331474,-2.22915407091328,2.34534700678786,0.40051042377624,1.35360902324782,-5.21674732285496,-0.665198082420435,2.91418377871393,-2.22915407091328,0.852433368258935,-0.915015485905451,0.302774375958578,-1402.42837021686,8,1,"normal",55
"616",-16.182959,0.201565582282781,0,1.48530736176771,80,0.00269783740653128,-0.665198082420435,18.4337602331474,-2.22915407091328,2.34534700678786,0.40051042377624,1.35360902324782,-5.21674732285496,-0.665198082420435,2.91418377871393,-2.22915407091328,0.852433368258935,-0.915015485905451,0.302774375958578,-1402.42837021686,8,1,"normal",56
"617",16.1544325,0.817507972437406,1,1.5761671363467,80,0.00269783740653128,-0.665198082420435,18.4337602331474,-2.22915407091328,2.34534700678786,0.40051042377624,1.35360902324782,-5.21674732285496,-0.665198082420435,2.91418377871393,-2.22915407091328,0.852433368258935,-0.915015485905451,0.302774375958578,-1402.42837021686,8,1,"normal",57
"618",-11.616432,0.277434791378712,0,1.50099065484275,80,0.00269783740653128,-0.665198082420435,18.4337602331474,-2.22915407091328,2.34534700678786,0.40051042377624,1.35360902324782,-5.21674732285496,-0.665198082420435,2.91418377871393,-2.22915407091328,0.852433368258935,-0.915015485905451,0.302774375958578,-1402.42837021686,8,1,"normal",58
"619",-14.04999,0.235323945833864,1,1.6751747184683,80,0.00269783740653128,-0.665198082420435,18.4337602331474,-2.22915407091328,2.34534700678786,0.40051042377624,1.35360902324782,-5.21674732285496,-0.665198082420435,2.91418377871393,-2.22915407091328,0.852433368258935,-0.915015485905451,0.302774375958578,-1402.42837021686,8,1,"normal",59
"620",13.066519,0.770373857192432,1,1.65218506594386,80,0.00269783740653128,-0.665198082420435,18.4337602331474,-2.22915407091328,2.34534700678786,0.40051042377624,1.35360902324782,-5.21674732285496,-0.665198082420435,2.91418377871393,-2.22915407091328,0.852433368258935,-0.915015485905451,0.302774375958578,-1402.42837021686,8,1,"normal",60
"621",15.13848,0.802724408012261,1,1.49339908184385,80,0.00269783740653128,-0.665198082420435,18.4337602331474,-2.22915407091328,2.34534700678786,0.40051042377624,1.35360902324782,-5.21674732285496,-0.665198082420435,2.91418377871393,-2.22915407091328,0.852433368258935,-0.915015485905451,0.302774375958578,-1402.42837021686,8,1,"normal",61
"622",16.15685,0.817542288957265,1,1.5693675525185,80,0.00269783740653128,-0.665198082420435,18.4337602331474,-2.22915407091328,2.34534700678786,0.40051042377624,1.35360902324782,-5.21674732285496,-0.665198082420435,2.91418377871393,-2.22915407091328,0.852433368258935,-0.915015485905451,0.302774375958578,-1402.42837021686,8,1,"normal",62
"623",-28.98655,0.0645841047716799,0,1.5597079985596,80,0.00269783740653128,-0.665198082420435,18.4337602331474,-2.22915407091328,2.34534700678786,0.40051042377624,1.35360902324782,-5.21674732285496,-0.665198082420435,2.91418377871393,-2.22915407091328,0.852433368258935,-0.915015485905451,0.302774375958578,-1402.42837021686,8,1,"normal",63
"624",8.12758,0.682327397936169,0,1.64773223798941,80,0.00269783740653128,-0.665198082420435,18.4337602331474,-2.22915407091328,2.34534700678786,0.40051042377624,1.35360902324782,-5.21674732285496,-0.665198082420435,2.91418377871393,-2.22915407091328,0.852433368258935,-0.915015485905451,0.302774375958578,-1402.42837021686,8,1,"normal",64
"625",-18.28616,0.171342539850506,1,1.58551291694371,80,0.00269783740653128,-0.665198082420435,18.4337602331474,-2.22915407091328,2.34534700678786,0.40051042377624,1.35360902324782,-5.21674732285496,-0.665198082420435,2.91418377871393,-2.22915407091328,0.852433368258935,-0.915015485905451,0.302774375958578,-1402.42837021686,8,1,"normal",65
"626",18.14056,0.844310641551689,0,1.46533227111025,80,0.00269783740653128,-0.665198082420435,18.4337602331474,-2.22915407091328,2.34534700678786,0.40051042377624,1.35360902324782,-5.21674732285496,-0.665198082420435,2.91418377871393,-2.22915407091328,0.852433368258935,-0.915015485905451,0.302774375958578,-1402.42837021686,8,1,"normal",66
"627",0.20151581001,0.518649287445594,1,1.75864225080637,80,0.00269783740653128,-0.665198082420435,18.4337602331474,-2.22915407091328,2.34534700678786,0.40051042377624,1.35360902324782,-5.21674732285496,-0.665198082420435,2.91418377871393,-2.22915407091328,0.852433368258935,-0.915015485905451,0.302774375958578,-1402.42837021686,8,1,"normal",67
"628",12.222927,0.756382729772178,1,1.56100808387031,80,0.00269783740653128,-0.665198082420435,18.4337602331474,-2.22915407091328,2.34534700678786,0.40051042377624,1.35360902324782,-5.21674732285496,-0.665198082420435,2.91418377871393,-2.22915407091328,0.852433368258935,-0.915015485905451,0.302774375958578,-1402.42837021686,8,1,"normal",68
"629",11.10113,0.737075711279561,1,1.61567208564008,80,0.00269783740653128,-0.665198082420435,18.4337602331474,-2.22915407091328,2.34534700678786,0.40051042377624,1.35360902324782,-5.21674732285496,-0.665198082420435,2.91418377871393,-2.22915407091328,0.852433368258935,-0.915015485905451,0.302774375958578,-1402.42837021686,8,1,"normal",69
"630",14.611251,0.794769814440502,1,1.50964831566752,80,0.00269783740653128,-0.665198082420435,18.4337602331474,-2.22915407091328,2.34534700678786,0.40051042377624,1.35360902324782,-5.21674732285496,-0.665198082420435,2.91418377871393,-2.22915407091328,0.852433368258935,-0.915015485905451,0.302774375958578,-1402.42837021686,8,1,"normal",70
"631",7.41963,0.668605318706129,1,1.50361600952124,80,0.00269783740653128,-0.665198082420435,18.4337602331474,-2.22915407091328,2.34534700678786,0.40051042377624,1.35360902324782,-5.21674732285496,-0.665198082420435,2.91418377871393,-2.22915407091328,0.852433368258935,-0.915015485905451,0.302774375958578,-1402.42837021686,8,1,"normal",71
"632",13.04251,0.769982084512189,1,1.46008692688905,80,0.00269783740653128,-0.665198082420435,18.4337602331474,-2.22915407091328,2.34534700678786,0.40051042377624,1.35360902324782,-5.21674732285496,-0.665198082420435,2.91418377871393,-2.22915407091328,0.852433368258935,-0.915015485905451,0.302774375958578,-1402.42837021686,8,1,"normal",72
"633",-6.9866,0.366551298122394,1,1.46867526507781,80,0.00269783740653128,-0.665198082420435,18.4337602331474,-2.22915407091328,2.34534700678786,0.40051042377624,1.35360902324782,-5.21674732285496,-0.665198082420435,2.91418377871393,-2.22915407091328,0.852433368258935,-0.915015485905451,0.302774375958578,-1402.42837021686,8,1,"normal",73
"634",16.73658,0.825652801925459,1,1.54496751036289,80,0.00269783740653128,-0.665198082420435,18.4337602331474,-2.22915407091328,2.34534700678786,0.40051042377624,1.35360902324782,-5.21674732285496,-0.665198082420435,2.91418377871393,-2.22915407091328,0.852433368258935,-0.915015485905451,0.302774375958578,-1402.42837021686,8,1,"normal",74
"635",12.43133,0.75988201521788,1,1.61567523047962,80,0.00269783740653128,-0.665198082420435,18.4337602331474,-2.22915407091328,2.34534700678786,0.40051042377624,1.35360902324782,-5.21674732285496,-0.665198082420435,2.91418377871393,-2.22915407091328,0.852433368258935,-0.915015485905451,0.302774375958578,-1402.42837021686,8,1,"normal",75
"636",10.53174,0.726980794266051,1,1.56526427915447,80,0.00269783740653128,-0.665198082420435,18.4337602331474,-2.22915407091328,2.34534700678786,0.40051042377624,1.35360902324782,-5.21674732285496,-0.665198082420435,2.91418377871393,-2.22915407091328,0.852433368258935,-0.915015485905451,0.302774375958578,-1402.42837021686,8,1,"normal",76
"637",-20.78816,0.139452446883058,1,1.43370088521677,80,0.00269783740653128,-0.665198082420435,18.4337602331474,-2.22915407091328,2.34534700678786,0.40051042377624,1.35360902324782,-5.21674732285496,-0.665198082420435,2.91418377871393,-2.22915407091328,0.852433368258935,-0.915015485905451,0.302774375958578,-1402.42837021686,8,1,"normal",77
"638",17.37372,0.834292827368783,1,1.53611578433436,80,0.00269783740653128,-0.665198082420435,18.4337602331474,-2.22915407091328,2.34534700678786,0.40051042377624,1.35360902324782,-5.21674732285496,-0.665198082420435,2.91418377871393,-2.22915407091328,0.852433368258935,-0.915015485905451,0.302774375958578,-1402.42837021686,8,1,"normal",78
"639",-19.12073,0.160212963064304,0,1.43933724483296,80,0.00269783740653128,-0.665198082420435,18.4337602331474,-2.22915407091328,2.34534700678786,0.40051042377624,1.35360902324782,-5.21674732285496,-0.665198082420435,2.91418377871393,-2.22915407091328,0.852433368258935,-0.915015485905451,0.302774375958578,-1402.42837021686,8,1,"normal",79
"640",5.03591,0.620788696668406,1,1.49664433079278,80,0.00269783740653128,-0.665198082420435,18.4337602331474,-2.22915407091328,2.34534700678786,0.40051042377624,1.35360902324782,-5.21674732285496,-0.665198082420435,2.91418377871393,-2.22915407091328,0.852433368258935,-0.915015485905451,0.302774375958578,-1402.42837021686,8,1,"normal",80
"641",-9.081031337641,0.499763981803193,0,0.368810018040912,80,0.119502537979443,-9.06490644976883,20.7416354717932,-1.9106279154439,2.60275178432236,0.357168955719732,0.12041428683652,-1.15814189769496,-9.06490644976883,3.03214305561302,-1.9106279154439,0.956569263925216,-1.02954634383583,-2.11681709171423,1366.20461989474,9,1,"normal",1
"642",6.2174107715,0.704993960436056,1,0.422866535018797,80,0.119502537979443,-9.06490644976883,20.7416354717932,-1.9106279154439,2.60275178432236,0.357168955719732,0.12041428683652,-1.15814189769496,-9.06490644976883,3.03214305561302,-1.9106279154439,0.956569263925216,-1.02954634383583,-2.11681709171423,1366.20461989474,9,1,"normal",2
"643",-0.48484481704,0.622093867123974,0,0.325225279288416,80,0.119502537979443,-9.06490644976883,20.7416354717932,-1.9106279154439,2.60275178432236,0.357168955719732,0.12041428683652,-1.15814189769496,-9.06490644976883,3.03214305561302,-1.9106279154439,0.956569263925216,-1.02954634383583,-2.11681709171423,1366.20461989474,9,1,"normal",3
"644",1.924396482,0.653630510420364,1,0.426690527471767,80,0.119502537979443,-9.06490644976883,20.7416354717932,-1.9106279154439,2.60275178432236,0.357168955719732,0.12041428683652,-1.15814189769496,-9.06490644976883,3.03214305561302,-1.9106279154439,0.956569263925216,-1.02954634383583,-2.11681709171423,1366.20461989474,9,1,"normal",4
"645",-0.6233890011,0.620229736669286,1,0.502175979309138,80,0.119502537979443,-9.06490644976883,20.7416354717932,-1.9106279154439,2.60275178432236,0.357168955719732,0.12041428683652,-1.15814189769496,-9.06490644976883,3.03214305561302,-1.9106279154439,0.956569263925216,-1.02954634383583,-2.11681709171423,1366.20461989474,9,1,"normal",5
"646",8.04424,0.72470445981979,0,0.411283098753822,80,0.119502537979443,-9.06490644976883,20.7416354717932,-1.9106279154439,2.60275178432236,0.357168955719732,0.12041428683652,-1.15814189769496,-9.06490644976883,3.03214305561302,-1.9106279154439,0.956569263925216,-1.02954634383583,-2.11681709171423,1366.20461989474,9,1,"normal",6
"647",-2.61753032182,0.592871604610165,0,0.42793323306719,80,0.119502537979443,-9.06490644976883,20.7416354717932,-1.9106279154439,2.60275178432236,0.357168955719732,0.12041428683652,-1.15814189769496,-9.06490644976883,3.03214305561302,-1.9106279154439,0.956569263925216,-1.02954634383583,-2.11681709171423,1366.20461989474,9,1,"normal",7
"648",3.37702,0.67175488220518,1,0.508328866655202,80,0.119502537979443,-9.06490644976883,20.7416354717932,-1.9106279154439,2.60275178432236,0.357168955719732,0.12041428683652,-1.15814189769496,-9.06490644976883,3.03214305561302,-1.9106279154439,0.956569263925216,-1.02954634383583,-2.11681709171423,1366.20461989474,9,1,"normal",8
"649",-0.535862255,0.62140801534573,1,0.462178951133992,80,0.119502537979443,-9.06490644976883,20.7416354717932,-1.9106279154439,2.60275178432236,0.357168955719732,0.12041428683652,-1.15814189769496,-9.06490644976883,3.03214305561302,-1.9106279154439,0.956569263925216,-1.02954634383583,-2.11681709171423,1366.20461989474,9,1,"normal",9
"650",35.47038,0.868404572542927,1,0.225637370308697,80,0.119502537979443,-9.06490644976883,20.7416354717932,-1.9106279154439,2.60275178432236,0.357168955719732,0.12041428683652,-1.15814189769496,-9.06490644976883,3.03214305561302,-1.9106279154439,0.956569263925216,-1.02954634383583,-2.11681709171423,1366.20461989474,9,1,"normal",10
"651",-31.53225,0.225554628506706,0,0.590876132576767,80,0.119502537979443,-9.06490644976883,20.7416354717932,-1.9106279154439,2.60275178432236,0.357168955719732,0.12041428683652,-1.15814189769496,-9.06490644976883,3.03214305561302,-1.9106279154439,0.956569263925216,-1.02954634383583,-2.11681709171423,1366.20461989474,9,1,"normal",11
"652",8.3727,0.728103299504927,1,0.23905189657584,80,0.119502537979443,-9.06490644976883,20.7416354717932,-1.9106279154439,2.60275178432236,0.357168955719732,0.12041428683652,-1.15814189769496,-9.06490644976883,3.03214305561302,-1.9106279154439,0.956569263925216,-1.02954634383583,-2.11681709171423,1366.20461989474,9,1,"normal",12
"653",6.91336,0.712662389258362,1,0.261895930583981,80,0.119502537979443,-9.06490644976883,20.7416354717932,-1.9106279154439,2.60275178432236,0.357168955719732,0.12041428683652,-1.15814189769496,-9.06490644976883,3.03214305561302,-1.9106279154439,0.956569263925216,-1.02954634383583,-2.11681709171423,1366.20461989474,9,1,"normal",13
"654",-4.31035,0.568987241617067,0,0.282015473890848,80,0.119502537979443,-9.06490644976883,20.7416354717932,-1.9106279154439,2.60275178432236,0.357168955719732,0.12041428683652,-1.15814189769496,-9.06490644976883,3.03214305561302,-1.9106279154439,0.956569263925216,-1.02954634383583,-2.11681709171423,1366.20461989474,9,1,"normal",14
"655",-9.71509,0.49048489278662,0,0.472280278680407,80,0.119502537979443,-9.06490644976883,20.7416354717932,-1.9106279154439,2.60275178432236,0.357168955719732,0.12041428683652,-1.15814189769496,-9.06490644976883,3.03214305561302,-1.9106279154439,0.956569263925216,-1.02954634383583,-2.11681709171423,1366.20461989474,9,1,"normal",15
"656",7.2933,0.716766473396026,0,0.317052699441857,80,0.119502537979443,-9.06490644976883,20.7416354717932,-1.9106279154439,2.60275178432236,0.357168955719732,0.12041428683652,-1.15814189769496,-9.06490644976883,3.03214305561302,-1.9106279154439,0.956569263925216,-1.02954634383583,-2.11681709171423,1366.20461989474,9,1,"normal",16
"657",-15.54161,0.406719468426818,0,0.359015391986191,80,0.119502537979443,-9.06490644976883,20.7416354717932,-1.9106279154439,2.60275178432236,0.357168955719732,0.12041428683652,-1.15814189769496,-9.06490644976883,3.03214305561302,-1.9106279154439,0.956569263925216,-1.02954634383583,-2.11681709171423,1366.20461989474,9,1,"normal",17
"658",-30.98435,0.230078847158444,0,0.510845182170329,80,0.119502537979443,-9.06490644976883,20.7416354717932,-1.9106279154439,2.60275178432236,0.357168955719732,0.12041428683652,-1.15814189769496,-9.06490644976883,3.03214305561302,-1.9106279154439,0.956569263925216,-1.02954634383583,-2.11681709171423,1366.20461989474,9,1,"normal",18
"659",3.29808,0.670788595284626,0,0.272408925485692,80,0.119502537979443,-9.06490644976883,20.7416354717932,-1.9106279154439,2.60275178432236,0.357168955719732,0.12041428683652,-1.15814189769496,-9.06490644976883,3.03214305561302,-1.9106279154439,0.956569263925216,-1.02954634383583,-2.11681709171423,1366.20461989474,9,1,"normal",19
"660",-18.62668,0.364848355393944,1,1.14936230405625,80,0.119502537979443,-9.06490644976883,20.7416354717932,-1.9106279154439,2.60275178432236,0.357168955719732,0.12041428683652,-1.15814189769496,-9.06490644976883,3.03214305561302,-1.9106279154439,0.956569263925216,-1.02954634383583,-2.11681709171423,1366.20461989474,9,1,"normal",20
"661",3.48332,0.673052593762024,1,0.348298596973792,80,0.119502537979443,-9.06490644976883,20.7416354717932,-1.9106279154439,2.60275178432236,0.357168955719732,0.12041428683652,-1.15814189769496,-9.06490644976883,3.03214305561302,-1.9106279154439,0.956569263925216,-1.02954634383583,-2.11681709171423,1366.20461989474,9,1,"normal",21
"662",36.51473,0.869849192519381,1,0.273622839852153,80,0.119502537979443,-9.06490644976883,20.7416354717932,-1.9106279154439,2.60275178432236,0.357168955719732,0.12041428683652,-1.15814189769496,-9.06490644976883,3.03214305561302,-1.9106279154439,0.956569263925216,-1.02954634383583,-2.11681709171423,1366.20461989474,9,1,"normal",22
"663",26.0278,0.845999410637987,1,0.493776755880363,80,0.119502537979443,-9.06490644976883,20.7416354717932,-1.9106279154439,2.60275178432236,0.357168955719732,0.12041428683652,-1.15814189769496,-9.06490644976883,3.03214305561302,-1.9106279154439,0.956569263925216,-1.02954634383583,-2.11681709171423,1366.20461989474,9,1,"normal",23
"664",8.3823,0.728201963566997,1,0.491358330062399,80,0.119502537979443,-9.06490644976883,20.7416354717932,-1.9106279154439,2.60275178432236,0.357168955719732,0.12041428683652,-1.15814189769496,-9.06490644976883,3.03214305561302,-1.9106279154439,0.956569263925216,-1.02954634383583,-2.11681709171423,1366.20461989474,9,1,"normal",24
"665",-13.92839,0.429460688305198,1,0.329905305476322,80,0.119502537979443,-9.06490644976883,20.7416354717932,-1.9106279154439,2.60275178432236,0.357168955719732,0.12041428683652,-1.15814189769496,-9.06490644976883,3.03214305561302,-1.9106279154439,0.956569263925216,-1.02954634383583,-2.11681709171423,1366.20461989474,9,1,"normal",25
"666",-33.0812,0.213452546325381,0,0.558953984258816,80,0.119502537979443,-9.06490644976883,20.7416354717932,-1.9106279154439,2.60275178432236,0.357168955719732,0.12041428683652,-1.15814189769496,-9.06490644976883,3.03214305561302,-1.9106279154439,0.956569263925216,-1.02954634383583,-2.11681709171423,1366.20461989474,9,1,"normal",26
"667",-33.68197,0.209029625702875,0,0.333536277541863,80,0.119502537979443,-9.06490644976883,20.7416354717932,-1.9106279154439,2.60275178432236,0.357168955719732,0.12041428683652,-1.15814189769496,-9.06490644976883,3.03214305561302,-1.9106279154439,0.956569263925216,-1.02954634383583,-2.11681709171423,1366.20461989474,9,1,"normal",27
"668",25.05287,0.842450826574819,1,0.314255847585801,80,0.119502537979443,-9.06490644976883,20.7416354717932,-1.9106279154439,2.60275178432236,0.357168955719732,0.12041428683652,-1.15814189769496,-9.06490644976883,3.03214305561302,-1.9106279154439,0.956569263925216,-1.02954634383583,-2.11681709171423,1366.20461989474,9,1,"normal",28
"669",-46.15524,0.147561429130633,0,0.264063161164951,80,0.119502537979443,-9.06490644976883,20.7416354717932,-1.9106279154439,2.60275178432236,0.357168955719732,0.12041428683652,-1.15814189769496,-9.06490644976883,3.03214305561302,-1.9106279154439,0.956569263925216,-1.02954634383583,-2.11681709171423,1366.20461989474,9,1,"normal",29
"670",28.43543,0.853630324567669,1,0.419266062499407,80,0.119502537979443,-9.06490644976883,20.7416354717932,-1.9106279154439,2.60275178432236,0.357168955719732,0.12041428683652,-1.15814189769496,-9.06490644976883,3.03214305561302,-1.9106279154439,0.956569263925216,-1.02954634383583,-2.11681709171423,1366.20461989474,9,1,"normal",30
"671",-21.9534,0.322820538311081,0,0.406005130196822,80,0.119502537979443,-9.06490644976883,20.7416354717932,-1.9106279154439,2.60275178432236,0.357168955719732,0.12041428683652,-1.15814189769496,-9.06490644976883,3.03214305561302,-1.9106279154439,0.956569263925216,-1.02954634383583,-2.11681709171423,1366.20461989474,9,1,"normal",31
"672",33.14024,0.864565775343072,1,0.225765738892343,80,0.119502537979443,-9.06490644976883,20.7416354717932,-1.9106279154439,2.60275178432236,0.357168955719732,0.12041428683652,-1.15814189769496,-9.06490644976883,3.03214305561302,-1.9106279154439,0.956569263925216,-1.02954634383583,-2.11681709171423,1366.20461989474,9,1,"normal",32
"673",-14.62316,0.419607754527032,0,0.316360078640522,80,0.119502537979443,-9.06490644976883,20.7416354717932,-1.9106279154439,2.60275178432236,0.357168955719732,0.12041428683652,-1.15814189769496,-9.06490644976883,3.03214305561302,-1.9106279154439,0.956569263925216,-1.02954634383583,-2.11681709171423,1366.20461989474,9,1,"normal",33
"674",-23.53741,0.304170408768047,0,0.480598572617983,80,0.119502537979443,-9.06490644976883,20.7416354717932,-1.9106279154439,2.60275178432236,0.357168955719732,0.12041428683652,-1.15814189769496,-9.06490644976883,3.03214305561302,-1.9106279154439,0.956569263925216,-1.02954634383583,-2.11681709171423,1366.20461989474,9,1,"normal",34
"675",7.50241,0.719000183751779,1,0.360494321521523,80,0.119502537979443,-9.06490644976883,20.7416354717932,-1.9106279154439,2.60275178432236,0.357168955719732,0.12041428683652,-1.15814189769496,-9.06490644976883,3.03214305561302,-1.9106279154439,0.956569263925216,-1.02954634383583,-2.11681709171423,1366.20461989474,9,1,"normal",35
"676",13.449569,0.774828588915713,1,0.321654182694921,80,0.119502537979443,-9.06490644976883,20.7416354717932,-1.9106279154439,2.60275178432236,0.357168955719732,0.12041428683652,-1.15814189769496,-9.06490644976883,3.03214305561302,-1.9106279154439,0.956569263925216,-1.02954634383583,-2.11681709171423,1366.20461989474,9,1,"normal",36
"677",-21.22989,0.331644749315232,1,0.522878756749099,80,0.119502537979443,-9.06490644976883,20.7416354717932,-1.9106279154439,2.60275178432236,0.357168955719732,0.12041428683652,-1.15814189769496,-9.06490644976883,3.03214305561302,-1.9106279154439,0.956569263925216,-1.02954634383583,-2.11681709171423,1366.20461989474,9,1,"normal",37
"678",29.13062,0.855555967929545,1,0.233572815510065,80,0.119502537979443,-9.06490644976883,20.7416354717932,-1.9106279154439,2.60275178432236,0.357168955719732,0.12041428683652,-1.15814189769496,-9.06490644976883,3.03214305561302,-1.9106279154439,0.956569263925216,-1.02954634383583,-2.11681709171423,1366.20461989474,9,1,"normal",38
"679",7.4683,0.718637041799602,1,0.387149732676507,80,0.119502537979443,-9.06490644976883,20.7416354717932,-1.9106279154439,2.60275178432236,0.357168955719732,0.12041428683652,-1.15814189769496,-9.06490644976883,3.03214305561302,-1.9106279154439,0.956569263925216,-1.02954634383583,-2.11681709171423,1366.20461989474,9,1,"normal",39
"680",9.06083,0.735077929470868,0,0.590151593352493,80,0.119502537979443,-9.06490644976883,20.7416354717932,-1.9106279154439,2.60275178432236,0.357168955719732,0.12041428683652,-1.15814189769496,-9.06490644976883,3.03214305561302,-1.9106279154439,0.956569263925216,-1.02954634383583,-2.11681709171423,1366.20461989474,9,1,"normal",40
"681",-11.12644,0.469875165457498,1,0.44596849977106,80,0.119502537979443,-9.06490644976883,20.7416354717932,-1.9106279154439,2.60275178432236,0.357168955719732,0.12041428683652,-1.15814189769496,-9.06490644976883,3.03214305561302,-1.9106279154439,0.956569263925216,-1.02954634383583,-2.11681709171423,1366.20461989474,9,1,"normal",41
"682",19.42568,0.815977361813858,0,0.349062729343108,80,0.119502537979443,-9.06490644976883,20.7416354717932,-1.9106279154439,2.60275178432236,0.357168955719732,0.12041428683652,-1.15814189769496,-9.06490644976883,3.03214305561302,-1.9106279154439,0.956569263925216,-1.02954634383583,-2.11681709171423,1366.20461989474,9,1,"normal",42
"683",26.16465,0.846475492437396,1,0.229802954748063,80,0.119502537979443,-9.06490644976883,20.7416354717932,-1.9106279154439,2.60275178432236,0.357168955719732,0.12041428683652,-1.15814189769496,-9.06490644976883,3.03214305561302,-1.9106279154439,0.956569263925216,-1.02954634383583,-2.11681709171423,1366.20461989474,9,1,"normal",43
"684",-11.55006,0.463711922600134,0,0.382570181791544,80,0.119502537979443,-9.06490644976883,20.7416354717932,-1.9106279154439,2.60275178432236,0.357168955719732,0.12041428683652,-1.15814189769496,-9.06490644976883,3.03214305561302,-1.9106279154439,0.956569263925216,-1.02954634383583,-2.11681709171423,1366.20461989474,9,1,"normal",44
"685",14.61921,0.784037260095501,1,0.403491559789328,80,0.119502537979443,-9.06490644976883,20.7416354717932,-1.9106279154439,2.60275178432236,0.357168955719732,0.12041428683652,-1.15814189769496,-9.06490644976883,3.03214305561302,-1.9106279154439,0.956569263925216,-1.02954634383583,-2.11681709171423,1366.20461989474,9,1,"normal",45
"686",-18.88745,0.361426277270279,0,0.303113304893697,80,0.119502537979443,-9.06490644976883,20.7416354717932,-1.9106279154439,2.60275178432236,0.357168955719732,0.12041428683652,-1.15814189769496,-9.06490644976883,3.03214305561302,-1.9106279154439,0.956569263925216,-1.02954634383583,-2.11681709171423,1366.20461989474,9,1,"normal",46
"687",6.0467,0.703083489175313,1,0.371283867453539,80,0.119502537979443,-9.06490644976883,20.7416354717932,-1.9106279154439,2.60275178432236,0.357168955719732,0.12041428683652,-1.15814189769496,-9.06490644976883,3.03214305561302,-1.9106279154439,0.956569263925216,-1.02954634383583,-2.11681709171423,1366.20461989474,9,1,"normal",47
"688",9.810703,0.742451394747738,1,0.304367960769562,80,0.119502537979443,-9.06490644976883,20.7416354717932,-1.9106279154439,2.60275178432236,0.357168955719732,0.12041428683652,-1.15814189769496,-9.06490644976883,3.03214305561302,-1.9106279154439,0.956569263925216,-1.02954634383583,-2.11681709171423,1366.20461989474,9,1,"normal",48
"689",-24.34421,0.295039666408977,1,0.266573155879162,80,0.119502537979443,-9.06490644976883,20.7416354717932,-1.9106279154439,2.60275178432236,0.357168955719732,0.12041428683652,-1.15814189769496,-9.06490644976883,3.03214305561302,-1.9106279154439,0.956569263925216,-1.02954634383583,-2.11681709171423,1366.20461989474,9,1,"normal",49
"690",25.51264,0.844158996751226,1,0.355635284032575,80,0.119502537979443,-9.06490644976883,20.7416354717932,-1.9106279154439,2.60275178432236,0.357168955719732,0.12041428683652,-1.15814189769496,-9.06490644976883,3.03214305561302,-1.9106279154439,0.956569263925216,-1.02954634383583,-2.11681709171423,1366.20461989474,9,1,"normal",50
"691",10.68977,0.75079128777844,1,0.297427955804745,80,0.119502537979443,-9.06490644976883,20.7416354717932,-1.9106279154439,2.60275178432236,0.357168955719732,0.12041428683652,-1.15814189769496,-9.06490644976883,3.03214305561302,-1.9106279154439,0.956569263925216,-1.02954634383583,-2.11681709171423,1366.20461989474,9,1,"normal",51
"692",13.94154,0.778772392304415,1,0.291020109020027,80,0.119502537979443,-9.06490644976883,20.7416354717932,-1.9106279154439,2.60275178432236,0.357168955719732,0.12041428683652,-1.15814189769496,-9.06490644976883,3.03214305561302,-1.9106279154439,0.956569263925216,-1.02954634383583,-2.11681709171423,1366.20461989474,9,1,"normal",52
"693",-26.18548,0.275176542904471,1,0.324533107566301,80,0.119502537979443,-9.06490644976883,20.7416354717932,-1.9106279154439,2.60275178432236,0.357168955719732,0.12041428683652,-1.15814189769496,-9.06490644976883,3.03214305561302,-1.9106279154439,0.956569263925216,-1.02954634383583,-2.11681709171423,1366.20461989474,9,1,"normal",53
"694",-7.4606844666,0.52345743255021,1,0.382445656856528,80,0.119502537979443,-9.06490644976883,20.7416354717932,-1.9106279154439,2.60275178432236,0.357168955719732,0.12041428683652,-1.15814189769496,-9.06490644976883,3.03214305561302,-1.9106279154439,0.956569263925216,-1.02954634383583,-2.11681709171423,1366.20461989474,9,1,"normal",54
"695",24.66638,0.840965900764292,1,0.369843157166044,80,0.119502537979443,-9.06490644976883,20.7416354717932,-1.9106279154439,2.60275178432236,0.357168955719732,0.12041428683652,-1.15814189769496,-9.06490644976883,3.03214305561302,-1.9106279154439,0.956569263925216,-1.02954634383583,-2.11681709171423,1366.20461989474,9,1,"normal",55
"696",17.5717,0.804752348594856,1,0.336398237614434,80,0.119502537979443,-9.06490644976883,20.7416354717932,-1.9106279154439,2.60275178432236,0.357168955719732,0.12041428683652,-1.15814189769496,-9.06490644976883,3.03214305561302,-1.9106279154439,0.956569263925216,-1.02954634383583,-2.11681709171423,1366.20461989474,9,1,"normal",56
"697",-33.9931,0.206797895931774,0,0.370889262812227,80,0.119502537979443,-9.06490644976883,20.7416354717932,-1.9106279154439,2.60275178432236,0.357168955719732,0.12041428683652,-1.15814189769496,-9.06490644976883,3.03214305561302,-1.9106279154439,0.956569263925216,-1.02954634383583,-2.11681709171423,1366.20461989474,9,1,"normal",57
"698",6.796,0.711382858809225,0,0.362320400394587,80,0.119502537979443,-9.06490644976883,20.7416354717932,-1.9106279154439,2.60275178432236,0.357168955719732,0.12041428683652,-1.15814189769496,-9.06490644976883,3.03214305561302,-1.9106279154439,0.956569263925216,-1.02954634383583,-2.11681709171423,1366.20461989474,9,1,"normal",58
"699",-31.557,0.22535327485453,0,0.325728276635816,80,0.119502537979443,-9.06490644976883,20.7416354717932,-1.9106279154439,2.60275178432236,0.357168955719732,0.12041428683652,-1.15814189769496,-9.06490644976883,3.03214305561302,-1.9106279154439,0.956569263925216,-1.02954634383583,-2.11681709171423,1366.20461989474,9,1,"normal",59
"700",16.84428,0.799978785822894,1,0.32854107196284,80,0.119502537979443,-9.06490644976883,20.7416354717932,-1.9106279154439,2.60275178432236,0.357168955719732,0.12041428683652,-1.15814189769496,-9.06490644976883,3.03214305561302,-1.9106279154439,0.956569263925216,-1.02954634383583,-2.11681709171423,1366.20461989474,9,1,"normal",60
"701",4.6614,0.687160955401778,1,0.396434827317029,80,0.119502537979443,-9.06490644976883,20.7416354717932,-1.9106279154439,2.60275178432236,0.357168955719732,0.12041428683652,-1.15814189769496,-9.06490644976883,3.03214305561302,-1.9106279154439,0.956569263925216,-1.02954634383583,-2.11681709171423,1366.20461989474,9,1,"normal",61
"702",-17.30267,0.38252099847458,0,0.374136047147076,80,0.119502537979443,-9.06490644976883,20.7416354717932,-1.9106279154439,2.60275178432236,0.357168955719732,0.12041428683652,-1.15814189769496,-9.06490644976883,3.03214305561302,-1.9106279154439,0.956569263925216,-1.02954634383583,-2.11681709171423,1366.20461989474,9,1,"normal",62
"703",-19.8788,0.348605711394766,0,0.359567083540127,80,0.119502537979443,-9.06490644976883,20.7416354717932,-1.9106279154439,2.60275178432236,0.357168955719732,0.12041428683652,-1.15814189769496,-9.06490644976883,3.03214305561302,-1.9106279154439,0.956569263925216,-1.02954634383583,-2.11681709171423,1366.20461989474,9,1,"normal",63
"704",11.42391,0.757503483410477,1,0.274223453151696,80,0.119502537979443,-9.06490644976883,20.7416354717932,-1.9106279154439,2.60275178432236,0.357168955719732,0.12041428683652,-1.15814189769496,-9.06490644976883,3.03214305561302,-1.9106279154439,0.956569263925216,-1.02954634383583,-2.11681709171423,1366.20461989474,9,1,"normal",64
"705",-28.96054,0.247902077901631,1,0.540934537752086,80,0.119502537979443,-9.06490644976883,20.7416354717932,-1.9106279154439,2.60275178432236,0.357168955719732,0.12041428683652,-1.15814189769496,-9.06490644976883,3.03214305561302,-1.9106279154439,0.956569263925216,-1.02954634383583,-2.11681709171423,1366.20461989474,9,1,"normal",65
"706",1.93423,0.653755579020216,0,0.540433557387942,80,0.119502537979443,-9.06490644976883,20.7416354717932,-1.9106279154439,2.60275178432236,0.357168955719732,0.12041428683652,-1.15814189769496,-9.06490644976883,3.03214305561302,-1.9106279154439,0.956569263925216,-1.02954634383583,-2.11681709171423,1366.20461989474,9,1,"normal",66
"707",24.50217,0.840321213871747,0,0.271127872662602,80,0.119502537979443,-9.06490644976883,20.7416354717932,-1.9106279154439,2.60275178432236,0.357168955719732,0.12041428683652,-1.15814189769496,-9.06490644976883,3.03214305561302,-1.9106279154439,0.956569263925216,-1.02954634383583,-2.11681709171423,1366.20461989474,9,1,"normal",67
"708",-30.68223,0.232628323553536,0,0.429275963120723,80,0.119502537979443,-9.06490644976883,20.7416354717932,-1.9106279154439,2.60275178432236,0.357168955719732,0.12041428683652,-1.15814189769496,-9.06490644976883,3.03214305561302,-1.9106279154439,0.956569263925216,-1.02954634383583,-2.11681709171423,1366.20461989474,9,1,"normal",68
"709",6.35595,0.706535903627765,0,0.272910566494049,80,0.119502537979443,-9.06490644976883,20.7416354717932,-1.9106279154439,2.60275178432236,0.357168955719732,0.12041428683652,-1.15814189769496,-9.06490644976883,3.03214305561302,-1.9106279154439,0.956569263925216,-1.02954634383583,-2.11681709171423,1366.20461989474,9,1,"normal",69
"710",21.36793,0.826347969204143,1,0.251676338847722,80,0.119502537979443,-9.06490644976883,20.7416354717932,-1.9106279154439,2.60275178432236,0.357168955719732,0.12041428683652,-1.15814189769496,-9.06490644976883,3.03214305561302,-1.9106279154439,0.956569263925216,-1.02954634383583,-2.11681709171423,1366.20461989474,9,1,"normal",70
"711",-7.0121,0.529997723651191,1,0.481847419719291,80,0.119502537979443,-9.06490644976883,20.7416354717932,-1.9106279154439,2.60275178432236,0.357168955719732,0.12041428683652,-1.15814189769496,-9.06490644976883,3.03214305561302,-1.9106279154439,0.956569263925216,-1.02954634383583,-2.11681709171423,1366.20461989474,9,1,"normal",71
"712",-44.03,0.154449351089323,0,0.37027206343326,80,0.119502537979443,-9.06490644976883,20.7416354717932,-1.9106279154439,2.60275178432236,0.357168955719732,0.12041428683652,-1.15814189769496,-9.06490644976883,3.03214305561302,-1.9106279154439,0.956569263925216,-1.02954634383583,-2.11681709171423,1366.20461989474,9,1,"normal",72
"713",-26.4463,0.272475199439752,0,0.367174189975641,80,0.119502537979443,-9.06490644976883,20.7416354717932,-1.9106279154439,2.60275178432236,0.357168955719732,0.12041428683652,-1.15814189769496,-9.06490644976883,3.03214305561302,-1.9106279154439,0.956569263925216,-1.02954634383583,-2.11681709171423,1366.20461989474,9,1,"normal",73
"714",14.55621,0.783555962012641,1,0.3564803125718,80,0.119502537979443,-9.06490644976883,20.7416354717932,-1.9106279154439,2.60275178432236,0.357168955719732,0.12041428683652,-1.15814189769496,-9.06490644976883,3.03214305561302,-1.9106279154439,0.956569263925216,-1.02954634383583,-2.11681709171423,1366.20461989474,9,1,"normal",74
"715",23.104473,0.834490733845718,1,0.189709383689397,80,0.119502537979443,-9.06490644976883,20.7416354717932,-1.9106279154439,2.60275178432236,0.357168955719732,0.12041428683652,-1.15814189769496,-9.06490644976883,3.03214305561302,-1.9106279154439,0.956569263925216,-1.02954634383583,-2.11681709171423,1366.20461989474,9,1,"normal",75
"716",18.98985,0.813457879096418,1,0.392952376059519,80,0.119502537979443,-9.06490644976883,20.7416354717932,-1.9106279154439,2.60275178432236,0.357168955719732,0.12041428683652,-1.15814189769496,-9.06490644976883,3.03214305561302,-1.9106279154439,0.956569263925216,-1.02954634383583,-2.11681709171423,1366.20461989474,9,1,"normal",76
"717",11.6515,0.759537506622206,1,0.419206317206399,80,0.119502537979443,-9.06490644976883,20.7416354717932,-1.9106279154439,2.60275178432236,0.357168955719732,0.12041428683652,-1.15814189769496,-9.06490644976883,3.03214305561302,-1.9106279154439,0.956569263925216,-1.02954634383583,-2.11681709171423,1366.20461989474,9,1,"normal",77
"718",-34.0338,0.206508909397597,0,0.257280887657612,80,0.119502537979443,-9.06490644976883,20.7416354717932,-1.9106279154439,2.60275178432236,0.357168955719732,0.12041428683652,-1.15814189769496,-9.06490644976883,3.03214305561302,-1.9106279154439,0.956569263925216,-1.02954634383583,-2.11681709171423,1366.20461989474,9,1,"normal",78
"719",10.03608,0.744620951741236,0,0.443055488662628,80,0.119502537979443,-9.06490644976883,20.7416354717932,-1.9106279154439,2.60275178432236,0.357168955719732,0.12041428683652,-1.15814189769496,-9.06490644976883,3.03214305561302,-1.9106279154439,0.956569263925216,-1.02954634383583,-2.11681709171423,1366.20461989474,9,1,"normal",79
"720",9.33221,0.737773838272853,0,0.285240351209314,80,0.119502537979443,-9.06490644976883,20.7416354717932,-1.9106279154439,2.60275178432236,0.357168955719732,0.12041428683652,-1.15814189769496,-9.06490644976883,3.03214305561302,-1.9106279154439,0.956569263925216,-1.02954634383583,-2.11681709171423,1366.20461989474,9,1,"normal",80
"721",-8.969333051,0.48169731164347,1,0.694388521612002,80,0.0164725587880501,-8.42046923106562,11.5650602999404,-1.98284212911511,2.6091968403619,0.249710864953723,0.46341060276435,-3.37941217597359,-8.42046923106562,2.44798850967244,-1.98284212911511,0.959042449978584,-1.3874515706137,-0.769141786873688,372.541448416437,10,1,"normal",1
"722",-10.5276660803,0.430092987634447,1,0.679676860333419,80,0.0164725587880501,-8.42046923106562,11.5650602999404,-1.98284212911511,2.6091968403619,0.249710864953723,0.46341060276435,-3.37941217597359,-8.42046923106562,2.44798850967244,-1.98284212911511,0.959042449978584,-1.3874515706137,-0.769141786873688,372.541448416437,10,1,"normal",2
"723",-18.7528272554,0.196169168744345,0,0.658188415113683,80,0.0164725587880501,-8.42046923106562,11.5650602999404,-1.98284212911511,2.6091968403619,0.249710864953723,0.46341060276435,-3.37941217597359,-8.42046923106562,2.44798850967244,-1.98284212911511,0.959042449978584,-1.3874515706137,-0.769141786873688,372.541448416437,10,1,"normal",3
"724",-12.712608095,0.360038550090103,0,0.702610864113463,80,0.0164725587880501,-8.42046923106562,11.5650602999404,-1.98284212911511,2.6091968403619,0.249710864953723,0.46341060276435,-3.37941217597359,-8.42046923106562,2.44798850967244,-1.98284212911511,0.959042449978584,-1.3874515706137,-0.769141786873688,372.541448416437,10,1,"normal",4
"725",28.94498,0.982930744218335,1,0.590686043493618,80,0.0164725587880501,-8.42046923106562,11.5650602999404,-1.98284212911511,2.6091968403619,0.249710864953723,0.46341060276435,-3.37941217597359,-8.42046923106562,2.44798850967244,-1.98284212911511,0.959042449978584,-1.3874515706137,-0.769141786873688,372.541448416437,10,1,"normal",5
"726",7.62185,0.903551957871942,1,0.624170022313434,80,0.0164725587880501,-8.42046923106562,11.5650602999404,-1.98284212911511,2.6091968403619,0.249710864953723,0.46341060276435,-3.37941217597359,-8.42046923106562,2.44798850967244,-1.98284212911511,0.959042449978584,-1.3874515706137,-0.769141786873688,372.541448416437,10,1,"normal",6
"727",-15.83091,0.268718143558216,0,0.71296883300723,80,0.0164725587880501,-8.42046923106562,11.5650602999404,-1.98284212911511,2.6091968403619,0.249710864953723,0.46341060276435,-3.37941217597359,-8.42046923106562,2.44798850967244,-1.98284212911511,0.959042449978584,-1.3874515706137,-0.769141786873688,372.541448416437,10,1,"normal",7
"728",-9.26994,0.471687947570558,0,0.776982687312455,80,0.0164725587880501,-8.42046923106562,11.5650602999404,-1.98284212911511,2.6091968403619,0.249710864953723,0.46341060276435,-3.37941217597359,-8.42046923106562,2.44798850967244,-1.98284212911511,0.959042449978584,-1.3874515706137,-0.769141786873688,372.541448416437,10,1,"normal",8
"729",-12.20883,0.375848141525511,0,0.686445936643811,80,0.0164725587880501,-8.42046923106562,11.5650602999404,-1.98284212911511,2.6091968403619,0.249710864953723,0.46341060276435,-3.37941217597359,-8.42046923106562,2.44798850967244,-1.98284212911511,0.959042449978584,-1.3874515706137,-0.769141786873688,372.541448416437,10,1,"normal",9
"730",-7.40603,0.533797353365521,0,0.712884729381752,80,0.0164725587880501,-8.42046923106562,11.5650602999404,-1.98284212911511,2.6091968403619,0.249710864953723,0.46341060276435,-3.37941217597359,-8.42046923106562,2.44798850967244,-1.98284212911511,0.959042449978584,-1.3874515706137,-0.769141786873688,372.541448416437,10,1,"normal",10
"731",17.53948,0.971541673673339,1,0.583031958297518,80,0.0164725587880501,-8.42046923106562,11.5650602999404,-1.98284212911511,2.6091968403619,0.249710864953723,0.46341060276435,-3.37941217597359,-8.42046923106562,2.44798850967244,-1.98284212911511,0.959042449978584,-1.3874515706137,-0.769141786873688,372.541448416437,10,1,"normal",11
"732",39.2683,0.983509399623597,1,0.633035172344098,80,0.0164725587880501,-8.42046923106562,11.5650602999404,-1.98284212911511,2.6091968403619,0.249710864953723,0.46341060276435,-3.37941217597359,-8.42046923106562,2.44798850967244,-1.98284212911511,0.959042449978584,-1.3874515706137,-0.769141786873688,372.541448416437,10,1,"normal",12
"733",1.02862,0.783392080017955,1,0.628845273939064,80,0.0164725587880501,-8.42046923106562,11.5650602999404,-1.98284212911511,2.6091968403619,0.249710864953723,0.46341060276435,-3.37941217597359,-8.42046923106562,2.44798850967244,-1.98284212911511,0.959042449978584,-1.3874515706137,-0.769141786873688,372.541448416437,10,1,"normal",13
"734",9.24557,0.922299363790486,0,0.649085424149563,80,0.0164725587880501,-8.42046923106562,11.5650602999404,-1.98284212911511,2.6091968403619,0.249710864953723,0.46341060276435,-3.37941217597359,-8.42046923106562,2.44798850967244,-1.98284212911511,0.959042449978584,-1.3874515706137,-0.769141786873688,372.541448416437,10,1,"normal",14
"735",15.69648,0.965617828022582,1,0.633465669292546,80,0.0164725587880501,-8.42046923106562,11.5650602999404,-1.98284212911511,2.6091968403619,0.249710864953723,0.46341060276435,-3.37941217597359,-8.42046923106562,2.44798850967244,-1.98284212911511,0.959042449978584,-1.3874515706137,-0.769141786873688,372.541448416437,10,1,"normal",15
"736",12.30012,0.948138855871325,1,0.600870286163535,80,0.0164725587880501,-8.42046923106562,11.5650602999404,-1.98284212911511,2.6091968403619,0.249710864953723,0.46341060276435,-3.37941217597359,-8.42046923106562,2.44798850967244,-1.98284212911511,0.959042449978584,-1.3874515706137,-0.769141786873688,372.541448416437,10,1,"normal",16
"737",-4.441621,0.630157905460372,0,0.829726767094987,80,0.0164725587880501,-8.42046923106562,11.5650602999404,-1.98284212911511,2.6091968403619,0.249710864953723,0.46341060276435,-3.37941217597359,-8.42046923106562,2.44798850967244,-1.98284212911511,0.959042449978584,-1.3874515706137,-0.769141786873688,372.541448416437,10,1,"normal",17
"738",10.78673,0.936743965862172,1,0.587138708253724,80,0.0164725587880501,-8.42046923106562,11.5650602999404,-1.98284212911511,2.6091968403619,0.249710864953723,0.46341060276435,-3.37941217597359,-8.42046923106562,2.44798850967244,-1.98284212911511,0.959042449978584,-1.3874515706137,-0.769141786873688,372.541448416437,10,1,"normal",18
"739",8.16776,0.910285003604899,1,0.601173810177537,80,0.0164725587880501,-8.42046923106562,11.5650602999404,-1.98284212911511,2.6091968403619,0.249710864953723,0.46341060276435,-3.37941217597359,-8.42046923106562,2.44798850967244,-1.98284212911511,0.959042449978584,-1.3874515706137,-0.769141786873688,372.541448416437,10,1,"normal",19
"740",-22.8673,0.11878677255992,0,0.65881009720176,80,0.0164725587880501,-8.42046923106562,11.5650602999404,-1.98284212911511,2.6091968403619,0.249710864953723,0.46341060276435,-3.37941217597359,-8.42046923106562,2.44798850967244,-1.98284212911511,0.959042449978584,-1.3874515706137,-0.769141786873688,372.541448416437,10,1,"normal",20
"741",4.11087,0.848834260545467,0,0.687056114948318,80,0.0164725587880501,-8.42046923106562,11.5650602999404,-1.98284212911511,2.6091968403619,0.249710864953723,0.46341060276435,-3.37941217597359,-8.42046923106562,2.44798850967244,-1.98284212911511,0.959042449978584,-1.3874515706137,-0.769141786873688,372.541448416437,10,1,"normal",21
"742",32.75103,0.98334811592644,1,0.599729796065138,80,0.0164725587880501,-8.42046923106562,11.5650602999404,-1.98284212911511,2.6091968403619,0.249710864953723,0.46341060276435,-3.37941217597359,-8.42046923106562,2.44798850967244,-1.98284212911511,0.959042449978584,-1.3874515706137,-0.769141786873688,372.541448416437,10,1,"normal",22
"743",8.35265,0.912464693205313,1,0.587860735324682,80,0.0164725587880501,-8.42046923106562,11.5650602999404,-1.98284212911511,2.6091968403619,0.249710864953723,0.46341060276435,-3.37941217597359,-8.42046923106562,2.44798850967244,-1.98284212911511,0.959042449978584,-1.3874515706137,-0.769141786873688,372.541448416437,10,1,"normal",23
"744",-7.2897,0.537661337801528,1,0.782432251491158,80,0.0164725587880501,-8.42046923106562,11.5650602999404,-1.98284212911511,2.6091968403619,0.249710864953723,0.46341060276435,-3.37941217597359,-8.42046923106562,2.44798850967244,-1.98284212911511,0.959042449978584,-1.3874515706137,-0.769141786873688,372.541448416437,10,1,"normal",24
"745",-21.2155,0.146335493526052,0,0.689610972895055,80,0.0164725587880501,-8.42046923106562,11.5650602999404,-1.98284212911511,2.6091968403619,0.249710864953723,0.46341060276435,-3.37941217597359,-8.42046923106562,2.44798850967244,-1.98284212911511,0.959042449978584,-1.3874515706137,-0.769141786873688,372.541448416437,10,1,"normal",25
"746",-3.1138828253,0.671002156296079,1,0.887919355683845,80,0.0164725587880501,-8.42046923106562,11.5650602999404,-1.98284212911511,2.6091968403619,0.249710864953723,0.46341060276435,-3.37941217597359,-8.42046923106562,2.44798850967244,-1.98284212911511,0.959042449978584,-1.3874515706137,-0.769141786873688,372.541448416437,10,1,"normal",26
"747",-14.34459,0.310689808748994,0,0.797428996277631,80,0.0164725587880501,-8.42046923106562,11.5650602999404,-1.98284212911511,2.6091968403619,0.249710864953723,0.46341060276435,-3.37941217597359,-8.42046923106562,2.44798850967244,-1.98284212911511,0.959042449978584,-1.3874515706137,-0.769141786873688,372.541448416437,10,1,"normal",27
"748",-16.874263,0.241212808753913,0,0.750884657956479,80,0.0164725587880501,-8.42046923106562,11.5650602999404,-1.98284212911511,2.6091968403619,0.249710864953723,0.46341060276435,-3.37941217597359,-8.42046923106562,2.44798850967244,-1.98284212911511,0.959042449978584,-1.3874515706137,-0.769141786873688,372.541448416437,10,1,"normal",28
"749",-17.01598,0.237609901737992,0,0.681997888476129,80,0.0164725587880501,-8.42046923106562,11.5650602999404,-1.98284212911511,2.6091968403619,0.249710864953723,0.46341060276435,-3.37941217597359,-8.42046923106562,2.44798850967244,-1.98284212911511,0.959042449978584,-1.3874515706137,-0.769141786873688,372.541448416437,10,1,"normal",29
"750",7.62915,0.903644966350961,1,0.72019190074105,80,0.0164725587880501,-8.42046923106562,11.5650602999404,-1.98284212911511,2.6091968403619,0.249710864953723,0.46341060276435,-3.37941217597359,-8.42046923106562,2.44798850967244,-1.98284212911511,0.959042449978584,-1.3874515706137,-0.769141786873688,372.541448416437,10,1,"normal",30
"751",-13.97396,0.321621085976062,0,0.737007172496769,80,0.0164725587880501,-8.42046923106562,11.5650602999404,-1.98284212911511,2.6091968403619,0.249710864953723,0.46341060276435,-3.37941217597359,-8.42046923106562,2.44798850967244,-1.98284212911511,0.959042449978584,-1.3874515706137,-0.769141786873688,372.541448416437,10,1,"normal",31
"752",3.89112,0.844716649996319,1,0.600428065075508,80,0.0164725587880501,-8.42046923106562,11.5650602999404,-1.98284212911511,2.6091968403619,0.249710864953723,0.46341060276435,-3.37941217597359,-8.42046923106562,2.44798850967244,-1.98284212911511,0.959042449978584,-1.3874515706137,-0.769141786873688,372.541448416437,10,1,"normal",32
"753",-12.09677,0.379396653113871,0,0.715176659928296,80,0.0164725587880501,-8.42046923106562,11.5650602999404,-1.98284212911511,2.6091968403619,0.249710864953723,0.46341060276435,-3.37941217597359,-8.42046923106562,2.44798850967244,-1.98284212911511,0.959042449978584,-1.3874515706137,-0.769141786873688,372.541448416437,10,1,"normal",33
"754",-0.27227,0.750908004867246,1,0.685830270781527,80,0.0164725587880501,-8.42046923106562,11.5650602999404,-1.98284212911511,2.6091968403619,0.249710864953723,0.46341060276435,-3.37941217597359,-8.42046923106562,2.44798850967244,-1.98284212911511,0.959042449978584,-1.3874515706137,-0.769141786873688,372.541448416437,10,1,"normal",34
"755",-5.75493,0.588138744782433,1,0.702687637189447,80,0.0164725587880501,-8.42046923106562,11.5650602999404,-1.98284212911511,2.6091968403619,0.249710864953723,0.46341060276435,-3.37941217597359,-8.42046923106562,2.44798850967244,-1.98284212911511,0.959042449978584,-1.3874515706137,-0.769141786873688,372.541448416437,10,1,"normal",35
"756",-5.791356,0.586955031822179,1,0.704114375952629,80,0.0164725587880501,-8.42046923106562,11.5650602999404,-1.98284212911511,2.6091968403619,0.249710864953723,0.46341060276435,-3.37941217597359,-8.42046923106562,2.44798850967244,-1.98284212911511,0.959042449978584,-1.3874515706137,-0.769141786873688,372.541448416437,10,1,"normal",36
"757",-9.33858,0.469404863962807,0,0.716903704764136,80,0.0164725587880501,-8.42046923106562,11.5650602999404,-1.98284212911511,2.6091968403619,0.249710864953723,0.46341060276435,-3.37941217597359,-8.42046923106562,2.44798850967244,-1.98284212911511,0.959042449978584,-1.3874515706137,-0.769141786873688,372.541448416437,10,1,"normal",37
"758",-0.96688,0.732452712214661,1,0.743568412185323,80,0.0164725587880501,-8.42046923106562,11.5650602999404,-1.98284212911511,2.6091968403619,0.249710864953723,0.46341060276435,-3.37941217597359,-8.42046923106562,2.44798850967244,-1.98284212911511,0.959042449978584,-1.3874515706137,-0.769141786873688,372.541448416437,10,1,"normal",38
"759",-0.0329699999999988,0.757090623819287,1,0.875878924054797,80,0.0164725587880501,-8.42046923106562,11.5650602999404,-1.98284212911511,2.6091968403619,0.249710864953723,0.46341060276435,-3.37941217597359,-8.42046923106562,2.44798850967244,-1.98284212911511,0.959042449978584,-1.3874515706137,-0.769141786873688,372.541448416437,10,1,"normal",39
"760",-2.42932,0.691268349158644,1,0.656167862502127,80,0.0164725587880501,-8.42046923106562,11.5650602999404,-1.98284212911511,2.6091968403619,0.249710864953723,0.46341060276435,-3.37941217597359,-8.42046923106562,2.44798850967244,-1.98284212911511,0.959042449978584,-1.3874515706137,-0.769141786873688,372.541448416437,10,1,"normal",40
"761",-14.01243,0.320478427720133,0,0.76518985648302,80,0.0164725587880501,-8.42046923106562,11.5650602999404,-1.98284212911511,2.6091968403619,0.249710864953723,0.46341060276435,-3.37941217597359,-8.42046923106562,2.44798850967244,-1.98284212911511,0.959042449978584,-1.3874515706137,-0.769141786873688,372.541448416437,10,1,"normal",41
"762",-12.16904,0.377106866466384,1,0.734435601413072,80,0.0164725587880501,-8.42046923106562,11.5650602999404,-1.98284212911511,2.6091968403619,0.249710864953723,0.46341060276435,-3.37941217597359,-8.42046923106562,2.44798850967244,-1.98284212911511,0.959042449978584,-1.3874515706137,-0.769141786873688,372.541448416437,10,1,"normal",42
"763",-0.30315,0.750103538657817,1,0.638309737844248,80,0.0164725587880501,-8.42046923106562,11.5650602999404,-1.98284212911511,2.6091968403619,0.249710864953723,0.46341060276435,-3.37941217597359,-8.42046923106562,2.44798850967244,-1.98284212911511,0.959042449978584,-1.3874515706137,-0.769141786873688,372.541448416437,10,1,"normal",43
"764",-6.35779,0.568445886780312,0,0.695319544234109,80,0.0164725587880501,-8.42046923106562,11.5650602999404,-1.98284212911511,2.6091968403619,0.249710864953723,0.46341060276435,-3.37941217597359,-8.42046923106562,2.44798850967244,-1.98284212911511,0.959042449978584,-1.3874515706137,-0.769141786873688,372.541448416437,10,1,"normal",44
"765",-11.84115,0.387531643615997,0,0.687899565633048,80,0.0164725587880501,-8.42046923106562,11.5650602999404,-1.98284212911511,2.6091968403619,0.249710864953723,0.46341060276435,-3.37941217597359,-8.42046923106562,2.44798850967244,-1.98284212911511,0.959042449978584,-1.3874515706137,-0.769141786873688,372.541448416437,10,1,"normal",45
"766",1.73012,0.799734039463748,1,0.655297940771602,80,0.0164725587880501,-8.42046923106562,11.5650602999404,-1.98284212911511,2.6091968403619,0.249710864953723,0.46341060276435,-3.37941217597359,-8.42046923106562,2.44798850967244,-1.98284212911511,0.959042449978584,-1.3874515706137,-0.769141786873688,372.541448416437,10,1,"normal",46
"767",4.2063,0.850596253314385,1,0.690683328858833,80,0.0164725587880501,-8.42046923106562,11.5650602999404,-1.98284212911511,2.6091968403619,0.249710864953723,0.46341060276435,-3.37941217597359,-8.42046923106562,2.44798850967244,-1.98284212911511,0.959042449978584,-1.3874515706137,-0.769141786873688,372.541448416437,10,1,"normal",47
"768",-13.95428,0.322206339611048,0,0.679274975835884,80,0.0164725587880501,-8.42046923106562,11.5650602999404,-1.98284212911511,2.6091968403619,0.249710864953723,0.46341060276435,-3.37941217597359,-8.42046923106562,2.44798850967244,-1.98284212911511,0.959042449978584,-1.3874515706137,-0.769141786873688,372.541448416437,10,1,"normal",48
"769",2.55017,0.817763075612823,0,0.676662727356955,80,0.0164725587880501,-8.42046923106562,11.5650602999404,-1.98284212911511,2.6091968403619,0.249710864953723,0.46341060276435,-3.37941217597359,-8.42046923106562,2.44798850967244,-1.98284212911511,0.959042449978584,-1.3874515706137,-0.769141786873688,372.541448416437,10,1,"normal",49
"770",-4.6433,0.623797965826434,1,0.714588664346076,80,0.0164725587880501,-8.42046923106562,11.5650602999404,-1.98284212911511,2.6091968403619,0.249710864953723,0.46341060276435,-3.37941217597359,-8.42046923106562,2.44798850967244,-1.98284212911511,0.959042449978584,-1.3874515706137,-0.769141786873688,372.541448416437,10,1,"normal",50
"771",-2.38409,0.692586376346477,1,0.633945628688485,80,0.0164725587880501,-8.42046923106562,11.5650602999404,-1.98284212911511,2.6091968403619,0.249710864953723,0.46341060276435,-3.37941217597359,-8.42046923106562,2.44798850967244,-1.98284212911511,0.959042449978584,-1.3874515706137,-0.769141786873688,372.541448416437,10,1,"normal",51
"772",-4.89436,0.615830241260564,1,0.671701826178532,80,0.0164725587880501,-8.42046923106562,11.5650602999404,-1.98284212911511,2.6091968403619,0.249710864953723,0.46341060276435,-3.37941217597359,-8.42046923106562,2.44798850967244,-1.98284212911511,0.959042449978584,-1.3874515706137,-0.769141786873688,372.541448416437,10,1,"normal",52
"773",3.65474,0.840193499172633,1,0.656720997633852,80,0.0164725587880501,-8.42046923106562,11.5650602999404,-1.98284212911511,2.6091968403619,0.249710864953723,0.46341060276435,-3.37941217597359,-8.42046923106562,2.44798850967244,-1.98284212911511,0.959042449978584,-1.3874515706137,-0.769141786873688,372.541448416437,10,1,"normal",53
"774",-9.38253,0.467943571651966,1,0.709679646240256,80,0.0164725587880501,-8.42046923106562,11.5650602999404,-1.98284212911511,2.6091968403619,0.249710864953723,0.46341060276435,-3.37941217597359,-8.42046923106562,2.44798850967244,-1.98284212911511,0.959042449978584,-1.3874515706137,-0.769141786873688,372.541448416437,10,1,"normal",54
"775",-13.12079,0.347413688654969,1,0.675762016541545,80,0.0164725587880501,-8.42046923106562,11.5650602999404,-1.98284212911511,2.6091968403619,0.249710864953723,0.46341060276435,-3.37941217597359,-8.42046923106562,2.44798850967244,-1.98284212911511,0.959042449978584,-1.3874515706137,-0.769141786873688,372.541448416437,10,1,"normal",55
"776",-11.83778,0.387639256670487,0,0.600084854858189,80,0.0164725587880501,-8.42046923106562,11.5650602999404,-1.98284212911511,2.6091968403619,0.249710864953723,0.46341060276435,-3.37941217597359,-8.42046923106562,2.44798850967244,-1.98284212911511,0.959042449978584,-1.3874515706137,-0.769141786873688,372.541448416437,10,1,"normal",56
"777",-7.15849,0.542014994198063,0,0.712531953425843,80,0.0164725587880501,-8.42046923106562,11.5650602999404,-1.98284212911511,2.6091968403619,0.249710864953723,0.46341060276435,-3.37941217597359,-8.42046923106562,2.44798850967244,-1.98284212911511,0.959042449978584,-1.3874515706137,-0.769141786873688,372.541448416437,10,1,"normal",57
"778",-12.52054,0.366037542705634,0,0.740499549297538,80,0.0164725587880501,-8.42046923106562,11.5650602999404,-1.98284212911511,2.6091968403619,0.249710864953723,0.46341060276435,-3.37941217597359,-8.42046923106562,2.44798850967244,-1.98284212911511,0.959042449978584,-1.3874515706137,-0.769141786873688,372.541448416437,10,1,"normal",58
"779",0.13106,0.761275428796156,1,0.647094501685577,80,0.0164725587880501,-8.42046923106562,11.5650602999404,-1.98284212911511,2.6091968403619,0.249710864953723,0.46341060276435,-3.37941217597359,-8.42046923106562,2.44798850967244,-1.98284212911511,0.959042449978584,-1.3874515706137,-0.769141786873688,372.541448416437,10,1,"normal",59
"780",1.87375,0.802975969491441,1,0.719604978397613,80,0.0164725587880501,-8.42046923106562,11.5650602999404,-1.98284212911511,2.6091968403619,0.249710864953723,0.46341060276435,-3.37941217597359,-8.42046923106562,2.44798850967244,-1.98284212911511,0.959042449978584,-1.3874515706137,-0.769141786873688,372.541448416437,10,1,"normal",60
"781",-10.64236,0.426333355509904,0,0.723568876207933,80,0.0164725587880501,-8.42046923106562,11.5650602999404,-1.98284212911511,2.6091968403619,0.249710864953723,0.46341060276435,-3.37941217597359,-8.42046923106562,2.44798850967244,-1.98284212911511,0.959042449978584,-1.3874515706137,-0.769141786873688,372.541448416437,10,1,"normal",61
"782",-2.43921,0.69097979243706,1,0.740426023987967,80,0.0164725587880501,-8.42046923106562,11.5650602999404,-1.98284212911511,2.6091968403619,0.249710864953723,0.46341060276435,-3.37941217597359,-8.42046923106562,2.44798850967244,-1.98284212911511,0.959042449978584,-1.3874515706137,-0.769141786873688,372.541448416437,10,1,"normal",62
"783",-12.93015,0.353288510376716,0,0.74193634396176,80,0.0164725587880501,-8.42046923106562,11.5650602999404,-1.98284212911511,2.6091968403619,0.249710864953723,0.46341060276435,-3.37941217597359,-8.42046923106562,2.44798850967244,-1.98284212911511,0.959042449978584,-1.3874515706137,-0.769141786873688,372.541448416437,10,1,"normal",63
"784",-5.48472,0.596892030905025,1,0.78154462110015,80,0.0164725587880501,-8.42046923106562,11.5650602999404,-1.98284212911511,2.6091968403619,0.249710864953723,0.46341060276435,-3.37941217597359,-8.42046923106562,2.44798850967244,-1.98284212911511,0.959042449978584,-1.3874515706137,-0.769141786873688,372.541448416437,10,1,"normal",64
"785",-14.61356,0.302867844251506,0,0.668281813062635,80,0.0164725587880501,-8.42046923106562,11.5650602999404,-1.98284212911511,2.6091968403619,0.249710864953723,0.46341060276435,-3.37941217597359,-8.42046923106562,2.44798850967244,-1.98284212911511,0.959042449978584,-1.3874515706137,-0.769141786873688,372.541448416437,10,1,"normal",65
"786",-9.00726,0.480433630425433,1,0.739965924134293,80,0.0164725587880501,-8.42046923106562,11.5650602999404,-1.98284212911511,2.6091968403619,0.249710864953723,0.46341060276435,-3.37941217597359,-8.42046923106562,2.44798850967244,-1.98284212911511,0.959042449978584,-1.3874515706137,-0.769141786873688,372.541448416437,10,1,"normal",66
"787",-5.35892,0.600949856489066,1,0.682243528794075,80,0.0164725587880501,-8.42046923106562,11.5650602999404,-1.98284212911511,2.6091968403619,0.249710864953723,0.46341060276435,-3.37941217597359,-8.42046923106562,2.44798850967244,-1.98284212911511,0.959042449978584,-1.3874515706137,-0.769141786873688,372.541448416437,10,1,"normal",67
"788",-5.87831,0.584125935131192,0,0.672365887819315,80,0.0164725587880501,-8.42046923106562,11.5650602999404,-1.98284212911511,2.6091968403619,0.249710864953723,0.46341060276435,-3.37941217597359,-8.42046923106562,2.44798850967244,-1.98284212911511,0.959042449978584,-1.3874515706137,-0.769141786873688,372.541448416437,10,1,"normal",68
"789",-12.50114,0.366645469923855,1,0.669066645998044,80,0.0164725587880501,-8.42046923106562,11.5650602999404,-1.98284212911511,2.6091968403619,0.249710864953723,0.46341060276435,-3.37941217597359,-8.42046923106562,2.44798850967244,-1.98284212911511,0.959042449978584,-1.3874515706137,-0.769141786873688,372.541448416437,10,1,"normal",69
"790",-1.85636,0.707762328159498,0,0.647265535232245,80,0.0164725587880501,-8.42046923106562,11.5650602999404,-1.98284212911511,2.6091968403619,0.249710864953723,0.46341060276435,-3.37941217597359,-8.42046923106562,2.44798850967244,-1.98284212911511,0.959042449978584,-1.3874515706137,-0.769141786873688,372.541448416437,10,1,"normal",70
"791",-10.46798,0.432052191948053,1,0.7204823771161,80,0.0164725587880501,-8.42046923106562,11.5650602999404,-1.98284212911511,2.6091968403619,0.249710864953723,0.46341060276435,-3.37941217597359,-8.42046923106562,2.44798850967244,-1.98284212911511,0.959042449978584,-1.3874515706137,-0.769141786873688,372.541448416437,10,1,"normal",71
"792",-4.03289,0.642928782868757,1,0.83372876230441,80,0.0164725587880501,-8.42046923106562,11.5650602999404,-1.98284212911511,2.6091968403619,0.249710864953723,0.46341060276435,-3.37941217597359,-8.42046923106562,2.44798850967244,-1.98284212911511,0.959042449978584,-1.3874515706137,-0.769141786873688,372.541448416437,10,1,"normal",72
"793",-9.98195,0.448068361498177,1,0.79248865584773,80,0.0164725587880501,-8.42046923106562,11.5650602999404,-1.98284212911511,2.6091968403619,0.249710864953723,0.46341060276435,-3.37941217597359,-8.42046923106562,2.44798850967244,-1.98284212911511,0.959042449978584,-1.3874515706137,-0.769141786873688,372.541448416437,10,1,"normal",73
"794",-6.91527,0.550070572804942,1,0.710454683765577,80,0.0164725587880501,-8.42046923106562,11.5650602999404,-1.98284212911511,2.6091968403619,0.249710864953723,0.46341060276435,-3.37941217597359,-8.42046923106562,2.44798850967244,-1.98284212911511,0.959042449978584,-1.3874515706137,-0.769141786873688,372.541448416437,10,1,"normal",74
"795",-13.13716,0.346911035535914,0,0.673499600265033,80,0.0164725587880501,-8.42046923106562,11.5650602999404,-1.98284212911511,2.6091968403619,0.249710864953723,0.46341060276435,-3.37941217597359,-8.42046923106562,2.44798850967244,-1.98284212911511,0.959042449978584,-1.3874515706137,-0.769141786873688,372.541448416437,10,1,"normal",75
"796",-5.65521,0.591374855784127,0,0.752477791504072,80,0.0164725587880501,-8.42046923106562,11.5650602999404,-1.98284212911511,2.6091968403619,0.249710864953723,0.46341060276435,-3.37941217597359,-8.42046923106562,2.44798850967244,-1.98284212911511,0.959042449978584,-1.3874515706137,-0.769141786873688,372.541448416437,10,1,"normal",76
"797",-16.08142,0.261959820896578,0,0.625321212783955,80,0.0164725587880501,-8.42046923106562,11.5650602999404,-1.98284212911511,2.6091968403619,0.249710864953723,0.46341060276435,-3.37941217597359,-8.42046923106562,2.44798850967244,-1.98284212911511,0.959042449978584,-1.3874515706137,-0.769141786873688,372.541448416437,10,1,"normal",77
"798",-1.33708,0.722316720884657,1,0.641478617243959,80,0.0164725587880501,-8.42046923106562,11.5650602999404,-1.98284212911511,2.6091968403619,0.249710864953723,0.46341060276435,-3.37941217597359,-8.42046923106562,2.44798850967244,-1.98284212911511,0.959042449978584,-1.3874515706137,-0.769141786873688,372.541448416437,10,1,"normal",78
"799",-15.65929,0.273402785738935,0,0.691635844596882,80,0.0164725587880501,-8.42046923106562,11.5650602999404,-1.98284212911511,2.6091968403619,0.249710864953723,0.46341060276435,-3.37941217597359,-8.42046923106562,2.44798850967244,-1.98284212911511,0.959042449978584,-1.3874515706137,-0.769141786873688,372.541448416437,10,1,"normal",79
"800",-6.09741,0.576976987507343,1,0.769608786436601,80,0.0164725587880501,-8.42046923106562,11.5650602999404,-1.98284212911511,2.6091968403619,0.249710864953723,0.46341060276435,-3.37941217597359,-8.42046923106562,2.44798850967244,-1.98284212911511,0.959042449978584,-1.3874515706137,-0.769141786873688,372.541448416437,10,1,"normal",80
"801",-8.2613831666,0.84740541181293,1,0.70052931684998,80,0.00259024213664222,-20.0565987422468,11.4176304935488,-1.93948807634542,2.93713775592288,0.266643562751074,0.481947056310995,-5.25766278852317,-20.0565987422468,2.43515869526932,-1.93948807634542,1.07743555473346,-1.32184248341923,-0.72992101264301,49.7178776551891,11,1,"normal",1
"802",-11.195877518,0.779685602008773,1,0.797733705715905,80,0.00259024213664222,-20.0565987422468,11.4176304935488,-1.93948807634542,2.93713775592288,0.266643562751074,0.481947056310995,-5.25766278852317,-20.0565987422468,2.43515869526932,-1.93948807634542,1.07743555473346,-1.32184248341923,-0.72992101264301,49.7178776551891,11,1,"normal",2
"803",-16.762342288,0.612938911086116,0,0.703914022625837,80,0.00259024213664222,-20.0565987422468,11.4176304935488,-1.93948807634542,2.93713775592288,0.266643562751074,0.481947056310995,-5.25766278852317,-20.0565987422468,2.43515869526932,-1.93948807634542,1.07743555473346,-1.32184248341923,-0.72992101264301,49.7178776551891,11,1,"normal",3
"804",-13.084781716,0.72808618184546,1,0.721450267032693,80,0.00259024213664222,-20.0565987422468,11.4176304935488,-1.93948807634542,2.93713775592288,0.266643562751074,0.481947056310995,-5.25766278852317,-20.0565987422468,2.43515869526932,-1.93948807634542,1.07743555473346,-1.32184248341923,-0.72992101264301,49.7178776551891,11,1,"normal",4
"805",-5.61572,0.894969492768766,1,0.642455170806077,80,0.00259024213664222,-20.0565987422468,11.4176304935488,-1.93948807634542,2.93713775592288,0.266643562751074,0.481947056310995,-5.25766278852317,-20.0565987422468,2.43515869526932,-1.93948807634542,1.07743555473346,-1.32184248341923,-0.72992101264301,49.7178776551891,11,1,"normal",5
"806",-16.199683786,0.631559254825706,1,0.799442248687957,80,0.00259024213664222,-20.0565987422468,11.4176304935488,-1.93948807634542,2.93713775592288,0.266643562751074,0.481947056310995,-5.25766278852317,-20.0565987422468,2.43515869526932,-1.93948807634542,1.07743555473346,-1.32184248341923,-0.72992101264301,49.7178776551891,11,1,"normal",6
"807",-19.35443391,0.524391795385863,1,0.752008362564452,80,0.00259024213664222,-20.0565987422468,11.4176304935488,-1.93948807634542,2.93713775592288,0.266643562751074,0.481947056310995,-5.25766278852317,-20.0565987422468,2.43515869526932,-1.93948807634542,1.07743555473346,-1.32184248341923,-0.72992101264301,49.7178776551891,11,1,"normal",7
"808",-23.59870771,0.378823469945926,1,0.743163789524521,80,0.00259024213664222,-20.0565987422468,11.4176304935488,-1.93948807634542,2.93713775592288,0.266643562751074,0.481947056310995,-5.25766278852317,-20.0565987422468,2.43515869526932,-1.93948807634542,1.07743555473346,-1.32184248341923,-0.72992101264301,49.7178776551891,11,1,"normal",8
"809",-13.3063,0.721658250243737,1,0.716952771434407,80,0.00259024213664222,-20.0565987422468,11.4176304935488,-1.93948807634542,2.93713775592288,0.266643562751074,0.481947056310995,-5.25766278852317,-20.0565987422468,2.43515869526932,-1.93948807634542,1.07743555473346,-1.32184248341923,-0.72992101264301,49.7178776551891,11,1,"normal",9
"810",-27.3198,0.263574058257446,0,0.831313002253756,80,0.00259024213664222,-20.0565987422468,11.4176304935488,-1.93948807634542,2.93713775592288,0.266643562751074,0.481947056310995,-5.25766278852317,-20.0565987422468,2.43515869526932,-1.93948807634542,1.07743555473346,-1.32184248341923,-0.72992101264301,49.7178776551891,11,1,"normal",10
"811",-23.82815,0.371246935774925,0,0.76198380026422,80,0.00259024213664222,-20.0565987422468,11.4176304935488,-1.93948807634542,2.93713775592288,0.266643562751074,0.481947056310995,-5.25766278852317,-20.0565987422468,2.43515869526932,-1.93948807634542,1.07743555473346,-1.32184248341923,-0.72992101264301,49.7178776551891,11,1,"normal",11
"812",-23.0982,0.395511573872441,0,0.712994522178696,80,0.00259024213664222,-20.0565987422468,11.4176304935488,-1.93948807634542,2.93713775592288,0.266643562751074,0.481947056310995,-5.25766278852317,-20.0565987422468,2.43515869526932,-1.93948807634542,1.07743555473346,-1.32184248341923,-0.72992101264301,49.7178776551891,11,1,"normal",12
"813",-15.02123,0.669516889551778,1,0.752234414812137,80,0.00259024213664222,-20.0565987422468,11.4176304935488,-1.93948807634542,2.93713775592288,0.266643562751074,0.481947056310995,-5.25766278852317,-20.0565987422468,2.43515869526932,-1.93948807634542,1.07743555473346,-1.32184248341923,-0.72992101264301,49.7178776551891,11,1,"normal",13
"814",-17.30056,0.594877357704344,1,0.856506813060176,80,0.00259024213664222,-20.0565987422468,11.4176304935488,-1.93948807634542,2.93713775592288,0.266643562751074,0.481947056310995,-5.25766278852317,-20.0565987422468,2.43515869526932,-1.93948807634542,1.07743555473346,-1.32184248341923,-0.72992101264301,49.7178776551891,11,1,"normal",14
"815",-19.42766,0.521850789710744,1,0.712256104768089,80,0.00259024213664222,-20.0565987422468,11.4176304935488,-1.93948807634542,2.93713775592288,0.266643562751074,0.481947056310995,-5.25766278852317,-20.0565987422468,2.43515869526932,-1.93948807634542,1.07743555473346,-1.32184248341923,-0.72992101264301,49.7178776551891,11,1,"normal",15
"816",-25.374,0.321637336268456,1,0.699443239405487,80,0.00259024213664222,-20.0565987422468,11.4176304935488,-1.93948807634542,2.93713775592288,0.266643562751074,0.481947056310995,-5.25766278852317,-20.0565987422468,2.43515869526932,-1.93948807634542,1.07743555473346,-1.32184248341923,-0.72992101264301,49.7178776551891,11,1,"normal",16
"817",-42.8624,0.0253614610430121,0,0.594434483313371,80,0.00259024213664222,-20.0565987422468,11.4176304935488,-1.93948807634542,2.93713775592288,0.266643562751074,0.481947056310995,-5.25766278852317,-20.0565987422468,2.43515869526932,-1.93948807634542,1.07743555473346,-1.32184248341923,-0.72992101264301,49.7178776551891,11,1,"normal",17
"818",-19.3662,0.52398356721636,1,0.752271518718695,80,0.00259024213664222,-20.0565987422468,11.4176304935488,-1.93948807634542,2.93713775592288,0.266643562751074,0.481947056310995,-5.25766278852317,-20.0565987422468,2.43515869526932,-1.93948807634542,1.07743555473346,-1.32184248341923,-0.72992101264301,49.7178776551891,11,1,"normal",18
"819",-34.53324,0.104472964783424,0,0.732480181090833,80,0.00259024213664222,-20.0565987422468,11.4176304935488,-1.93948807634542,2.93713775592288,0.266643562751074,0.481947056310995,-5.25766278852317,-20.0565987422468,2.43515869526932,-1.93948807634542,1.07743555473346,-1.32184248341923,-0.72992101264301,49.7178776551891,11,1,"normal",19
"820",-14.36418,0.689967441679605,0,0.86328902847425,80,0.00259024213664222,-20.0565987422468,11.4176304935488,-1.93948807634542,2.93713775592288,0.266643562751074,0.481947056310995,-5.25766278852317,-20.0565987422468,2.43515869526932,-1.93948807634542,1.07743555473346,-1.32184248341923,-0.72992101264301,49.7178776551891,11,1,"normal",20
"821",-22.71762,0.408333793590944,1,0.742505293768289,80,0.00259024213664222,-20.0565987422468,11.4176304935488,-1.93948807634542,2.93713775592288,0.266643562751074,0.481947056310995,-5.25766278852317,-20.0565987422468,2.43515869526932,-1.93948807634542,1.07743555473346,-1.32184248341923,-0.72992101264301,49.7178776551891,11,1,"normal",21
"822",-28.39438,0.234002350406738,0,0.897725296232852,80,0.00259024213664222,-20.0565987422468,11.4176304935488,-1.93948807634542,2.93713775592288,0.266643562751074,0.481947056310995,-5.25766278852317,-20.0565987422468,2.43515869526932,-1.93948807634542,1.07743555473346,-1.32184248341923,-0.72992101264301,49.7178776551891,11,1,"normal",22
"823",-28.51585,0.230780875964994,1,0.649232794266464,80,0.00259024213664222,-20.0565987422468,11.4176304935488,-1.93948807634542,2.93713775592288,0.266643562751074,0.481947056310995,-5.25766278852317,-20.0565987422468,2.43515869526932,-1.93948807634542,1.07743555473346,-1.32184248341923,-0.72992101264301,49.7178776551891,11,1,"normal",23
"824",-30.9828,0.171007258204371,1,0.625395411604704,80,0.00259024213664222,-20.0565987422468,11.4176304935488,-1.93948807634542,2.93713775592288,0.266643562751074,0.481947056310995,-5.25766278852317,-20.0565987422468,2.43515869526932,-1.93948807634542,1.07743555473346,-1.32184248341923,-0.72992101264301,49.7178776551891,11,1,"normal",24
"825",-36.53095,0.076730305533314,0,0.638823738098787,80,0.00259024213664222,-20.0565987422468,11.4176304935488,-1.93948807634542,2.93713775592288,0.266643562751074,0.481947056310995,-5.25766278852317,-20.0565987422468,2.43515869526932,-1.93948807634542,1.07743555473346,-1.32184248341923,-0.72992101264301,49.7178776551891,11,1,"normal",25
"826",-15.9859,0.638555679150727,0,0.76227645113625,80,0.00259024213664222,-20.0565987422468,11.4176304935488,-1.93948807634542,2.93713775592288,0.266643562751074,0.481947056310995,-5.25766278852317,-20.0565987422468,2.43515869526932,-1.93948807634542,1.07743555473346,-1.32184248341923,-0.72992101264301,49.7178776551891,11,1,"normal",26
"827",-13.2883,0.722183356483399,1,0.848133435784628,80,0.00259024213664222,-20.0565987422468,11.4176304935488,-1.93948807634542,2.93713775592288,0.266643562751074,0.481947056310995,-5.25766278852317,-20.0565987422468,2.43515869526932,-1.93948807634542,1.07743555473346,-1.32184248341923,-0.72992101264301,49.7178776551891,11,1,"normal",27
"828",-16.5078,0.621398120651829,1,0.846451954453326,80,0.00259024213664222,-20.0565987422468,11.4176304935488,-1.93948807634542,2.93713775592288,0.266643562751074,0.481947056310995,-5.25766278852317,-20.0565987422468,2.43515869526932,-1.93948807634542,1.07743555473346,-1.32184248341923,-0.72992101264301,49.7178776551891,11,1,"normal",28
"829",-33.09829,0.12861082217377,0,0.696130016921746,80,0.00259024213664222,-20.0565987422468,11.4176304935488,-1.93948807634542,2.93713775592288,0.266643562751074,0.481947056310995,-5.25766278852317,-20.0565987422468,2.43515869526932,-1.93948807634542,1.07743555473346,-1.32184248341923,-0.72992101264301,49.7178776551891,11,1,"normal",29
"830",-25.38107,0.32141687247283,0,0.620815242569871,80,0.00259024213664222,-20.0565987422468,11.4176304935488,-1.93948807634542,2.93713775592288,0.266643562751074,0.481947056310995,-5.25766278852317,-20.0565987422468,2.43515869526932,-1.93948807634542,1.07743555473346,-1.32184248341923,-0.72992101264301,49.7178776551891,11,1,"normal",30
"831",14.1415,0.996045541922596,1,0.570640430209105,80,0.00259024213664222,-20.0565987422468,11.4176304935488,-1.93948807634542,2.93713775592288,0.266643562751074,0.481947056310995,-5.25766278852317,-20.0565987422468,2.43515869526932,-1.93948807634542,1.07743555473346,-1.32184248341923,-0.72992101264301,49.7178776551891,11,1,"normal",31
"832",-14.24924,0.693486912930394,0,0.738868057611799,80,0.00259024213664222,-20.0565987422468,11.4176304935488,-1.93948807634542,2.93713775592288,0.266643562751074,0.481947056310995,-5.25766278852317,-20.0565987422468,2.43515869526932,-1.93948807634542,1.07743555473346,-1.32184248341923,-0.72992101264301,49.7178776551891,11,1,"normal",32
"833",-45.6478,0.0150263513051193,0,0.662617822399787,80,0.00259024213664222,-20.0565987422468,11.4176304935488,-1.93948807634542,2.93713775592288,0.266643562751074,0.481947056310995,-5.25766278852317,-20.0565987422468,2.43515869526932,-1.93948807634542,1.07743555473346,-1.32184248341923,-0.72992101264301,49.7178776551891,11,1,"normal",33
"834",-17.85118,0.576186062805397,1,0.750342571560956,80,0.00259024213664222,-20.0565987422468,11.4176304935488,-1.93948807634542,2.93713775592288,0.266643562751074,0.481947056310995,-5.25766278852317,-20.0565987422468,2.43515869526932,-1.93948807634542,1.07743555473346,-1.32184248341923,-0.72992101264301,49.7178776551891,11,1,"normal",34
"835",-16.3362,0.627068175979043,0,0.78366120731901,80,0.00259024213664222,-20.0565987422468,11.4176304935488,-1.93948807634542,2.93713775592288,0.266643562751074,0.481947056310995,-5.25766278852317,-20.0565987422468,2.43515869526932,-1.93948807634542,1.07743555473346,-1.32184248341923,-0.72992101264301,49.7178776551891,11,1,"normal",35
"836",-10.3064,0.801864451938007,1,0.777111453363269,80,0.00259024213664222,-20.0565987422468,11.4176304935488,-1.93948807634542,2.93713775592288,0.266643562751074,0.481947056310995,-5.25766278852317,-20.0565987422468,2.43515869526932,-1.93948807634542,1.07743555473346,-1.32184248341923,-0.72992101264301,49.7178776551891,11,1,"normal",36
"837",-25.38299,0.321357012104288,0,0.809144863017959,80,0.00259024213664222,-20.0565987422468,11.4176304935488,-1.93948807634542,2.93713775592288,0.266643562751074,0.481947056310995,-5.25766278852317,-20.0565987422468,2.43515869526932,-1.93948807634542,1.07743555473346,-1.32184248341923,-0.72992101264301,49.7178776551891,11,1,"normal",37
"838",-19.27966,0.526985476931544,1,0.739656031700451,80,0.00259024213664222,-20.0565987422468,11.4176304935488,-1.93948807634542,2.93713775592288,0.266643562751074,0.481947056310995,-5.25766278852317,-20.0565987422468,2.43515869526932,-1.93948807634542,1.07743555473346,-1.32184248341923,-0.72992101264301,49.7178776551891,11,1,"normal",38
"839",-29.81554,0.197924579046138,0,0.711222638049435,80,0.00259024213664222,-20.0565987422468,11.4176304935488,-1.93948807634542,2.93713775592288,0.266643562751074,0.481947056310995,-5.25766278852317,-20.0565987422468,2.43515869526932,-1.93948807634542,1.07743555473346,-1.32184248341923,-0.72992101264301,49.7178776551891,11,1,"normal",39
"840",-1.8616,0.94218317421328,1,0.643094832164032,80,0.00259024213664222,-20.0565987422468,11.4176304935488,-1.93948807634542,2.93713775592288,0.266643562751074,0.481947056310995,-5.25766278852317,-20.0565987422468,2.43515869526932,-1.93948807634542,1.07743555473346,-1.32184248341923,-0.72992101264301,49.7178776551891,11,1,"normal",40
"841",-24.31171,0.355446436379925,0,0.711591653786388,80,0.00259024213664222,-20.0565987422468,11.4176304935488,-1.93948807634542,2.93713775592288,0.266643562751074,0.481947056310995,-5.25766278852317,-20.0565987422468,2.43515869526932,-1.93948807634542,1.07743555473346,-1.32184248341923,-0.72992101264301,49.7178776551891,11,1,"normal",41
"842",-15.25383,0.662148439934369,1,0.722893054070666,80,0.00259024213664222,-20.0565987422468,11.4176304935488,-1.93948807634542,2.93713775592288,0.266643562751074,0.481947056310995,-5.25766278852317,-20.0565987422468,2.43515869526932,-1.93948807634542,1.07743555473346,-1.32184248341923,-0.72992101264301,49.7178776551891,11,1,"normal",42
"843",-9.9192,0.811075384841634,1,0.71409861628121,80,0.00259024213664222,-20.0565987422468,11.4176304935488,-1.93948807634542,2.93713775592288,0.266643562751074,0.481947056310995,-5.25766278852317,-20.0565987422468,2.43515869526932,-1.93948807634542,1.07743555473346,-1.32184248341923,-0.72992101264301,49.7178776551891,11,1,"normal",43
"844",-7.46506,0.863055731824568,0,0.630600901737207,80,0.00259024213664222,-20.0565987422468,11.4176304935488,-1.93948807634542,2.93713775592288,0.266643562751074,0.481947056310995,-5.25766278852317,-20.0565987422468,2.43515869526932,-1.93948807634542,1.07743555473346,-1.32184248341923,-0.72992101264301,49.7178776551891,11,1,"normal",44
"845",-49.7267,0.00724594208756667,0,0.623865131324317,80,0.00259024213664222,-20.0565987422468,11.4176304935488,-1.93948807634542,2.93713775592288,0.266643562751074,0.481947056310995,-5.25766278852317,-20.0565987422468,2.43515869526932,-1.93948807634542,1.07743555473346,-1.32184248341923,-0.72992101264301,49.7178776551891,11,1,"normal",45
"846",-13.31056,0.721533903412682,0,0.703829679007802,80,0.00259024213664222,-20.0565987422468,11.4176304935488,-1.93948807634542,2.93713775592288,0.266643562751074,0.481947056310995,-5.25766278852317,-20.0565987422468,2.43515869526932,-1.93948807634542,1.07743555473346,-1.32184248341923,-0.72992101264301,49.7178776551891,11,1,"normal",46
"847",-17.38643,0.591975623599544,1,0.884942980986611,80,0.00259024213664222,-20.0565987422468,11.4176304935488,-1.93948807634542,2.93713775592288,0.266643562751074,0.481947056310995,-5.25766278852317,-20.0565987422468,2.43515869526932,-1.93948807634542,1.07743555473346,-1.32184248341923,-0.72992101264301,49.7178776551891,11,1,"normal",47
"848",-18.40888,0.557076336080845,1,0.646110691088608,80,0.00259024213664222,-20.0565987422468,11.4176304935488,-1.93948807634542,2.93713775592288,0.266643562751074,0.481947056310995,-5.25766278852317,-20.0565987422468,2.43515869526932,-1.93948807634542,1.07743555473346,-1.32184248341923,-0.72992101264301,49.7178776551891,11,1,"normal",48
"849",-4.6027,0.909919285637159,1,0.679810021768653,80,0.00259024213664222,-20.0565987422468,11.4176304935488,-1.93948807634542,2.93713775592288,0.266643562751074,0.481947056310995,-5.25766278852317,-20.0565987422468,2.43515869526932,-1.93948807634542,1.07743555473346,-1.32184248341923,-0.72992101264301,49.7178776551891,11,1,"normal",49
"850",-26.55884,0.285627721222291,0,0.668546692040278,80,0.00259024213664222,-20.0565987422468,11.4176304935488,-1.93948807634542,2.93713775592288,0.266643562751074,0.481947056310995,-5.25766278852317,-20.0565987422468,2.43515869526932,-1.93948807634542,1.07743555473346,-1.32184248341923,-0.72992101264301,49.7178776551891,11,1,"normal",50
"851",-30.1279,0.190477704884521,0,0.632420616769029,80,0.00259024213664222,-20.0565987422468,11.4176304935488,-1.93948807634542,2.93713775592288,0.266643562751074,0.481947056310995,-5.25766278852317,-20.0565987422468,2.43515869526932,-1.93948807634542,1.07743555473346,-1.32184248341923,-0.72992101264301,49.7178776551891,11,1,"normal",51
"852",-18.31115,0.5604361124739,1,0.718409634449974,80,0.00259024213664222,-20.0565987422468,11.4176304935488,-1.93948807634542,2.93713775592288,0.266643562751074,0.481947056310995,-5.25766278852317,-20.0565987422468,2.43515869526932,-1.93948807634542,1.07743555473346,-1.32184248341923,-0.72992101264301,49.7178776551891,11,1,"normal",52
"853",-37.4975,0.0655754911357241,0,0.598319437232301,80,0.00259024213664222,-20.0565987422468,11.4176304935488,-1.93948807634542,2.93713775592288,0.266643562751074,0.481947056310995,-5.25766278852317,-20.0565987422468,2.43515869526932,-1.93948807634542,1.07743555473346,-1.32184248341923,-0.72992101264301,49.7178776551891,11,1,"normal",53
"854",-26.40725,0.290125041057972,0,0.627465335574635,80,0.00259024213664222,-20.0565987422468,11.4176304935488,-1.93948807634542,2.93713775592288,0.266643562751074,0.481947056310995,-5.25766278852317,-20.0565987422468,2.43515869526932,-1.93948807634542,1.07743555473346,-1.32184248341923,-0.72992101264301,49.7178776551891,11,1,"normal",54
"855",-20.46444,0.485826497391405,1,0.68351005475195,80,0.00259024213664222,-20.0565987422468,11.4176304935488,-1.93948807634542,2.93713775592288,0.266643562751074,0.481947056310995,-5.25766278852317,-20.0565987422468,2.43515869526932,-1.93948807634542,1.07743555473346,-1.32184248341923,-0.72992101264301,49.7178776551891,11,1,"normal",55
"856",-29.64447,0.202077766808547,0,0.72435633400761,80,0.00259024213664222,-20.0565987422468,11.4176304935488,-1.93948807634542,2.93713775592288,0.266643562751074,0.481947056310995,-5.25766278852317,-20.0565987422468,2.43515869526932,-1.93948807634542,1.07743555473346,-1.32184248341923,-0.72992101264301,49.7178776551891,11,1,"normal",56
"857",-35.3037,0.0929922454374571,0,0.630239813355424,80,0.00259024213664222,-20.0565987422468,11.4176304935488,-1.93948807634542,2.93713775592288,0.266643562751074,0.481947056310995,-5.25766278852317,-20.0565987422468,2.43515869526932,-1.93948807634542,1.07743555473346,-1.32184248341923,-0.72992101264301,49.7178776551891,11,1,"normal",57
"858",-13.83427,0.706041856595861,0,0.675735746863206,80,0.00259024213664222,-20.0565987422468,11.4176304935488,-1.93948807634542,2.93713775592288,0.266643562751074,0.481947056310995,-5.25766278852317,-20.0565987422468,2.43515869526932,-1.93948807634542,1.07743555473346,-1.32184248341923,-0.72992101264301,49.7178776551891,11,1,"normal",58
"859",-30.7307,0.176609413156566,0,0.918709169625253,80,0.00259024213664222,-20.0565987422468,11.4176304935488,-1.93948807634542,2.93713775592288,0.266643562751074,0.481947056310995,-5.25766278852317,-20.0565987422468,2.43515869526932,-1.93948807634542,1.07743555473346,-1.32184248341923,-0.72992101264301,49.7178776551891,11,1,"normal",59
"860",-31.3424,0.163218977633546,0,0.657310745936411,80,0.00259024213664222,-20.0565987422468,11.4176304935488,-1.93948807634542,2.93713775592288,0.266643562751074,0.481947056310995,-5.25766278852317,-20.0565987422468,2.43515869526932,-1.93948807634542,1.07743555473346,-1.32184248341923,-0.72992101264301,49.7178776551891,11,1,"normal",60
"861",-6.9202,0.873095600174327,1,0.72016139524933,80,0.00259024213664222,-20.0565987422468,11.4176304935488,-1.93948807634542,2.93713775592288,0.266643562751074,0.481947056310995,-5.25766278852317,-20.0565987422468,2.43515869526932,-1.93948807634542,1.07743555473346,-1.32184248341923,-0.72992101264301,49.7178776551891,11,1,"normal",61
"862",-10.1912,0.804633304189369,1,0.844039457943024,80,0.00259024213664222,-20.0565987422468,11.4176304935488,-1.93948807634542,2.93713775592288,0.266643562751074,0.481947056310995,-5.25766278852317,-20.0565987422468,2.43515869526932,-1.93948807634542,1.07743555473346,-1.32184248341923,-0.72992101264301,49.7178776551891,11,1,"normal",62
"863",-10.0837,0.807195409286246,1,0.721068337434185,80,0.00259024213664222,-20.0565987422468,11.4176304935488,-1.93948807634542,2.93713775592288,0.266643562751074,0.481947056310995,-5.25766278852317,-20.0565987422468,2.43515869526932,-1.93948807634542,1.07743555473346,-1.32184248341923,-0.72992101264301,49.7178776551891,11,1,"normal",63
"864",-8.4024,0.8445123024942,1,0.613826284193778,80,0.00259024213664222,-20.0565987422468,11.4176304935488,-1.93948807634542,2.93713775592288,0.266643562751074,0.481947056310995,-5.25766278852317,-20.0565987422468,2.43515869526932,-1.93948807634542,1.07743555473346,-1.32184248341923,-0.72992101264301,49.7178776551891,11,1,"normal",64
"865",-8.1252,0.850164538412617,1,0.730456976718211,80,0.00259024213664222,-20.0565987422468,11.4176304935488,-1.93948807634542,2.93713775592288,0.266643562751074,0.481947056310995,-5.25766278852317,-20.0565987422468,2.43515869526932,-1.93948807634542,1.07743555473346,-1.32184248341923,-0.72992101264301,49.7178776551891,11,1,"normal",65
"866",-12.52796,0.743906269199253,1,0.729383517232438,80,0.00259024213664222,-20.0565987422468,11.4176304935488,-1.93948807634542,2.93713775592288,0.266643562751074,0.481947056310995,-5.25766278852317,-20.0565987422468,2.43515869526932,-1.93948807634542,1.07743555473346,-1.32184248341923,-0.72992101264301,49.7178776551891,11,1,"normal",66
"867",-27.53028,0.257633228964638,0,0.696980551926014,80,0.00259024213664222,-20.0565987422468,11.4176304935488,-1.93948807634542,2.93713775592288,0.266643562751074,0.481947056310995,-5.25766278852317,-20.0565987422468,2.43515869526932,-1.93948807634542,1.07743555473346,-1.32184248341923,-0.72992101264301,49.7178776551891,11,1,"normal",67
"868",-27.4874,0.258837781304269,0,0.754510698242297,80,0.00259024213664222,-20.0565987422468,11.4176304935488,-1.93948807634542,2.93713775592288,0.266643562751074,0.481947056310995,-5.25766278852317,-20.0565987422468,2.43515869526932,-1.93948807634542,1.07743555473346,-1.32184248341923,-0.72992101264301,49.7178776551891,11,1,"normal",68
"869",-9.7136,0.81585540820797,1,0.755578959621288,80,0.00259024213664222,-20.0565987422468,11.4176304935488,-1.93948807634542,2.93713775592288,0.266643562751074,0.481947056310995,-5.25766278852317,-20.0565987422468,2.43515869526932,-1.93948807634542,1.07743555473346,-1.32184248341923,-0.72992101264301,49.7178776551891,11,1,"normal",69
"870",-25.19012,0.327393404060563,1,0.707872407296574,80,0.00259024213664222,-20.0565987422468,11.4176304935488,-1.93948807634542,2.93713775592288,0.266643562751074,0.481947056310995,-5.25766278852317,-20.0565987422468,2.43515869526932,-1.93948807634542,1.07743555473346,-1.32184248341923,-0.72992101264301,49.7178776551891,11,1,"normal",70
"871",-31.18099,0.166685311599637,0,0.659596863224244,80,0.00259024213664222,-20.0565987422468,11.4176304935488,-1.93948807634542,2.93713775592288,0.266643562751074,0.481947056310995,-5.25766278852317,-20.0565987422468,2.43515869526932,-1.93948807634542,1.07743555473346,-1.32184248341923,-0.72992101264301,49.7178776551891,11,1,"normal",71
"872",-13.60853,0.712768969325257,1,0.656782064701677,80,0.00259024213664222,-20.0565987422468,11.4176304935488,-1.93948807634542,2.93713775592288,0.266643562751074,0.481947056310995,-5.25766278852317,-20.0565987422468,2.43515869526932,-1.93948807634542,1.07743555473346,-1.32184248341923,-0.72992101264301,49.7178776551891,11,1,"normal",72
"873",-19.44308,0.521315585064064,0,0.838434090133298,80,0.00259024213664222,-20.0565987422468,11.4176304935488,-1.93948807634542,2.93713775592288,0.266643562751074,0.481947056310995,-5.25766278852317,-20.0565987422468,2.43515869526932,-1.93948807634542,1.07743555473346,-1.32184248341923,-0.72992101264301,49.7178776551891,11,1,"normal",73
"874",-30.4213,0.183644534880749,0,0.699979064412566,80,0.00259024213664222,-20.0565987422468,11.4176304935488,-1.93948807634542,2.93713775592288,0.266643562751074,0.481947056310995,-5.25766278852317,-20.0565987422468,2.43515869526932,-1.93948807634542,1.07743555473346,-1.32184248341923,-0.72992101264301,49.7178776551891,11,1,"normal",74
"875",-16.45334,0.623200534146502,1,0.852697965379406,80,0.00259024213664222,-20.0565987422468,11.4176304935488,-1.93948807634542,2.93713775592288,0.266643562751074,0.481947056310995,-5.25766278852317,-20.0565987422468,2.43515869526932,-1.93948807634542,1.07743555473346,-1.32184248341923,-0.72992101264301,49.7178776551891,11,1,"normal",75
"876",-29.49149,0.20583631629371,0,0.686587820208997,80,0.00259024213664222,-20.0565987422468,11.4176304935488,-1.93948807634542,2.93713775592288,0.266643562751074,0.481947056310995,-5.25766278852317,-20.0565987422468,2.43515869526932,-1.93948807634542,1.07743555473346,-1.32184248341923,-0.72992101264301,49.7178776551891,11,1,"normal",76
"877",-32.1712,0.146177609948614,0,0.643213823147895,80,0.00259024213664222,-20.0565987422468,11.4176304935488,-1.93948807634542,2.93713775592288,0.266643562751074,0.481947056310995,-5.25766278852317,-20.0565987422468,2.43515869526932,-1.93948807634542,1.07743555473346,-1.32184248341923,-0.72992101264301,49.7178776551891,11,1,"normal",77
"878",-13.44221,0.717677660180645,1,0.791214556449452,80,0.00259024213664222,-20.0565987422468,11.4176304935488,-1.93948807634542,2.93713775592288,0.266643562751074,0.481947056310995,-5.25766278852317,-20.0565987422468,2.43515869526932,-1.93948807634542,1.07743555473346,-1.32184248341923,-0.72992101264301,49.7178776551891,11,1,"normal",78
"879",-27.96265,0.245654274460292,1,0.728888720119723,80,0.00259024213664222,-20.0565987422468,11.4176304935488,-1.93948807634542,2.93713775592288,0.266643562751074,0.481947056310995,-5.25766278852317,-20.0565987422468,2.43515869526932,-1.93948807634542,1.07743555473346,-1.32184248341923,-0.72992101264301,49.7178776551891,11,1,"normal",79
"880",-17.52914,0.587141919062394,1,0.865332275422507,80,0.00259024213664222,-20.0565987422468,11.4176304935488,-1.93948807634542,2.93713775592288,0.266643562751074,0.481947056310995,-5.25766278852317,-20.0565987422468,2.43515869526932,-1.93948807634542,1.07743555473346,-1.32184248341923,-0.72992101264301,49.7178776551891,11,1,"normal",80
"881",-9.24683206907,0.384061101874375,0,0.674935040742503,80,0.382911974969217,7.23259775159741,6.38166862276904,-2.45537486328129,3.88168461449652,0.439461565052335,0.435216391197929,1.18487912978372,7.23259775159741,1.85342960278015,-2.45537486328129,1.35626923840071,-0.822205017211536,-0.831911920551476,-271.549195985128,12,1,"normal",1
"882",7.1680176282,0.499054612727621,1,0.778888281690698,80,0.382911974969217,7.23259775159741,6.38166862276904,-2.45537486328129,3.88168461449652,0.439461565052335,0.435216391197929,1.18487912978372,7.23259775159741,1.85342960278015,-2.45537486328129,1.35626923840071,-0.822205017211536,-0.831911920551476,-271.549195985128,12,1,"normal",2
"883",0.1012899974,0.413799146892627,1,0.653794604569269,80,0.382911974969217,7.23259775159741,6.38166862276904,-2.45537486328129,3.88168461449652,0.439461565052335,0.435216391197929,1.18487912978372,7.23259775159741,1.85342960278015,-2.45537486328129,1.35626923840071,-0.822205017211536,-0.831911920551476,-271.549195985128,12,1,"normal",3
"884",-3.59328300186,0.393427605642109,1,0.611625315990264,80,0.382911974969217,7.23259775159741,6.38166862276904,-2.45537486328129,3.88168461449652,0.439461565052335,0.435216391197929,1.18487912978372,7.23259775159741,1.85342960278015,-2.45537486328129,1.35626923840071,-0.822205017211536,-0.831911920551476,-271.549195985128,12,1,"normal",4
"885",3.16951,0.444305042592249,0,0.522041167924416,80,0.382911974969217,7.23259775159741,6.38166862276904,-2.45537486328129,3.88168461449652,0.439461565052335,0.435216391197929,1.18487912978372,7.23259775159741,1.85342960278015,-2.45537486328129,1.35626923840071,-0.822205017211536,-0.831911920551476,-271.549195985128,12,1,"normal",5
"886",-29.8254,0.382911975714167,0,0.891347291148986,80,0.382911974969217,7.23259775159741,6.38166862276904,-2.45537486328129,3.88168461449652,0.439461565052335,0.435216391197929,1.18487912978372,7.23259775159741,1.85342960278015,-2.45537486328129,1.35626923840071,-0.822205017211536,-0.831911920551476,-271.549195985128,12,1,"normal",6
"887",-3.7638071697,0.392848784213752,0,0.746129134203751,80,0.382911974969217,7.23259775159741,6.38166862276904,-2.45537486328129,3.88168461449652,0.439461565052335,0.435216391197929,1.18487912978372,7.23259775159741,1.85342960278015,-2.45537486328129,1.35626923840071,-0.822205017211536,-0.831911920551476,-271.549195985128,12,1,"normal",7
"888",-2.43588,0.398105608889878,0,0.801788386550829,80,0.382911974969217,7.23259775159741,6.38166862276904,-2.45537486328129,3.88168461449652,0.439461565052335,0.435216391197929,1.18487912978372,7.23259775159741,1.85342960278015,-2.45537486328129,1.35626923840071,-0.822205017211536,-0.831911920551476,-271.549195985128,12,1,"normal",8
"889",-5.3645,0.388577557213619,1,0.649648316705549,80,0.382911974969217,7.23259775159741,6.38166862276904,-2.45537486328129,3.88168461449652,0.439461565052335,0.435216391197929,1.18487912978372,7.23259775159741,1.85342960278015,-2.45537486328129,1.35626923840071,-0.822205017211536,-0.831911920551476,-271.549195985128,12,1,"normal",9
"890",0.01962,0.413163364891825,0,0.560365271738088,80,0.382911974969217,7.23259775159741,6.38166862276904,-2.45537486328129,3.88168461449652,0.439461565052335,0.435216391197929,1.18487912978372,7.23259775159741,1.85342960278015,-2.45537486328129,1.35626923840071,-0.822205017211536,-0.831911920551476,-271.549195985128,12,1,"normal",10
"891",1.28796,0.424078461298113,0,0.678625233735327,80,0.382911974969217,7.23259775159741,6.38166862276904,-2.45537486328129,3.88168461449652,0.439461565052335,0.435216391197929,1.18487912978372,7.23259775159741,1.85342960278015,-2.45537486328129,1.35626923840071,-0.822205017211536,-0.831911920551476,-271.549195985128,12,1,"normal",11
"892",-47.2196,0.382911974969217,0,0.681089115473831,80,0.382911974969217,7.23259775159741,6.38166862276904,-2.45537486328129,3.88168461449652,0.439461565052335,0.435216391197929,1.18487912978372,7.23259775159741,1.85342960278015,-2.45537486328129,1.35626923840071,-0.822205017211536,-0.831911920551476,-271.549195985128,12,1,"normal",12
"893",5.2433487638,0.471343719536692,1,0.619021037818586,80,0.382911974969217,7.23259775159741,6.38166862276904,-2.45537486328129,3.88168461449652,0.439461565052335,0.435216391197929,1.18487912978372,7.23259775159741,1.85342960278015,-2.45537486328129,1.35626923840071,-0.822205017211536,-0.831911920551476,-271.549195985128,12,1,"normal",13
"894",22.0128,0.614681156116057,1,0.74815650848575,80,0.382911974969217,7.23259775159741,6.38166862276904,-2.45537486328129,3.88168461449652,0.439461565052335,0.435216391197929,1.18487912978372,7.23259775159741,1.85342960278015,-2.45537486328129,1.35626923840071,-0.822205017211536,-0.831911920551476,-271.549195985128,12,1,"normal",14
"895",-2.153805,0.399460593036788,0,0.849338413783807,80,0.382911974969217,7.23259775159741,6.38166862276904,-2.45537486328129,3.88168461449652,0.439461565052335,0.435216391197929,1.18487912978372,7.23259775159741,1.85342960278015,-2.45537486328129,1.35626923840071,-0.822205017211536,-0.831911920551476,-271.549195985128,12,1,"normal",15
"896",-6.36358,0.386791093343414,1,0.643771801674548,80,0.382911974969217,7.23259775159741,6.38166862276904,-2.45537486328129,3.88168461449652,0.439461565052335,0.435216391197929,1.18487912978372,7.23259775159741,1.85342960278015,-2.45537486328129,1.35626923840071,-0.822205017211536,-0.831911920551476,-271.549195985128,12,1,"normal",16
"897",-21.05194,0.382913067357943,0,0.676158224372335,80,0.382911974969217,7.23259775159741,6.38166862276904,-2.45537486328129,3.88168461449652,0.439461565052335,0.435216391197929,1.18487912978372,7.23259775159741,1.85342960278015,-2.45537486328129,1.35626923840071,-0.822205017211536,-0.831911920551476,-271.549195985128,12,1,"normal",17
"898",-1.63521,0.402191448470272,0,0.604601491559141,80,0.382911974969217,7.23259775159741,6.38166862276904,-2.45537486328129,3.88168461449652,0.439461565052335,0.435216391197929,1.18487912978372,7.23259775159741,1.85342960278015,-2.45537486328129,1.35626923840071,-0.822205017211536,-0.831911920551476,-271.549195985128,12,1,"normal",18
"899",3.35315233577,0.446520135806471,0,0.608929078221564,80,0.382911974969217,7.23259775159741,6.38166862276904,-2.45537486328129,3.88168461449652,0.439461565052335,0.435216391197929,1.18487912978372,7.23259775159741,1.85342960278015,-2.45537486328129,1.35626923840071,-0.822205017211536,-0.831911920551476,-271.549195985128,12,1,"normal",19
"900",-38.025,0.382911974969372,0,1.06852432535095,80,0.382911974969217,7.23259775159741,6.38166862276904,-2.45537486328129,3.88168461449652,0.439461565052335,0.435216391197929,1.18487912978372,7.23259775159741,1.85342960278015,-2.45537486328129,1.35626923840071,-0.822205017211536,-0.831911920551476,-271.549195985128,12,1,"normal",20
"901",13.9066,0.582471005306473,0,0.63801630538553,80,0.382911974969217,7.23259775159741,6.38166862276904,-2.45537486328129,3.88168461449652,0.439461565052335,0.435216391197929,1.18487912978372,7.23259775159741,1.85342960278015,-2.45537486328129,1.35626923840071,-0.822205017211536,-0.831911920551476,-271.549195985128,12,1,"normal",21
"902",9.336571292,0.530251556832651,0,0.750574585905042,80,0.382911974969217,7.23259775159741,6.38166862276904,-2.45537486328129,3.88168461449652,0.439461565052335,0.435216391197929,1.18487912978372,7.23259775159741,1.85342960278015,-2.45537486328129,1.35626923840071,-0.822205017211536,-0.831911920551476,-271.549195985128,12,1,"normal",22
"903",-43.3137,0.382911974969217,0,0.555246276629799,80,0.382911974969217,7.23259775159741,6.38166862276904,-2.45537486328129,3.88168461449652,0.439461565052335,0.435216391197929,1.18487912978372,7.23259775159741,1.85342960278015,-2.45537486328129,1.35626923840071,-0.822205017211536,-0.831911920551476,-271.549195985128,12,1,"normal",23
"904",-36.0984,0.382911974970531,0,0.78161969261891,80,0.382911974969217,7.23259775159741,6.38166862276904,-2.45537486328129,3.88168461449652,0.439461565052335,0.435216391197929,1.18487912978372,7.23259775159741,1.85342960278015,-2.45537486328129,1.35626923840071,-0.822205017211536,-0.831911920551476,-271.549195985128,12,1,"normal",24
"905",-9.6207,0.383880153229471,0,0.741604853441584,80,0.382911974969217,7.23259775159741,6.38166862276904,-2.45537486328129,3.88168461449652,0.439461565052335,0.435216391197929,1.18487912978372,7.23259775159741,1.85342960278015,-2.45537486328129,1.35626923840071,-0.822205017211536,-0.831911920551476,-271.549195985128,12,1,"normal",25
"906",39.2055,0.617087961338246,1,0.926383478387975,80,0.382911974969217,7.23259775159741,6.38166862276904,-2.45537486328129,3.88168461449652,0.439461565052335,0.435216391197929,1.18487912978372,7.23259775159741,1.85342960278015,-2.45537486328129,1.35626923840071,-0.822205017211536,-0.831911920551476,-271.549195985128,12,1,"normal",26
"907",27.64567,0.616926389018053,1,0.640550604657766,80,0.382911974969217,7.23259775159741,6.38166862276904,-2.45537486328129,3.88168461449652,0.439461565052335,0.435216391197929,1.18487912978372,7.23259775159741,1.85342960278015,-2.45537486328129,1.35626923840071,-0.822205017211536,-0.831911920551476,-271.549195985128,12,1,"normal",27
"908",34.2397,0.617085312784143,0,0.787432080886817,80,0.382911974969217,7.23259775159741,6.38166862276904,-2.45537486328129,3.88168461449652,0.439461565052335,0.435216391197929,1.18487912978372,7.23259775159741,1.85342960278015,-2.45537486328129,1.35626923840071,-0.822205017211536,-0.831911920551476,-271.549195985128,12,1,"normal",28
"909",13.06992946596,0.574895642549571,1,0.820010555135552,80,0.382911974969217,7.23259775159741,6.38166862276904,-2.45537486328129,3.88168461449652,0.439461565052335,0.435216391197929,1.18487912978372,7.23259775159741,1.85342960278015,-2.45537486328129,1.35626923840071,-0.822205017211536,-0.831911920551476,-271.549195985128,12,1,"normal",29
"910",5.346,0.472778725974509,1,0.714657069320101,80,0.382911974969217,7.23259775159741,6.38166862276904,-2.45537486328129,3.88168461449652,0.439461565052335,0.435216391197929,1.18487912978372,7.23259775159741,1.85342960278015,-2.45537486328129,1.35626923840071,-0.822205017211536,-0.831911920551476,-271.549195985128,12,1,"normal",30
"911",8.1052456082,0.512735193682432,0,0.674901306052064,80,0.382911974969217,7.23259775159741,6.38166862276904,-2.45537486328129,3.88168461449652,0.439461565052335,0.435216391197929,1.18487912978372,7.23259775159741,1.85342960278015,-2.45537486328129,1.35626923840071,-0.822205017211536,-0.831911920551476,-271.549195985128,12,1,"normal",31
"912",-12.43257,0.383153122929569,0,0.535767461741733,80,0.382911974969217,7.23259775159741,6.38166862276904,-2.45537486328129,3.88168461449652,0.439461565052335,0.435216391197929,1.18487912978372,7.23259775159741,1.85342960278015,-2.45537486328129,1.35626923840071,-0.822205017211536,-0.831911920551476,-271.549195985128,12,1,"normal",32
"913",-27.63121,0.382911980447107,0,0.590537698868907,80,0.382911974969217,7.23259775159741,6.38166862276904,-2.45537486328129,3.88168461449652,0.439461565052335,0.435216391197929,1.18487912978372,7.23259775159741,1.85342960278015,-2.45537486328129,1.35626923840071,-0.822205017211536,-0.831911920551476,-271.549195985128,12,1,"normal",33
"914",8.0491,0.511920434258469,0,0.59891410838866,80,0.382911974969217,7.23259775159741,6.38166862276904,-2.45537486328129,3.88168461449652,0.439461565052335,0.435216391197929,1.18487912978372,7.23259775159741,1.85342960278015,-2.45537486328129,1.35626923840071,-0.822205017211536,-0.831911920551476,-271.549195985128,12,1,"normal",34
"915",11.6017008453,0.55929626513449,1,0.721289681364333,80,0.382911974969217,7.23259775159741,6.38166862276904,-2.45537486328129,3.88168461449652,0.439461565052335,0.435216391197929,1.18487912978372,7.23259775159741,1.85342960278015,-2.45537486328129,1.35626923840071,-0.822205017211536,-0.831911920551476,-271.549195985128,12,1,"normal",35
"916",-0.3847,0.410149694592327,0,0.697163587187105,80,0.382911974969217,7.23259775159741,6.38166862276904,-2.45537486328129,3.88168461449652,0.439461565052335,0.435216391197929,1.18487912978372,7.23259775159741,1.85342960278015,-2.45537486328129,1.35626923840071,-0.822205017211536,-0.831911920551476,-271.549195985128,12,1,"normal",36
"917",21.71985,0.614371657167435,1,0.708690134097072,80,0.382911974969217,7.23259775159741,6.38166862276904,-2.45537486328129,3.88168461449652,0.439461565052335,0.435216391197929,1.18487912978372,7.23259775159741,1.85342960278015,-2.45537486328129,1.35626923840071,-0.822205017211536,-0.831911920551476,-271.549195985128,12,1,"normal",37
"918",10.4804568651,0.545570977642638,0,0.6523426619029,80,0.382911974969217,7.23259775159741,6.38166862276904,-2.45537486328129,3.88168461449652,0.439461565052335,0.435216391197929,1.18487912978372,7.23259775159741,1.85342960278015,-2.45537486328129,1.35626923840071,-0.822205017211536,-0.831911920551476,-271.549195985128,12,1,"normal",38
"919",-7.11236,0.385790761643775,0,0.675099421817736,80,0.382911974969217,7.23259775159741,6.38166862276904,-2.45537486328129,3.88168461449652,0.439461565052335,0.435216391197929,1.18487912978372,7.23259775159741,1.85342960278015,-2.45537486328129,1.35626923840071,-0.822205017211536,-0.831911920551476,-271.549195985128,12,1,"normal",39
"920",-17.0896,0.382928163595107,1,0.683990143923263,80,0.382911974969217,7.23259775159741,6.38166862276904,-2.45537486328129,3.88168461449652,0.439461565052335,0.435216391197929,1.18487912978372,7.23259775159741,1.85342960278015,-2.45537486328129,1.35626923840071,-0.822205017211536,-0.831911920551476,-271.549195985128,12,1,"normal",40
"921",-40.42376,0.382911974969226,0,0.643471885199184,80,0.382911974969217,7.23259775159741,6.38166862276904,-2.45537486328129,3.88168461449652,0.439461565052335,0.435216391197929,1.18487912978372,7.23259775159741,1.85342960278015,-2.45537486328129,1.35626923840071,-0.822205017211536,-0.831911920551476,-271.549195985128,12,1,"normal",41
"922",11.9067142587,0.562770068488357,0,0.565935754752496,80,0.382911974969217,7.23259775159741,6.38166862276904,-2.45537486328129,3.88168461449652,0.439461565052335,0.435216391197929,1.18487912978372,7.23259775159741,1.85342960278015,-2.45537486328129,1.35626923840071,-0.822205017211536,-0.831911920551476,-271.549195985128,12,1,"normal",42
"923",-23.2103,0.382912190283666,0,0.489127054968391,80,0.382911974969217,7.23259775159741,6.38166862276904,-2.45537486328129,3.88168461449652,0.439461565052335,0.435216391197929,1.18487912978372,7.23259775159741,1.85342960278015,-2.45537486328129,1.35626923840071,-0.822205017211536,-0.831911920551476,-271.549195985128,12,1,"normal",43
"924",6.1374,0.484045499837299,1,0.695052857190037,80,0.382911974969217,7.23259775159741,6.38166862276904,-2.45537486328129,3.88168461449652,0.439461565052335,0.435216391197929,1.18487912978372,7.23259775159741,1.85342960278015,-2.45537486328129,1.35626923840071,-0.822205017211536,-0.831911920551476,-271.549195985128,12,1,"normal",44
"925",37.0789,0.617087683986478,1,0.589448994055778,80,0.382911974969217,7.23259775159741,6.38166862276904,-2.45537486328129,3.88168461449652,0.439461565052335,0.435216391197929,1.18487912978372,7.23259775159741,1.85342960278015,-2.45537486328129,1.35626923840071,-0.822205017211536,-0.831911920551476,-271.549195985128,12,1,"normal",45
"926",37.4924,0.617087776853521,1,0.52466937692395,80,0.382911974969217,7.23259775159741,6.38166862276904,-2.45537486328129,3.88168461449652,0.439461565052335,0.435216391197929,1.18487912978372,7.23259775159741,1.85342960278015,-2.45537486328129,1.35626923840071,-0.822205017211536,-0.831911920551476,-271.549195985128,12,1,"normal",46
"927",35.34909,0.617086791113107,1,0.639769880983136,80,0.382911974969217,7.23259775159741,6.38166862276904,-2.45537486328129,3.88168461449652,0.439461565052335,0.435216391197929,1.18487912978372,7.23259775159741,1.85342960278015,-2.45537486328129,1.35626923840071,-0.822205017211536,-0.831911920551476,-271.549195985128,12,1,"normal",47
"928",-8.3436,0.384628006129563,1,0.874073172208056,80,0.382911974969217,7.23259775159741,6.38166862276904,-2.45537486328129,3.88168461449652,0.439461565052335,0.435216391197929,1.18487912978372,7.23259775159741,1.85342960278015,-2.45537486328129,1.35626923840071,-0.822205017211536,-0.831911920551476,-271.549195985128,12,1,"normal",48
"929",-42.72309,0.382911974969218,1,0.527288543023982,80,0.382911974969217,7.23259775159741,6.38166862276904,-2.45537486328129,3.88168461449652,0.439461565052335,0.435216391197929,1.18487912978372,7.23259775159741,1.85342960278015,-2.45537486328129,1.35626923840071,-0.822205017211536,-0.831911920551476,-271.549195985128,12,1,"normal",49
"930",7.6974493898,0.506799057903334,1,0.711938866370492,80,0.382911974969217,7.23259775159741,6.38166862276904,-2.45537486328129,3.88168461449652,0.439461565052335,0.435216391197929,1.18487912978372,7.23259775159741,1.85342960278015,-2.45537486328129,1.35626923840071,-0.822205017211536,-0.831911920551476,-271.549195985128,12,1,"normal",50
"931",34.45541,0.617085692607978,1,0.682217976590815,80,0.382911974969217,7.23259775159741,6.38166862276904,-2.45537486328129,3.88168461449652,0.439461565052335,0.435216391197929,1.18487912978372,7.23259775159741,1.85342960278015,-2.45537486328129,1.35626923840071,-0.822205017211536,-0.831911920551476,-271.549195985128,12,1,"normal",51
"932",26.06882,0.616717888867278,1,0.929110539248437,80,0.382911974969217,7.23259775159741,6.38166862276904,-2.45537486328129,3.88168461449652,0.439461565052335,0.435216391197929,1.18487912978372,7.23259775159741,1.85342960278015,-2.45537486328129,1.35626923840071,-0.822205017211536,-0.831911920551476,-271.549195985128,12,1,"normal",52
"933",12.91313,0.573367987718331,0,0.62679278411221,80,0.382911974969217,7.23259775159741,6.38166862276904,-2.45537486328129,3.88168461449652,0.439461565052335,0.435216391197929,1.18487912978372,7.23259775159741,1.85342960278015,-2.45537486328129,1.35626923840071,-0.822205017211536,-0.831911920551476,-271.549195985128,12,1,"normal",53
"934",-13.42886,0.383053099530826,0,0.64841216430188,80,0.382911974969217,7.23259775159741,6.38166862276904,-2.45537486328129,3.88168461449652,0.439461565052335,0.435216391197929,1.18487912978372,7.23259775159741,1.85342960278015,-2.45537486328129,1.35626923840071,-0.822205017211536,-0.831911920551476,-271.549195985128,12,1,"normal",54
"935",33.3799,0.617083129763838,0,0.548612940141414,80,0.382911974969217,7.23259775159741,6.38166862276904,-2.45537486328129,3.88168461449652,0.439461565052335,0.435216391197929,1.18487912978372,7.23259775159741,1.85342960278015,-2.45537486328129,1.35626923840071,-0.822205017211536,-0.831911920551476,-271.549195985128,12,1,"normal",55
"936",-6.6259,0.386411158121428,1,0.801864128023058,80,0.382911974969217,7.23259775159741,6.38166862276904,-2.45537486328129,3.88168461449652,0.439461565052335,0.435216391197929,1.18487912978372,7.23259775159741,1.85342960278015,-2.45537486328129,1.35626923840071,-0.822205017211536,-0.831911920551476,-271.549195985128,12,1,"normal",56
"937",32.80892,0.617080848443391,1,0.611644556321908,80,0.382911974969217,7.23259775159741,6.38166862276904,-2.45537486328129,3.88168461449652,0.439461565052335,0.435216391197929,1.18487912978372,7.23259775159741,1.85342960278015,-2.45537486328129,1.35626923840071,-0.822205017211536,-0.831911920551476,-271.549195985128,12,1,"normal",57
"938",27.28419,0.616891594569388,0,0.539943047767758,80,0.382911974969217,7.23259775159741,6.38166862276904,-2.45537486328129,3.88168461449652,0.439461565052335,0.435216391197929,1.18487912978372,7.23259775159741,1.85342960278015,-2.45537486328129,1.35626923840071,-0.822205017211536,-0.831911920551476,-271.549195985128,12,1,"normal",58
"939",-16.5167,0.382935164597833,0,0.693838945240756,80,0.382911974969217,7.23259775159741,6.38166862276904,-2.45537486328129,3.88168461449652,0.439461565052335,0.435216391197929,1.18487912978372,7.23259775159741,1.85342960278015,-2.45537486328129,1.35626923840071,-0.822205017211536,-0.831911920551476,-271.549195985128,12,1,"normal",59
"940",-26.52691,0.3829119892851,0,0.691234776434763,80,0.382911974969217,7.23259775159741,6.38166862276904,-2.45537486328129,3.88168461449652,0.439461565052335,0.435216391197929,1.18487912978372,7.23259775159741,1.85342960278015,-2.45537486328129,1.35626923840071,-0.822205017211536,-0.831911920551476,-271.549195985128,12,1,"normal",60
"941",-22.46155,0.382912357940328,1,0.913692762048023,80,0.382911974969217,7.23259775159741,6.38166862276904,-2.45537486328129,3.88168461449652,0.439461565052335,0.435216391197929,1.18487912978372,7.23259775159741,1.85342960278015,-2.45537486328129,1.35626923840071,-0.822205017211536,-0.831911920551476,-271.549195985128,12,1,"normal",61
"942",15.97573,0.597104043059585,1,0.672902287468809,80,0.382911974969217,7.23259775159741,6.38166862276904,-2.45537486328129,3.88168461449652,0.439461565052335,0.435216391197929,1.18487912978372,7.23259775159741,1.85342960278015,-2.45537486328129,1.35626923840071,-0.822205017211536,-0.831911920551476,-271.549195985128,12,1,"normal",62
"943",9.691568475,0.53512617907415,1,0.621381351918469,80,0.382911974969217,7.23259775159741,6.38166862276904,-2.45537486328129,3.88168461449652,0.439461565052335,0.435216391197929,1.18487912978372,7.23259775159741,1.85342960278015,-2.45537486328129,1.35626923840071,-0.822205017211536,-0.831911920551476,-271.549195985128,12,1,"normal",63
"944",-9.6792,0.383854272915726,0,0.774333482492605,80,0.382911974969217,7.23259775159741,6.38166862276904,-2.45537486328129,3.88168461449652,0.439461565052335,0.435216391197929,1.18487912978372,7.23259775159741,1.85342960278015,-2.45537486328129,1.35626923840071,-0.822205017211536,-0.831911920551476,-271.549195985128,12,1,"normal",64
"945",-27.06294,0.3829119839825,0,0.644982467563246,80,0.382911974969217,7.23259775159741,6.38166862276904,-2.45537486328129,3.88168461449652,0.439461565052335,0.435216391197929,1.18487912978372,7.23259775159741,1.85342960278015,-2.45537486328129,1.35626923840071,-0.822205017211536,-0.831911920551476,-271.549195985128,12,1,"normal",65
"946",26.98556,0.616857787321519,1,0.98776495609081,80,0.382911974969217,7.23259775159741,6.38166862276904,-2.45537486328129,3.88168461449652,0.439461565052335,0.435216391197929,1.18487912978372,7.23259775159741,1.85342960278015,-2.45537486328129,1.35626923840071,-0.822205017211536,-0.831911920551476,-271.549195985128,12,1,"normal",66
"947",7.24952179164,0.500247754657916,0,0.729682082286657,80,0.382911974969217,7.23259775159741,6.38166862276904,-2.45537486328129,3.88168461449652,0.439461565052335,0.435216391197929,1.18487912978372,7.23259775159741,1.85342960278015,-2.45537486328129,1.35626923840071,-0.822205017211536,-0.831911920551476,-271.549195985128,12,1,"normal",67
"948",8.2154939778,0.514332159610692,0,0.642094471988532,80,0.382911974969217,7.23259775159741,6.38166862276904,-2.45537486328129,3.88168461449652,0.439461565052335,0.435216391197929,1.18487912978372,7.23259775159741,1.85342960278015,-2.45537486328129,1.35626923840071,-0.822205017211536,-0.831911920551476,-271.549195985128,12,1,"normal",68
"949",-19.9611,0.382914355525988,0,0.710609383570473,80,0.382911974969217,7.23259775159741,6.38166862276904,-2.45537486328129,3.88168461449652,0.439461565052335,0.435216391197929,1.18487912978372,7.23259775159741,1.85342960278015,-2.45537486328129,1.35626923840071,-0.822205017211536,-0.831911920551476,-271.549195985128,12,1,"normal",69
"950",-13.27087,0.383065847413063,0,0.717213378072226,80,0.382911974969217,7.23259775159741,6.38166862276904,-2.45537486328129,3.88168461449652,0.439461565052335,0.435216391197929,1.18487912978372,7.23259775159741,1.85342960278015,-2.45537486328129,1.35626923840071,-0.822205017211536,-0.831911920551476,-271.549195985128,12,1,"normal",70
"951",-12.7784,0.383112715987843,1,0.670347236142709,80,0.382911974969217,7.23259775159741,6.38166862276904,-2.45537486328129,3.88168461449652,0.439461565052335,0.435216391197929,1.18487912978372,7.23259775159741,1.85342960278015,-2.45537486328129,1.35626923840071,-0.822205017211536,-0.831911920551476,-271.549195985128,12,1,"normal",71
"952",32.14699,0.617076949224542,1,0.975276327539416,80,0.382911974969217,7.23259775159741,6.38166862276904,-2.45537486328129,3.88168461449652,0.439461565052335,0.435216391197929,1.18487912978372,7.23259775159741,1.85342960278015,-2.45537486328129,1.35626923840071,-0.822205017211536,-0.831911920551476,-271.549195985128,12,1,"normal",72
"953",-22.08606,0.382912483615958,0,0.719933226443441,80,0.382911974969217,7.23259775159741,6.38166862276904,-2.45537486328129,3.88168461449652,0.439461565052335,0.435216391197929,1.18487912978372,7.23259775159741,1.85342960278015,-2.45537486328129,1.35626923840071,-0.822205017211536,-0.831911920551476,-271.549195985128,12,1,"normal",73
"954",8.30770268094,0.515664578672115,1,0.738478117430463,80,0.382911974969217,7.23259775159741,6.38166862276904,-2.45537486328129,3.88168461449652,0.439461565052335,0.435216391197929,1.18487912978372,7.23259775159741,1.85342960278015,-2.45537486328129,1.35626923840071,-0.822205017211536,-0.831911920551476,-271.549195985128,12,1,"normal",74
"955",-8.31486,0.384649522385966,1,0.542233568290565,80,0.382911974969217,7.23259775159741,6.38166862276904,-2.45537486328129,3.88168461449652,0.439461565052335,0.435216391197929,1.18487912978372,7.23259775159741,1.85342960278015,-2.45537486328129,1.35626923840071,-0.822205017211536,-0.831911920551476,-271.549195985128,12,1,"normal",75
"956",41.43204,0.617088015233086,1,0.737238191125628,80,0.382911974969217,7.23259775159741,6.38166862276904,-2.45537486328129,3.88168461449652,0.439461565052335,0.435216391197929,1.18487912978372,7.23259775159741,1.85342960278015,-2.45537486328129,1.35626923840071,-0.822205017211536,-0.831911920551476,-271.549195985128,12,1,"normal",76
"957",24.55919,0.616312148009159,1,0.792600683368946,80,0.382911974969217,7.23259775159741,6.38166862276904,-2.45537486328129,3.88168461449652,0.439461565052335,0.435216391197929,1.18487912978372,7.23259775159741,1.85342960278015,-2.45537486328129,1.35626923840071,-0.822205017211536,-0.831911920551476,-271.549195985128,12,1,"normal",77
"958",-11.6067,0.383281533923295,0,0.677484749077821,80,0.382911974969217,7.23259775159741,6.38166862276904,-2.45537486328129,3.88168461449652,0.439461565052335,0.435216391197929,1.18487912978372,7.23259775159741,1.85342960278015,-2.45537486328129,1.35626923840071,-0.822205017211536,-0.831911920551476,-271.549195985128,12,1,"normal",78
"959",27.37612,0.616901043283779,0,0.759217049440262,80,0.382911974969217,7.23259775159741,6.38166862276904,-2.45537486328129,3.88168461449652,0.439461565052335,0.435216391197929,1.18487912978372,7.23259775159741,1.85342960278015,-2.45537486328129,1.35626923840071,-0.822205017211536,-0.831911920551476,-271.549195985128,12,1,"normal",79
"960",26.96165,0.616854861815143,0,0.887593756188759,80,0.382911974969217,7.23259775159741,6.38166862276904,-2.45537486328129,3.88168461449652,0.439461565052335,0.435216391197929,1.18487912978372,7.23259775159741,1.85342960278015,-2.45537486328129,1.35626923840071,-0.822205017211536,-0.831911920551476,-271.549195985128,12,1,"normal",80
"961",10.4424406131,0.510524622619289,0,0.607269232181908,80,0.00661762651782255,9.89489119722764,20.4780562909869,-1.5553723257828,2.76861710260799,0.262596662861751,0.286505439977801,-4.31154770524679,9.89489119722764,3.01935388800064,-1.5553723257828,1.01834795460126,-1.33713602526064,-1.24999775530149,127.924456250964,13,1,"normal",1
"962",10.822461059,0.517825146209897,1,0.832958964724349,80,0.00661762651782255,9.89489119722764,20.4780562909869,-1.5553723257828,2.76861710260799,0.262596662861751,0.286505439977801,-4.31154770524679,9.89489119722764,3.01935388800064,-1.5553723257828,1.01834795460126,-1.33713602526064,-1.24999775530149,127.924456250964,13,1,"normal",2
"963",1.42344183392,0.341676242349931,0,0.622845843645057,80,0.00661762651782255,9.89489119722764,20.4780562909869,-1.5553723257828,2.76861710260799,0.262596662861751,0.286505439977801,-4.31154770524679,9.89489119722764,3.01935388800064,-1.5553723257828,1.01834795460126,-1.33713602526064,-1.24999775530149,127.924456250964,13,1,"normal",3
"964",9.66780809672,0.495634732384744,1,1.0013795413023,80,0.00661762651782255,9.89489119722764,20.4780562909869,-1.5553723257828,2.76861710260799,0.262596662861751,0.286505439977801,-4.31154770524679,9.89489119722764,3.01935388800064,-1.5553723257828,1.01834795460126,-1.33713602526064,-1.24999775530149,127.924456250964,13,1,"normal",4
"965",4.8594505423,0.404167346842542,0,0.709416640021927,80,0.00661762651782255,9.89489119722764,20.4780562909869,-1.5553723257828,2.76861710260799,0.262596662861751,0.286505439977801,-4.31154770524679,9.89489119722764,3.01935388800064,-1.5553723257828,1.01834795460126,-1.33713602526064,-1.24999775530149,127.924456250964,13,1,"normal",5
"966",7.174,0.447848141070771,1,0.994775866892399,80,0.00661762651782255,9.89489119722764,20.4780562909869,-1.5553723257828,2.76861710260799,0.262596662861751,0.286505439977801,-4.31154770524679,9.89489119722764,3.01935388800064,-1.5553723257828,1.01834795460126,-1.33713602526064,-1.24999775530149,127.924456250964,13,1,"normal",6
"967",6.359207219744,0.432367580101898,1,0.514516033299865,80,0.00661762651782255,9.89489119722764,20.4780562909869,-1.5553723257828,2.76861710260799,0.262596662861751,0.286505439977801,-4.31154770524679,9.89489119722764,3.01935388800064,-1.5553723257828,1.01834795460126,-1.33713602526064,-1.24999775530149,127.924456250964,13,1,"normal",7
"968",5.11971,0.409028943860528,0,0.648495749948488,80,0.00661762651782255,9.89489119722764,20.4780562909869,-1.5553723257828,2.76861710260799,0.262596662861751,0.286505439977801,-4.31154770524679,9.89489119722764,3.01935388800064,-1.5553723257828,1.01834795460126,-1.33713602526064,-1.24999775530149,127.924456250964,13,1,"normal",8
"969",6.5460433312,0.435908846453741,1,0.939657926881526,80,0.00661762651782255,9.89489119722764,20.4780562909869,-1.5553723257828,2.76861710260799,0.262596662861751,0.286505439977801,-4.31154770524679,9.89489119722764,3.01935388800064,-1.5553723257828,1.01834795460126,-1.33713602526064,-1.24999775530149,127.924456250964,13,1,"normal",9
"970",9.93281,0.500728935879382,0,0.717223586325761,80,0.00661762651782255,9.89489119722764,20.4780562909869,-1.5553723257828,2.76861710260799,0.262596662861751,0.286505439977801,-4.31154770524679,9.89489119722764,3.01935388800064,-1.5553723257828,1.01834795460126,-1.33713602526064,-1.24999775530149,127.924456250964,13,1,"normal",10
"971",24.7928,0.763014228641427,1,0.675077219140809,80,0.00661762651782255,9.89489119722764,20.4780562909869,-1.5553723257828,2.76861710260799,0.262596662861751,0.286505439977801,-4.31154770524679,9.89489119722764,3.01935388800064,-1.5553723257828,1.01834795460126,-1.33713602526064,-1.24999775530149,127.924456250964,13,1,"normal",11
"972",-21.91815,0.0659711761588653,0,0.59366476836893,80,0.00661762651782255,9.89489119722764,20.4780562909869,-1.5553723257828,2.76861710260799,0.262596662861751,0.286505439977801,-4.31154770524679,9.89489119722764,3.01935388800064,-1.5553723257828,1.01834795460126,-1.33713602526064,-1.24999775530149,127.924456250964,13,1,"normal",12
"973",-13.11361,0.135487168343859,0,0.598678605391308,80,0.00661762651782255,9.89489119722764,20.4780562909869,-1.5553723257828,2.76861710260799,0.262596662861751,0.286505439977801,-4.31154770524679,9.89489119722764,3.01935388800064,-1.5553723257828,1.01834795460126,-1.33713602526064,-1.24999775530149,127.924456250964,13,1,"normal",13
"974",0.26953,0.321559125708154,0,0.66884474897432,80,0.00661762651782255,9.89489119722764,20.4780562909869,-1.5553723257828,2.76861710260799,0.262596662861751,0.286505439977801,-4.31154770524679,9.89489119722764,3.01935388800064,-1.5553723257828,1.01834795460126,-1.33713602526064,-1.24999775530149,127.924456250964,13,1,"normal",14
"975",-1.05652,0.299093078012459,0,0.717840047730411,80,0.00661762651782255,9.89489119722764,20.4780562909869,-1.5553723257828,2.76861710260799,0.262596662861751,0.286505439977801,-4.31154770524679,9.89489119722764,3.01935388800064,-1.5553723257828,1.01834795460126,-1.33713602526064,-1.24999775530149,127.924456250964,13,1,"normal",15
"976",7.680035613,0.457505345735381,1,0.685641722357237,80,0.00661762651782255,9.89489119722764,20.4780562909869,-1.5553723257828,2.76861710260799,0.262596662861751,0.286505439977801,-4.31154770524679,9.89489119722764,3.01935388800064,-1.5553723257828,1.01834795460126,-1.33713602526064,-1.24999775530149,127.924456250964,13,1,"normal",16
"977",1.47477,0.342582504853447,1,0.59799703268337,80,0.00661762651782255,9.89489119722764,20.4780562909869,-1.5553723257828,2.76861710260799,0.262596662861751,0.286505439977801,-4.31154770524679,9.89489119722764,3.01935388800064,-1.5553723257828,1.01834795460126,-1.33713602526064,-1.24999775530149,127.924456250964,13,1,"normal",17
"978",-3.05213,0.266744041827729,1,0.69027596119131,80,0.00661762651782255,9.89489119722764,20.4780562909869,-1.5553723257828,2.76861710260799,0.262596662861751,0.286505439977801,-4.31154770524679,9.89489119722764,3.01935388800064,-1.5553723257828,1.01834795460126,-1.33713602526064,-1.24999775530149,127.924456250964,13,1,"normal",18
"979",-26.7549,0.0428814641914215,0,0.520464971462814,80,0.00661762651782255,9.89489119722764,20.4780562909869,-1.5553723257828,2.76861710260799,0.262596662861751,0.286505439977801,-4.31154770524679,9.89489119722764,3.01935388800064,-1.5553723257828,1.01834795460126,-1.33713602526064,-1.24999775530149,127.924456250964,13,1,"normal",19
"980",12.32931,0.546688324134414,0,0.585754018505849,80,0.00661762651782255,9.89489119722764,20.4780562909869,-1.5553723257828,2.76861710260799,0.262596662861751,0.286505439977801,-4.31154770524679,9.89489119722764,3.01935388800064,-1.5553723257828,1.01834795460126,-1.33713602526064,-1.24999775530149,127.924456250964,13,1,"normal",20
"981",8.1675,0.466832642649782,1,0.703967054332956,80,0.00661762651782255,9.89489119722764,20.4780562909869,-1.5553723257828,2.76861710260799,0.262596662861751,0.286505439977801,-4.31154770524679,9.89489119722764,3.01935388800064,-1.5553723257828,1.01834795460126,-1.33713602526064,-1.24999775530149,127.924456250964,13,1,"normal",21
"982",15.0791,0.598604847294362,1,1.05481964574745,80,0.00661762651782255,9.89489119722764,20.4780562909869,-1.5553723257828,2.76861710260799,0.262596662861751,0.286505439977801,-4.31154770524679,9.89489119722764,3.01935388800064,-1.5553723257828,1.01834795460126,-1.33713602526064,-1.24999775530149,127.924456250964,13,1,"normal",22
"983",-19.85799,0.0787734535549918,0,0.437997322864751,80,0.00661762651782255,9.89489119722764,20.4780562909869,-1.5553723257828,2.76861710260799,0.262596662861751,0.286505439977801,-4.31154770524679,9.89489119722764,3.01935388800064,-1.5553723257828,1.01834795460126,-1.33713602526064,-1.24999775530149,127.924456250964,13,1,"normal",23
"984",16.59307,0.626503539013092,0,0.767303161602488,80,0.00661762651782255,9.89489119722764,20.4780562909869,-1.5553723257828,2.76861710260799,0.262596662861751,0.286505439977801,-4.31154770524679,9.89489119722764,3.01935388800064,-1.5553723257828,1.01834795460126,-1.33713602526064,-1.24999775530149,127.924456250964,13,1,"normal",24
"985",4.9775189659,0.40637100689898,1,0.750370018909364,80,0.00661762651782255,9.89489119722764,20.4780562909869,-1.5553723257828,2.76861710260799,0.262596662861751,0.286505439977801,-4.31154770524679,9.89489119722764,3.01935388800064,-1.5553723257828,1.01834795460126,-1.33713602526064,-1.24999775530149,127.924456250964,13,1,"normal",25
"986",-2.2204,0.280002279835033,0,0.692402970602026,80,0.00661762651782255,9.89489119722764,20.4780562909869,-1.5553723257828,2.76861710260799,0.262596662861751,0.286505439977801,-4.31154770524679,9.89489119722764,3.01935388800064,-1.5553723257828,1.01834795460126,-1.33713602526064,-1.24999775530149,127.924456250964,13,1,"normal",26
"987",-26.4738,0.0439842503297784,0,0.518157146477612,80,0.00661762651782255,9.89489119722764,20.4780562909869,-1.5553723257828,2.76861710260799,0.262596662861751,0.286505439977801,-4.31154770524679,9.89489119722764,3.01935388800064,-1.5553723257828,1.01834795460126,-1.33713602526064,-1.24999775530149,127.924456250964,13,1,"normal",27
"988",5.2008447478,0.410547510608569,1,0.738326676730546,80,0.00661762651782255,9.89489119722764,20.4780562909869,-1.5553723257828,2.76861710260799,0.262596662861751,0.286505439977801,-4.31154770524679,9.89489119722764,3.01935388800064,-1.5553723257828,1.01834795460126,-1.33713602526064,-1.24999775530149,127.924456250964,13,1,"normal",28
"989",-22.38352,0.0633416037008386,0,0.462476675738767,80,0.00661762651782255,9.89489119722764,20.4780562909869,-1.5553723257828,2.76861710260799,0.262596662861751,0.286505439977801,-4.31154770524679,9.89489119722764,3.01935388800064,-1.5553723257828,1.01834795460126,-1.33713602526064,-1.24999775530149,127.924456250964,13,1,"normal",29
"990",3.25152,0.374495616710184,0,0.812163577930451,80,0.00661762651782255,9.89489119722764,20.4780562909869,-1.5553723257828,2.76861710260799,0.262596662861751,0.286505439977801,-4.31154770524679,9.89489119722764,3.01935388800064,-1.5553723257828,1.01834795460126,-1.33713602526064,-1.24999775530149,127.924456250964,13,1,"normal",30
"991",27.2021,0.797005235464681,0,0.578595981909202,80,0.00661762651782255,9.89489119722764,20.4780562909869,-1.5553723257828,2.76861710260799,0.262596662861751,0.286505439977801,-4.31154770524679,9.89489119722764,3.01935388800064,-1.5553723257828,1.01834795460126,-1.33713602526064,-1.24999775530149,127.924456250964,13,1,"normal",31
"992",-28.34492,0.0371342927022753,0,0.543330025654429,80,0.00661762651782255,9.89489119722764,20.4780562909869,-1.5553723257828,2.76861710260799,0.262596662861751,0.286505439977801,-4.31154770524679,9.89489119722764,3.01935388800064,-1.5553723257828,1.01834795460126,-1.33713602526064,-1.24999775530149,127.924456250964,13,1,"normal",32
"993",-7.4475,0.202521898582874,1,0.897542417319912,80,0.00661762651782255,9.89489119722764,20.4780562909869,-1.5553723257828,2.76861710260799,0.262596662861751,0.286505439977801,-4.31154770524679,9.89489119722764,3.01935388800064,-1.5553723257828,1.01834795460126,-1.33713602526064,-1.24999775530149,127.924456250964,13,1,"normal",33
"994",36.99954,0.90179202744825,1,0.602396912612434,80,0.00661762651782255,9.89489119722764,20.4780562909869,-1.5553723257828,2.76861710260799,0.262596662861751,0.286505439977801,-4.31154770524679,9.89489119722764,3.01935388800064,-1.5553723257828,1.01834795460126,-1.33713602526064,-1.24999775530149,127.924456250964,13,1,"normal",34
"995",3.18860339404,0.373348706068739,1,0.551577319025433,80,0.00661762651782255,9.89489119722764,20.4780562909869,-1.5553723257828,2.76861710260799,0.262596662861751,0.286505439977801,-4.31154770524679,9.89489119722764,3.01935388800064,-1.5553723257828,1.01834795460126,-1.33713602526064,-1.24999775530149,127.924456250964,13,1,"normal",35
"996",2.86175,0.36740925224782,0,0.851035265151088,80,0.00661762651782255,9.89489119722764,20.4780562909869,-1.5553723257828,2.76861710260799,0.262596662861751,0.286505439977801,-4.31154770524679,9.89489119722764,3.01935388800064,-1.5553723257828,1.01834795460126,-1.33713602526064,-1.24999775530149,127.924456250964,13,1,"normal",36
"997",4.8171046497,0.403377749056818,1,0.701271978516447,80,0.00661762651782255,9.89489119722764,20.4780562909869,-1.5553723257828,2.76861710260799,0.262596662861751,0.286505439977801,-4.31154770524679,9.89489119722764,3.01935388800064,-1.5553723257828,1.01834795460126,-1.33713602526064,-1.24999775530149,127.924456250964,13,1,"normal",37
"998",3.34192,0.376145523595524,1,0.635851099852171,80,0.00661762651782255,9.89489119722764,20.4780562909869,-1.5553723257828,2.76861710260799,0.262596662861751,0.286505439977801,-4.31154770524679,9.89489119722764,3.01935388800064,-1.5553723257828,1.01834795460126,-1.33713602526064,-1.24999775530149,127.924456250964,13,1,"normal",38
"999",42.133271,0.936435864223422,1,0.729448316705387,80,0.00661762651782255,9.89489119722764,20.4780562909869,-1.5553723257828,2.76861710260799,0.262596662861751,0.286505439977801,-4.31154770524679,9.89489119722764,3.01935388800064,-1.5553723257828,1.01834795460126,-1.33713602526064,-1.24999775530149,127.924456250964,13,1,"normal",39
"1000",41.8968,0.935107301696006,0,0.615247546951798,80,0.00661762651782255,9.89489119722764,20.4780562909869,-1.5553723257828,2.76861710260799,0.262596662861751,0.286505439977801,-4.31154770524679,9.89489119722764,3.01935388800064,-1.5553723257828,1.01834795460126,-1.33713602526064,-1.24999775530149,127.924456250964,13,1,"normal",40
"1001",2.7161761638,0.364774312518033,0,0.580808930049525,80,0.00661762651782255,9.89489119722764,20.4780562909869,-1.5553723257828,2.76861710260799,0.262596662861751,0.286505439977801,-4.31154770524679,9.89489119722764,3.01935388800064,-1.5553723257828,1.01834795460126,-1.33713602526064,-1.24999775530149,127.924456250964,13,1,"normal",41
"1002",48.14188,0.962889832801325,1,0.571474570235262,80,0.00661762651782255,9.89489119722764,20.4780562909869,-1.5553723257828,2.76861710260799,0.262596662861751,0.286505439977801,-4.31154770524679,9.89489119722764,3.01935388800064,-1.5553723257828,1.01834795460126,-1.33713602526064,-1.24999775530149,127.924456250964,13,1,"normal",42
"1003",38.183047,0.910908835069933,1,0.646388690517207,80,0.00661762651782255,9.89489119722764,20.4780562909869,-1.5553723257828,2.76861710260799,0.262596662861751,0.286505439977801,-4.31154770524679,9.89489119722764,3.01935388800064,-1.5553723257828,1.01834795460126,-1.33713602526064,-1.24999775530149,127.924456250964,13,1,"normal",43
"1004",-29.2672,0.0341610957236608,0,0.555726184696375,80,0.00661762651782255,9.89489119722764,20.4780562909869,-1.5553723257828,2.76861710260799,0.262596662861751,0.286505439977801,-4.31154770524679,9.89489119722764,3.01935388800064,-1.5553723257828,1.01834795460126,-1.33713602526064,-1.24999775530149,127.924456250964,13,1,"normal",44
"1005",32.479699,0.860129693424551,1,0.570329543999762,80,0.00661762651782255,9.89489119722764,20.4780562909869,-1.5553723257828,2.76861710260799,0.262596662861751,0.286505439977801,-4.31154770524679,9.89489119722764,3.01935388800064,-1.5553723257828,1.01834795460126,-1.33713602526064,-1.24999775530149,127.924456250964,13,1,"normal",45
"1006",-27.18121,0.0412599242367784,0,0.683844254238812,80,0.00661762651782255,9.89489119722764,20.4780562909869,-1.5553723257828,2.76861710260799,0.262596662861751,0.286505439977801,-4.31154770524679,9.89489119722764,3.01935388800064,-1.5553723257828,1.01834795460126,-1.33713602526064,-1.24999775530149,127.924456250964,13,1,"normal",46
"1007",8.31219,0.469605031754136,1,0.582331853244201,80,0.00661762651782255,9.89489119722764,20.4780562909869,-1.5553723257828,2.76861710260799,0.262596662861751,0.286505439977801,-4.31154770524679,9.89489119722764,3.01935388800064,-1.5553723257828,1.01834795460126,-1.33713602526064,-1.24999775530149,127.924456250964,13,1,"normal",47
"1008",36.02855,0.893772239672115,1,0.640078843712003,80,0.00661762651782255,9.89489119722764,20.4780562909869,-1.5553723257828,2.76861710260799,0.262596662861751,0.286505439977801,-4.31154770524679,9.89489119722764,3.01935388800064,-1.5553723257828,1.01834795460126,-1.33713602526064,-1.24999775530149,127.924456250964,13,1,"normal",48
"1009",-38.57804,0.015463817951963,0,0.479642122883686,80,0.00661762651782255,9.89489119722764,20.4780562909869,-1.5553723257828,2.76861710260799,0.262596662861751,0.286505439977801,-4.31154770524679,9.89489119722764,3.01935388800064,-1.5553723257828,1.01834795460126,-1.33713602526064,-1.24999775530149,127.924456250964,13,1,"normal",49
"1010",-16.63712,0.102877776715517,1,0.579993693099067,80,0.00661762651782255,9.89489119722764,20.4780562909869,-1.5553723257828,2.76861710260799,0.262596662861751,0.286505439977801,-4.31154770524679,9.89489119722764,3.01935388800064,-1.5553723257828,1.01834795460126,-1.33713602526064,-1.24999775530149,127.924456250964,13,1,"normal",50
"1011",2.1985583328,0.355459156030587,0,0.598999236642556,80,0.00661762651782255,9.89489119722764,20.4780562909869,-1.5553723257828,2.76861710260799,0.262596662861751,0.286505439977801,-4.31154770524679,9.89489119722764,3.01935388800064,-1.5553723257828,1.01834795460126,-1.33713602526064,-1.24999775530149,127.924456250964,13,1,"normal",51
"1012",3.7213124214,0.383094981126496,0,0.910652644626983,80,0.00661762651782255,9.89489119722764,20.4780562909869,-1.5553723257828,2.76861710260799,0.262596662861751,0.286505439977801,-4.31154770524679,9.89489119722764,3.01935388800064,-1.5553723257828,1.01834795460126,-1.33713602526064,-1.24999775530149,127.924456250964,13,1,"normal",52
"1013",31.783,0.85270217495449,1,0.591535778794004,80,0.00661762651782255,9.89489119722764,20.4780562909869,-1.5553723257828,2.76861710260799,0.262596662861751,0.286505439977801,-4.31154770524679,9.89489119722764,3.01935388800064,-1.5553723257828,1.01834795460126,-1.33713602526064,-1.24999775530149,127.924456250964,13,1,"normal",53
"1014",28.97286,0.819944731561712,1,0.565330131673689,80,0.00661762651782255,9.89489119722764,20.4780562909869,-1.5553723257828,2.76861710260799,0.262596662861751,0.286505439977801,-4.31154770524679,9.89489119722764,3.01935388800064,-1.5553723257828,1.01834795460126,-1.33713602526064,-1.24999775530149,127.924456250964,13,1,"normal",54
"1015",-20.4677,0.0747818686398184,0,0.466837946386636,80,0.00661762651782255,9.89489119722764,20.4780562909869,-1.5553723257828,2.76861710260799,0.262596662861751,0.286505439977801,-4.31154770524679,9.89489119722764,3.01935388800064,-1.5553723257828,1.01834795460126,-1.33713602526064,-1.24999775530149,127.924456250964,13,1,"normal",55
"1016",-23.40416,0.0578956793859348,0,0.565291985310249,80,0.00661762651782255,9.89489119722764,20.4780562909869,-1.5553723257828,2.76861710260799,0.262596662861751,0.286505439977801,-4.31154770524679,9.89489119722764,3.01935388800064,-1.5553723257828,1.01834795460126,-1.33713602526064,-1.24999775530149,127.924456250964,13,1,"normal",56
"1017",-2.89522,0.269219948883202,1,0.789338756125081,80,0.00661762651782255,9.89489119722764,20.4780562909869,-1.5553723257828,2.76861710260799,0.262596662861751,0.286505439977801,-4.31154770524679,9.89489119722764,3.01935388800064,-1.5553723257828,1.01834795460126,-1.33713602526064,-1.24999775530149,127.924456250964,13,1,"normal",57
"1018",-18.40406,0.0890112648129528,0,0.646505761304819,80,0.00661762651782255,9.89489119722764,20.4780562909869,-1.5553723257828,2.76861710260799,0.262596662861751,0.286505439977801,-4.31154770524679,9.89489119722764,3.01935388800064,-1.5553723257828,1.01834795460126,-1.33713602526064,-1.24999775530149,127.924456250964,13,1,"normal",58
"1019",12.31719,0.546456966390902,0,0.49120254106376,80,0.00661762651782255,9.89489119722764,20.4780562909869,-1.5553723257828,2.76861710260799,0.262596662861751,0.286505439977801,-4.31154770524679,9.89489119722764,3.01935388800064,-1.5553723257828,1.01834795460126,-1.33713602526064,-1.24999775530149,127.924456250964,13,1,"normal",59
"1020",17.13472,0.636329921291133,0,0.858532148287278,80,0.00661762651782255,9.89489119722764,20.4780562909869,-1.5553723257828,2.76861710260799,0.262596662861751,0.286505439977801,-4.31154770524679,9.89489119722764,3.01935388800064,-1.5553723257828,1.01834795460126,-1.33713602526064,-1.24999775530149,127.924456250964,13,1,"normal",60
"1021",17.13015,0.636247388446684,1,0.883623121797495,80,0.00661762651782255,9.89489119722764,20.4780562909869,-1.5553723257828,2.76861710260799,0.262596662861751,0.286505439977801,-4.31154770524679,9.89489119722764,3.01935388800064,-1.5553723257828,1.01834795460126,-1.33713602526064,-1.24999775530149,127.924456250964,13,1,"normal",61
"1022",-16.42926,0.104615340524757,0,0.640788607836481,80,0.00661762651782255,9.89489119722764,20.4780562909869,-1.5553723257828,2.76861710260799,0.262596662861751,0.286505439977801,-4.31154770524679,9.89489119722764,3.01935388800064,-1.5553723257828,1.01834795460126,-1.33713602526064,-1.24999775530149,127.924456250964,13,1,"normal",62
"1023",-5.32431,0.232272602636642,1,0.490444356023611,80,0.00661762651782255,9.89489119722764,20.4780562909869,-1.5553723257828,2.76861710260799,0.262596662861751,0.286505439977801,-4.31154770524679,9.89489119722764,3.01935388800064,-1.5553723257828,1.01834795460126,-1.33713602526064,-1.24999775530149,127.924456250964,13,1,"normal",63
"1024",-8.09639,0.193924211206905,1,0.597132220089745,80,0.00661762651782255,9.89489119722764,20.4780562909869,-1.5553723257828,2.76861710260799,0.262596662861751,0.286505439977801,-4.31154770524679,9.89489119722764,3.01935388800064,-1.5553723257828,1.01834795460126,-1.33713602526064,-1.24999775530149,127.924456250964,13,1,"normal",64
"1025",-11.497851,0.152746172098925,0,0.897599521129386,80,0.00661762651782255,9.89489119722764,20.4780562909869,-1.5553723257828,2.76861710260799,0.262596662861751,0.286505439977801,-4.31154770524679,9.89489119722764,3.01935388800064,-1.5553723257828,1.01834795460126,-1.33713602526064,-1.24999775530149,127.924456250964,13,1,"normal",65
"1026",29.58038,0.827407070094489,1,0.564042784753613,80,0.00661762651782255,9.89489119722764,20.4780562909869,-1.5553723257828,2.76861710260799,0.262596662861751,0.286505439977801,-4.31154770524679,9.89489119722764,3.01935388800064,-1.5553723257828,1.01834795460126,-1.33713602526064,-1.24999775530149,127.924456250964,13,1,"normal",66
"1027",-27.64586,0.0395608104965613,0,0.506794769301153,80,0.00661762651782255,9.89489119722764,20.4780562909869,-1.5553723257828,2.76861710260799,0.262596662861751,0.286505439977801,-4.31154770524679,9.89489119722764,3.01935388800064,-1.5553723257828,1.01834795460126,-1.33713602526064,-1.24999775530149,127.924456250964,13,1,"normal",67
"1028",27.54984,0.801648776336417,0,0.523321230254096,80,0.00661762651782255,9.89489119722764,20.4780562909869,-1.5553723257828,2.76861710260799,0.262596662861751,0.286505439977801,-4.31154770524679,9.89489119722764,3.01935388800064,-1.5553723257828,1.01834795460126,-1.33713602526064,-1.24999775530149,127.924456250964,13,1,"normal",68
"1029",-19.71655,0.0797244850781591,0,0.551032772741904,80,0.00661762651782255,9.89489119722764,20.4780562909869,-1.5553723257828,2.76861710260799,0.262596662861751,0.286505439977801,-4.31154770524679,9.89489119722764,3.01935388800064,-1.5553723257828,1.01834795460126,-1.33713602526064,-1.24999775530149,127.924456250964,13,1,"normal",69
"1030",4.922329464,0.405340551329961,0,0.647303820153491,80,0.00661762651782255,9.89489119722764,20.4780562909869,-1.5553723257828,2.76861710260799,0.262596662861751,0.286505439977801,-4.31154770524679,9.89489119722764,3.01935388800064,-1.5553723257828,1.01834795460126,-1.33713602526064,-1.24999775530149,127.924456250964,13,1,"normal",70
"1031",10.73766,0.516196487065695,1,0.666843840141646,80,0.00661762651782255,9.89489119722764,20.4780562909869,-1.5553723257828,2.76861710260799,0.262596662861751,0.286505439977801,-4.31154770524679,9.89489119722764,3.01935388800064,-1.5553723257828,1.01834795460126,-1.33713602526064,-1.24999775530149,127.924456250964,13,1,"normal",71
"1032",34.58184,0.880892151719178,1,0.538670428963333,80,0.00661762651782255,9.89489119722764,20.4780562909869,-1.5553723257828,2.76861710260799,0.262596662861751,0.286505439977801,-4.31154770524679,9.89489119722764,3.01935388800064,-1.5553723257828,1.01834795460126,-1.33713602526064,-1.24999775530149,127.924456250964,13,1,"normal",72
"1033",-11.41751,0.153642944871784,0,0.53937295340443,80,0.00661762651782255,9.89489119722764,20.4780562909869,-1.5553723257828,2.76861710260799,0.262596662861751,0.286505439977801,-4.31154770524679,9.89489119722764,3.01935388800064,-1.5553723257828,1.01834795460126,-1.33713602526064,-1.24999775530149,127.924456250964,13,1,"normal",73
"1034",23.983,0.750896187971067,1,0.691199427184373,80,0.00661762651782255,9.89489119722764,20.4780562909869,-1.5553723257828,2.76861710260799,0.262596662861751,0.286505439977801,-4.31154770524679,9.89489119722764,3.01935388800064,-1.5553723257828,1.01834795460126,-1.33713602526064,-1.24999775530149,127.924456250964,13,1,"normal",74
"1035",26.3408,0.785215739847604,1,0.449289345023895,80,0.00661762651782255,9.89489119722764,20.4780562909869,-1.5553723257828,2.76861710260799,0.262596662861751,0.286505439977801,-4.31154770524679,9.89489119722764,3.01935388800064,-1.5553723257828,1.01834795460126,-1.33713602526064,-1.24999775530149,127.924456250964,13,1,"normal",75
"1036",-9.3845,0.177557927164321,0,0.49754161217106,80,0.00661762651782255,9.89489119722764,20.4780562909869,-1.5553723257828,2.76861710260799,0.262596662861751,0.286505439977801,-4.31154770524679,9.89489119722764,3.01935388800064,-1.5553723257828,1.01834795460126,-1.33713602526064,-1.24999775530149,127.924456250964,13,1,"normal",76
"1037",-16.98876,0.0999899351101654,0,0.623012446013296,80,0.00661762651782255,9.89489119722764,20.4780562909869,-1.5553723257828,2.76861710260799,0.262596662861751,0.286505439977801,-4.31154770524679,9.89489119722764,3.01935388800064,-1.5553723257828,1.01834795460126,-1.33713602526064,-1.24999775530149,127.924456250964,13,1,"normal",77
"1038",16.721598,0.628843194673091,0,0.56118913646189,80,0.00661762651782255,9.89489119722764,20.4780562909869,-1.5553723257828,2.76861710260799,0.262596662861751,0.286505439977801,-4.31154770524679,9.89489119722764,3.01935388800064,-1.5553723257828,1.01834795460126,-1.33713602526064,-1.24999775530149,127.924456250964,13,1,"normal",78
"1039",-17.60254,0.095103138266074,0,0.516825202837769,80,0.00661762651782255,9.89489119722764,20.4780562909869,-1.5553723257828,2.76861710260799,0.262596662861751,0.286505439977801,-4.31154770524679,9.89489119722764,3.01935388800064,-1.5553723257828,1.01834795460126,-1.33713602526064,-1.24999775530149,127.924456250964,13,1,"normal",79
"1040",-16.76971,0.101781283743428,0,0.561967754200583,80,0.00661762651782255,9.89489119722764,20.4780562909869,-1.5553723257828,2.76861710260799,0.262596662861751,0.286505439977801,-4.31154770524679,9.89489119722764,3.01935388800064,-1.5553723257828,1.01834795460126,-1.33713602526064,-1.24999775530149,127.924456250964,13,1,"normal",80
"1041",8.9405442313,0.290296576006159,0,1.11332105906673,80,0.0021191619017159,18.0754649222868,16.4555600655338,-1.81526084724336,3.82540741929699,0.413707180289126,0.470136800225022,-5.45934008632389,18.0754649222868,2.80066341800774,-1.81526084724336,1.34166497645508,-0.882596849394842,-0.754731562320474,1601.46629923503,14,1,"normal",1
"1042",10.7339894504,0.328478296658337,1,0.840805475034772,80,0.0021191619017159,18.0754649222868,16.4555600655338,-1.81526084724336,3.82540741929699,0.413707180289126,0.470136800225022,-5.45934008632389,18.0754649222868,2.80066341800774,-1.81526084724336,1.34166497645508,-0.882596849394842,-0.754731562320474,1601.46629923503,14,1,"normal",2
"1043",1.6424783566,0.160432735311837,1,0.626397687352597,80,0.0021191619017159,18.0754649222868,16.4555600655338,-1.81526084724336,3.82540741929699,0.413707180289126,0.470136800225022,-5.45934008632389,18.0754649222868,2.80066341800774,-1.81526084724336,1.34166497645508,-0.882596849394842,-0.754731562320474,1601.46629923503,14,1,"normal",3
"1044",-5.6646651179,0.0763582971056019,0,0.585863345735835,80,0.0021191619017159,18.0754649222868,16.4555600655338,-1.81526084724336,3.82540741929699,0.413707180289126,0.470136800225022,-5.45934008632389,18.0754649222868,2.80066341800774,-1.81526084724336,1.34166497645508,-0.882596849394842,-0.754731562320474,1601.46629923503,14,1,"normal",4
"1045",-16.3962,0.0201353590324431,0,0.676221108005113,80,0.0021191619017159,18.0754649222868,16.4555600655338,-1.81526084724336,3.82540741929699,0.413707180289126,0.470136800225022,-5.45934008632389,18.0754649222868,2.80066341800774,-1.81526084724336,1.34166497645508,-0.882596849394842,-0.754731562320474,1601.46629923503,14,1,"normal",5
"1046",4.7192404699,0.209730532990021,0,0.724929189804225,80,0.0021191619017159,18.0754649222868,16.4555600655338,-1.81526084724336,3.82540741929699,0.413707180289126,0.470136800225022,-5.45934008632389,18.0754649222868,2.80066341800774,-1.81526084724336,1.34166497645508,-0.882596849394842,-0.754731562320474,1601.46629923503,14,1,"normal",6
"1047",43.7505,0.938783746109423,1,0.608901486400965,80,0.0021191619017159,18.0754649222868,16.4555600655338,-1.81526084724336,3.82540741929699,0.413707180289126,0.470136800225022,-5.45934008632389,18.0754649222868,2.80066341800774,-1.81526084724336,1.34166497645508,-0.882596849394842,-0.754731562320474,1601.46629923503,14,1,"normal",7
"1048",11.51046,0.345620791038075,1,0.575638389195835,80,0.0021191619017159,18.0754649222868,16.4555600655338,-1.81526084724336,3.82540741929699,0.413707180289126,0.470136800225022,-5.45934008632389,18.0754649222868,2.80066341800774,-1.81526084724336,1.34166497645508,-0.882596849394842,-0.754731562320474,1601.46629923503,14,1,"normal",8
"1049",3.61303,0.191048637792782,0,0.666846943373694,80,0.0021191619017159,18.0754649222868,16.4555600655338,-1.81526084724336,3.82540741929699,0.413707180289126,0.470136800225022,-5.45934008632389,18.0754649222868,2.80066341800774,-1.81526084724336,1.34166497645508,-0.882596849394842,-0.754731562320474,1601.46629923503,14,1,"normal",9
"1050",16.8140215,0.469577464853037,1,0.802725921699359,80,0.0021191619017159,18.0754649222868,16.4555600655338,-1.81526084724336,3.82540741929699,0.413707180289126,0.470136800225022,-5.45934008632389,18.0754649222868,2.80066341800774,-1.81526084724336,1.34166497645508,-0.882596849394842,-0.754731562320474,1601.46629923503,14,1,"normal",10
"1051",2.46176,0.172743744020298,0,0.732254711161615,80,0.0021191619017159,18.0754649222868,16.4555600655338,-1.81526084724336,3.82540741929699,0.413707180289126,0.470136800225022,-5.45934008632389,18.0754649222868,2.80066341800774,-1.81526084724336,1.34166497645508,-0.882596849394842,-0.754731562320474,1601.46629923503,14,1,"normal",11
"1052",-0.62045,0.129524659384863,0,0.718003760122739,80,0.0021191619017159,18.0754649222868,16.4555600655338,-1.81526084724336,3.82540741929699,0.413707180289126,0.470136800225022,-5.45934008632389,18.0754649222868,2.80066341800774,-1.81526084724336,1.34166497645508,-0.882596849394842,-0.754731562320474,1601.46629923503,14,1,"normal",12
"1053",23.4536,0.627558014258407,1,0.91391156031734,80,0.0021191619017159,18.0754649222868,16.4555600655338,-1.81526084724336,3.82540741929699,0.413707180289126,0.470136800225022,-5.45934008632389,18.0754649222868,2.80066341800774,-1.81526084724336,1.34166497645508,-0.882596849394842,-0.754731562320474,1601.46629923503,14,1,"normal",13
"1054",6.76497,0.247012391081494,0,1.09107655212026,80,0.0021191619017159,18.0754649222868,16.4555600655338,-1.81526084724336,3.82540741929699,0.413707180289126,0.470136800225022,-5.45934008632389,18.0754649222868,2.80066341800774,-1.81526084724336,1.34166497645508,-0.882596849394842,-0.754731562320474,1601.46629923503,14,1,"normal",14
"1055",39.6394,0.903259152864142,1,0.793306704760472,80,0.0021191619017159,18.0754649222868,16.4555600655338,-1.81526084724336,3.82540741929699,0.413707180289126,0.470136800225022,-5.45934008632389,18.0754649222868,2.80066341800774,-1.81526084724336,1.34166497645508,-0.882596849394842,-0.754731562320474,1601.46629923503,14,1,"normal",15
"1056",-0.61168,0.129635726196097,0,0.680006499738174,80,0.0021191619017159,18.0754649222868,16.4555600655338,-1.81526084724336,3.82540741929699,0.413707180289126,0.470136800225022,-5.45934008632389,18.0754649222868,2.80066341800774,-1.81526084724336,1.34166497645508,-0.882596849394842,-0.754731562320474,1601.46629923503,14,1,"normal",16
"1057",6.46206,0.241275052482219,1,1.06614022342425,80,0.0021191619017159,18.0754649222868,16.4555600655338,-1.81526084724336,3.82540741929699,0.413707180289126,0.470136800225022,-5.45934008632389,18.0754649222868,2.80066341800774,-1.81526084724336,1.34166497645508,-0.882596849394842,-0.754731562320474,1601.46629923503,14,1,"normal",17
"1058",0.20725,0.140304414893802,0,0.896953458067808,80,0.0021191619017159,18.0754649222868,16.4555600655338,-1.81526084724336,3.82540741929699,0.413707180289126,0.470136800225022,-5.45934008632389,18.0754649222868,2.80066341800774,-1.81526084724336,1.34166497645508,-0.882596849394842,-0.754731562320474,1601.46629923503,14,1,"normal",18
"1059",16.69302,0.466665801169943,0,0.825191716755356,80,0.0021191619017159,18.0754649222868,16.4555600655338,-1.81526084724336,3.82540741929699,0.413707180289126,0.470136800225022,-5.45934008632389,18.0754649222868,2.80066341800774,-1.81526084724336,1.34166497645508,-0.882596849394842,-0.754731562320474,1601.46629923503,14,1,"normal",19
"1060",8.05007,0.272152296494024,1,0.876909735611527,80,0.0021191619017159,18.0754649222868,16.4555600655338,-1.81526084724336,3.82540741929699,0.413707180289126,0.470136800225022,-5.45934008632389,18.0754649222868,2.80066341800774,-1.81526084724336,1.34166497645508,-0.882596849394842,-0.754731562320474,1601.46629923503,14,1,"normal",20
"1061",26.1026,0.686363443310069,1,0.886116235624846,80,0.0021191619017159,18.0754649222868,16.4555600655338,-1.81526084724336,3.82540741929699,0.413707180289126,0.470136800225022,-5.45934008632389,18.0754649222868,2.80066341800774,-1.81526084724336,1.34166497645508,-0.882596849394842,-0.754731562320474,1601.46629923503,14,1,"normal",21
"1062",-4.55924,0.0862485471013634,0,0.722793702877292,80,0.0021191619017159,18.0754649222868,16.4555600655338,-1.81526084724336,3.82540741929699,0.413707180289126,0.470136800225022,-5.45934008632389,18.0754649222868,2.80066341800774,-1.81526084724336,1.34166497645508,-0.882596849394842,-0.754731562320474,1601.46629923503,14,1,"normal",22
"1063",-7.41945,0.0625146019008181,0,0.58313282471425,80,0.0021191619017159,18.0754649222868,16.4555600655338,-1.81526084724336,3.82540741929699,0.413707180289126,0.470136800225022,-5.45934008632389,18.0754649222868,2.80066341800774,-1.81526084724336,1.34166497645508,-0.882596849394842,-0.754731562320474,1601.46629923503,14,1,"normal",23
"1064",33.7669,0.828449888035837,1,0.928305192928432,80,0.0021191619017159,18.0754649222868,16.4555600655338,-1.81526084724336,3.82540741929699,0.413707180289126,0.470136800225022,-5.45934008632389,18.0754649222868,2.80066341800774,-1.81526084724336,1.34166497645508,-0.882596849394842,-0.754731562320474,1601.46629923503,14,1,"normal",24
"1065",13.18793,0.383722754260763,1,1.01992024443799,80,0.0021191619017159,18.0754649222868,16.4555600655338,-1.81526084724336,3.82540741929699,0.413707180289126,0.470136800225022,-5.45934008632389,18.0754649222868,2.80066341800774,-1.81526084724336,1.34166497645508,-0.882596849394842,-0.754731562320474,1601.46629923503,14,1,"normal",25
"1066",8.02152,0.271580120327019,0,0.991128442402163,80,0.0021191619017159,18.0754649222868,16.4555600655338,-1.81526084724336,3.82540741929699,0.413707180289126,0.470136800225022,-5.45934008632389,18.0754649222868,2.80066341800774,-1.81526084724336,1.34166497645508,-0.882596849394842,-0.754731562320474,1601.46629923503,14,1,"normal",26
"1067",0.459060000000001,0.143703731551533,1,0.723584965755206,80,0.0021191619017159,18.0754649222868,16.4555600655338,-1.81526084724336,3.82540741929699,0.413707180289126,0.470136800225022,-5.45934008632389,18.0754649222868,2.80066341800774,-1.81526084724336,1.34166497645508,-0.882596849394842,-0.754731562320474,1601.46629923503,14,1,"normal",27
"1068",14.23248,0.408063470389859,0,0.801230433757425,80,0.0021191619017159,18.0754649222868,16.4555600655338,-1.81526084724336,3.82540741929699,0.413707180289126,0.470136800225022,-5.45934008632389,18.0754649222868,2.80066341800774,-1.81526084724336,1.34166497645508,-0.882596849394842,-0.754731562320474,1601.46629923503,14,1,"normal",28
"1069",13.64033,0.394214282466226,0,0.692567073520032,80,0.0021191619017159,18.0754649222868,16.4555600655338,-1.81526084724336,3.82540741929699,0.413707180289126,0.470136800225022,-5.45934008632389,18.0754649222868,2.80066341800774,-1.81526084724336,1.34166497645508,-0.882596849394842,-0.754731562320474,1601.46629923503,14,1,"normal",29
"1070",11.3761,0.34263025663109,1,0.90333275511953,80,0.0021191619017159,18.0754649222868,16.4555600655338,-1.81526084724336,3.82540741929699,0.413707180289126,0.470136800225022,-5.45934008632389,18.0754649222868,2.80066341800774,-1.81526084724336,1.34166497645508,-0.882596849394842,-0.754731562320474,1601.46629923503,14,1,"normal",30
"1071",-6.61459,0.0685906020224383,0,0.729248954183897,80,0.0021191619017159,18.0754649222868,16.4555600655338,-1.81526084724336,3.82540741929699,0.413707180289126,0.470136800225022,-5.45934008632389,18.0754649222868,2.80066341800774,-1.81526084724336,1.34166497645508,-0.882596849394842,-0.754731562320474,1601.46629923503,14,1,"normal",31
"1072",-5.04198,0.0818142376034512,0,0.770331663320123,80,0.0021191619017159,18.0754649222868,16.4555600655338,-1.81526084724336,3.82540741929699,0.413707180289126,0.470136800225022,-5.45934008632389,18.0754649222868,2.80066341800774,-1.81526084724336,1.34166497645508,-0.882596849394842,-0.754731562320474,1601.46629923503,14,1,"normal",32
"1073",1.69364,0.16118404515215,0,0.714176142042995,80,0.0021191619017159,18.0754649222868,16.4555600655338,-1.81526084724336,3.82540741929699,0.413707180289126,0.470136800225022,-5.45934008632389,18.0754649222868,2.80066341800774,-1.81526084724336,1.34166497645508,-0.882596849394842,-0.754731562320474,1601.46629923503,14,1,"normal",33
"1074",-0.517199999999999,0.130836524990288,1,0.76910804042294,80,0.0021191619017159,18.0754649222868,16.4555600655338,-1.81526084724336,3.82540741929699,0.413707180289126,0.470136800225022,-5.45934008632389,18.0754649222868,2.80066341800774,-1.81526084724336,1.34166497645508,-0.882596849394842,-0.754731562320474,1601.46629923503,14,1,"normal",34
"1075",35.05685,0.847474247235931,1,0.574459151056171,80,0.0021191619017159,18.0754649222868,16.4555600655338,-1.81526084724336,3.82540741929699,0.413707180289126,0.470136800225022,-5.45934008632389,18.0754649222868,2.80066341800774,-1.81526084724336,1.34166497645508,-0.882596849394842,-0.754731562320474,1601.46629923503,14,1,"normal",35
"1076",0.912130000000001,0.149961423548309,0,0.650329953835486,80,0.0021191619017159,18.0754649222868,16.4555600655338,-1.81526084724336,3.82540741929699,0.413707180289126,0.470136800225022,-5.45934008632389,18.0754649222868,2.80066341800774,-1.81526084724336,1.34166497645508,-0.882596849394842,-0.754731562320474,1601.46629923503,14,1,"normal",36
"1077",12.34052,0.364305763105529,1,0.982485608340776,80,0.0021191619017159,18.0754649222868,16.4555600655338,-1.81526084724336,3.82540741929699,0.413707180289126,0.470136800225022,-5.45934008632389,18.0754649222868,2.80066341800774,-1.81526084724336,1.34166497645508,-0.882596849394842,-0.754731562320474,1601.46629923503,14,1,"normal",37
"1078",-2.3607,0.108801757353409,0,0.75108988907945,80,0.0021191619017159,18.0754649222868,16.4555600655338,-1.81526084724336,3.82540741929699,0.413707180289126,0.470136800225022,-5.45934008632389,18.0754649222868,2.80066341800774,-1.81526084724336,1.34166497645508,-0.882596849394842,-0.754731562320474,1601.46629923503,14,1,"normal",38
"1079",18.27991,0.504935353801439,0,0.879393642772289,80,0.0021191619017159,18.0754649222868,16.4555600655338,-1.81526084724336,3.82540741929699,0.413707180289126,0.470136800225022,-5.45934008632389,18.0754649222868,2.80066341800774,-1.81526084724336,1.34166497645508,-0.882596849394842,-0.754731562320474,1601.46629923503,14,1,"normal",39
"1080",-0.27914,0.133896839940485,1,0.769882900743749,80,0.0021191619017159,18.0754649222868,16.4555600655338,-1.81526084724336,3.82540741929699,0.413707180289126,0.470136800225022,-5.45934008632389,18.0754649222868,2.80066341800774,-1.81526084724336,1.34166497645508,-0.882596849394842,-0.754731562320474,1601.46629923503,14,1,"normal",40
"1081",-2.57159,0.106465957045925,0,0.68841988346317,80,0.0021191619017159,18.0754649222868,16.4555600655338,-1.81526084724336,3.82540741929699,0.413707180289126,0.470136800225022,-5.45934008632389,18.0754649222868,2.80066341800774,-1.81526084724336,1.34166497645508,-0.882596849394842,-0.754731562320474,1601.46629923503,14,1,"normal",41
"1082",16.2269,0.455467728587925,0,0.742846801376213,80,0.0021191619017159,18.0754649222868,16.4555600655338,-1.81526084724336,3.82540741929699,0.413707180289126,0.470136800225022,-5.45934008632389,18.0754649222868,2.80066341800774,-1.81526084724336,1.34166497645508,-0.882596849394842,-0.754731562320474,1601.46629923503,14,1,"normal",42
"1083",22.3141,0.60120398516275,0,0.668403574187712,80,0.0021191619017159,18.0754649222868,16.4555600655338,-1.81526084724336,3.82540741929699,0.413707180289126,0.470136800225022,-5.45934008632389,18.0754649222868,2.80066341800774,-1.81526084724336,1.34166497645508,-0.882596849394842,-0.754731562320474,1601.46629923503,14,1,"normal",43
"1084",1.64062,0.160405489140762,0,0.765058494149229,80,0.0021191619017159,18.0754649222868,16.4555600655338,-1.81526084724336,3.82540741929699,0.413707180289126,0.470136800225022,-5.45934008632389,18.0754649222868,2.80066341800774,-1.81526084724336,1.34166497645508,-0.882596849394842,-0.754731562320474,1601.46629923503,14,1,"normal",44
"1085",-7.0282,0.0654116211850378,0,0.575168069237556,80,0.0021191619017159,18.0754649222868,16.4555600655338,-1.81526084724336,3.82540741929699,0.413707180289126,0.470136800225022,-5.45934008632389,18.0754649222868,2.80066341800774,-1.81526084724336,1.34166497645508,-0.882596849394842,-0.754731562320474,1601.46629923503,14,1,"normal",45
"1086",25.7245,0.6782147886538,1,0.722431424736139,80,0.0021191619017159,18.0754649222868,16.4555600655338,-1.81526084724336,3.82540741929699,0.413707180289126,0.470136800225022,-5.45934008632389,18.0754649222868,2.80066341800774,-1.81526084724336,1.34166497645508,-0.882596849394842,-0.754731562320474,1601.46629923503,14,1,"normal",46
"1087",7.7335,0.265841940833345,0,1.05163527673554,80,0.0021191619017159,18.0754649222868,16.4555600655338,-1.81526084724336,3.82540741929699,0.413707180289126,0.470136800225022,-5.45934008632389,18.0754649222868,2.80066341800774,-1.81526084724336,1.34166497645508,-0.882596849394842,-0.754731562320474,1601.46629923503,14,1,"normal",47
"1088",27.8138,0.722061234821192,1,1.01750327376885,80,0.0021191619017159,18.0754649222868,16.4555600655338,-1.81526084724336,3.82540741929699,0.413707180289126,0.470136800225022,-5.45934008632389,18.0754649222868,2.80066341800774,-1.81526084724336,1.34166497645508,-0.882596849394842,-0.754731562320474,1601.46629923503,14,1,"normal",48
"1089",7.02563,0.252007999235378,0,0.777199359176976,80,0.0021191619017159,18.0754649222868,16.4555600655338,-1.81526084724336,3.82540741929699,0.413707180289126,0.470136800225022,-5.45934008632389,18.0754649222868,2.80066341800774,-1.81526084724336,1.34166497645508,-0.882596849394842,-0.754731562320474,1601.46629923503,14,1,"normal",49
"1090",30.7904,0.778957713562744,1,0.722816732542852,80,0.0021191619017159,18.0754649222868,16.4555600655338,-1.81526084724336,3.82540741929699,0.413707180289126,0.470136800225022,-5.45934008632389,18.0754649222868,2.80066341800774,-1.81526084724336,1.34166497645508,-0.882596849394842,-0.754731562320474,1601.46629923503,14,1,"normal",50
"1091",19.6455,0.537844576540391,1,0.892259257496256,80,0.0021191619017159,18.0754649222868,16.4555600655338,-1.81526084724336,3.82540741929699,0.413707180289126,0.470136800225022,-5.45934008632389,18.0754649222868,2.80066341800774,-1.81526084724336,1.34166497645508,-0.882596849394842,-0.754731562320474,1601.46629923503,14,1,"normal",51
"1092",31.9771,0.799613105954905,1,0.674907734563922,80,0.0021191619017159,18.0754649222868,16.4555600655338,-1.81526084724336,3.82540741929699,0.413707180289126,0.470136800225022,-5.45934008632389,18.0754649222868,2.80066341800774,-1.81526084724336,1.34166497645508,-0.882596849394842,-0.754731562320474,1601.46629923503,14,1,"normal",52
"1093",21.8497,0.590320713165775,0,0.60781859085106,80,0.0021191619017159,18.0754649222868,16.4555600655338,-1.81526084724336,3.82540741929699,0.413707180289126,0.470136800225022,-5.45934008632389,18.0754649222868,2.80066341800774,-1.81526084724336,1.34166497645508,-0.882596849394842,-0.754731562320474,1601.46629923503,14,1,"normal",53
"1094",27.0878,0.707161460722596,0,0.721437943465227,80,0.0021191619017159,18.0754649222868,16.4555600655338,-1.81526084724336,3.82540741929699,0.413707180289126,0.470136800225022,-5.45934008632389,18.0754649222868,2.80066341800774,-1.81526084724336,1.34166497645508,-0.882596849394842,-0.754731562320474,1601.46629923503,14,1,"normal",54
"1095",31.084,0.784179874456383,1,0.804910214524385,80,0.0021191619017159,18.0754649222868,16.4555600655338,-1.81526084724336,3.82540741929699,0.413707180289126,0.470136800225022,-5.45934008632389,18.0754649222868,2.80066341800774,-1.81526084724336,1.34166497645508,-0.882596849394842,-0.754731562320474,1601.46629923503,14,1,"normal",55
"1096",6.54016,0.242747278120563,0,0.722593414431999,80,0.0021191619017159,18.0754649222868,16.4555600655338,-1.81526084724336,3.82540741929699,0.413707180289126,0.470136800225022,-5.45934008632389,18.0754649222868,2.80066341800774,-1.81526084724336,1.34166497645508,-0.882596849394842,-0.754731562320474,1601.46629923503,14,1,"normal",56
"1097",3.0426,0.181832698967333,0,0.750126779730807,80,0.0021191619017159,18.0754649222868,16.4555600655338,-1.81526084724336,3.82540741929699,0.413707180289126,0.470136800225022,-5.45934008632389,18.0754649222868,2.80066341800774,-1.81526084724336,1.34166497645508,-0.882596849394842,-0.754731562320474,1601.46629923503,14,1,"normal",57
"1098",38.9025,0.895498012117589,1,0.612537708406471,80,0.0021191619017159,18.0754649222868,16.4555600655338,-1.81526084724336,3.82540741929699,0.413707180289126,0.470136800225022,-5.45934008632389,18.0754649222868,2.80066341800774,-1.81526084724336,1.34166497645508,-0.882596849394842,-0.754731562320474,1601.46629923503,14,1,"normal",58
"1099",10.41064,0.321443140987967,0,1.63087610369269,80,0.0021191619017159,18.0754649222868,16.4555600655338,-1.81526084724336,3.82540741929699,0.413707180289126,0.470136800225022,-5.45934008632389,18.0754649222868,2.80066341800774,-1.81526084724336,1.34166497645508,-0.882596849394842,-0.754731562320474,1601.46629923503,14,1,"normal",59
"1100",-17.0481,0.0184526349724606,0,0.589972160534727,80,0.0021191619017159,18.0754649222868,16.4555600655338,-1.81526084724336,3.82540741929699,0.413707180289126,0.470136800225022,-5.45934008632389,18.0754649222868,2.80066341800774,-1.81526084724336,1.34166497645508,-0.882596849394842,-0.754731562320474,1601.46629923503,14,1,"normal",60
"1101",29.328,0.751881448902724,1,0.919033976071537,80,0.0021191619017159,18.0754649222868,16.4555600655338,-1.81526084724336,3.82540741929699,0.413707180289126,0.470136800225022,-5.45934008632389,18.0754649222868,2.80066341800774,-1.81526084724336,1.34166497645508,-0.882596849394842,-0.754731562320474,1601.46629923503,14,1,"normal",61
"1102",-1.7761,0.115473283983793,0,0.619011249374592,80,0.0021191619017159,18.0754649222868,16.4555600655338,-1.81526084724336,3.82540741929699,0.413707180289126,0.470136800225022,-5.45934008632389,18.0754649222868,2.80066341800774,-1.81526084724336,1.34166497645508,-0.882596849394842,-0.754731562320474,1601.46629923503,14,1,"normal",62
"1103",37.1551,0.875269235524292,1,0.639831258575897,80,0.0021191619017159,18.0754649222868,16.4555600655338,-1.81526084724336,3.82540741929699,0.413707180289126,0.470136800225022,-5.45934008632389,18.0754649222868,2.80066341800774,-1.81526084724336,1.34166497645508,-0.882596849394842,-0.754731562320474,1601.46629923503,14,1,"normal",63
"1104",3.8473,0.194916261122409,1,0.670693358276933,80,0.0021191619017159,18.0754649222868,16.4555600655338,-1.81526084724336,3.82540741929699,0.413707180289126,0.470136800225022,-5.45934008632389,18.0754649222868,2.80066341800774,-1.81526084724336,1.34166497645508,-0.882596849394842,-0.754731562320474,1601.46629923503,14,1,"normal",64
"1105",5.84623,0.229840083650032,0,0.671761212247263,80,0.0021191619017159,18.0754649222868,16.4555600655338,-1.81526084724336,3.82540741929699,0.413707180289126,0.470136800225022,-5.45934008632389,18.0754649222868,2.80066341800774,-1.81526084724336,1.34166497645508,-0.882596849394842,-0.754731562320474,1601.46629923503,14,1,"normal",65
"1106",31.69481,0.79480910598616,1,0.810552090234904,80,0.0021191619017159,18.0754649222868,16.4555600655338,-1.81526084724336,3.82540741929699,0.413707180289126,0.470136800225022,-5.45934008632389,18.0754649222868,2.80066341800774,-1.81526084724336,1.34166497645508,-0.882596849394842,-0.754731562320474,1601.46629923503,14,1,"normal",66
"1107",17.50159,0.486148971366044,1,1.37963195051237,80,0.0021191619017159,18.0754649222868,16.4555600655338,-1.81526084724336,3.82540741929699,0.413707180289126,0.470136800225022,-5.45934008632389,18.0754649222868,2.80066341800774,-1.81526084724336,1.34166497645508,-0.882596849394842,-0.754731562320474,1601.46629923503,14,1,"normal",67
"1108",1.5497,0.15907622454781,0,0.602698066353784,80,0.0021191619017159,18.0754649222868,16.4555600655338,-1.81526084724336,3.82540741929699,0.413707180289126,0.470136800225022,-5.45934008632389,18.0754649222868,2.80066341800774,-1.81526084724336,1.34166497645508,-0.882596849394842,-0.754731562320474,1601.46629923503,14,1,"normal",68
"1109",0.7751,0.148049589124999,0,0.665450839298172,80,0.0021191619017159,18.0754649222868,16.4555600655338,-1.81526084724336,3.82540741929699,0.413707180289126,0.470136800225022,-5.45934008632389,18.0754649222868,2.80066341800774,-1.81526084724336,1.34166497645508,-0.882596849394842,-0.754731562320474,1601.46629923503,14,1,"normal",69
"1110",24.6181,0.653880357334435,1,0.718826819596031,80,0.0021191619017159,18.0754649222868,16.4555600655338,-1.81526084724336,3.82540741929699,0.413707180289126,0.470136800225022,-5.45934008632389,18.0754649222868,2.80066341800774,-1.81526084724336,1.34166497645508,-0.882596849394842,-0.754731562320474,1601.46629923503,14,1,"normal",70
"1111",24.5786,0.652998842024676,1,0.871058180393541,80,0.0021191619017159,18.0754649222868,16.4555600655338,-1.81526084724336,3.82540741929699,0.413707180289126,0.470136800225022,-5.45934008632389,18.0754649222868,2.80066341800774,-1.81526084724336,1.34166497645508,-0.882596849394842,-0.754731562320474,1601.46629923503,14,1,"normal",71
"1112",26.39247,0.692549269229533,1,1.34368763420025,80,0.0021191619017159,18.0754649222868,16.4555600655338,-1.81526084724336,3.82540741929699,0.413707180289126,0.470136800225022,-5.45934008632389,18.0754649222868,2.80066341800774,-1.81526084724336,1.34166497645508,-0.882596849394842,-0.754731562320474,1601.46629923503,14,1,"normal",72
"1113",-3.6034,0.0955705327933968,0,0.746358056275089,80,0.0021191619017159,18.0754649222868,16.4555600655338,-1.81526084724336,3.82540741929699,0.413707180289126,0.470136800225022,-5.45934008632389,18.0754649222868,2.80066341800774,-1.81526084724336,1.34166497645508,-0.882596849394842,-0.754731562320474,1601.46629923503,14,1,"normal",73
"1114",26.1429,0.687226673541085,1,1.06037989045592,80,0.0021191619017159,18.0754649222868,16.4555600655338,-1.81526084724336,3.82540741929699,0.413707180289126,0.470136800225022,-5.45934008632389,18.0754649222868,2.80066341800774,-1.81526084724336,1.34166497645508,-0.882596849394842,-0.754731562320474,1601.46629923503,14,1,"normal",74
"1115",-0.448899999999998,0.131709453832249,0,0.686877181972111,80,0.0021191619017159,18.0754649222868,16.4555600655338,-1.81526084724336,3.82540741929699,0.413707180289126,0.470136800225022,-5.45934008632389,18.0754649222868,2.80066341800774,-1.81526084724336,1.34166497645508,-0.882596849394842,-0.754731562320474,1601.46629923503,14,1,"normal",75
"1116",8.61095,0.283514323661207,0,0.920641094993189,80,0.0021191619017159,18.0754649222868,16.4555600655338,-1.81526084724336,3.82540741929699,0.413707180289126,0.470136800225022,-5.45934008632389,18.0754649222868,2.80066341800774,-1.81526084724336,1.34166497645508,-0.882596849394842,-0.754731562320474,1601.46629923503,14,1,"normal",76
"1117",-3.3655,0.0980049516974983,0,0.790081626423828,80,0.0021191619017159,18.0754649222868,16.4555600655338,-1.81526084724336,3.82540741929699,0.413707180289126,0.470136800225022,-5.45934008632389,18.0754649222868,2.80066341800774,-1.81526084724336,1.34166497645508,-0.882596849394842,-0.754731562320474,1601.46629923503,14,1,"normal",77
"1118",4.8303,0.211664471129593,0,0.671670423338234,80,0.0021191619017159,18.0754649222868,16.4555600655338,-1.81526084724336,3.82540741929699,0.413707180289126,0.470136800225022,-5.45934008632389,18.0754649222868,2.80066341800774,-1.81526084724336,1.34166497645508,-0.882596849394842,-0.754731562320474,1601.46629923503,14,1,"normal",78
"1119",22.9351,0.615632620116128,1,0.989541048309251,80,0.0021191619017159,18.0754649222868,16.4555600655338,-1.81526084724336,3.82540741929699,0.413707180289126,0.470136800225022,-5.45934008632389,18.0754649222868,2.80066341800774,-1.81526084724336,1.34166497645508,-0.882596849394842,-0.754731562320474,1601.46629923503,14,1,"normal",79
"1120",3.881,0.195476568722966,0,0.729344204610248,80,0.0021191619017159,18.0754649222868,16.4555600655338,-1.81526084724336,3.82540741929699,0.413707180289126,0.470136800225022,-5.45934008632389,18.0754649222868,2.80066341800774,-1.81526084724336,1.34166497645508,-0.882596849394842,-0.754731562320474,1601.46629923503,14,1,"normal",80
"1121",-9.78679914548,0.540631743208157,0,0.462957640462317,80,0.000588015297812212,-13.8692490530768,39.9668327477253,-2.15855353391724,3.3411785212344,0.319216280346738,0.225331825951054,-6.74443369049444,-13.8692490530768,3.6880499288461,-2.15855353391724,1.20632359542043,-1.14188641111459,-1.49018118119598,217.641707649104,15,1,"normal",1
"1122",7.4958172428,0.703287000120323,1,0.471277828108348,80,0.000588015297812212,-13.8692490530768,39.9668327477253,-2.15855353391724,3.3411785212344,0.319216280346738,0.225331825951054,-6.74443369049444,-13.8692490530768,3.6880499288461,-2.15855353391724,1.20632359542043,-1.14188641111459,-1.49018118119598,217.641707649104,15,1,"normal",2
"1123",-0.78828428507,0.628126946009068,0,0.41994457505687,80,0.000588015297812212,-13.8692490530768,39.9668327477253,-2.15855353391724,3.3411785212344,0.319216280346738,0.225331825951054,-6.74443369049444,-13.8692490530768,3.6880499288461,-2.15855353391724,1.20632359542043,-1.14188641111459,-1.49018118119598,217.641707649104,15,1,"normal",3
"1124",3.55100365827,0.668335449947411,1,0.636536546127465,80,0.000588015297812212,-13.8692490530768,39.9668327477253,-2.15855353391724,3.3411785212344,0.319216280346738,0.225331825951054,-6.74443369049444,-13.8692490530768,3.6880499288461,-2.15855353391724,1.20632359542043,-1.14188641111459,-1.49018118119598,217.641707649104,15,1,"normal",4
"1125",-2.6052,0.61083445450236,1,0.508352570733912,80,0.000588015297812212,-13.8692490530768,39.9668327477253,-2.15855353391724,3.3411785212344,0.319216280346738,0.225331825951054,-6.74443369049444,-13.8692490530768,3.6880499288461,-2.15855353391724,1.20632359542043,-1.14188641111459,-1.49018118119598,217.641707649104,15,1,"normal",5
"1126",-1.5834,0.620588977879008,1,0.491954719920151,80,0.000588015297812212,-13.8692490530768,39.9668327477253,-2.15855353391724,3.3411785212344,0.319216280346738,0.225331825951054,-6.74443369049444,-13.8692490530768,3.6880499288461,-2.15855353391724,1.20632359542043,-1.14188641111459,-1.49018118119598,217.641707649104,15,1,"normal",6
"1127",-14.38836,0.494824560156542,0,0.430275265614207,80,0.000588015297812212,-13.8692490530768,39.9668327477253,-2.15855353391724,3.3411785212344,0.319216280346738,0.225331825951054,-6.74443369049444,-13.8692490530768,3.6880499288461,-2.15855353391724,1.20632359542043,-1.14188641111459,-1.49018118119598,217.641707649104,15,1,"normal",7
"1128",23.20159,0.822796836800824,1,0.437880808288798,80,0.000588015297812212,-13.8692490530768,39.9668327477253,-2.15855353391724,3.3411785212344,0.319216280346738,0.225331825951054,-6.74443369049444,-13.8692490530768,3.6880499288461,-2.15855353391724,1.20632359542043,-1.14188641111459,-1.49018118119598,217.641707649104,15,1,"normal",8
"1129",-10.94076,0.529171208171222,1,0.604213945542851,80,0.000588015297812212,-13.8692490530768,39.9668327477253,-2.15855353391724,3.3411785212344,0.319216280346738,0.225331825951054,-6.74443369049444,-13.8692490530768,3.6880499288461,-2.15855353391724,1.20632359542043,-1.14188641111459,-1.49018118119598,217.641707649104,15,1,"normal",9
"1130",-5.87374,0.579187435471496,1,0.678849558996044,80,0.000588015297812212,-13.8692490530768,39.9668327477253,-2.15855353391724,3.3411785212344,0.319216280346738,0.225331825951054,-6.74443369049444,-13.8692490530768,3.6880499288461,-2.15855353391724,1.20632359542043,-1.14188641111459,-1.49018118119598,217.641707649104,15,1,"normal",10
"1131",-39.2467,0.263005388465481,0,0.499313063486025,80,0.000588015297812212,-13.8692490530768,39.9668327477253,-2.15855353391724,3.3411785212344,0.319216280346738,0.225331825951054,-6.74443369049444,-13.8692490530768,3.6880499288461,-2.15855353391724,1.20632359542043,-1.14188641111459,-1.49018118119598,217.641707649104,15,1,"normal",11
"1132",24.13052,0.828755543959286,1,0.411022202477745,80,0.000588015297812212,-13.8692490530768,39.9668327477253,-2.15855353391724,3.3411785212344,0.319216280346738,0.225331825951054,-6.74443369049444,-13.8692490530768,3.6880499288461,-2.15855353391724,1.20632359542043,-1.14188641111459,-1.49018118119598,217.641707649104,15,1,"normal",12
"1133",0.24629,0.637861427157269,1,0.543165651217696,80,0.000588015297812212,-13.8692490530768,39.9668327477253,-2.15855353391724,3.3411785212344,0.319216280346738,0.225331825951054,-6.74443369049444,-13.8692490530768,3.6880499288461,-2.15855353391724,1.20632359542043,-1.14188641111459,-1.49018118119598,217.641707649104,15,1,"normal",13
"1134",-20.25412,0.436611970565798,0,0.563720640233762,80,0.000588015297812212,-13.8692490530768,39.9668327477253,-2.15855353391724,3.3411785212344,0.319216280346738,0.225331825951054,-6.74443369049444,-13.8692490530768,3.6880499288461,-2.15855353391724,1.20632359542043,-1.14188641111459,-1.49018118119598,217.641707649104,15,1,"normal",14
"1135",-8.97806,0.548644163215526,1,0.580023548036788,80,0.000588015297812212,-13.8692490530768,39.9668327477253,-2.15855353391724,3.3411785212344,0.319216280346738,0.225331825951054,-6.74443369049444,-13.8692490530768,3.6880499288461,-2.15855353391724,1.20632359542043,-1.14188641111459,-1.49018118119598,217.641707649104,15,1,"normal",15
"1136",8.55356,0.712363266793816,1,0.401377516554687,80,0.000588015297812212,-13.8692490530768,39.9668327477253,-2.15855353391724,3.3411785212344,0.319216280346738,0.225331825951054,-6.74443369049444,-13.8692490530768,3.6880499288461,-2.15855353391724,1.20632359542043,-1.14188641111459,-1.49018118119598,217.641707649104,15,1,"normal",16
"1137",15.78529,0.770631237573182,1,0.361826663816424,80,0.000588015297812212,-13.8692490530768,39.9668327477253,-2.15855353391724,3.3411785212344,0.319216280346738,0.225331825951054,-6.74443369049444,-13.8692490530768,3.6880499288461,-2.15855353391724,1.20632359542043,-1.14188641111459,-1.49018118119598,217.641707649104,15,1,"normal",17
"1138",-13.93462,0.499348245751432,0,0.499340887757752,80,0.000588015297812212,-13.8692490530768,39.9668327477253,-2.15855353391724,3.3411785212344,0.319216280346738,0.225331825951054,-6.74443369049444,-13.8692490530768,3.6880499288461,-2.15855353391724,1.20632359542043,-1.14188641111459,-1.49018118119598,217.641707649104,15,1,"normal",18
"1139",11.2809,0.735138793172301,1,0.43538718571345,80,0.000588015297812212,-13.8692490530768,39.9668327477253,-2.15855353391724,3.3411785212344,0.319216280346738,0.225331825951054,-6.74443369049444,-13.8692490530768,3.6880499288461,-2.15855353391724,1.20632359542043,-1.14188641111459,-1.49018118119598,217.641707649104,15,1,"normal",19
"1140",6.15612,0.691606322556443,1,0.615151668164405,80,0.000588015297812212,-13.8692490530768,39.9668327477253,-2.15855353391724,3.3411785212344,0.319216280346738,0.225331825951054,-6.74443369049444,-13.8692490530768,3.6880499288461,-2.15855353391724,1.20632359542043,-1.14188641111459,-1.49018118119598,217.641707649104,15,1,"normal",20
"1141",-2.65787,0.610329682881826,1,0.595268402342811,80,0.000588015297812212,-13.8692490530768,39.9668327477253,-2.15855353391724,3.3411785212344,0.319216280346738,0.225331825951054,-6.74443369049444,-13.8692490530768,3.6880499288461,-2.15855353391724,1.20632359542043,-1.14188641111459,-1.49018118119598,217.641707649104,15,1,"normal",21
"1142",-11.79422,0.520678945771487,0,0.447133041804423,80,0.000588015297812212,-13.8692490530768,39.9668327477253,-2.15855353391724,3.3411785212344,0.319216280346738,0.225331825951054,-6.74443369049444,-13.8692490530768,3.6880499288461,-2.15855353391724,1.20632359542043,-1.14188641111459,-1.49018118119598,217.641707649104,15,1,"normal",22
"1143",-3.00262,0.607021142536008,0,0.658165932551914,80,0.000588015297812212,-13.8692490530768,39.9668327477253,-2.15855353391724,3.3411785212344,0.319216280346738,0.225331825951054,-6.74443369049444,-13.8692490530768,3.6880499288461,-2.15855353391724,1.20632359542043,-1.14188641111459,-1.49018118119598,217.641707649104,15,1,"normal",23
"1144",-14.05289,0.498169088789211,1,0.515530036432891,80,0.000588015297812212,-13.8692490530768,39.9668327477253,-2.15855353391724,3.3411785212344,0.319216280346738,0.225331825951054,-6.74443369049444,-13.8692490530768,3.6880499288461,-2.15855353391724,1.20632359542043,-1.14188641111459,-1.49018118119598,217.641707649104,15,1,"normal",24
"1145",9.92297,0.723914576573397,0,0.362790372336287,80,0.000588015297812212,-13.8692490530768,39.9668327477253,-2.15855353391724,3.3411785212344,0.319216280346738,0.225331825951054,-6.74443369049444,-13.8692490530768,3.6880499288461,-2.15855353391724,1.20632359542043,-1.14188641111459,-1.49018118119598,217.641707649104,15,1,"normal",25
"1146",-6.58739,0.572201141900392,0,0.744620722272131,80,0.000588015297812212,-13.8692490530768,39.9668327477253,-2.15855353391724,3.3411785212344,0.319216280346738,0.225331825951054,-6.74443369049444,-13.8692490530768,3.6880499288461,-2.15855353391724,1.20632359542043,-1.14188641111459,-1.49018118119598,217.641707649104,15,1,"normal",26
"1147",-30.8377,0.335770886631556,0,0.444773541084241,80,0.000588015297812212,-13.8692490530768,39.9668327477253,-2.15855353391724,3.3411785212344,0.319216280346738,0.225331825951054,-6.74443369049444,-13.8692490530768,3.6880499288461,-2.15855353391724,1.20632359542043,-1.14188641111459,-1.49018118119598,217.641707649104,15,1,"normal",27
"1148",-15.77195,0.481037054438888,0,0.39708028644541,80,0.000588015297812212,-13.8692490530768,39.9668327477253,-2.15855353391724,3.3411785212344,0.319216280346738,0.225331825951054,-6.74443369049444,-13.8692490530768,3.6880499288461,-2.15855353391724,1.20632359542043,-1.14188641111459,-1.49018118119598,217.641707649104,15,1,"normal",28
"1149",6.5068,0.694683378759136,0,0.340892267783268,80,0.000588015297812212,-13.8692490530768,39.9668327477253,-2.15855353391724,3.3411785212344,0.319216280346738,0.225331825951054,-6.74443369049444,-13.8692490530768,3.6880499288461,-2.15855353391724,1.20632359542043,-1.14188641111459,-1.49018118119598,217.641707649104,15,1,"normal",29
"1150",-32.5973,0.319893487904811,1,0.41577171728197,80,0.000588015297812212,-13.8692490530768,39.9668327477253,-2.15855353391724,3.3411785212344,0.319216280346738,0.225331825951054,-6.74443369049444,-13.8692490530768,3.6880499288461,-2.15855353391724,1.20632359542043,-1.14188641111459,-1.49018118119598,217.641707649104,15,1,"normal",30
"1151",-2.39015,0.612893467931033,1,0.547523964411815,80,0.000588015297812212,-13.8692490530768,39.9668327477253,-2.15855353391724,3.3411785212344,0.319216280346738,0.225331825951054,-6.74443369049444,-13.8692490530768,3.6880499288461,-2.15855353391724,1.20632359542043,-1.14188641111459,-1.49018118119598,217.641707649104,15,1,"normal",31
"1152",-21.73703,0.422061193231933,1,0.570076305288394,80,0.000588015297812212,-13.8692490530768,39.9668327477253,-2.15855353391724,3.3411785212344,0.319216280346738,0.225331825951054,-6.74443369049444,-13.8692490530768,3.6880499288461,-2.15855353391724,1.20632359542043,-1.14188641111459,-1.49018118119598,217.641707649104,15,1,"normal",32
"1153",46.7279,0.934751942689694,1,0.332386443837521,80,0.000588015297812212,-13.8692490530768,39.9668327477253,-2.15855353391724,3.3411785212344,0.319216280346738,0.225331825951054,-6.74443369049444,-13.8692490530768,3.6880499288461,-2.15855353391724,1.20632359542043,-1.14188641111459,-1.49018118119598,217.641707649104,15,1,"normal",33
"1154",-0.213900000000001,0.633542022311553,1,0.414069910376894,80,0.000588015297812212,-13.8692490530768,39.9668327477253,-2.15855353391724,3.3411785212344,0.319216280346738,0.225331825951054,-6.74443369049444,-13.8692490530768,3.6880499288461,-2.15855353391724,1.20632359542043,-1.14188641111459,-1.49018118119598,217.641707649104,15,1,"normal",34
"1155",-16.37431,0.475040648428655,0,0.450610680542244,80,0.000588015297812212,-13.8692490530768,39.9668327477253,-2.15855353391724,3.3411785212344,0.319216280346738,0.225331825951054,-6.74443369049444,-13.8692490530768,3.6880499288461,-2.15855353391724,1.20632359542043,-1.14188641111459,-1.49018118119598,217.641707649104,15,1,"normal",35
"1156",-5.39051,0.583904012430172,1,0.391966804612081,80,0.000588015297812212,-13.8692490530768,39.9668327477253,-2.15855353391724,3.3411785212344,0.319216280346738,0.225331825951054,-6.74443369049444,-13.8692490530768,3.6880499288461,-2.15855353391724,1.20632359542043,-1.14188641111459,-1.49018118119598,217.641707649104,15,1,"normal",36
"1157",5.3551,0.684527175185807,1,0.686763235884268,80,0.000588015297812212,-13.8692490530768,39.9668327477253,-2.15855353391724,3.3411785212344,0.319216280346738,0.225331825951054,-6.74443369049444,-13.8692490530768,3.6880499288461,-2.15855353391724,1.20632359542043,-1.14188641111459,-1.49018118119598,217.641707649104,15,1,"normal",37
"1158",-5.2508,0.585265432381648,1,0.492029384851048,80,0.000588015297812212,-13.8692490530768,39.9668327477253,-2.15855353391724,3.3411785212344,0.319216280346738,0.225331825951054,-6.74443369049444,-13.8692490530768,3.6880499288461,-2.15855353391724,1.20632359542043,-1.14188641111459,-1.49018118119598,217.641707649104,15,1,"normal",38
"1159",-28.4908,0.357409331325658,0,0.583166894062697,80,0.000588015297812212,-13.8692490530768,39.9668327477253,-2.15855353391724,3.3411785212344,0.319216280346738,0.225331825951054,-6.74443369049444,-13.8692490530768,3.6880499288461,-2.15855353391724,1.20632359542043,-1.14188641111459,-1.49018118119598,217.641707649104,15,1,"normal",39
"1160",3.9726,0.672149059932551,1,0.393606275093591,80,0.000588015297812212,-13.8692490530768,39.9668327477253,-2.15855353391724,3.3411785212344,0.319216280346738,0.225331825951054,-6.74443369049444,-13.8692490530768,3.6880499288461,-2.15855353391724,1.20632359542043,-1.14188641111459,-1.49018118119598,217.641707649104,15,1,"normal",40
"1161",-31.2655,0.331882193447715,0,0.376921288219228,80,0.000588015297812212,-13.8692490530768,39.9668327477253,-2.15855353391724,3.3411785212344,0.319216280346738,0.225331825951054,-6.74443369049444,-13.8692490530768,3.6880499288461,-2.15855353391724,1.20632359542043,-1.14188641111459,-1.49018118119598,217.641707649104,15,1,"normal",41
"1162",-12.62284,0.512424802406363,0,0.475586219471432,80,0.000588015297812212,-13.8692490530768,39.9668327477253,-2.15855353391724,3.3411785212344,0.319216280346738,0.225331825951054,-6.74443369049444,-13.8692490530768,3.6880499288461,-2.15855353391724,1.20632359542043,-1.14188641111459,-1.49018118119598,217.641707649104,15,1,"normal",42
"1163",-7.57988,0.562447761014856,0,0.557150347471658,80,0.000588015297812212,-13.8692490530768,39.9668327477253,-2.15855353391724,3.3411785212344,0.319216280346738,0.225331825951054,-6.74443369049444,-13.8692490530768,3.6880499288461,-2.15855353391724,1.20632359542043,-1.14188641111459,-1.49018118119598,217.641707649104,15,1,"normal",43
"1164",-10.87983,0.529777023410464,0,0.562957069426027,80,0.000588015297812212,-13.8692490530768,39.9668327477253,-2.15855353391724,3.3411785212344,0.319216280346738,0.225331825951054,-6.74443369049444,-13.8692490530768,3.6880499288461,-2.15855353391724,1.20632359542043,-1.14188641111459,-1.49018118119598,217.641707649104,15,1,"normal",44
"1165",-11.03746,0.528209600347852,1,0.521828823705028,80,0.000588015297812212,-13.8692490530768,39.9668327477253,-2.15855353391724,3.3411785212344,0.319216280346738,0.225331825951054,-6.74443369049444,-13.8692490530768,3.6880499288461,-2.15855353391724,1.20632359542043,-1.14188641111459,-1.49018118119598,217.641707649104,15,1,"normal",45
"1166",-35.45945,0.294770180009596,0,0.459046991873822,80,0.000588015297812212,-13.8692490530768,39.9668327477253,-2.15855353391724,3.3411785212344,0.319216280346738,0.225331825951054,-6.74443369049444,-13.8692490530768,3.6880499288461,-2.15855353391724,1.20632359542043,-1.14188641111459,-1.49018118119598,217.641707649104,15,1,"normal",46
"1167",-17.27898,0.466045853244388,0,0.581452856549835,80,0.000588015297812212,-13.8692490530768,39.9668327477253,-2.15855353391724,3.3411785212344,0.319216280346738,0.225331825951054,-6.74443369049444,-13.8692490530768,3.6880499288461,-2.15855353391724,1.20632359542043,-1.14188641111459,-1.49018118119598,217.641707649104,15,1,"normal",47
"1168",-11.34198,0.525180330134203,0,0.461406629518825,80,0.000588015297812212,-13.8692490530768,39.9668327477253,-2.15855353391724,3.3411785212344,0.319216280346738,0.225331825951054,-6.74443369049444,-13.8692490530768,3.6880499288461,-2.15855353391724,1.20632359542043,-1.14188641111459,-1.49018118119598,217.641707649104,15,1,"normal",48
"1169",-2.3709,0.61307762435734,0,0.467784035871995,80,0.000588015297812212,-13.8692490530768,39.9668327477253,-2.15855353391724,3.3411785212344,0.319216280346738,0.225331825951054,-6.74443369049444,-13.8692490530768,3.6880499288461,-2.15855353391724,1.20632359542043,-1.14188641111459,-1.49018118119598,217.641707649104,15,1,"normal",49
"1170",-34.06989,0.306854041165364,0,0.404987911007886,80,0.000588015297812212,-13.8692490530768,39.9668327477253,-2.15855353391724,3.3411785212344,0.319216280346738,0.225331825951054,-6.74443369049444,-13.8692490530768,3.6880499288461,-2.15855353391724,1.20632359542043,-1.14188641111459,-1.49018118119598,217.641707649104,15,1,"normal",50
"1171",-8.37376,0.554618385055822,1,0.562742131343153,80,0.000588015297812212,-13.8692490530768,39.9668327477253,-2.15855353391724,3.3411785212344,0.319216280346738,0.225331825951054,-6.74443369049444,-13.8692490530768,3.6880499288461,-2.15855353391724,1.20632359542043,-1.14188641111459,-1.49018118119598,217.641707649104,15,1,"normal",51
"1172",-17.66233,0.462239317473357,0,0.553196078862684,80,0.000588015297812212,-13.8692490530768,39.9668327477253,-2.15855353391724,3.3411785212344,0.319216280346738,0.225331825951054,-6.74443369049444,-13.8692490530768,3.6880499288461,-2.15855353391724,1.20632359542043,-1.14188641111459,-1.49018118119598,217.641707649104,15,1,"normal",52
"1173",-28.7987,0.354542317859987,1,0.490374727996478,80,0.000588015297812212,-13.8692490530768,39.9668327477253,-2.15855353391724,3.3411785212344,0.319216280346738,0.225331825951054,-6.74443369049444,-13.8692490530768,3.6880499288461,-2.15855353391724,1.20632359542043,-1.14188641111459,-1.49018118119598,217.641707649104,15,1,"normal",53
"1174",-22.59909,0.413649830926769,1,0.56110880242459,80,0.000588015297812212,-13.8692490530768,39.9668327477253,-2.15855353391724,3.3411785212344,0.319216280346738,0.225331825951054,-6.74443369049444,-13.8692490530768,3.6880499288461,-2.15855353391724,1.20632359542043,-1.14188641111459,-1.49018118119598,217.641707649104,15,1,"normal",54
"1175",-10.29763,0.535562041087297,1,0.546079040884215,80,0.000588015297812212,-13.8692490530768,39.9668327477253,-2.15855353391724,3.3411785212344,0.319216280346738,0.225331825951054,-6.74443369049444,-13.8692490530768,3.6880499288461,-2.15855353391724,1.20632359542043,-1.14188641111459,-1.49018118119598,217.641707649104,15,1,"normal",55
"1176",-12.09499,0.517683722393468,1,0.641582704554049,80,0.000588015297812212,-13.8692490530768,39.9668327477253,-2.15855353391724,3.3411785212344,0.319216280346738,0.225331825951054,-6.74443369049444,-13.8692490530768,3.6880499288461,-2.15855353391724,1.20632359542043,-1.14188641111459,-1.49018118119598,217.641707649104,15,1,"normal",56
"1177",-1.9194,0.617389527946226,1,0.489786056367569,80,0.000588015297812212,-13.8692490530768,39.9668327477253,-2.15855353391724,3.3411785212344,0.319216280346738,0.225331825951054,-6.74443369049444,-13.8692490530768,3.6880499288461,-2.15855353391724,1.20632359542043,-1.14188641111459,-1.49018118119598,217.641707649104,15,1,"normal",57
"1178",-6.29329,0.575083121389189,1,0.500717618228084,80,0.000588015297812212,-13.8692490530768,39.9668327477253,-2.15855353391724,3.3411785212344,0.319216280346738,0.225331825951054,-6.74443369049444,-13.8692490530768,3.6880499288461,-2.15855353391724,1.20632359542043,-1.14188641111459,-1.49018118119598,217.641707649104,15,1,"normal",58
"1179",8.5158,0.712041532846933,1,0.601923745888936,80,0.000588015297812212,-13.8692490530768,39.9668327477253,-2.15855353391724,3.3411785212344,0.319216280346738,0.225331825951054,-6.74443369049444,-13.8692490530768,3.6880499288461,-2.15855353391724,1.20632359542043,-1.14188641111459,-1.49018118119598,217.641707649104,15,1,"normal",59
"1180",-47.5666,0.199930371346089,0,0.419355638809592,80,0.000588015297812212,-13.8692490530768,39.9668327477253,-2.15855353391724,3.3411785212344,0.319216280346738,0.225331825951054,-6.74443369049444,-13.8692490530768,3.6880499288461,-2.15855353391724,1.20632359542043,-1.14188641111459,-1.49018118119598,217.641707649104,15,1,"normal",60
"1181",5.00331,0.681396371225469,1,0.354018399778755,80,0.000588015297812212,-13.8692490530768,39.9668327477253,-2.15855353391724,3.3411785212344,0.319216280346738,0.225331825951054,-6.74443369049444,-13.8692490530768,3.6880499288461,-2.15855353391724,1.20632359542043,-1.14188641111459,-1.49018118119598,217.641707649104,15,1,"normal",61
"1182",-26.3819,0.377256031086558,0,0.466327808535442,80,0.000588015297812212,-13.8692490530768,39.9668327477253,-2.15855353391724,3.3411785212344,0.319216280346738,0.225331825951054,-6.74443369049444,-13.8692490530768,3.6880499288461,-2.15855353391724,1.20632359542043,-1.14188641111459,-1.49018118119598,217.641707649104,15,1,"normal",62
"1183",2.44067,0.658208583735154,1,0.413461490901915,80,0.000588015297812212,-13.8692490530768,39.9668327477253,-2.15855353391724,3.3411785212344,0.319216280346738,0.225331825951054,-6.74443369049444,-13.8692490530768,3.6880499288461,-2.15855353391724,1.20632359542043,-1.14188641111459,-1.49018118119598,217.641707649104,15,1,"normal",63
"1184",-36.7635,0.283634229737515,0,0.387200138396635,80,0.000588015297812212,-13.8692490530768,39.9668327477253,-2.15855353391724,3.3411785212344,0.319216280346738,0.225331825951054,-6.74443369049444,-13.8692490530768,3.6880499288461,-2.15855353391724,1.20632359542043,-1.14188641111459,-1.49018118119598,217.641707649104,15,1,"normal",64
"1185",-10.40813,0.534464601752913,1,0.474274255922752,80,0.000588015297812212,-13.8692490530768,39.9668327477253,-2.15855353391724,3.3411785212344,0.319216280346738,0.225331825951054,-6.74443369049444,-13.8692490530768,3.6880499288461,-2.15855353391724,1.20632359542043,-1.14188641111459,-1.49018118119598,217.641707649104,15,1,"normal",65
"1186",-37.87881,0.274273311723708,0,0.464008261796262,80,0.000588015297812212,-13.8692490530768,39.9668327477253,-2.15855353391724,3.3411785212344,0.319216280346738,0.225331825951054,-6.74443369049444,-13.8692490530768,3.6880499288461,-2.15855353391724,1.20632359542043,-1.14188641111459,-1.49018118119598,217.641707649104,15,1,"normal",66
"1187",-10.00144,0.538502314787717,0,0.516561541023532,80,0.000588015297812212,-13.8692490530768,39.9668327477253,-2.15855353391724,3.3411785212344,0.319216280346738,0.225331825951054,-6.74443369049444,-13.8692490530768,3.6880499288461,-2.15855353391724,1.20632359542043,-1.14188641111459,-1.49018118119598,217.641707649104,15,1,"normal",67
"1188",-1.466,0.621704944673907,0,0.471509384844116,80,0.000588015297812212,-13.8692490530768,39.9668327477253,-2.15855353391724,3.3411785212344,0.319216280346738,0.225331825951054,-6.74443369049444,-13.8692490530768,3.6880499288461,-2.15855353391724,1.20632359542043,-1.14188641111459,-1.49018118119598,217.641707649104,15,1,"normal",68
"1189",-8.42194,0.554142506144563,1,0.588506726926211,80,0.000588015297812212,-13.8692490530768,39.9668327477253,-2.15855353391724,3.3411785212344,0.319216280346738,0.225331825951054,-6.74443369049444,-13.8692490530768,3.6880499288461,-2.15855353391724,1.20632359542043,-1.14188641111459,-1.49018118119598,217.641707649104,15,1,"normal",69
"1190",-45.2996,0.216147626378916,0,0.488820472396299,80,0.000588015297812212,-13.8692490530768,39.9668327477253,-2.15855353391724,3.3411785212344,0.319216280346738,0.225331825951054,-6.74443369049444,-13.8692490530768,3.6880499288461,-2.15855353391724,1.20632359542043,-1.14188641111459,-1.49018118119598,217.641707649104,15,1,"normal",70
"1191",-27.5349,0.366361094538131,1,0.45652608353353,80,0.000588015297812212,-13.8692490530768,39.9668327477253,-2.15855353391724,3.3411785212344,0.319216280346738,0.225331825951054,-6.74443369049444,-13.8692490530768,3.6880499288461,-2.15855353391724,1.20632359542043,-1.14188641111459,-1.49018118119598,217.641707649104,15,1,"normal",71
"1192",-27.84822,0.36341861275292,1,0.425854827549925,80,0.000588015297812212,-13.8692490530768,39.9668327477253,-2.15855353391724,3.3411785212344,0.319216280346738,0.225331825951054,-6.74443369049444,-13.8692490530768,3.6880499288461,-2.15855353391724,1.20632359542043,-1.14188641111459,-1.49018118119598,217.641707649104,15,1,"normal",72
"1193",-2.37412,0.613046821785745,1,0.543024218332942,80,0.000588015297812212,-13.8692490530768,39.9668327477253,-2.15855353391724,3.3411785212344,0.319216280346738,0.225331825951054,-6.74443369049444,-13.8692490530768,3.6880499288461,-2.15855353391724,1.20632359542043,-1.14188641111459,-1.49018118119598,217.641707649104,15,1,"normal",73
"1194",7.8807,0.706604802997732,1,0.505511506460566,80,0.000588015297812212,-13.8692490530768,39.9668327477253,-2.15855353391724,3.3411785212344,0.319216280346738,0.225331825951054,-6.74443369049444,-13.8692490530768,3.6880499288461,-2.15855353391724,1.20632359542043,-1.14188641111459,-1.49018118119598,217.641707649104,15,1,"normal",74
"1195",5.4162,0.685069600159495,0,0.487790956494293,80,0.000588015297812212,-13.8692490530768,39.9668327477253,-2.15855353391724,3.3411785212344,0.319216280346738,0.225331825951054,-6.74443369049444,-13.8692490530768,3.6880499288461,-2.15855353391724,1.20632359542043,-1.14188641111459,-1.49018118119598,217.641707649104,15,1,"normal",75
"1196",-30.13664,0.342181634037681,0,0.46093447835437,80,0.000588015297812212,-13.8692490530768,39.9668327477253,-2.15855353391724,3.3411785212344,0.319216280346738,0.225331825951054,-6.74443369049444,-13.8692490530768,3.6880499288461,-2.15855353391724,1.20632359542043,-1.14188641111459,-1.49018118119598,217.641707649104,15,1,"normal",76
"1197",-45.1997,0.216879436242808,0,0.905610802762941,80,0.000588015297812212,-13.8692490530768,39.9668327477253,-2.15855353391724,3.3411785212344,0.319216280346738,0.225331825951054,-6.74443369049444,-13.8692490530768,3.6880499288461,-2.15855353391724,1.20632359542043,-1.14188641111459,-1.49018118119598,217.641707649104,15,1,"normal",77
"1198",-19.76741,0.441407531720782,0,0.590893432519879,80,0.000588015297812212,-13.8692490530768,39.9668327477253,-2.15855353391724,3.3411785212344,0.319216280346738,0.225331825951054,-6.74443369049444,-13.8692490530768,3.6880499288461,-2.15855353391724,1.20632359542043,-1.14188641111459,-1.49018118119598,217.641707649104,15,1,"normal",78
"1199",-26.03224,0.380579951314321,1,0.49114709756383,80,0.000588015297812212,-13.8692490530768,39.9668327477253,-2.15855353391724,3.3411785212344,0.319216280346738,0.225331825951054,-6.74443369049444,-13.8692490530768,3.6880499288461,-2.15855353391724,1.20632359542043,-1.14188641111459,-1.49018118119598,217.641707649104,15,1,"normal",79
"1200",10.9459,0.732391549176626,1,0.437897599584006,80,0.000588015297812212,-13.8692490530768,39.9668327477253,-2.15855353391724,3.3411785212344,0.319216280346738,0.225331825951054,-6.74443369049444,-13.8692490530768,3.6880499288461,-2.15855353391724,1.20632359542043,-1.14188641111459,-1.49018118119598,217.641707649104,15,1,"normal",80
"1201",8.9736483306,0.616470322394246,0,0.357795273517501,80,0.0202499956397436,-8.85376593148031,57.6707174616269,-1.8514374759145,3.86708945972139,0.336451283949831,0.13422727217387,-3.16511056574519,-8.85376593148031,4.05474954836192,-1.8514374759145,1.35250214649809,-1.08930191318677,-2.00822085471941,-1226.81562638377,16,1,"normal",1
"1202",10.4159978632,0.625561019516386,1,0.445637129468732,80,0.0202499956397436,-8.85376593148031,57.6707174616269,-1.8514374759145,3.86708945972139,0.336451283949831,0.13422727217387,-3.16511056574519,-8.85376593148031,4.05474954836192,-1.8514374759145,1.35250214649809,-1.08930191318677,-2.00822085471941,-1226.81562638377,16,1,"normal",2
"1203",1.54409122283,0.568642912071726,1,0.352928015132952,80,0.0202499956397436,-8.85376593148031,57.6707174616269,-1.8514374759145,3.86708945972139,0.336451283949831,0.13422727217387,-3.16511056574519,-8.85376593148031,4.05474954836192,-1.8514374759145,1.35250214649809,-1.08930191318677,-2.00822085471941,-1226.81562638377,16,1,"normal",3
"1204",-3.460596917,0.535744652914568,1,0.443849288020311,80,0.0202499956397436,-8.85376593148031,57.6707174616269,-1.8514374759145,3.86708945972139,0.336451283949831,0.13422727217387,-3.16511056574519,-8.85376593148031,4.05474954836192,-1.8514374759145,1.35250214649809,-1.08930191318677,-2.00822085471941,-1226.81562638377,16,1,"normal",4
"1205",-6.5457217018,0.515315384342731,1,0.796893905451141,80,0.0202499956397436,-8.85376593148031,57.6707174616269,-1.8514374759145,3.86708945972139,0.336451283949831,0.13422727217387,-3.16511056574519,-8.85376593148031,4.05474954836192,-1.8514374759145,1.35250214649809,-1.08930191318677,-2.00822085471941,-1226.81562638377,16,1,"normal",5
"1206",28.6982,0.732701173741253,0,0.430648088286923,80,0.0202499956397436,-8.85376593148031,57.6707174616269,-1.8514374759145,3.86708945972139,0.336451283949831,0.13422727217387,-3.16511056574519,-8.85376593148031,4.05474954836192,-1.8514374759145,1.35250214649809,-1.08930191318677,-2.00822085471941,-1226.81562638377,16,1,"normal",6
"1207",-6.05888011024,0.518543588911365,1,0.50380052552301,80,0.0202499956397436,-8.85376593148031,57.6707174616269,-1.8514374759145,3.86708945972139,0.336451283949831,0.13422727217387,-3.16511056574519,-8.85376593148031,4.05474954836192,-1.8514374759145,1.35250214649809,-1.08930191318677,-2.00822085471941,-1226.81562638377,16,1,"normal",7
"1208",-9.2515,0.49736009046598,1,0.430619877748534,80,0.0202499956397436,-8.85376593148031,57.6707174616269,-1.8514374759145,3.86708945972139,0.336451283949831,0.13422727217387,-3.16511056574519,-8.85376593148031,4.05474954836192,-1.8514374759145,1.35250214649809,-1.08930191318677,-2.00822085471941,-1226.81562638377,16,1,"normal",8
"1209",-13.133993606,0.471616365709492,1,0.851626279466993,80,0.0202499956397436,-8.85376593148031,57.6707174616269,-1.8514374759145,3.86708945972139,0.336451283949831,0.13422727217387,-3.16511056574519,-8.85376593148031,4.05474954836192,-1.8514374759145,1.35250214649809,-1.08930191318677,-2.00822085471941,-1226.81562638377,16,1,"normal",9
"1210",-18.6091636185,0.435556745240852,0,0.494472112029156,80,0.0202499956397436,-8.85376593148031,57.6707174616269,-1.8514374759145,3.86708945972139,0.336451283949831,0.13422727217387,-3.16511056574519,-8.85376593148031,4.05474954836192,-1.8514374759145,1.35250214649809,-1.08930191318677,-2.00822085471941,-1226.81562638377,16,1,"normal",10
"1211",-21.92329,0.413988850420715,1,0.529540644855399,80,0.0202499956397436,-8.85376593148031,57.6707174616269,-1.8514374759145,3.86708945972139,0.336451283949831,0.13422727217387,-3.16511056574519,-8.85376593148031,4.05474954836192,-1.8514374759145,1.35250214649809,-1.08930191318677,-2.00822085471941,-1226.81562638377,16,1,"normal",11
"1212",-14.8476938446,0.460287257170935,1,0.530264864586903,80,0.0202499956397436,-8.85376593148031,57.6707174616269,-1.8514374759145,3.86708945972139,0.336451283949831,0.13422727217387,-3.16511056574519,-8.85376593148031,4.05474954836192,-1.8514374759145,1.35250214649809,-1.08930191318677,-2.00822085471941,-1226.81562638377,16,1,"normal",12
"1213",-4.14777,0.531201069418016,0,0.521425612015091,80,0.0202499956397436,-8.85376593148031,57.6707174616269,-1.8514374759145,3.86708945972139,0.336451283949831,0.13422727217387,-3.16511056574519,-8.85376593148031,4.05474954836192,-1.8514374759145,1.35250214649809,-1.08930191318677,-2.00822085471941,-1226.81562638377,16,1,"normal",13
"1214",-11.0053122245,0.485722582686996,1,0.521567531810746,80,0.0202499956397436,-8.85376593148031,57.6707174616269,-1.8514374759145,3.86708945972139,0.336451283949831,0.13422727217387,-3.16511056574519,-8.85376593148031,4.05474954836192,-1.8514374759145,1.35250214649809,-1.08930191318677,-2.00822085471941,-1226.81562638377,16,1,"normal",14
"1215",-12.28176,0.477260334378229,1,0.531107191119279,80,0.0202499956397436,-8.85376593148031,57.6707174616269,-1.8514374759145,3.86708945972139,0.336451283949831,0.13422727217387,-3.16511056574519,-8.85376593148031,4.05474954836192,-1.8514374759145,1.35250214649809,-1.08930191318677,-2.00822085471941,-1226.81562638377,16,1,"normal",15
"1216",-30.42139,0.360114546501368,0,0.486516453125271,80,0.0202499956397436,-8.85376593148031,57.6707174616269,-1.8514374759145,3.86708945972139,0.336451283949831,0.13422727217387,-3.16511056574519,-8.85376593148031,4.05474954836192,-1.8514374759145,1.35250214649809,-1.08930191318677,-2.00822085471941,-1226.81562638377,16,1,"normal",16
"1217",-17.90117,0.440193943664731,0,0.765544973693364,80,0.0202499956397436,-8.85376593148031,57.6707174616269,-1.8514374759145,3.86708945972139,0.336451283949831,0.13422727217387,-3.16511056574519,-8.85376593148031,4.05474954836192,-1.8514374759145,1.35250214649809,-1.08930191318677,-2.00822085471941,-1226.81562638377,16,1,"normal",17
"1218",8.8795,0.615874424834172,1,0.434788292773678,80,0.0202499956397436,-8.85376593148031,57.6707174616269,-1.8514374759145,3.86708945972139,0.336451283949831,0.13422727217387,-3.16511056574519,-8.85376593148031,4.05474954836192,-1.8514374759145,1.35250214649809,-1.08930191318677,-2.00822085471941,-1226.81562638377,16,1,"normal",18
"1219",-0.542899999999999,0.554972420156818,0,0.469432299293162,80,0.0202499956397436,-8.85376593148031,57.6707174616269,-1.8514374759145,3.86708945972139,0.336451283949831,0.13422727217387,-3.16511056574519,-8.85376593148031,4.05474954836192,-1.8514374759145,1.35250214649809,-1.08930191318677,-2.00822085471941,-1226.81562638377,16,1,"normal",19
"1220",-21.58044,0.416208281229002,0,0.455160161052316,80,0.0202499956397436,-8.85376593148031,57.6707174616269,-1.8514374759145,3.86708945972139,0.336451283949831,0.13422727217387,-3.16511056574519,-8.85376593148031,4.05474954836192,-1.8514374759145,1.35250214649809,-1.08930191318677,-2.00822085471941,-1226.81562638377,16,1,"normal",20
"1221",-14.237593537,0.464317079936969,0,0.455667572834274,80,0.0202499956397436,-8.85376593148031,57.6707174616269,-1.8514374759145,3.86708945972139,0.336451283949831,0.13422727217387,-3.16511056574519,-8.85376593148031,4.05474954836192,-1.8514374759145,1.35250214649809,-1.08930191318677,-2.00822085471941,-1226.81562638377,16,1,"normal",21
"1222",18.92096,0.677467268548979,1,0.38133356400139,80,0.0202499956397436,-8.85376593148031,57.6707174616269,-1.8514374759145,3.86708945972139,0.336451283949831,0.13422727217387,-3.16511056574519,-8.85376593148031,4.05474954836192,-1.8514374759145,1.35250214649809,-1.08930191318677,-2.00822085471941,-1226.81562638377,16,1,"normal",22
"1223",-35.34826,0.330139663553811,0,0.30561787668782,80,0.0202499956397436,-8.85376593148031,57.6707174616269,-1.8514374759145,3.86708945972139,0.336451283949831,0.13422727217387,-3.16511056574519,-8.85376593148031,4.05474954836192,-1.8514374759145,1.35250214649809,-1.08930191318677,-2.00822085471941,-1226.81562638377,16,1,"normal",23
"1224",21.16285,0.690591665973389,1,0.605957494881441,80,0.0202499956397436,-8.85376593148031,57.6707174616269,-1.8514374759145,3.86708945972139,0.336451283949831,0.13422727217387,-3.16511056574519,-8.85376593148031,4.05474954836192,-1.8514374759145,1.35250214649809,-1.08930191318677,-2.00822085471941,-1226.81562638377,16,1,"normal",24
"1225",-6.16,0.517873172696452,1,0.76987330223879,80,0.0202499956397436,-8.85376593148031,57.6707174616269,-1.8514374759145,3.86708945972139,0.336451283949831,0.13422727217387,-3.16511056574519,-8.85376593148031,4.05474954836192,-1.8514374759145,1.35250214649809,-1.08930191318677,-2.00822085471941,-1226.81562638377,16,1,"normal",25
"1226",-10.26344,0.490644324291684,0,0.549549525897639,80,0.0202499956397436,-8.85376593148031,57.6707174616269,-1.8514374759145,3.86708945972139,0.336451283949831,0.13422727217387,-3.16511056574519,-8.85376593148031,4.05474954836192,-1.8514374759145,1.35250214649809,-1.08930191318677,-2.00822085471941,-1226.81562638377,16,1,"normal",26
"1227",-13.356035583,0.470146845608873,1,0.437357212210484,80,0.0202499956397436,-8.85376593148031,57.6707174616269,-1.8514374759145,3.86708945972139,0.336451283949831,0.13422727217387,-3.16511056574519,-8.85376593148031,4.05474954836192,-1.8514374759145,1.35250214649809,-1.08930191318677,-2.00822085471941,-1226.81562638377,16,1,"normal",27
"1228",18.33194,0.673977279373623,1,0.530575004830673,80,0.0202499956397436,-8.85376593148031,57.6707174616269,-1.8514374759145,3.86708945972139,0.336451283949831,0.13422727217387,-3.16511056574519,-8.85376593148031,4.05474954836192,-1.8514374759145,1.35250214649809,-1.08930191318677,-2.00822085471941,-1226.81562638377,16,1,"normal",28
"1229",-26.2244,0.386423581365052,0,0.464913326434356,80,0.0202499956397436,-8.85376593148031,57.6707174616269,-1.8514374759145,3.86708945972139,0.336451283949831,0.13422727217387,-3.16511056574519,-8.85376593148031,4.05474954836192,-1.8514374759145,1.35250214649809,-1.08930191318677,-2.00822085471941,-1226.81562638377,16,1,"normal",29
"1230",-19.72095,0.42829446885986,0,0.368327631581468,80,0.0202499956397436,-8.85376593148031,57.6707174616269,-1.8514374759145,3.86708945972139,0.336451283949831,0.13422727217387,-3.16511056574519,-8.85376593148031,4.05474954836192,-1.8514374759145,1.35250214649809,-1.08930191318677,-2.00822085471941,-1226.81562638377,16,1,"normal",30
"1231",-27.0129,0.381432512842233,0,0.75664363305726,80,0.0202499956397436,-8.85376593148031,57.6707174616269,-1.8514374759145,3.86708945972139,0.336451283949831,0.13422727217387,-3.16511056574519,-8.85376593148031,4.05474954836192,-1.8514374759145,1.35250214649809,-1.08930191318677,-2.00822085471941,-1226.81562638377,16,1,"normal",31
"1232",-19.52654,0.429562544041247,1,0.633095160422862,80,0.0202499956397436,-8.85376593148031,57.6707174616269,-1.8514374759145,3.86708945972139,0.336451283949831,0.13422727217387,-3.16511056574519,-8.85376593148031,4.05474954836192,-1.8514374759145,1.35250214649809,-1.08930191318677,-2.00822085471941,-1226.81562638377,16,1,"normal",32
"1233",19.1138,0.67860615308781,1,0.569321998265805,80,0.0202499956397436,-8.85376593148031,57.6707174616269,-1.8514374759145,3.86708945972139,0.336451283949831,0.13422727217387,-3.16511056574519,-8.85376593148031,4.05474954836192,-1.8514374759145,1.35250214649809,-1.08930191318677,-2.00822085471941,-1226.81562638377,16,1,"normal",33
"1234",-15.75513113,0.454301795364067,1,0.484227814245638,80,0.0202499956397436,-8.85376593148031,57.6707174616269,-1.8514374759145,3.86708945972139,0.336451283949831,0.13422727217387,-3.16511056574519,-8.85376593148031,4.05474954836192,-1.8514374759145,1.35250214649809,-1.08930191318677,-2.00822085471941,-1226.81562638377,16,1,"normal",34
"1235",-16.92786898,0.446583298249607,0,0.520400075277716,80,0.0202499956397436,-8.85376593148031,57.6707174616269,-1.8514374759145,3.86708945972139,0.336451283949831,0.13422727217387,-3.16511056574519,-8.85376593148031,4.05474954836192,-1.8514374759145,1.35250214649809,-1.08930191318677,-2.00822085471941,-1226.81562638377,16,1,"normal",35
"1236",-15.24480176,0.45766663902923,0,0.542548788132818,80,0.0202499956397436,-8.85376593148031,57.6707174616269,-1.8514374759145,3.86708945972139,0.336451283949831,0.13422727217387,-3.16511056574519,-8.85376593148031,4.05474954836192,-1.8514374759145,1.35250214649809,-1.08930191318677,-2.00822085471941,-1226.81562638377,16,1,"normal",36
"1237",-25.5804,0.390515308941682,1,0.445152750753322,80,0.0202499956397436,-8.85376593148031,57.6707174616269,-1.8514374759145,3.86708945972139,0.336451283949831,0.13422727217387,-3.16511056574519,-8.85376593148031,4.05474954836192,-1.8514374759145,1.35250214649809,-1.08930191318677,-2.00822085471941,-1226.81562638377,16,1,"normal",37
"1238",1.6267,0.569182311961126,0,0.438735070161328,80,0.0202499956397436,-8.85376593148031,57.6707174616269,-1.8514374759145,3.86708945972139,0.336451283949831,0.13422727217387,-3.16511056574519,-8.85376593148031,4.05474954836192,-1.8514374759145,1.35250214649809,-1.08930191318677,-2.00822085471941,-1226.81562638377,16,1,"normal",38
"1239",29.4751,0.736854349233661,1,0.390342567473485,80,0.0202499956397436,-8.85376593148031,57.6707174616269,-1.8514374759145,3.86708945972139,0.336451283949831,0.13422727217387,-3.16511056574519,-8.85376593148031,4.05474954836192,-1.8514374759145,1.35250214649809,-1.08930191318677,-2.00822085471941,-1226.81562638377,16,1,"normal",39
"1240",-13.2884208107,0.470594288500765,0,0.935702968754448,80,0.0202499956397436,-8.85376593148031,57.6707174616269,-1.8514374759145,3.86708945972139,0.336451283949831,0.13422727217387,-3.16511056574519,-8.85376593148031,4.05474954836192,-1.8514374759145,1.35250214649809,-1.08930191318677,-2.00822085471941,-1226.81562638377,16,1,"normal",40
"1241",-21.66359,0.415669741339181,1,0.335692840387957,80,0.0202499956397436,-8.85376593148031,57.6707174616269,-1.8514374759145,3.86708945972139,0.336451283949831,0.13422727217387,-3.16511056574519,-8.85376593148031,4.05474954836192,-1.8514374759145,1.35250214649809,-1.08930191318677,-2.00822085471941,-1226.81562638377,16,1,"normal",41
"1242",-11.73767981366,0.480866209751485,0,0.56174563462657,80,0.0202499956397436,-8.85376593148031,57.6707174616269,-1.8514374759145,3.86708945972139,0.336451283949831,0.13422727217387,-3.16511056574519,-8.85376593148031,4.05474954836192,-1.8514374759145,1.35250214649809,-1.08930191318677,-2.00822085471941,-1226.81562638377,16,1,"normal",42
"1243",-11.1252323205,0.484927207078722,0,0.615676855576028,80,0.0202499956397436,-8.85376593148031,57.6707174616269,-1.8514374759145,3.86708945972139,0.336451283949831,0.13422727217387,-3.16511056574519,-8.85376593148031,4.05474954836192,-1.8514374759145,1.35250214649809,-1.08930191318677,-2.00822085471941,-1226.81562638377,16,1,"normal",43
"1244",-6.350011,0.516613269129467,1,0.708949735995017,80,0.0202499956397436,-8.85376593148031,57.6707174616269,-1.8514374759145,3.86708945972139,0.336451283949831,0.13422727217387,-3.16511056574519,-8.85376593148031,4.05474954836192,-1.8514374759145,1.35250214649809,-1.08930191318677,-2.00822085471941,-1226.81562638377,16,1,"normal",44
"1245",-10.4608326044,0.489334594174317,1,0.813195821193349,80,0.0202499956397436,-8.85376593148031,57.6707174616269,-1.8514374759145,3.86708945972139,0.336451283949831,0.13422727217387,-3.16511056574519,-8.85376593148031,4.05474954836192,-1.8514374759145,1.35250214649809,-1.08930191318677,-2.00822085471941,-1226.81562638377,16,1,"normal",45
"1246",-12.743859954,0.474199355541843,1,0.438976066012718,80,0.0202499956397436,-8.85376593148031,57.6707174616269,-1.8514374759145,3.86708945972139,0.336451283949831,0.13422727217387,-3.16511056574519,-8.85376593148031,4.05474954836192,-1.8514374759145,1.35250214649809,-1.08930191318677,-2.00822085471941,-1226.81562638377,16,1,"normal",46
"1247",-11.2323,0.484217130657688,0,0.533307473260934,80,0.0202499956397436,-8.85376593148031,57.6707174616269,-1.8514374759145,3.86708945972139,0.336451283949831,0.13422727217387,-3.16511056574519,-8.85376593148031,4.05474954836192,-1.8514374759145,1.35250214649809,-1.08930191318677,-2.00822085471941,-1226.81562638377,16,1,"normal",47
"1248",-12.0581941357,0.478741784079045,1,0.44932124008253,80,0.0202499956397436,-8.85376593148031,57.6707174616269,-1.8514374759145,3.86708945972139,0.336451283949831,0.13422727217387,-3.16511056574519,-8.85376593148031,4.05474954836192,-1.8514374759145,1.35250214649809,-1.08930191318677,-2.00822085471941,-1226.81562638377,16,1,"normal",48
"1249",-25.9689,0.3880453114824,1,0.470901601596841,80,0.0202499956397436,-8.85376593148031,57.6707174616269,-1.8514374759145,3.86708945972139,0.336451283949831,0.13422727217387,-3.16511056574519,-8.85376593148031,4.05474954836192,-1.8514374759145,1.35250214649809,-1.08930191318677,-2.00822085471941,-1226.81562638377,16,1,"normal",49
"1250",10.7138,0.627428720725243,1,0.447144970426226,80,0.0202499956397436,-8.85376593148031,57.6707174616269,-1.8514374759145,3.86708945972139,0.336451283949831,0.13422727217387,-3.16511056574519,-8.85376593148031,4.05474954836192,-1.8514374759145,1.35250214649809,-1.08930191318677,-2.00822085471941,-1226.81562638377,16,1,"normal",50
"1251",33.1195398,0.75583623424016,1,0.474530202175101,80,0.0202499956397436,-8.85376593148031,57.6707174616269,-1.8514374759145,3.86708945972139,0.336451283949831,0.13422727217387,-3.16511056574519,-8.85376593148031,4.05474954836192,-1.8514374759145,1.35250214649809,-1.08930191318677,-2.00822085471941,-1226.81562638377,16,1,"normal",51
"1252",-9.2452,0.497401905271224,1,0.505936057361266,80,0.0202499956397436,-8.85376593148031,57.6707174616269,-1.8514374759145,3.86708945972139,0.336451283949831,0.13422727217387,-3.16511056574519,-8.85376593148031,4.05474954836192,-1.8514374759145,1.35250214649809,-1.08930191318677,-2.00822085471941,-1226.81562638377,16,1,"normal",52
"1253",-30.45805,0.359887680056757,0,0.570562264767558,80,0.0202499956397436,-8.85376593148031,57.6707174616269,-1.8514374759145,3.86708945972139,0.336451283949831,0.13422727217387,-3.16511056574519,-8.85376593148031,4.05474954836192,-1.8514374759145,1.35250214649809,-1.08930191318677,-2.00822085471941,-1226.81562638377,16,1,"normal",53
"1254",-16.274899093,0.450878380916469,0,0.418737484572389,80,0.0202499956397436,-8.85376593148031,57.6707174616269,-1.8514374759145,3.86708945972139,0.336451283949831,0.13422727217387,-3.16511056574519,-8.85376593148031,4.05474954836192,-1.8514374759145,1.35250214649809,-1.08930191318677,-2.00822085471941,-1226.81562638377,16,1,"normal",54
"1255",-6.3389,0.516686947792529,0,0.405498349538703,80,0.0202499956397436,-8.85376593148031,57.6707174616269,-1.8514374759145,3.86708945972139,0.336451283949831,0.13422727217387,-3.16511056574519,-8.85376593148031,4.05474954836192,-1.8514374759145,1.35250214649809,-1.08930191318677,-2.00822085471941,-1226.81562638377,16,1,"normal",55
"1256",-4.0849,0.531616958791671,1,0.598939535226782,80,0.0202499956397436,-8.85376593148031,57.6707174616269,-1.8514374759145,3.86708945972139,0.336451283949831,0.13422727217387,-3.16511056574519,-8.85376593148031,4.05474954836192,-1.8514374759145,1.35250214649809,-1.08930191318677,-2.00822085471941,-1226.81562638377,16,1,"normal",56
"1257",-19.90444,0.427098359835079,1,0.548013901292543,80,0.0202499956397436,-8.85376593148031,57.6707174616269,-1.8514374759145,3.86708945972139,0.336451283949831,0.13422727217387,-3.16511056574519,-8.85376593148031,4.05474954836192,-1.8514374759145,1.35250214649809,-1.08930191318677,-2.00822085471941,-1226.81562638377,16,1,"normal",57
"1258",-46.025609,0.26934425702412,1,0.676162511608486,80,0.0202499956397436,-8.85376593148031,57.6707174616269,-1.8514374759145,3.86708945972139,0.336451283949831,0.13422727217387,-3.16511056574519,-8.85376593148031,4.05474954836192,-1.8514374759145,1.35250214649809,-1.08930191318677,-2.00822085471941,-1226.81562638377,16,1,"normal",58
"1259",-6.08713,0.518356300205983,1,0.681699461201974,80,0.0202499956397436,-8.85376593148031,57.6707174616269,-1.8514374759145,3.86708945972139,0.336451283949831,0.13422727217387,-3.16511056574519,-8.85376593148031,4.05474954836192,-1.8514374759145,1.35250214649809,-1.08930191318677,-2.00822085471941,-1226.81562638377,16,1,"normal",59
"1260",29.282,0.735825510081938,1,0.375140827902113,80,0.0202499956397436,-8.85376593148031,57.6707174616269,-1.8514374759145,3.86708945972139,0.336451283949831,0.13422727217387,-3.16511056574519,-8.85376593148031,4.05474954836192,-1.8514374759145,1.35250214649809,-1.08930191318677,-2.00822085471941,-1226.81562638377,16,1,"normal",60
"1261",-10.1555,0.491360570023582,0,0.59392149927032,80,0.0202499956397436,-8.85376593148031,57.6707174616269,-1.8514374759145,3.86708945972139,0.336451283949831,0.13422727217387,-3.16511056574519,-8.85376593148031,4.05474954836192,-1.8514374759145,1.35250214649809,-1.08930191318677,-2.00822085471941,-1226.81562638377,16,1,"normal",61
"1262",1.5352,0.568584847875776,0,0.382611214157315,80,0.0202499956397436,-8.85376593148031,57.6707174616269,-1.8514374759145,3.86708945972139,0.336451283949831,0.13422727217387,-3.16511056574519,-8.85376593148031,4.05474954836192,-1.8514374759145,1.35250214649809,-1.08930191318677,-2.00822085471941,-1226.81562638377,16,1,"normal",62
"1263",-16.0156588592,0.452585369218302,1,0.700958563116243,80,0.0202499956397436,-8.85376593148031,57.6707174616269,-1.8514374759145,3.86708945972139,0.336451283949831,0.13422727217387,-3.16511056574519,-8.85376593148031,4.05474954836192,-1.8514374759145,1.35250214649809,-1.08930191318677,-2.00822085471941,-1226.81562638377,16,1,"normal",63
"1264",-11.0581,0.48537245750753,0,0.544406376239823,80,0.0202499956397436,-8.85376593148031,57.6707174616269,-1.8514374759145,3.86708945972139,0.336451283949831,0.13422727217387,-3.16511056574519,-8.85376593148031,4.05474954836192,-1.8514374759145,1.35250214649809,-1.08930191318677,-2.00822085471941,-1226.81562638377,16,1,"normal",64
"1265",-16.2219278032,0.451227095525566,1,0.54684384024366,80,0.0202499956397436,-8.85376593148031,57.6707174616269,-1.8514374759145,3.86708945972139,0.336451283949831,0.13422727217387,-3.16511056574519,-8.85376593148031,4.05474954836192,-1.8514374759145,1.35250214649809,-1.08930191318677,-2.00822085471941,-1226.81562638377,16,1,"normal",65
"1266",-33.12258,0.343548136299124,0,0.394671182849558,80,0.0202499956397436,-8.85376593148031,57.6707174616269,-1.8514374759145,3.86708945972139,0.336451283949831,0.13422727217387,-3.16511056574519,-8.85376593148031,4.05474954836192,-1.8514374759145,1.35250214649809,-1.08930191318677,-2.00822085471941,-1226.81562638377,16,1,"normal",66
"1267",-34.2574,0.336683020018941,0,0.49169013548137,80,0.0202499956397436,-8.85376593148031,57.6707174616269,-1.8514374759145,3.86708945972139,0.336451283949831,0.13422727217387,-3.16511056574519,-8.85376593148031,4.05474954836192,-1.8514374759145,1.35250214649809,-1.08930191318677,-2.00822085471941,-1226.81562638377,16,1,"normal",67
"1268",-14.2727309571,0.464084878591866,1,0.80761114995251,80,0.0202499956397436,-8.85376593148031,57.6707174616269,-1.8514374759145,3.86708945972139,0.336451283949831,0.13422727217387,-3.16511056574519,-8.85376593148031,4.05474954836192,-1.8514374759145,1.35250214649809,-1.08930191318677,-2.00822085471941,-1226.81562638377,16,1,"normal",68
"1269",-15.4769090882,0.456135820346538,1,0.654138065972561,80,0.0202499956397436,-8.85376593148031,57.6707174616269,-1.8514374759145,3.86708945972139,0.336451283949831,0.13422727217387,-3.16511056574519,-8.85376593148031,4.05474954836192,-1.8514374759145,1.35250214649809,-1.08930191318677,-2.00822085471941,-1226.81562638377,16,1,"normal",69
"1270",24.0624,0.707174272462131,1,0.409133603466887,80,0.0202499956397436,-8.85376593148031,57.6707174616269,-1.8514374759145,3.86708945972139,0.336451283949831,0.13422727217387,-3.16511056574519,-8.85376593148031,4.05474954836192,-1.8514374759145,1.35250214649809,-1.08930191318677,-2.00822085471941,-1226.81562638377,16,1,"normal",70
"1271",-33.0793,0.343811103483383,1,0.462220021608829,80,0.0202499956397436,-8.85376593148031,57.6707174616269,-1.8514374759145,3.86708945972139,0.336451283949831,0.13422727217387,-3.16511056574519,-8.85376593148031,4.05474954836192,-1.8514374759145,1.35250214649809,-1.08930191318677,-2.00822085471941,-1226.81562638377,16,1,"normal",71
"1272",-17.843430265,0.440572529365313,0,0.481091722075891,80,0.0202499956397436,-8.85376593148031,57.6707174616269,-1.8514374759145,3.86708945972139,0.336451283949831,0.13422727217387,-3.16511056574519,-8.85376593148031,4.05474954836192,-1.8514374759145,1.35250214649809,-1.08930191318677,-2.00822085471941,-1226.81562638377,16,1,"normal",72
"1273",-18.6395086338,0.435358202392975,0,0.542515140405622,80,0.0202499956397436,-8.85376593148031,57.6707174616269,-1.8514374759145,3.86708945972139,0.336451283949831,0.13422727217387,-3.16511056574519,-8.85376593148031,4.05474954836192,-1.8514374759145,1.35250214649809,-1.08930191318677,-2.00822085471941,-1226.81562638377,16,1,"normal",73
"1274",13.0024,0.641669598844184,0,0.514038945272255,80,0.0202499956397436,-8.85376593148031,57.6707174616269,-1.8514374759145,3.86708945972139,0.336451283949831,0.13422727217387,-3.16511056574519,-8.85376593148031,4.05474954836192,-1.8514374759145,1.35250214649809,-1.08930191318677,-2.00822085471941,-1226.81562638377,16,1,"normal",74
"1275",28.7756,0.733116589262587,1,0.506563916362214,80,0.0202499956397436,-8.85376593148031,57.6707174616269,-1.8514374759145,3.86708945972139,0.336451283949831,0.13422727217387,-3.16511056574519,-8.85376593148031,4.05474954836192,-1.8514374759145,1.35250214649809,-1.08930191318677,-2.00822085471941,-1226.81562638377,16,1,"normal",75
"1276",-15.0735027296,0.458796847783052,1,0.525585095074047,80,0.0202499956397436,-8.85376593148031,57.6707174616269,-1.8514374759145,3.86708945972139,0.336451283949831,0.13422727217387,-3.16511056574519,-8.85376593148031,4.05474954836192,-1.8514374759145,1.35250214649809,-1.08930191318677,-2.00822085471941,-1226.81562638377,16,1,"normal",76
"1277",-17.110447485,0.445383533569223,1,0.500050325083568,80,0.0202499956397436,-8.85376593148031,57.6707174616269,-1.8514374759145,3.86708945972139,0.336451283949831,0.13422727217387,-3.16511056574519,-8.85376593148031,4.05474954836192,-1.8514374759145,1.35250214649809,-1.08930191318677,-2.00822085471941,-1226.81562638377,16,1,"normal",77
"1278",-17.4811894108,0.442948989766136,1,0.568343833746394,80,0.0202499956397436,-8.85376593148031,57.6707174616269,-1.8514374759145,3.86708945972139,0.336451283949831,0.13422727217387,-3.16511056574519,-8.85376593148031,4.05474954836192,-1.8514374759145,1.35250214649809,-1.08930191318677,-2.00822085471941,-1226.81562638377,16,1,"normal",78
"1279",-19.458117422,0.430009031944741,1,0.401103057206662,80,0.0202499956397436,-8.85376593148031,57.6707174616269,-1.8514374759145,3.86708945972139,0.336451283949831,0.13422727217387,-3.16511056574519,-8.85376593148031,4.05474954836192,-1.8514374759145,1.35250214649809,-1.08930191318677,-2.00822085471941,-1226.81562638377,16,1,"normal",79
"1280",-19.051470106,0.432664576678639,0,0.589714163766424,80,0.0202499956397436,-8.85376593148031,57.6707174616269,-1.8514374759145,3.86708945972139,0.336451283949831,0.13422727217387,-3.16511056574519,-8.85376593148031,4.05474954836192,-1.8514374759145,1.35250214649809,-1.08930191318677,-2.00822085471941,-1226.81562638377,16,1,"normal",80
"1281",8.7890072251,0.72930451840039,0,0.898944233054473,80,0.02487111364573,-13.7770354299925,34.8573714960726,-1.96307664025114,5.33355648235565,0.300605440633948,0.613026963742058,-2.94987907143078,-13.7770354299925,3.55126463552994,-1.96307664025114,1.67401827313807,-1.20195670257906,-0.489346357484661,-2607.55477193517,17,1,"normal",1
"1282",9.6164998825,0.7365462130922,1,0.963541112781299,80,0.02487111364573,-13.7770354299925,34.8573714960726,-1.96307664025114,5.33355648235565,0.300605440633948,0.613026963742058,-2.94987907143078,-13.7770354299925,3.55126463552994,-1.96307664025114,1.67401827313807,-1.20195670257906,-0.489346357484661,-2607.55477193517,17,1,"normal",2
"1283",3.1723355596,0.677322637096746,1,1.07850972516334,80,0.02487111364573,-13.7770354299925,34.8573714960726,-1.96307664025114,5.33355648235565,0.300605440633948,0.613026963742058,-2.94987907143078,-13.7770354299925,3.55126463552994,-1.96307664025114,1.67401827313807,-1.20195670257906,-0.489346357484661,-2607.55477193517,17,1,"normal",3
"1284",-2.2013467594,0.623617429255393,0,1.00016993158858,80,0.02487111364573,-13.7770354299925,34.8573714960726,-1.96307664025114,5.33355648235565,0.300605440633948,0.613026963742058,-2.94987907143078,-13.7770354299925,3.55126463552994,-1.96307664025114,1.67401827313807,-1.20195670257906,-0.489346357484661,-2607.55477193517,17,1,"normal",4
"1285",2.2197087437,0.668057063224252,1,1.2178027344257,80,0.02487111364573,-13.7770354299925,34.8573714960726,-1.96307664025114,5.33355648235565,0.300605440633948,0.613026963742058,-2.94987907143078,-13.7770354299925,3.55126463552994,-1.96307664025114,1.67401827313807,-1.20195670257906,-0.489346357484661,-2607.55477193517,17,1,"normal",5
"1286",-39.97871,0.239744372425213,0,0.837475842242665,80,0.02487111364573,-13.7770354299925,34.8573714960726,-1.96307664025114,5.33355648235565,0.300605440633948,0.613026963742058,-2.94987907143078,-13.7770354299925,3.55126463552994,-1.96307664025114,1.67401827313807,-1.20195670257906,-0.489346357484661,-2607.55477193517,17,1,"normal",6
"1287",-10.39395,0.536735709689453,0,1.11525138276619,80,0.02487111364573,-13.7770354299925,34.8573714960726,-1.96307664025114,5.33355648235565,0.300605440633948,0.613026963742058,-2.94987907143078,-13.7770354299925,3.55126463552994,-1.96307664025114,1.67401827313807,-1.20195670257906,-0.489346357484661,-2607.55477193517,17,1,"normal",7
"1288",-3.06539,0.614688711678869,0,1.11755892039883,80,0.02487111364573,-13.7770354299925,34.8573714960726,-1.96307664025114,5.33355648235565,0.300605440633948,0.613026963742058,-2.94987907143078,-13.7770354299925,3.55126463552994,-1.96307664025114,1.67401827313807,-1.20195670257906,-0.489346357484661,-2607.55477193517,17,1,"normal",8
"1289",-18.8689,0.444818771211271,0,1.08531515967673,80,0.02487111364573,-13.7770354299925,34.8573714960726,-1.96307664025114,5.33355648235565,0.300605440633948,0.613026963742058,-2.94987907143078,-13.7770354299925,3.55126463552994,-1.96307664025114,1.67401827313807,-1.20195670257906,-0.489346357484661,-2607.55477193517,17,1,"normal",9
"1290",9.86529,0.738701189602768,1,0.963772831732759,80,0.02487111364573,-13.7770354299925,34.8573714960726,-1.96307664025114,5.33355648235565,0.300605440633948,0.613026963742058,-2.94987907143078,-13.7770354299925,3.55126463552994,-1.96307664025114,1.67401827313807,-1.20195670257906,-0.489346357484661,-2607.55477193517,17,1,"normal",10
"1291",-4.76942,0.59688457768921,1,0.949262373297725,80,0.02487111364573,-13.7770354299925,34.8573714960726,-1.96307664025114,5.33355648235565,0.300605440633948,0.613026963742058,-2.94987907143078,-13.7770354299925,3.55126463552994,-1.96307664025114,1.67401827313807,-1.20195670257906,-0.489346357484661,-2607.55477193517,17,1,"normal",11
"1292",25.37024,0.850926547363518,0,0.803047597772484,80,0.02487111364573,-13.7770354299925,34.8573714960726,-1.96307664025114,5.33355648235565,0.300605440633948,0.613026963742058,-2.94987907143078,-13.7770354299925,3.55126463552994,-1.96307664025114,1.67401827313807,-1.20195670257906,-0.489346357484661,-2607.55477193517,17,1,"normal",12
"1293",1.61390812114,0.662103665617522,1,1.1804587250526,80,0.02487111364573,-13.7770354299925,34.8573714960726,-1.96307664025114,5.33355648235565,0.300605440633948,0.613026963742058,-2.94987907143078,-13.7770354299925,3.55126463552994,-1.96307664025114,1.67401827313807,-1.20195670257906,-0.489346357484661,-2607.55477193517,17,1,"normal",13
"1294",-2.50255503554,0.620512911034439,1,1.38621083354283,80,0.02487111364573,-13.7770354299925,34.8573714960726,-1.96307664025114,5.33355648235565,0.300605440633948,0.613026963742058,-2.94987907143078,-13.7770354299925,3.55126463552994,-1.96307664025114,1.67401827313807,-1.20195670257906,-0.489346357484661,-2607.55477193517,17,1,"normal",14
"1295",7.43175,0.71718496549119,0,0.975566868785549,80,0.02487111364573,-13.7770354299925,34.8573714960726,-1.96307664025114,5.33355648235565,0.300605440633948,0.613026963742058,-2.94987907143078,-13.7770354299925,3.55126463552994,-1.96307664025114,1.67401827313807,-1.20195670257906,-0.489346357484661,-2607.55477193517,17,1,"normal",15
"1296",-0.4687581245,0.641296012106344,1,1.17778056367541,80,0.02487111364573,-13.7770354299925,34.8573714960726,-1.96307664025114,5.33355648235565,0.300605440633948,0.613026963742058,-2.94987907143078,-13.7770354299925,3.55126463552994,-1.96307664025114,1.67401827313807,-1.20195670257906,-0.489346357484661,-2607.55477193517,17,1,"normal",16
"1297",-2.15445990237,0.624099891616892,0,1.1019516701156,80,0.02487111364573,-13.7770354299925,34.8573714960726,-1.96307664025114,5.33355648235565,0.300605440633948,0.613026963742058,-2.94987907143078,-13.7770354299925,3.55126463552994,-1.96307664025114,1.67401827313807,-1.20195670257906,-0.489346357484661,-2607.55477193517,17,1,"normal",17
"1298",25.58381,0.852158562759458,1,0.853398828080905,80,0.02487111364573,-13.7770354299925,34.8573714960726,-1.96307664025114,5.33355648235565,0.300605440633948,0.613026963742058,-2.94987907143078,-13.7770354299925,3.55126463552994,-1.96307664025114,1.67401827313807,-1.20195670257906,-0.489346357484661,-2607.55477193517,17,1,"normal",18
"1299",26.9584,0.859885434275602,0,0.848095900052156,80,0.02487111364573,-13.7770354299925,34.8573714960726,-1.96307664025114,5.33355648235565,0.300605440633948,0.613026963742058,-2.94987907143078,-13.7770354299925,3.55126463552994,-1.96307664025114,1.67401827313807,-1.20195670257906,-0.489346357484661,-2607.55477193517,17,1,"normal",19
"1300",0.7079492685,0.653115397385461,1,1.64481874259322,80,0.02487111364573,-13.7770354299925,34.8573714960726,-1.96307664025114,5.33355648235565,0.300605440633948,0.613026963742058,-2.94987907143078,-13.7770354299925,3.55126463552994,-1.96307664025114,1.67401827313807,-1.20195670257906,-0.489346357484661,-2607.55477193517,17,1,"normal",20
"1301",-21.12353,0.420689377304678,1,0.959832593555052,80,0.02487111364573,-13.7770354299925,34.8573714960726,-1.96307664025114,5.33355648235565,0.300605440633948,0.613026963742058,-2.94987907143078,-13.7770354299925,3.55126463552994,-1.96307664025114,1.67401827313807,-1.20195670257906,-0.489346357484661,-2607.55477193517,17,1,"normal",21
"1302",-3.7449872358,0.607617778811431,0,0.86593646629604,80,0.02487111364573,-13.7770354299925,34.8573714960726,-1.96307664025114,5.33355648235565,0.300605440633948,0.613026963742058,-2.94987907143078,-13.7770354299925,3.55126463552994,-1.96307664025114,1.67401827313807,-1.20195670257906,-0.489346357484661,-2607.55477193517,17,1,"normal",22
"1303",21.0812,0.824371196942552,0,0.853264467527041,80,0.02487111364573,-13.7770354299925,34.8573714960726,-1.96307664025114,5.33355648235565,0.300605440633948,0.613026963742058,-2.94987907143078,-13.7770354299925,3.55126463552994,-1.96307664025114,1.67401827313807,-1.20195670257906,-0.489346357484661,-2607.55477193517,17,1,"normal",23
"1304",-2.7718079822,0.617730391178028,1,1.21581462182356,80,0.02487111364573,-13.7770354299925,34.8573714960726,-1.96307664025114,5.33355648235565,0.300605440633948,0.613026963742058,-2.94987907143078,-13.7770354299925,3.55126463552994,-1.96307664025114,1.67401827313807,-1.20195670257906,-0.489346357484661,-2607.55477193517,17,1,"normal",24
"1305",-0.8955370752,0.636970755392333,1,1.09194800817534,80,0.02487111364573,-13.7770354299925,34.8573714960726,-1.96307664025114,5.33355648235565,0.300605440633948,0.613026963742058,-2.94987907143078,-13.7770354299925,3.55126463552994,-1.96307664025114,1.67401827313807,-1.20195670257906,-0.489346357484661,-2607.55477193517,17,1,"normal",25
"1306",-1.906385801,0.626648937372762,1,1.08002698571704,80,0.02487111364573,-13.7770354299925,34.8573714960726,-1.96307664025114,5.33355648235565,0.300605440633948,0.613026963742058,-2.94987907143078,-13.7770354299925,3.55126463552994,-1.96307664025114,1.67401827313807,-1.20195670257906,-0.489346357484661,-2607.55477193517,17,1,"normal",26
"1307",-2.762141795075,0.617830402177742,1,1.15729406467888,80,0.02487111364573,-13.7770354299925,34.8573714960726,-1.96307664025114,5.33355648235565,0.300605440633948,0.613026963742058,-2.94987907143078,-13.7770354299925,3.55126463552994,-1.96307664025114,1.67401827313807,-1.20195670257906,-0.489346357484661,-2607.55477193517,17,1,"normal",27
"1308",12.58059,0.761532122747821,1,0.978786707932771,80,0.02487111364573,-13.7770354299925,34.8573714960726,-1.96307664025114,5.33355648235565,0.300605440633948,0.613026963742058,-2.94987907143078,-13.7770354299925,3.55126463552994,-1.96307664025114,1.67401827313807,-1.20195670257906,-0.489346357484661,-2607.55477193517,17,1,"normal",28
"1309",-8.30710090085,0.559246063771054,1,1.26456841647213,80,0.02487111364573,-13.7770354299925,34.8573714960726,-1.96307664025114,5.33355648235565,0.300605440633948,0.613026963742058,-2.94987907143078,-13.7770354299925,3.55126463552994,-1.96307664025114,1.67401827313807,-1.20195670257906,-0.489346357484661,-2607.55477193517,17,1,"normal",29
"1310",-8.8780597536,0.553104863282743,1,1.1290606716839,80,0.02487111364573,-13.7770354299925,34.8573714960726,-1.96307664025114,5.33355648235565,0.300605440633948,0.613026963742058,-2.94987907143078,-13.7770354299925,3.55126463552994,-1.96307664025114,1.67401827313807,-1.20195670257906,-0.489346357484661,-2607.55477193517,17,1,"normal",30
"1311",-10.1555119518,0.539315826797571,0,1.16500387370455,80,0.02487111364573,-13.7770354299925,34.8573714960726,-1.96307664025114,5.33355648235565,0.300605440633948,0.613026963742058,-2.94987907143078,-13.7770354299925,3.55126463552994,-1.96307664025114,1.67401827313807,-1.20195670257906,-0.489346357484661,-2607.55477193517,17,1,"normal",31
"1312",-7.0726295432,0.572467960872732,1,0.91856084432852,80,0.02487111364573,-13.7770354299925,34.8573714960726,-1.96307664025114,5.33355648235565,0.300605440633948,0.613026963742058,-2.94987907143078,-13.7770354299925,3.55126463552994,-1.96307664025114,1.67401827313807,-1.20195670257906,-0.489346357484661,-2607.55477193517,17,1,"normal",32
"1313",-24.32389,0.38702208357006,0,1.31262993357889,80,0.02487111364573,-13.7770354299925,34.8573714960726,-1.96307664025114,5.33355648235565,0.300605440633948,0.613026963742058,-2.94987907143078,-13.7770354299925,3.55126463552994,-1.96307664025114,1.67401827313807,-1.20195670257906,-0.489346357484661,-2607.55477193517,17,1,"normal",33
"1314",-9.593511416,0.545389719931377,0,1.60238832273373,80,0.02487111364573,-13.7770354299925,34.8573714960726,-1.96307664025114,5.33355648235565,0.300605440633948,0.613026963742058,-2.94987907143078,-13.7770354299925,3.55126463552994,-1.96307664025114,1.67401827313807,-1.20195670257906,-0.489346357484661,-2607.55477193517,17,1,"normal",34
"1315",-7.9886276642,0.562664797176553,1,1.17562582023634,80,0.02487111364573,-13.7770354299925,34.8573714960726,-1.96307664025114,5.33355648235565,0.300605440633948,0.613026963742058,-2.94987907143078,-13.7770354299925,3.55126463552994,-1.96307664025114,1.67401827313807,-1.20195670257906,-0.489346357484661,-2607.55477193517,17,1,"normal",35
"1316",-43.30593,0.21345925021471,0,1.39809032043587,80,0.02487111364573,-13.7770354299925,34.8573714960726,-1.96307664025114,5.33355648235565,0.300605440633948,0.613026963742058,-2.94987907143078,-13.7770354299925,3.55126463552994,-1.96307664025114,1.67401827313807,-1.20195670257906,-0.489346357484661,-2607.55477193517,17,1,"normal",36
"1317",-7.29253163,0.570118794931041,0,1.09527129043549,80,0.02487111364573,-13.7770354299925,34.8573714960726,-1.96307664025114,5.33355648235565,0.300605440633948,0.613026963742058,-2.94987907143078,-13.7770354299925,3.55126463552994,-1.96307664025114,1.67401827313807,-1.20195670257906,-0.489346357484661,-2607.55477193517,17,1,"normal",37
"1318",2.28728,0.668718201911713,1,1.06300579157548,80,0.02487111364573,-13.7770354299925,34.8573714960726,-1.96307664025114,5.33355648235565,0.300605440633948,0.613026963742058,-2.94987907143078,-13.7770354299925,3.55126463552994,-1.96307664025114,1.67401827313807,-1.20195670257906,-0.489346357484661,-2607.55477193517,17,1,"normal",38
"1319",-15.47606,0.481529247803862,0,1.061720391072,80,0.02487111364573,-13.7770354299925,34.8573714960726,-1.96307664025114,5.33355648235565,0.300605440633948,0.613026963742058,-2.94987907143078,-13.7770354299925,3.55126463552994,-1.96307664025114,1.67401827313807,-1.20195670257906,-0.489346357484661,-2607.55477193517,17,1,"normal",39
"1320",-21.907,0.412376163447426,1,1.00268124872855,80,0.02487111364573,-13.7770354299925,34.8573714960726,-1.96307664025114,5.33355648235565,0.300605440633948,0.613026963742058,-2.94987907143078,-13.7770354299925,3.55126463552994,-1.96307664025114,1.67401827313807,-1.20195670257906,-0.489346357484661,-2607.55477193517,17,1,"normal",40
"1321",-15.10334,0.485579001053698,0,1.26161915915248,80,0.02487111364573,-13.7770354299925,34.8573714960726,-1.96307664025114,5.33355648235565,0.300605440633948,0.613026963742058,-2.94987907143078,-13.7770354299925,3.55126463552994,-1.96307664025114,1.67401827313807,-1.20195670257906,-0.489346357484661,-2607.55477193517,17,1,"normal",41
"1322",-0.52393,0.640737987816104,0,0.983218357193559,80,0.02487111364573,-13.7770354299925,34.8573714960726,-1.96307664025114,5.33355648235565,0.300605440633948,0.613026963742058,-2.94987907143078,-13.7770354299925,3.55126463552994,-1.96307664025114,1.67401827313807,-1.20195670257906,-0.489346357484661,-2607.55477193517,17,1,"normal",42
"1323",14.22187,0.774702957361674,1,1.00528056790199,80,0.02487111364573,-13.7770354299925,34.8573714960726,-1.96307664025114,5.33355648235565,0.300605440633948,0.613026963742058,-2.94987907143078,-13.7770354299925,3.55126463552994,-1.96307664025114,1.67401827313807,-1.20195670257906,-0.489346357484661,-2607.55477193517,17,1,"normal",43
"1324",-11.51768,0.524554856833092,0,0.959362481375758,80,0.02487111364573,-13.7770354299925,34.8573714960726,-1.96307664025114,5.33355648235565,0.300605440633948,0.613026963742058,-2.94987907143078,-13.7770354299925,3.55126463552994,-1.96307664025114,1.67401827313807,-1.20195670257906,-0.489346357484661,-2607.55477193517,17,1,"normal",44
"1325",-20.31799,0.429277887039263,1,1.01617736680348,80,0.02487111364573,-13.7770354299925,34.8573714960726,-1.96307664025114,5.33355648235565,0.300605440633948,0.613026963742058,-2.94987907143078,-13.7770354299925,3.55126463552994,-1.96307664025114,1.67401827313807,-1.20195670257906,-0.489346357484661,-2607.55477193517,17,1,"normal",45
"1326",-7.27251571262,0.570332736079081,0,1.06376038811676,80,0.02487111364573,-13.7770354299925,34.8573714960726,-1.96307664025114,5.33355648235565,0.300605440633948,0.613026963742058,-2.94987907143078,-13.7770354299925,3.55126463552994,-1.96307664025114,1.67401827313807,-1.20195670257906,-0.489346357484661,-2607.55477193517,17,1,"normal",46
"1327",-32.71158,0.303767828367622,1,1.0279175823418,80,0.02487111364573,-13.7770354299925,34.8573714960726,-1.96307664025114,5.33355648235565,0.300605440633948,0.613026963742058,-2.94987907143078,-13.7770354299925,3.55126463552994,-1.96307664025114,1.67401827313807,-1.20195670257906,-0.489346357484661,-2607.55477193517,17,1,"normal",47
"1328",-5.4786212772,0.58940567312759,0,1.05062924189219,80,0.02487111364573,-13.7770354299925,34.8573714960726,-1.96307664025114,5.33355648235565,0.300605440633948,0.613026963742058,-2.94987907143078,-13.7770354299925,3.55126463552994,-1.96307664025114,1.67401827313807,-1.20195670257906,-0.489346357484661,-2607.55477193517,17,1,"normal",48
"1329",-5.24344759928,0.59188987257898,0,0.884165042319948,80,0.02487111364573,-13.7770354299925,34.8573714960726,-1.96307664025114,5.33355648235565,0.300605440633948,0.613026963742058,-2.94987907143078,-13.7770354299925,3.55126463552994,-1.96307664025114,1.67401827313807,-1.20195670257906,-0.489346357484661,-2607.55477193517,17,1,"normal",49
"1330",-3.6159986573,0.608962986943899,1,1.09943350468742,80,0.02487111364573,-13.7770354299925,34.8573714960726,-1.96307664025114,5.33355648235565,0.300605440633948,0.613026963742058,-2.94987907143078,-13.7770354299925,3.55126463552994,-1.96307664025114,1.67401827313807,-1.20195670257906,-0.489346357484661,-2607.55477193517,17,1,"normal",50
"1331",-2.99154528691,0.615454535293416,1,1.05055371326293,80,0.02487111364573,-13.7770354299925,34.8573714960726,-1.96307664025114,5.33355648235565,0.300605440633948,0.613026963742058,-2.94987907143078,-13.7770354299925,3.55126463552994,-1.96307664025114,1.67401827313807,-1.20195670257906,-0.489346357484661,-2607.55477193517,17,1,"normal",51
"1332",-1.372,0.632118822489625,1,1.13609783135921,80,0.02487111364573,-13.7770354299925,34.8573714960726,-1.96307664025114,5.33355648235565,0.300605440633948,0.613026963742058,-2.94987907143078,-13.7770354299925,3.55126463552994,-1.96307664025114,1.67401827313807,-1.20195670257906,-0.489346357484661,-2607.55477193517,17,1,"normal",52
"1333",-6.2468052087,0.581263889450934,1,1.04553919493785,80,0.02487111364573,-13.7770354299925,34.8573714960726,-1.96307664025114,5.33355648235565,0.300605440633948,0.613026963742058,-2.94987907143078,-13.7770354299925,3.55126463552994,-1.96307664025114,1.67401827313807,-1.20195670257906,-0.489346357484661,-2607.55477193517,17,1,"normal",53
"1334",-44.4295,0.205040776065514,0,0.957713623521283,80,0.02487111364573,-13.7770354299925,34.8573714960726,-1.96307664025114,5.33355648235565,0.300605440633948,0.613026963742058,-2.94987907143078,-13.7770354299925,3.55126463552994,-1.96307664025114,1.67401827313807,-1.20195670257906,-0.489346357484661,-2607.55477193517,17,1,"normal",54
"1335",-6.81884,0.57517559233461,1,1.24487289300106,80,0.02487111364573,-13.7770354299925,34.8573714960726,-1.96307664025114,5.33355648235565,0.300605440633948,0.613026963742058,-2.94987907143078,-13.7770354299925,3.55126463552994,-1.96307664025114,1.67401827313807,-1.20195670257906,-0.489346357484661,-2607.55477193517,17,1,"normal",55
"1336",-8.1086392532,0.561377095310886,1,1.27246928565155,80,0.02487111364573,-13.7770354299925,34.8573714960726,-1.96307664025114,5.33355648235565,0.300605440633948,0.613026963742058,-2.94987907143078,-13.7770354299925,3.55126463552994,-1.96307664025114,1.67401827313807,-1.20195670257906,-0.489346357484661,-2607.55477193517,17,1,"normal",56
"1337",-46.45671,0.190447978273768,0,0.878835926385647,80,0.02487111364573,-13.7770354299925,34.8573714960726,-1.96307664025114,5.33355648235565,0.300605440633948,0.613026963742058,-2.94987907143078,-13.7770354299925,3.55126463552994,-1.96307664025114,1.67401827313807,-1.20195670257906,-0.489346357484661,-2607.55477193517,17,1,"normal",57
"1338",-24.46826,0.385523155714857,0,1.07101153109557,80,0.02487111364573,-13.7770354299925,34.8573714960726,-1.96307664025114,5.33355648235565,0.300605440633948,0.613026963742058,-2.94987907143078,-13.7770354299925,3.55126463552994,-1.96307664025114,1.67401827313807,-1.20195670257906,-0.489346357484661,-2607.55477193517,17,1,"normal",58
"1339",-23.81106,0.392361598919557,1,1.40904768456721,80,0.02487111364573,-13.7770354299925,34.8573714960726,-1.96307664025114,5.33355648235565,0.300605440633948,0.613026963742058,-2.94987907143078,-13.7770354299925,3.55126463552994,-1.96307664025114,1.67401827313807,-1.20195670257906,-0.489346357484661,-2607.55477193517,17,1,"normal",59
"1340",-11.2513468806,0.527444591597963,1,1.10238653202249,80,0.02487111364573,-13.7770354299925,34.8573714960726,-1.96307664025114,5.33355648235565,0.300605440633948,0.613026963742058,-2.94987907143078,-13.7770354299925,3.55126463552994,-1.96307664025114,1.67401827313807,-1.20195670257906,-0.489346357484661,-2607.55477193517,17,1,"normal",60
"1341",6.33535,0.707182033456567,1,0.907838406268277,80,0.02487111364573,-13.7770354299925,34.8573714960726,-1.96307664025114,5.33355648235565,0.300605440633948,0.613026963742058,-2.94987907143078,-13.7770354299925,3.55126463552994,-1.96307664025114,1.67401827313807,-1.20195670257906,-0.489346357484661,-2607.55477193517,17,1,"normal",61
"1342",-8.29071,0.559422138249309,1,1.39925198702468,80,0.02487111364573,-13.7770354299925,34.8573714960726,-1.96307664025114,5.33355648235565,0.300605440633948,0.613026963742058,-2.94987907143078,-13.7770354299925,3.55126463552994,-1.96307664025114,1.67401827313807,-1.20195670257906,-0.489346357484661,-2607.55477193517,17,1,"normal",62
"1343",-13.4818980211,0.503209784921401,1,0.962107105228605,80,0.02487111364573,-13.7770354299925,34.8573714960726,-1.96307664025114,5.33355648235565,0.300605440633948,0.613026963742058,-2.94987907143078,-13.7770354299925,3.55126463552994,-1.96307664025114,1.67401827313807,-1.20195670257906,-0.489346357484661,-2607.55477193517,17,1,"normal",63
"1344",-15.2902191606,0.483548248619394,0,1.36295035526275,80,0.02487111364573,-13.7770354299925,34.8573714960726,-1.96307664025114,5.33355648235565,0.300605440633948,0.613026963742058,-2.94987907143078,-13.7770354299925,3.55126463552994,-1.96307664025114,1.67401827313807,-1.20195670257906,-0.489346357484661,-2607.55477193517,17,1,"normal",64
"1345",-14.70219,0.489939485906087,0,0.926558949027532,80,0.02487111364573,-13.7770354299925,34.8573714960726,-1.96307664025114,5.33355648235565,0.300605440633948,0.613026963742058,-2.94987907143078,-13.7770354299925,3.55126463552994,-1.96307664025114,1.67401827313807,-1.20195670257906,-0.489346357484661,-2607.55477193517,17,1,"normal",65
"1346",-13.017413599,0.508260758490768,0,1.01947512261916,80,0.02487111364573,-13.7770354299925,34.8573714960726,-1.96307664025114,5.33355648235565,0.300605440633948,0.613026963742058,-2.94987907143078,-13.7770354299925,3.55126463552994,-1.96307664025114,1.67401827313807,-1.20195670257906,-0.489346357484661,-2607.55477193517,17,1,"normal",66
"1347",-2.32693,0.622324127055442,1,1.39648358354131,80,0.02487111364573,-13.7770354299925,34.8573714960726,-1.96307664025114,5.33355648235565,0.300605440633948,0.613026963742058,-2.94987907143078,-13.7770354299925,3.55126463552994,-1.96307664025114,1.67401827313807,-1.20195670257906,-0.489346357484661,-2607.55477193517,17,1,"normal",67
"1348",-11.74645021725,0.522071533252058,1,0.911451092407593,80,0.02487111364573,-13.7770354299925,34.8573714960726,-1.96307664025114,5.33355648235565,0.300605440633948,0.613026963742058,-2.94987907143078,-13.7770354299925,3.55126463552994,-1.96307664025114,1.67401827313807,-1.20195670257906,-0.489346357484661,-2607.55477193517,17,1,"normal",68
"1349",-13.613798139,0.501775311853905,1,1.08178555331891,80,0.02487111364573,-13.7770354299925,34.8573714960726,-1.96307664025114,5.33355648235565,0.300605440633948,0.613026963742058,-2.94987907143078,-13.7770354299925,3.55126463552994,-1.96307664025114,1.67401827313807,-1.20195670257906,-0.489346357484661,-2607.55477193517,17,1,"normal",69
"1350",19.36996,0.812806415705718,1,0.840062312103481,80,0.02487111364573,-13.7770354299925,34.8573714960726,-1.96307664025114,5.33355648235565,0.300605440633948,0.613026963742058,-2.94987907143078,-13.7770354299925,3.55126463552994,-1.96307664025114,1.67401827313807,-1.20195670257906,-0.489346357484661,-2607.55477193517,17,1,"normal",70
"1351",25.2255,0.850086754288451,1,0.955305440669167,80,0.02487111364573,-13.7770354299925,34.8573714960726,-1.96307664025114,5.33355648235565,0.300605440633948,0.613026963742058,-2.94987907143078,-13.7770354299925,3.55126463552994,-1.96307664025114,1.67401827313807,-1.20195670257906,-0.489346357484661,-2607.55477193517,17,1,"normal",71
"1352",29.8589,0.875053772608282,0,0.84618849240513,80,0.02487111364573,-13.7770354299925,34.8573714960726,-1.96307664025114,5.33355648235565,0.300605440633948,0.613026963742058,-2.94987907143078,-13.7770354299925,3.55126463552994,-1.96307664025114,1.67401827313807,-1.20195670257906,-0.489346357484661,-2607.55477193517,17,1,"normal",72
"1353",-13.644832989,0.50143778945586,0,1.19223367093227,80,0.02487111364573,-13.7770354299925,34.8573714960726,-1.96307664025114,5.33355648235565,0.300605440633948,0.613026963742058,-2.94987907143078,-13.7770354299925,3.55126463552994,-1.96307664025114,1.67401827313807,-1.20195670257906,-0.489346357484661,-2607.55477193517,17,1,"normal",73
"1354",-31.5919,0.31436517729649,1,1.23335827020614,80,0.02487111364573,-13.7770354299925,34.8573714960726,-1.96307664025114,5.33355648235565,0.300605440633948,0.613026963742058,-2.94987907143078,-13.7770354299925,3.55126463552994,-1.96307664025114,1.67401827313807,-1.20195670257906,-0.489346357484661,-2607.55477193517,17,1,"normal",74
"1355",-17.5531,0.459012869214418,0,1.43249203625818,80,0.02487111364573,-13.7770354299925,34.8573714960726,-1.96307664025114,5.33355648235565,0.300605440633948,0.613026963742058,-2.94987907143078,-13.7770354299925,3.55126463552994,-1.96307664025114,1.67401827313807,-1.20195670257906,-0.489346357484661,-2607.55477193517,17,1,"normal",75
"1356",4.4304,0.689370740233544,1,1.05621534045985,80,0.02487111364573,-13.7770354299925,34.8573714960726,-1.96307664025114,5.33355648235565,0.300605440633948,0.613026963742058,-2.94987907143078,-13.7770354299925,3.55126463552994,-1.96307664025114,1.67401827313807,-1.20195670257906,-0.489346357484661,-2607.55477193517,17,1,"normal",76
"1357",-2.51183,0.620417176104087,1,1.58125078505783,80,0.02487111364573,-13.7770354299925,34.8573714960726,-1.96307664025114,5.33355648235565,0.300605440633948,0.613026963742058,-2.94987907143078,-13.7770354299925,3.55126463552994,-1.96307664025114,1.67401827313807,-1.20195670257906,-0.489346357484661,-2607.55477193517,17,1,"normal",77
"1358",-8.01283,0.56240516941703,1,0.92459703860687,80,0.02487111364573,-13.7770354299925,34.8573714960726,-1.96307664025114,5.33355648235565,0.300605440633948,0.613026963742058,-2.94987907143078,-13.7770354299925,3.55126463552994,-1.96307664025114,1.67401827313807,-1.20195670257906,-0.489346357484661,-2607.55477193517,17,1,"normal",78
"1359",-15.00978,0.486595845105536,1,1.34286762220599,80,0.02487111364573,-13.7770354299925,34.8573714960726,-1.96307664025114,5.33355648235565,0.300605440633948,0.613026963742058,-2.94987907143078,-13.7770354299925,3.55126463552994,-1.96307664025114,1.67401827313807,-1.20195670257906,-0.489346357484661,-2607.55477193517,17,1,"normal",79
"1360",-24.55486,0.384624939009045,0,1.08290801850711,80,0.02487111364573,-13.7770354299925,34.8573714960726,-1.96307664025114,5.33355648235565,0.300605440633948,0.613026963742058,-2.94987907143078,-13.7770354299925,3.55126463552994,-1.96307664025114,1.67401827313807,-1.20195670257906,-0.489346357484661,-2607.55477193517,17,1,"normal",80
"1361",-8.421554551,0.754675301856354,1,1.49040662501324,80,0.000724651745284034,-22.8754906376317,20.9340267073239,-2.06040703000247,2.71584919707368,0.924300711222518,0.905704388735259,-6.53522183454096,-22.8754906376317,3.04137590721882,-2.06040703000247,0.999104684249815,-0.0787178152401893,-0.0990423079297919,-1034.35702746869,18,1,"normal",1
"1362",-9.9418611324,0.731319924560398,0,1.00393816853799,80,0.000724651745284034,-22.8754906376317,20.9340267073239,-2.06040703000247,2.71584919707368,0.924300711222518,0.905704388735259,-6.53522183454096,-22.8754906376317,3.04137590721882,-2.06040703000247,0.999104684249815,-0.0787178152401893,-0.0990423079297919,-1034.35702746869,18,1,"normal",2
"1363",-2.2562179792,0.83718984011143,1,1.00906285923092,80,0.000724651745284034,-22.8754906376317,20.9340267073239,-2.06040703000247,2.71584919707368,0.924300711222518,0.905704388735259,-6.53522183454096,-22.8754906376317,3.04137590721882,-2.06040703000247,0.999104684249815,-0.0787178152401893,-0.0990423079297919,-1034.35702746869,18,1,"normal",3
"1364",-11.45555291391,0.707001714508677,1,1.00487479042003,80,0.000724651745284034,-22.8754906376317,20.9340267073239,-2.06040703000247,2.71584919707368,0.924300711222518,0.905704388735259,-6.53522183454096,-22.8754906376317,3.04137590721882,-2.06040703000247,0.999104684249815,-0.0787178152401893,-0.0990423079297919,-1034.35702746869,18,1,"normal",4
"1365",-7.8103,0.763747205602737,1,1.00033404447471,80,0.000724651745284034,-22.8754906376317,20.9340267073239,-2.06040703000247,2.71584919707368,0.924300711222518,0.905704388735259,-6.53522183454096,-22.8754906376317,3.04137590721882,-2.06040703000247,0.999104684249815,-0.0787178152401893,-0.0990423079297919,-1034.35702746869,18,1,"normal",5
"1366",-13.187214223,0.677987953019195,0,1.03690362521523,80,0.000724651745284034,-22.8754906376317,20.9340267073239,-2.06040703000247,2.71584919707368,0.924300711222518,0.905704388735259,-6.53522183454096,-22.8754906376317,3.04137590721882,-2.06040703000247,0.999104684249815,-0.0787178152401893,-0.0990423079297919,-1034.35702746869,18,1,"normal",6
"1367",-10.6578223545,0.719945206246646,1,1.32123836171062,80,0.000724651745284034,-22.8754906376317,20.9340267073239,-2.06040703000247,2.71584919707368,0.924300711222518,0.905704388735259,-6.53522183454096,-22.8754906376317,3.04137590721882,-2.06040703000247,0.999104684249815,-0.0787178152401893,-0.0990423079297919,-1034.35702746869,18,1,"normal",7
"1368",-24.60138,0.467194353641258,0,1.33369703025909,80,0.000724651745284034,-22.8754906376317,20.9340267073239,-2.06040703000247,2.71584919707368,0.924300711222518,0.905704388735259,-6.53522183454096,-22.8754906376317,3.04137590721882,-2.06040703000247,0.999104684249815,-0.0787178152401893,-0.0990423079297919,-1034.35702746869,18,1,"normal",8
"1369",-21.46576,0.526806209175374,0,1.47498454585753,80,0.000724651745284034,-22.8754906376317,20.9340267073239,-2.06040703000247,2.71584919707368,0.924300711222518,0.905704388735259,-6.53522183454096,-22.8754906376317,3.04137590721882,-2.06040703000247,0.999104684249815,-0.0787178152401893,-0.0990423079297919,-1034.35702746869,18,1,"normal",9
"1370",-15.37482,0.63973793282909,1,0.991247616097373,80,0.000724651745284034,-22.8754906376317,20.9340267073239,-2.06040703000247,2.71584919707368,0.924300711222518,0.905704388735259,-6.53522183454096,-22.8754906376317,3.04137590721882,-2.06040703000247,0.999104684249815,-0.0787178152401893,-0.0990423079297919,-1034.35702746869,18,1,"normal",10
"1371",-20.90059,0.537525703866465,1,0.998938344310782,80,0.000724651745284034,-22.8754906376317,20.9340267073239,-2.06040703000247,2.71584919707368,0.924300711222518,0.905704388735259,-6.53522183454096,-22.8754906376317,3.04137590721882,-2.06040703000247,0.999104684249815,-0.0787178152401893,-0.0990423079297919,-1034.35702746869,18,1,"normal",11
"1372",-18.56061,0.581532311266559,0,1.10508954466655,80,0.000724651745284034,-22.8754906376317,20.9340267073239,-2.06040703000247,2.71584919707368,0.924300711222518,0.905704388735259,-6.53522183454096,-22.8754906376317,3.04137590721882,-2.06040703000247,0.999104684249815,-0.0787178152401893,-0.0990423079297919,-1034.35702746869,18,1,"normal",12
"1373",-13.500532881,0.672612774451952,1,1.04545114362117,80,0.000724651745284034,-22.8754906376317,20.9340267073239,-2.06040703000247,2.71584919707368,0.924300711222518,0.905704388735259,-6.53522183454096,-22.8754906376317,3.04137590721882,-2.06040703000247,0.999104684249815,-0.0787178152401893,-0.0990423079297919,-1034.35702746869,18,1,"normal",13
"1374",0.46588,0.867041355067132,1,0.972484889371985,80,0.000724651745284034,-22.8754906376317,20.9340267073239,-2.06040703000247,2.71584919707368,0.924300711222518,0.905704388735259,-6.53522183454096,-22.8754906376317,3.04137590721882,-2.06040703000247,0.999104684249815,-0.0787178152401893,-0.0990423079297919,-1034.35702746869,18,1,"normal",14
"1375",-29.44692,0.376972733406854,0,1.07485603488914,80,0.000724651745284034,-22.8754906376317,20.9340267073239,-2.06040703000247,2.71584919707368,0.924300711222518,0.905704388735259,-6.53522183454096,-22.8754906376317,3.04137590721882,-2.06040703000247,0.999104684249815,-0.0787178152401893,-0.0990423079297919,-1034.35702746869,18,1,"normal",15
"1376",-11.52729,0.705824230795259,1,1.03713654527509,80,0.000724651745284034,-22.8754906376317,20.9340267073239,-2.06040703000247,2.71584919707368,0.924300711222518,0.905704388735259,-6.53522183454096,-22.8754906376317,3.04137590721882,-2.06040703000247,0.999104684249815,-0.0787178152401893,-0.0990423079297919,-1034.35702746869,18,1,"normal",16
"1377",25.3546,0.988676852244094,1,0.936148099415369,80,0.000724651745284034,-22.8754906376317,20.9340267073239,-2.06040703000247,2.71584919707368,0.924300711222518,0.905704388735259,-6.53522183454096,-22.8754906376317,3.04137590721882,-2.06040703000247,0.999104684249815,-0.0787178152401893,-0.0990423079297919,-1034.35702746869,18,1,"normal",17
"1378",-5.67671,0.79391274582783,1,1.18386759424497,80,0.000724651745284034,-22.8754906376317,20.9340267073239,-2.06040703000247,2.71584919707368,0.924300711222518,0.905704388735259,-6.53522183454096,-22.8754906376317,3.04137590721882,-2.06040703000247,0.999104684249815,-0.0787178152401893,-0.0990423079297919,-1034.35702746869,18,1,"normal",18
"1379",-9.78284,0.733814357057121,1,1.05652278085031,80,0.000724651745284034,-22.8754906376317,20.9340267073239,-2.06040703000247,2.71584919707368,0.924300711222518,0.905704388735259,-6.53522183454096,-22.8754906376317,3.04137590721882,-2.06040703000247,0.999104684249815,-0.0787178152401893,-0.0990423079297919,-1034.35702746869,18,1,"normal",19
"1380",-6.8567,0.777522016544517,1,1.04764289142661,80,0.000724651745284034,-22.8754906376317,20.9340267073239,-2.06040703000247,2.71584919707368,0.924300711222518,0.905704388735259,-6.53522183454096,-22.8754906376317,3.04137590721882,-2.06040703000247,0.999104684249815,-0.0787178152401893,-0.0990423079297919,-1034.35702746869,18,1,"normal",20
"1381",-11.54023,0.705611601861009,1,1.76002633207852,80,0.000724651745284034,-22.8754906376317,20.9340267073239,-2.06040703000247,2.71584919707368,0.924300711222518,0.905704388735259,-6.53522183454096,-22.8754906376317,3.04137590721882,-2.06040703000247,0.999104684249815,-0.0787178152401893,-0.0990423079297919,-1034.35702746869,18,1,"normal",21
"1382",-4.9179,0.804062272864827,1,1.41781731350825,80,0.000724651745284034,-22.8754906376317,20.9340267073239,-2.06040703000247,2.71584919707368,0.924300711222518,0.905704388735259,-6.53522183454096,-22.8754906376317,3.04137590721882,-2.06040703000247,0.999104684249815,-0.0787178152401893,-0.0990423079297919,-1034.35702746869,18,1,"normal",22
"1383",-11.19312,0.711290445513433,1,1.01983573927282,80,0.000724651745284034,-22.8754906376317,20.9340267073239,-2.06040703000247,2.71584919707368,0.924300711222518,0.905704388735259,-6.53522183454096,-22.8754906376317,3.04137590721882,-2.06040703000247,0.999104684249815,-0.0787178152401893,-0.0990423079297919,-1034.35702746869,18,1,"normal",23
"1384",-25.75096,0.445452832378024,0,1.10410881594004,80,0.000724651745284034,-22.8754906376317,20.9340267073239,-2.06040703000247,2.71584919707368,0.924300711222518,0.905704388735259,-6.53522183454096,-22.8754906376317,3.04137590721882,-2.06040703000247,0.999104684249815,-0.0787178152401893,-0.0990423079297919,-1034.35702746869,18,1,"normal",24
"1385",-19.5446,0.563118745284725,0,1.24903100088448,80,0.000724651745284034,-22.8754906376317,20.9340267073239,-2.06040703000247,2.71584919707368,0.924300711222518,0.905704388735259,-6.53522183454096,-22.8754906376317,3.04137590721882,-2.06040703000247,0.999104684249815,-0.0787178152401893,-0.0990423079297919,-1034.35702746869,18,1,"normal",25
"1386",-21.64261,0.523447548645731,0,1.20021976363818,80,0.000724651745284034,-22.8754906376317,20.9340267073239,-2.06040703000247,2.71584919707368,0.924300711222518,0.905704388735259,-6.53522183454096,-22.8754906376317,3.04137590721882,-2.06040703000247,0.999104684249815,-0.0787178152401893,-0.0990423079297919,-1034.35702746869,18,1,"normal",26
"1387",-17.32608,0.604378613552157,1,0.969965687916928,80,0.000724651745284034,-22.8754906376317,20.9340267073239,-2.06040703000247,2.71584919707368,0.924300711222518,0.905704388735259,-6.53522183454096,-22.8754906376317,3.04137590721882,-2.06040703000247,0.999104684249815,-0.0787178152401893,-0.0990423079297919,-1034.35702746869,18,1,"normal",27
"1388",-21.3808,0.528419069051639,1,1.20078167452876,80,0.000724651745284034,-22.8754906376317,20.9340267073239,-2.06040703000247,2.71584919707368,0.924300711222518,0.905704388735259,-6.53522183454096,-22.8754906376317,3.04137590721882,-2.06040703000247,0.999104684249815,-0.0787178152401893,-0.0990423079297919,-1034.35702746869,18,1,"normal",28
"1389",-24.59733,0.467271162256354,1,1.03266786201407,80,0.000724651745284034,-22.8754906376317,20.9340267073239,-2.06040703000247,2.71584919707368,0.924300711222518,0.905704388735259,-6.53522183454096,-22.8754906376317,3.04137590721882,-2.06040703000247,0.999104684249815,-0.0787178152401893,-0.0990423079297919,-1034.35702746869,18,1,"normal",29
"1390",-19.30946,0.567533018476156,0,1.07064959342495,80,0.000724651745284034,-22.8754906376317,20.9340267073239,-2.06040703000247,2.71584919707368,0.924300711222518,0.905704388735259,-6.53522183454096,-22.8754906376317,3.04137590721882,-2.06040703000247,0.999104684249815,-0.0787178152401893,-0.0990423079297919,-1034.35702746869,18,1,"normal",30
"1391",-21.48557,0.526430076623265,1,1.3558078133251,80,0.000724651745284034,-22.8754906376317,20.9340267073239,-2.06040703000247,2.71584919707368,0.924300711222518,0.905704388735259,-6.53522183454096,-22.8754906376317,3.04137590721882,-2.06040703000247,0.999104684249815,-0.0787178152401893,-0.0990423079297919,-1034.35702746869,18,1,"normal",31
"1392",-20.85425,0.538403523219396,1,1.10037985217151,80,0.000724651745284034,-22.8754906376317,20.9340267073239,-2.06040703000247,2.71584919707368,0.924300711222518,0.905704388735259,-6.53522183454096,-22.8754906376317,3.04137590721882,-2.06040703000247,0.999104684249815,-0.0787178152401893,-0.0990423079297919,-1034.35702746869,18,1,"normal",32
"1393",-28.16845,0.400340573561302,0,1.55293028443513,80,0.000724651745284034,-22.8754906376317,20.9340267073239,-2.06040703000247,2.71584919707368,0.924300711222518,0.905704388735259,-6.53522183454096,-22.8754906376317,3.04137590721882,-2.06040703000247,0.999104684249815,-0.0787178152401893,-0.0990423079297919,-1034.35702746869,18,1,"normal",33
"1394",-24.62806,0.466688395787068,0,1.33293115576533,80,0.000724651745284034,-22.8754906376317,20.9340267073239,-2.06040703000247,2.71584919707368,0.924300711222518,0.905704388735259,-6.53522183454096,-22.8754906376317,3.04137590721882,-2.06040703000247,0.999104684249815,-0.0787178152401893,-0.0990423079297919,-1034.35702746869,18,1,"normal",34
"1395",-27.13302,0.419536416636299,0,2.39243030700514,80,0.000724651745284034,-22.8754906376317,20.9340267073239,-2.06040703000247,2.71584919707368,0.924300711222518,0.905704388735259,-6.53522183454096,-22.8754906376317,3.04137590721882,-2.06040703000247,0.999104684249815,-0.0787178152401893,-0.0990423079297919,-1034.35702746869,18,1,"normal",35
"1396",-26.87511,0.424349761657509,1,1.19904002428054,80,0.000724651745284034,-22.8754906376317,20.9340267073239,-2.06040703000247,2.71584919707368,0.924300711222518,0.905704388735259,-6.53522183454096,-22.8754906376317,3.04137590721882,-2.06040703000247,0.999104684249815,-0.0787178152401893,-0.0990423079297919,-1034.35702746869,18,1,"normal",36
"1397",-5.348,0.798347347241974,1,1.67732492885422,80,0.000724651745284034,-22.8754906376317,20.9340267073239,-2.06040703000247,2.71584919707368,0.924300711222518,0.905704388735259,-6.53522183454096,-22.8754906376317,3.04137590721882,-2.06040703000247,0.999104684249815,-0.0787178152401893,-0.0990423079297919,-1034.35702746869,18,1,"normal",37
"1398",-9.00554,0.745835493833154,1,1.05268231201425,80,0.000724651745284034,-22.8754906376317,20.9340267073239,-2.06040703000247,2.71584919707368,0.924300711222518,0.905704388735259,-6.53522183454096,-22.8754906376317,3.04137590721882,-2.06040703000247,0.999104684249815,-0.0787178152401893,-0.0990423079297919,-1034.35702746869,18,1,"normal",38
"1399",-26.34974,0.434189013282933,0,1.1380423377333,80,0.000724651745284034,-22.8754906376317,20.9340267073239,-2.06040703000247,2.71584919707368,0.924300711222518,0.905704388735259,-6.53522183454096,-22.8754906376317,3.04137590721882,-2.06040703000247,0.999104684249815,-0.0787178152401893,-0.0990423079297919,-1034.35702746869,18,1,"normal",39
"1400",-29.8502,0.369689956336453,1,1.00695517372647,80,0.000724651745284034,-22.8754906376317,20.9340267073239,-2.06040703000247,2.71584919707368,0.924300711222518,0.905704388735259,-6.53522183454096,-22.8754906376317,3.04137590721882,-2.06040703000247,0.999104684249815,-0.0787178152401893,-0.0990423079297919,-1034.35702746869,18,1,"normal",40
"1401",-10.67362,0.719691605506304,0,1.19509034844237,80,0.000724651745284034,-22.8754906376317,20.9340267073239,-2.06040703000247,2.71584919707368,0.924300711222518,0.905704388735259,-6.53522183454096,-22.8754906376317,3.04137590721882,-2.06040703000247,0.999104684249815,-0.0787178152401893,-0.0990423079297919,-1034.35702746869,18,1,"normal",41
"1402",-24.57008,0.46778799259907,1,0.962499258425698,80,0.000724651745284034,-22.8754906376317,20.9340267073239,-2.06040703000247,2.71584919707368,0.924300711222518,0.905704388735259,-6.53522183454096,-22.8754906376317,3.04137590721882,-2.06040703000247,0.999104684249815,-0.0787178152401893,-0.0990423079297919,-1034.35702746869,18,1,"normal",42
"1403",-7.0461,0.774823295181533,0,0.990450140000102,80,0.000724651745284034,-22.8754906376317,20.9340267073239,-2.06040703000247,2.71584919707368,0.924300711222518,0.905704388735259,-6.53522183454096,-22.8754906376317,3.04137590721882,-2.06040703000247,0.999104684249815,-0.0787178152401893,-0.0990423079297919,-1034.35702746869,18,1,"normal",43
"1404",-14.33875,0.658057611132336,1,1.13699215677464,80,0.000724651745284034,-22.8754906376317,20.9340267073239,-2.06040703000247,2.71584919707368,0.924300711222518,0.905704388735259,-6.53522183454096,-22.8754906376317,3.04137590721882,-2.06040703000247,0.999104684249815,-0.0787178152401893,-0.0990423079297919,-1034.35702746869,18,1,"normal",44
"1405",-36.4143,0.259250515762582,1,1.16683774134429,80,0.000724651745284034,-22.8754906376317,20.9340267073239,-2.06040703000247,2.71584919707368,0.924300711222518,0.905704388735259,-6.53522183454096,-22.8754906376317,3.04137590721882,-2.06040703000247,0.999104684249815,-0.0787178152401893,-0.0990423079297919,-1034.35702746869,18,1,"normal",45
"1406",-5.4879,0.796467027586255,1,0.965251096203785,80,0.000724651745284034,-22.8754906376317,20.9340267073239,-2.06040703000247,2.71584919707368,0.924300711222518,0.905704388735259,-6.53522183454096,-22.8754906376317,3.04137590721882,-2.06040703000247,0.999104684249815,-0.0787178152401893,-0.0990423079297919,-1034.35702746869,18,1,"normal",46
"1407",-27.77181,0.407668089664246,1,1.0328726968122,80,0.000724651745284034,-22.8754906376317,20.9340267073239,-2.06040703000247,2.71584919707368,0.924300711222518,0.905704388735259,-6.53522183454096,-22.8754906376317,3.04137590721882,-2.06040703000247,0.999104684249815,-0.0787178152401893,-0.0990423079297919,-1034.35702746869,18,1,"normal",47
"1408",-27.2886,0.416638624748374,0,0.982328528523134,80,0.000724651745284034,-22.8754906376317,20.9340267073239,-2.06040703000247,2.71584919707368,0.924300711222518,0.905704388735259,-6.53522183454096,-22.8754906376317,3.04137590721882,-2.06040703000247,0.999104684249815,-0.0787178152401893,-0.0990423079297919,-1034.35702746869,18,1,"normal",48
"1409",-32.7309,0.319159891028754,1,1.38168232473952,80,0.000724651745284034,-22.8754906376317,20.9340267073239,-2.06040703000247,2.71584919707368,0.924300711222518,0.905704388735259,-6.53522183454096,-22.8754906376317,3.04137590721882,-2.06040703000247,0.999104684249815,-0.0787178152401893,-0.0990423079297919,-1034.35702746869,18,1,"normal",49
"1410",43.6523,0.998534882484964,1,1.03644016106841,80,0.000724651745284034,-22.8754906376317,20.9340267073239,-2.06040703000247,2.71584919707368,0.924300711222518,0.905704388735259,-6.53522183454096,-22.8754906376317,3.04137590721882,-2.06040703000247,0.999104684249815,-0.0787178152401893,-0.0990423079297919,-1034.35702746869,18,1,"normal",50
"1411",-7.044,0.774853319387602,1,0.945749707601771,80,0.000724651745284034,-22.8754906376317,20.9340267073239,-2.06040703000247,2.71584919707368,0.924300711222518,0.905704388735259,-6.53522183454096,-22.8754906376317,3.04137590721882,-2.06040703000247,0.999104684249815,-0.0787178152401893,-0.0990423079297919,-1034.35702746869,18,1,"normal",51
"1412",4.2431,0.901831013454516,1,1.13266503006112,80,0.000724651745284034,-22.8754906376317,20.9340267073239,-2.06040703000247,2.71584919707368,0.924300711222518,0.905704388735259,-6.53522183454096,-22.8754906376317,3.04137590721882,-2.06040703000247,0.999104684249815,-0.0787178152401893,-0.0990423079297919,-1034.35702746869,18,1,"normal",52
"1413",-12.1697,0.695183375390875,1,0.972623354932402,80,0.000724651745284034,-22.8754906376317,20.9340267073239,-2.06040703000247,2.71584919707368,0.924300711222518,0.905704388735259,-6.53522183454096,-22.8754906376317,3.04137590721882,-2.06040703000247,0.999104684249815,-0.0787178152401893,-0.0990423079297919,-1034.35702746869,18,1,"normal",53
"1414",11.4836,0.948981127371047,1,1.13210282753102,80,0.000724651745284034,-22.8754906376317,20.9340267073239,-2.06040703000247,2.71584919707368,0.924300711222518,0.905704388735259,-6.53522183454096,-22.8754906376317,3.04137590721882,-2.06040703000247,0.999104684249815,-0.0787178152401893,-0.0990423079297919,-1034.35702746869,18,1,"normal",54
"1415",-29.47711,0.376425976464821,0,1.5078637605112,80,0.000724651745284034,-22.8754906376317,20.9340267073239,-2.06040703000247,2.71584919707368,0.924300711222518,0.905704388735259,-6.53522183454096,-22.8754906376317,3.04137590721882,-2.06040703000247,0.999104684249815,-0.0787178152401893,-0.0990423079297919,-1034.35702746869,18,1,"normal",55
"1416",-8.6,0.751991891780623,0,1.07342949499836,80,0.000724651745284034,-22.8754906376317,20.9340267073239,-2.06040703000247,2.71584919707368,0.924300711222518,0.905704388735259,-6.53522183454096,-22.8754906376317,3.04137590721882,-2.06040703000247,0.999104684249815,-0.0787178152401893,-0.0990423079297919,-1034.35702746869,18,1,"normal",56
"1417",-28.06272,0.402290504901509,0,1.00699215236581,80,0.000724651745284034,-22.8754906376317,20.9340267073239,-2.06040703000247,2.71584919707368,0.924300711222518,0.905704388735259,-6.53522183454096,-22.8754906376317,3.04137590721882,-2.06040703000247,0.999104684249815,-0.0787178152401893,-0.0990423079297919,-1034.35702746869,18,1,"normal",57
"1418",-41.7928,0.183546314687702,0,1.25283695988262,80,0.000724651745284034,-22.8754906376317,20.9340267073239,-2.06040703000247,2.71584919707368,0.924300711222518,0.905704388735259,-6.53522183454096,-22.8754906376317,3.04137590721882,-2.06040703000247,0.999104684249815,-0.0787178152401893,-0.0990423079297919,-1034.35702746869,18,1,"normal",58
"1419",-37.9317,0.236384733176974,1,1.09111883308036,80,0.000724651745284034,-22.8754906376317,20.9340267073239,-2.06040703000247,2.71584919707368,0.924300711222518,0.905704388735259,-6.53522183454096,-22.8754906376317,3.04137590721882,-2.06040703000247,0.999104684249815,-0.0787178152401893,-0.0990423079297919,-1034.35702746869,18,1,"normal",59
"1420",-43.885,0.158280317755628,0,1.4284849995245,80,0.000724651745284034,-22.8754906376317,20.9340267073239,-2.06040703000247,2.71584919707368,0.924300711222518,0.905704388735259,-6.53522183454096,-22.8754906376317,3.04137590721882,-2.06040703000247,0.999104684249815,-0.0787178152401893,-0.0990423079297919,-1034.35702746869,18,1,"normal",60
"1421",-32.0327,0.331144185073254,0,1.02320113955268,80,0.000724651745284034,-22.8754906376317,20.9340267073239,-2.06040703000247,2.71584919707368,0.924300711222518,0.905704388735259,-6.53522183454096,-22.8754906376317,3.04137590721882,-2.06040703000247,0.999104684249815,-0.0787178152401893,-0.0990423079297919,-1034.35702746869,18,1,"normal",61
"1422",-36.1341,0.263594995135258,1,1.59692722908664,80,0.000724651745284034,-22.8754906376317,20.9340267073239,-2.06040703000247,2.71584919707368,0.924300711222518,0.905704388735259,-6.53522183454096,-22.8754906376317,3.04137590721882,-2.06040703000247,0.999104684249815,-0.0787178152401893,-0.0990423079297919,-1034.35702746869,18,1,"normal",62
"1423",-24.65161292,0.466241784518209,0,0.997795094098308,80,0.000724651745284034,-22.8754906376317,20.9340267073239,-2.06040703000247,2.71584919707368,0.924300711222518,0.905704388735259,-6.53522183454096,-22.8754906376317,3.04137590721882,-2.06040703000247,0.999104684249815,-0.0787178152401893,-0.0990423079297919,-1034.35702746869,18,1,"normal",63
"1424",-47.0697,0.124439659533839,0,1.00849258970793,80,0.000724651745284034,-22.8754906376317,20.9340267073239,-2.06040703000247,2.71584919707368,0.924300711222518,0.905704388735259,-6.53522183454096,-22.8754906376317,3.04137590721882,-2.06040703000247,0.999104684249815,-0.0787178152401893,-0.0990423079297919,-1034.35702746869,18,1,"normal",64
"1425",-24.3090638,0.47274112452252,1,0.997136729801023,80,0.000724651745284034,-22.8754906376317,20.9340267073239,-2.06040703000247,2.71584919707368,0.924300711222518,0.905704388735259,-6.53522183454096,-22.8754906376317,3.04137590721882,-2.06040703000247,0.999104684249815,-0.0787178152401893,-0.0990423079297919,-1034.35702746869,18,1,"normal",65
"1426",-5.5551,0.795560106292198,1,0.962088300106709,80,0.000724651745284034,-22.8754906376317,20.9340267073239,-2.06040703000247,2.71584919707368,0.924300711222518,0.905704388735259,-6.53522183454096,-22.8754906376317,3.04137590721882,-2.06040703000247,0.999104684249815,-0.0787178152401893,-0.0990423079297919,-1034.35702746869,18,1,"normal",66
"1427",-10.9675,0.714953688149719,1,0.976924487445101,80,0.000724651745284034,-22.8754906376317,20.9340267073239,-2.06040703000247,2.71584919707368,0.924300711222518,0.905704388735259,-6.53522183454096,-22.8754906376317,3.04137590721882,-2.06040703000247,0.999104684249815,-0.0787178152401893,-0.0990423079297919,-1034.35702746869,18,1,"normal",67
"1428",-25.83927,0.443788602993424,0,1.21249305356965,80,0.000724651745284034,-22.8754906376317,20.9340267073239,-2.06040703000247,2.71584919707368,0.924300711222518,0.905704388735259,-6.53522183454096,-22.8754906376317,3.04137590721882,-2.06040703000247,0.999104684249815,-0.0787178152401893,-0.0990423079297919,-1034.35702746869,18,1,"normal",68
"1429",-35.17941,0.27867217064872,0,1.01778889845983,80,0.000724651745284034,-22.8754906376317,20.9340267073239,-2.06040703000247,2.71584919707368,0.924300711222518,0.905704388735259,-6.53522183454096,-22.8754906376317,3.04137590721882,-2.06040703000247,0.999104684249815,-0.0787178152401893,-0.0990423079297919,-1034.35702746869,18,1,"normal",69
"1430",-32.7438,0.318940193047121,0,1.30318121047107,80,0.000724651745284034,-22.8754906376317,20.9340267073239,-2.06040703000247,2.71584919707368,0.924300711222518,0.905704388735259,-6.53522183454096,-22.8754906376317,3.04137590721882,-2.06040703000247,0.999104684249815,-0.0787178152401893,-0.0990423079297919,-1034.35702746869,18,1,"normal",70
"1431",-39.4876,0.214144834872978,1,0.968572364236728,80,0.000724651745284034,-22.8754906376317,20.9340267073239,-2.06040703000247,2.71584919707368,0.924300711222518,0.905704388735259,-6.53522183454096,-22.8754906376317,3.04137590721882,-2.06040703000247,0.999104684249815,-0.0787178152401893,-0.0990423079297919,-1034.35702746869,18,1,"normal",71
"1432",-48.2203,0.113566227484498,0,1.05233527636554,80,0.000724651745284034,-22.8754906376317,20.9340267073239,-2.06040703000247,2.71584919707368,0.924300711222518,0.905704388735259,-6.53522183454096,-22.8754906376317,3.04137590721882,-2.06040703000247,0.999104684249815,-0.0787178152401893,-0.0990423079297919,-1034.35702746869,18,1,"normal",72
"1433",-9.5056,0.738134866042211,1,0.971413462908126,80,0.000724651745284034,-22.8754906376317,20.9340267073239,-2.06040703000247,2.71584919707368,0.924300711222518,0.905704388735259,-6.53522183454096,-22.8754906376317,3.04137590721882,-2.06040703000247,0.999104684249815,-0.0787178152401893,-0.0990423079297919,-1034.35702746869,18,1,"normal",73
"1434",-38.3623,0.230105068098978,0,1.06276216421791,80,0.000724651745284034,-22.8754906376317,20.9340267073239,-2.06040703000247,2.71584919707368,0.924300711222518,0.905704388735259,-6.53522183454096,-22.8754906376317,3.04137590721882,-2.06040703000247,0.999104684249815,-0.0787178152401893,-0.0990423079297919,-1034.35702746869,18,1,"normal",74
"1435",-10.7674,0.718183854572291,1,1.38878720895161,80,0.000724651745284034,-22.8754906376317,20.9340267073239,-2.06040703000247,2.71584919707368,0.924300711222518,0.905704388735259,-6.53522183454096,-22.8754906376317,3.04137590721882,-2.06040703000247,0.999104684249815,-0.0787178152401893,-0.0990423079297919,-1034.35702746869,18,1,"normal",75
"1436",-8.3494,0.755755875529065,1,0.971765829180235,80,0.000724651745284034,-22.8754906376317,20.9340267073239,-2.06040703000247,2.71584919707368,0.924300711222518,0.905704388735259,-6.53522183454096,-22.8754906376317,3.04137590721882,-2.06040703000247,0.999104684249815,-0.0787178152401893,-0.0990423079297919,-1034.35702746869,18,1,"normal",76
"1437",-1.7471,0.843082963652355,0,1.02608076454997,80,0.000724651745284034,-22.8754906376317,20.9340267073239,-2.06040703000247,2.71584919707368,0.924300711222518,0.905704388735259,-6.53522183454096,-22.8754906376317,3.04137590721882,-2.06040703000247,0.999104684249815,-0.0787178152401893,-0.0990423079297919,-1034.35702746869,18,1,"normal",77
"1438",-20.03124,0.553958608781896,0,0.957870750492337,80,0.000724651745284034,-22.8754906376317,20.9340267073239,-2.06040703000247,2.71584919707368,0.924300711222518,0.905704388735259,-6.53522183454096,-22.8754906376317,3.04137590721882,-2.06040703000247,0.999104684249815,-0.0787178152401893,-0.0990423079297919,-1034.35702746869,18,1,"normal",78
"1439",-23.2482963,0.49290606907142,0,1.68437090310427,80,0.000724651745284034,-22.8754906376317,20.9340267073239,-2.06040703000247,2.71584919707368,0.924300711222518,0.905704388735259,-6.53522183454096,-22.8754906376317,3.04137590721882,-2.06040703000247,0.999104684249815,-0.0787178152401893,-0.0990423079297919,-1034.35702746869,18,1,"normal",79
"1440",2.9935,0.891154454754899,1,1.00983377683326,80,0.000724651745284034,-22.8754906376317,20.9340267073239,-2.06040703000247,2.71584919707368,0.924300711222518,0.905704388735259,-6.53522183454096,-22.8754906376317,3.04137590721882,-2.06040703000247,0.999104684249815,-0.0787178152401893,-0.0990423079297919,-1034.35702746869,18,1,"normal",80
"1441",8.2597678448,0.909931772263527,1,0.471686806481405,80,0.000264139679672187,-6.99531814687688,11.3702245628812,-2.25332751594815,3.59925352786326,0.449965916099146,0.297310510626538,-7.54535690556118,-6.99531814687688,2.43099805804069,-2.25332751594815,1.28072647059007,-0.798583441088239,-1.21297819599878,-1298.27022631527,19,1,"normal",1
"1442",-6.1292270595,0.530342774701787,1,0.618450569849141,80,0.000264139679672187,-6.99531814687688,11.3702245628812,-2.25332751594815,3.59925352786326,0.449965916099146,0.297310510626538,-7.54535690556118,-6.99531814687688,2.43099805804069,-2.25332751594815,1.28072647059007,-0.798583441088239,-1.21297819599878,-1298.27022631527,19,1,"normal",2
"1443",-14.0771527021,0.26681797284725,0,0.461677888839319,80,0.000264139679672187,-6.99531814687688,11.3702245628812,-2.25332751594815,3.59925352786326,0.449965916099146,0.297310510626538,-7.54535690556118,-6.99531814687688,2.43099805804069,-2.25332751594815,1.28072647059007,-0.798583441088239,-1.21297819599878,-1298.27022631527,19,1,"normal",3
"1444",-6.8534429348,0.504975156980296,1,0.623126881551015,80,0.000264139679672187,-6.99531814687688,11.3702245628812,-2.25332751594815,3.59925352786326,0.449965916099146,0.297310510626538,-7.54535690556118,-6.99531814687688,2.43099805804069,-2.25332751594815,1.28072647059007,-0.798583441088239,-1.21297819599878,-1298.27022631527,19,1,"normal",4
"1445",-4.29699,0.593744350286506,1,0.424137379782489,80,0.000264139679672187,-6.99531814687688,11.3702245628812,-2.25332751594815,3.59925352786326,0.449965916099146,0.297310510626538,-7.54535690556118,-6.99531814687688,2.43099805804069,-2.25332751594815,1.28072647059007,-0.798583441088239,-1.21297819599878,-1298.27022631527,19,1,"normal",5
"1446",-16.44057,0.203228267667689,0,0.435784914428513,80,0.000264139679672187,-6.99531814687688,11.3702245628812,-2.25332751594815,3.59925352786326,0.449965916099146,0.297310510626538,-7.54535690556118,-6.99531814687688,2.43099805804069,-2.25332751594815,1.28072647059007,-0.798583441088239,-1.21297819599878,-1298.27022631527,19,1,"normal",6
"1447",-10.944582854,0.364241990120741,0,0.564175452215289,80,0.000264139679672187,-6.99531814687688,11.3702245628812,-2.25332751594815,3.59925352786326,0.449965916099146,0.297310510626538,-7.54535690556118,-6.99531814687688,2.43099805804069,-2.25332751594815,1.28072647059007,-0.798583441088239,-1.21297819599878,-1298.27022631527,19,1,"normal",7
"1448",-6.24337,0.526350141347675,1,0.622379241272338,80,0.000264139679672187,-6.99531814687688,11.3702245628812,-2.25332751594815,3.59925352786326,0.449965916099146,0.297310510626538,-7.54535690556118,-6.99531814687688,2.43099805804069,-2.25332751594815,1.28072647059007,-0.798583441088239,-1.21297819599878,-1298.27022631527,19,1,"normal",8
"1449",-10.0219,0.395103857569907,0,0.489635266035779,80,0.000264139679672187,-6.99531814687688,11.3702245628812,-2.25332751594815,3.59925352786326,0.449965916099146,0.297310510626538,-7.54535690556118,-6.99531814687688,2.43099805804069,-2.25332751594815,1.28072647059007,-0.798583441088239,-1.21297819599878,-1298.27022631527,19,1,"normal",9
"1450",-5.96099,0.536221900120967,0,0.561831583003112,80,0.000264139679672187,-6.99531814687688,11.3702245628812,-2.25332751594815,3.59925352786326,0.449965916099146,0.297310510626538,-7.54535690556118,-6.99531814687688,2.43099805804069,-2.25332751594815,1.28072647059007,-0.798583441088239,-1.21297819599878,-1298.27022631527,19,1,"normal",10
"1451",2.103,0.788046832489402,0,0.629624132387435,80,0.000264139679672187,-6.99531814687688,11.3702245628812,-2.25332751594815,3.59925352786326,0.449965916099146,0.297310510626538,-7.54535690556118,-6.99531814687688,2.43099805804069,-2.25332751594815,1.28072647059007,-0.798583441088239,-1.21297819599878,-1298.27022631527,19,1,"normal",11
"1452",-2.3914417349,0.65714377425332,1,0.775609393892734,80,0.000264139679672187,-6.99531814687688,11.3702245628812,-2.25332751594815,3.59925352786326,0.449965916099146,0.297310510626538,-7.54535690556118,-6.99531814687688,2.43099805804069,-2.25332751594815,1.28072647059007,-0.798583441088239,-1.21297819599878,-1298.27022631527,19,1,"normal",12
"1453",-19.89229,0.128535755300057,0,0.576145739096975,80,0.000264139679672187,-6.99531814687688,11.3702245628812,-2.25332751594815,3.59925352786326,0.449965916099146,0.297310510626538,-7.54535690556118,-6.99531814687688,2.43099805804069,-2.25332751594815,1.28072647059007,-0.798583441088239,-1.21297819599878,-1298.27022631527,19,1,"normal",13
"1454",-7.67442,0.476199378045281,1,0.729141035981073,80,0.000264139679672187,-6.99531814687688,11.3702245628812,-2.25332751594815,3.59925352786326,0.449965916099146,0.297310510626538,-7.54535690556118,-6.99531814687688,2.43099805804069,-2.25332751594815,1.28072647059007,-0.798583441088239,-1.21297819599878,-1298.27022631527,19,1,"normal",14
"1455",-9.12771,0.425657239389199,0,0.483455418383256,80,0.000264139679672187,-6.99531814687688,11.3702245628812,-2.25332751594815,3.59925352786326,0.449965916099146,0.297310510626538,-7.54535690556118,-6.99531814687688,2.43099805804069,-2.25332751594815,1.28072647059007,-0.798583441088239,-1.21297819599878,-1298.27022631527,19,1,"normal",15
"1456",-9.70268,0.405947680649127,0,0.810755776728951,80,0.000264139679672187,-6.99531814687688,11.3702245628812,-2.25332751594815,3.59925352786326,0.449965916099146,0.297310510626538,-7.54535690556118,-6.99531814687688,2.43099805804069,-2.25332751594815,1.28072647059007,-0.798583441088239,-1.21297819599878,-1298.27022631527,19,1,"normal",16
"1457",-11.43057,0.348320341722648,1,0.748153546420442,80,0.000264139679672187,-6.99531814687688,11.3702245628812,-2.25332751594815,3.59925352786326,0.449965916099146,0.297310510626538,-7.54535690556118,-6.99531814687688,2.43099805804069,-2.25332751594815,1.28072647059007,-0.798583441088239,-1.21297819599878,-1298.27022631527,19,1,"normal",17
"1458",-34.1308,0.00876355399745183,0,0.436212528907766,80,0.000264139679672187,-6.99531814687688,11.3702245628812,-2.25332751594815,3.59925352786326,0.449965916099146,0.297310510626538,-7.54535690556118,-6.99531814687688,2.43099805804069,-2.25332751594815,1.28072647059007,-0.798583441088239,-1.21297819599878,-1298.27022631527,19,1,"normal",18
"1459",9.18802,0.922453347863053,1,0.392260041272255,80,0.000264139679672187,-6.99531814687688,11.3702245628812,-2.25332751594815,3.59925352786326,0.449965916099146,0.297310510626538,-7.54535690556118,-6.99531814687688,2.43099805804069,-2.25332751594815,1.28072647059007,-0.798583441088239,-1.21297819599878,-1298.27022631527,19,1,"normal",19
"1460",-7.5535320719,0.480432390708586,0,0.677030872741028,80,0.000264139679672187,-6.99531814687688,11.3702245628812,-2.25332751594815,3.59925352786326,0.449965916099146,0.297310510626538,-7.54535690556118,-6.99531814687688,2.43099805804069,-2.25332751594815,1.28072647059007,-0.798583441088239,-1.21297819599878,-1298.27022631527,19,1,"normal",20
"1461",-18.75368,0.150720840852029,0,0.510185428552973,80,0.000264139679672187,-6.99531814687688,11.3702245628812,-2.25332751594815,3.59925352786326,0.449965916099146,0.297310510626538,-7.54535690556118,-6.99531814687688,2.43099805804069,-2.25332751594815,1.28072647059007,-0.798583441088239,-1.21297819599878,-1298.27022631527,19,1,"normal",21
"1462",1.70428,0.777753457634452,1,0.529245225002601,80,0.000264139679672187,-6.99531814687688,11.3702245628812,-2.25332751594815,3.59925352786326,0.449965916099146,0.297310510626538,-7.54535690556118,-6.99531814687688,2.43099805804069,-2.25332751594815,1.28072647059007,-0.798583441088239,-1.21297819599878,-1298.27022631527,19,1,"normal",22
"1463",1.15138,0.763017806895181,1,0.520560315649661,80,0.000264139679672187,-6.99531814687688,11.3702245628812,-2.25332751594815,3.59925352786326,0.449965916099146,0.297310510626538,-7.54535690556118,-6.99531814687688,2.43099805804069,-2.25332751594815,1.28072647059007,-0.798583441088239,-1.21297819599878,-1298.27022631527,19,1,"normal",23
"1464",-6.18662,0.528335569664069,0,0.508735120717184,80,0.000264139679672187,-6.99531814687688,11.3702245628812,-2.25332751594815,3.59925352786326,0.449965916099146,0.297310510626538,-7.54535690556118,-6.99531814687688,2.43099805804069,-2.25332751594815,1.28072647059007,-0.798583441088239,-1.21297819599878,-1298.27022631527,19,1,"normal",24
"1465",1.00973,0.759157862456612,1,0.503060537989348,80,0.000264139679672187,-6.99531814687688,11.3702245628812,-2.25332751594815,3.59925352786326,0.449965916099146,0.297310510626538,-7.54535690556118,-6.99531814687688,2.43099805804069,-2.25332751594815,1.28072647059007,-0.798583441088239,-1.21297819599878,-1298.27022631527,19,1,"normal",25
"1466",1.55962,0.773949430983938,1,0.715739280590931,80,0.000264139679672187,-6.99531814687688,11.3702245628812,-2.25332751594815,3.59925352786326,0.449965916099146,0.297310510626538,-7.54535690556118,-6.99531814687688,2.43099805804069,-2.25332751594815,1.28072647059007,-0.798583441088239,-1.21297819599878,-1298.27022631527,19,1,"normal",26
"1467",-4.06387,0.601672560193776,1,0.600681689929377,80,0.000264139679672187,-6.99531814687688,11.3702245628812,-2.25332751594815,3.59925352786326,0.449965916099146,0.297310510626538,-7.54535690556118,-6.99531814687688,2.43099805804069,-2.25332751594815,1.28072647059007,-0.798583441088239,-1.21297819599878,-1298.27022631527,19,1,"normal",27
"1468",-3.11726,0.6334045635674,1,0.431452072946205,80,0.000264139679672187,-6.99531814687688,11.3702245628812,-2.25332751594815,3.59925352786326,0.449965916099146,0.297310510626538,-7.54535690556118,-6.99531814687688,2.43099805804069,-2.25332751594815,1.28072647059007,-0.798583441088239,-1.21297819599878,-1298.27022631527,19,1,"normal",28
"1469",-5.65239,0.54698459961489,0,0.54034363100524,80,0.000264139679672187,-6.99531814687688,11.3702245628812,-2.25332751594815,3.59925352786326,0.449965916099146,0.297310510626538,-7.54535690556118,-6.99531814687688,2.43099805804069,-2.25332751594815,1.28072647059007,-0.798583441088239,-1.21297819599878,-1298.27022631527,19,1,"normal",29
"1470",-2.17329,0.664164090215881,0,0.432128613481033,80,0.000264139679672187,-6.99531814687688,11.3702245628812,-2.25332751594815,3.59925352786326,0.449965916099146,0.297310510626538,-7.54535690556118,-6.99531814687688,2.43099805804069,-2.25332751594815,1.28072647059007,-0.798583441088239,-1.21297819599878,-1298.27022631527,19,1,"normal",30
"1471",-18.23186,0.161695704597049,0,0.379364909619239,80,0.000264139679672187,-6.99531814687688,11.3702245628812,-2.25332751594815,3.59925352786326,0.449965916099146,0.297310510626538,-7.54535690556118,-6.99531814687688,2.43099805804069,-2.25332751594815,1.28072647059007,-0.798583441088239,-1.21297819599878,-1298.27022631527,19,1,"normal",31
"1472",-1.38268,0.689114864069929,1,0.574572356826386,80,0.000264139679672187,-6.99531814687688,11.3702245628812,-2.25332751594815,3.59925352786326,0.449965916099146,0.297310510626538,-7.54535690556118,-6.99531814687688,2.43099805804069,-2.25332751594815,1.28072647059007,-0.798583441088239,-1.21297819599878,-1298.27022631527,19,1,"normal",32
"1473",-8.85923,0.43492783306478,0,0.61681966849008,80,0.000264139679672187,-6.99531814687688,11.3702245628812,-2.25332751594815,3.59925352786326,0.449965916099146,0.297310510626538,-7.54535690556118,-6.99531814687688,2.43099805804069,-2.25332751594815,1.28072647059007,-0.798583441088239,-1.21297819599878,-1298.27022631527,19,1,"normal",33
"1474",-11.47217,0.34696934885081,0,0.678805869016833,80,0.000264139679672187,-6.99531814687688,11.3702245628812,-2.25332751594815,3.59925352786326,0.449965916099146,0.297310510626538,-7.54535690556118,-6.99531814687688,2.43099805804069,-2.25332751594815,1.28072647059007,-0.798583441088239,-1.21297819599878,-1298.27022631527,19,1,"normal",34
"1475",-4.81865,0.575867816084487,0,0.686327891084841,80,0.000264139679672187,-6.99531814687688,11.3702245628812,-2.25332751594815,3.59925352786326,0.449965916099146,0.297310510626538,-7.54535690556118,-6.99531814687688,2.43099805804069,-2.25332751594815,1.28072647059007,-0.798583441088239,-1.21297819599878,-1298.27022631527,19,1,"normal",35
"1476",-11.61224,0.342434851272352,0,0.534596512554243,80,0.000264139679672187,-6.99531814687688,11.3702245628812,-2.25332751594815,3.59925352786326,0.449965916099146,0.297310510626538,-7.54535690556118,-6.99531814687688,2.43099805804069,-2.25332751594815,1.28072647059007,-0.798583441088239,-1.21297819599878,-1298.27022631527,19,1,"normal",36
"1477",0.39872,0.742122259290527,0,0.463237328671136,80,0.000264139679672187,-6.99531814687688,11.3702245628812,-2.25332751594815,3.59925352786326,0.449965916099146,0.297310510626538,-7.54535690556118,-6.99531814687688,2.43099805804069,-2.25332751594815,1.28072647059007,-0.798583441088239,-1.21297819599878,-1298.27022631527,19,1,"normal",37
"1478",-6.975673,0.500688916518775,1,0.50367595255493,80,0.000264139679672187,-6.99531814687688,11.3702245628812,-2.25332751594815,3.59925352786326,0.449965916099146,0.297310510626538,-7.54535690556118,-6.99531814687688,2.43099805804069,-2.25332751594815,1.28072647059007,-0.798583441088239,-1.21297819599878,-1298.27022631527,19,1,"normal",38
"1479",2.28784,0.792722323177945,1,0.566631945428796,80,0.000264139679672187,-6.99531814687688,11.3702245628812,-2.25332751594815,3.59925352786326,0.449965916099146,0.297310510626538,-7.54535690556118,-6.99531814687688,2.43099805804069,-2.25332751594815,1.28072647059007,-0.798583441088239,-1.21297819599878,-1298.27022631527,19,1,"normal",39
"1480",7.20275,0.893905493370541,1,0.498457488032072,80,0.000264139679672187,-6.99531814687688,11.3702245628812,-2.25332751594815,3.59925352786326,0.449965916099146,0.297310510626538,-7.54535690556118,-6.99531814687688,2.43099805804069,-2.25332751594815,1.28072647059007,-0.798583441088239,-1.21297819599878,-1298.27022631527,19,1,"normal",40
"1481",-9.34315,0.418247498414295,0,1.01338863125406,80,0.000264139679672187,-6.99531814687688,11.3702245628812,-2.25332751594815,3.59925352786326,0.449965916099146,0.297310510626538,-7.54535690556118,-6.99531814687688,2.43099805804069,-2.25332751594815,1.28072647059007,-0.798583441088239,-1.21297819599878,-1298.27022631527,19,1,"normal",41
"1482",-13.63101,0.279860234643604,1,0.579333310426938,80,0.000264139679672187,-6.99531814687688,11.3702245628812,-2.25332751594815,3.59925352786326,0.449965916099146,0.297310510626538,-7.54535690556118,-6.99531814687688,2.43099805804069,-2.25332751594815,1.28072647059007,-0.798583441088239,-1.21297819599878,-1298.27022631527,19,1,"normal",42
"1483",-3.1491,0.632350587450926,1,0.848995034620796,80,0.000264139679672187,-6.99531814687688,11.3702245628812,-2.25332751594815,3.59925352786326,0.449965916099146,0.297310510626538,-7.54535690556118,-6.99531814687688,2.43099805804069,-2.25332751594815,1.28072647059007,-0.798583441088239,-1.21297819599878,-1298.27022631527,19,1,"normal",43
"1484",-17.55856,0.17660856402721,0,0.470295528985484,80,0.000264139679672187,-6.99531814687688,11.3702245628812,-2.25332751594815,3.59925352786326,0.449965916099146,0.297310510626538,-7.54535690556118,-6.99531814687688,2.43099805804069,-2.25332751594815,1.28072647059007,-0.798583441088239,-1.21297819599878,-1298.27022631527,19,1,"normal",44
"1485",-14.40663,0.257387675988078,0,0.54179643408549,80,0.000264139679672187,-6.99531814687688,11.3702245628812,-2.25332751594815,3.59925352786326,0.449965916099146,0.297310510626538,-7.54535690556118,-6.99531814687688,2.43099805804069,-2.25332751594815,1.28072647059007,-0.798583441088239,-1.21297819599878,-1298.27022631527,19,1,"normal",45
"1486",3.72455,0.826936048867766,1,0.470840710606997,80,0.000264139679672187,-6.99531814687688,11.3702245628812,-2.25332751594815,3.59925352786326,0.449965916099146,0.297310510626538,-7.54535690556118,-6.99531814687688,2.43099805804069,-2.25332751594815,1.28072647059007,-0.798583441088239,-1.21297819599878,-1298.27022631527,19,1,"normal",46
"1487",2.46839,0.797229787410506,0,0.503764538214755,80,0.000264139679672187,-6.99531814687688,11.3702245628812,-2.25332751594815,3.59925352786326,0.449965916099146,0.297310510626538,-7.54535690556118,-6.99531814687688,2.43099805804069,-2.25332751594815,1.28072647059007,-0.798583441088239,-1.21297819599878,-1298.27022631527,19,1,"normal",47
"1488",5.41456,0.86226809149001,0,0.641795279211574,80,0.000264139679672187,-6.99531814687688,11.3702245628812,-2.25332751594815,3.59925352786326,0.449965916099146,0.297310510626538,-7.54535690556118,-6.99531814687688,2.43099805804069,-2.25332751594815,1.28072647059007,-0.798583441088239,-1.21297819599878,-1298.27022631527,19,1,"normal",48
"1489",3.06651,0.811737449954495,1,0.571339525477675,80,0.000264139679672187,-6.99531814687688,11.3702245628812,-2.25332751594815,3.59925352786326,0.449965916099146,0.297310510626538,-7.54535690556118,-6.99531814687688,2.43099805804069,-2.25332751594815,1.28072647059007,-0.798583441088239,-1.21297819599878,-1298.27022631527,19,1,"normal",49
"1490",41.07092,0.999724045055251,1,0.449130932337118,80,0.000264139679672187,-6.99531814687688,11.3702245628812,-2.25332751594815,3.59925352786326,0.449965916099146,0.297310510626538,-7.54535690556118,-6.99531814687688,2.43099805804069,-2.25332751594815,1.28072647059007,-0.798583441088239,-1.21297819599878,-1298.27022631527,19,1,"normal",50
"1491",-18.571523,0.154494092731221,0,0.53245123784523,80,0.000264139679672187,-6.99531814687688,11.3702245628812,-2.25332751594815,3.59925352786326,0.449965916099146,0.297310510626538,-7.54535690556118,-6.99531814687688,2.43099805804069,-2.25332751594815,1.28072647059007,-0.798583441088239,-1.21297819599878,-1298.27022631527,19,1,"normal",51
"1492",6.43039,0.880953130806952,1,0.413028549573222,80,0.000264139679672187,-6.99531814687688,11.3702245628812,-2.25332751594815,3.59925352786326,0.449965916099146,0.297310510626538,-7.54535690556118,-6.99531814687688,2.43099805804069,-2.25332751594815,1.28072647059007,-0.798583441088239,-1.21297819599878,-1298.27022631527,19,1,"normal",52
"1493",11.83715,0.950930806674862,1,0.451995849297969,80,0.000264139679672187,-6.99531814687688,11.3702245628812,-2.25332751594815,3.59925352786326,0.449965916099146,0.297310510626538,-7.54535690556118,-6.99531814687688,2.43099805804069,-2.25332751594815,1.28072647059007,-0.798583441088239,-1.21297819599878,-1298.27022631527,19,1,"normal",53
"1494",3.86885,0.830161227939798,1,0.420073417653302,80,0.000264139679672187,-6.99531814687688,11.3702245628812,-2.25332751594815,3.59925352786326,0.449965916099146,0.297310510626538,-7.54535690556118,-6.99531814687688,2.43099805804069,-2.25332751594815,1.28072647059007,-0.798583441088239,-1.21297819599878,-1298.27022631527,19,1,"normal",54
"1495",3.58703,0.82382627758801,0,0.550239577452229,80,0.000264139679672187,-6.99531814687688,11.3702245628812,-2.25332751594815,3.59925352786326,0.449965916099146,0.297310510626538,-7.54535690556118,-6.99531814687688,2.43099805804069,-2.25332751594815,1.28072647059007,-0.798583441088239,-1.21297819599878,-1298.27022631527,19,1,"normal",55
"1496",-1.20321,0.694664737336753,1,0.511371381160676,80,0.000264139679672187,-6.99531814687688,11.3702245628812,-2.25332751594815,3.59925352786326,0.449965916099146,0.297310510626538,-7.54535690556118,-6.99531814687688,2.43099805804069,-2.25332751594815,1.28072647059007,-0.798583441088239,-1.21297819599878,-1298.27022631527,19,1,"normal",56
"1497",-11.69573,0.339742748361822,0,0.695917076499853,80,0.000264139679672187,-6.99531814687688,11.3702245628812,-2.25332751594815,3.59925352786326,0.449965916099146,0.297310510626538,-7.54535690556118,-6.99531814687688,2.43099805804069,-2.25332751594815,1.28072647059007,-0.798583441088239,-1.21297819599878,-1298.27022631527,19,1,"normal",57
"1498",-13.76938,0.275782275414038,1,0.507598359105314,80,0.000264139679672187,-6.99531814687688,11.3702245628812,-2.25332751594815,3.59925352786326,0.449965916099146,0.297310510626538,-7.54535690556118,-6.99531814687688,2.43099805804069,-2.25332751594815,1.28072647059007,-0.798583441088239,-1.21297819599878,-1298.27022631527,19,1,"normal",58
"1499",8.129123,0.908054772805346,1,0.695374983706789,80,0.000264139679672187,-6.99531814687688,11.3702245628812,-2.25332751594815,3.59925352786326,0.449965916099146,0.297310510626538,-7.54535690556118,-6.99531814687688,2.43099805804069,-2.25332751594815,1.28072647059007,-0.798583441088239,-1.21297819599878,-1298.27022631527,19,1,"normal",59
"1500",8.818717,0.917640570204696,1,0.432361282912535,80,0.000264139679672187,-6.99531814687688,11.3702245628812,-2.25332751594815,3.59925352786326,0.449965916099146,0.297310510626538,-7.54535690556118,-6.99531814687688,2.43099805804069,-2.25332751594815,1.28072647059007,-0.798583441088239,-1.21297819599878,-1298.27022631527,19,1,"normal",60
"1501",6.71052,0.88577451015765,1,0.528742369355945,80,0.000264139679672187,-6.99531814687688,11.3702245628812,-2.25332751594815,3.59925352786326,0.449965916099146,0.297310510626538,-7.54535690556118,-6.99531814687688,2.43099805804069,-2.25332751594815,1.28072647059007,-0.798583441088239,-1.21297819599878,-1298.27022631527,19,1,"normal",61
"1502",9.05092,0.920692296754533,1,0.387964415446098,80,0.000264139679672187,-6.99531814687688,11.3702245628812,-2.25332751594815,3.59925352786326,0.449965916099146,0.297310510626538,-7.54535690556118,-6.99531814687688,2.43099805804069,-2.25332751594815,1.28072647059007,-0.798583441088239,-1.21297819599878,-1298.27022631527,19,1,"normal",62
"1503",5.21579,0.858389117900415,1,0.482068190671513,80,0.000264139679672187,-6.99531814687688,11.3702245628812,-2.25332751594815,3.59925352786326,0.449965916099146,0.297310510626538,-7.54535690556118,-6.99531814687688,2.43099805804069,-2.25332751594815,1.28072647059007,-0.798583441088239,-1.21297819599878,-1298.27022631527,19,1,"normal",63
"1504",-14.88484,0.244015403423609,0,0.453332517415293,80,0.000264139679672187,-6.99531814687688,11.3702245628812,-2.25332751594815,3.59925352786326,0.449965916099146,0.297310510626538,-7.54535690556118,-6.99531814687688,2.43099805804069,-2.25332751594815,1.28072647059007,-0.798583441088239,-1.21297819599878,-1298.27022631527,19,1,"normal",64
"1505",-6.35043,0.522602846491541,1,0.484484941317428,80,0.000264139679672187,-6.99531814687688,11.3702245628812,-2.25332751594815,3.59925352786326,0.449965916099146,0.297310510626538,-7.54535690556118,-6.99531814687688,2.43099805804069,-2.25332751594815,1.28072647059007,-0.798583441088239,-1.21297819599878,-1298.27022631527,19,1,"normal",65
"1506",-19.96804,0.127144927436592,0,0.43063664198337,80,0.000264139679672187,-6.99531814687688,11.3702245628812,-2.25332751594815,3.59925352786326,0.449965916099146,0.297310510626538,-7.54535690556118,-6.99531814687688,2.43099805804069,-2.25332751594815,1.28072647059007,-0.798583441088239,-1.21297819599878,-1298.27022631527,19,1,"normal",66
"1507",5.78425,0.869287770034927,1,0.466960898115041,80,0.000264139679672187,-6.99531814687688,11.3702245628812,-2.25332751594815,3.59925352786326,0.449965916099146,0.297310510626538,-7.54535690556118,-6.99531814687688,2.43099805804069,-2.25332751594815,1.28072647059007,-0.798583441088239,-1.21297819599878,-1298.27022631527,19,1,"normal",67
"1508",-11.02254,0.361671297076431,1,0.914098596840528,80,0.000264139679672187,-6.99531814687688,11.3702245628812,-2.25332751594815,3.59925352786326,0.449965916099146,0.297310510626538,-7.54535690556118,-6.99531814687688,2.43099805804069,-2.25332751594815,1.28072647059007,-0.798583441088239,-1.21297819599878,-1298.27022631527,19,1,"normal",68
"1509",3.94269,0.831796557458171,1,0.484526507262308,80,0.000264139679672187,-6.99531814687688,11.3702245628812,-2.25332751594815,3.59925352786326,0.449965916099146,0.297310510626538,-7.54535690556118,-6.99531814687688,2.43099805804069,-2.25332751594815,1.28072647059007,-0.798583441088239,-1.21297819599878,-1298.27022631527,19,1,"normal",69
"1510",3.63283,0.824865876196661,0,0.621730230628335,80,0.000264139679672187,-6.99531814687688,11.3702245628812,-2.25332751594815,3.59925352786326,0.449965916099146,0.297310510626538,-7.54535690556118,-6.99531814687688,2.43099805804069,-2.25332751594815,1.28072647059007,-0.798583441088239,-1.21297819599878,-1298.27022631527,19,1,"normal",70
"1511",-18.54898,0.154965368680559,1,0.474763614958324,80,0.000264139679672187,-6.99531814687688,11.3702245628812,-2.25332751594815,3.59925352786326,0.449965916099146,0.297310510626538,-7.54535690556118,-6.99531814687688,2.43099805804069,-2.25332751594815,1.28072647059007,-0.798583441088239,-1.21297819599878,-1298.27022631527,19,1,"normal",71
"1512",12.24558,0.954457580295087,1,0.474610882063873,80,0.000264139679672187,-6.99531814687688,11.3702245628812,-2.25332751594815,3.59925352786326,0.449965916099146,0.297310510626538,-7.54535690556118,-6.99531814687688,2.43099805804069,-2.25332751594815,1.28072647059007,-0.798583441088239,-1.21297819599878,-1298.27022631527,19,1,"normal",72
"1513",6.52236,0.882551680607765,1,0.575149910422192,80,0.000264139679672187,-6.99531814687688,11.3702245628812,-2.25332751594815,3.59925352786326,0.449965916099146,0.297310510626538,-7.54535690556118,-6.99531814687688,2.43099805804069,-2.25332751594815,1.28072647059007,-0.798583441088239,-1.21297819599878,-1298.27022631527,19,1,"normal",73
"1514",-9.27589,0.420557819953209,1,0.476097565011122,80,0.000264139679672187,-6.99531814687688,11.3702245628812,-2.25332751594815,3.59925352786326,0.449965916099146,0.297310510626538,-7.54535690556118,-6.99531814687688,2.43099805804069,-2.25332751594815,1.28072647059007,-0.798583441088239,-1.21297819599878,-1298.27022631527,19,1,"normal",74
"1515",-28.867,0.0274525924987179,0,0.552428689790839,80,0.000264139679672187,-6.99531814687688,11.3702245628812,-2.25332751594815,3.59925352786326,0.449965916099146,0.297310510626538,-7.54535690556118,-6.99531814687688,2.43099805804069,-2.25332751594815,1.28072647059007,-0.798583441088239,-1.21297819599878,-1298.27022631527,19,1,"normal",75
"1516",-23.49214,0.073632116472134,0,0.423408749487244,80,0.000264139679672187,-6.99531814687688,11.3702245628812,-2.25332751594815,3.59925352786326,0.449965916099146,0.297310510626538,-7.54535690556118,-6.99531814687688,2.43099805804069,-2.25332751594815,1.28072647059007,-0.798583441088239,-1.21297819599878,-1298.27022631527,19,1,"normal",76
"1517",-13.59819,0.28083176586515,1,0.586107806340412,80,0.000264139679672187,-6.99531814687688,11.3702245628812,-2.25332751594815,3.59925352786326,0.449965916099146,0.297310510626538,-7.54535690556118,-6.99531814687688,2.43099805804069,-2.25332751594815,1.28072647059007,-0.798583441088239,-1.21297819599878,-1298.27022631527,19,1,"normal",77
"1518",7.55561,0.899470513578483,1,0.406428106312873,80,0.000264139679672187,-6.99531814687688,11.3702245628812,-2.25332751594815,3.59925352786326,0.449965916099146,0.297310510626538,-7.54535690556118,-6.99531814687688,2.43099805804069,-2.25332751594815,1.28072647059007,-0.798583441088239,-1.21297819599878,-1298.27022631527,19,1,"normal",78
"1519",-23.45746,0.0740575633781285,0,0.512843639687555,80,0.000264139679672187,-6.99531814687688,11.3702245628812,-2.25332751594815,3.59925352786326,0.449965916099146,0.297310510626538,-7.54535690556118,-6.99531814687688,2.43099805804069,-2.25332751594815,1.28072647059007,-0.798583441088239,-1.21297819599878,-1298.27022631527,19,1,"normal",79
"1520",5.72422,0.868165098647287,1,0.668660007481031,80,0.000264139679672187,-6.99531814687688,11.3702245628812,-2.25332751594815,3.59925352786326,0.449965916099146,0.297310510626538,-7.54535690556118,-6.99531814687688,2.43099805804069,-2.25332751594815,1.28072647059007,-0.798583441088239,-1.21297819599878,-1298.27022631527,19,1,"normal",80
"1521",10.099644037,0.511656538572915,1,0.73028873888631,80,0.00168279162766226,7.47540998609706,89.4986903988282,-1.20605088997658,3.26403785522489,0.799827992610581,0.292713108412149,-5.69078274137233,7.47540998609706,4.49422399275843,-1.20605088997658,1.18296503483635,-0.223358583668783,-1.22856230182468,25.3784644398048,20,1,"normal",1
"1522",-4.0516662074,0.448931976780651,0,5.95850341670588,80,0.00168279162766226,7.47540998609706,89.4986903988282,-1.20605088997658,3.26403785522489,0.799827992610581,0.292713108412149,-5.69078274137233,7.47540998609706,4.49422399275843,-1.20605088997658,1.18296503483635,-0.223358583668783,-1.22856230182468,25.3784644398048,20,1,"normal",2
"1523",1.88895969347,0.475198196440403,1,0.97084307699267,80,0.00168279162766226,7.47540998609706,89.4986903988282,-1.20605088997658,3.26403785522489,0.799827992610581,0.292713108412149,-5.69078274137233,7.47540998609706,4.49422399275843,-1.20605088997658,1.18296503483635,-0.223358583668783,-1.22856230182468,25.3784644398048,20,1,"normal",3
"1524",-1.293451925512,0.46110640394692,0,0.966699056829523,80,0.00168279162766226,7.47540998609706,89.4986903988282,-1.20605088997658,3.26403785522489,0.799827992610581,0.292713108412149,-5.69078274137233,7.47540998609706,4.49422399275843,-1.20605088997658,1.18296503483635,-0.223358583668783,-1.22856230182468,25.3784644398048,20,1,"normal",4
"1525",-17.21957,0.391668435010755,1,1.06980587435886,80,0.00168279162766226,7.47540998609706,89.4986903988282,-1.20605088997658,3.26403785522489,0.799827992610581,0.292713108412149,-5.69078274137233,7.47540998609706,4.49422399275843,-1.20605088997658,1.18296503483635,-0.223358583668783,-1.22856230182468,25.3784644398048,20,1,"normal",5
"1526",-2.14990464269,0.457321647609343,0,2.85490834624694,80,0.00168279162766226,7.47540998609706,89.4986903988282,-1.20605088997658,3.26403785522489,0.799827992610581,0.292713108412149,-5.69078274137233,7.47540998609706,4.49422399275843,-1.20605088997658,1.18296503483635,-0.223358583668783,-1.22856230182468,25.3784644398048,20,1,"normal",6
"1527",23.21048,0.56954488373764,0,0.989541367577695,80,0.00168279162766226,7.47540998609706,89.4986903988282,-1.20605088997658,3.26403785522489,0.799827992610581,0.292713108412149,-5.69078274137233,7.47540998609706,4.49422399275843,-1.20605088997658,1.18296503483635,-0.223358583668783,-1.22856230182468,25.3784644398048,20,1,"normal",7
"1528",31.90972,0.607216342066393,1,0.879603941165741,80,0.00168279162766226,7.47540998609706,89.4986903988282,-1.20605088997658,3.26403785522489,0.799827992610581,0.292713108412149,-5.69078274137233,7.47540998609706,4.49422399275843,-1.20605088997658,1.18296503483635,-0.223358583668783,-1.22856230182468,25.3784644398048,20,1,"normal",8
"1529",23.01319,0.568681694435856,0,1.07524663405371,80,0.00168279162766226,7.47540998609706,89.4986903988282,-1.20605088997658,3.26403785522489,0.799827992610581,0.292713108412149,-5.69078274137233,7.47540998609706,4.49422399275843,-1.20605088997658,1.18296503483635,-0.223358583668783,-1.22856230182468,25.3784644398048,20,1,"normal",9
"1530",49.0807,0.678385459054663,0,1.12707168741926,80,0.00168279162766226,7.47540998609706,89.4986903988282,-1.20605088997658,3.26403785522489,0.799827992610581,0.292713108412149,-5.69078274137233,7.47540998609706,4.49422399275843,-1.20605088997658,1.18296503483635,-0.223358583668783,-1.22856230182468,25.3784644398048,20,1,"normal",10
"1531",-24.66613,0.360221465973772,0,1.426364466872,80,0.00168279162766226,7.47540998609706,89.4986903988282,-1.20605088997658,3.26403785522489,0.799827992610581,0.292713108412149,-5.69078274137233,7.47540998609706,4.49422399275843,-1.20605088997658,1.18296503483635,-0.223358583668783,-1.22856230182468,25.3784644398048,20,1,"normal",11
"1532",5.2849498926,0.490269811473521,0,1.00921912081291,80,0.00168279162766226,7.47540998609706,89.4986903988282,-1.20605088997658,3.26403785522489,0.799827992610581,0.292713108412149,-5.69078274137233,7.47540998609706,4.49422399275843,-1.20605088997658,1.18296503483635,-0.223358583668783,-1.22856230182468,25.3784644398048,20,1,"normal",12
"1533",7.02993639032,0.498020983385965,1,0.6600220506861,80,0.00168279162766226,7.47540998609706,89.4986903988282,-1.20605088997658,3.26403785522489,0.799827992610581,0.292713108412149,-5.69078274137233,7.47540998609706,4.49422399275843,-1.20605088997658,1.18296503483635,-0.223358583668783,-1.22856230182468,25.3784644398048,20,1,"normal",13
"1534",5.1703275463,0.48976076016227,0,1.18448922132566,80,0.00168279162766226,7.47540998609706,89.4986903988282,-1.20605088997658,3.26403785522489,0.799827992610581,0.292713108412149,-5.69078274137233,7.47540998609706,4.49422399275843,-1.20605088997658,1.18296503483635,-0.223358583668783,-1.22856230182468,25.3784644398048,20,1,"normal",14
"1535",-10.86221,0.419101206850431,1,0.899147536265817,80,0.00168279162766226,7.47540998609706,89.4986903988282,-1.20605088997658,3.26403785522489,0.799827992610581,0.292713108412149,-5.69078274137233,7.47540998609706,4.49422399275843,-1.20605088997658,1.18296503483635,-0.223358583668783,-1.22856230182468,25.3784644398048,20,1,"normal",15
"1536",4.3792536448,0.486248010573672,1,0.962712181046234,80,0.00168279162766226,7.47540998609706,89.4986903988282,-1.20605088997658,3.26403785522489,0.799827992610581,0.292713108412149,-5.69078274137233,7.47540998609706,4.49422399275843,-1.20605088997658,1.18296503483635,-0.223358583668783,-1.22856230182468,25.3784644398048,20,1,"normal",16
"1537",3.6804973946,0.483146080278173,1,1.49076758303128,80,0.00168279162766226,7.47540998609706,89.4986903988282,-1.20605088997658,3.26403785522489,0.799827992610581,0.292713108412149,-5.69078274137233,7.47540998609706,4.49422399275843,-1.20605088997658,1.18296503483635,-0.223358583668783,-1.22856230182468,25.3784644398048,20,1,"normal",17
"1538",1.7507788003,0.474585549712392,1,0.914392732664717,80,0.00168279162766226,7.47540998609706,89.4986903988282,-1.20605088997658,3.26403785522489,0.799827992610581,0.292713108412149,-5.69078274137233,7.47540998609706,4.49422399275843,-1.20605088997658,1.18296503483635,-0.223358583668783,-1.22856230182468,25.3784644398048,20,1,"normal",18
"1539",-0.77391933037,0.463404026094045,1,2.32462246536309,80,0.00168279162766226,7.47540998609706,89.4986903988282,-1.20605088997658,3.26403785522489,0.799827992610581,0.292713108412149,-5.69078274137233,7.47540998609706,4.49422399275843,-1.20605088997658,1.18296503483635,-0.223358583668783,-1.22856230182468,25.3784644398048,20,1,"normal",19
"1540",24.78513,0.57642201466218,1,3.81157518478228,80,0.00168279162766226,7.47540998609706,89.4986903988282,-1.20605088997658,3.26403785522489,0.799827992610581,0.292713108412149,-5.69078274137233,7.47540998609706,4.49422399275843,-1.20605088997658,1.18296503483635,-0.223358583668783,-1.22856230182468,25.3784644398048,20,1,"normal",20
"1541",-3.0111749897,0.453519528311417,0,0.550690713751652,80,0.00168279162766226,7.47540998609706,89.4986903988282,-1.20605088997658,3.26403785522489,0.799827992610581,0.292713108412149,-5.69078274137233,7.47540998609706,4.49422399275843,-1.20605088997658,1.18296503483635,-0.223358583668783,-1.22856230182468,25.3784644398048,20,1,"normal",21
"1542",0.38586558932,0.468537473549692,0,0.407769967024167,80,0.00168279162766226,7.47540998609706,89.4986903988282,-1.20605088997658,3.26403785522489,0.799827992610581,0.292713108412149,-5.69078274137233,7.47540998609706,4.49422399275843,-1.20605088997658,1.18296503483635,-0.223358583668783,-1.22856230182468,25.3784644398048,20,1,"normal",22
"1543",-1.10844443026,0.461924449963295,0,0.490392421966609,80,0.00168279162766226,7.47540998609706,89.4986903988282,-1.20605088997658,3.26403785522489,0.799827992610581,0.292713108412149,-5.69078274137233,7.47540998609706,4.49422399275843,-1.20605088997658,1.18296503483635,-0.223358583668783,-1.22856230182468,25.3784644398048,20,1,"normal",23
"1544",3.8637400757,0.483959442577983,1,1.02283343089871,80,0.00168279162766226,7.47540998609706,89.4986903988282,-1.20605088997658,3.26403785522489,0.799827992610581,0.292713108412149,-5.69078274137233,7.47540998609706,4.49422399275843,-1.20605088997658,1.18296503483635,-0.223358583668783,-1.22856230182468,25.3784644398048,20,1,"normal",24
"1545",10.739957,0.514499595861809,0,0.994234484100263,80,0.00168279162766226,7.47540998609706,89.4986903988282,-1.20605088997658,3.26403785522489,0.799827992610581,0.292713108412149,-5.69078274137233,7.47540998609706,4.49422399275843,-1.20605088997658,1.18296503483635,-0.223358583668783,-1.22856230182468,25.3784644398048,20,1,"normal",25
"1546",2.63983098708,0.478528297006798,1,0.994126661585355,80,0.00168279162766226,7.47540998609706,89.4986903988282,-1.20605088997658,3.26403785522489,0.799827992610581,0.292713108412149,-5.69078274137233,7.47540998609706,4.49422399275843,-1.20605088997658,1.18296503483635,-0.223358583668783,-1.22856230182468,25.3784644398048,20,1,"normal",26
"1547",12.82551,0.523753771348472,1,0.735877937753809,80,0.00168279162766226,7.47540998609706,89.4986903988282,-1.20605088997658,3.26403785522489,0.799827992610581,0.292713108412149,-5.69078274137233,7.47540998609706,4.49422399275843,-1.20605088997658,1.18296503483635,-0.223358583668783,-1.22856230182468,25.3784644398048,20,1,"normal",27
"1548",7.5116,0.500160774809629,0,2.72599489622794,80,0.00168279162766226,7.47540998609706,89.4986903988282,-1.20605088997658,3.26403785522489,0.799827992610581,0.292713108412149,-5.69078274137233,7.47540998609706,4.49422399275843,-1.20605088997658,1.18296503483635,-0.223358583668783,-1.22856230182468,25.3784644398048,20,1,"normal",28
"1549",2.98301622625,0.48005083414415,0,1.21857124329909,80,0.00168279162766226,7.47540998609706,89.4986903988282,-1.20605088997658,3.26403785522489,0.799827992610581,0.292713108412149,-5.69078274137233,7.47540998609706,4.49422399275843,-1.20605088997658,1.18296503483635,-0.223358583668783,-1.22856230182468,25.3784644398048,20,1,"normal",29
"1550",0.86661323137,0.470666956532013,0,0.512773878768039,80,0.00168279162766226,7.47540998609706,89.4986903988282,-1.20605088997658,3.26403785522489,0.799827992610581,0.292713108412149,-5.69078274137233,7.47540998609706,4.49422399275843,-1.20605088997658,1.18296503483635,-0.223358583668783,-1.22856230182468,25.3784644398048,20,1,"normal",30
"1551",22.5912,0.566834286770942,0,0.546530521491443,80,0.00168279162766226,7.47540998609706,89.4986903988282,-1.20605088997658,3.26403785522489,0.799827992610581,0.292713108412149,-5.69078274137233,7.47540998609706,4.49422399275843,-1.20605088997658,1.18296503483635,-0.223358583668783,-1.22856230182468,25.3784644398048,20,1,"normal",31
"1552",4.5767084155,0.487124715086177,0,1.01628556375163,80,0.00168279162766226,7.47540998609706,89.4986903988282,-1.20605088997658,3.26403785522489,0.799827992610581,0.292713108412149,-5.69078274137233,7.47540998609706,4.49422399275843,-1.20605088997658,1.18296503483635,-0.223358583668783,-1.22856230182468,25.3784644398048,20,1,"normal",32
"1553",6.57410505742,0.495996003666559,1,0.86218720517434,80,0.00168279162766226,7.47540998609706,89.4986903988282,-1.20605088997658,3.26403785522489,0.799827992610581,0.292713108412149,-5.69078274137233,7.47540998609706,4.49422399275843,-1.20605088997658,1.18296503483635,-0.223358583668783,-1.22856230182468,25.3784644398048,20,1,"normal",33
"1554",2.8741487484,0.479567812102227,1,0.691040207521051,80,0.00168279162766226,7.47540998609706,89.4986903988282,-1.20605088997658,3.26403785522489,0.799827992610581,0.292713108412149,-5.69078274137233,7.47540998609706,4.49422399275843,-1.20605088997658,1.18296503483635,-0.223358583668783,-1.22856230182468,25.3784644398048,20,1,"normal",34
"1555",1.3559956585,0.472835554841615,0,1.15031414095164,80,0.00168279162766226,7.47540998609706,89.4986903988282,-1.20605088997658,3.26403785522489,0.799827992610581,0.292713108412149,-5.69078274137233,7.47540998609706,4.49422399275843,-1.20605088997658,1.18296503483635,-0.223358583668783,-1.22856230182468,25.3784644398048,20,1,"normal",35
"1556",3.51718519146,0.482421243121339,0,1.66039209687415,80,0.00168279162766226,7.47540998609706,89.4986903988282,-1.20605088997658,3.26403785522489,0.799827992610581,0.292713108412149,-5.69078274137233,7.47540998609706,4.49422399275843,-1.20605088997658,1.18296503483635,-0.223358583668783,-1.22856230182468,25.3784644398048,20,1,"normal",36
"1557",31.9387,0.607340371034296,1,0.777050037259164,80,0.00168279162766226,7.47540998609706,89.4986903988282,-1.20605088997658,3.26403785522489,0.799827992610581,0.292713108412149,-5.69078274137233,7.47540998609706,4.49422399275843,-1.20605088997658,1.18296503483635,-0.223358583668783,-1.22856230182468,25.3784644398048,20,1,"normal",37
"1558",-16.7555,0.393654479800413,0,1.13175907855024,80,0.00168279162766226,7.47540998609706,89.4986903988282,-1.20605088997658,3.26403785522489,0.799827992610581,0.292713108412149,-5.69078274137233,7.47540998609706,4.49422399275843,-1.20605088997658,1.18296503483635,-0.223358583668783,-1.22856230182468,25.3784644398048,20,1,"normal",38
"1559",33.96863,0.616000091930488,0,1.46343389863717,80,0.00168279162766226,7.47540998609706,89.4986903988282,-1.20605088997658,3.26403785522489,0.799827992610581,0.292713108412149,-5.69078274137233,7.47540998609706,4.49422399275843,-1.20605088997658,1.18296503483635,-0.223358583668783,-1.22856230182468,25.3784644398048,20,1,"normal",39
"1560",21.1874,0.560678296867568,1,3.26934522179842,80,0.00168279162766226,7.47540998609706,89.4986903988282,-1.20605088997658,3.26403785522489,0.799827992610581,0.292713108412149,-5.69078274137233,7.47540998609706,4.49422399275843,-1.20605088997658,1.18296503483635,-0.223358583668783,-1.22856230182468,25.3784644398048,20,1,"normal",40
"1561",10.31594,0.512616989493557,1,1.89713818754401,80,0.00168279162766226,7.47540998609706,89.4986903988282,-1.20605088997658,3.26403785522489,0.799827992610581,0.292713108412149,-5.69078274137233,7.47540998609706,4.49422399275843,-1.20605088997658,1.18296503483635,-0.223358583668783,-1.22856230182468,25.3784644398048,20,1,"normal",41
"1562",4.7069721159,0.487703123995093,1,0.643382436716828,80,0.00168279162766226,7.47540998609706,89.4986903988282,-1.20605088997658,3.26403785522489,0.799827992610581,0.292713108412149,-5.69078274137233,7.47540998609706,4.49422399275843,-1.20605088997658,1.18296503483635,-0.223358583668783,-1.22856230182468,25.3784644398048,20,1,"normal",42
"1563",39.44333,0.639055141932016,0,0.751126937880166,80,0.00168279162766226,7.47540998609706,89.4986903988282,-1.20605088997658,3.26403785522489,0.799827992610581,0.292713108412149,-5.69078274137233,7.47540998609706,4.49422399275843,-1.20605088997658,1.18296503483635,-0.223358583668783,-1.22856230182468,25.3784644398048,20,1,"normal",43
"1564",5.1125274327,0.489504069380754,1,1.88552771754284,80,0.00168279162766226,7.47540998609706,89.4986903988282,-1.20605088997658,3.26403785522489,0.799827992610581,0.292713108412149,-5.69078274137233,7.47540998609706,4.49422399275843,-1.20605088997658,1.18296503483635,-0.223358583668783,-1.22856230182468,25.3784644398048,20,1,"normal",44
"1565",4.1281209974,0.48513307206452,1,1.61559284559572,80,0.00168279162766226,7.47540998609706,89.4986903988282,-1.20605088997658,3.26403785522489,0.799827992610581,0.292713108412149,-5.69078274137233,7.47540998609706,4.49422399275843,-1.20605088997658,1.18296503483635,-0.223358583668783,-1.22856230182468,25.3784644398048,20,1,"normal",45
"1566",0.57462316,0.469373475009086,0,0.47648205357167,80,0.00168279162766226,7.47540998609706,89.4986903988282,-1.20605088997658,3.26403785522489,0.799827992610581,0.292713108412149,-5.69078274137233,7.47540998609706,4.49422399275843,-1.20605088997658,1.18296503483635,-0.223358583668783,-1.22856230182468,25.3784644398048,20,1,"normal",46
"1567",4.5727846713,0.4871072929318,0,1.30982428928995,80,0.00168279162766226,7.47540998609706,89.4986903988282,-1.20605088997658,3.26403785522489,0.799827992610581,0.292713108412149,-5.69078274137233,7.47540998609706,4.49422399275843,-1.20605088997658,1.18296503483635,-0.223358583668783,-1.22856230182468,25.3784644398048,20,1,"normal",47
"1568",2.8679605877,0.479540357438664,1,1.02536366375271,80,0.00168279162766226,7.47540998609706,89.4986903988282,-1.20605088997658,3.26403785522489,0.799827992610581,0.292713108412149,-5.69078274137233,7.47540998609706,4.49422399275843,-1.20605088997658,1.18296503483635,-0.223358583668783,-1.22856230182468,25.3784644398048,20,1,"normal",48
"1569",1.3704717523,0.472899715362278,1,1.58695525847407,80,0.00168279162766226,7.47540998609706,89.4986903988282,-1.20605088997658,3.26403785522489,0.799827992610581,0.292713108412149,-5.69078274137233,7.47540998609706,4.49422399275843,-1.20605088997658,1.18296503483635,-0.223358583668783,-1.22856230182468,25.3784644398048,20,1,"normal",49
"1570",2.2719045773,0.476896346893018,1,1.76448621414315,80,0.00168279162766226,7.47540998609706,89.4986903988282,-1.20605088997658,3.26403785522489,0.799827992610581,0.292713108412149,-5.69078274137233,7.47540998609706,4.49422399275843,-1.20605088997658,1.18296503483635,-0.223358583668783,-1.22856230182468,25.3784644398048,20,1,"normal",50
"1571",1.7440133825,0.474555555709979,0,1.30178143730181,80,0.00168279162766226,7.47540998609706,89.4986903988282,-1.20605088997658,3.26403785522489,0.799827992610581,0.292713108412149,-5.69078274137233,7.47540998609706,4.49422399275843,-1.20605088997658,1.18296503483635,-0.223358583668783,-1.22856230182468,25.3784644398048,20,1,"normal",51
"1572",2.52024,0.477997806014274,0,3.52249129417273,80,0.00168279162766226,7.47540998609706,89.4986903988282,-1.20605088997658,3.26403785522489,0.799827992610581,0.292713108412149,-5.69078274137233,7.47540998609706,4.49422399275843,-1.20605088997658,1.18296503483635,-0.223358583668783,-1.22856230182468,25.3784644398048,20,1,"normal",52
"1573",1.3834981191,0.472957451050375,1,0.470908801725473,80,0.00168279162766226,7.47540998609706,89.4986903988282,-1.20605088997658,3.26403785522489,0.799827992610581,0.292713108412149,-5.69078274137233,7.47540998609706,4.49422399275843,-1.20605088997658,1.18296503483635,-0.223358583668783,-1.22856230182468,25.3784644398048,20,1,"normal",53
"1574",-26.67507,0.351888409317159,0,1.1935873279663,80,0.00168279162766226,7.47540998609706,89.4986903988282,-1.20605088997658,3.26403785522489,0.799827992610581,0.292713108412149,-5.69078274137233,7.47540998609706,4.49422399275843,-1.20605088997658,1.18296503483635,-0.223358583668783,-1.22856230182468,25.3784644398048,20,1,"normal",54
"1575",40.87278,0.644995835011497,0,0.959318197543994,80,0.00168279162766226,7.47540998609706,89.4986903988282,-1.20605088997658,3.26403785522489,0.799827992610581,0.292713108412149,-5.69078274137233,7.47540998609706,4.49422399275843,-1.20605088997658,1.18296503483635,-0.223358583668783,-1.22856230182468,25.3784644398048,20,1,"normal",55
"1576",1.7196308048,0.474447458478145,0,1.64563316549606,80,0.00168279162766226,7.47540998609706,89.4986903988282,-1.20605088997658,3.26403785522489,0.799827992610581,0.292713108412149,-5.69078274137233,7.47540998609706,4.49422399275843,-1.20605088997658,1.18296503483635,-0.223358583668783,-1.22856230182468,25.3784644398048,20,1,"normal",56
"1577",-38.12707,0.305845207575198,0,1.63455531444029,80,0.00168279162766226,7.47540998609706,89.4986903988282,-1.20605088997658,3.26403785522489,0.799827992610581,0.292713108412149,-5.69078274137233,7.47540998609706,4.49422399275843,-1.20605088997658,1.18296503483635,-0.223358583668783,-1.22856230182468,25.3784644398048,20,1,"normal",57
"1578",-3.3702,0.451935840564387,0,0.480612676113353,80,0.00168279162766226,7.47540998609706,89.4986903988282,-1.20605088997658,3.26403785522489,0.799827992610581,0.292713108412149,-5.69078274137233,7.47540998609706,4.49422399275843,-1.20605088997658,1.18296503483635,-0.223358583668783,-1.22856230182468,25.3784644398048,20,1,"normal",58
"1579",3.6670427742,0.483086361774655,1,0.827839062436973,80,0.00168279162766226,7.47540998609706,89.4986903988282,-1.20605088997658,3.26403785522489,0.799827992610581,0.292713108412149,-5.69078274137233,7.47540998609706,4.49422399275843,-1.20605088997658,1.18296503483635,-0.223358583668783,-1.22856230182468,25.3784644398048,20,1,"normal",59
"1580",4.2748177164,0.485784339015356,0,5.95971503252904,80,0.00168279162766226,7.47540998609706,89.4986903988282,-1.20605088997658,3.26403785522489,0.799827992610581,0.292713108412149,-5.69078274137233,7.47540998609706,4.49422399275843,-1.20605088997658,1.18296503483635,-0.223358583668783,-1.22856230182468,25.3784644398048,20,1,"normal",60
"1581",-25.1647,0.358146969966138,0,0.726986429970224,80,0.00168279162766226,7.47540998609706,89.4986903988282,-1.20605088997658,3.26403785522489,0.799827992610581,0.292713108412149,-5.69078274137233,7.47540998609706,4.49422399275843,-1.20605088997658,1.18296503483635,-0.223358583668783,-1.22856230182468,25.3784644398048,20,1,"normal",61
"1582",4.534680347727,0.486938103938127,0,1.63836220935888,80,0.00168279162766226,7.47540998609706,89.4986903988282,-1.20605088997658,3.26403785522489,0.799827992610581,0.292713108412149,-5.69078274137233,7.47540998609706,4.49422399275843,-1.20605088997658,1.18296503483635,-0.223358583668783,-1.22856230182468,25.3784644398048,20,1,"normal",62
"1583",39.37252,0.638759966150932,1,0.7170292687845,80,0.00168279162766226,7.47540998609706,89.4986903988282,-1.20605088997658,3.26403785522489,0.799827992610581,0.292713108412149,-5.69078274137233,7.47540998609706,4.49422399275843,-1.20605088997658,1.18296503483635,-0.223358583668783,-1.22856230182468,25.3784644398048,20,1,"normal",63
"1584",6.4501829173,0.49544550916962,1,0.611353643013348,80,0.00168279162766226,7.47540998609706,89.4986903988282,-1.20605088997658,3.26403785522489,0.799827992610581,0.292713108412149,-5.69078274137233,7.47540998609706,4.49422399275843,-1.20605088997658,1.18296503483635,-0.223358583668783,-1.22856230182468,25.3784644398048,20,1,"normal",64
"1585",4.5262604785,0.486900718756007,1,1.00408872650672,80,0.00168279162766226,7.47540998609706,89.4986903988282,-1.20605088997658,3.26403785522489,0.799827992610581,0.292713108412149,-5.69078274137233,7.47540998609706,4.49422399275843,-1.20605088997658,1.18296503483635,-0.223358583668783,-1.22856230182468,25.3784644398048,20,1,"normal",65
"1586",11.65837,0.518576114920292,1,1.50327558720182,80,0.00168279162766226,7.47540998609706,89.4986903988282,-1.20605088997658,3.26403785522489,0.799827992610581,0.292713108412149,-5.69078274137233,7.47540998609706,4.49422399275843,-1.20605088997658,1.18296503483635,-0.223358583668783,-1.22856230182468,25.3784644398048,20,1,"normal",66
"1587",-25.07061,0.358538147692523,0,1.8568434362995,80,0.00168279162766226,7.47540998609706,89.4986903988282,-1.20605088997658,3.26403785522489,0.799827992610581,0.292713108412149,-5.69078274137233,7.47540998609706,4.49422399275843,-1.20605088997658,1.18296503483635,-0.223358583668783,-1.22856230182468,25.3784644398048,20,1,"normal",67
"1588",0.43312965442,0.468746791674406,1,0.913519548532835,80,0.00168279162766226,7.47540998609706,89.4986903988282,-1.20605088997658,3.26403785522489,0.799827992610581,0.292713108412149,-5.69078274137233,7.47540998609706,4.49422399275843,-1.20605088997658,1.18296503483635,-0.223358583668783,-1.22856230182468,25.3784644398048,20,1,"normal",68
"1589",-2.21587,0.457030296731436,0,1.45068377458121,80,0.00168279162766226,7.47540998609706,89.4986903988282,-1.20605088997658,3.26403785522489,0.799827992610581,0.292713108412149,-5.69078274137233,7.47540998609706,4.49422399275843,-1.20605088997658,1.18296503483635,-0.223358583668783,-1.22856230182468,25.3784644398048,20,1,"normal",69
"1590",4.6891513634,0.487623993079552,1,0.622536089918589,80,0.00168279162766226,7.47540998609706,89.4986903988282,-1.20605088997658,3.26403785522489,0.799827992610581,0.292713108412149,-5.69078274137233,7.47540998609706,4.49422399275843,-1.20605088997658,1.18296503483635,-0.223358583668783,-1.22856230182468,25.3784644398048,20,1,"normal",70
"1591",7.287321,0.499164411774519,0,0.741124392333565,80,0.00168279162766226,7.47540998609706,89.4986903988282,-1.20605088997658,3.26403785522489,0.799827992610581,0.292713108412149,-5.69078274137233,7.47540998609706,4.49422399275843,-1.20605088997658,1.18296503483635,-0.223358583668783,-1.22856230182468,25.3784644398048,20,1,"normal",71
"1592",5.53103,0.491362734975082,1,1.21949621906046,80,0.00168279162766226,7.47540998609706,89.4986903988282,-1.20605088997658,3.26403785522489,0.799827992610581,0.292713108412149,-5.69078274137233,7.47540998609706,4.49422399275843,-1.20605088997658,1.18296503483635,-0.223358583668783,-1.22856230182468,25.3784644398048,20,1,"normal",72
"1593",18.67788,0.549637534593951,1,1.13551653158824,80,0.00168279162766226,7.47540998609706,89.4986903988282,-1.20605088997658,3.26403785522489,0.799827992610581,0.292713108412149,-5.69078274137233,7.47540998609706,4.49422399275843,-1.20605088997658,1.18296503483635,-0.223358583668783,-1.22856230182468,25.3784644398048,20,1,"normal",73
"1594",42.7953,0.65292979251793,0,8,80,0.00168279162766226,7.47540998609706,89.4986903988282,-1.20605088997658,3.26403785522489,0.799827992610581,0.292713108412149,-5.69078274137233,7.47540998609706,4.49422399275843,-1.20605088997658,1.18296503483635,-0.223358583668783,-1.22856230182468,25.3784644398048,20,1,"normal",74
"1595",-16.07117,0.396588230768689,1,1.4063776393134,80,0.00168279162766226,7.47540998609706,89.4986903988282,-1.20605088997658,3.26403785522489,0.799827992610581,0.292713108412149,-5.69078274137233,7.47540998609706,4.49422399275843,-1.20605088997658,1.18296503483635,-0.223358583668783,-1.22856230182468,25.3784644398048,20,1,"normal",75
"1596",3.20891220515,0.481053180241842,1,0.737153324154786,80,0.00168279162766226,7.47540998609706,89.4986903988282,-1.20605088997658,3.26403785522489,0.799827992610581,0.292713108412149,-5.69078274137233,7.47540998609706,4.49422399275843,-1.20605088997658,1.18296503483635,-0.223358583668783,-1.22856230182468,25.3784644398048,20,1,"normal",76
"1597",1.7959654633,0.474785885305012,1,0.775171497241348,80,0.00168279162766226,7.47540998609706,89.4986903988282,-1.20605088997658,3.26403785522489,0.799827992610581,0.292713108412149,-5.69078274137233,7.47540998609706,4.49422399275843,-1.20605088997658,1.18296503483635,-0.223358583668783,-1.22856230182468,25.3784644398048,20,1,"normal",77
"1598",1.79865,0.474797787431993,0,2.17200173560601,80,0.00168279162766226,7.47540998609706,89.4986903988282,-1.20605088997658,3.26403785522489,0.799827992610581,0.292713108412149,-5.69078274137233,7.47540998609706,4.49422399275843,-1.20605088997658,1.18296503483635,-0.223358583668783,-1.22856230182468,25.3784644398048,20,1,"normal",78
"1599",1.42723956994,0.473151326843004,1,0.916194932580319,80,0.00168279162766226,7.47540998609706,89.4986903988282,-1.20605088997658,3.26403785522489,0.799827992610581,0.292713108412149,-5.69078274137233,7.47540998609706,4.49422399275843,-1.20605088997658,1.18296503483635,-0.223358583668783,-1.22856230182468,25.3784644398048,20,1,"normal",79
"1600",0.126510000000001,0.467389024168305,0,0.563231586713669,80,0.00168279162766226,7.47540998609706,89.4986903988282,-1.20605088997658,3.26403785522489,0.799827992610581,0.292713108412149,-5.69078274137233,7.47540998609706,4.49422399275843,-1.20605088997658,1.18296503483635,-0.223358583668783,-1.22856230182468,25.3784644398048,20,1,"normal",80
"1601",8.166927653,0.504818785615612,1,1.01575857211349,80,0.00190414798885893,7.91022082520579,21.1710383774258,-2.70642000390483,4.40261573261005,0.298334693595079,0.887190230587527,-5.56675787383212,7.91022082520579,3.05263413342078,-2.70642000390483,1.4821988489723,-1.20953928984921,-0.11969585451751,149.434595484175,21,1,"normal",1
"1602",-4.8995077371,0.273435999147106,0,1.02807918537456,80,0.00190414798885893,7.91022082520579,21.1710383774258,-2.70642000390483,4.40261573261005,0.298334693595079,0.887190230587527,-5.56675787383212,7.91022082520579,3.05263413342078,-2.70642000390483,1.4821988489723,-1.20953928984921,-0.11969585451751,149.434595484175,21,1,"normal",2
"1603",2.2550420668,0.395089967914872,0,1.12630852652691,80,0.00190414798885893,7.91022082520579,21.1710383774258,-2.70642000390483,4.40261573261005,0.298334693595079,0.887190230587527,-5.56675787383212,7.91022082520579,3.05263413342078,-2.70642000390483,1.4821988489723,-1.20953928984921,-0.11969585451751,149.434595484175,21,1,"normal",3
"1604",6.46247170484,0.472844002466458,1,1.03601670698082,80,0.00190414798885893,7.91022082520579,21.1710383774258,-2.70642000390483,4.40261573261005,0.298334693595079,0.887190230587527,-5.56675787383212,7.91022082520579,3.05263413342078,-2.70642000390483,1.4821988489723,-1.20953928984921,-0.11969585451751,149.434595484175,21,1,"normal",4
"1605",-3.4939,0.295839109455154,0,1.02914310379835,80,0.00190414798885893,7.91022082520579,21.1710383774258,-2.70642000390483,4.40261573261005,0.298334693595079,0.887190230587527,-5.56675787383212,7.91022082520579,3.05263413342078,-2.70642000390483,1.4821988489723,-1.20953928984921,-0.11969585451751,149.434595484175,21,1,"normal",5
"1606",9.04866,0.521360499282274,1,1.20530173787047,80,0.00190414798885893,7.91022082520579,21.1710383774258,-2.70642000390483,4.40261573261005,0.298334693595079,0.887190230587527,-5.56675787383212,7.91022082520579,3.05263413342078,-2.70642000390483,1.4821988489723,-1.20953928984921,-0.11969585451751,149.434595484175,21,1,"normal",6
"1607",-2.05092,0.319685411849251,0,1.03035552246648,80,0.00190414798885893,7.91022082520579,21.1710383774258,-2.70642000390483,4.40261573261005,0.298334693595079,0.887190230587527,-5.56675787383212,7.91022082520579,3.05263413342078,-2.70642000390483,1.4821988489723,-1.20953928984921,-0.11969585451751,149.434595484175,21,1,"normal",7
"1608",12.72997,0.589700893439674,1,1.15404884205576,80,0.00190414798885893,7.91022082520579,21.1710383774258,-2.70642000390483,4.40261573261005,0.298334693595079,0.887190230587527,-5.56675787383212,7.91022082520579,3.05263413342078,-2.70642000390483,1.4821988489723,-1.20953928984921,-0.11969585451751,149.434595484175,21,1,"normal",8
"1609",5.275175,0.450662305842031,1,1.17412442069735,80,0.00190414798885893,7.91022082520579,21.1710383774258,-2.70642000390483,4.40261573261005,0.298334693595079,0.887190230587527,-5.56675787383212,7.91022082520579,3.05263413342078,-2.70642000390483,1.4821988489723,-1.20953928984921,-0.11969585451751,149.434595484175,21,1,"normal",9
"1610",6.11508,0.466341931486738,1,1.02152512768473,80,0.00190414798885893,7.91022082520579,21.1710383774258,-2.70642000390483,4.40261573261005,0.298334693595079,0.887190230587527,-5.56675787383212,7.91022082520579,3.05263413342078,-2.70642000390483,1.4821988489723,-1.20953928984921,-0.11969585451751,149.434595484175,21,1,"normal",10
"1611",-1.15274,0.334926412597739,0,1.01426721521188,80,0.00190414798885893,7.91022082520579,21.1710383774258,-2.70642000390483,4.40261573261005,0.298334693595079,0.887190230587527,-5.56675787383212,7.91022082520579,3.05263413342078,-2.70642000390483,1.4821988489723,-1.20953928984921,-0.11969585451751,149.434595484175,21,1,"normal",11
"1612",9.52569,0.530296203983781,1,1.11950343147572,80,0.00190414798885893,7.91022082520579,21.1710383774258,-2.70642000390483,4.40261573261005,0.298334693595079,0.887190230587527,-5.56675787383212,7.91022082520579,3.05263413342078,-2.70642000390483,1.4821988489723,-1.20953928984921,-0.11969585451751,149.434595484175,21,1,"normal",12
"1613",-0.34539,0.348865148134688,0,1.11662015320147,80,0.00190414798885893,7.91022082520579,21.1710383774258,-2.70642000390483,4.40261573261005,0.298334693595079,0.887190230587527,-5.56675787383212,7.91022082520579,3.05263413342078,-2.70642000390483,1.4821988489723,-1.20953928984921,-0.11969585451751,149.434595484175,21,1,"normal",13
"1614",0.39745,0.361874984206389,0,1.07713209038766,80,0.00190414798885893,7.91022082520579,21.1710383774258,-2.70642000390483,4.40261573261005,0.298334693595079,0.887190230587527,-5.56675787383212,7.91022082520579,3.05263413342078,-2.70642000390483,1.4821988489723,-1.20953928984921,-0.11969585451751,149.434595484175,21,1,"normal",14
"1615",-0.16582,0.351994385203412,1,1.03625500050249,80,0.00190414798885893,7.91022082520579,21.1710383774258,-2.70642000390483,4.40261573261005,0.298334693595079,0.887190230587527,-5.56675787383212,7.91022082520579,3.05263413342078,-2.70642000390483,1.4821988489723,-1.20953928984921,-0.11969585451751,149.434595484175,21,1,"normal",15
"1616",2.93653,0.407485590363277,0,1.03968876440161,80,0.00190414798885893,7.91022082520579,21.1710383774258,-2.70642000390483,4.40261573261005,0.298334693595079,0.887190230587527,-5.56675787383212,7.91022082520579,3.05263413342078,-2.70642000390483,1.4821988489723,-1.20953928984921,-0.11969585451751,149.434595484175,21,1,"normal",16
"1617",0.72629,0.367687055096557,0,1.08484841539087,80,0.00190414798885893,7.91022082520579,21.1710383774258,-2.70642000390483,4.40261573261005,0.298334693595079,0.887190230587527,-5.56675787383212,7.91022082520579,3.05263413342078,-2.70642000390483,1.4821988489723,-1.20953928984921,-0.11969585451751,149.434595484175,21,1,"normal",17
"1618",6.05337,0.465187811771037,0,1.05243482256908,80,0.00190414798885893,7.91022082520579,21.1710383774258,-2.70642000390483,4.40261573261005,0.298334693595079,0.887190230587527,-5.56675787383212,7.91022082520579,3.05263413342078,-2.70642000390483,1.4821988489723,-1.20953928984921,-0.11969585451751,149.434595484175,21,1,"normal",18
"1619",12.99807,0.594597732808517,1,1.02598325287646,80,0.00190414798885893,7.91022082520579,21.1710383774258,-2.70642000390483,4.40261573261005,0.298334693595079,0.887190230587527,-5.56675787383212,7.91022082520579,3.05263413342078,-2.70642000390483,1.4821988489723,-1.20953928984921,-0.11969585451751,149.434595484175,21,1,"normal",19
"1620",-2.42468,0.313430702987607,1,1.08617386648166,80,0.00190414798885893,7.91022082520579,21.1710383774258,-2.70642000390483,4.40261573261005,0.298334693595079,0.887190230587527,-5.56675787383212,7.91022082520579,3.05263413342078,-2.70642000390483,1.4821988489723,-1.20953928984921,-0.11969585451751,149.434595484175,21,1,"normal",20
"1621",13.23582,0.598927805073136,1,1.09058549472862,80,0.00190414798885893,7.91022082520579,21.1710383774258,-2.70642000390483,4.40261573261005,0.298334693595079,0.887190230587527,-5.56675787383212,7.91022082520579,3.05263413342078,-2.70642000390483,1.4821988489723,-1.20953928984921,-0.11969585451751,149.434595484175,21,1,"normal",21
"1622",3.9183283102,0.42550581658449,0,1.16768500277071,80,0.00190414798885893,7.91022082520579,21.1710383774258,-2.70642000390483,4.40261573261005,0.298334693595079,0.887190230587527,-5.56675787383212,7.91022082520579,3.05263413342078,-2.70642000390483,1.4821988489723,-1.20953928984921,-0.11969585451751,149.434595484175,21,1,"normal",22
"1623",-4.26458,0.283450266895586,1,1.0225637688486,80,0.00190414798885893,7.91022082520579,21.1710383774258,-2.70642000390483,4.40261573261005,0.298334693595079,0.887190230587527,-5.56675787383212,7.91022082520579,3.05263413342078,-2.70642000390483,1.4821988489723,-1.20953928984921,-0.11969585451751,149.434595484175,21,1,"normal",23
"1624",7.90585,0.499917950816617,1,1.10098916110448,80,0.00190414798885893,7.91022082520579,21.1710383774258,-2.70642000390483,4.40261573261005,0.298334693595079,0.887190230587527,-5.56675787383212,7.91022082520579,3.05263413342078,-2.70642000390483,1.4821988489723,-1.20953928984921,-0.11969585451751,149.434595484175,21,1,"normal",24
"1625",-7.1935,0.238793278940689,0,1.00095752812272,80,0.00190414798885893,7.91022082520579,21.1710383774258,-2.70642000390483,4.40261573261005,0.298334693595079,0.887190230587527,-5.56675787383212,7.91022082520579,3.05263413342078,-2.70642000390483,1.4821988489723,-1.20953928984921,-0.11969585451751,149.434595484175,21,1,"normal",25
"1626",13.68039,0.606991459927936,0,1.02800941061419,80,0.00190414798885893,7.91022082520579,21.1710383774258,-2.70642000390483,4.40261573261005,0.298334693595079,0.887190230587527,-5.56675787383212,7.91022082520579,3.05263413342078,-2.70642000390483,1.4821988489723,-1.20953928984921,-0.11969585451751,149.434595484175,21,1,"normal",26
"1627",-0.00651000000000046,0.354779061343406,0,1.05975375961068,80,0.00190414798885893,7.91022082520579,21.1710383774258,-2.70642000390483,4.40261573261005,0.298334693595079,0.887190230587527,-5.56675787383212,7.91022082520579,3.05263413342078,-2.70642000390483,1.4821988489723,-1.20953928984921,-0.11969585451751,149.434595484175,21,1,"normal",27
"1628",-1.09962,0.335836762549217,1,1.10895213493997,80,0.00190414798885893,7.91022082520579,21.1710383774258,-2.70642000390483,4.40261573261005,0.298334693595079,0.887190230587527,-5.56675787383212,7.91022082520579,3.05263413342078,-2.70642000390483,1.4821988489723,-1.20953928984921,-0.11969585451751,149.434595484175,21,1,"normal",28
"1629",3.70047,0.421492200300221,1,1.14687597797381,80,0.00190414798885893,7.91022082520579,21.1710383774258,-2.70642000390483,4.40261573261005,0.298334693595079,0.887190230587527,-5.56675787383212,7.91022082520579,3.05263413342078,-2.70642000390483,1.4821988489723,-1.20953928984921,-0.11969585451751,149.434595484175,21,1,"normal",29
"1630",2.56116,0.40064554848734,0,1.11792110239643,80,0.00190414798885893,7.91022082520579,21.1710383774258,-2.70642000390483,4.40261573261005,0.298334693595079,0.887190230587527,-5.56675787383212,7.91022082520579,3.05263413342078,-2.70642000390483,1.4821988489723,-1.20953928984921,-0.11969585451751,149.434595484175,21,1,"normal",30
"1631",5.90596,0.462432116134498,0,1.09775618506623,80,0.00190414798885893,7.91022082520579,21.1710383774258,-2.70642000390483,4.40261573261005,0.298334693595079,0.887190230587527,-5.56675787383212,7.91022082520579,3.05263413342078,-2.70642000390483,1.4821988489723,-1.20953928984921,-0.11969585451751,149.434595484175,21,1,"normal",31
"1632",-3.038433,0.303276923739951,1,1.085570150303,80,0.00190414798885893,7.91022082520579,21.1710383774258,-2.70642000390483,4.40261573261005,0.298334693595079,0.887190230587527,-5.56675787383212,7.91022082520579,3.05263413342078,-2.70642000390483,1.4821988489723,-1.20953928984921,-0.11969585451751,149.434595484175,21,1,"normal",32
"1633",15.65628,0.642228962830344,1,1.10899932519249,80,0.00190414798885893,7.91022082520579,21.1710383774258,-2.70642000390483,4.40261573261005,0.298334693595079,0.887190230587527,-5.56675787383212,7.91022082520579,3.05263413342078,-2.70642000390483,1.4821988489723,-1.20953928984921,-0.11969585451751,149.434595484175,21,1,"normal",33
"1634",13.77065,0.608623091392498,0,1.22362155168056,80,0.00190414798885893,7.91022082520579,21.1710383774258,-2.70642000390483,4.40261573261005,0.298334693595079,0.887190230587527,-5.56675787383212,7.91022082520579,3.05263413342078,-2.70642000390483,1.4821988489723,-1.20953928984921,-0.11969585451751,149.434595484175,21,1,"normal",34
"1635",29.53418,0.845146512983044,1,0.980707519704037,80,0.00190414798885893,7.91022082520579,21.1710383774258,-2.70642000390483,4.40261573261005,0.298334693595079,0.887190230587527,-5.56675787383212,7.91022082520579,3.05263413342078,-2.70642000390483,1.4821988489723,-1.20953928984921,-0.11969585451751,149.434595484175,21,1,"normal",35
"1636",35.6958,0.903769486485378,1,0.948713137726892,80,0.00190414798885893,7.91022082520579,21.1710383774258,-2.70642000390483,4.40261573261005,0.298334693595079,0.887190230587527,-5.56675787383212,7.91022082520579,3.05263413342078,-2.70642000390483,1.4821988489723,-1.20953928984921,-0.11969585451751,149.434595484175,21,1,"normal",36
"1637",9.17436,0.523716342189711,1,1.16726001908661,80,0.00190414798885893,7.91022082520579,21.1710383774258,-2.70642000390483,4.40261573261005,0.298334693595079,0.887190230587527,-5.56675787383212,7.91022082520579,3.05263413342078,-2.70642000390483,1.4821988489723,-1.20953928984921,-0.11969585451751,149.434595484175,21,1,"normal",37
"1638",33.89454,0.888669040819502,1,0.975242288969409,80,0.00190414798885893,7.91022082520579,21.1710383774258,-2.70642000390483,4.40261573261005,0.298334693595079,0.887190230587527,-5.56675787383212,7.91022082520579,3.05263413342078,-2.70642000390483,1.4821988489723,-1.20953928984921,-0.11969585451751,149.434595484175,21,1,"normal",38
"1639",16.04816,0.649085427857013,1,1.00107210855829,80,0.00190414798885893,7.91022082520579,21.1710383774258,-2.70642000390483,4.40261573261005,0.298334693595079,0.887190230587527,-5.56675787383212,7.91022082520579,3.05263413342078,-2.70642000390483,1.4821988489723,-1.20953928984921,-0.11969585451751,149.434595484175,21,1,"normal",39
"1640",28.12713,0.828936565842472,1,1.03117331406564,80,0.00190414798885893,7.91022082520579,21.1710383774258,-2.70642000390483,4.40261573261005,0.298334693595079,0.887190230587527,-5.56675787383212,7.91022082520579,3.05263413342078,-2.70642000390483,1.4821988489723,-1.20953928984921,-0.11969585451751,149.434595484175,21,1,"normal",40
"1641",3.0493208722,0.409546551619827,0,1.09567342377867,80,0.00190414798885893,7.91022082520579,21.1710383774258,-2.70642000390483,4.40261573261005,0.298334693595079,0.887190230587527,-5.56675787383212,7.91022082520579,3.05263413342078,-2.70642000390483,1.4821988489723,-1.20953928984921,-0.11969585451751,149.434595484175,21,1,"normal",41
"1642",-24.37523,0.0652936224711096,0,1.00436462946057,80,0.00190414798885893,7.91022082520579,21.1710383774258,-2.70642000390483,4.40261573261005,0.298334693595079,0.887190230587527,-5.56675787383212,7.91022082520579,3.05263413342078,-2.70642000390483,1.4821988489723,-1.20953928984921,-0.11969585451751,149.434595484175,21,1,"normal",42
"1643",26.84765,0.813274366168951,0,1.08455478618846,80,0.00190414798885893,7.91022082520579,21.1710383774258,-2.70642000390483,4.40261573261005,0.298334693595079,0.887190230587527,-5.56675787383212,7.91022082520579,3.05263413342078,-2.70642000390483,1.4821988489723,-1.20953928984921,-0.11969585451751,149.434595484175,21,1,"normal",43
"1644",3.47217,0.417295026541983,1,1.05855633871625,80,0.00190414798885893,7.91022082520579,21.1710383774258,-2.70642000390483,4.40261573261005,0.298334693595079,0.887190230587527,-5.56675787383212,7.91022082520579,3.05263413342078,-2.70642000390483,1.4821988489723,-1.20953928984921,-0.11969585451751,149.434595484175,21,1,"normal",44
"1645",-0.63087,0.343911641871485,1,0.977136765043282,80,0.00190414798885893,7.91022082520579,21.1710383774258,-2.70642000390483,4.40261573261005,0.298334693595079,0.887190230587527,-5.56675787383212,7.91022082520579,3.05263413342078,-2.70642000390483,1.4821988489723,-1.20953928984921,-0.11969585451751,149.434595484175,21,1,"normal",45
"1646",-1.92759,0.321760807309534,0,1.02575669410377,80,0.00190414798885893,7.91022082520579,21.1710383774258,-2.70642000390483,4.40261573261005,0.298334693595079,0.887190230587527,-5.56675787383212,7.91022082520579,3.05263413342078,-2.70642000390483,1.4821988489723,-1.20953928984921,-0.11969585451751,149.434595484175,21,1,"normal",46
"1647",12.170854,0.579444041346216,1,1.0646284962065,80,0.00190414798885893,7.91022082520579,21.1710383774258,-2.70642000390483,4.40261573261005,0.298334693595079,0.887190230587527,-5.56675787383212,7.91022082520579,3.05263413342078,-2.70642000390483,1.4821988489723,-1.20953928984921,-0.11969585451751,149.434595484175,21,1,"normal",47
"1648",30.06062,0.850937787280802,0,1.03164599573579,80,0.00190414798885893,7.91022082520579,21.1710383774258,-2.70642000390483,4.40261573261005,0.298334693595079,0.887190230587527,-5.56675787383212,7.91022082520579,3.05263413342078,-2.70642000390483,1.4821988489723,-1.20953928984921,-0.11969585451751,149.434595484175,21,1,"normal",48
"1649",-11.40338,0.182030126152766,0,1.07143879880556,80,0.00190414798885893,7.91022082520579,21.1710383774258,-2.70642000390483,4.40261573261005,0.298334693595079,0.887190230587527,-5.56675787383212,7.91022082520579,3.05263413342078,-2.70642000390483,1.4821988489723,-1.20953928984921,-0.11969585451751,149.434595484175,21,1,"normal",49
"1650",0.63933,0.366147045629547,0,1.11905093277231,80,0.00190414798885893,7.91022082520579,21.1710383774258,-2.70642000390483,4.40261573261005,0.298334693595079,0.887190230587527,-5.56675787383212,7.91022082520579,3.05263413342078,-2.70642000390483,1.4821988489723,-1.20953928984921,-0.11969585451751,149.434595484175,21,1,"normal",50
"1651",11.96583,0.575668863938534,1,1.03305931845196,80,0.00190414798885893,7.91022082520579,21.1710383774258,-2.70642000390483,4.40261573261005,0.298334693595079,0.887190230587527,-5.56675787383212,7.91022082520579,3.05263413342078,-2.70642000390483,1.4821988489723,-1.20953928984921,-0.11969585451751,149.434595484175,21,1,"normal",51
"1652",-5.88247,0.25828958038188,1,1.05112360013412,80,0.00190414798885893,7.91022082520579,21.1710383774258,-2.70642000390483,4.40261573261005,0.298334693595079,0.887190230587527,-5.56675787383212,7.91022082520579,3.05263413342078,-2.70642000390483,1.4821988489723,-1.20953928984921,-0.11969585451751,149.434595484175,21,1,"normal",52
"1653",45.77435,0.961387455885446,1,0.921863819541135,80,0.00190414798885893,7.91022082520579,21.1710383774258,-2.70642000390483,4.40261573261005,0.298334693595079,0.887190230587527,-5.56675787383212,7.91022082520579,3.05263413342078,-2.70642000390483,1.4821988489723,-1.20953928984921,-0.11969585451751,149.434595484175,21,1,"normal",53
"1654",7.13703,0.485488878299584,0,1.07472627123813,80,0.00190414798885893,7.91022082520579,21.1710383774258,-2.70642000390483,4.40261573261005,0.298334693595079,0.887190230587527,-5.56675787383212,7.91022082520579,3.05263413342078,-2.70642000390483,1.4821988489723,-1.20953928984921,-0.11969585451751,149.434595484175,21,1,"normal",54
"1655",1.39335,0.379570005269553,1,1.02031003321405,80,0.00190414798885893,7.91022082520579,21.1710383774258,-2.70642000390483,4.40261573261005,0.298334693595079,0.887190230587527,-5.56675787383212,7.91022082520579,3.05263413342078,-2.70642000390483,1.4821988489723,-1.20953928984921,-0.11969585451751,149.434595484175,21,1,"normal",55
"1656",-11.48932,0.18096797789053,1,1.04515403392922,80,0.00190414798885893,7.91022082520579,21.1710383774258,-2.70642000390483,4.40261573261005,0.298334693595079,0.887190230587527,-5.56675787383212,7.91022082520579,3.05263413342078,-2.70642000390483,1.4821988489723,-1.20953928984921,-0.11969585451751,149.434595484175,21,1,"normal",56
"1657",0.9773721636,0.372145542455932,1,1.07860707172052,80,0.00190414798885893,7.91022082520579,21.1710383774258,-2.70642000390483,4.40261573261005,0.298334693595079,0.887190230587527,-5.56675787383212,7.91022082520579,3.05263413342078,-2.70642000390483,1.4821988489723,-1.20953928984921,-0.11969585451751,149.434595484175,21,1,"normal",57
"1658",-0.0764508191,0.353555549067359,1,1.17254840494403,80,0.00190414798885893,7.91022082520579,21.1710383774258,-2.70642000390483,4.40261573261005,0.298334693595079,0.887190230587527,-5.56675787383212,7.91022082520579,3.05263413342078,-2.70642000390483,1.4821988489723,-1.20953928984921,-0.11969585451751,149.434595484175,21,1,"normal",58
"1659",12.75047,0.590075834016273,0,1.05807845569857,80,0.00190414798885893,7.91022082520579,21.1710383774258,-2.70642000390483,4.40261573261005,0.298334693595079,0.887190230587527,-5.56675787383212,7.91022082520579,3.05263413342078,-2.70642000390483,1.4821988489723,-1.20953928984921,-0.11969585451751,149.434595484175,21,1,"normal",59
"1660",-0.83447,0.340395250137405,1,1.02344444421112,80,0.00190414798885893,7.91022082520579,21.1710383774258,-2.70642000390483,4.40261573261005,0.298334693595079,0.887190230587527,-5.56675787383212,7.91022082520579,3.05263413342078,-2.70642000390483,1.4821988489723,-1.20953928984921,-0.11969585451751,149.434595484175,21,1,"normal",60
"1661",23.19297,0.763804480133969,1,1.00063120510469,80,0.00190414798885893,7.91022082520579,21.1710383774258,-2.70642000390483,4.40261573261005,0.298334693595079,0.887190230587527,-5.56675787383212,7.91022082520579,3.05263413342078,-2.70642000390483,1.4821988489723,-1.20953928984921,-0.11969585451751,149.434595484175,21,1,"normal",61
"1662",-24.63416,0.0637882374259526,0,0.935530028539407,80,0.00190414798885893,7.91022082520579,21.1710383774258,-2.70642000390483,4.40261573261005,0.298334693595079,0.887190230587527,-5.56675787383212,7.91022082520579,3.05263413342078,-2.70642000390483,1.4821988489723,-1.20953928984921,-0.11969585451751,149.434595484175,21,1,"normal",62
"1663",-26.35149,0.0544989151384511,1,0.943648913204979,80,0.00190414798885893,7.91022082520579,21.1710383774258,-2.70642000390483,4.40261573261005,0.298334693595079,0.887190230587527,-5.56675787383212,7.91022082520579,3.05263413342078,-2.70642000390483,1.4821988489723,-1.20953928984921,-0.11969585451751,149.434595484175,21,1,"normal",63
"1664",13.84789,0.610017833087065,1,1.07819887597977,80,0.00190414798885893,7.91022082520579,21.1710383774258,-2.70642000390483,4.40261573261005,0.298334693595079,0.887190230587527,-5.56675787383212,7.91022082520579,3.05263413342078,-2.70642000390483,1.4821988489723,-1.20953928984921,-0.11969585451751,149.434595484175,21,1,"normal",64
"1665",-3.99300984461,0.287787095775296,0,1.07271070695688,80,0.00190414798885893,7.91022082520579,21.1710383774258,-2.70642000390483,4.40261573261005,0.298334693595079,0.887190230587527,-5.56675787383212,7.91022082520579,3.05263413342078,-2.70642000390483,1.4821988489723,-1.20953928984921,-0.11969585451751,149.434595484175,21,1,"normal",65
"1666",-1.0827191883,0.336126606275135,0,1.0824865366053,80,0.00190414798885893,7.91022082520579,21.1710383774258,-2.70642000390483,4.40261573261005,0.298334693595079,0.887190230587527,-5.56675787383212,7.91022082520579,3.05263413342078,-2.70642000390483,1.4821988489723,-1.20953928984921,-0.11969585451751,149.434595484175,21,1,"normal",66
"1667",-2.23328526412,0.316626998028325,1,0.992476069616195,80,0.00190414798885893,7.91022082520579,21.1710383774258,-2.70642000390483,4.40261573261005,0.298334693595079,0.887190230587527,-5.56675787383212,7.91022082520579,3.05263413342078,-2.70642000390483,1.4821988489723,-1.20953928984921,-0.11969585451751,149.434595484175,21,1,"normal",67
"1668",-2.57565511576,0.310919336387673,0,1.08994921530202,80,0.00190414798885893,7.91022082520579,21.1710383774258,-2.70642000390483,4.40261573261005,0.298334693595079,0.887190230587527,-5.56675787383212,7.91022082520579,3.05263413342078,-2.70642000390483,1.4821988489723,-1.20953928984921,-0.11969585451751,149.434595484175,21,1,"normal",68
"1669",-27.77223,0.0476812963231875,0,0.949746314957677,80,0.00190414798885893,7.91022082520579,21.1710383774258,-2.70642000390483,4.40261573261005,0.298334693595079,0.887190230587527,-5.56675787383212,7.91022082520579,3.05263413342078,-2.70642000390483,1.4821988489723,-1.20953928984921,-0.11969585451751,149.434595484175,21,1,"normal",69
"1670",10.7401,0.552964759404078,1,1.02189813646312,80,0.00190414798885893,7.91022082520579,21.1710383774258,-2.70642000390483,4.40261573261005,0.298334693595079,0.887190230587527,-5.56675787383212,7.91022082520579,3.05263413342078,-2.70642000390483,1.4821988489723,-1.20953928984921,-0.11969585451751,149.434595484175,21,1,"normal",70
"1671",-0.44457,0.347141227061598,0,1.04073363128812,80,0.00190414798885893,7.91022082520579,21.1710383774258,-2.70642000390483,4.40261573261005,0.298334693595079,0.887190230587527,-5.56675787383212,7.91022082520579,3.05263413342078,-2.70642000390483,1.4821988489723,-1.20953928984921,-0.11969585451751,149.434595484175,21,1,"normal",71
"1672",-18.43194,0.108200738011512,0,1.08385291572224,80,0.00190414798885893,7.91022082520579,21.1710383774258,-2.70642000390483,4.40261573261005,0.298334693595079,0.887190230587527,-5.56675787383212,7.91022082520579,3.05263413342078,-2.70642000390483,1.4821988489723,-1.20953928984921,-0.11969585451751,149.434595484175,21,1,"normal",72
"1673",23.59806,0.769623974817643,0,1.02625498795491,80,0.00190414798885893,7.91022082520579,21.1710383774258,-2.70642000390483,4.40261573261005,0.298334693595079,0.887190230587527,-5.56675787383212,7.91022082520579,3.05263413342078,-2.70642000390483,1.4821988489723,-1.20953928984921,-0.11969585451751,149.434595484175,21,1,"normal",73
"1674",1.8430308818,0.387646588540846,0,1.04606120166343,80,0.00190414798885893,7.91022082520579,21.1710383774258,-2.70642000390483,4.40261573261005,0.298334693595079,0.887190230587527,-5.56675787383212,7.91022082520579,3.05263413342078,-2.70642000390483,1.4821988489723,-1.20953928984921,-0.11969585451751,149.434595484175,21,1,"normal",74
"1675",-7.97238,0.227607198295708,0,1.0489366634451,80,0.00190414798885893,7.91022082520579,21.1710383774258,-2.70642000390483,4.40261573261005,0.298334693595079,0.887190230587527,-5.56675787383212,7.91022082520579,3.05263413342078,-2.70642000390483,1.4821988489723,-1.20953928984921,-0.11969585451751,149.434595484175,21,1,"normal",75
"1676",-6.86181,0.243647678287758,0,1.07642135678717,80,0.00190414798885893,7.91022082520579,21.1710383774258,-2.70642000390483,4.40261573261005,0.298334693595079,0.887190230587527,-5.56675787383212,7.91022082520579,3.05263413342078,-2.70642000390483,1.4821988489723,-1.20953928984921,-0.11969585451751,149.434595484175,21,1,"normal",76
"1677",-2.6656,0.309427368285621,0,1.15646880714029,80,0.00190414798885893,7.91022082520579,21.1710383774258,-2.70642000390483,4.40261573261005,0.298334693595079,0.887190230587527,-5.56675787383212,7.91022082520579,3.05263413342078,-2.70642000390483,1.4821988489723,-1.20953928984921,-0.11969585451751,149.434595484175,21,1,"normal",77
"1678",8.38892,0.508985381086594,1,1.02154510822719,80,0.00190414798885893,7.91022082520579,21.1710383774258,-2.70642000390483,4.40261573261005,0.298334693595079,0.887190230587527,-5.56675787383212,7.91022082520579,3.05263413342078,-2.70642000390483,1.4821988489723,-1.20953928984921,-0.11969585451751,149.434595484175,21,1,"normal",78
"1679",-17.21221,0.119140517759349,0,0.996783713970134,80,0.00190414798885893,7.91022082520579,21.1710383774258,-2.70642000390483,4.40261573261005,0.298334693595079,0.887190230587527,-5.56675787383212,7.91022082520579,3.05263413342078,-2.70642000390483,1.4821988489723,-1.20953928984921,-0.11969585451751,149.434595484175,21,1,"normal",79
"1680",0.0600000000000001,0.355943959578025,0,1.10582615752678,80,0.00190414798885893,7.91022082520579,21.1710383774258,-2.70642000390483,4.40261573261005,0.298334693595079,0.887190230587527,-5.56675787383212,7.91022082520579,3.05263413342078,-2.70642000390483,1.4821988489723,-1.20953928984921,-0.11969585451751,149.434595484175,21,1,"normal",80
"1681",3.9878632015,0.235905447066925,0,0.440486288118576,80,0.00815140584145655,13.2890719321557,12.675019899747,-2.50259929399644,1.62521711709359,0.388283561239217,0.31802862721596,-4.09998052542062,13.2890719321557,2.53963311947578,-2.50259929399644,0.485641417375743,-0.946019378347431,-1.14561387756206,-177.004134045621,22,1,"normal",1
"1682",12.8210644562,0.485513049947541,0,0.409044443100273,80,0.00815140584145655,13.2890719321557,12.675019899747,-2.50259929399644,1.62521711709359,0.388283561239217,0.31802862721596,-4.09998052542062,13.2890719321557,2.53963311947578,-2.50259929399644,0.485641417375743,-0.946019378347431,-1.14561387756206,-177.004134045621,22,1,"normal",2
"1683",17.535299846,0.629051549844656,0,0.40995417443426,80,0.00815140584145655,13.2890719321557,12.675019899747,-2.50259929399644,1.62521711709359,0.388283561239217,0.31802862721596,-4.09998052542062,13.2890719321557,2.53963311947578,-2.50259929399644,0.485641417375743,-0.946019378347431,-1.14561387756206,-177.004134045621,22,1,"normal",3
"1684",24.797672721,0.812869097493492,1,0.467869688103499,80,0.00815140584145655,13.2890719321557,12.675019899747,-2.50259929399644,1.62521711709359,0.388283561239217,0.31802862721596,-4.09998052542062,13.2890719321557,2.53963311947578,-2.50259929399644,0.485641417375743,-0.946019378347431,-1.14561387756206,-177.004134045621,22,1,"normal",4
"1685",11.5139,0.445217057107078,0,0.472593620905679,80,0.00815140584145655,13.2890719321557,12.675019899747,-2.50259929399644,1.62521711709359,0.388283561239217,0.31802862721596,-4.09998052542062,13.2890719321557,2.53963311947578,-2.50259929399644,0.485641417375743,-0.946019378347431,-1.14561387756206,-177.004134045621,22,1,"normal",5
"1686",19.39937,0.682105294499828,1,0.429787178967406,80,0.00815140584145655,13.2890719321557,12.675019899747,-2.50259929399644,1.62521711709359,0.388283561239217,0.31802862721596,-4.09998052542062,13.2890719321557,2.53963311947578,-2.50259929399644,0.485641417375743,-0.946019378347431,-1.14561387756206,-177.004134045621,22,1,"normal",6
"1687",14.18362,0.527673629123294,1,0.422598650487832,80,0.00815140584145655,13.2890719321557,12.675019899747,-2.50259929399644,1.62521711709359,0.388283561239217,0.31802862721596,-4.09998052542062,13.2890719321557,2.53963311947578,-2.50259929399644,0.485641417375743,-0.946019378347431,-1.14561387756206,-177.004134045621,22,1,"normal",7
"1688",13.60717826,0.509848034584532,1,0.659756905774616,80,0.00815140584145655,13.2890719321557,12.675019899747,-2.50259929399644,1.62521711709359,0.388283561239217,0.31802862721596,-4.09998052542062,13.2890719321557,2.53963311947578,-2.50259929399644,0.485641417375743,-0.946019378347431,-1.14561387756206,-177.004134045621,22,1,"normal",8
"1689",4.68749,0.252784930218432,1,0.451565995448196,80,0.00815140584145655,13.2890719321557,12.675019899747,-2.50259929399644,1.62521711709359,0.388283561239217,0.31802862721596,-4.09998052542062,13.2890719321557,2.53963311947578,-2.50259929399644,0.485641417375743,-0.946019378347431,-1.14561387756206,-177.004134045621,22,1,"normal",9
"1690",7.68437,0.331962603008782,1,0.471489069225393,80,0.00815140584145655,13.2890719321557,12.675019899747,-2.50259929399644,1.62521711709359,0.388283561239217,0.31802862721596,-4.09998052542062,13.2890719321557,2.53963311947578,-2.50259929399644,0.485641417375743,-0.946019378347431,-1.14561387756206,-177.004134045621,22,1,"normal",10
"1691",1.8347541032,0.188245991397575,0,0.405835998402217,80,0.00815140584145655,13.2890719321557,12.675019899747,-2.50259929399644,1.62521711709359,0.388283561239217,0.31802862721596,-4.09998052542062,13.2890719321557,2.53963311947578,-2.50259929399644,0.485641417375743,-0.946019378347431,-1.14561387756206,-177.004134045621,22,1,"normal",11
"1692",3.85399869721,0.232751417617191,0,0.532574549739956,80,0.00815140584145655,13.2890719321557,12.675019899747,-2.50259929399644,1.62521711709359,0.388283561239217,0.31802862721596,-4.09998052542062,13.2890719321557,2.53963311947578,-2.50259929399644,0.485641417375743,-0.946019378347431,-1.14561387756206,-177.004134045621,22,1,"normal",12
"1693",14.50715,0.537655628851891,0,0.469287254775599,80,0.00815140584145655,13.2890719321557,12.675019899747,-2.50259929399644,1.62521711709359,0.388283561239217,0.31802862721596,-4.09998052542062,13.2890719321557,2.53963311947578,-2.50259929399644,0.485641417375743,-0.946019378347431,-1.14561387756206,-177.004134045621,22,1,"normal",13
"1694",11.00411,0.4296353388124,1,0.649018130148585,80,0.00815140584145655,13.2890719321557,12.675019899747,-2.50259929399644,1.62521711709359,0.388283561239217,0.31802862721596,-4.09998052542062,13.2890719321557,2.53963311947578,-2.50259929399644,0.485641417375743,-0.946019378347431,-1.14561387756206,-177.004134045621,22,1,"normal",14
"1695",-39.625975,0.00816607830865884,0,0.370467040335275,80,0.00815140584145655,13.2890719321557,12.675019899747,-2.50259929399644,1.62521711709359,0.388283561239217,0.31802862721596,-4.09998052542062,13.2890719321557,2.53963311947578,-2.50259929399644,0.485641417375743,-0.946019378347431,-1.14561387756206,-177.004134045621,22,1,"normal",15
"1696",1.4744,0.180924631954588,0,0.464361947045761,80,0.00815140584145655,13.2890719321557,12.675019899747,-2.50259929399644,1.62521711709359,0.388283561239217,0.31802862721596,-4.09998052542062,13.2890719321557,2.53963311947578,-2.50259929399644,0.485641417375743,-0.946019378347431,-1.14561387756206,-177.004134045621,22,1,"normal",16
"1697",9.7539747252,0.391950455109775,0,0.389184941963618,80,0.00815140584145655,13.2890719321557,12.675019899747,-2.50259929399644,1.62521711709359,0.388283561239217,0.31802862721596,-4.09998052542062,13.2890719321557,2.53963311947578,-2.50259929399644,0.485641417375743,-0.946019378347431,-1.14561387756206,-177.004134045621,22,1,"normal",17
"1698",9.703781,0.39045649101676,0,0.527362158643751,80,0.00815140584145655,13.2890719321557,12.675019899747,-2.50259929399644,1.62521711709359,0.388283561239217,0.31802862721596,-4.09998052542062,13.2890719321557,2.53963311947578,-2.50259929399644,0.485641417375743,-0.946019378347431,-1.14561387756206,-177.004134045621,22,1,"normal",18
"1699",15.06933,0.554938876338974,0,0.392928621991555,80,0.00815140584145655,13.2890719321557,12.675019899747,-2.50259929399644,1.62521711709359,0.388283561239217,0.31802862721596,-4.09998052542062,13.2890719321557,2.53963311947578,-2.50259929399644,0.485641417375743,-0.946019378347431,-1.14561387756206,-177.004134045621,22,1,"normal",19
"1700",-12.52058,0.0286733596297112,0,0.418018852766236,80,0.00815140584145655,13.2890719321557,12.675019899747,-2.50259929399644,1.62521711709359,0.388283561239217,0.31802862721596,-4.09998052542062,13.2890719321557,2.53963311947578,-2.50259929399644,0.485641417375743,-0.946019378347431,-1.14561387756206,-177.004134045621,22,1,"normal",20
"1701",23.25729,0.779563655803363,1,0.499963463436357,80,0.00815140584145655,13.2890719321557,12.675019899747,-2.50259929399644,1.62521711709359,0.388283561239217,0.31802862721596,-4.09998052542062,13.2890719321557,2.53963311947578,-2.50259929399644,0.485641417375743,-0.946019378347431,-1.14561387756206,-177.004134045621,22,1,"normal",21
"1702",7.85388,0.336736045656157,0,0.390011804963232,80,0.00815140584145655,13.2890719321557,12.675019899747,-2.50259929399644,1.62521711709359,0.388283561239217,0.31802862721596,-4.09998052542062,13.2890719321557,2.53963311947578,-2.50259929399644,0.485641417375743,-0.946019378347431,-1.14561387756206,-177.004134045621,22,1,"normal",22
"1703",14.95002537,0.551278909935794,1,0.576371783655108,80,0.00815140584145655,13.2890719321557,12.675019899747,-2.50259929399644,1.62521711709359,0.388283561239217,0.31802862721596,-4.09998052542062,13.2890719321557,2.53963311947578,-2.50259929399644,0.485641417375743,-0.946019378347431,-1.14561387756206,-177.004134045621,22,1,"normal",23
"1704",2.9593,0.212312340721378,0,0.411194033918833,80,0.00815140584145655,13.2890719321557,12.675019899747,-2.50259929399644,1.62521711709359,0.388283561239217,0.31802862721596,-4.09998052542062,13.2890719321557,2.53963311947578,-2.50259929399644,0.485641417375743,-0.946019378347431,-1.14561387756206,-177.004134045621,22,1,"normal",24
"1705",29.5794,0.894112580077122,1,0.413758503318637,80,0.00815140584145655,13.2890719321557,12.675019899747,-2.50259929399644,1.62521711709359,0.388283561239217,0.31802862721596,-4.09998052542062,13.2890719321557,2.53963311947578,-2.50259929399644,0.485641417375743,-0.946019378347431,-1.14561387756206,-177.004134045621,22,1,"normal",25
"1706",31.9165,0.922170645745655,1,0.381539835868638,80,0.00815140584145655,13.2890719321557,12.675019899747,-2.50259929399644,1.62521711709359,0.388283561239217,0.31802862721596,-4.09998052542062,13.2890719321557,2.53963311947578,-2.50259929399644,0.485641417375743,-0.946019378347431,-1.14561387756206,-177.004134045621,22,1,"normal",26
"1707",38.1811,0.967479587332894,1,0.389719621512797,80,0.00815140584145655,13.2890719321557,12.675019899747,-2.50259929399644,1.62521711709359,0.388283561239217,0.31802862721596,-4.09998052542062,13.2890719321557,2.53963311947578,-2.50259929399644,0.485641417375743,-0.946019378347431,-1.14561387756206,-177.004134045621,22,1,"normal",27
"1708",8.97362,0.368923987351998,0,0.41996056416337,80,0.00815140584145655,13.2890719321557,12.675019899747,-2.50259929399644,1.62521711709359,0.388283561239217,0.31802862721596,-4.09998052542062,13.2890719321557,2.53963311947578,-2.50259929399644,0.485641417375743,-0.946019378347431,-1.14561387756206,-177.004134045621,22,1,"normal",28
"1709",17.30893,0.622405743185175,0,0.404885002437345,80,0.00815140584145655,13.2890719321557,12.675019899747,-2.50259929399644,1.62521711709359,0.388283561239217,0.31802862721596,-4.09998052542062,13.2890719321557,2.53963311947578,-2.50259929399644,0.485641417375743,-0.946019378347431,-1.14561387756206,-177.004134045621,22,1,"normal",29
"1710",15.75918,0.575997060866911,0,0.405688691493245,80,0.00815140584145655,13.2890719321557,12.675019899747,-2.50259929399644,1.62521711709359,0.388283561239217,0.31802862721596,-4.09998052542062,13.2890719321557,2.53963311947578,-2.50259929399644,0.485641417375743,-0.946019378347431,-1.14561387756206,-177.004134045621,22,1,"normal",30
"1711",31.0758,0.912891945920027,1,0.427928812277995,80,0.00815140584145655,13.2890719321557,12.675019899747,-2.50259929399644,1.62521711709359,0.388283561239217,0.31802862721596,-4.09998052542062,13.2890719321557,2.53963311947578,-2.50259929399644,0.485641417375743,-0.946019378347431,-1.14561387756206,-177.004134045621,22,1,"normal",31
"1712",10.84229,0.424711694586005,0,0.558254913662108,80,0.00815140584145655,13.2890719321557,12.675019899747,-2.50259929399644,1.62521711709359,0.388283561239217,0.31802862721596,-4.09998052542062,13.2890719321557,2.53963311947578,-2.50259929399644,0.485641417375743,-0.946019378347431,-1.14561387756206,-177.004134045621,22,1,"normal",32
"1713",7.87276,0.337269422962091,0,0.454687578533583,80,0.00815140584145655,13.2890719321557,12.675019899747,-2.50259929399644,1.62521711709359,0.388283561239217,0.31802862721596,-4.09998052542062,13.2890719321557,2.53963311947578,-2.50259929399644,0.485641417375743,-0.946019378347431,-1.14561387756206,-177.004134045621,22,1,"normal",33
"1714",10.43782,0.412459700558056,0,0.398049078222471,80,0.00815140584145655,13.2890719321557,12.675019899747,-2.50259929399644,1.62521711709359,0.388283561239217,0.31802862721596,-4.09998052542062,13.2890719321557,2.53963311947578,-2.50259929399644,0.485641417375743,-0.946019378347431,-1.14561387756206,-177.004134045621,22,1,"normal",34
"1715",26.9739,0.853988581602379,1,0.395369295680597,80,0.00815140584145655,13.2890719321557,12.675019899747,-2.50259929399644,1.62521711709359,0.388283561239217,0.31802862721596,-4.09998052542062,13.2890719321557,2.53963311947578,-2.50259929399644,0.485641417375743,-0.946019378347431,-1.14561387756206,-177.004134045621,22,1,"normal",35
"1716",3.2758,0.219413894082592,0,0.398905678327947,80,0.00815140584145655,13.2890719321557,12.675019899747,-2.50259929399644,1.62521711709359,0.388283561239217,0.31802862721596,-4.09998052542062,13.2890719321557,2.53963311947578,-2.50259929399644,0.485641417375743,-0.946019378347431,-1.14561387756206,-177.004134045621,22,1,"normal",36
"1717",24.10875,0.798397475583435,1,0.422744165384801,80,0.00815140584145655,13.2890719321557,12.675019899747,-2.50259929399644,1.62521711709359,0.388283561239217,0.31802862721596,-4.09998052542062,13.2890719321557,2.53963311947578,-2.50259929399644,0.485641417375743,-0.946019378347431,-1.14561387756206,-177.004134045621,22,1,"normal",37
"1718",21.85846,0.746422629245947,1,0.397460332798504,80,0.00815140584145655,13.2890719321557,12.675019899747,-2.50259929399644,1.62521711709359,0.388283561239217,0.31802862721596,-4.09998052542062,13.2890719321557,2.53963311947578,-2.50259929399644,0.485641417375743,-0.946019378347431,-1.14561387756206,-177.004134045621,22,1,"normal",38
"1719",9.21665,0.376047642512441,0,0.412187260134188,80,0.00815140584145655,13.2890719321557,12.675019899747,-2.50259929399644,1.62521711709359,0.388283561239217,0.31802862721596,-4.09998052542062,13.2890719321557,2.53963311947578,-2.50259929399644,0.485641417375743,-0.946019378347431,-1.14561387756206,-177.004134045621,22,1,"normal",39
"1720",11.34277,0.439975431802512,1,0.534987469757816,80,0.00815140584145655,13.2890719321557,12.675019899747,-2.50259929399644,1.62521711709359,0.388283561239217,0.31802862721596,-4.09998052542062,13.2890719321557,2.53963311947578,-2.50259929399644,0.485641417375743,-0.946019378347431,-1.14561387756206,-177.004134045621,22,1,"normal",40
"1721",10.97671,0.428800828832739,1,0.454841038236197,80,0.00815140584145655,13.2890719321557,12.675019899747,-2.50259929399644,1.62521711709359,0.388283561239217,0.31802862721596,-4.09998052542062,13.2890719321557,2.53963311947578,-2.50259929399644,0.485641417375743,-0.946019378347431,-1.14561387756206,-177.004134045621,22,1,"normal",41
"1722",13.91503,0.519372763778089,0,0.430156386038325,80,0.00815140584145655,13.2890719321557,12.675019899747,-2.50259929399644,1.62521711709359,0.388283561239217,0.31802862721596,-4.09998052542062,13.2890719321557,2.53963311947578,-2.50259929399644,0.485641417375743,-0.946019378347431,-1.14561387756206,-177.004134045621,22,1,"normal",42
"1723",23.37473,0.782222827458436,1,0.398141762384505,80,0.00815140584145655,13.2890719321557,12.675019899747,-2.50259929399644,1.62521711709359,0.388283561239217,0.31802862721596,-4.09998052542062,13.2890719321557,2.53963311947578,-2.50259929399644,0.485641417375743,-0.946019378347431,-1.14561387756206,-177.004134045621,22,1,"normal",43
"1724",7.84705,0.336543175733834,1,0.356874329896118,80,0.00815140584145655,13.2890719321557,12.675019899747,-2.50259929399644,1.62521711709359,0.388283561239217,0.31802862721596,-4.09998052542062,13.2890719321557,2.53963311947578,-2.50259929399644,0.485641417375743,-0.946019378347431,-1.14561387756206,-177.004134045621,22,1,"normal",44
"1725",25.76437,0.831999715398039,1,0.48254506038286,80,0.00815140584145655,13.2890719321557,12.675019899747,-2.50259929399644,1.62521711709359,0.388283561239217,0.31802862721596,-4.09998052542062,13.2890719321557,2.53963311947578,-2.50259929399644,0.485641417375743,-0.946019378347431,-1.14561387756206,-177.004134045621,22,1,"normal",45
"1726",21.75615,0.743895276883169,1,0.417093950374177,80,0.00815140584145655,13.2890719321557,12.675019899747,-2.50259929399644,1.62521711709359,0.388283561239217,0.31802862721596,-4.09998052542062,13.2890719321557,2.53963311947578,-2.50259929399644,0.485641417375743,-0.946019378347431,-1.14561387756206,-177.004134045621,22,1,"normal",46
"1727",20.46167,0.710770767599107,1,0.447742249038463,80,0.00815140584145655,13.2890719321557,12.675019899747,-2.50259929399644,1.62521711709359,0.388283561239217,0.31802862721596,-4.09998052542062,13.2890719321557,2.53963311947578,-2.50259929399644,0.485641417375743,-0.946019378347431,-1.14561387756206,-177.004134045621,22,1,"normal",47
"1728",22.2665,0.756364712920499,1,0.495178471571141,80,0.00815140584145655,13.2890719321557,12.675019899747,-2.50259929399644,1.62521711709359,0.388283561239217,0.31802862721596,-4.09998052542062,13.2890719321557,2.53963311947578,-2.50259929399644,0.485641417375743,-0.946019378347431,-1.14561387756206,-177.004134045621,22,1,"normal",48
"1729",22.4603,0.761008549339964,1,0.590539808250916,80,0.00815140584145655,13.2890719321557,12.675019899747,-2.50259929399644,1.62521711709359,0.388283561239217,0.31802862721596,-4.09998052542062,13.2890719321557,2.53963311947578,-2.50259929399644,0.485641417375743,-0.946019378347431,-1.14561387756206,-177.004134045621,22,1,"normal",49
"1730",6.60204,0.302175491933151,0,0.399205971702535,80,0.00815140584145655,13.2890719321557,12.675019899747,-2.50259929399644,1.62521711709359,0.388283561239217,0.31802862721596,-4.09998052542062,13.2890719321557,2.53963311947578,-2.50259929399644,0.485641417375743,-0.946019378347431,-1.14561387756206,-177.004134045621,22,1,"normal",50
"1731",19.59934,0.687596342247208,1,0.429650236072357,80,0.00815140584145655,13.2890719321557,12.675019899747,-2.50259929399644,1.62521711709359,0.388283561239217,0.31802862721596,-4.09998052542062,13.2890719321557,2.53963311947578,-2.50259929399644,0.485641417375743,-0.946019378347431,-1.14561387756206,-177.004134045621,22,1,"normal",51
"1732",22.6639,0.765832171553634,0,0.41994115214461,80,0.00815140584145655,13.2890719321557,12.675019899747,-2.50259929399644,1.62521711709359,0.388283561239217,0.31802862721596,-4.09998052542062,13.2890719321557,2.53963311947578,-2.50259929399644,0.485641417375743,-0.946019378347431,-1.14561387756206,-177.004134045621,22,1,"normal",52
"1733",12.30261,0.469488403861413,1,0.560789498358161,80,0.00815140584145655,13.2890719321557,12.675019899747,-2.50259929399644,1.62521711709359,0.388283561239217,0.31802862721596,-4.09998052542062,13.2890719321557,2.53963311947578,-2.50259929399644,0.485641417375743,-0.946019378347431,-1.14561387756206,-177.004134045621,22,1,"normal",53
"1734",10.92435,0.427207041266344,1,0.396209970726853,80,0.00815140584145655,13.2890719321557,12.675019899747,-2.50259929399644,1.62521711709359,0.388283561239217,0.31802862721596,-4.09998052542062,13.2890719321557,2.53963311947578,-2.50259929399644,0.485641417375743,-0.946019378347431,-1.14561387756206,-177.004134045621,22,1,"normal",54
"1735",25.1245,0.819491248802522,1,0.471456293639908,80,0.00815140584145655,13.2890719321557,12.675019899747,-2.50259929399644,1.62521711709359,0.388283561239217,0.31802862721596,-4.09998052542062,13.2890719321557,2.53963311947578,-2.50259929399644,0.485641417375743,-0.946019378347431,-1.14561387756206,-177.004134045621,22,1,"normal",55
"1736",24.8673,0.814293055724122,1,0.392188251001114,80,0.00815140584145655,13.2890719321557,12.675019899747,-2.50259929399644,1.62521711709359,0.388283561239217,0.31802862721596,-4.09998052542062,13.2890719321557,2.53963311947578,-2.50259929399644,0.485641417375743,-0.946019378347431,-1.14561387756206,-177.004134045621,22,1,"normal",56
"1737",-1.84195,0.122540180327931,0,0.436975866620814,80,0.00815140584145655,13.2890719321557,12.675019899747,-2.50259929399644,1.62521711709359,0.388283561239217,0.31802862721596,-4.09998052542062,13.2890719321557,2.53963311947578,-2.50259929399644,0.485641417375743,-0.946019378347431,-1.14561387756206,-177.004134045621,22,1,"normal",57
"1738",4.63681,0.251540226269769,1,0.406672144547289,80,0.00815140584145655,13.2890719321557,12.675019899747,-2.50259929399644,1.62521711709359,0.388283561239217,0.31802862721596,-4.09998052542062,13.2890719321557,2.53963311947578,-2.50259929399644,0.485641417375743,-0.946019378347431,-1.14561387756206,-177.004134045621,22,1,"normal",58
"1739",22.50972,0.762184596408783,1,0.461821746026217,80,0.00815140584145655,13.2890719321557,12.675019899747,-2.50259929399644,1.62521711709359,0.388283561239217,0.31802862721596,-4.09998052542062,13.2890719321557,2.53963311947578,-2.50259929399644,0.485641417375743,-0.946019378347431,-1.14561387756206,-177.004134045621,22,1,"normal",59
"1740",3.81396,0.231812842879084,1,0.417116718820441,80,0.00815140584145655,13.2890719321557,12.675019899747,-2.50259929399644,1.62521711709359,0.388283561239217,0.31802862721596,-4.09998052542062,13.2890719321557,2.53963311947578,-2.50259929399644,0.485641417375743,-0.946019378347431,-1.14561387756206,-177.004134045621,22,1,"normal",60
"1741",21.35846,0.73394225276511,1,0.446203008421643,80,0.00815140584145655,13.2890719321557,12.675019899747,-2.50259929399644,1.62521711709359,0.388283561239217,0.31802862721596,-4.09998052542062,13.2890719321557,2.53963311947578,-2.50259929399644,0.485641417375743,-0.946019378347431,-1.14561387756206,-177.004134045621,22,1,"normal",61
"1742",4.515,0.248562461930694,0,0.440899496783525,80,0.00815140584145655,13.2890719321557,12.675019899747,-2.50259929399644,1.62521711709359,0.388283561239217,0.31802862721596,-4.09998052542062,13.2890719321557,2.53963311947578,-2.50259929399644,0.485641417375743,-0.946019378347431,-1.14561387756206,-177.004134045621,22,1,"normal",62
"1743",18.31071,0.651504412076132,1,0.359950074082501,80,0.00815140584145655,13.2890719321557,12.675019899747,-2.50259929399644,1.62521711709359,0.388283561239217,0.31802862721596,-4.09998052542062,13.2890719321557,2.53963311947578,-2.50259929399644,0.485641417375743,-0.946019378347431,-1.14561387756206,-177.004134045621,22,1,"normal",63
"1744",1.24879,0.17643829749098,0,0.457888324203815,80,0.00815140584145655,13.2890719321557,12.675019899747,-2.50259929399644,1.62521711709359,0.388283561239217,0.31802862721596,-4.09998052542062,13.2890719321557,2.53963311947578,-2.50259929399644,0.485641417375743,-0.946019378347431,-1.14561387756206,-177.004134045621,22,1,"normal",64
"1745",20.96323,0.723851847765914,1,0.473315592288764,80,0.00815140584145655,13.2890719321557,12.675019899747,-2.50259929399644,1.62521711709359,0.388283561239217,0.31802862721596,-4.09998052542062,13.2890719321557,2.53963311947578,-2.50259929399644,0.485641417375743,-0.946019378347431,-1.14561387756206,-177.004134045621,22,1,"normal",65
"1746",14.38419,0.533864426947455,1,0.642289911244992,80,0.00815140584145655,13.2890719321557,12.675019899747,-2.50259929399644,1.62521711709359,0.388283561239217,0.31802862721596,-4.09998052542062,13.2890719321557,2.53963311947578,-2.50259929399644,0.485641417375743,-0.946019378347431,-1.14561387756206,-177.004134045621,22,1,"normal",66
"1747",6.16106,0.290406616198843,0,0.402284194210762,80,0.00815140584145655,13.2890719321557,12.675019899747,-2.50259929399644,1.62521711709359,0.388283561239217,0.31802862721596,-4.09998052542062,13.2890719321557,2.53963311947578,-2.50259929399644,0.485641417375743,-0.946019378347431,-1.14561387756206,-177.004134045621,22,1,"normal",67
"1748",19.31482,0.679770935260423,1,0.534423446901729,80,0.00815140584145655,13.2890719321557,12.675019899747,-2.50259929399644,1.62521711709359,0.388283561239217,0.31802862721596,-4.09998052542062,13.2890719321557,2.53963311947578,-2.50259929399644,0.485641417375743,-0.946019378347431,-1.14561387756206,-177.004134045621,22,1,"normal",68
"1749",18.39383,0.653880581693216,1,0.525351143372177,80,0.00815140584145655,13.2890719321557,12.675019899747,-2.50259929399644,1.62521711709359,0.388283561239217,0.31802862721596,-4.09998052542062,13.2890719321557,2.53963311947578,-2.50259929399644,0.485641417375743,-0.946019378347431,-1.14561387756206,-177.004134045621,22,1,"normal",69
"1750",16.15137,0.587873727661899,1,0.402666593238068,80,0.00815140584145655,13.2890719321557,12.675019899747,-2.50259929399644,1.62521711709359,0.388283561239217,0.31802862721596,-4.09998052542062,13.2890719321557,2.53963311947578,-2.50259929399644,0.485641417375743,-0.946019378347431,-1.14561387756206,-177.004134045621,22,1,"normal",70
"1751",6.48427,0.299010684026177,1,0.564184804820046,80,0.00815140584145655,13.2890719321557,12.675019899747,-2.50259929399644,1.62521711709359,0.388283561239217,0.31802862721596,-4.09998052542062,13.2890719321557,2.53963311947578,-2.50259929399644,0.485641417375743,-0.946019378347431,-1.14561387756206,-177.004134045621,22,1,"normal",71
"1752",19.7208,0.690910650053045,1,0.421443686674905,80,0.00815140584145655,13.2890719321557,12.675019899747,-2.50259929399644,1.62521711709359,0.388283561239217,0.31802862721596,-4.09998052542062,13.2890719321557,2.53963311947578,-2.50259929399644,0.485641417375743,-0.946019378347431,-1.14561387756206,-177.004134045621,22,1,"normal",72
"1753",-6.95635,0.0623559047242701,1,0.498983127524464,80,0.00815140584145655,13.2890719321557,12.675019899747,-2.50259929399644,1.62521711709359,0.388283561239217,0.31802862721596,-4.09998052542062,13.2890719321557,2.53963311947578,-2.50259929399644,0.485641417375743,-0.946019378347431,-1.14561387756206,-177.004134045621,22,1,"normal",73
"1754",21.6086,0.740226326351662,1,0.382878323808152,80,0.00815140584145655,13.2890719321557,12.675019899747,-2.50259929399644,1.62521711709359,0.388283561239217,0.31802862721596,-4.09998052542062,13.2890719321557,2.53963311947578,-2.50259929399644,0.485641417375743,-0.946019378347431,-1.14561387756206,-177.004134045621,22,1,"normal",74
"1755",6.14122,0.289882413846744,0,0.438942098135759,80,0.00815140584145655,13.2890719321557,12.675019899747,-2.50259929399644,1.62521711709359,0.388283561239217,0.31802862721596,-4.09998052542062,13.2890719321557,2.53963311947578,-2.50259929399644,0.485641417375743,-0.946019378347431,-1.14561387756206,-177.004134045621,22,1,"normal",75
"1756",16.31311,0.59274821983939,0,0.41223881190023,80,0.00815140584145655,13.2890719321557,12.675019899747,-2.50259929399644,1.62521711709359,0.388283561239217,0.31802862721596,-4.09998052542062,13.2890719321557,2.53963311947578,-2.50259929399644,0.485641417375743,-0.946019378347431,-1.14561387756206,-177.004134045621,22,1,"normal",76
"1757",28.5239,0.879028258523478,1,0.361946988363559,80,0.00815140584145655,13.2890719321557,12.675019899747,-2.50259929399644,1.62521711709359,0.388283561239217,0.31802862721596,-4.09998052542062,13.2890719321557,2.53963311947578,-2.50259929399644,0.485641417375743,-0.946019378347431,-1.14561387756206,-177.004134045621,22,1,"normal",77
"1758",-3.34792,0.101270213933288,0,0.384198666336921,80,0.00815140584145655,13.2890719321557,12.675019899747,-2.50259929399644,1.62521711709359,0.388283561239217,0.31802862721596,-4.09998052542062,13.2890719321557,2.53963311947578,-2.50259929399644,0.485641417375743,-0.946019378347431,-1.14561387756206,-177.004134045621,22,1,"normal",78
"1759",30.1262,0.901321108257423,1,0.351720432326057,80,0.00815140584145655,13.2890719321557,12.675019899747,-2.50259929399644,1.62521711709359,0.388283561239217,0.31802862721596,-4.09998052542062,13.2890719321557,2.53963311947578,-2.50259929399644,0.485641417375743,-0.946019378347431,-1.14561387756206,-177.004134045621,22,1,"normal",79
"1760",25.6003,0.828850144339475,1,0.373663686337519,80,0.00815140584145655,13.2890719321557,12.675019899747,-2.50259929399644,1.62521711709359,0.388283561239217,0.31802862721596,-4.09998052542062,13.2890719321557,2.53963311947578,-2.50259929399644,0.485641417375743,-0.946019378347431,-1.14561387756206,-177.004134045621,22,1,"normal",80
"1761",-8.91943639968,0.309365335239327,1,0.685773240870775,80,0.0102547776104069,-5.04705032119434,7.60772555943993,-3.04085654962623,4.35948208713665,0.617319992169986,0.590170506754714,-3.86614159625255,-5.04705032119434,2.02916425196364,-3.04085654962623,1.47235326295119,-0.482367763633388,-0.527343789333723,1018.18778249298,23,1,"normal",1
"1762",-11.40157835698,0.2078983159972,1,0.62965604804907,80,0.0102547776104069,-5.04705032119434,7.60772555943993,-3.04085654962623,4.35948208713665,0.617319992169986,0.590170506754714,-3.86614159625255,-5.04705032119434,2.02916425196364,-3.04085654962623,1.47235326295119,-0.482367763633388,-0.527343789333723,1018.18778249298,23,1,"normal",2
"1763",-18.104838705,0.0524176998038644,0,0.633297711867089,80,0.0102547776104069,-5.04705032119434,7.60772555943993,-3.04085654962623,4.35948208713665,0.617319992169986,0.590170506754714,-3.86614159625255,-5.04705032119434,2.02916425196364,-3.04085654962623,1.47235326295119,-0.482367763633388,-0.527343789333723,1018.18778249298,23,1,"normal",3
"1764",-11.027767779,0.221720400788114,0,0.663312161460396,80,0.0102547776104069,-5.04705032119434,7.60772555943993,-3.04085654962623,4.35948208713665,0.617319992169986,0.590170506754714,-3.86614159625255,-5.04705032119434,2.02916425196364,-3.04085654962623,1.47235326295119,-0.482367763633388,-0.527343789333723,1018.18778249298,23,1,"normal",4
"1765",-8.91481,0.309574123215484,0,0.721448359608469,80,0.0102547776104069,-5.04705032119434,7.60772555943993,-3.04085654962623,4.35948208713665,0.617319992169986,0.590170506754714,-3.86614159625255,-5.04705032119434,2.02916425196364,-3.04085654962623,1.47235326295119,-0.482367763633388,-0.527343789333723,1018.18778249298,23,1,"normal",5
"1766",-4.274586,0.539608475860807,1,0.729661805281309,80,0.0102547776104069,-5.04705032119434,7.60772555943993,-3.04085654962623,4.35948208713665,0.617319992169986,0.590170506754714,-3.86614159625255,-5.04705032119434,2.02916425196364,-3.04085654962623,1.47235326295119,-0.482367763633388,-0.527343789333723,1018.18778249298,23,1,"normal",6
"1767",13.02222,0.981153529719632,1,0.631718776612976,80,0.0102547776104069,-5.04705032119434,7.60772555943993,-3.04085654962623,4.35948208713665,0.617319992169986,0.590170506754714,-3.86614159625255,-5.04705032119434,2.02916425196364,-3.04085654962623,1.47235326295119,-0.482367763633388,-0.527343789333723,1018.18778249298,23,1,"normal",7
"1768",1.2779,0.791028127775928,1,0.693488892276336,80,0.0102547776104069,-5.04705032119434,7.60772555943993,-3.04085654962623,4.35948208713665,0.617319992169986,0.590170506754714,-3.86614159625255,-5.04705032119434,2.02916425196364,-3.04085654962623,1.47235326295119,-0.482367763633388,-0.527343789333723,1018.18778249298,23,1,"normal",8
"1769",-5.49324,0.477095224981831,1,0.70351848058492,80,0.0102547776104069,-5.04705032119434,7.60772555943993,-3.04085654962623,4.35948208713665,0.617319992169986,0.590170506754714,-3.86614159625255,-5.04705032119434,2.02916425196364,-3.04085654962623,1.47235326295119,-0.482367763633388,-0.527343789333723,1018.18778249298,23,1,"normal",9
"1770",-49.7849,0.0102547796126216,0,0.63431113764797,80,0.0102547776104069,-5.04705032119434,7.60772555943993,-3.04085654962623,4.35948208713665,0.617319992169986,0.590170506754714,-3.86614159625255,-5.04705032119434,2.02916425196364,-3.04085654962623,1.47235326295119,-0.482367763633388,-0.527343789333723,1018.18778249298,23,1,"normal",10
"1771",-14.69307,0.110566845378654,0,0.633883024894541,80,0.0102547776104069,-5.04705032119434,7.60772555943993,-3.04085654962623,4.35948208713665,0.617319992169986,0.590170506754714,-3.86614159625255,-5.04705032119434,2.02916425196364,-3.04085654962623,1.47235326295119,-0.482367763633388,-0.527343789333723,1018.18778249298,23,1,"normal",11
"1772",-13.32321,0.145745630873744,0,0.625244124781016,80,0.0102547776104069,-5.04705032119434,7.60772555943993,-3.04085654962623,4.35948208713665,0.617319992169986,0.590170506754714,-3.86614159625255,-5.04705032119434,2.02916425196364,-3.04085654962623,1.47235326295119,-0.482367763633388,-0.527343789333723,1018.18778249298,23,1,"normal",12
"1773",-17.92832,0.0545378771361735,0,0.826879950549105,80,0.0102547776104069,-5.04705032119434,7.60772555943993,-3.04085654962623,4.35948208713665,0.617319992169986,0.590170506754714,-3.86614159625255,-5.04705032119434,2.02916425196364,-3.04085654962623,1.47235326295119,-0.482367763633388,-0.527343789333723,1018.18778249298,23,1,"normal",13
"1774",-17.79404,0.0562074959172548,0,0.640248887433114,80,0.0102547776104069,-5.04705032119434,7.60772555943993,-3.04085654962623,4.35948208713665,0.617319992169986,0.590170506754714,-3.86614159625255,-5.04705032119434,2.02916425196364,-3.04085654962623,1.47235326295119,-0.482367763633388,-0.527343789333723,1018.18778249298,23,1,"normal",14
"1775",-11.93525,0.189130318285385,0,0.818266249534271,80,0.0102547776104069,-5.04705032119434,7.60772555943993,-3.04085654962623,4.35948208713665,0.617319992169986,0.590170506754714,-3.86614159625255,-5.04705032119434,2.02916425196364,-3.04085654962623,1.47235326295119,-0.482367763633388,-0.527343789333723,1018.18778249298,23,1,"normal",15
"1776",-9.32734,0.291217147038474,1,0.917802966577985,80,0.0102547776104069,-5.04705032119434,7.60772555943993,-3.04085654962623,4.35948208713665,0.617319992169986,0.590170506754714,-3.86614159625255,-5.04705032119434,2.02916425196364,-3.04085654962623,1.47235326295119,-0.482367763633388,-0.527343789333723,1018.18778249298,23,1,"normal",16
"1777",-11.65547,0.198826687493049,0,0.721042420450312,80,0.0102547776104069,-5.04705032119434,7.60772555943993,-3.04085654962623,4.35948208713665,0.617319992169986,0.590170506754714,-3.86614159625255,-5.04705032119434,2.02916425196364,-3.04085654962623,1.47235326295119,-0.482367763633388,-0.527343789333723,1018.18778249298,23,1,"normal",17
"1778",-3.22386,0.59275690635552,1,0.917368591561946,80,0.0102547776104069,-5.04705032119434,7.60772555943993,-3.04085654962623,4.35948208713665,0.617319992169986,0.590170506754714,-3.86614159625255,-5.04705032119434,2.02916425196364,-3.04085654962623,1.47235326295119,-0.482367763633388,-0.527343789333723,1018.18778249298,23,1,"normal",18
"1779",-6.13382,0.444368868644817,0,0.71310912130368,80,0.0102547776104069,-5.04705032119434,7.60772555943993,-3.04085654962623,4.35948208713665,0.617319992169986,0.590170506754714,-3.86614159625255,-5.04705032119434,2.02916425196364,-3.04085654962623,1.47235326295119,-0.482367763633388,-0.527343789333723,1018.18778249298,23,1,"normal",19
"1780",-4.98272,0.503304197332704,0,0.719317189690648,80,0.0102547776104069,-5.04705032119434,7.60772555943993,-3.04085654962623,4.35948208713665,0.617319992169986,0.590170506754714,-3.86614159625255,-5.04705032119434,2.02916425196364,-3.04085654962623,1.47235326295119,-0.482367763633388,-0.527343789333723,1018.18778249298,23,1,"normal",20
"1781",-1.96355,0.654148095428372,1,0.625317515906729,80,0.0102547776104069,-5.04705032119434,7.60772555943993,-3.04085654962623,4.35948208713665,0.617319992169986,0.590170506754714,-3.86614159625255,-5.04705032119434,2.02916425196364,-3.04085654962623,1.47235326295119,-0.482367763633388,-0.527343789333723,1018.18778249298,23,1,"normal",21
"1782",-45.25585,0.0102548390866836,0,0.629652274165382,80,0.0102547776104069,-5.04705032119434,7.60772555943993,-3.04085654962623,4.35948208713665,0.617319992169986,0.590170506754714,-3.86614159625255,-5.04705032119434,2.02916425196364,-3.04085654962623,1.47235326295119,-0.482367763633388,-0.527343789333723,1018.18778249298,23,1,"normal",22
"1783",-3.74978,0.566310960541235,1,0.647740604558842,80,0.0102547776104069,-5.04705032119434,7.60772555943993,-3.04085654962623,4.35948208713665,0.617319992169986,0.590170506754714,-3.86614159625255,-5.04705032119434,2.02916425196364,-3.04085654962623,1.47235326295119,-0.482367763633388,-0.527343789333723,1018.18778249298,23,1,"normal",23
"1784",-3.27975,0.589965026125494,1,0.729644393077851,80,0.0102547776104069,-5.04705032119434,7.60772555943993,-3.04085654962623,4.35948208713665,0.617319992169986,0.590170506754714,-3.86614159625255,-5.04705032119434,2.02916425196364,-3.04085654962623,1.47235326295119,-0.482367763633388,-0.527343789333723,1018.18778249298,23,1,"normal",24
"1785",-1.77201,0.663163448119651,1,0.670577704277227,80,0.0102547776104069,-5.04705032119434,7.60772555943993,-3.04085654962623,4.35948208713665,0.617319992169986,0.590170506754714,-3.86614159625255,-5.04705032119434,2.02916425196364,-3.04085654962623,1.47235326295119,-0.482367763633388,-0.527343789333723,1018.18778249298,23,1,"normal",25
"1786",-4.00675,0.55326751109295,1,0.885873545109029,80,0.0102547776104069,-5.04705032119434,7.60772555943993,-3.04085654962623,4.35948208713665,0.617319992169986,0.590170506754714,-3.86614159625255,-5.04705032119434,2.02916425196364,-3.04085654962623,1.47235326295119,-0.482367763633388,-0.527343789333723,1018.18778249298,23,1,"normal",26
"1787",-11.57095,0.201817958063418,0,0.848738459105924,80,0.0102547776104069,-5.04705032119434,7.60772555943993,-3.04085654962623,4.35948208713665,0.617319992169986,0.590170506754714,-3.86614159625255,-5.04705032119434,2.02916425196364,-3.04085654962623,1.47235326295119,-0.482367763633388,-0.527343789333723,1018.18778249298,23,1,"normal",27
"1788",-8.79903,0.314820112953711,0,0.654847175011329,80,0.0102547776104069,-5.04705032119434,7.60772555943993,-3.04085654962623,4.35948208713665,0.617319992169986,0.590170506754714,-3.86614159625255,-5.04705032119434,2.02916425196364,-3.04085654962623,1.47235326295119,-0.482367763633388,-0.527343789333723,1018.18778249298,23,1,"normal",28
"1789",-20.70144,0.0296581325978771,0,0.665791695561103,80,0.0102547776104069,-5.04705032119434,7.60772555943993,-3.04085654962623,4.35948208713665,0.617319992169986,0.590170506754714,-3.86614159625255,-5.04705032119434,2.02916425196364,-3.04085654962623,1.47235326295119,-0.482367763633388,-0.527343789333723,1018.18778249298,23,1,"normal",29
"1790",-13.39227,0.143792408675934,0,0.637256220498536,80,0.0102547776104069,-5.04705032119434,7.60772555943993,-3.04085654962623,4.35948208713665,0.617319992169986,0.590170506754714,-3.86614159625255,-5.04705032119434,2.02916425196364,-3.04085654962623,1.47235326295119,-0.482367763633388,-0.527343789333723,1018.18778249298,23,1,"normal",30
"1791",-11.72172,0.196502095351222,0,0.66925655708816,80,0.0102547776104069,-5.04705032119434,7.60772555943993,-3.04085654962623,4.35948208713665,0.617319992169986,0.590170506754714,-3.86614159625255,-5.04705032119434,2.02916425196364,-3.04085654962623,1.47235326295119,-0.482367763633388,-0.527343789333723,1018.18778249298,23,1,"normal",31
"1792",-4.4319,0.53156193699083,0,0.757092278608129,80,0.0102547776104069,-5.04705032119434,7.60772555943993,-3.04085654962623,4.35948208713665,0.617319992169986,0.590170506754714,-3.86614159625255,-5.04705032119434,2.02916425196364,-3.04085654962623,1.47235326295119,-0.482367763633388,-0.527343789333723,1018.18778249298,23,1,"normal",32
"1793",-11.84877,0.192093674088307,0,0.837384750217611,80,0.0102547776104069,-5.04705032119434,7.60772555943993,-3.04085654962623,4.35948208713665,0.617319992169986,0.590170506754714,-3.86614159625255,-5.04705032119434,2.02916425196364,-3.04085654962623,1.47235326295119,-0.482367763633388,-0.527343789333723,1018.18778249298,23,1,"normal",33
"1794",-1.80902,0.661428902246208,1,1.13231598930593,80,0.0102547776104069,-5.04705032119434,7.60772555943993,-3.04085654962623,4.35948208713665,0.617319992169986,0.590170506754714,-3.86614159625255,-5.04705032119434,2.02916425196364,-3.04085654962623,1.47235326295119,-0.482367763633388,-0.527343789333723,1018.18778249298,23,1,"normal",34
"1795",-9.20199,0.296738398920297,0,0.707637598144886,80,0.0102547776104069,-5.04705032119434,7.60772555943993,-3.04085654962623,4.35948208713665,0.617319992169986,0.590170506754714,-3.86614159625255,-5.04705032119434,2.02916425196364,-3.04085654962623,1.47235326295119,-0.482367763633388,-0.527343789333723,1018.18778249298,23,1,"normal",35
"1796",-11.10469,0.218831215647217,1,0.639925266325696,80,0.0102547776104069,-5.04705032119434,7.60772555943993,-3.04085654962623,4.35948208713665,0.617319992169986,0.590170506754714,-3.86614159625255,-5.04705032119434,2.02916425196364,-3.04085654962623,1.47235326295119,-0.482367763633388,-0.527343789333723,1018.18778249298,23,1,"normal",36
"1797",-8.74303,0.317371709843842,1,0.716253991105199,80,0.0102547776104069,-5.04705032119434,7.60772555943993,-3.04085654962623,4.35948208713665,0.617319992169986,0.590170506754714,-3.86614159625255,-5.04705032119434,2.02916425196364,-3.04085654962623,1.47235326295119,-0.482367763633388,-0.527343789333723,1018.18778249298,23,1,"normal",37
"1798",-12.04882,0.185284786072854,0,0.691830075795999,80,0.0102547776104069,-5.04705032119434,7.60772555943993,-3.04085654962623,4.35948208713665,0.617319992169986,0.590170506754714,-3.86614159625255,-5.04705032119434,2.02916425196364,-3.04085654962623,1.47235326295119,-0.482367763633388,-0.527343789333723,1018.18778249298,23,1,"normal",38
"1799",-10.08358,0.259022371700394,0,0.628114208421564,80,0.0102547776104069,-5.04705032119434,7.60772555943993,-3.04085654962623,4.35948208713665,0.617319992169986,0.590170506754714,-3.86614159625255,-5.04705032119434,2.02916425196364,-3.04085654962623,1.47235326295119,-0.482367763633388,-0.527343789333723,1018.18778249298,23,1,"normal",39
"1800",-10.65915,0.235883495193512,1,0.76190548070298,80,0.0102547776104069,-5.04705032119434,7.60772555943993,-3.04085654962623,4.35948208713665,0.617319992169986,0.590170506754714,-3.86614159625255,-5.04705032119434,2.02916425196364,-3.04085654962623,1.47235326295119,-0.482367763633388,-0.527343789333723,1018.18778249298,23,1,"normal",40
"1801",-7.14,0.393839353554014,0,0.802997594204836,80,0.0102547776104069,-5.04705032119434,7.60772555943993,-3.04085654962623,4.35948208713665,0.617319992169986,0.590170506754714,-3.86614159625255,-5.04705032119434,2.02916425196364,-3.04085654962623,1.47235326295119,-0.482367763633388,-0.527343789333723,1018.18778249298,23,1,"normal",41
"1802",-11.34529,0.209944351633698,1,0.647807398201,80,0.0102547776104069,-5.04705032119434,7.60772555943993,-3.04085654962623,4.35948208713665,0.617319992169986,0.590170506754714,-3.86614159625255,-5.04705032119434,2.02916425196364,-3.04085654962623,1.47235326295119,-0.482367763633388,-0.527343789333723,1018.18778249298,23,1,"normal",42
"1803",-3.0681,0.600511246407632,1,0.662570919935836,80,0.0102547776104069,-5.04705032119434,7.60772555943993,-3.04085654962623,4.35948208713665,0.617319992169986,0.590170506754714,-3.86614159625255,-5.04705032119434,2.02916425196364,-3.04085654962623,1.47235326295119,-0.482367763633388,-0.527343789333723,1018.18778249298,23,1,"normal",43
"1804",-5.38399,0.482699222217976,0,0.805804640819775,80,0.0102547776104069,-5.04705032119434,7.60772555943993,-3.04085654962623,4.35948208713665,0.617319992169986,0.590170506754714,-3.86614159625255,-5.04705032119434,2.02916425196364,-3.04085654962623,1.47235326295119,-0.482367763633388,-0.527343789333723,1018.18778249298,23,1,"normal",44
"1805",-15.72862,0.0887639768005622,0,0.62324541184322,80,0.0102547776104069,-5.04705032119434,7.60772555943993,-3.04085654962623,4.35948208713665,0.617319992169986,0.590170506754714,-3.86614159625255,-5.04705032119434,2.02916425196364,-3.04085654962623,1.47235326295119,-0.482367763633388,-0.527343789333723,1018.18778249298,23,1,"normal",45
"1806",-1.4575,0.677753811469063,0,0.656969800590781,80,0.0102547776104069,-5.04705032119434,7.60772555943993,-3.04085654962623,4.35948208713665,0.617319992169986,0.590170506754714,-3.86614159625255,-5.04705032119434,2.02916425196364,-3.04085654962623,1.47235326295119,-0.482367763633388,-0.527343789333723,1018.18778249298,23,1,"normal",46
"1807",1.79944,0.809444237191601,1,0.720222743405163,80,0.0102547776104069,-5.04705032119434,7.60772555943993,-3.04085654962623,4.35948208713665,0.617319992169986,0.590170506754714,-3.86614159625255,-5.04705032119434,2.02916425196364,-3.04085654962623,1.47235326295119,-0.482367763633388,-0.527343789333723,1018.18778249298,23,1,"normal",47
"1808",-17.52617,0.0596887943250706,0,0.629017667979933,80,0.0102547776104069,-5.04705032119434,7.60772555943993,-3.04085654962623,4.35948208713665,0.617319992169986,0.590170506754714,-3.86614159625255,-5.04705032119434,2.02916425196364,-3.04085654962623,1.47235326295119,-0.482367763633388,-0.527343789333723,1018.18778249298,23,1,"normal",48
"1809",-11.72191,0.196495454020376,0,0.698564539366023,80,0.0102547776104069,-5.04705032119434,7.60772555943993,-3.04085654962623,4.35948208713665,0.617319992169986,0.590170506754714,-3.86614159625255,-5.04705032119434,2.02916425196364,-3.04085654962623,1.47235326295119,-0.482367763633388,-0.527343789333723,1018.18778249298,23,1,"normal",49
"1810",5.53633,0.909336788343788,1,0.66019901850117,80,0.0102547776104069,-5.04705032119434,7.60772555943993,-3.04085654962623,4.35948208713665,0.617319992169986,0.590170506754714,-3.86614159625255,-5.04705032119434,2.02916425196364,-3.04085654962623,1.47235326295119,-0.482367763633388,-0.527343789333723,1018.18778249298,23,1,"normal",50
"1811",-1.17494,0.690622221730447,1,0.877883052997332,80,0.0102547776104069,-5.04705032119434,7.60772555943993,-3.04085654962623,4.35948208713665,0.617319992169986,0.590170506754714,-3.86614159625255,-5.04705032119434,2.02916425196364,-3.04085654962623,1.47235326295119,-0.482367763633388,-0.527343789333723,1018.18778249298,23,1,"normal",51
"1812",-0.95567,0.700442886978144,1,0.855728388555994,80,0.0102547776104069,-5.04705032119434,7.60772555943993,-3.04085654962623,4.35948208713665,0.617319992169986,0.590170506754714,-3.86614159625255,-5.04705032119434,2.02916425196364,-3.04085654962623,1.47235326295119,-0.482367763633388,-0.527343789333723,1018.18778249298,23,1,"normal",52
"1813",-15.82619,0.08691050673904,0,0.728107419545849,80,0.0102547776104069,-5.04705032119434,7.60772555943993,-3.04085654962623,4.35948208713665,0.617319992169986,0.590170506754714,-3.86614159625255,-5.04705032119434,2.02916425196364,-3.04085654962623,1.47235326295119,-0.482367763633388,-0.527343789333723,1018.18778249298,23,1,"normal",53
"1814",-12.75304,0.162614571875407,0,0.705020159477889,80,0.0102547776104069,-5.04705032119434,7.60772555943993,-3.04085654962623,4.35948208713665,0.617319992169986,0.590170506754714,-3.86614159625255,-5.04705032119434,2.02916425196364,-3.04085654962623,1.47235326295119,-0.482367763633388,-0.527343789333723,1018.18778249298,23,1,"normal",54
"1815",-2.92723,0.607488918023039,0,0.782239612747822,80,0.0102547776104069,-5.04705032119434,7.60772555943993,-3.04085654962623,4.35948208713665,0.617319992169986,0.590170506754714,-3.86614159625255,-5.04705032119434,2.02916425196364,-3.04085654962623,1.47235326295119,-0.482367763633388,-0.527343789333723,1018.18778249298,23,1,"normal",55
"1816",0.76983,0.772049198864773,0,0.642007867126068,80,0.0102547776104069,-5.04705032119434,7.60772555943993,-3.04085654962623,4.35948208713665,0.617319992169986,0.590170506754714,-3.86614159625255,-5.04705032119434,2.02916425196364,-3.04085654962623,1.47235326295119,-0.482367763633388,-0.527343789333723,1018.18778249298,23,1,"normal",56
"1817",-8.32342,0.336774316253028,0,0.957782155502894,80,0.0102547776104069,-5.04705032119434,7.60772555943993,-3.04085654962623,4.35948208713665,0.617319992169986,0.590170506754714,-3.86614159625255,-5.04705032119434,2.02916425196364,-3.04085654962623,1.47235326295119,-0.482367763633388,-0.527343789333723,1018.18778249298,23,1,"normal",57
"1818",-14.27405,0.120539865742782,0,0.689574771363233,80,0.0102547776104069,-5.04705032119434,7.60772555943993,-3.04085654962623,4.35948208713665,0.617319992169986,0.590170506754714,-3.86614159625255,-5.04705032119434,2.02916425196364,-3.04085654962623,1.47235326295119,-0.482367763633388,-0.527343789333723,1018.18778249298,23,1,"normal",58
"1819",-12.82427,0.160434547627679,0,0.681905860378036,80,0.0102547776104069,-5.04705032119434,7.60772555943993,-3.04085654962623,4.35948208713665,0.617319992169986,0.590170506754714,-3.86614159625255,-5.04705032119434,2.02916425196364,-3.04085654962623,1.47235326295119,-0.482367763633388,-0.527343789333723,1018.18778249298,23,1,"normal",59
"1820",-13.46927,0.141637436376036,0,0.64763933561248,80,0.0102547776104069,-5.04705032119434,7.60772555943993,-3.04085654962623,4.35948208713665,0.617319992169986,0.590170506754714,-3.86614159625255,-5.04705032119434,2.02916425196364,-3.04085654962623,1.47235326295119,-0.482367763633388,-0.527343789333723,1018.18778249298,23,1,"normal",60
"1821",-12.71262,0.163860881235903,0,0.611060005360647,80,0.0102547776104069,-5.04705032119434,7.60772555943993,-3.04085654962623,4.35948208713665,0.617319992169986,0.590170506754714,-3.86614159625255,-5.04705032119434,2.02916425196364,-3.04085654962623,1.47235326295119,-0.482367763633388,-0.527343789333723,1018.18778249298,23,1,"normal",61
"1822",-8.78664,0.315383860882466,1,0.677220237889377,80,0.0102547776104069,-5.04705032119434,7.60772555943993,-3.04085654962623,4.35948208713665,0.617319992169986,0.590170506754714,-3.86614159625255,-5.04705032119434,2.02916425196364,-3.04085654962623,1.47235326295119,-0.482367763633388,-0.527343789333723,1018.18778249298,23,1,"normal",62
"1823",-3.10751,0.598553035654751,1,0.660578853773339,80,0.0102547776104069,-5.04705032119434,7.60772555943993,-3.04085654962623,4.35948208713665,0.617319992169986,0.590170506754714,-3.86614159625255,-5.04705032119434,2.02916425196364,-3.04085654962623,1.47235326295119,-0.482367763633388,-0.527343789333723,1018.18778249298,23,1,"normal",63
"1824",3.43387,0.859989265701502,1,0.687916399808789,80,0.0102547776104069,-5.04705032119434,7.60772555943993,-3.04085654962623,4.35948208713665,0.617319992169986,0.590170506754714,-3.86614159625255,-5.04705032119434,2.02916425196364,-3.04085654962623,1.47235326295119,-0.482367763633388,-0.527343789333723,1018.18778249298,23,1,"normal",64
"1825",-11.4787,0.205115481400496,1,0.758683015756611,80,0.0102547776104069,-5.04705032119434,7.60772555943993,-3.04085654962623,4.35948208713665,0.617319992169986,0.590170506754714,-3.86614159625255,-5.04705032119434,2.02916425196364,-3.04085654962623,1.47235326295119,-0.482367763633388,-0.527343789333723,1018.18778249298,23,1,"normal",65
"1826",1.56632,0.801347632298621,1,0.700535630235091,80,0.0102547776104069,-5.04705032119434,7.60772555943993,-3.04085654962623,4.35948208713665,0.617319992169986,0.590170506754714,-3.86614159625255,-5.04705032119434,2.02916425196364,-3.04085654962623,1.47235326295119,-0.482367763633388,-0.527343789333723,1018.18778249298,23,1,"normal",66
"1827",-3.29016,0.589444482979253,1,0.903003372472851,80,0.0102547776104069,-5.04705032119434,7.60772555943993,-3.04085654962623,4.35948208713665,0.617319992169986,0.590170506754714,-3.86614159625255,-5.04705032119434,2.02916425196364,-3.04085654962623,1.47235326295119,-0.482367763633388,-0.527343789333723,1018.18778249298,23,1,"normal",67
"1828",-4.05359,0.550883039965365,0,0.684270824751183,80,0.0102547776104069,-5.04705032119434,7.60772555943993,-3.04085654962623,4.35948208713665,0.617319992169986,0.590170506754714,-3.86614159625255,-5.04705032119434,2.02916425196364,-3.04085654962623,1.47235326295119,-0.482367763633388,-0.527343789333723,1018.18778249298,23,1,"normal",68
"1829",-9.07522,0.30237295137449,0,0.797630725929809,80,0.0102547776104069,-5.04705032119434,7.60772555943993,-3.04085654962623,4.35948208713665,0.617319992169986,0.590170506754714,-3.86614159625255,-5.04705032119434,2.02916425196364,-3.04085654962623,1.47235326295119,-0.482367763633388,-0.527343789333723,1018.18778249298,23,1,"normal",69
"1830",0.43262,0.75890164902018,0,0.652787069077645,80,0.0102547776104069,-5.04705032119434,7.60772555943993,-3.04085654962623,4.35948208713665,0.617319992169986,0.590170506754714,-3.86614159625255,-5.04705032119434,2.02916425196364,-3.04085654962623,1.47235326295119,-0.482367763633388,-0.527343789333723,1018.18778249298,23,1,"normal",70
"1831",-3.00897,0.603444346326936,1,0.662421442778443,80,0.0102547776104069,-5.04705032119434,7.60772555943993,-3.04085654962623,4.35948208713665,0.617319992169986,0.590170506754714,-3.86614159625255,-5.04705032119434,2.02916425196364,-3.04085654962623,1.47235326295119,-0.482367763633388,-0.527343789333723,1018.18778249298,23,1,"normal",71
"1832",-10.94142,0.224991070088061,0,0.893670261543381,80,0.0102547776104069,-5.04705032119434,7.60772555943993,-3.04085654962623,4.35948208713665,0.617319992169986,0.590170506754714,-3.86614159625255,-5.04705032119434,2.02916425196364,-3.04085654962623,1.47235326295119,-0.482367763633388,-0.527343789333723,1018.18778249298,23,1,"normal",72
"1833",-12.28669,0.177400582330077,0,0.634447417025803,80,0.0102547776104069,-5.04705032119434,7.60772555943993,-3.04085654962623,4.35948208713665,0.617319992169986,0.590170506754714,-3.86614159625255,-5.04705032119434,2.02916425196364,-3.04085654962623,1.47235326295119,-0.482367763633388,-0.527343789333723,1018.18778249298,23,1,"normal",73
"1834",-10.26863,0.251449890674874,1,0.651641668459025,80,0.0102547776104069,-5.04705032119434,7.60772555943993,-3.04085654962623,4.35948208713665,0.617319992169986,0.590170506754714,-3.86614159625255,-5.04705032119434,2.02916425196364,-3.04085654962623,1.47235326295119,-0.482367763633388,-0.527343789333723,1018.18778249298,23,1,"normal",74
"1835",-12.97835,0.155789894624842,1,0.651525755523508,80,0.0102547776104069,-5.04705032119434,7.60772555943993,-3.04085654962623,4.35948208713665,0.617319992169986,0.590170506754714,-3.86614159625255,-5.04705032119434,2.02916425196364,-3.04085654962623,1.47235326295119,-0.482367763633388,-0.527343789333723,1018.18778249298,23,1,"normal",75
"1836",1.57354,0.801601682959952,0,0.80104694548972,80,0.0102547776104069,-5.04705032119434,7.60772555943993,-3.04085654962623,4.35948208713665,0.617319992169986,0.590170506754714,-3.86614159625255,-5.04705032119434,2.02916425196364,-3.04085654962623,1.47235326295119,-0.482367763633388,-0.527343789333723,1018.18778249298,23,1,"normal",76
"1837",-12.22479,0.179430043134587,0,0.728668236058006,80,0.0102547776104069,-5.04705032119434,7.60772555943993,-3.04085654962623,4.35948208713665,0.617319992169986,0.590170506754714,-3.86614159625255,-5.04705032119434,2.02916425196364,-3.04085654962623,1.47235326295119,-0.482367763633388,-0.527343789333723,1018.18778249298,23,1,"normal",77
"1838",-12.80001,0.16117470283919,0,0.676005433640054,80,0.0102547776104069,-5.04705032119434,7.60772555943993,-3.04085654962623,4.35948208713665,0.617319992169986,0.590170506754714,-3.86614159625255,-5.04705032119434,2.02916425196364,-3.04085654962623,1.47235326295119,-0.482367763633388,-0.527343789333723,1018.18778249298,23,1,"normal",78
"1839",-1.47688,0.676862708795722,0,1.03767355181448,80,0.0102547776104069,-5.04705032119434,7.60772555943993,-3.04085654962623,4.35948208713665,0.617319992169986,0.590170506754714,-3.86614159625255,-5.04705032119434,2.02916425196364,-3.04085654962623,1.47235326295119,-0.482367763633388,-0.527343789333723,1018.18778249298,23,1,"normal",79
"1840",-15.54418,0.0923598978056861,0,0.628499984823148,80,0.0102547776104069,-5.04705032119434,7.60772555943993,-3.04085654962623,4.35948208713665,0.617319992169986,0.590170506754714,-3.86614159625255,-5.04705032119434,2.02916425196364,-3.04085654962623,1.47235326295119,-0.482367763633388,-0.527343789333723,1018.18778249298,23,1,"normal",80
"1841",-9.08584155402,0.296074903741261,1,1.31941071214377,80,0.00164756771830451,6.85314759986142,29.644281776048,-1.718247549563,1.94585945814732,0.423159464237558,1.16781457886092,-5.7120074318464,6.85314759986142,3.38926924937547,-1.718247549563,0.66570376026538,-0.860006186963339,0.155134120828528,-1303.45580047339,24,1,"normal",1
"1842",-11.2451910558,0.27151506310501,0,1.53799917207901,80,0.00164756771830451,6.85314759986142,29.644281776048,-1.718247549563,1.94585945814732,0.423159464237558,1.16781457886092,-5.7120074318464,6.85314759986142,3.38926924937547,-1.718247549563,0.66570376026538,-0.860006186963339,0.155134120828528,-1303.45580047339,24,1,"normal",2
"1843",-0.9835938397,0.396095049682132,0,1.43985420789241,80,0.00164756771830451,6.85314759986142,29.644281776048,-1.718247549563,1.94585945814732,0.423159464237558,1.16781457886092,-5.7120074318464,6.85314759986142,3.38926924937547,-1.718247549563,0.66570376026538,-0.860006186963339,0.155134120828528,-1303.45580047339,24,1,"normal",3
"1844",3.5746496722,0.456113997388329,0,1.59440461182098,80,0.00164756771830451,6.85314759986142,29.644281776048,-1.718247549563,1.94585945814732,0.423159464237558,1.16781457886092,-5.7120074318464,6.85314759986142,3.38926924937547,-1.718247549563,0.66570376026538,-0.860006186963339,0.155134120828528,-1303.45580047339,24,1,"normal",4
"1845",5.01238,0.475325085801501,0,1.56738420394583,80,0.00164756771830451,6.85314759986142,29.644281776048,-1.718247549563,1.94585945814732,0.423159464237558,1.16781457886092,-5.7120074318464,6.85314759986142,3.38926924937547,-1.718247549563,0.66570376026538,-0.860006186963339,0.155134120828528,-1303.45580047339,24,1,"normal",5
"1846",3.748,0.458425755443908,0,1.25699568954493,80,0.00164756771830451,6.85314759986142,29.644281776048,-1.718247549563,1.94585945814732,0.423159464237558,1.16781457886092,-5.7120074318464,6.85314759986142,3.38926924937547,-1.718247549563,0.66570376026538,-0.860006186963339,0.155134120828528,-1303.45580047339,24,1,"normal",6
"1847",27.4442,0.755503710867631,1,1.40485189172469,80,0.00164756771830451,6.85314759986142,29.644281776048,-1.718247549563,1.94585945814732,0.423159464237558,1.16781457886092,-5.7120074318464,6.85314759986142,3.38926924937547,-1.718247549563,0.66570376026538,-0.860006186963339,0.155134120828528,-1303.45580047339,24,1,"normal",7
"1848",11.10641,0.556855161770491,1,1.42030965135937,80,0.00164756771830451,6.85314759986142,29.644281776048,-1.718247549563,1.94585945814732,0.423159464237558,1.16781457886092,-5.7120074318464,6.85314759986142,3.38926924937547,-1.718247549563,0.66570376026538,-0.860006186963339,0.155134120828528,-1303.45580047339,24,1,"normal",8
"1849",7.26728538464,0.505554774595937,0,1.68545918968877,80,0.00164756771830451,6.85314759986142,29.644281776048,-1.718247549563,1.94585945814732,0.423159464237558,1.16781457886092,-5.7120074318464,6.85314759986142,3.38926924937547,-1.718247549563,0.66570376026538,-0.860006186963339,0.155134120828528,-1303.45580047339,24,1,"normal",9
"1850",-0.823286,0.398172943279157,0,1.37990460804731,80,0.00164756771830451,6.85314759986142,29.644281776048,-1.718247549563,1.94585945814732,0.423159464237558,1.16781457886092,-5.7120074318464,6.85314759986142,3.38926924937547,-1.718247549563,0.66570376026538,-0.860006186963339,0.155134120828528,-1303.45580047339,24,1,"normal",10
"1851",10.657712214,0.5508920272241,1,1.71142282159091,80,0.00164756771830451,6.85314759986142,29.644281776048,-1.718247549563,1.94585945814732,0.423159464237558,1.16781457886092,-5.7120074318464,6.85314759986142,3.38926924937547,-1.718247549563,0.66570376026538,-0.860006186963339,0.155134120828528,-1303.45580047339,24,1,"normal",11
"1852",4.86313,0.473327327004229,0,1.40403350238697,80,0.00164756771830451,6.85314759986142,29.644281776048,-1.718247549563,1.94585945814732,0.423159464237558,1.16781457886092,-5.7120074318464,6.85314759986142,3.38926924937547,-1.718247549563,0.66570376026538,-0.860006186963339,0.155134120828528,-1303.45580047339,24,1,"normal",12
"1853",10.10552,0.543537692627474,1,1.38561109815941,80,0.00164756771830451,6.85314759986142,29.644281776048,-1.718247549563,1.94585945814732,0.423159464237558,1.16781457886092,-5.7120074318464,6.85314759986142,3.38926924937547,-1.718247549563,0.66570376026538,-0.860006186963339,0.155134120828528,-1303.45580047339,24,1,"normal",13
"1854",10.43459,0.547922361973769,0,1.7981697401808,80,0.00164756771830451,6.85314759986142,29.644281776048,-1.718247549563,1.94585945814732,0.423159464237558,1.16781457886092,-5.7120074318464,6.85314759986142,3.38926924937547,-1.718247549563,0.66570376026538,-0.860006186963339,0.155134120828528,-1303.45580047339,24,1,"normal",14
"1855",-1.24868,0.392665569974765,0,1.41166851911257,80,0.00164756771830451,6.85314759986142,29.644281776048,-1.718247549563,1.94585945814732,0.423159464237558,1.16781457886092,-5.7120074318464,6.85314759986142,3.38926924937547,-1.718247549563,0.66570376026538,-0.860006186963339,0.155134120828528,-1303.45580047339,24,1,"normal",15
"1856",10.49646,0.548746104100868,0,1.37874440313875,80,0.00164756771830451,6.85314759986142,29.644281776048,-1.718247549563,1.94585945814732,0.423159464237558,1.16781457886092,-5.7120074318464,6.85314759986142,3.38926924937547,-1.718247549563,0.66570376026538,-0.860006186963339,0.155134120828528,-1303.45580047339,24,1,"normal",16
"1857",21.69813,0.69110189392432,1,1.51381752685851,80,0.00164756771830451,6.85314759986142,29.644281776048,-1.718247549563,1.94585945814732,0.423159464237558,1.16781457886092,-5.7120074318464,6.85314759986142,3.38926924937547,-1.718247549563,0.66570376026538,-0.860006186963339,0.155134120828528,-1303.45580047339,24,1,"normal",17
"1858",-4.98988,0.345272243692208,1,1.51308296995726,80,0.00164756771830451,6.85314759986142,29.644281776048,-1.718247549563,1.94585945814732,0.423159464237558,1.16781457886092,-5.7120074318464,6.85314759986142,3.38926924937547,-1.718247549563,0.66570376026538,-0.860006186963339,0.155134120828528,-1303.45580047339,24,1,"normal",18
"1859",13.00657,0.581948801469283,1,1.50143063340099,80,0.00164756771830451,6.85314759986142,29.644281776048,-1.718247549563,1.94585945814732,0.423159464237558,1.16781457886092,-5.7120074318464,6.85314759986142,3.38926924937547,-1.718247549563,0.66570376026538,-0.860006186963339,0.155134120828528,-1303.45580047339,24,1,"normal",19
"1860",12.09236,0.569910999325177,0,1.49167239445287,80,0.00164756771830451,6.85314759986142,29.644281776048,-1.718247549563,1.94585945814732,0.423159464237558,1.16781457886092,-5.7120074318464,6.85314759986142,3.38926924937547,-1.718247549563,0.66570376026538,-0.860006186963339,0.155134120828528,-1303.45580047339,24,1,"normal",20
"1861",10.23764,0.545298787932802,1,1.4509860523991,80,0.00164756771830451,6.85314759986142,29.644281776048,-1.718247549563,1.94585945814732,0.423159464237558,1.16781457886092,-5.7120074318464,6.85314759986142,3.38926924937547,-1.718247549563,0.66570376026538,-0.860006186963339,0.155134120828528,-1303.45580047339,24,1,"normal",21
"1862",10.2078003705,0.54490111727917,1,1.43645057311827,80,0.00164756771830451,6.85314759986142,29.644281776048,-1.718247549563,1.94585945814732,0.423159464237558,1.16781457886092,-5.7120074318464,6.85314759986142,3.38926924937547,-1.718247549563,0.66570376026538,-0.860006186963339,0.155134120828528,-1303.45580047339,24,1,"normal",22
"1863",8.86318,0.526940527244467,1,1.42269069058801,80,0.00164756771830451,6.85314759986142,29.644281776048,-1.718247549563,1.94585945814732,0.423159464237558,1.16781457886092,-5.7120074318464,6.85314759986142,3.38926924937547,-1.718247549563,0.66570376026538,-0.860006186963339,0.155134120828528,-1303.45580047339,24,1,"normal",23
"1864",4.6987,0.47112716261781,1,1.35524276328898,80,0.00164756771830451,6.85314759986142,29.644281776048,-1.718247549563,1.94585945814732,0.423159464237558,1.16781457886092,-5.7120074318464,6.85314759986142,3.38926924937547,-1.718247549563,0.66570376026538,-0.860006186963339,0.155134120828528,-1303.45580047339,24,1,"normal",24
"1865",31.6207,0.797296679080483,1,1.38567150558005,80,0.00164756771830451,6.85314759986142,29.644281776048,-1.718247549563,1.94585945814732,0.423159464237558,1.16781457886092,-5.7120074318464,6.85314759986142,3.38926924937547,-1.718247549563,0.66570376026538,-0.860006186963339,0.155134120828528,-1303.45580047339,24,1,"normal",25
"1866",-1.29244,0.392100235165409,0,1.48860083958627,80,0.00164756771830451,6.85314759986142,29.644281776048,-1.718247549563,1.94585945814732,0.423159464237558,1.16781457886092,-5.7120074318464,6.85314759986142,3.38926924937547,-1.718247549563,0.66570376026538,-0.860006186963339,0.155134120828528,-1303.45580047339,24,1,"normal",26
"1867",42.32524,0.883000859360924,1,1.30992007080987,80,0.00164756771830451,6.85314759986142,29.644281776048,-1.718247549563,1.94585945814732,0.423159464237558,1.16781457886092,-5.7120074318464,6.85314759986142,3.38926924937547,-1.718247549563,0.66570376026538,-0.860006186963339,0.155134120828528,-1303.45580047339,24,1,"normal",27
"1868",5.93542,0.48769220830757,1,1.48225441741236,80,0.00164756771830451,6.85314759986142,29.644281776048,-1.718247549563,1.94585945814732,0.423159464237558,1.16781457886092,-5.7120074318464,6.85314759986142,3.38926924937547,-1.718247549563,0.66570376026538,-0.860006186963339,0.155134120828528,-1303.45580047339,24,1,"normal",28
"1869",6.7193,0.498204667787171,1,1.39307754559403,80,0.00164756771830451,6.85314759986142,29.644281776048,-1.718247549563,1.94585945814732,0.423159464237558,1.16781457886092,-5.7120074318464,6.85314759986142,3.38926924937547,-1.718247549563,0.66570376026538,-0.860006186963339,0.155134120828528,-1303.45580047339,24,1,"normal",29
"1870",1.6494,0.430557378483901,1,1.58434773381331,80,0.00164756771830451,6.85314759986142,29.644281776048,-1.718247549563,1.94585945814732,0.423159464237558,1.16781457886092,-5.7120074318464,6.85314759986142,3.38926924937547,-1.718247549563,0.66570376026538,-0.860006186963339,0.155134120828528,-1303.45580047339,24,1,"normal",30
"1871",-29.47714,0.111470186070775,0,1.30548954246339,80,0.00164756771830451,6.85314759986142,29.644281776048,-1.718247549563,1.94585945814732,0.423159464237558,1.16781457886092,-5.7120074318464,6.85314759986142,3.38926924937547,-1.718247549563,0.66570376026538,-0.860006186963339,0.155134120828528,-1303.45580047339,24,1,"normal",31
"1872",3.78994734265,0.458985370877537,1,1.76155099432553,80,0.00164756771830451,6.85314759986142,29.644281776048,-1.718247549563,1.94585945814732,0.423159464237558,1.16781457886092,-5.7120074318464,6.85314759986142,3.38926924937547,-1.718247549563,0.66570376026538,-0.860006186963339,0.155134120828528,-1303.45580047339,24,1,"normal",32
"1873",-7.69784,0.312385434525845,0,1.53018909513238,80,0.00164756771830451,6.85314759986142,29.644281776048,-1.718247549563,1.94585945814732,0.423159464237558,1.16781457886092,-5.7120074318464,6.85314759986142,3.38926924937547,-1.718247549563,0.66570376026538,-0.860006186963339,0.155134120828528,-1303.45580047339,24,1,"normal",33
"1874",3.7863762644,0.458937726266313,1,1.41713258494442,80,0.00164756771830451,6.85314759986142,29.644281776048,-1.718247549563,1.94585945814732,0.423159464237558,1.16781457886092,-5.7120074318464,6.85314759986142,3.38926924937547,-1.718247549563,0.66570376026538,-0.860006186963339,0.155134120828528,-1303.45580047339,24,1,"normal",34
"1875",25.684,0.73657772541652,0,1.53118682880362,80,0.00164756771830451,6.85314759986142,29.644281776048,-1.718247549563,1.94585945814732,0.423159464237558,1.16781457886092,-5.7120074318464,6.85314759986142,3.38926924937547,-1.718247549563,0.66570376026538,-0.860006186963339,0.155134120828528,-1303.45580047339,24,1,"normal",35
"1876",-2.24287,0.379880134154639,0,1.39153880378623,80,0.00164756771830451,6.85314759986142,29.644281776048,-1.718247549563,1.94585945814732,0.423159464237558,1.16781457886092,-5.7120074318464,6.85314759986142,3.38926924937547,-1.718247549563,0.66570376026538,-0.860006186963339,0.155134120828528,-1303.45580047339,24,1,"normal",36
"1877",-0.77694,0.398774220425668,0,1.53954860098999,80,0.00164756771830451,6.85314759986142,29.644281776048,-1.718247549563,1.94585945814732,0.423159464237558,1.16781457886092,-5.7120074318464,6.85314759986142,3.38926924937547,-1.718247549563,0.66570376026538,-0.860006186963339,0.155134120828528,-1303.45580047339,24,1,"normal",37
"1878",-17.67791,0.204948350154508,0,1.31734885070425,80,0.00164756771830451,6.85314759986142,29.644281776048,-1.718247549563,1.94585945814732,0.423159464237558,1.16781457886092,-5.7120074318464,6.85314759986142,3.38926924937547,-1.718247549563,0.66570376026538,-0.860006186963339,0.155134120828528,-1303.45580047339,24,1,"normal",38
"1879",5.2360236406,0.47831978077688,1,1.47023600129156,80,0.00164756771830451,6.85314759986142,29.644281776048,-1.718247549563,1.94585945814732,0.423159464237558,1.16781457886092,-5.7120074318464,6.85314759986142,3.38926924937547,-1.718247549563,0.66570376026538,-0.860006186963339,0.155134120828528,-1303.45580047339,24,1,"normal",39
"1880",-2.2452,0.379850318663798,0,1.67352753090087,80,0.00164756771830451,6.85314759986142,29.644281776048,-1.718247549563,1.94585945814732,0.423159464237558,1.16781457886092,-5.7120074318464,6.85314759986142,3.38926924937547,-1.718247549563,0.66570376026538,-0.860006186963339,0.155134120828528,-1303.45580047339,24,1,"normal",40
"1881",4.1752009382,0.464128687189461,1,1.68748107351352,80,0.00164756771830451,6.85314759986142,29.644281776048,-1.718247549563,1.94585945814732,0.423159464237558,1.16781457886092,-5.7120074318464,6.85314759986142,3.38926924937547,-1.718247549563,0.66570376026538,-0.860006186963339,0.155134120828528,-1303.45580047339,24,1,"normal",41
"1882",24.609881,0.724668644011505,1,1.32967973561538,80,0.00164756771830451,6.85314759986142,29.644281776048,-1.718247549563,1.94585945814732,0.423159464237558,1.16781457886092,-5.7120074318464,6.85314759986142,3.38926924937547,-1.718247549563,0.66570376026538,-0.860006186963339,0.155134120828528,-1303.45580047339,24,1,"normal",42
"1883",26.5721,0.746220127033983,1,1.6208430740589,80,0.00164756771830451,6.85314759986142,29.644281776048,-1.718247549563,1.94585945814732,0.423159464237558,1.16781457886092,-5.7120074318464,6.85314759986142,3.38926924937547,-1.718247549563,0.66570376026538,-0.860006186963339,0.155134120828528,-1303.45580047339,24,1,"normal",43
"1884",2.99715314784,0.44842386330802,1,1.56501898726228,80,0.00164756771830451,6.85314759986142,29.644281776048,-1.718247549563,1.94585945814732,0.423159464237558,1.16781457886092,-5.7120074318464,6.85314759986142,3.38926924937547,-1.718247549563,0.66570376026538,-0.860006186963339,0.155134120828528,-1303.45580047339,24,1,"normal",44
"1885",-13.53723,0.246616008943913,0,1.41536117695499,80,0.00164756771830451,6.85314759986142,29.644281776048,-1.718247549563,1.94585945814732,0.423159464237558,1.16781457886092,-5.7120074318464,6.85314759986142,3.38926924937547,-1.718247549563,0.66570376026538,-0.860006186963339,0.155134120828528,-1303.45580047339,24,1,"normal",45
"1886",-13.85497,0.243264323243301,0,1.26008224042345,80,0.00164756771830451,6.85314759986142,29.644281776048,-1.718247549563,1.94585945814732,0.423159464237558,1.16781457886092,-5.7120074318464,6.85314759986142,3.38926924937547,-1.718247549563,0.66570376026538,-0.860006186963339,0.155134120828528,-1303.45580047339,24,1,"normal",46
"1887",44.629,0.897408458979077,1,1.25055266646761,80,0.00164756771830451,6.85314759986142,29.644281776048,-1.718247549563,1.94585945814732,0.423159464237558,1.16781457886092,-5.7120074318464,6.85314759986142,3.38926924937547,-1.718247549563,0.66570376026538,-0.860006186963339,0.155134120828528,-1303.45580047339,24,1,"normal",47
"1888",-10.015772,0.285372488451049,0,1.52006140397324,80,0.00164756771830451,6.85314759986142,29.644281776048,-1.718247549563,1.94585945814732,0.423159464237558,1.16781457886092,-5.7120074318464,6.85314759986142,3.38926924937547,-1.718247549563,0.66570376026538,-0.860006186963339,0.155134120828528,-1303.45580047339,24,1,"normal",48
"1889",9.89882,0.540780767375259,1,1.58114234776291,80,0.00164756771830451,6.85314759986142,29.644281776048,-1.718247549563,1.94585945814732,0.423159464237558,1.16781457886092,-5.7120074318464,6.85314759986142,3.38926924937547,-1.718247549563,0.66570376026538,-0.860006186963339,0.155134120828528,-1303.45580047339,24,1,"normal",49
"1890",8.915538,0.527641166052435,1,1.54968721872973,80,0.00164756771830451,6.85314759986142,29.644281776048,-1.718247549563,1.94585945814732,0.423159464237558,1.16781457886092,-5.7120074318464,6.85314759986142,3.38926924937547,-1.718247549563,0.66570376026538,-0.860006186963339,0.155134120828528,-1303.45580047339,24,1,"normal",50
"1891",-34.183869,0.0845046889801498,0,1.35218656248472,80,0.00164756771830451,6.85314759986142,29.644281776048,-1.718247549563,1.94585945814732,0.423159464237558,1.16781457886092,-5.7120074318464,6.85314759986142,3.38926924937547,-1.718247549563,0.66570376026538,-0.860006186963339,0.155134120828528,-1303.45580047339,24,1,"normal",51
"1892",-5.43291,0.339802092802449,0,1.46153159311289,80,0.00164756771830451,6.85314759986142,29.644281776048,-1.718247549563,1.94585945814732,0.423159464237558,1.16781457886092,-5.7120074318464,6.85314759986142,3.38926924937547,-1.718247549563,0.66570376026538,-0.860006186963339,0.155134120828528,-1303.45580047339,24,1,"normal",52
"1893",23.56905,0.712879287175548,1,1.79580033129585,80,0.00164756771830451,6.85314759986142,29.644281776048,-1.718247549563,1.94585945814732,0.423159464237558,1.16781457886092,-5.7120074318464,6.85314759986142,3.38926924937547,-1.718247549563,0.66570376026538,-0.860006186963339,0.155134120828528,-1303.45580047339,24,1,"normal",53
"1894",-21.838967,0.167650847671298,0,1.46294968834111,80,0.00164756771830451,6.85314759986142,29.644281776048,-1.718247549563,1.94585945814732,0.423159464237558,1.16781457886092,-5.7120074318464,6.85314759986142,3.38926924937547,-1.718247549563,0.66570376026538,-0.860006186963339,0.155134120828528,-1303.45580047339,24,1,"normal",54
"1895",22.32336,0.698460536454657,1,1.33124166146944,80,0.00164756771830451,6.85314759986142,29.644281776048,-1.718247549563,1.94585945814732,0.423159464237558,1.16781457886092,-5.7120074318464,6.85314759986142,3.38926924937547,-1.718247549563,0.66570376026538,-0.860006186963339,0.155134120828528,-1303.45580047339,24,1,"normal",55
"1896",24.51061,0.723554652271362,0,1.35634648962919,80,0.00164756771830451,6.85314759986142,29.644281776048,-1.718247549563,1.94585945814732,0.423159464237558,1.16781457886092,-5.7120074318464,6.85314759986142,3.38926924937547,-1.718247549563,0.66570376026538,-0.860006186963339,0.155134120828528,-1303.45580047339,24,1,"normal",56
"1897",-16.34355,0.217892581266369,0,1.26979628030179,80,0.00164756771830451,6.85314759986142,29.644281776048,-1.718247549563,1.94585945814732,0.423159464237558,1.16781457886092,-5.7120074318464,6.85314759986142,3.38926924937547,-1.718247549563,0.66570376026538,-0.860006186963339,0.155134120828528,-1303.45580047339,24,1,"normal",57
"1898",11.22575,0.558439051921072,1,1.5583222529449,80,0.00164756771830451,6.85314759986142,29.644281776048,-1.718247549563,1.94585945814732,0.423159464237558,1.16781457886092,-5.7120074318464,6.85314759986142,3.38926924937547,-1.718247549563,0.66570376026538,-0.860006186963339,0.155134120828528,-1303.45580047339,24,1,"normal",58
"1899",-0.57901,0.401344803361868,0,1.70165972083191,80,0.00164756771830451,6.85314759986142,29.644281776048,-1.718247549563,1.94585945814732,0.423159464237558,1.16781457886092,-5.7120074318464,6.85314759986142,3.38926924937547,-1.718247549563,0.66570376026538,-0.860006186963339,0.155134120828528,-1303.45580047339,24,1,"normal",59
"1900",6.84817,0.499933233948874,0,1.41004325169217,80,0.00164756771830451,6.85314759986142,29.644281776048,-1.718247549563,1.94585945814732,0.423159464237558,1.16781457886092,-5.7120074318464,6.85314759986142,3.38926924937547,-1.718247549563,0.66570376026538,-0.860006186963339,0.155134120828528,-1303.45580047339,24,1,"normal",60
"1901",6.67381,0.497594505240448,0,1.46103828429237,80,0.00164756771830451,6.85314759986142,29.644281776048,-1.718247549563,1.94585945814732,0.423159464237558,1.16781457886092,-5.7120074318464,6.85314759986142,3.38926924937547,-1.718247549563,0.66570376026538,-0.860006186963339,0.155134120828528,-1303.45580047339,24,1,"normal",61
"1902",-18.84711,0.193995001180083,1,1.32015727870433,80,0.00164756771830451,6.85314759986142,29.644281776048,-1.718247549563,1.94585945814732,0.423159464237558,1.16781457886092,-5.7120074318464,6.85314759986142,3.38926924937547,-1.718247549563,0.66570376026538,-0.860006186963339,0.155134120828528,-1303.45580047339,24,1,"normal",62
"1903",6.96609,0.501514926885328,0,1.50462630718755,80,0.00164756771830451,6.85314759986142,29.644281776048,-1.718247549563,1.94585945814732,0.423159464237558,1.16781457886092,-5.7120074318464,6.85314759986142,3.38926924937547,-1.718247549563,0.66570376026538,-0.860006186963339,0.155134120828528,-1303.45580047339,24,1,"normal",63
"1904",-3.2781,0.366706203612908,0,1.46991682331242,80,0.00164756771830451,6.85314759986142,29.644281776048,-1.718247549563,1.94585945814732,0.423159464237558,1.16781457886092,-5.7120074318464,6.85314759986142,3.38926924937547,-1.718247549563,0.66570376026538,-0.860006186963339,0.155134120828528,-1303.45580047339,24,1,"normal",64
"1905",32.1031,0.801829787213753,0,1.52575098830456,80,0.00164756771830451,6.85314759986142,29.644281776048,-1.718247549563,1.94585945814732,0.423159464237558,1.16781457886092,-5.7120074318464,6.85314759986142,3.38926924937547,-1.718247549563,0.66570376026538,-0.860006186963339,0.155134120828528,-1303.45580047339,24,1,"normal",65
"1906",-4.32789,0.353506646421517,0,1.52981252524887,80,0.00164756771830451,6.85314759986142,29.644281776048,-1.718247549563,1.94585945814732,0.423159464237558,1.16781457886092,-5.7120074318464,6.85314759986142,3.38926924937547,-1.718247549563,0.66570376026538,-0.860006186963339,0.155134120828528,-1303.45580047339,24,1,"normal",66
"1907",-10.79147,0.276589651218891,0,1.42561355595595,80,0.00164756771830451,6.85314759986142,29.644281776048,-1.718247549563,1.94585945814732,0.423159464237558,1.16781457886092,-5.7120074318464,6.85314759986142,3.38926924937547,-1.718247549563,0.66570376026538,-0.860006186963339,0.155134120828528,-1303.45580047339,24,1,"normal",67
"1908",-1.8530483,0.384878421611243,0,1.39213793240801,80,0.00164756771830451,6.85314759986142,29.644281776048,-1.718247549563,1.94585945814732,0.423159464237558,1.16781457886092,-5.7120074318464,6.85314759986142,3.38926924937547,-1.718247549563,0.66570376026538,-0.860006186963339,0.155134120828528,-1303.45580047339,24,1,"normal",68
"1909",1.69723,0.431189217140832,0,1.38630681624843,80,0.00164756771830451,6.85314759986142,29.644281776048,-1.718247549563,1.94585945814732,0.423159464237558,1.16781457886092,-5.7120074318464,6.85314759986142,3.38926924937547,-1.718247549563,0.66570376026538,-0.860006186963339,0.155134120828528,-1303.45580047339,24,1,"normal",69
"1910",-3.2938,0.366507578949176,0,1.63520806352938,80,0.00164756771830451,6.85314759986142,29.644281776048,-1.718247549563,1.94585945814732,0.423159464237558,1.16781457886092,-5.7120074318464,6.85314759986142,3.38926924937547,-1.718247549563,0.66570376026538,-0.860006186963339,0.155134120828528,-1303.45580047339,24,1,"normal",70
"1911",10.08141,0.543216224110916,0,1.39064124932078,80,0.00164756771830451,6.85314759986142,29.644281776048,-1.718247549563,1.94585945814732,0.423159464237558,1.16781457886092,-5.7120074318464,6.85314759986142,3.38926924937547,-1.718247549563,0.66570376026538,-0.860006186963339,0.155134120828528,-1303.45580047339,24,1,"normal",71
"1912",8.14492,0.517321451672822,1,1.36089974798454,80,0.00164756771830451,6.85314759986142,29.644281776048,-1.718247549563,1.94585945814732,0.423159464237558,1.16781457886092,-5.7120074318464,6.85314759986142,3.38926924937547,-1.718247549563,0.66570376026538,-0.860006186963339,0.155134120828528,-1303.45580047339,24,1,"normal",72
"1913",-9.03349,0.296682892031711,0,1.50348445080135,80,0.00164756771830451,6.85314759986142,29.644281776048,-1.718247549563,1.94585945814732,0.423159464237558,1.16781457886092,-5.7120074318464,6.85314759986142,3.38926924937547,-1.718247549563,0.66570376026538,-0.860006186963339,0.155134120828528,-1303.45580047339,24,1,"normal",73
"1914",16.48739,0.626987734687758,1,1.37635018753958,80,0.00164756771830451,6.85314759986142,29.644281776048,-1.718247549563,1.94585945814732,0.423159464237558,1.16781457886092,-5.7120074318464,6.85314759986142,3.38926924937547,-1.718247549563,0.66570376026538,-0.860006186963339,0.155134120828528,-1303.45580047339,24,1,"normal",74
"1915",-19.36466,0.189263780182997,0,1.26683531902875,80,0.00164756771830451,6.85314759986142,29.644281776048,-1.718247549563,1.94585945814732,0.423159464237558,1.16781457886092,-5.7120074318464,6.85314759986142,3.38926924937547,-1.718247549563,0.66570376026538,-0.860006186963339,0.155134120828528,-1303.45580047339,24,1,"normal",75
"1916",27.23637,0.753308228007774,0,1.61079305335489,80,0.00164756771830451,6.85314759986142,29.644281776048,-1.718247549563,1.94585945814732,0.423159464237558,1.16781457886092,-5.7120074318464,6.85314759986142,3.38926924937547,-1.718247549563,0.66570376026538,-0.860006186963339,0.155134120828528,-1303.45580047339,24,1,"normal",76
"1917",10.27894,0.545849114661876,1,1.58027266528416,80,0.00164756771830451,6.85314759986142,29.644281776048,-1.718247549563,1.94585945814732,0.423159464237558,1.16781457886092,-5.7120074318464,6.85314759986142,3.38926924937547,-1.718247549563,0.66570376026538,-0.860006186963339,0.155134120828528,-1303.45580047339,24,1,"normal",77
"1918",15.83747,0.618689734801679,1,1.40803914076458,80,0.00164756771830451,6.85314759986142,29.644281776048,-1.718247549563,1.94585945814732,0.423159464237558,1.16781457886092,-5.7120074318464,6.85314759986142,3.38926924937547,-1.718247549563,0.66570376026538,-0.860006186963339,0.155134120828528,-1303.45580047339,24,1,"normal",78
"1919",-2.57082,0.375690721270351,0,1.64513250784419,80,0.00164756771830451,6.85314759986142,29.644281776048,-1.718247549563,1.94585945814732,0.423159464237558,1.16781457886092,-5.7120074318464,6.85314759986142,3.38926924937547,-1.718247549563,0.66570376026538,-0.860006186963339,0.155134120828528,-1303.45580047339,24,1,"normal",79
"1920",6.09149,0.489784780328368,0,1.48199317457386,80,0.00164756771830451,6.85314759986142,29.644281776048,-1.718247549563,1.94585945814732,0.423159464237558,1.16781457886092,-5.7120074318464,6.85314759986142,3.38926924937547,-1.718247549563,0.66570376026538,-0.860006186963339,0.155134120828528,-1303.45580047339,24,1,"normal",80
"1921",7.2762798862,0.783113136364176,1,0.633569177678205,80,0.00278792977302229,-1.18598082096404,10.7366294016102,-1.84914334448491,2.82287157657472,0.506487887223601,0.477177433844943,-5.18371733217906,-1.18598082096404,2.3736612038472,-1.84914334448491,1.0377546564104,-0.680254870241549,-0.739866878550153,1221.55225544699,25,1,"normal",1
"1922",-7.15482689468,0.290304136203144,0,1.25161251558707,80,0.00278792977302229,-1.18598082096404,10.7366294016102,-1.84914334448491,2.82287157657472,0.506487887223601,0.477177433844943,-5.18371733217906,-1.18598082096404,2.3736612038472,-1.84914334448491,1.0377546564104,-0.680254870241549,-0.739866878550153,1221.55225544699,25,1,"normal",2
"1923",0.0667379178,0.5461830752276,1,0.681858997816765,80,0.00278792977302229,-1.18598082096404,10.7366294016102,-1.84914334448491,2.82287157657472,0.506487887223601,0.477177433844943,-5.18371733217906,-1.18598082096404,2.3736612038472,-1.84914334448491,1.0377546564104,-0.680254870241549,-0.739866878550153,1221.55225544699,25,1,"normal",3
"1924",-6.6209825536,0.307433948892356,0,0.692486061828337,80,0.00278792977302229,-1.18598082096404,10.7366294016102,-1.84914334448491,2.82287157657472,0.506487887223601,0.477177433844943,-5.18371733217906,-1.18598082096404,2.3736612038472,-1.84914334448491,1.0377546564104,-0.680254870241549,-0.739866878550153,1221.55225544699,25,1,"normal",4
"1925",2.75094,0.642273860288447,0,0.631703360045302,80,0.00278792977302229,-1.18598082096404,10.7366294016102,-1.84914334448491,2.82287157657472,0.506487887223601,0.477177433844943,-5.18371733217906,-1.18598082096404,2.3736612038472,-1.84914334448491,1.0377546564104,-0.680254870241549,-0.739866878550153,1221.55225544699,25,1,"normal",5
"1926",9.4524,0.837229505667069,1,0.71499735024099,80,0.00278792977302229,-1.18598082096404,10.7366294016102,-1.84914334448491,2.82287157657472,0.506487887223601,0.477177433844943,-5.18371733217906,-1.18598082096404,2.3736612038472,-1.84914334448491,1.0377546564104,-0.680254870241549,-0.739866878550153,1221.55225544699,25,1,"normal",6
"1927",-7.05301,0.293536055822883,0,1.40403146588466,80,0.00278792977302229,-1.18598082096404,10.7366294016102,-1.84914334448491,2.82287157657472,0.506487887223601,0.477177433844943,-5.18371733217906,-1.18598082096404,2.3736612038472,-1.84914334448491,1.0377546564104,-0.680254870241549,-0.739866878550153,1221.55225544699,25,1,"normal",7
"1928",18.68395,0.965282400836666,1,0.63217446680665,80,0.00278792977302229,-1.18598082096404,10.7366294016102,-1.84914334448491,2.82287157657472,0.506487887223601,0.477177433844943,-5.18371733217906,-1.18598082096404,2.3736612038472,-1.84914334448491,1.0377546564104,-0.680254870241549,-0.739866878550153,1221.55225544699,25,1,"normal",8
"1929",0.32196,0.555535686093947,0,0.796677819966242,80,0.00278792977302229,-1.18598082096404,10.7366294016102,-1.84914334448491,2.82287157657472,0.506487887223601,0.477177433844943,-5.18371733217906,-1.18598082096404,2.3736612038472,-1.84914334448491,1.0377546564104,-0.680254870241549,-0.739866878550153,1221.55225544699,25,1,"normal",9
"1930",15.79942,0.94070469345199,1,0.715082385019232,80,0.00278792977302229,-1.18598082096404,10.7366294016102,-1.84914334448491,2.82287157657472,0.506487887223601,0.477177433844943,-5.18371733217906,-1.18598082096404,2.3736612038472,-1.84914334448491,1.0377546564104,-0.680254870241549,-0.739866878550153,1221.55225544699,25,1,"normal",10
"1931",-2.13362,0.465030196908248,1,0.938747604061209,80,0.00278792977302229,-1.18598082096404,10.7366294016102,-1.84914334448491,2.82287157657472,0.506487887223601,0.477177433844943,-5.18371733217906,-1.18598082096404,2.3736612038472,-1.84914334448491,1.0377546564104,-0.680254870241549,-0.739866878550153,1221.55225544699,25,1,"normal",11
"1932",1.79185,0.608636131670081,1,0.791959641396788,80,0.00278792977302229,-1.18598082096404,10.7366294016102,-1.84914334448491,2.82287157657472,0.506487887223601,0.477177433844943,-5.18371733217906,-1.18598082096404,2.3736612038472,-1.84914334448491,1.0377546564104,-0.680254870241549,-0.739866878550153,1221.55225544699,25,1,"normal",12
"1933",-10.721474,0.188980079469893,0,0.659150294995943,80,0.00278792977302229,-1.18598082096404,10.7366294016102,-1.84914334448491,2.82287157657472,0.506487887223601,0.477177433844943,-5.18371733217906,-1.18598082096404,2.3736612038472,-1.84914334448491,1.0377546564104,-0.680254870241549,-0.739866878550153,1221.55225544699,25,1,"normal",13
"1934",-8.54335,0.248003306981454,1,1.31037984936358,80,0.00278792977302229,-1.18598082096404,10.7366294016102,-1.84914334448491,2.82287157657472,0.506487887223601,0.477177433844943,-5.18371733217906,-1.18598082096404,2.3736612038472,-1.84914334448491,1.0377546564104,-0.680254870241549,-0.739866878550153,1221.55225544699,25,1,"normal",14
"1935",-1.1621940217,0.500878920135523,1,0.747600806669625,80,0.00278792977302229,-1.18598082096404,10.7366294016102,-1.84914334448491,2.82287157657472,0.506487887223601,0.477177433844943,-5.18371733217906,-1.18598082096404,2.3736612038472,-1.84914334448491,1.0377546564104,-0.680254870241549,-0.739866878550153,1221.55225544699,25,1,"normal",15
"1936",-22.9917,0.0237993854723149,0,0.59087139053503,80,0.00278792977302229,-1.18598082096404,10.7366294016102,-1.84914334448491,2.82287157657472,0.506487887223601,0.477177433844943,-5.18371733217906,-1.18598082096404,2.3736612038472,-1.84914334448491,1.0377546564104,-0.680254870241549,-0.739866878550153,1221.55225544699,25,1,"normal",16
"1937",-47.53136,0.00279580932440675,0,0.636085208353599,80,0.00278792977302229,-1.18598082096404,10.7366294016102,-1.84914334448491,2.82287157657472,0.506487887223601,0.477177433844943,-5.18371733217906,-1.18598082096404,2.3736612038472,-1.84914334448491,1.0377546564104,-0.680254870241549,-0.739866878550153,1221.55225544699,25,1,"normal",17
"1938",-4.357023,0.3845115784175,0,0.667720848936957,80,0.00278792977302229,-1.18598082096404,10.7366294016102,-1.84914334448491,2.82287157657472,0.506487887223601,0.477177433844943,-5.18371733217906,-1.18598082096404,2.3736612038472,-1.84914334448491,1.0377546564104,-0.680254870241549,-0.739866878550153,1221.55225544699,25,1,"normal",18
"1939",-25.56874,0.0142972403733624,0,0.758425934522549,80,0.00278792977302229,-1.18598082096404,10.7366294016102,-1.84914334448491,2.82287157657472,0.506487887223601,0.477177433844943,-5.18371733217906,-1.18598082096404,2.3736612038472,-1.84914334448491,1.0377546564104,-0.680254870241549,-0.739866878550153,1221.55225544699,25,1,"normal",19
"1940",4.30467,0.694372627504149,1,0.806481147608465,80,0.00278792977302229,-1.18598082096404,10.7366294016102,-1.84914334448491,2.82287157657472,0.506487887223601,0.477177433844943,-5.18371733217906,-1.18598082096404,2.3736612038472,-1.84914334448491,1.0377546564104,-0.680254870241549,-0.739866878550153,1221.55225544699,25,1,"normal",20
"1941",-7.62272,0.275673549943537,1,0.621120728119766,80,0.00278792977302229,-1.18598082096404,10.7366294016102,-1.84914334448491,2.82287157657472,0.506487887223601,0.477177433844943,-5.18371733217906,-1.18598082096404,2.3736612038472,-1.84914334448491,1.0377546564104,-0.680254870241549,-0.739866878550153,1221.55225544699,25,1,"normal",21
"1942",-12.22728,0.153827372369574,0,0.688543777107744,80,0.00278792977302229,-1.18598082096404,10.7366294016102,-1.84914334448491,2.82287157657472,0.506487887223601,0.477177433844943,-5.18371733217906,-1.18598082096404,2.3736612038472,-1.84914334448491,1.0377546564104,-0.680254870241549,-0.739866878550153,1221.55225544699,25,1,"normal",22
"1943",-8.91149,0.237374559093668,0,0.647564535404436,80,0.00278792977302229,-1.18598082096404,10.7366294016102,-1.84914334448491,2.82287157657472,0.506487887223601,0.477177433844943,-5.18371733217906,-1.18598082096404,2.3736612038472,-1.84914334448491,1.0377546564104,-0.680254870241549,-0.739866878550153,1221.55225544699,25,1,"normal",23
"1944",-8.03354,0.263138029715278,0,0.858957193402269,80,0.00278792977302229,-1.18598082096404,10.7366294016102,-1.84914334448491,2.82287157657472,0.506487887223601,0.477177433844943,-5.18371733217906,-1.18598082096404,2.3736612038472,-1.84914334448491,1.0377546564104,-0.680254870241549,-0.739866878550153,1221.55225544699,25,1,"normal",24
"1945",-2.36809,0.456409220978499,0,0.894902803026235,80,0.00278792977302229,-1.18598082096404,10.7366294016102,-1.84914334448491,2.82287157657472,0.506487887223601,0.477177433844943,-5.18371733217906,-1.18598082096404,2.3736612038472,-1.84914334448491,1.0377546564104,-0.680254870241549,-0.739866878550153,1221.55225544699,25,1,"normal",25
"1946",-10.70387,0.189418874742691,0,1.094500061231,80,0.00278792977302229,-1.18598082096404,10.7366294016102,-1.84914334448491,2.82287157657472,0.506487887223601,0.477177433844943,-5.18371733217906,-1.18598082096404,2.3736612038472,-1.84914334448491,1.0377546564104,-0.680254870241549,-0.739866878550153,1221.55225544699,25,1,"normal",26
"1947",0.74215,0.570863222837847,1,0.766280013852894,80,0.00278792977302229,-1.18598082096404,10.7366294016102,-1.84914334448491,2.82287157657472,0.506487887223601,0.477177433844943,-5.18371733217906,-1.18598082096404,2.3736612038472,-1.84914334448491,1.0377546564104,-0.680254870241549,-0.739866878550153,1221.55225544699,25,1,"normal",27
"1948",-12.30247,0.152195968633815,0,0.668115761773842,80,0.00278792977302229,-1.18598082096404,10.7366294016102,-1.84914334448491,2.82287157657472,0.506487887223601,0.477177433844943,-5.18371733217906,-1.18598082096404,2.3736612038472,-1.84914334448491,1.0377546564104,-0.680254870241549,-0.739866878550153,1221.55225544699,25,1,"normal",28
"1949",-17.16643,0.0707290801859152,0,0.63792536569275,80,0.00278792977302229,-1.18598082096404,10.7366294016102,-1.84914334448491,2.82287157657472,0.506487887223601,0.477177433844943,-5.18371733217906,-1.18598082096404,2.3736612038472,-1.84914334448491,1.0377546564104,-0.680254870241549,-0.739866878550153,1221.55225544699,25,1,"normal",29
"1950",-10.42005,0.196581249859839,0,0.558848745349297,80,0.00278792977302229,-1.18598082096404,10.7366294016102,-1.84914334448491,2.82287157657472,0.506487887223601,0.477177433844943,-5.18371733217906,-1.18598082096404,2.3736612038472,-1.84914334448491,1.0377546564104,-0.680254870241549,-0.739866878550153,1221.55225544699,25,1,"normal",30
"1951",-0.35908,0.530523758720274,1,0.68471182386267,80,0.00278792977302229,-1.18598082096404,10.7366294016102,-1.84914334448491,2.82287157657472,0.506487887223601,0.477177433844943,-5.18371733217906,-1.18598082096404,2.3736612038472,-1.84914334448491,1.0377546564104,-0.680254870241549,-0.739866878550153,1221.55225544699,25,1,"normal",31
"1952",5.47568,0.73122635461431,1,1.05750742377167,80,0.00278792977302229,-1.18598082096404,10.7366294016102,-1.84914334448491,2.82287157657472,0.506487887223601,0.477177433844943,-5.18371733217906,-1.18598082096404,2.3736612038472,-1.84914334448491,1.0377546564104,-0.680254870241549,-0.739866878550153,1221.55225544699,25,1,"normal",32
"1953",4.76945,0.709270998251385,1,0.975895326194996,80,0.00278792977302229,-1.18598082096404,10.7366294016102,-1.84914334448491,2.82287157657472,0.506487887223601,0.477177433844943,-5.18371733217906,-1.18598082096404,2.3736612038472,-1.84914334448491,1.0377546564104,-0.680254870241549,-0.739866878550153,1221.55225544699,25,1,"normal",33
"1954",7.99512,0.802063784330554,1,0.645566721584375,80,0.00278792977302229,-1.18598082096404,10.7366294016102,-1.84914334448491,2.82287157657472,0.506487887223601,0.477177433844943,-5.18371733217906,-1.18598082096404,2.3736612038472,-1.84914334448491,1.0377546564104,-0.680254870241549,-0.739866878550153,1221.55225544699,25,1,"normal",34
"1955",-11.376149,0.173116964339554,0,0.722773869468865,80,0.00278792977302229,-1.18598082096404,10.7366294016102,-1.84914334448491,2.82287157657472,0.506487887223601,0.477177433844943,-5.18371733217906,-1.18598082096404,2.3736612038472,-1.84914334448491,1.0377546564104,-0.680254870241549,-0.739866878550153,1221.55225544699,25,1,"normal",35
"1956",4.61515,0.704363203920952,0,0.67307315817122,80,0.00278792977302229,-1.18598082096404,10.7366294016102,-1.84914334448491,2.82287157657472,0.506487887223601,0.477177433844943,-5.18371733217906,-1.18598082096404,2.3736612038472,-1.84914334448491,1.0377546564104,-0.680254870241549,-0.739866878550153,1221.55225544699,25,1,"normal",36
"1957",12.86841,0.902478333419219,0,0.759891177030493,80,0.00278792977302229,-1.18598082096404,10.7366294016102,-1.84914334448491,2.82287157657472,0.506487887223601,0.477177433844943,-5.18371733217906,-1.18598082096404,2.3736612038472,-1.84914334448491,1.0377546564104,-0.680254870241549,-0.739866878550153,1221.55225544699,25,1,"normal",37
"1958",-4.95779,0.363446229026521,0,0.743349537264753,80,0.00278792977302229,-1.18598082096404,10.7366294016102,-1.84914334448491,2.82287157657472,0.506487887223601,0.477177433844943,-5.18371733217906,-1.18598082096404,2.3736612038472,-1.84914334448491,1.0377546564104,-0.680254870241549,-0.739866878550153,1221.55225544699,25,1,"normal",38
"1959",-5.409834,0.347862913834114,1,0.668933804152547,80,0.00278792977302229,-1.18598082096404,10.7366294016102,-1.84914334448491,2.82287157657472,0.506487887223601,0.477177433844943,-5.18371733217906,-1.18598082096404,2.3736612038472,-1.84914334448491,1.0377546564104,-0.680254870241549,-0.739866878550153,1221.55225544699,25,1,"normal",39
"1960",-15.58087,0.0922906257440298,0,0.75499727173451,80,0.00278792977302229,-1.18598082096404,10.7366294016102,-1.84914334448491,2.82287157657472,0.506487887223601,0.477177433844943,-5.18371733217906,-1.18598082096404,2.3736612038472,-1.84914334448491,1.0377546564104,-0.680254870241549,-0.739866878550153,1221.55225544699,25,1,"normal",40
"1961",1.70573,0.605570694808507,1,0.752701979258206,80,0.00278792977302229,-1.18598082096404,10.7366294016102,-1.84914334448491,2.82287157657472,0.506487887223601,0.477177433844943,-5.18371733217906,-1.18598082096404,2.3736612038472,-1.84914334448491,1.0377546564104,-0.680254870241549,-0.739866878550153,1221.55225544699,25,1,"normal",41
"1962",-14.48662,0.109895380747227,0,0.681260836510581,80,0.00278792977302229,-1.18598082096404,10.7366294016102,-1.84914334448491,2.82287157657472,0.506487887223601,0.477177433844943,-5.18371733217906,-1.18598082096404,2.3736612038472,-1.84914334448491,1.0377546564104,-0.680254870241549,-0.739866878550153,1221.55225544699,25,1,"normal",42
"1963",-9.32693,0.225691537618339,0,0.679417829158202,80,0.00278792977302229,-1.18598082096404,10.7366294016102,-1.84914334448491,2.82287157657472,0.506487887223601,0.477177433844943,-5.18371733217906,-1.18598082096404,2.3736612038472,-1.84914334448491,1.0377546564104,-0.680254870241549,-0.739866878550153,1221.55225544699,25,1,"normal",43
"1964",-11.89714,0.161130041467079,1,0.624765217961365,80,0.00278792977302229,-1.18598082096404,10.7366294016102,-1.84914334448491,2.82287157657472,0.506487887223601,0.477177433844943,-5.18371733217906,-1.18598082096404,2.3736612038472,-1.84914334448491,1.0377546564104,-0.680254870241549,-0.739866878550153,1221.55225544699,25,1,"normal",44
"1965",5.60795,0.735242503295783,1,0.665605520581141,80,0.00278792977302229,-1.18598082096404,10.7366294016102,-1.84914334448491,2.82287157657472,0.506487887223601,0.477177433844943,-5.18371733217906,-1.18598082096404,2.3736612038472,-1.84914334448491,1.0377546564104,-0.680254870241549,-0.739866878550153,1221.55225544699,25,1,"normal",45
"1966",-21.13207,0.0342132196473887,0,0.592309680582055,80,0.00278792977302229,-1.18598082096404,10.7366294016102,-1.84914334448491,2.82287157657472,0.506487887223601,0.477177433844943,-5.18371733217906,-1.18598082096404,2.3736612038472,-1.84914334448491,1.0377546564104,-0.680254870241549,-0.739866878550153,1221.55225544699,25,1,"normal",46
"1967",-9.70217,0.215429133506295,0,0.673021931626563,80,0.00278792977302229,-1.18598082096404,10.7366294016102,-1.84914334448491,2.82287157657472,0.506487887223601,0.477177433844943,-5.18371733217906,-1.18598082096404,2.3736612038472,-1.84914334448491,1.0377546564104,-0.680254870241549,-0.739866878550153,1221.55225544699,25,1,"normal",47
"1968",2.30123,0.626622155775599,0,0.948421548058296,80,0.00278792977302229,-1.18598082096404,10.7366294016102,-1.84914334448491,2.82287157657472,0.506487887223601,0.477177433844943,-5.18371733217906,-1.18598082096404,2.3736612038472,-1.84914334448491,1.0377546564104,-0.680254870241549,-0.739866878550153,1221.55225544699,25,1,"normal",48
"1969",-17.92039,0.0619981789306227,0,0.682064051926537,80,0.00278792977302229,-1.18598082096404,10.7366294016102,-1.84914334448491,2.82287157657472,0.506487887223601,0.477177433844943,-5.18371733217906,-1.18598082096404,2.3736612038472,-1.84914334448491,1.0377546564104,-0.680254870241549,-0.739866878550153,1221.55225544699,25,1,"normal",49
"1970",8.42643,0.81292966779709,0,0.763936458159834,80,0.00278792977302229,-1.18598082096404,10.7366294016102,-1.84914334448491,2.82287157657472,0.506487887223601,0.477177433844943,-5.18371733217906,-1.18598082096404,2.3736612038472,-1.84914334448491,1.0377546564104,-0.680254870241549,-0.739866878550153,1221.55225544699,25,1,"normal",50
"1971",16.5212,0.947938183686357,1,0.636732547378118,80,0.00278792977302229,-1.18598082096404,10.7366294016102,-1.84914334448491,2.82287157657472,0.506487887223601,0.477177433844943,-5.18371733217906,-1.18598082096404,2.3736612038472,-1.84914334448491,1.0377546564104,-0.680254870241549,-0.739866878550153,1221.55225544699,25,1,"normal",51
"1972",-8.80492,0.240425022914572,0,0.967543005069156,80,0.00278792977302229,-1.18598082096404,10.7366294016102,-1.84914334448491,2.82287157657472,0.506487887223601,0.477177433844943,-5.18371733217906,-1.18598082096404,2.3736612038472,-1.84914334448491,1.0377546564104,-0.680254870241549,-0.739866878550153,1221.55225544699,25,1,"normal",52
"1973",-10.86003,0.185548757738502,0,0.630389155151978,80,0.00278792977302229,-1.18598082096404,10.7366294016102,-1.84914334448491,2.82287157657472,0.506487887223601,0.477177433844943,-5.18371733217906,-1.18598082096404,2.3736612038472,-1.84914334448491,1.0377546564104,-0.680254870241549,-0.739866878550153,1221.55225544699,25,1,"normal",53
"1974",-10.51664,0.194125188707152,1,0.609851451194405,80,0.00278792977302229,-1.18598082096404,10.7366294016102,-1.84914334448491,2.82287157657472,0.506487887223601,0.477177433844943,-5.18371733217906,-1.18598082096404,2.3736612038472,-1.84914334448491,1.0377546564104,-0.680254870241549,-0.739866878550153,1221.55225544699,25,1,"normal",54
"1975",14.94962,0.93114434422508,1,0.71596123856899,80,0.00278792977302229,-1.18598082096404,10.7366294016102,-1.84914334448491,2.82287157657472,0.506487887223601,0.477177433844943,-5.18371733217906,-1.18598082096404,2.3736612038472,-1.84914334448491,1.0377546564104,-0.680254870241549,-0.739866878550153,1221.55225544699,25,1,"normal",55
"1976",-2.74167,0.442717881569767,1,0.850739333755008,80,0.00278792977302229,-1.18598082096404,10.7366294016102,-1.84914334448491,2.82287157657472,0.506487887223601,0.477177433844943,-5.18371733217906,-1.18598082096404,2.3736612038472,-1.84914334448491,1.0377546564104,-0.680254870241549,-0.739866878550153,1221.55225544699,25,1,"normal",56
"1977",3.866467,0.680020415087345,1,1.45177193876224,80,0.00278792977302229,-1.18598082096404,10.7366294016102,-1.84914334448491,2.82287157657472,0.506487887223601,0.477177433844943,-5.18371733217906,-1.18598082096404,2.3736612038472,-1.84914334448491,1.0377546564104,-0.680254870241549,-0.739866878550153,1221.55225544699,25,1,"normal",57
"1978",3.87247,0.68021895076962,1,0.658249148405715,80,0.00278792977302229,-1.18598082096404,10.7366294016102,-1.84914334448491,2.82287157657472,0.506487887223601,0.477177433844943,-5.18371733217906,-1.18598082096404,2.3736612038472,-1.84914334448491,1.0377546564104,-0.680254870241549,-0.739866878550153,1221.55225544699,25,1,"normal",58
"1979",-0.38875,0.529430585601201,1,0.772315547286239,80,0.00278792977302229,-1.18598082096404,10.7366294016102,-1.84914334448491,2.82287157657472,0.506487887223601,0.477177433844943,-5.18371733217906,-1.18598082096404,2.3736612038472,-1.84914334448491,1.0377546564104,-0.680254870241549,-0.739866878550153,1221.55225544699,25,1,"normal",59
"1980",-3.499543,0.415170990490045,1,0.916294316001296,80,0.00278792977302229,-1.18598082096404,10.7366294016102,-1.84914334448491,2.82287157657472,0.506487887223601,0.477177433844943,-5.18371733217906,-1.18598082096404,2.3736612038472,-1.84914334448491,1.0377546564104,-0.680254870241549,-0.739866878550153,1221.55225544699,25,1,"normal",60
"1981",-9.14078,0.230885138158726,0,0.732883189345489,80,0.00278792977302229,-1.18598082096404,10.7366294016102,-1.84914334448491,2.82287157657472,0.506487887223601,0.477177433844943,-5.18371733217906,-1.18598082096404,2.3736612038472,-1.84914334448491,1.0377546564104,-0.680254870241549,-0.739866878550153,1221.55225544699,25,1,"normal",61
"1982",6.30262,0.755814870594774,1,0.631938554079476,80,0.00278792977302229,-1.18598082096404,10.7366294016102,-1.84914334448491,2.82287157657472,0.506487887223601,0.477177433844943,-5.18371733217906,-1.18598082096404,2.3736612038472,-1.84914334448491,1.0377546564104,-0.680254870241549,-0.739866878550153,1221.55225544699,25,1,"normal",62
"1983",-22.69722,0.0252219550079587,0,0.729644302761913,80,0.00278792977302229,-1.18598082096404,10.7366294016102,-1.84914334448491,2.82287157657472,0.506487887223601,0.477177433844943,-5.18371733217906,-1.18598082096404,2.3736612038472,-1.84914334448491,1.0377546564104,-0.680254870241549,-0.739866878550153,1221.55225544699,25,1,"normal",63
"1984",-3.91293,0.400312305675161,0,0.920248237403269,80,0.00278792977302229,-1.18598082096404,10.7366294016102,-1.84914334448491,2.82287157657472,0.506487887223601,0.477177433844943,-5.18371733217906,-1.18598082096404,2.3736612038472,-1.84914334448491,1.0377546564104,-0.680254870241549,-0.739866878550153,1221.55225544699,25,1,"normal",64
"1985",-7.36874,0.283569599729696,0,0.933893279232521,80,0.00278792977302229,-1.18598082096404,10.7366294016102,-1.84914334448491,2.82287157657472,0.506487887223601,0.477177433844943,-5.18371733217906,-1.18598082096404,2.3736612038472,-1.84914334448491,1.0377546564104,-0.680254870241549,-0.739866878550153,1221.55225544699,25,1,"normal",65
"1986",7.239561,0.782117285478493,1,0.788673378394405,80,0.00278792977302229,-1.18598082096404,10.7366294016102,-1.84914334448491,2.82287157657472,0.506487887223601,0.477177433844943,-5.18371733217906,-1.18598082096404,2.3736612038472,-1.84914334448491,1.0377546564104,-0.680254870241549,-0.739866878550153,1221.55225544699,25,1,"normal",66
"1987",5.24936,0.72428327795512,1,0.731923447716472,80,0.00278792977302229,-1.18598082096404,10.7366294016102,-1.84914334448491,2.82287157657472,0.506487887223601,0.477177433844943,-5.18371733217906,-1.18598082096404,2.3736612038472,-1.84914334448491,1.0377546564104,-0.680254870241549,-0.739866878550153,1221.55225544699,25,1,"normal",67
"1988",0.52553,0.562973409584105,1,0.82416119941558,80,0.00278792977302229,-1.18598082096404,10.7366294016102,-1.84914334448491,2.82287157657472,0.506487887223601,0.477177433844943,-5.18371733217906,-1.18598082096404,2.3736612038472,-1.84914334448491,1.0377546564104,-0.680254870241549,-0.739866878550153,1221.55225544699,25,1,"normal",68
"1989",-13.19371,0.133754012771581,0,0.786521953327803,80,0.00278792977302229,-1.18598082096404,10.7366294016102,-1.84914334448491,2.82287157657472,0.506487887223601,0.477177433844943,-5.18371733217906,-1.18598082096404,2.3736612038472,-1.84914334448491,1.0377546564104,-0.680254870241549,-0.739866878550153,1221.55225544699,25,1,"normal",69
"1990",-0.72188,0.517143159665029,0,0.827835952223356,80,0.00278792977302229,-1.18598082096404,10.7366294016102,-1.84914334448491,2.82287157657472,0.506487887223601,0.477177433844943,-5.18371733217906,-1.18598082096404,2.3736612038472,-1.84914334448491,1.0377546564104,-0.680254870241549,-0.739866878550153,1221.55225544699,25,1,"normal",70
"1991",-7.75887,0.271486346273516,0,0.809999526115096,80,0.00278792977302229,-1.18598082096404,10.7366294016102,-1.84914334448491,2.82287157657472,0.506487887223601,0.477177433844943,-5.18371733217906,-1.18598082096404,2.3736612038472,-1.84914334448491,1.0377546564104,-0.680254870241549,-0.739866878550153,1221.55225544699,25,1,"normal",71
"1992",-9.66759,0.216363192960502,1,0.707855725256985,80,0.00278792977302229,-1.18598082096404,10.7366294016102,-1.84914334448491,2.82287157657472,0.506487887223601,0.477177433844943,-5.18371733217906,-1.18598082096404,2.3736612038472,-1.84914334448491,1.0377546564104,-0.680254870241549,-0.739866878550153,1221.55225544699,25,1,"normal",72
"1993",-10.96213,0.183045643085982,0,0.808971883719636,80,0.00278792977302229,-1.18598082096404,10.7366294016102,-1.84914334448491,2.82287157657472,0.506487887223601,0.477177433844943,-5.18371733217906,-1.18598082096404,2.3736612038472,-1.84914334448491,1.0377546564104,-0.680254870241549,-0.739866878550153,1221.55225544699,25,1,"normal",73
"1994",3.470167,0.666800470253691,0,0.828743173185089,80,0.00278792977302229,-1.18598082096404,10.7366294016102,-1.84914334448491,2.82287157657472,0.506487887223601,0.477177433844943,-5.18371733217906,-1.18598082096404,2.3736612038472,-1.84914334448491,1.0377546564104,-0.680254870241549,-0.739866878550153,1221.55225544699,25,1,"normal",74
"1995",-6.97704,0.295958480989315,0,0.562787368761227,80,0.00278792977302229,-1.18598082096404,10.7366294016102,-1.84914334448491,2.82287157657472,0.506487887223601,0.477177433844943,-5.18371733217906,-1.18598082096404,2.3736612038472,-1.84914334448491,1.0377546564104,-0.680254870241549,-0.739866878550153,1221.55225544699,25,1,"normal",75
"1996",-9.66119,0.216536327954692,0,1.00470782904104,80,0.00278792977302229,-1.18598082096404,10.7366294016102,-1.84914334448491,2.82287157657472,0.506487887223601,0.477177433844943,-5.18371733217906,-1.18598082096404,2.3736612038472,-1.84914334448491,1.0377546564104,-0.680254870241549,-0.739866878550153,1221.55225544699,25,1,"normal",76
"1997",-8.012343,0.263777521602124,0,0.602391733498907,80,0.00278792977302229,-1.18598082096404,10.7366294016102,-1.84914334448491,2.82287157657472,0.506487887223601,0.477177433844943,-5.18371733217906,-1.18598082096404,2.3736612038472,-1.84914334448491,1.0377546564104,-0.680254870241549,-0.739866878550153,1221.55225544699,25,1,"normal",77
"1998",3.16049,0.656320921204987,1,0.953682089771606,80,0.00278792977302229,-1.18598082096404,10.7366294016102,-1.84914334448491,2.82287157657472,0.506487887223601,0.477177433844943,-5.18371733217906,-1.18598082096404,2.3736612038472,-1.84914334448491,1.0377546564104,-0.680254870241549,-0.739866878550153,1221.55225544699,25,1,"normal",78
"1999",-7.982198,0.264688348558532,0,0.690746200776464,80,0.00278792977302229,-1.18598082096404,10.7366294016102,-1.84914334448491,2.82287157657472,0.506487887223601,0.477177433844943,-5.18371733217906,-1.18598082096404,2.3736612038472,-1.84914334448491,1.0377546564104,-0.680254870241549,-0.739866878550153,1221.55225544699,25,1,"normal",79
"2000",7.6035,0.791868773018302,1,0.780810380730089,80,0.00278792977302229,-1.18598082096404,10.7366294016102,-1.84914334448491,2.82287157657472,0.506487887223601,0.477177433844943,-5.18371733217906,-1.18598082096404,2.3736612038472,-1.84914334448491,1.0377546564104,-0.680254870241549,-0.739866878550153,1221.55225544699,25,1,"normal",80
"2001",-7.3537421044,0.0673138276021501,0,0.435284316034694,80,0.00881926235984653,9.39923135581098,10.7486914896112,-2.26043495638183,2.57888513023249,0.399356459313548,0.344977176805231,-4.01987392731121,9.39923135581098,2.37478402526833,-2.26043495638183,0.947357185477819,-0.917900879182004,-1.0642770183268,-408.011277872223,26,1,"normal",1
"2002",6.8449402483,0.407737759449378,1,0.50000198344147,80,0.00881926235984653,9.39923135581098,10.7486914896112,-2.26043495638183,2.57888513023249,0.399356459313548,0.344977176805231,-4.01987392731121,9.39923135581098,2.37478402526833,-2.26043495638183,0.947357185477819,-0.917900879182004,-1.0642770183268,-408.011277872223,26,1,"normal",2
"2003",0.4865390998,0.208728695238291,1,0.548166575788164,80,0.00881926235984653,9.39923135581098,10.7486914896112,-2.26043495638183,2.57888513023249,0.399356459313548,0.344977176805231,-4.01987392731121,9.39923135581098,2.37478402526833,-2.26043495638183,0.947357185477819,-0.917900879182004,-1.0642770183268,-408.011277872223,26,1,"normal",3
"2004",-4.22237225427,0.109538391092699,1,0.657323781816751,80,0.00881926235984653,9.39923135581098,10.7486914896112,-2.26043495638183,2.57888513023249,0.399356459313548,0.344977176805231,-4.01987392731121,9.39923135581098,2.37478402526833,-2.26043495638183,0.947357185477819,-0.917900879182004,-1.0642770183268,-408.011277872223,26,1,"normal",4
"2005",-3.19621,0.127327767587676,0,0.504648571380657,80,0.00881926235984653,9.39923135581098,10.7486914896112,-2.26043495638183,2.57888513023249,0.399356459313548,0.344977176805231,-4.01987392731121,9.39923135581098,2.37478402526833,-2.26043495638183,0.947357185477819,-0.917900879182004,-1.0642770183268,-408.011277872223,26,1,"normal",5
"2006",-4.3275589018,0.107830929103153,0,0.415858564896272,80,0.00881926235984653,9.39923135581098,10.7486914896112,-2.26043495638183,2.57888513023249,0.399356459313548,0.344977176805231,-4.01987392731121,9.39923135581098,2.37478402526833,-2.26043495638183,0.947357185477819,-0.917900879182004,-1.0642770183268,-408.011277872223,26,1,"normal",6
"2007",0.584309999999999,0.211265972028186,0,0.461594391806271,80,0.00881926235984653,9.39923135581098,10.7486914896112,-2.26043495638183,2.57888513023249,0.399356459313548,0.344977176805231,-4.01987392731121,9.39923135581098,2.37478402526833,-2.26043495638183,0.947357185477819,-0.917900879182004,-1.0642770183268,-408.011277872223,26,1,"normal",7
"2008",-12.787293,0.0279787056294274,0,0.450659226351593,80,0.00881926235984653,9.39923135581098,10.7486914896112,-2.26043495638183,2.57888513023249,0.399356459313548,0.344977176805231,-4.01987392731121,9.39923135581098,2.37478402526833,-2.26043495638183,0.947357185477819,-0.917900879182004,-1.0642770183268,-408.011277872223,26,1,"normal",8
"2009",17.42931,0.767684516955363,1,0.423412023921466,80,0.00881926235984653,9.39923135581098,10.7486914896112,-2.26043495638183,2.57888513023249,0.399356459313548,0.344977176805231,-4.01987392731121,9.39923135581098,2.37478402526833,-2.26043495638183,0.947357185477819,-0.917900879182004,-1.0642770183268,-408.011277872223,26,1,"normal",9
"2010",2.99513,0.279610601455836,0,0.481946973934954,80,0.00881926235984653,9.39923135581098,10.7486914896112,-2.26043495638183,2.57888513023249,0.399356459313548,0.344977176805231,-4.01987392731121,9.39923135581098,2.37478402526833,-2.26043495638183,0.947357185477819,-0.917900879182004,-1.0642770183268,-408.011277872223,26,1,"normal",10
"2011",4.606271994,0.330867592807297,1,0.443493185660375,80,0.00881926235984653,9.39923135581098,10.7486914896112,-2.26043495638183,2.57888513023249,0.399356459313548,0.344977176805231,-4.01987392731121,9.39923135581098,2.37478402526833,-2.26043495638183,0.947357185477819,-0.917900879182004,-1.0642770183268,-408.011277872223,26,1,"normal",11
"2012",8.32666,0.46095802935349,1,0.482796431993802,80,0.00881926235984653,9.39923135581098,10.7486914896112,-2.26043495638183,2.57888513023249,0.399356459313548,0.344977176805231,-4.01987392731121,9.39923135581098,2.37478402526833,-2.26043495638183,0.947357185477819,-0.917900879182004,-1.0642770183268,-408.011277872223,26,1,"normal",12
"2013",-4.24526,0.109165051210606,0,0.408946133158599,80,0.00881926235984653,9.39923135581098,10.7486914896112,-2.26043495638183,2.57888513023249,0.399356459313548,0.344977176805231,-4.01987392731121,9.39923135581098,2.37478402526833,-2.26043495638183,0.947357185477819,-0.917900879182004,-1.0642770183268,-408.011277872223,26,1,"normal",13
"2014",-8.89821,0.0523870546412837,1,0.462967822894249,80,0.00881926235984653,9.39923135581098,10.7486914896112,-2.26043495638183,2.57888513023249,0.399356459313548,0.344977176805231,-4.01987392731121,9.39923135581098,2.37478402526833,-2.26043495638183,0.947357185477819,-0.917900879182004,-1.0642770183268,-408.011277872223,26,1,"normal",14
"2015",0.45213861532,0.207840490493924,0,0.734313844545604,80,0.00881926235984653,9.39923135581098,10.7486914896112,-2.26043495638183,2.57888513023249,0.399356459313548,0.344977176805231,-4.01987392731121,9.39923135581098,2.37478402526833,-2.26043495638183,0.947357185477819,-0.917900879182004,-1.0642770183268,-408.011277872223,26,1,"normal",15
"2016",-18.07879,0.0140139695248878,0,0.500978150280443,80,0.00881926235984653,9.39923135581098,10.7486914896112,-2.26043495638183,2.57888513023249,0.399356459313548,0.344977176805231,-4.01987392731121,9.39923135581098,2.37478402526833,-2.26043495638183,0.947357185477819,-0.917900879182004,-1.0642770183268,-408.011277872223,26,1,"normal",16
"2017",1.8078379127,0.244598372992935,1,0.495933391170729,80,0.00881926235984653,9.39923135581098,10.7486914896112,-2.26043495638183,2.57888513023249,0.399356459313548,0.344977176805231,-4.01987392731121,9.39923135581098,2.37478402526833,-2.26043495638183,0.947357185477819,-0.917900879182004,-1.0642770183268,-408.011277872223,26,1,"normal",17
"2018",44.30834,0.990609397768867,1,0.422498992457744,80,0.00881926235984653,9.39923135581098,10.7486914896112,-2.26043495638183,2.57888513023249,0.399356459313548,0.344977176805231,-4.01987392731121,9.39923135581098,2.37478402526833,-2.26043495638183,0.947357185477819,-0.917900879182004,-1.0642770183268,-408.011277872223,26,1,"normal",18
"2019",-8.36108,0.0571851913258814,0,0.464195696192491,80,0.00881926235984653,9.39923135581098,10.7486914896112,-2.26043495638183,2.57888513023249,0.399356459313548,0.344977176805231,-4.01987392731121,9.39923135581098,2.37478402526833,-2.26043495638183,0.947357185477819,-0.917900879182004,-1.0642770183268,-408.011277872223,26,1,"normal",19
"2020",1.19457,0.227529388132982,0,0.580079552266107,80,0.00881926235984653,9.39923135581098,10.7486914896112,-2.26043495638183,2.57888513023249,0.399356459313548,0.344977176805231,-4.01987392731121,9.39923135581098,2.37478402526833,-2.26043495638183,0.947357185477819,-0.917900879182004,-1.0642770183268,-408.011277872223,26,1,"normal",20
"2021",-22.27454,0.0103965736952907,0,0.469278379353844,80,0.00881926235984653,9.39923135581098,10.7486914896112,-2.26043495638183,2.57888513023249,0.399356459313548,0.344977176805231,-4.01987392731121,9.39923135581098,2.37478402526833,-2.26043495638183,0.947357185477819,-0.917900879182004,-1.0642770183268,-408.011277872223,26,1,"normal",21
"2022",24.57071,0.913522389514277,1,0.430816579194621,80,0.00881926235984653,9.39923135581098,10.7486914896112,-2.26043495638183,2.57888513023249,0.399356459313548,0.344977176805231,-4.01987392731121,9.39923135581098,2.37478402526833,-2.26043495638183,0.947357185477819,-0.917900879182004,-1.0642770183268,-408.011277872223,26,1,"normal",22
"2023",33.68005,0.979448327542961,1,0.421286130716767,80,0.00881926235984653,9.39923135581098,10.7486914896112,-2.26043495638183,2.57888513023249,0.399356459313548,0.344977176805231,-4.01987392731121,9.39923135581098,2.37478402526833,-2.26043495638183,0.947357185477819,-0.917900879182004,-1.0642770183268,-408.011277872223,26,1,"normal",23
"2024",-1.93641,0.152050153137233,0,0.403427278562992,80,0.00881926235984653,9.39923135581098,10.7486914896112,-2.26043495638183,2.57888513023249,0.399356459313548,0.344977176805231,-4.01987392731121,9.39923135581098,2.37478402526833,-2.26043495638183,0.947357185477819,-0.917900879182004,-1.0642770183268,-408.011277872223,26,1,"normal",24
"2025",11.44628,0.57418822811463,0,0.78318408159445,80,0.00881926235984653,9.39923135581098,10.7486914896112,-2.26043495638183,2.57888513023249,0.399356459313548,0.344977176805231,-4.01987392731121,9.39923135581098,2.37478402526833,-2.26043495638183,0.947357185477819,-0.917900879182004,-1.0642770183268,-408.011277872223,26,1,"normal",25
"2026",0.55078,0.210393682831372,1,0.56399460020905,80,0.00881926235984653,9.39923135581098,10.7486914896112,-2.26043495638183,2.57888513023249,0.399356459313548,0.344977176805231,-4.01987392731121,9.39923135581098,2.37478402526833,-2.26043495638183,0.947357185477819,-0.917900879182004,-1.0642770183268,-408.011277872223,26,1,"normal",26
"2027",-13.83589,0.0238708281125346,0,0.411639509601713,80,0.00881926235984653,9.39923135581098,10.7486914896112,-2.26043495638183,2.57888513023249,0.399356459313548,0.344977176805231,-4.01987392731121,9.39923135581098,2.37478402526833,-2.26043495638183,0.947357185477819,-0.917900879182004,-1.0642770183268,-408.011277872223,26,1,"normal",27
"2028",-18.6134181,0.0133168897842615,0,0.455638782210222,80,0.00881926235984653,9.39923135581098,10.7486914896112,-2.26043495638183,2.57888513023249,0.399356459313548,0.344977176805231,-4.01987392731121,9.39923135581098,2.37478402526833,-2.26043495638183,0.947357185477819,-0.917900879182004,-1.0642770183268,-408.011277872223,26,1,"normal",28
"2029",-6.664954,0.0751475824532427,0,0.496977979170931,80,0.00881926235984653,9.39923135581098,10.7486914896112,-2.26043495638183,2.57888513023249,0.399356459313548,0.344977176805231,-4.01987392731121,9.39923135581098,2.37478402526833,-2.26043495638183,0.947357185477819,-0.917900879182004,-1.0642770183268,-408.011277872223,26,1,"normal",29
"2030",-19.80717,0.0120529880069505,0,0.516490269194007,80,0.00881926235984653,9.39923135581098,10.7486914896112,-2.26043495638183,2.57888513023249,0.399356459313548,0.344977176805231,-4.01987392731121,9.39923135581098,2.37478402526833,-2.26043495638183,0.947357185477819,-0.917900879182004,-1.0642770183268,-408.011277872223,26,1,"normal",30
"2031",-1.85683,0.153720521386282,0,0.438173313086225,80,0.00881926235984653,9.39923135581098,10.7486914896112,-2.26043495638183,2.57888513023249,0.399356459313548,0.344977176805231,-4.01987392731121,9.39923135581098,2.37478402526833,-2.26043495638183,0.947357185477819,-0.917900879182004,-1.0642770183268,-408.011277872223,26,1,"normal",31
"2032",14.66807,0.68468220556948,1,0.778462689599395,80,0.00881926235984653,9.39923135581098,10.7486914896112,-2.26043495638183,2.57888513023249,0.399356459313548,0.344977176805231,-4.01987392731121,9.39923135581098,2.37478402526833,-2.26043495638183,0.947357185477819,-0.917900879182004,-1.0642770183268,-408.011277872223,26,1,"normal",32
"2033",-11.94931,0.0319128046243613,0,0.565347321362031,80,0.00881926235984653,9.39923135581098,10.7486914896112,-2.26043495638183,2.57888513023249,0.399356459313548,0.344977176805231,-4.01987392731121,9.39923135581098,2.37478402526833,-2.26043495638183,0.947357185477819,-0.917900879182004,-1.0642770183268,-408.011277872223,26,1,"normal",33
"2034",-5.066728,0.0964242502156289,0,0.477259570545034,80,0.00881926235984653,9.39923135581098,10.7486914896112,-2.26043495638183,2.57888513023249,0.399356459313548,0.344977176805231,-4.01987392731121,9.39923135581098,2.37478402526833,-2.26043495638183,0.947357185477819,-0.917900879182004,-1.0642770183268,-408.011277872223,26,1,"normal",34
"2035",19.35725,0.817196012523554,1,0.646439364327233,80,0.00881926235984653,9.39923135581098,10.7486914896112,-2.26043495638183,2.57888513023249,0.399356459313548,0.344977176805231,-4.01987392731121,9.39923135581098,2.37478402526833,-2.26043495638183,0.947357185477819,-0.917900879182004,-1.0642770183268,-408.011277872223,26,1,"normal",35
"2036",-11.573872,0.033884422293785,0,0.545477928597377,80,0.00881926235984653,9.39923135581098,10.7486914896112,-2.26043495638183,2.57888513023249,0.399356459313548,0.344977176805231,-4.01987392731121,9.39923135581098,2.37478402526833,-2.26043495638183,0.947357185477819,-0.917900879182004,-1.0642770183268,-408.011277872223,26,1,"normal",36
"2037",-4.26675,0.108815428413021,0,0.433457702111449,80,0.00881926235984653,9.39923135581098,10.7486914896112,-2.26043495638183,2.57888513023249,0.399356459313548,0.344977176805231,-4.01987392731121,9.39923135581098,2.37478402526833,-2.26043495638183,0.947357185477819,-0.917900879182004,-1.0642770183268,-408.011277872223,26,1,"normal",37
"2038",-10.466432,0.0405369312341992,0,0.467187092532411,80,0.00881926235984653,9.39923135581098,10.7486914896112,-2.26043495638183,2.57888513023249,0.399356459313548,0.344977176805231,-4.01987392731121,9.39923135581098,2.37478402526833,-2.26043495638183,0.947357185477819,-0.917900879182004,-1.0642770183268,-408.011277872223,26,1,"normal",38
"2039",10.18332,0.528563138223162,0,0.638031863110745,80,0.00881926235984653,9.39923135581098,10.7486914896112,-2.26043495638183,2.57888513023249,0.399356459313548,0.344977176805231,-4.01987392731121,9.39923135581098,2.37478402526833,-2.26043495638183,0.947357185477819,-0.917900879182004,-1.0642770183268,-408.011277872223,26,1,"normal",39
"2040",-2.05422,0.149601193660847,0,0.472938346188664,80,0.00881926235984653,9.39923135581098,10.7486914896112,-2.26043495638183,2.57888513023249,0.399356459313548,0.344977176805231,-4.01987392731121,9.39923135581098,2.37478402526833,-2.26043495638183,0.947357185477819,-0.917900879182004,-1.0642770183268,-408.011277872223,26,1,"normal",40
"2041",17.47683,0.768993064063792,1,0.604949482462674,80,0.00881926235984653,9.39923135581098,10.7486914896112,-2.26043495638183,2.57888513023249,0.399356459313548,0.344977176805231,-4.01987392731121,9.39923135581098,2.37478402526833,-2.26043495638183,0.947357185477819,-0.917900879182004,-1.0642770183268,-408.011277872223,26,1,"normal",41
"2042",-7.001,0.0712299202655174,0,0.438912346571015,80,0.00881926235984653,9.39923135581098,10.7486914896112,-2.26043495638183,2.57888513023249,0.399356459313548,0.344977176805231,-4.01987392731121,9.39923135581098,2.37478402526833,-2.26043495638183,0.947357185477819,-0.917900879182004,-1.0642770183268,-408.011277872223,26,1,"normal",42
"2043",10.10287,0.525636892185298,0,0.53321309990229,80,0.00881926235984653,9.39923135581098,10.7486914896112,-2.26043495638183,2.57888513023249,0.399356459313548,0.344977176805231,-4.01987392731121,9.39923135581098,2.37478402526833,-2.26043495638183,0.947357185477819,-0.917900879182004,-1.0642770183268,-408.011277872223,26,1,"normal",43
"2044",-0.73766,0.178590605456333,0,0.46868740452785,80,0.00881926235984653,9.39923135581098,10.7486914896112,-2.26043495638183,2.57888513023249,0.399356459313548,0.344977176805231,-4.01987392731121,9.39923135581098,2.37478402526833,-2.26043495638183,0.947357185477819,-0.917900879182004,-1.0642770183268,-408.011277872223,26,1,"normal",44
"2045",12.46025,0.610116705416001,0,0.451500745022605,80,0.00881926235984653,9.39923135581098,10.7486914896112,-2.26043495638183,2.57888513023249,0.399356459313548,0.344977176805231,-4.01987392731121,9.39923135581098,2.37478402526833,-2.26043495638183,0.947357185477819,-0.917900879182004,-1.0642770183268,-408.011277872223,26,1,"normal",45
"2046",-6.3267,0.0792802269394762,0,0.427980609445888,80,0.00881926235984653,9.39923135581098,10.7486914896112,-2.26043495638183,2.57888513023249,0.399356459313548,0.344977176805231,-4.01987392731121,9.39923135581098,2.37478402526833,-2.26043495638183,0.947357185477819,-0.917900879182004,-1.0642770183268,-408.011277872223,26,1,"normal",46
"2047",1.9499,0.248653509271098,0,0.448166956129387,80,0.00881926235984653,9.39923135581098,10.7486914896112,-2.26043495638183,2.57888513023249,0.399356459313548,0.344977176805231,-4.01987392731121,9.39923135581098,2.37478402526833,-2.26043495638183,0.947357185477819,-0.917900879182004,-1.0642770183268,-408.011277872223,26,1,"normal",47
"2048",20.3885,0.840584655191973,1,0.451494930977798,80,0.00881926235984653,9.39923135581098,10.7486914896112,-2.26043495638183,2.57888513023249,0.399356459313548,0.344977176805231,-4.01987392731121,9.39923135581098,2.37478402526833,-2.26043495638183,0.947357185477819,-0.917900879182004,-1.0642770183268,-408.011277872223,26,1,"normal",48
"2049",-1.7117,0.156800251469686,0,0.498017454182125,80,0.00881926235984653,9.39923135581098,10.7486914896112,-2.26043495638183,2.57888513023249,0.399356459313548,0.344977176805231,-4.01987392731121,9.39923135581098,2.37478402526833,-2.26043495638183,0.947357185477819,-0.917900879182004,-1.0642770183268,-408.011277872223,26,1,"normal",49
"2050",25.729,0.927963902934581,1,0.457076040855582,80,0.00881926235984653,9.39923135581098,10.7486914896112,-2.26043495638183,2.57888513023249,0.399356459313548,0.344977176805231,-4.01987392731121,9.39923135581098,2.37478402526833,-2.26043495638183,0.947357185477819,-0.917900879182004,-1.0642770183268,-408.011277872223,26,1,"normal",50
"2051",4.31616,0.321349470715443,0,0.541414353616342,80,0.00881926235984653,9.39923135581098,10.7486914896112,-2.26043495638183,2.57888513023249,0.399356459313548,0.344977176805231,-4.01987392731121,9.39923135581098,2.37478402526833,-2.26043495638183,0.947357185477819,-0.917900879182004,-1.0642770183268,-408.011277872223,26,1,"normal",51
"2052",18.07982,0.785216958323112,1,0.441904022219486,80,0.00881926235984653,9.39923135581098,10.7486914896112,-2.26043495638183,2.57888513023249,0.399356459313548,0.344977176805231,-4.01987392731121,9.39923135581098,2.37478402526833,-2.26043495638183,0.947357185477819,-0.917900879182004,-1.0642770183268,-408.011277872223,26,1,"normal",52
"2053",16.18979,0.732060390569797,1,0.491190276723045,80,0.00881926235984653,9.39923135581098,10.7486914896112,-2.26043495638183,2.57888513023249,0.399356459313548,0.344977176805231,-4.01987392731121,9.39923135581098,2.37478402526833,-2.26043495638183,0.947357185477819,-0.917900879182004,-1.0642770183268,-408.011277872223,26,1,"normal",53
"2054",13.29478,0.638985656430876,0,0.472652857265861,80,0.00881926235984653,9.39923135581098,10.7486914896112,-2.26043495638183,2.57888513023249,0.399356459313548,0.344977176805231,-4.01987392731121,9.39923135581098,2.37478402526833,-2.26043495638183,0.947357185477819,-0.917900879182004,-1.0642770183268,-408.011277872223,26,1,"normal",54
"2055",1.40575,0.233326205412878,0,0.556658481185211,80,0.00881926235984653,9.39923135581098,10.7486914896112,-2.26043495638183,2.57888513023249,0.399356459313548,0.344977176805231,-4.01987392731121,9.39923135581098,2.37478402526833,-2.26043495638183,0.947357185477819,-0.917900879182004,-1.0642770183268,-408.011277872223,26,1,"normal",55
"2056",25.6888,0.927500355353531,1,0.49806606087598,80,0.00881926235984653,9.39923135581098,10.7486914896112,-2.26043495638183,2.57888513023249,0.399356459313548,0.344977176805231,-4.01987392731121,9.39923135581098,2.37478402526833,-2.26043495638183,0.947357185477819,-0.917900879182004,-1.0642770183268,-408.011277872223,26,1,"normal",56
"2057",25.9246,0.930182050494678,1,0.478426720924348,80,0.00881926235984653,9.39923135581098,10.7486914896112,-2.26043495638183,2.57888513023249,0.399356459313548,0.344977176805231,-4.01987392731121,9.39923135581098,2.37478402526833,-2.26043495638183,0.947357185477819,-0.917900879182004,-1.0642770183268,-408.011277872223,26,1,"normal",57
"2058",12.72157,0.619233507745844,0,0.582298969055658,80,0.00881926235984653,9.39923135581098,10.7486914896112,-2.26043495638183,2.57888513023249,0.399356459313548,0.344977176805231,-4.01987392731121,9.39923135581098,2.37478402526833,-2.26043495638183,0.947357185477819,-0.917900879182004,-1.0642770183268,-408.011277872223,26,1,"normal",58
"2059",16.00571,0.72653331317437,1,0.545478778682166,80,0.00881926235984653,9.39923135581098,10.7486914896112,-2.26043495638183,2.57888513023249,0.399356459313548,0.344977176805231,-4.01987392731121,9.39923135581098,2.37478402526833,-2.26043495638183,0.947357185477819,-0.917900879182004,-1.0642770183268,-408.011277872223,26,1,"normal",59
"2060",1.8349,0.245367961231834,1,0.435783026813554,80,0.00881926235984653,9.39923135581098,10.7486914896112,-2.26043495638183,2.57888513023249,0.399356459313548,0.344977176805231,-4.01987392731121,9.39923135581098,2.37478402526833,-2.26043495638183,0.947357185477819,-0.917900879182004,-1.0642770183268,-408.011277872223,26,1,"normal",60
"2061",-8.29307,0.0578217209295749,0,0.476745605819484,80,0.00881926235984653,9.39923135581098,10.7486914896112,-2.26043495638183,2.57888513023249,0.399356459313548,0.344977176805231,-4.01987392731121,9.39923135581098,2.37478402526833,-2.26043495638183,0.947357185477819,-0.917900879182004,-1.0642770183268,-408.011277872223,26,1,"normal",61
"2062",22.3075,0.878315244484798,1,0.54083222296812,80,0.00881926235984653,9.39923135581098,10.7486914896112,-2.26043495638183,2.57888513023249,0.399356459313548,0.344977176805231,-4.01987392731121,9.39923135581098,2.37478402526833,-2.26043495638183,0.947357185477819,-0.917900879182004,-1.0642770183268,-408.011277872223,26,1,"normal",62
"2063",-5.51366,0.0900189925275916,0,0.41596589510063,80,0.00881926235984653,9.39923135581098,10.7486914896112,-2.26043495638183,2.57888513023249,0.399356459313548,0.344977176805231,-4.01987392731121,9.39923135581098,2.37478402526833,-2.26043495638183,0.947357185477819,-0.917900879182004,-1.0642770183268,-408.011277872223,26,1,"normal",63
"2064",-3.4439,0.122843705828084,0,0.463108505104229,80,0.00881926235984653,9.39923135581098,10.7486914896112,-2.26043495638183,2.57888513023249,0.399356459313548,0.344977176805231,-4.01987392731121,9.39923135581098,2.37478402526833,-2.26043495638183,0.947357185477819,-0.917900879182004,-1.0642770183268,-408.011277872223,26,1,"normal",64
"2065",21.9055,0.871027893278241,1,0.443195793871301,80,0.00881926235984653,9.39923135581098,10.7486914896112,-2.26043495638183,2.57888513023249,0.399356459313548,0.344977176805231,-4.01987392731121,9.39923135581098,2.37478402526833,-2.26043495638183,0.947357185477819,-0.917900879182004,-1.0642770183268,-408.011277872223,26,1,"normal",65
"2066",-3.53155,0.121286154901173,0,0.413112325795946,80,0.00881926235984653,9.39923135581098,10.7486914896112,-2.26043495638183,2.57888513023249,0.399356459313548,0.344977176805231,-4.01987392731121,9.39923135581098,2.37478402526833,-2.26043495638183,0.947357185477819,-0.917900879182004,-1.0642770183268,-408.011277872223,26,1,"normal",66
"2067",-0.556900000000001,0.182848792200284,0,0.47876940878305,80,0.00881926235984653,9.39923135581098,10.7486914896112,-2.26043495638183,2.57888513023249,0.399356459313548,0.344977176805231,-4.01987392731121,9.39923135581098,2.37478402526833,-2.26043495638183,0.947357185477819,-0.917900879182004,-1.0642770183268,-408.011277872223,26,1,"normal",67
"2068",-2.0852,0.148961924571009,1,0.498554927296165,80,0.00881926235984653,9.39923135581098,10.7486914896112,-2.26043495638183,2.57888513023249,0.399356459313548,0.344977176805231,-4.01987392731121,9.39923135581098,2.37478402526833,-2.26043495638183,0.947357185477819,-0.917900879182004,-1.0642770183268,-408.011277872223,26,1,"normal",68
"2069",-2.30898,0.144402576528387,0,0.486718357194562,80,0.00881926235984653,9.39923135581098,10.7486914896112,-2.26043495638183,2.57888513023249,0.399356459313548,0.344977176805231,-4.01987392731121,9.39923135581098,2.37478402526833,-2.26043495638183,0.947357185477819,-0.917900879182004,-1.0642770183268,-408.011277872223,26,1,"normal",69
"2070",1.9874,0.249730180003255,0,0.491230374689683,80,0.00881926235984653,9.39923135581098,10.7486914896112,-2.26043495638183,2.57888513023249,0.399356459313548,0.344977176805231,-4.01987392731121,9.39923135581098,2.37478402526833,-2.26043495638183,0.947357185477819,-0.917900879182004,-1.0642770183268,-408.011277872223,26,1,"normal",70
"2071",2.14527,0.254291177574707,1,0.545238299071859,80,0.00881926235984653,9.39923135581098,10.7486914896112,-2.26043495638183,2.57888513023249,0.399356459313548,0.344977176805231,-4.01987392731121,9.39923135581098,2.37478402526833,-2.26043495638183,0.947357185477819,-0.917900879182004,-1.0642770183268,-408.011277872223,26,1,"normal",71
"2072",1.20934,0.227932023945839,0,0.521892370098362,80,0.00881926235984653,9.39923135581098,10.7486914896112,-2.26043495638183,2.57888513023249,0.399356459313548,0.344977176805231,-4.01987392731121,9.39923135581098,2.37478402526833,-2.26043495638183,0.947357185477819,-0.917900879182004,-1.0642770183268,-408.011277872223,26,1,"normal",72
"2073",16.49587,0.741118439000188,0,0.558163001910791,80,0.00881926235984653,9.39923135581098,10.7486914896112,-2.26043495638183,2.57888513023249,0.399356459313548,0.344977176805231,-4.01987392731121,9.39923135581098,2.37478402526833,-2.26043495638183,0.947357185477819,-0.917900879182004,-1.0642770183268,-408.011277872223,26,1,"normal",73
"2074",19.97945,0.831569026583106,1,0.479802289482386,80,0.00881926235984653,9.39923135581098,10.7486914896112,-2.26043495638183,2.57888513023249,0.399356459313548,0.344977176805231,-4.01987392731121,9.39923135581098,2.37478402526833,-2.26043495638183,0.947357185477819,-0.917900879182004,-1.0642770183268,-408.011277872223,26,1,"normal",74
"2075",-4.05745,0.112258453239644,0,0.463933765495969,80,0.00881926235984653,9.39923135581098,10.7486914896112,-2.26043495638183,2.57888513023249,0.399356459313548,0.344977176805231,-4.01987392731121,9.39923135581098,2.37478402526833,-2.26043495638183,0.947357185477819,-0.917900879182004,-1.0642770183268,-408.011277872223,26,1,"normal",75
"2076",17.92889,0.781222790350734,0,0.546324619475821,80,0.00881926235984653,9.39923135581098,10.7486914896112,-2.26043495638183,2.57888513023249,0.399356459313548,0.344977176805231,-4.01987392731121,9.39923135581098,2.37478402526833,-2.26043495638183,0.947357185477819,-0.917900879182004,-1.0642770183268,-408.011277872223,26,1,"normal",76
"2077",20.22086,0.836931429805802,1,0.49787950158229,80,0.00881926235984653,9.39923135581098,10.7486914896112,-2.26043495638183,2.57888513023249,0.399356459313548,0.344977176805231,-4.01987392731121,9.39923135581098,2.37478402526833,-2.26043495638183,0.947357185477819,-0.917900879182004,-1.0642770183268,-408.011277872223,26,1,"normal",77
"2078",18.73125,0.801936356106368,1,0.544128470721681,80,0.00881926235984653,9.39923135581098,10.7486914896112,-2.26043495638183,2.57888513023249,0.399356459313548,0.344977176805231,-4.01987392731121,9.39923135581098,2.37478402526833,-2.26043495638183,0.947357185477819,-0.917900879182004,-1.0642770183268,-408.011277872223,26,1,"normal",78
"2079",-7.25655,0.0683731040886184,0,0.526796508315279,80,0.00881926235984653,9.39923135581098,10.7486914896112,-2.26043495638183,2.57888513023249,0.399356459313548,0.344977176805231,-4.01987392731121,9.39923135581098,2.37478402526833,-2.26043495638183,0.947357185477819,-0.917900879182004,-1.0642770183268,-408.011277872223,26,1,"normal",79
"2080",3.89141,0.307633289611155,1,0.571902520369765,80,0.00881926235984653,9.39923135581098,10.7486914896112,-2.26043495638183,2.57888513023249,0.399356459313548,0.344977176805231,-4.01987392731121,9.39923135581098,2.37478402526833,-2.26043495638183,0.947357185477819,-0.917900879182004,-1.0642770183268,-408.011277872223,26,1,"normal",80
"2081",8.098094604,0.425849303564034,0,0.273557963829151,80,0.1491866781055,15.0442290036299,25.9099615689608,-2.40839596269154,2.19527090295382,0.542475459819802,0.220785344154841,-0.855055840584911,15.0442290036299,3.2546275113217,-2.40839596269154,0.786305457113931,-0.611612429945875,-1.51056434289251,175.541138726626,27,1,"normal",1
"2082",13.9307721199,0.487974888362835,0,0.380417871334987,80,0.1491866781055,15.0442290036299,25.9099615689608,-2.40839596269154,2.19527090295382,0.542475459819802,0.220785344154841,-0.855055840584911,15.0442290036299,3.2546275113217,-2.40839596269154,0.786305457113931,-0.611612429945875,-1.51056434289251,175.541138726626,27,1,"normal",2
"2083",19.799561291,0.551085488864873,1,0.409502651304551,80,0.1491866781055,15.0442290036299,25.9099615689608,-2.40839596269154,2.19527090295382,0.542475459819802,0.220785344154841,-0.855055840584911,15.0442290036299,3.2546275113217,-2.40839596269154,0.786305457113931,-0.611612429945875,-1.51056434289251,175.541138726626,27,1,"normal",3
"2084",13.05864804008,0.478570499283481,0,1.23954766475914,80,0.1491866781055,15.0442290036299,25.9099615689608,-2.40839596269154,2.19527090295382,0.542475459819802,0.220785344154841,-0.855055840584911,15.0442290036299,3.2546275113217,-2.40839596269154,0.786305457113931,-0.611612429945875,-1.51056434289251,175.541138726626,27,1,"normal",4
"2085",27.34925,0.628100259557022,1,0.287711585338685,80,0.1491866781055,15.0442290036299,25.9099615689608,-2.40839596269154,2.19527090295382,0.542475459819802,0.220785344154841,-0.855055840584911,15.0442290036299,3.2546275113217,-2.40839596269154,0.786305457113931,-0.611612429945875,-1.51056434289251,175.541138726626,27,1,"normal",5
"2086",18.79444,0.540372979293146,0,0.486385283679124,80,0.1491866781055,15.0442290036299,25.9099615689608,-2.40839596269154,2.19527090295382,0.542475459819802,0.220785344154841,-0.855055840584911,15.0442290036299,3.2546275113217,-2.40839596269154,0.786305457113931,-0.611612429945875,-1.51056434289251,175.541138726626,27,1,"normal",6
"2087",4.30698,0.387240403679335,0,0.275774802845751,80,0.1491866781055,15.0442290036299,25.9099615689608,-2.40839596269154,2.19527090295382,0.542475459819802,0.220785344154841,-0.855055840584911,15.0442290036299,3.2546275113217,-2.40839596269154,0.786305457113931,-0.611612429945875,-1.51056434289251,175.541138726626,27,1,"normal",7
"2088",22.06081,0.574884608495389,1,0.524949222217031,80,0.1491866781055,15.0442290036299,25.9099615689608,-2.40839596269154,2.19527090295382,0.542475459819802,0.220785344154841,-0.855055840584911,15.0442290036299,3.2546275113217,-2.40839596269154,0.786305457113931,-0.611612429945875,-1.51056434289251,175.541138726626,27,1,"normal",8
"2089",8.33219,0.428291923192611,0,0.327818523601545,80,0.1491866781055,15.0442290036299,25.9099615689608,-2.40839596269154,2.19527090295382,0.542475459819802,0.220785344154841,-0.855055840584911,15.0442290036299,3.2546275113217,-2.40839596269154,0.786305457113931,-0.611612429945875,-1.51056434289251,175.541138726626,27,1,"normal",9
"2090",14.72295,0.49652927195668,0,0.345533002039118,80,0.1491866781055,15.0442290036299,25.9099615689608,-2.40839596269154,2.19527090295382,0.542475459819802,0.220785344154841,-0.855055840584911,15.0442290036299,3.2546275113217,-2.40839596269154,0.786305457113931,-0.611612429945875,-1.51056434289251,175.541138726626,27,1,"normal",10
"2091",19.98697,0.55307493715825,1,0.344513672898845,80,0.1491866781055,15.0442290036299,25.9099615689608,-2.40839596269154,2.19527090295382,0.542475459819802,0.220785344154841,-0.855055840584911,15.0442290036299,3.2546275113217,-2.40839596269154,0.786305457113931,-0.611612429945875,-1.51056434289251,175.541138726626,27,1,"normal",11
"2092",18.55857,0.53784977126289,0,0.612645093294545,80,0.1491866781055,15.0442290036299,25.9099615689608,-2.40839596269154,2.19527090295382,0.542475459819802,0.220785344154841,-0.855055840584911,15.0442290036299,3.2546275113217,-2.40839596269154,0.786305457113931,-0.611612429945875,-1.51056434289251,175.541138726626,27,1,"normal",12
"2093",34.7318,0.693878081832116,0,0.262638566250072,80,0.1491866781055,15.0442290036299,25.9099615689608,-2.40839596269154,2.19527090295382,0.542475459819802,0.220785344154841,-0.855055840584911,15.0442290036299,3.2546275113217,-2.40839596269154,0.786305457113931,-0.611612429945875,-1.51056434289251,175.541138726626,27,1,"normal",13
"2094",21.62064,0.570290263969636,1,0.375617210494215,80,0.1491866781055,15.0442290036299,25.9099615689608,-2.40839596269154,2.19527090295382,0.542475459819802,0.220785344154841,-0.855055840584911,15.0442290036299,3.2546275113217,-2.40839596269154,0.786305457113931,-0.611612429945875,-1.51056434289251,175.541138726626,27,1,"normal",14
"2095",19.07677,0.543388804752145,0,0.422042309641147,80,0.1491866781055,15.0442290036299,25.9099615689608,-2.40839596269154,2.19527090295382,0.542475459819802,0.220785344154841,-0.855055840584911,15.0442290036299,3.2546275113217,-2.40839596269154,0.786305457113931,-0.611612429945875,-1.51056434289251,175.541138726626,27,1,"normal",15
"2096",18.98674,0.542427650099364,0,0.580784095137191,80,0.1491866781055,15.0442290036299,25.9099615689608,-2.40839596269154,2.19527090295382,0.542475459819802,0.220785344154841,-0.855055840584911,15.0442290036299,3.2546275113217,-2.40839596269154,0.786305457113931,-0.611612429945875,-1.51056434289251,175.541138726626,27,1,"normal",16
"2097",21.04291,0.564230183419621,1,0.412716724380216,80,0.1491866781055,15.0442290036299,25.9099615689608,-2.40839596269154,2.19527090295382,0.542475459819802,0.220785344154841,-0.855055840584911,15.0442290036299,3.2546275113217,-2.40839596269154,0.786305457113931,-0.611612429945875,-1.51056434289251,175.541138726626,27,1,"normal",17
"2098",14.14416,0.49027839805069,1,0.37211383950065,80,0.1491866781055,15.0442290036299,25.9099615689608,-2.40839596269154,2.19527090295382,0.542475459819802,0.220785344154841,-0.855055840584911,15.0442290036299,3.2546275113217,-2.40839596269154,0.786305457113931,-0.611612429945875,-1.51056434289251,175.541138726626,27,1,"normal",18
"2099",17.79682,0.529680741246553,0,0.326997336500147,80,0.1491866781055,15.0442290036299,25.9099615689608,-2.40839596269154,2.19527090295382,0.542475459819802,0.220785344154841,-0.855055840584911,15.0442290036299,3.2546275113217,-2.40839596269154,0.786305457113931,-0.611612429945875,-1.51056434289251,175.541138726626,27,1,"normal",19
"2100",20.16432,0.554955081991425,1,0.344768768705909,80,0.1491866781055,15.0442290036299,25.9099615689608,-2.40839596269154,2.19527090295382,0.542475459819802,0.220785344154841,-0.855055840584911,15.0442290036299,3.2546275113217,-2.40839596269154,0.786305457113931,-0.611612429945875,-1.51056434289251,175.541138726626,27,1,"normal",20
"2101",17.09679,0.522150900441617,1,0.387693791197103,80,0.1491866781055,15.0442290036299,25.9099615689608,-2.40839596269154,2.19527090295382,0.542475459819802,0.220785344154841,-0.855055840584911,15.0442290036299,3.2546275113217,-2.40839596269154,0.786305457113931,-0.611612429945875,-1.51056434289251,175.541138726626,27,1,"normal",21
"2102",15.60747,0.506084283247641,1,0.343731586029503,80,0.1491866781055,15.0442290036299,25.9099615689608,-2.40839596269154,2.19527090295382,0.542475459819802,0.220785344154841,-0.855055840584911,15.0442290036299,3.2546275113217,-2.40839596269154,0.786305457113931,-0.611612429945875,-1.51056434289251,175.541138726626,27,1,"normal",22
"2103",15.90172,0.509261890988061,1,0.478820205714842,80,0.1491866781055,15.0442290036299,25.9099615689608,-2.40839596269154,2.19527090295382,0.542475459819802,0.220785344154841,-0.855055840584911,15.0442290036299,3.2546275113217,-2.40839596269154,0.786305457113931,-0.611612429945875,-1.51056434289251,175.541138726626,27,1,"normal",23
"2104",10.70619568402,0.453353718759341,1,0.422811489551227,80,0.1491866781055,15.0442290036299,25.9099615689608,-2.40839596269154,2.19527090295382,0.542475459819802,0.220785344154841,-0.855055840584911,15.0442290036299,3.2546275113217,-2.40839596269154,0.786305457113931,-0.611612429945875,-1.51056434289251,175.541138726626,27,1,"normal",24
"2105",43.75624,0.756865892427455,1,0.540503714504235,80,0.1491866781055,15.0442290036299,25.9099615689608,-2.40839596269154,2.19527090295382,0.542475459819802,0.220785344154841,-0.855055840584911,15.0442290036299,3.2546275113217,-2.40839596269154,0.786305457113931,-0.611612429945875,-1.51056434289251,175.541138726626,27,1,"normal",25
"2106",-8.97596,0.273337189789051,0,0.47935466533449,80,0.1491866781055,15.0442290036299,25.9099615689608,-2.40839596269154,2.19527090295382,0.542475459819802,0.220785344154841,-0.855055840584911,15.0442290036299,3.2546275113217,-2.40839596269154,0.786305457113931,-0.611612429945875,-1.51056434289251,175.541138726626,27,1,"normal",26
"2107",9.64825,0.442125222618478,1,0.380795930054782,80,0.1491866781055,15.0442290036299,25.9099615689608,-2.40839596269154,2.19527090295382,0.542475459819802,0.220785344154841,-0.855055840584911,15.0442290036299,3.2546275113217,-2.40839596269154,0.786305457113931,-0.611612429945875,-1.51056434289251,175.541138726626,27,1,"normal",27
"2108",12.552369178,0.473121570049527,1,0.315769141546032,80,0.1491866781055,15.0442290036299,25.9099615689608,-2.40839596269154,2.19527090295382,0.542475459819802,0.220785344154841,-0.855055840584911,15.0442290036299,3.2546275113217,-2.40839596269154,0.786305457113931,-0.611612429945875,-1.51056434289251,175.541138726626,27,1,"normal",28
"2109",6.8416790323,0.41284501358457,0,0.592910150633601,80,0.1491866781055,15.0442290036299,25.9099615689608,-2.40839596269154,2.19527090295382,0.542475459819802,0.220785344154841,-0.855055840584911,15.0442290036299,3.2546275113217,-2.40839596269154,0.786305457113931,-0.611612429945875,-1.51056434289251,175.541138726626,27,1,"normal",29
"2110",9.4390771162,0.439915860283016,1,0.362439662852615,80,0.1491866781055,15.0442290036299,25.9099615689608,-2.40839596269154,2.19527090295382,0.542475459819802,0.220785344154841,-0.855055840584911,15.0442290036299,3.2546275113217,-2.40839596269154,0.786305457113931,-0.611612429945875,-1.51056434289251,175.541138726626,27,1,"normal",30
"2111",-21.94483,0.203003913979559,0,0.381653723856359,80,0.1491866781055,15.0442290036299,25.9099615689608,-2.40839596269154,2.19527090295382,0.542475459819802,0.220785344154841,-0.855055840584911,15.0442290036299,3.2546275113217,-2.40839596269154,0.786305457113931,-0.611612429945875,-1.51056434289251,175.541138726626,27,1,"normal",31
"2112",10.8114206493,0.45447503362397,1,0.342748756864504,80,0.1491866781055,15.0442290036299,25.9099615689608,-2.40839596269154,2.19527090295382,0.542475459819802,0.220785344154841,-0.855055840584911,15.0442290036299,3.2546275113217,-2.40839596269154,0.786305457113931,-0.611612429945875,-1.51056434289251,175.541138726626,27,1,"normal",32
"2113",35.5645,0.700535385581372,1,0.317875037883507,80,0.1491866781055,15.0442290036299,25.9099615689608,-2.40839596269154,2.19527090295382,0.542475459819802,0.220785344154841,-0.855055840584911,15.0442290036299,3.2546275113217,-2.40839596269154,0.786305457113931,-0.611612429945875,-1.51056434289251,175.541138726626,27,1,"normal",33
"2114",-12.130995,0.252415239384978,0,0.394181858832273,80,0.1491866781055,15.0442290036299,25.9099615689608,-2.40839596269154,2.19527090295382,0.542475459819802,0.220785344154841,-0.855055840584911,15.0442290036299,3.2546275113217,-2.40839596269154,0.786305457113931,-0.611612429945875,-1.51056434289251,175.541138726626,27,1,"normal",34
"2115",11.1882,0.458496105052803,0,0.420704647873015,80,0.1491866781055,15.0442290036299,25.9099615689608,-2.40839596269154,2.19527090295382,0.542475459819802,0.220785344154841,-0.855055840584911,15.0442290036299,3.2546275113217,-2.40839596269154,0.786305457113931,-0.611612429945875,-1.51056434289251,175.541138726626,27,1,"normal",35
"2116",18.66462,0.53898463405914,1,0.357104529533133,80,0.1491866781055,15.0442290036299,25.9099615689608,-2.40839596269154,2.19527090295382,0.542475459819802,0.220785344154841,-0.855055840584911,15.0442290036299,3.2546275113217,-2.40839596269154,0.786305457113931,-0.611612429945875,-1.51056434289251,175.541138726626,27,1,"normal",36
"2117",17.64809,0.528082555650231,1,0.338616019748368,80,0.1491866781055,15.0442290036299,25.9099615689608,-2.40839596269154,2.19527090295382,0.542475459819802,0.220785344154841,-0.855055840584911,15.0442290036299,3.2546275113217,-2.40839596269154,0.786305457113931,-0.611612429945875,-1.51056434289251,175.541138726626,27,1,"normal",37
"2118",3.78718,0.382108703417764,0,0.65377381199361,80,0.1491866781055,15.0442290036299,25.9099615689608,-2.40839596269154,2.19527090295382,0.542475459819802,0.220785344154841,-0.855055840584911,15.0442290036299,3.2546275113217,-2.40839596269154,0.786305457113931,-0.611612429945875,-1.51056434289251,175.541138726626,27,1,"normal",38
"2119",-9.43406,0.270143401561468,1,0.419613571139907,80,0.1491866781055,15.0442290036299,25.9099615689608,-2.40839596269154,2.19527090295382,0.542475459819802,0.220785344154841,-0.855055840584911,15.0442290036299,3.2546275113217,-2.40839596269154,0.786305457113931,-0.611612429945875,-1.51056434289251,175.541138726626,27,1,"normal",39
"2120",3.75428,0.381785380776175,1,0.417617850920147,80,0.1491866781055,15.0442290036299,25.9099615689608,-2.40839596269154,2.19527090295382,0.542475459819802,0.220785344154841,-0.855055840584911,15.0442290036299,3.2546275113217,-2.40839596269154,0.786305457113931,-0.611612429945875,-1.51056434289251,175.541138726626,27,1,"normal",40
"2121",-12.24693,0.251694346369182,0,0.554913341446752,80,0.1491866781055,15.0442290036299,25.9099615689608,-2.40839596269154,2.19527090295382,0.542475459819802,0.220785344154841,-0.855055840584911,15.0442290036299,3.2546275113217,-2.40839596269154,0.786305457113931,-0.611612429945875,-1.51056434289251,175.541138726626,27,1,"normal",41
"2122",18.16229,0.533603671360401,1,0.296919237598452,80,0.1491866781055,15.0442290036299,25.9099615689608,-2.40839596269154,2.19527090295382,0.542475459819802,0.220785344154841,-0.855055840584911,15.0442290036299,3.2546275113217,-2.40839596269154,0.786305457113931,-0.611612429945875,-1.51056434289251,175.541138726626,27,1,"normal",42
"2123",-8.21617,0.278750591633828,1,0.506166459860086,80,0.1491866781055,15.0442290036299,25.9099615689608,-2.40839596269154,2.19527090295382,0.542475459819802,0.220785344154841,-0.855055840584911,15.0442290036299,3.2546275113217,-2.40839596269154,0.786305457113931,-0.611612429945875,-1.51056434289251,175.541138726626,27,1,"normal",43
"2124",10.9844,0.45631997229055,1,0.387893611903288,80,0.1491866781055,15.0442290036299,25.9099615689608,-2.40839596269154,2.19527090295382,0.542475459819802,0.220785344154841,-0.855055840584911,15.0442290036299,3.2546275113217,-2.40839596269154,0.786305457113931,-0.611612429945875,-1.51056434289251,175.541138726626,27,1,"normal",44
"2125",22.9329,0.583923732975246,1,0.335935092791967,80,0.1491866781055,15.0442290036299,25.9099615689608,-2.40839596269154,2.19527090295382,0.542475459819802,0.220785344154841,-0.855055840584911,15.0442290036299,3.2546275113217,-2.40839596269154,0.786305457113931,-0.611612429945875,-1.51056434289251,175.541138726626,27,1,"normal",45
"2126",47.5224,0.777134343528481,1,0.340000608385581,80,0.1491866781055,15.0442290036299,25.9099615689608,-2.40839596269154,2.19527090295382,0.542475459819802,0.220785344154841,-0.855055840584911,15.0442290036299,3.2546275113217,-2.40839596269154,0.786305457113931,-0.611612429945875,-1.51056434289251,175.541138726626,27,1,"normal",46
"2127",42.88358,0.751668477382024,1,0.347942201009042,80,0.1491866781055,15.0442290036299,25.9099615689608,-2.40839596269154,2.19527090295382,0.542475459819802,0.220785344154841,-0.855055840584911,15.0442290036299,3.2546275113217,-2.40839596269154,0.786305457113931,-0.611612429945875,-1.51056434289251,175.541138726626,27,1,"normal",47
"2128",3.1803140368,0.376173912125384,0,0.334216785314135,80,0.1491866781055,15.0442290036299,25.9099615689608,-2.40839596269154,2.19527090295382,0.542475459819802,0.220785344154841,-0.855055840584911,15.0442290036299,3.2546275113217,-2.40839596269154,0.786305457113931,-0.611612429945875,-1.51056434289251,175.541138726626,27,1,"normal",48
"2129",41.5559,0.743393448847928,0,0.42361972571612,80,0.1491866781055,15.0442290036299,25.9099615689608,-2.40839596269154,2.19527090295382,0.542475459819802,0.220785344154841,-0.855055840584911,15.0442290036299,3.2546275113217,-2.40839596269154,0.786305457113931,-0.611612429945875,-1.51056434289251,175.541138726626,27,1,"normal",49
"2130",28.80875,0.641991883106152,0,0.405409358296376,80,0.1491866781055,15.0442290036299,25.9099615689608,-2.40839596269154,2.19527090295382,0.542475459819802,0.220785344154841,-0.855055840584911,15.0442290036299,3.2546275113217,-2.40839596269154,0.786305457113931,-0.611612429945875,-1.51056434289251,175.541138726626,27,1,"normal",50
"2131",4.3185686978,0.387355307111654,1,0.32916180819541,80,0.1491866781055,15.0442290036299,25.9099615689608,-2.40839596269154,2.19527090295382,0.542475459819802,0.220785344154841,-0.855055840584911,15.0442290036299,3.2546275113217,-2.40839596269154,0.786305457113931,-0.611612429945875,-1.51056434289251,175.541138726626,27,1,"normal",51
"2132",2.0104385891,0.364914058857546,0,0.587656370303075,80,0.1491866781055,15.0442290036299,25.9099615689608,-2.40839596269154,2.19527090295382,0.542475459819802,0.220785344154841,-0.855055840584911,15.0442290036299,3.2546275113217,-2.40839596269154,0.786305457113931,-0.611612429945875,-1.51056434289251,175.541138726626,27,1,"normal",52
"2133",3.62404270142,0.380507241391952,1,0.458501853193544,80,0.1491866781055,15.0442290036299,25.9099615689608,-2.40839596269154,2.19527090295382,0.542475459819802,0.220785344154841,-0.855055840584911,15.0442290036299,3.2546275113217,-2.40839596269154,0.786305457113931,-0.611612429945875,-1.51056434289251,175.541138726626,27,1,"normal",53
"2134",-3.0014,0.319728149642884,0,0.691708489390737,80,0.1491866781055,15.0442290036299,25.9099615689608,-2.40839596269154,2.19527090295382,0.542475459819802,0.220785344154841,-0.855055840584911,15.0442290036299,3.2546275113217,-2.40839596269154,0.786305457113931,-0.611612429945875,-1.51056434289251,175.541138726626,27,1,"normal",54
"2135",18.23548,0.534388512837249,0,0.592588911751877,80,0.1491866781055,15.0442290036299,25.9099615689608,-2.40839596269154,2.19527090295382,0.542475459819802,0.220785344154841,-0.855055840584911,15.0442290036299,3.2546275113217,-2.40839596269154,0.786305457113931,-0.611612429945875,-1.51056434289251,175.541138726626,27,1,"normal",55
"2136",40.0182843,0.73325337944838,1,0.461487025263481,80,0.1491866781055,15.0442290036299,25.9099615689608,-2.40839596269154,2.19527090295382,0.542475459819802,0.220785344154841,-0.855055840584911,15.0442290036299,3.2546275113217,-2.40839596269154,0.786305457113931,-0.611612429945875,-1.51056434289251,175.541138726626,27,1,"normal",56
"2137",5.55497187226,0.39973271277463,0,0.391956109487015,80,0.1491866781055,15.0442290036299,25.9099615689608,-2.40839596269154,2.19527090295382,0.542475459819802,0.220785344154841,-0.855055840584911,15.0442290036299,3.2546275113217,-2.40839596269154,0.786305457113931,-0.611612429945875,-1.51056434289251,175.541138726626,27,1,"normal",57
"2138",5.38298414734,0.397997352906218,1,0.293924887209317,80,0.1491866781055,15.0442290036299,25.9099615689608,-2.40839596269154,2.19527090295382,0.542475459819802,0.220785344154841,-0.855055840584911,15.0442290036299,3.2546275113217,-2.40839596269154,0.786305457113931,-0.611612429945875,-1.51056434289251,175.541138726626,27,1,"normal",58
"2139",3.9570637007,0.383781054497301,1,0.419972546271168,80,0.1491866781055,15.0442290036299,25.9099615689608,-2.40839596269154,2.19527090295382,0.542475459819802,0.220785344154841,-0.855055840584911,15.0442290036299,3.2546275113217,-2.40839596269154,0.786305457113931,-0.611612429945875,-1.51056434289251,175.541138726626,27,1,"normal",59
"2140",1.85524881196,0.363439009773777,1,0.328216114113193,80,0.1491866781055,15.0442290036299,25.9099615689608,-2.40839596269154,2.19527090295382,0.542475459819802,0.220785344154841,-0.855055840584911,15.0442290036299,3.2546275113217,-2.40839596269154,0.786305457113931,-0.611612429945875,-1.51056434289251,175.541138726626,27,1,"normal",60
"2141",15.557438,0.505543898025085,1,0.318539375763606,80,0.1491866781055,15.0442290036299,25.9099615689608,-2.40839596269154,2.19527090295382,0.542475459819802,0.220785344154841,-0.855055840584911,15.0442290036299,3.2546275113217,-2.40839596269154,0.786305457113931,-0.611612429945875,-1.51056434289251,175.541138726626,27,1,"normal",61
"2142",0.93488744196,0.35478473336456,1,0.367992278336631,80,0.1491866781055,15.0442290036299,25.9099615689608,-2.40839596269154,2.19527090295382,0.542475459819802,0.220785344154841,-0.855055840584911,15.0442290036299,3.2546275113217,-2.40839596269154,0.786305457113931,-0.611612429945875,-1.51056434289251,175.541138726626,27,1,"normal",62
"2143",19.87901,0.551929209887706,0,0.460964216819679,80,0.1491866781055,15.0442290036299,25.9099615689608,-2.40839596269154,2.19527090295382,0.542475459819802,0.220785344154841,-0.855055840584911,15.0442290036299,3.2546275113217,-2.40839596269154,0.786305457113931,-0.611612429945875,-1.51056434289251,175.541138726626,27,1,"normal",63
"2144",-30.73278,0.176292734857433,0,0.428342671629816,80,0.1491866781055,15.0442290036299,25.9099615689608,-2.40839596269154,2.19527090295382,0.542475459819802,0.220785344154841,-0.855055840584911,15.0442290036299,3.2546275113217,-2.40839596269154,0.786305457113931,-0.611612429945875,-1.51056434289251,175.541138726626,27,1,"normal",64
"2145",1.3555852121,0.358720501496422,0,0.536718405249083,80,0.1491866781055,15.0442290036299,25.9099615689608,-2.40839596269154,2.19527090295382,0.542475459819802,0.220785344154841,-0.855055840584911,15.0442290036299,3.2546275113217,-2.40839596269154,0.786305457113931,-0.611612429945875,-1.51056434289251,175.541138726626,27,1,"normal",65
"2146",1.9985380571,0.364800788505539,0,0.282686403690349,80,0.1491866781055,15.0442290036299,25.9099615689608,-2.40839596269154,2.19527090295382,0.542475459819802,0.220785344154841,-0.855055840584911,15.0442290036299,3.2546275113217,-2.40839596269154,0.786305457113931,-0.611612429945875,-1.51056434289251,175.541138726626,27,1,"normal",66
"2147",4.6780844152,0.390930425124134,0,0.466820399350841,80,0.1491866781055,15.0442290036299,25.9099615689608,-2.40839596269154,2.19527090295382,0.542475459819802,0.220785344154841,-0.855055840584911,15.0442290036299,3.2546275113217,-2.40839596269154,0.786305457113931,-0.611612429945875,-1.51056434289251,175.541138726626,27,1,"normal",67
"2148",5.0429423542,0.394579012161848,1,0.417475962920146,80,0.1491866781055,15.0442290036299,25.9099615689608,-2.40839596269154,2.19527090295382,0.542475459819802,0.220785344154841,-0.855055840584911,15.0442290036299,3.2546275113217,-2.40839596269154,0.786305457113931,-0.611612429945875,-1.51056434289251,175.541138726626,27,1,"normal",68
"2149",-0.90575,0.337981595320308,0,0.42178779392522,80,0.1491866781055,15.0442290036299,25.9099615689608,-2.40839596269154,2.19527090295382,0.542475459819802,0.220785344154841,-0.855055840584911,15.0442290036299,3.2546275113217,-2.40839596269154,0.786305457113931,-0.611612429945875,-1.51056434289251,175.541138726626,27,1,"normal",69
"2150",4.8627445981,0.392774507125725,0,0.745627634404026,80,0.1491866781055,15.0442290036299,25.9099615689608,-2.40839596269154,2.19527090295382,0.542475459819802,0.220785344154841,-0.855055840584911,15.0442290036299,3.2546275113217,-2.40839596269154,0.786305457113931,-0.611612429945875,-1.51056434289251,175.541138726626,27,1,"normal",70
"2151",6.3960976017,0.408279281672851,0,0.361411883993157,80,0.1491866781055,15.0442290036299,25.9099615689608,-2.40839596269154,2.19527090295382,0.542475459819802,0.220785344154841,-0.855055840584911,15.0442290036299,3.2546275113217,-2.40839596269154,0.786305457113931,-0.611612429945875,-1.51056434289251,175.541138726626,27,1,"normal",71
"2152",-0.836729999999999,0.338599030105415,0,0.398702762400393,80,0.1491866781055,15.0442290036299,25.9099615689608,-2.40839596269154,2.19527090295382,0.542475459819802,0.220785344154841,-0.855055840584911,15.0442290036299,3.2546275113217,-2.40839596269154,0.786305457113931,-0.611612429945875,-1.51056434289251,175.541138726626,27,1,"normal",72
"2153",-6.54174,0.291188916450715,0,0.338908752578511,80,0.1491866781055,15.0442290036299,25.9099615689608,-2.40839596269154,2.19527090295382,0.542475459819802,0.220785344154841,-0.855055840584911,15.0442290036299,3.2546275113217,-2.40839596269154,0.786305457113931,-0.611612429945875,-1.51056434289251,175.541138726626,27,1,"normal",73
"2154",-16.30865,0.228558844257289,0,0.358373179375763,80,0.1491866781055,15.0442290036299,25.9099615689608,-2.40839596269154,2.19527090295382,0.542475459819802,0.220785344154841,-0.855055840584911,15.0442290036299,3.2546275113217,-2.40839596269154,0.786305457113931,-0.611612429945875,-1.51056434289251,175.541138726626,27,1,"normal",74
"2155",9.8083262209,0.443818526083484,1,0.457606643617736,80,0.1491866781055,15.0442290036299,25.9099615689608,-2.40839596269154,2.19527090295382,0.542475459819802,0.220785344154841,-0.855055840584911,15.0442290036299,3.2546275113217,-2.40839596269154,0.786305457113931,-0.611612429945875,-1.51056434289251,175.541138726626,27,1,"normal",75
"2156",17.88202,0.530595826479363,1,0.466569309932967,80,0.1491866781055,15.0442290036299,25.9099615689608,-2.40839596269154,2.19527090295382,0.542475459819802,0.220785344154841,-0.855055840584911,15.0442290036299,3.2546275113217,-2.40839596269154,0.786305457113931,-0.611612429945875,-1.51056434289251,175.541138726626,27,1,"normal",76
"2157",25.2919,0.607887054380518,1,0.365176969662123,80,0.1491866781055,15.0442290036299,25.9099615689608,-2.40839596269154,2.19527090295382,0.542475459819802,0.220785344154841,-0.855055840584911,15.0442290036299,3.2546275113217,-2.40839596269154,0.786305457113931,-0.611612429945875,-1.51056434289251,175.541138726626,27,1,"normal",77
"2158",-17.60942,0.222005196624763,0,0.277337737841106,80,0.1491866781055,15.0442290036299,25.9099615689608,-2.40839596269154,2.19527090295382,0.542475459819802,0.220785344154841,-0.855055840584911,15.0442290036299,3.2546275113217,-2.40839596269154,0.786305457113931,-0.611612429945875,-1.51056434289251,175.541138726626,27,1,"normal",78
"2159",-4.61491,0.30635214946223,1,0.391219592087905,80,0.1491866781055,15.0442290036299,25.9099615689608,-2.40839596269154,2.19527090295382,0.542475459819802,0.220785344154841,-0.855055840584911,15.0442290036299,3.2546275113217,-2.40839596269154,0.786305457113931,-0.611612429945875,-1.51056434289251,175.541138726626,27,1,"normal",79
"2160",7.8680766006,0.423454983316751,0,0.371429282992423,80,0.1491866781055,15.0442290036299,25.9099615689608,-2.40839596269154,2.19527090295382,0.542475459819802,0.220785344154841,-0.855055840584911,15.0442290036299,3.2546275113217,-2.40839596269154,0.786305457113931,-0.611612429945875,-1.51056434289251,175.541138726626,27,1,"normal",80
"2161",9.9532468385,0.507237401386074,1,0.776083960897459,80,0.000600089543852416,9.10768555612196,46.5507915067224,-2.21079516479794,3.11757162515239,0.498970606780755,0.498582669471999,-6.7240835936899,9.10768555612196,3.84054400694527,-2.21079516479794,1.13705437349735,-0.695208089212526,-0.69598586687623,962.804929353698,28,1,"normal",1
"2162",-6.92510004476,0.365428850889644,0,0.772272317592655,80,0.000600089543852416,9.10768555612196,46.5507915067224,-2.21079516479794,3.11757162515239,0.498970606780755,0.498582669471999,-6.7240835936899,9.10768555612196,3.84054400694527,-2.21079516479794,1.13705437349735,-0.695208089212526,-0.69598586687623,962.804929353698,28,1,"normal",2
"2163",0.72989583666,0.428673398533542,0,0.761319440241739,80,0.000600089543852416,9.10768555612196,46.5507915067224,-2.21079516479794,3.11757162515239,0.498970606780755,0.498582669471999,-6.7240835936899,9.10768555612196,3.84054400694527,-2.21079516479794,1.13705437349735,-0.695208089212526,-0.69598586687623,962.804929353698,28,1,"normal",3
"2164",5.3234529649,0.467643529148033,1,1.0402440546571,80,0.000600089543852416,9.10768555612196,46.5507915067224,-2.21079516479794,3.11757162515239,0.498970606780755,0.498582669471999,-6.7240835936899,9.10768555612196,3.84054400694527,-2.21079516479794,1.13705437349735,-0.695208089212526,-0.69598586687623,962.804929353698,28,1,"normal",4
"2165",2.094578,0.440195814782948,0,0.733050751360522,80,0.000600089543852416,9.10768555612196,46.5507915067224,-2.21079516479794,3.11757162515239,0.498970606780755,0.498582669471999,-6.7240835936899,9.10768555612196,3.84054400694527,-2.21079516479794,1.13705437349735,-0.695208089212526,-0.69598586687623,962.804929353698,28,1,"normal",5
"2166",-8.036903,0.356497755802952,0,0.61225412801182,80,0.000600089543852416,9.10768555612196,46.5507915067224,-2.21079516479794,3.11757162515239,0.498970606780755,0.498582669471999,-6.7240835936899,9.10768555612196,3.84054400694527,-2.21079516479794,1.13705437349735,-0.695208089212526,-0.69598586687623,962.804929353698,28,1,"normal",6
"2167",3.96475,0.456067110906663,0,0.705187254203168,80,0.000600089543852416,9.10768555612196,46.5507915067224,-2.21079516479794,3.11757162515239,0.498970606780755,0.498582669471999,-6.7240835936899,9.10768555612196,3.84054400694527,-2.21079516479794,1.13705437349735,-0.695208089212526,-0.69598586687623,962.804929353698,28,1,"normal",7
"2168",-2.56415,0.401128945683831,0,0.653863705440419,80,0.000600089543852416,9.10768555612196,46.5507915067224,-2.21079516479794,3.11757162515239,0.498970606780755,0.498582669471999,-6.7240835936899,9.10768555612196,3.84054400694527,-2.21079516479794,1.13705437349735,-0.695208089212526,-0.69598586687623,962.804929353698,28,1,"normal",8
"2169",4.83167,0.46344975181185,0,0.697049380796111,80,0.000600089543852416,9.10768555612196,46.5507915067224,-2.21079516479794,3.11757162515239,0.498970606780755,0.498582669471999,-6.7240835936899,9.10768555612196,3.84054400694527,-2.21079516479794,1.13705437349735,-0.695208089212526,-0.69598586687623,962.804929353698,28,1,"normal",9
"2170",3.57849,0.452782479122655,1,0.839918476045256,80,0.000600089543852416,9.10768555612196,46.5507915067224,-2.21079516479794,3.11757162515239,0.498970606780755,0.498582669471999,-6.7240835936899,9.10768555612196,3.84054400694527,-2.21079516479794,1.13705437349735,-0.695208089212526,-0.69598586687623,962.804929353698,28,1,"normal",10
"2171",-7.91209,0.357496560375071,0,0.623222889955664,80,0.000600089543852416,9.10768555612196,46.5507915067224,-2.21079516479794,3.11757162515239,0.498970606780755,0.498582669471999,-6.7240835936899,9.10768555612196,3.84054400694527,-2.21079516479794,1.13705437349735,-0.695208089212526,-0.69598586687623,962.804929353698,28,1,"normal",11
"2172",-2.63164,0.4005692262932,0,0.647050169581382,80,0.000600089543852416,9.10768555612196,46.5507915067224,-2.21079516479794,3.11757162515239,0.498970606780755,0.498582669471999,-6.7240835936899,9.10768555612196,3.84054400694527,-2.21079516479794,1.13705437349735,-0.695208089212526,-0.69598586687623,962.804929353698,28,1,"normal",12
"2173",3.69872,0.453804540294216,1,0.908742411788176,80,0.000600089543852416,9.10768555612196,46.5507915067224,-2.21079516479794,3.11757162515239,0.498970606780755,0.498582669471999,-6.7240835936899,9.10768555612196,3.84054400694527,-2.21079516479794,1.13705437349735,-0.695208089212526,-0.69598586687623,962.804929353698,28,1,"normal",13
"2174",7.67753,0.48776014101774,1,0.759431350296432,80,0.000600089543852416,9.10768555612196,46.5507915067224,-2.21079516479794,3.11757162515239,0.498970606780755,0.498582669471999,-6.7240835936899,9.10768555612196,3.84054400694527,-2.21079516479794,1.13705437349735,-0.695208089212526,-0.69598586687623,962.804929353698,28,1,"normal",14
"2175",5.90943,0.472645230873211,0,0.683994899294948,80,0.000600089543852416,9.10768555612196,46.5507915067224,-2.21079516479794,3.11757162515239,0.498970606780755,0.498582669471999,-6.7240835936899,9.10768555612196,3.84054400694527,-2.21079516479794,1.13705437349735,-0.695208089212526,-0.69598586687623,962.804929353698,28,1,"normal",15
"2176",-19.39955,0.270415777454547,1,0.765397268255442,80,0.000600089543852416,9.10768555612196,46.5507915067224,-2.21079516479794,3.11757162515239,0.498970606780755,0.498582669471999,-6.7240835936899,9.10768555612196,3.84054400694527,-2.21079516479794,1.13705437349735,-0.695208089212526,-0.69598586687623,962.804929353698,28,1,"normal",16
"2177",15.53363,0.554830333597178,0,0.818692225469243,80,0.000600089543852416,9.10768555612196,46.5507915067224,-2.21079516479794,3.11757162515239,0.498970606780755,0.498582669471999,-6.7240835936899,9.10768555612196,3.84054400694527,-2.21079516479794,1.13705437349735,-0.695208089212526,-0.69598586687623,962.804929353698,28,1,"normal",17
"2178",7.2255985134,0.483894179685515,1,1.27592396641906,80,0.000600089543852416,9.10768555612196,46.5507915067224,-2.21079516479794,3.11757162515239,0.498970606780755,0.498582669471999,-6.7240835936899,9.10768555612196,3.84054400694527,-2.21079516479794,1.13705437349735,-0.695208089212526,-0.69598586687623,962.804929353698,28,1,"normal",18
"2179",7.89575,0.489627297547452,1,0.875919463417596,80,0.000600089543852416,9.10768555612196,46.5507915067224,-2.21079516479794,3.11757162515239,0.498970606780755,0.498582669471999,-6.7240835936899,9.10768555612196,3.84054400694527,-2.21079516479794,1.13705437349735,-0.695208089212526,-0.69598586687623,962.804929353698,28,1,"normal",19
"2180",3.15746,0.449205867587072,1,0.755657090202201,80,0.000600089543852416,9.10768555612196,46.5507915067224,-2.21079516479794,3.11757162515239,0.498970606780755,0.498582669471999,-6.7240835936899,9.10768555612196,3.84054400694527,-2.21079516479794,1.13705437349735,-0.695208089212526,-0.69598586687623,962.804929353698,28,1,"normal",20
"2181",14.39664,0.545174953335302,0,0.686244143577044,80,0.000600089543852416,9.10768555612196,46.5507915067224,-2.21079516479794,3.11757162515239,0.498970606780755,0.498582669471999,-6.7240835936899,9.10768555612196,3.84054400694527,-2.21079516479794,1.13705437349735,-0.695208089212526,-0.69598586687623,962.804929353698,28,1,"normal",21
"2182",4.01067834891,0.456457875690613,0,0.571637189800531,80,0.000600089543852416,9.10768555612196,46.5507915067224,-2.21079516479794,3.11757162515239,0.498970606780755,0.498582669471999,-6.7240835936899,9.10768555612196,3.84054400694527,-2.21079516479794,1.13705437349735,-0.695208089212526,-0.69598586687623,962.804929353698,28,1,"normal",22
"2183",24.84208,0.632161434819221,1,0.770938437618316,80,0.000600089543852416,9.10768555612196,46.5507915067224,-2.21079516479794,3.11757162515239,0.498970606780755,0.498582669471999,-6.7240835936899,9.10768555612196,3.84054400694527,-2.21079516479794,1.13705437349735,-0.695208089212526,-0.69598586687623,962.804929353698,28,1,"normal",23
"2184",2.99899,0.447860734296682,1,0.735173468101648,80,0.000600089543852416,9.10768555612196,46.5507915067224,-2.21079516479794,3.11757162515239,0.498970606780755,0.498582669471999,-6.7240835936899,9.10768555612196,3.84054400694527,-2.21079516479794,1.13705437349735,-0.695208089212526,-0.69598586687623,962.804929353698,28,1,"normal",24
"2185",4.1652590362,0.457773377666279,0,0.56685369991288,80,0.000600089543852416,9.10768555612196,46.5507915067224,-2.21079516479794,3.11757162515239,0.498970606780755,0.498582669471999,-6.7240835936899,9.10768555612196,3.84054400694527,-2.21079516479794,1.13705437349735,-0.695208089212526,-0.69598586687623,962.804929353698,28,1,"normal",25
"2186",5.32834969424,0.467685305873353,1,0.901362898258114,80,0.000600089543852416,9.10768555612196,46.5507915067224,-2.21079516479794,3.11757162515239,0.498970606780755,0.498582669471999,-6.7240835936899,9.10768555612196,3.84054400694527,-2.21079516479794,1.13705437349735,-0.695208089212526,-0.69598586687623,962.804929353698,28,1,"normal",26
"2187",1.320663,0.433654540161352,0,0.651668213415447,80,0.000600089543852416,9.10768555612196,46.5507915067224,-2.21079516479794,3.11757162515239,0.498970606780755,0.498582669471999,-6.7240835936899,9.10768555612196,3.84054400694527,-2.21079516479794,1.13705437349735,-0.695208089212526,-0.69598586687623,962.804929353698,28,1,"normal",27
"2188",24.58863,0.630110542810727,1,1.04489482295291,80,0.000600089543852416,9.10768555612196,46.5507915067224,-2.21079516479794,3.11757162515239,0.498970606780755,0.498582669471999,-6.7240835936899,9.10768555612196,3.84054400694527,-2.21079516479794,1.13705437349735,-0.695208089212526,-0.69598586687623,962.804929353698,28,1,"normal",28
"2189",-7.3218,0.362233468700956,0,0.703983466695573,80,0.000600089543852416,9.10768555612196,46.5507915067224,-2.21079516479794,3.11757162515239,0.498970606780755,0.498582669471999,-6.7240835936899,9.10768555612196,3.84054400694527,-2.21079516479794,1.13705437349735,-0.695208089212526,-0.69598586687623,962.804929353698,28,1,"normal",29
"2190",5.62849,0.470246633506436,0,0.567842009211063,80,0.000600089543852416,9.10768555612196,46.5507915067224,-2.21079516479794,3.11757162515239,0.498970606780755,0.498582669471999,-6.7240835936899,9.10768555612196,3.84054400694527,-2.21079516479794,1.13705437349735,-0.695208089212526,-0.69598586687623,962.804929353698,28,1,"normal",30
"2191",-8.00632,0.356742402506565,1,0.660338315051996,80,0.000600089543852416,9.10768555612196,46.5507915067224,-2.21079516479794,3.11757162515239,0.498970606780755,0.498582669471999,-6.7240835936899,9.10768555612196,3.84054400694527,-2.21079516479794,1.13705437349735,-0.695208089212526,-0.69598586687623,962.804929353698,28,1,"normal",31
"2192",23.76708,0.623437371360962,0,0.727964479635198,80,0.000600089543852416,9.10768555612196,46.5507915067224,-2.21079516479794,3.11757162515239,0.498970606780755,0.498582669471999,-6.7240835936899,9.10768555612196,3.84054400694527,-2.21079516479794,1.13705437349735,-0.695208089212526,-0.69598586687623,962.804929353698,28,1,"normal",32
"2193",7.528974648,0.48648920768815,1,0.846693448062802,80,0.000600089543852416,9.10768555612196,46.5507915067224,-2.21079516479794,3.11757162515239,0.498970606780755,0.498582669471999,-6.7240835936899,9.10768555612196,3.84054400694527,-2.21079516479794,1.13705437349735,-0.695208089212526,-0.69598586687623,962.804929353698,28,1,"normal",33
"2194",-16.1193,0.294182786938361,0,0.892206325717053,80,0.000600089543852416,9.10768555612196,46.5507915067224,-2.21079516479794,3.11757162515239,0.498970606780755,0.498582669471999,-6.7240835936899,9.10768555612196,3.84054400694527,-2.21079516479794,1.13705437349735,-0.695208089212526,-0.69598586687623,962.804929353698,28,1,"normal",34
"2195",3.2381,0.44989058594566,0,0.978427090686066,80,0.000600089543852416,9.10768555612196,46.5507915067224,-2.21079516479794,3.11757162515239,0.498970606780755,0.498582669471999,-6.7240835936899,9.10768555612196,3.84054400694527,-2.21079516479794,1.13705437349735,-0.695208089212526,-0.69598586687623,962.804929353698,28,1,"normal",35
"2196",6.1700593068,0.47487131184302,1,0.538944056938006,80,0.000600089543852416,9.10768555612196,46.5507915067224,-2.21079516479794,3.11757162515239,0.498970606780755,0.498582669471999,-6.7240835936899,9.10768555612196,3.84054400694527,-2.21079516479794,1.13705437349735,-0.695208089212526,-0.69598586687623,962.804929353698,28,1,"normal",36
"2197",38.69348,0.737183185384087,0,0.892626079399774,80,0.000600089543852416,9.10768555612196,46.5507915067224,-2.21079516479794,3.11757162515239,0.498970606780755,0.498582669471999,-6.7240835936899,9.10768555612196,3.84054400694527,-2.21079516479794,1.13705437349735,-0.695208089212526,-0.69598586687623,962.804929353698,28,1,"normal",37
"2198",13.87004,0.540693601345051,0,0.770290481915051,80,0.000600089543852416,9.10768555612196,46.5507915067224,-2.21079516479794,3.11757162515239,0.498970606780755,0.498582669471999,-6.7240835936899,9.10768555612196,3.84054400694527,-2.21079516479794,1.13705437349735,-0.695208089212526,-0.69598586687623,962.804929353698,28,1,"normal",38
"2199",6.956351195,0.481591652968474,1,0.666495320428558,80,0.000600089543852416,9.10768555612196,46.5507915067224,-2.21079516479794,3.11757162515239,0.498970606780755,0.498582669471999,-6.7240835936899,9.10768555612196,3.84054400694527,-2.21079516479794,1.13705437349735,-0.695208089212526,-0.69598586687623,962.804929353698,28,1,"normal",39
"2200",7.946287497407,0.490059745706525,1,0.712672577270301,80,0.000600089543852416,9.10768555612196,46.5507915067224,-2.21079516479794,3.11757162515239,0.498970606780755,0.498582669471999,-6.7240835936899,9.10768555612196,3.84054400694527,-2.21079516479794,1.13705437349735,-0.695208089212526,-0.69598586687623,962.804929353698,28,1,"normal",40
"2201",7.444630104,0.485767676487325,0,0.682757594507202,80,0.000600089543852416,9.10768555612196,46.5507915067224,-2.21079516479794,3.11757162515239,0.498970606780755,0.498582669471999,-6.7240835936899,9.10768555612196,3.84054400694527,-2.21079516479794,1.13705437349735,-0.695208089212526,-0.69598586687623,962.804929353698,28,1,"normal",41
"2202",3.6733142003,0.453588542772379,1,0.910084301016807,80,0.000600089543852416,9.10768555612196,46.5507915067224,-2.21079516479794,3.11757162515239,0.498970606780755,0.498582669471999,-6.7240835936899,9.10768555612196,3.84054400694527,-2.21079516479794,1.13705437349735,-0.695208089212526,-0.69598586687623,962.804929353698,28,1,"normal",42
"2203",5.63217270922,0.470278068774832,0,0.983294147790651,80,0.000600089543852416,9.10768555612196,46.5507915067224,-2.21079516479794,3.11757162515239,0.498970606780755,0.498582669471999,-6.7240835936899,9.10768555612196,3.84054400694527,-2.21079516479794,1.13705437349735,-0.695208089212526,-0.69598586687623,962.804929353698,28,1,"normal",43
"2204",-48.62469,0.107921510695963,0,0.560108912823083,80,0.000600089543852416,9.10768555612196,46.5507915067224,-2.21079516479794,3.11757162515239,0.498970606780755,0.498582669471999,-6.7240835936899,9.10768555612196,3.84054400694527,-2.21079516479794,1.13705437349735,-0.695208089212526,-0.69598586687623,962.804929353698,28,1,"normal",44
"2205",-3.158822,0.396204239185144,1,0.609933846708749,80,0.000600089543852416,9.10768555612196,46.5507915067224,-2.21079516479794,3.11757162515239,0.498970606780755,0.498582669471999,-6.7240835936899,9.10768555612196,3.84054400694527,-2.21079516479794,1.13705437349735,-0.695208089212526,-0.69598586687623,962.804929353698,28,1,"normal",45
"2206",6.89225946574,0.481043646476898,0,0.830257603643137,80,0.000600089543852416,9.10768555612196,46.5507915067224,-2.21079516479794,3.11757162515239,0.498970606780755,0.498582669471999,-6.7240835936899,9.10768555612196,3.84054400694527,-2.21079516479794,1.13705437349735,-0.695208089212526,-0.69598586687623,962.804929353698,28,1,"normal",46
"2207",7.547060433,0.48664392963303,1,0.656054867103137,80,0.000600089543852416,9.10768555612196,46.5507915067224,-2.21079516479794,3.11757162515239,0.498970606780755,0.498582669471999,-6.7240835936899,9.10768555612196,3.84054400694527,-2.21079516479794,1.13705437349735,-0.695208089212526,-0.69598586687623,962.804929353698,28,1,"normal",47
"2208",9.46401,0.503050020981352,0,1.0066540484267,80,0.000600089543852416,9.10768555612196,46.5507915067224,-2.21079516479794,3.11757162515239,0.498970606780755,0.498582669471999,-6.7240835936899,9.10768555612196,3.84054400694527,-2.21079516479794,1.13705437349735,-0.695208089212526,-0.69598586687623,962.804929353698,28,1,"normal",48
"2209",-20.28956,0.264137288484099,0,0.599469898034071,80,0.000600089543852416,9.10768555612196,46.5507915067224,-2.21079516479794,3.11757162515239,0.498970606780755,0.498582669471999,-6.7240835936899,9.10768555612196,3.84054400694527,-2.21079516479794,1.13705437349735,-0.695208089212526,-0.69598586687623,962.804929353698,28,1,"normal",49
"2210",1.01085,0.431040936078,0,0.842238572598472,80,0.000600089543852416,9.10768555612196,46.5507915067224,-2.21079516479794,3.11757162515239,0.498970606780755,0.498582669471999,-6.7240835936899,9.10768555612196,3.84054400694527,-2.21079516479794,1.13705437349735,-0.695208089212526,-0.69598586687623,962.804929353698,28,1,"normal",50
"2211",11.3922994971,0.519547893284094,1,0.641120125610494,80,0.000600089543852416,9.10768555612196,46.5507915067224,-2.21079516479794,3.11757162515239,0.498970606780755,0.498582669471999,-6.7240835936899,9.10768555612196,3.84054400694527,-2.21079516479794,1.13705437349735,-0.695208089212526,-0.69598586687623,962.804929353698,28,1,"normal",51
"2212",8.9165967893,0.498364331123645,1,0.755456994831672,80,0.000600089543852416,9.10768555612196,46.5507915067224,-2.21079516479794,3.11757162515239,0.498970606780755,0.498582669471999,-6.7240835936899,9.10768555612196,3.84054400694527,-2.21079516479794,1.13705437349735,-0.695208089212526,-0.69598586687623,962.804929353698,28,1,"normal",52
"2213",8.2252750131,0.492447232216512,0,0.801969386306697,80,0.000600089543852416,9.10768555612196,46.5507915067224,-2.21079516479794,3.11757162515239,0.498970606780755,0.498582669471999,-6.7240835936899,9.10768555612196,3.84054400694527,-2.21079516479794,1.13705437349735,-0.695208089212526,-0.69598586687623,962.804929353698,28,1,"normal",53
"2214",21.708161,0.606554267556773,0,0.599357747181606,80,0.000600089543852416,9.10768555612196,46.5507915067224,-2.21079516479794,3.11757162515239,0.498970606780755,0.498582669471999,-6.7240835936899,9.10768555612196,3.84054400694527,-2.21079516479794,1.13705437349735,-0.695208089212526,-0.69598586687623,962.804929353698,28,1,"normal",54
"2215",8.8375716317,0.497687903333586,0,0.636016618724795,80,0.000600089543852416,9.10768555612196,46.5507915067224,-2.21079516479794,3.11757162515239,0.498970606780755,0.498582669471999,-6.7240835936899,9.10768555612196,3.84054400694527,-2.21079516479794,1.13705437349735,-0.695208089212526,-0.69598586687623,962.804929353698,28,1,"normal",55
"2216",-9.4436125,0.34531031439126,1,0.711381310394798,80,0.000600089543852416,9.10768555612196,46.5507915067224,-2.21079516479794,3.11757162515239,0.498970606780755,0.498582669471999,-6.7240835936899,9.10768555612196,3.84054400694527,-2.21079516479794,1.13705437349735,-0.695208089212526,-0.69598586687623,962.804929353698,28,1,"normal",56
"2217",8.5694048983,0.495392550877642,1,0.929911593425413,80,0.000600089543852416,9.10768555612196,46.5507915067224,-2.21079516479794,3.11757162515239,0.498970606780755,0.498582669471999,-6.7240835936899,9.10768555612196,3.84054400694527,-2.21079516479794,1.13705437349735,-0.695208089212526,-0.69598586687623,962.804929353698,28,1,"normal",57
"2218",10.1068592407,0.508552027584905,0,0.680196757967884,80,0.000600089543852416,9.10768555612196,46.5507915067224,-2.21079516479794,3.11757162515239,0.498970606780755,0.498582669471999,-6.7240835936899,9.10768555612196,3.84054400694527,-2.21079516479794,1.13705437349735,-0.695208089212526,-0.69598586687623,962.804929353698,28,1,"normal",58
"2219",-16.42454,0.29193084979609,1,0.709892919735499,80,0.000600089543852416,9.10768555612196,46.5507915067224,-2.21079516479794,3.11757162515239,0.498970606780755,0.498582669471999,-6.7240835936899,9.10768555612196,3.84054400694527,-2.21079516479794,1.13705437349735,-0.695208089212526,-0.69598586687623,962.804929353698,28,1,"normal",59
"2220",-30.6754,0.196746075687934,0,0.645528832471422,80,0.000600089543852416,9.10768555612196,46.5507915067224,-2.21079516479794,3.11757162515239,0.498970606780755,0.498582669471999,-6.7240835936899,9.10768555612196,3.84054400694527,-2.21079516479794,1.13705437349735,-0.695208089212526,-0.69598586687623,962.804929353698,28,1,"normal",60
"2221",8.9532425551,0.498678007817188,0,0.739765583888433,80,0.000600089543852416,9.10768555612196,46.5507915067224,-2.21079516479794,3.11757162515239,0.498970606780755,0.498582669471999,-6.7240835936899,9.10768555612196,3.84054400694527,-2.21079516479794,1.13705437349735,-0.695208089212526,-0.69598586687623,962.804929353698,28,1,"normal",61
"2222",12.2452655636,0.526836602449296,1,0.703342938027292,80,0.000600089543852416,9.10768555612196,46.5507915067224,-2.21079516479794,3.11757162515239,0.498970606780755,0.498582669471999,-6.7240835936899,9.10768555612196,3.84054400694527,-2.21079516479794,1.13705437349735,-0.695208089212526,-0.69598586687623,962.804929353698,28,1,"normal",62
"2223",11.0403886053,0.516538717474763,0,0.662636030616559,80,0.000600089543852416,9.10768555612196,46.5507915067224,-2.21079516479794,3.11757162515239,0.498970606780755,0.498582669471999,-6.7240835936899,9.10768555612196,3.84054400694527,-2.21079516479794,1.13705437349735,-0.695208089212526,-0.69598586687623,962.804929353698,28,1,"normal",63
"2224",26.839,0.64818415270548,1,0.727970522979702,80,0.000600089543852416,9.10768555612196,46.5507915067224,-2.21079516479794,3.11757162515239,0.498970606780755,0.498582669471999,-6.7240835936899,9.10768555612196,3.84054400694527,-2.21079516479794,1.13705437349735,-0.695208089212526,-0.69598586687623,962.804929353698,28,1,"normal",64
"2225",13.1992660138,0.53497789287139,1,0.726078128803731,80,0.000600089543852416,9.10768555612196,46.5507915067224,-2.21079516479794,3.11757162515239,0.498970606780755,0.498582669471999,-6.7240835936899,9.10768555612196,3.84054400694527,-2.21079516479794,1.13705437349735,-0.695208089212526,-0.69598586687623,962.804929353698,28,1,"normal",65
"2226",8.7392145095,0.496846010197851,0,0.973064718340441,80,0.000600089543852416,9.10768555612196,46.5507915067224,-2.21079516479794,3.11757162515239,0.498970606780755,0.498582669471999,-6.7240835936899,9.10768555612196,3.84054400694527,-2.21079516479794,1.13705437349735,-0.695208089212526,-0.69598586687623,962.804929353698,28,1,"normal",66
"2227",11.478077944,0.520281218667817,0,0.622365895013393,80,0.000600089543852416,9.10768555612196,46.5507915067224,-2.21079516479794,3.11757162515239,0.498970606780755,0.498582669471999,-6.7240835936899,9.10768555612196,3.84054400694527,-2.21079516479794,1.13705437349735,-0.695208089212526,-0.69598586687623,962.804929353698,28,1,"normal",67
"2228",10.64878050656,0.513188989578417,0,0.700082026230299,80,0.000600089543852416,9.10768555612196,46.5507915067224,-2.21079516479794,3.11757162515239,0.498970606780755,0.498582669471999,-6.7240835936899,9.10768555612196,3.84054400694527,-2.21079516479794,1.13705437349735,-0.695208089212526,-0.69598586687623,962.804929353698,28,1,"normal",68
"2229",12.8182078505,0.531727569729996,0,0.804711417432353,80,0.000600089543852416,9.10768555612196,46.5507915067224,-2.21079516479794,3.11757162515239,0.498970606780755,0.498582669471999,-6.7240835936899,9.10768555612196,3.84054400694527,-2.21079516479794,1.13705437349735,-0.695208089212526,-0.69598586687623,962.804929353698,28,1,"normal",69
"2230",15.313196592,0.552960765232616,1,0.958941928353682,80,0.000600089543852416,9.10768555612196,46.5507915067224,-2.21079516479794,3.11757162515239,0.498970606780755,0.498582669471999,-6.7240835936899,9.10768555612196,3.84054400694527,-2.21079516479794,1.13705437349735,-0.695208089212526,-0.69598586687623,962.804929353698,28,1,"normal",70
"2231",14.46308631178,0.545740012418527,0,0.668909759898062,80,0.000600089543852416,9.10768555612196,46.5507915067224,-2.21079516479794,3.11757162515239,0.498970606780755,0.498582669471999,-6.7240835936899,9.10768555612196,3.84054400694527,-2.21079516479794,1.13705437349735,-0.695208089212526,-0.69598586687623,962.804929353698,28,1,"normal",71
"2232",14.1652536856,0.54320653744298,1,0.675995370860838,80,0.000600089543852416,9.10768555612196,46.5507915067224,-2.21079516479794,3.11757162515239,0.498970606780755,0.498582669471999,-6.7240835936899,9.10768555612196,3.84054400694527,-2.21079516479794,1.13705437349735,-0.695208089212526,-0.69598586687623,962.804929353698,28,1,"normal",72
"2233",-27.9602,0.213276557228648,0,0.771413542536949,80,0.000600089543852416,9.10768555612196,46.5507915067224,-2.21079516479794,3.11757162515239,0.498970606780755,0.498582669471999,-6.7240835936899,9.10768555612196,3.84054400694527,-2.21079516479794,1.13705437349735,-0.695208089212526,-0.69598586687623,962.804929353698,28,1,"normal",73
"2234",13.65574464789,0.538868435922921,1,0.630951646875903,80,0.000600089543852416,9.10768555612196,46.5507915067224,-2.21079516479794,3.11757162515239,0.498970606780755,0.498582669471999,-6.7240835936899,9.10768555612196,3.84054400694527,-2.21079516479794,1.13705437349735,-0.695208089212526,-0.69598586687623,962.804929353698,28,1,"normal",74
"2235",13.4024157088,0.536709763238652,1,0.76449498202944,80,0.000600089543852416,9.10768555612196,46.5507915067224,-2.21079516479794,3.11757162515239,0.498970606780755,0.498582669471999,-6.7240835936899,9.10768555612196,3.84054400694527,-2.21079516479794,1.13705437349735,-0.695208089212526,-0.69598586687623,962.804929353698,28,1,"normal",75
"2236",-18.7049,0.275367568916387,0,0.89316484804853,80,0.000600089543852416,9.10768555612196,46.5507915067224,-2.21079516479794,3.11757162515239,0.498970606780755,0.498582669471999,-6.7240835936899,9.10768555612196,3.84054400694527,-2.21079516479794,1.13705437349735,-0.695208089212526,-0.69598586687623,962.804929353698,28,1,"normal",76
"2237",12.195736437,0.526413591967702,0,0.649814642774446,80,0.000600089543852416,9.10768555612196,46.5507915067224,-2.21079516479794,3.11757162515239,0.498970606780755,0.498582669471999,-6.7240835936899,9.10768555612196,3.84054400694527,-2.21079516479794,1.13705437349735,-0.695208089212526,-0.69598586687623,962.804929353698,28,1,"normal",77
"2238",15.63885865598,0.555722384225964,0,0.884489784040828,80,0.000600089543852416,9.10768555612196,46.5507915067224,-2.21079516479794,3.11757162515239,0.498970606780755,0.498582669471999,-6.7240835936899,9.10768555612196,3.84054400694527,-2.21079516479794,1.13705437349735,-0.695208089212526,-0.69598586687623,962.804929353698,28,1,"normal",78
"2239",-4.4771,0.385347156038874,0,0.712447590161976,80,0.000600089543852416,9.10768555612196,46.5507915067224,-2.21079516479794,3.11757162515239,0.498970606780755,0.498582669471999,-6.7240835936899,9.10768555612196,3.84054400694527,-2.21079516479794,1.13705437349735,-0.695208089212526,-0.69598586687623,962.804929353698,28,1,"normal",79
"2240",13.2186049545,0.535142788299821,0,1.05451321553653,80,0.000600089543852416,9.10768555612196,46.5507915067224,-2.21079516479794,3.11757162515239,0.498970606780755,0.498582669471999,-6.7240835936899,9.10768555612196,3.84054400694527,-2.21079516479794,1.13705437349735,-0.695208089212526,-0.69598586687623,962.804929353698,28,1,"normal",80
"2241",-8.67045221557,0.33316318020372,0,0.251458786187524,80,0.016139852235373,0.720878860485509,21.0306128665841,-1.73616106708513,1.99334170021132,0.297377716011147,0.107378844939752,-3.4005044064442,0.720878860485509,3.0459791317809,-1.73616106708513,0.689812476716049,-1.21275217711397,-2.2313920907996,386.949425193475,29,1,"normal",1
"2242",6.6341471386,0.607137910708203,1,0.25289724186645,80,0.016139852235373,0.720878860485509,21.0306128665841,-1.73616106708513,1.99334170021132,0.297377716011147,0.107378844939752,-3.4005044064442,0.720878860485509,3.0459791317809,-1.73616106708513,0.689812476716049,-1.21275217711397,-2.2313920907996,386.949425193475,29,1,"normal",2
"2243",-0.5998785829,0.475770433254257,0,0.385204422626442,80,0.016139852235373,0.720878860485509,21.0306128665841,-1.73616106708513,1.99334170021132,0.297377716011147,0.107378844939752,-3.4005044064442,0.720878860485509,3.0459791317809,-1.73616106708513,0.689812476716049,-1.21275217711397,-2.2313920907996,386.949425193475,29,1,"normal",3
"2244",3.0585881971,0.542825740244624,0,0.349629426264874,80,0.016139852235373,0.720878860485509,21.0306128665841,-1.73616106708513,1.99334170021132,0.297377716011147,0.107378844939752,-3.4005044064442,0.720878860485509,3.0459791317809,-1.73616106708513,0.689812476716049,-1.21275217711397,-2.2313920907996,386.949425193475,29,1,"normal",4
"2245",6.67846942154,0.607919779129506,0,0.60626405203213,80,0.016139852235373,0.720878860485509,21.0306128665841,-1.73616106708513,1.99334170021132,0.297377716011147,0.107378844939752,-3.4005044064442,0.720878860485509,3.0459791317809,-1.73616106708513,0.689812476716049,-1.21275217711397,-2.2313920907996,386.949425193475,29,1,"normal",5
"2246",8.3107,0.636362086355356,0,0.454185411147716,80,0.016139852235373,0.720878860485509,21.0306128665841,-1.73616106708513,1.99334170021132,0.297377716011147,0.107378844939752,-3.4005044064442,0.720878860485509,3.0459791317809,-1.73616106708513,0.689812476716049,-1.21275217711397,-2.2313920907996,386.949425193475,29,1,"normal",6
"2247",13.5115398903,0.721095148886426,0,0.378971995023759,80,0.016139852235373,0.720878860485509,21.0306128665841,-1.73616106708513,1.99334170021132,0.297377716011147,0.107378844939752,-3.4005044064442,0.720878860485509,3.0459791317809,-1.73616106708513,0.689812476716049,-1.21275217711397,-2.2313920907996,386.949425193475,29,1,"normal",7
"2248",16.09891,0.759037423941522,0,0.312298039325152,80,0.016139852235373,0.720878860485509,21.0306128665841,-1.73616106708513,1.99334170021132,0.297377716011147,0.107378844939752,-3.4005044064442,0.720878860485509,3.0459791317809,-1.73616106708513,0.689812476716049,-1.21275217711397,-2.2313920907996,386.949425193475,29,1,"normal",8
"2249",24.9450818664,0.86319465516867,1,0.314808313721592,80,0.016139852235373,0.720878860485509,21.0306128665841,-1.73616106708513,1.99334170021132,0.297377716011147,0.107378844939752,-3.4005044064442,0.720878860485509,3.0459791317809,-1.73616106708513,0.689812476716049,-1.21275217711397,-2.2313920907996,386.949425193475,29,1,"normal",9
"2250",13.60121,0.722461521129305,1,0.298893235919435,80,0.016139852235373,0.720878860485509,21.0306128665841,-1.73616106708513,1.99334170021132,0.297377716011147,0.107378844939752,-3.4005044064442,0.720878860485509,3.0459791317809,-1.73616106708513,0.689812476716049,-1.21275217711397,-2.2313920907996,386.949425193475,29,1,"normal",10
"2251",16.53070466308,0.765058769988498,1,0.418900191944119,80,0.016139852235373,0.720878860485509,21.0306128665841,-1.73616106708513,1.99334170021132,0.297377716011147,0.107378844939752,-3.4005044064442,0.720878860485509,3.0459791317809,-1.73616106708513,0.689812476716049,-1.21275217711397,-2.2313920907996,386.949425193475,29,1,"normal",11
"2252",16.16265,0.759932032315103,0,0.381904264612838,80,0.016139852235373,0.720878860485509,21.0306128665841,-1.73616106708513,1.99334170021132,0.297377716011147,0.107378844939752,-3.4005044064442,0.720878860485509,3.0459791317809,-1.73616106708513,0.689812476716049,-1.21275217711397,-2.2313920907996,386.949425193475,29,1,"normal",12
"2253",19.8817,0.80858328437179,1,0.373418535743951,80,0.016139852235373,0.720878860485509,21.0306128665841,-1.73616106708513,1.99334170021132,0.297377716011147,0.107378844939752,-3.4005044064442,0.720878860485509,3.0459791317809,-1.73616106708513,0.689812476716049,-1.21275217711397,-2.2313920907996,386.949425193475,29,1,"normal",13
"2254",25.55456,0.868861916278043,1,0.535563290605038,80,0.016139852235373,0.720878860485509,21.0306128665841,-1.73616106708513,1.99334170021132,0.297377716011147,0.107378844939752,-3.4005044064442,0.720878860485509,3.0459791317809,-1.73616106708513,0.689812476716049,-1.21275217711397,-2.2313920907996,386.949425193475,29,1,"normal",14
"2255",12.65138,0.707810325246666,1,0.381315506080912,80,0.016139852235373,0.720878860485509,21.0306128665841,-1.73616106708513,1.99334170021132,0.297377716011147,0.107378844939752,-3.4005044064442,0.720878860485509,3.0459791317809,-1.73616106708513,0.689812476716049,-1.21275217711397,-2.2313920907996,386.949425193475,29,1,"normal",15
"2256",25.5429,0.868755289847758,0,0.295574094930158,80,0.016139852235373,0.720878860485509,21.0306128665841,-1.73616106708513,1.99334170021132,0.297377716011147,0.107378844939752,-3.4005044064442,0.720878860485509,3.0459791317809,-1.73616106708513,0.689812476716049,-1.21275217711397,-2.2313920907996,386.949425193475,29,1,"normal",16
"2257",14.018088085,0.728766775279019,1,0.383118958752263,80,0.016139852235373,0.720878860485509,21.0306128665841,-1.73616106708513,1.99334170021132,0.297377716011147,0.107378844939752,-3.4005044064442,0.720878860485509,3.0459791317809,-1.73616106708513,0.689812476716049,-1.21275217711397,-2.2313920907996,386.949425193475,29,1,"normal",17
"2258",10.902777389,0.679859588579968,0,0.387591036584231,80,0.016139852235373,0.720878860485509,21.0306128665841,-1.73616106708513,1.99334170021132,0.297377716011147,0.107378844939752,-3.4005044064442,0.720878860485509,3.0459791317809,-1.73616106708513,0.689812476716049,-1.21275217711397,-2.2313920907996,386.949425193475,29,1,"normal",18
"2259",10.9682026568,0.680926987910584,1,0.564292597734323,80,0.016139852235373,0.720878860485509,21.0306128665841,-1.73616106708513,1.99334170021132,0.297377716011147,0.107378844939752,-3.4005044064442,0.720878860485509,3.0459791317809,-1.73616106708513,0.689812476716049,-1.21275217711397,-2.2313920907996,386.949425193475,29,1,"normal",19
"2260",18.37446,0.789719994668151,1,0.309291192386314,80,0.016139852235373,0.720878860485509,21.0306128665841,-1.73616106708513,1.99334170021132,0.297377716011147,0.107378844939752,-3.4005044064442,0.720878860485509,3.0459791317809,-1.73616106708513,0.689812476716049,-1.21275217711397,-2.2313920907996,386.949425193475,29,1,"normal",20
"2261",5.75642,0.59156304361665,1,0.382004814951197,80,0.016139852235373,0.720878860485509,21.0306128665841,-1.73616106708513,1.99334170021132,0.297377716011147,0.107378844939752,-3.4005044064442,0.720878860485509,3.0459791317809,-1.73616106708513,0.689812476716049,-1.21275217711397,-2.2313920907996,386.949425193475,29,1,"normal",21
"2262",3.85204,0.557267901979395,0,0.368068789696643,80,0.016139852235373,0.720878860485509,21.0306128665841,-1.73616106708513,1.99334170021132,0.297377716011147,0.107378844939752,-3.4005044064442,0.720878860485509,3.0459791317809,-1.73616106708513,0.689812476716049,-1.21275217711397,-2.2313920907996,386.949425193475,29,1,"normal",22
"2263",9.623261946,0.658671256604077,0,0.371895168187269,80,0.016139852235373,0.720878860485509,21.0306128665841,-1.73616106708513,1.99334170021132,0.297377716011147,0.107378844939752,-3.4005044064442,0.720878860485509,3.0459791317809,-1.73616106708513,0.689812476716049,-1.21275217711397,-2.2313920907996,386.949425193475,29,1,"normal",23
"2264",13.35691,0.718730609446791,0,0.286128096597148,80,0.016139852235373,0.720878860485509,21.0306128665841,-1.73616106708513,1.99334170021132,0.297377716011147,0.107378844939752,-3.4005044064442,0.720878860485509,3.0459791317809,-1.73616106708513,0.689812476716049,-1.21275217711397,-2.2313920907996,386.949425193475,29,1,"normal",24
"2265",46.0884,0.968865788120545,1,0.352650531186947,80,0.016139852235373,0.720878860485509,21.0306128665841,-1.73616106708513,1.99334170021132,0.297377716011147,0.107378844939752,-3.4005044064442,0.720878860485509,3.0459791317809,-1.73616106708513,0.689812476716049,-1.21275217711397,-2.2313920907996,386.949425193475,29,1,"normal",25
"2266",0.094199999999999,0.488497592126996,1,0.470257374561835,80,0.016139852235373,0.720878860485509,21.0306128665841,-1.73616106708513,1.99334170021132,0.297377716011147,0.107378844939752,-3.4005044064442,0.720878860485509,3.0459791317809,-1.73616106708513,0.689812476716049,-1.21275217711397,-2.2313920907996,386.949425193475,29,1,"normal",26
"2267",15.7247,0.753745379394781,0,0.487334251587068,80,0.016139852235373,0.720878860485509,21.0306128665841,-1.73616106708513,1.99334170021132,0.297377716011147,0.107378844939752,-3.4005044064442,0.720878860485509,3.0459791317809,-1.73616106708513,0.689812476716049,-1.21275217711397,-2.2313920907996,386.949425193475,29,1,"normal",27
"2268",48.9548,0.973302967861587,1,0.239444229239757,80,0.016139852235373,0.720878860485509,21.0306128665841,-1.73616106708513,1.99334170021132,0.297377716011147,0.107378844939752,-3.4005044064442,0.720878860485509,3.0459791317809,-1.73616106708513,0.689812476716049,-1.21275217711397,-2.2313920907996,386.949425193475,29,1,"normal",28
"2269",43.1588,0.962763626865257,1,0.297557373446177,80,0.016139852235373,0.720878860485509,21.0306128665841,-1.73616106708513,1.99334170021132,0.297377716011147,0.107378844939752,-3.4005044064442,0.720878860485509,3.0459791317809,-1.73616106708513,0.689812476716049,-1.21275217711397,-2.2313920907996,386.949425193475,29,1,"normal",29
"2270",10.4218179857,0.671963970975453,1,0.426738389536926,80,0.016139852235373,0.720878860485509,21.0306128665841,-1.73616106708513,1.99334170021132,0.297377716011147,0.107378844939752,-3.4005044064442,0.720878860485509,3.0459791317809,-1.73616106708513,0.689812476716049,-1.21275217711397,-2.2313920907996,386.949425193475,29,1,"normal",30
"2271",-18.37646,0.192187274367561,0,0.348923896339992,80,0.016139852235373,0.720878860485509,21.0306128665841,-1.73616106708513,1.99334170021132,0.297377716011147,0.107378844939752,-3.4005044064442,0.720878860485509,3.0459791317809,-1.73616106708513,0.689812476716049,-1.21275217711397,-2.2313920907996,386.949425193475,29,1,"normal",31
"2272",19.094851,0.79888334700186,1,0.348429507813812,80,0.016139852235373,0.720878860485509,21.0306128665841,-1.73616106708513,1.99334170021132,0.297377716011147,0.107378844939752,-3.4005044064442,0.720878860485509,3.0459791317809,-1.73616106708513,0.689812476716049,-1.21275217711397,-2.2313920907996,386.949425193475,29,1,"normal",32
"2273",17.02223,0.771800756718418,0,0.327200111660277,80,0.016139852235373,0.720878860485509,21.0306128665841,-1.73616106708513,1.99334170021132,0.297377716011147,0.107378844939752,-3.4005044064442,0.720878860485509,3.0459791317809,-1.73616106708513,0.689812476716049,-1.21275217711397,-2.2313920907996,386.949425193475,29,1,"normal",33
"2274",29.15968,0.89855899157994,1,0.301120159354951,80,0.016139852235373,0.720878860485509,21.0306128665841,-1.73616106708513,1.99334170021132,0.297377716011147,0.107378844939752,-3.4005044064442,0.720878860485509,3.0459791317809,-1.73616106708513,0.689812476716049,-1.21275217711397,-2.2313920907996,386.949425193475,29,1,"normal",34
"2275",5.1577,0.580847732288817,1,0.512989193824497,80,0.016139852235373,0.720878860485509,21.0306128665841,-1.73616106708513,1.99334170021132,0.297377716011147,0.107378844939752,-3.4005044064442,0.720878860485509,3.0459791317809,-1.73616106708513,0.689812476716049,-1.21275217711397,-2.2313920907996,386.949425193475,29,1,"normal",35
"2276",0.939889999999999,0.504020372940969,0,0.441785397835241,80,0.016139852235373,0.720878860485509,21.0306128665841,-1.73616106708513,1.99334170021132,0.297377716011147,0.107378844939752,-3.4005044064442,0.720878860485509,3.0459791317809,-1.73616106708513,0.689812476716049,-1.21275217711397,-2.2313920907996,386.949425193475,29,1,"normal",36
"2277",24.55648,0.859480895079373,1,0.344967805777899,80,0.016139852235373,0.720878860485509,21.0306128665841,-1.73616106708513,1.99334170021132,0.297377716011147,0.107378844939752,-3.4005044064442,0.720878860485509,3.0459791317809,-1.73616106708513,0.689812476716049,-1.21275217711397,-2.2313920907996,386.949425193475,29,1,"normal",37
"2278",23.49803,0.848966048410028,1,0.295607201493757,80,0.016139852235373,0.720878860485509,21.0306128665841,-1.73616106708513,1.99334170021132,0.297377716011147,0.107378844939752,-3.4005044064442,0.720878860485509,3.0459791317809,-1.73616106708513,0.689812476716049,-1.21275217711397,-2.2313920907996,386.949425193475,29,1,"normal",38
"2279",-7.56481,0.351742405637668,0,0.372772660857253,80,0.016139852235373,0.720878860485509,21.0306128665841,-1.73616106708513,1.99334170021132,0.297377716011147,0.107378844939752,-3.4005044064442,0.720878860485509,3.0459791317809,-1.73616106708513,0.689812476716049,-1.21275217711397,-2.2313920907996,386.949425193475,29,1,"normal",39
"2280",-36.02611,0.0551310799749673,0,0.313453074381771,80,0.016139852235373,0.720878860485509,21.0306128665841,-1.73616106708513,1.99334170021132,0.297377716011147,0.107378844939752,-3.4005044064442,0.720878860485509,3.0459791317809,-1.73616106708513,0.689812476716049,-1.21275217711397,-2.2313920907996,386.949425193475,29,1,"normal",40
"2281",28.9573,0.897060265730108,1,0.52818495080569,80,0.016139852235373,0.720878860485509,21.0306128665841,-1.73616106708513,1.99334170021132,0.297377716011147,0.107378844939752,-3.4005044064442,0.720878860485509,3.0459791317809,-1.73616106708513,0.689812476716049,-1.21275217711397,-2.2313920907996,386.949425193475,29,1,"normal",41
"2282",20.97153,0.821480954427114,1,0.392233251832406,80,0.016139852235373,0.720878860485509,21.0306128665841,-1.73616106708513,1.99334170021132,0.297377716011147,0.107378844939752,-3.4005044064442,0.720878860485509,3.0459791317809,-1.73616106708513,0.689812476716049,-1.21275217711397,-2.2313920907996,386.949425193475,29,1,"normal",42
"2283",-1.4269,0.460641082835357,1,0.428491906635233,80,0.016139852235373,0.720878860485509,21.0306128665841,-1.73616106708513,1.99334170021132,0.297377716011147,0.107378844939752,-3.4005044064442,0.720878860485509,3.0459791317809,-1.73616106708513,0.689812476716049,-1.21275217711397,-2.2313920907996,386.949425193475,29,1,"normal",43
"2284",-14.49,0.243318021577462,0,0.283786339806853,80,0.016139852235373,0.720878860485509,21.0306128665841,-1.73616106708513,1.99334170021132,0.297377716011147,0.107378844939752,-3.4005044064442,0.720878860485509,3.0459791317809,-1.73616106708513,0.689812476716049,-1.21275217711397,-2.2313920907996,386.949425193475,29,1,"normal",44
"2285",0.0652000000000008,0.48796547883318,0,0.411875066745947,80,0.016139852235373,0.720878860485509,21.0306128665841,-1.73616106708513,1.99334170021132,0.297377716011147,0.107378844939752,-3.4005044064442,0.720878860485509,3.0459791317809,-1.73616106708513,0.689812476716049,-1.21275217711397,-2.2313920907996,386.949425193475,29,1,"normal",45
"2286",-19.69196,0.176653220683851,0,0.514295527302255,80,0.016139852235373,0.720878860485509,21.0306128665841,-1.73616106708513,1.99334170021132,0.297377716011147,0.107378844939752,-3.4005044064442,0.720878860485509,3.0459791317809,-1.73616106708513,0.689812476716049,-1.21275217711397,-2.2313920907996,386.949425193475,29,1,"normal",46
"2287",43.4074,0.96335235263574,1,0.350519164973664,80,0.016139852235373,0.720878860485509,21.0306128665841,-1.73616106708513,1.99334170021132,0.297377716011147,0.107378844939752,-3.4005044064442,0.720878860485509,3.0459791317809,-1.73616106708513,0.689812476716049,-1.21275217711397,-2.2313920907996,386.949425193475,29,1,"normal",47
"2288",-14.1805,0.247715172353148,0,0.38309838931341,80,0.016139852235373,0.720878860485509,21.0306128665841,-1.73616106708513,1.99334170021132,0.297377716011147,0.107378844939752,-3.4005044064442,0.720878860485509,3.0459791317809,-1.73616106708513,0.689812476716049,-1.21275217711397,-2.2313920907996,386.949425193475,29,1,"normal",48
"2289",-7.8343,0.347176395057194,0,0.324549573108839,80,0.016139852235373,0.720878860485509,21.0306128665841,-1.73616106708513,1.99334170021132,0.297377716011147,0.107378844939752,-3.4005044064442,0.720878860485509,3.0459791317809,-1.73616106708513,0.689812476716049,-1.21275217711397,-2.2313920907996,386.949425193475,29,1,"normal",49
"2290",29.7056,0.902505500789617,1,0.361499941135665,80,0.016139852235373,0.720878860485509,21.0306128665841,-1.73616106708513,1.99334170021132,0.297377716011147,0.107378844939752,-3.4005044064442,0.720878860485509,3.0459791317809,-1.73616106708513,0.689812476716049,-1.21275217711397,-2.2313920907996,386.949425193475,29,1,"normal",50
"2291",0.33502,0.492917083888461,0,0.341644612298043,80,0.016139852235373,0.720878860485509,21.0306128665841,-1.73616106708513,1.99334170021132,0.297377716011147,0.107378844939752,-3.4005044064442,0.720878860485509,3.0459791317809,-1.73616106708513,0.689812476716049,-1.21275217711397,-2.2313920907996,386.949425193475,29,1,"normal",51
"2292",32.5254,0.920736495978475,1,0.256259538673514,80,0.016139852235373,0.720878860485509,21.0306128665841,-1.73616106708513,1.99334170021132,0.297377716011147,0.107378844939752,-3.4005044064442,0.720878860485509,3.0459791317809,-1.73616106708513,0.689812476716049,-1.21275217711397,-2.2313920907996,386.949425193475,29,1,"normal",52
"2293",-6.9742,0.361829133646096,0,0.303635862632744,80,0.016139852235373,0.720878860485509,21.0306128665841,-1.73616106708513,1.99334170021132,0.297377716011147,0.107378844939752,-3.4005044064442,0.720878860485509,3.0459791317809,-1.73616106708513,0.689812476716049,-1.21275217711397,-2.2313920907996,386.949425193475,29,1,"normal",53
"2294",-2.0937,0.448485854044008,1,0.325790726788788,80,0.016139852235373,0.720878860485509,21.0306128665841,-1.73616106708513,1.99334170021132,0.297377716011147,0.107378844939752,-3.4005044064442,0.720878860485509,3.0459791317809,-1.73616106708513,0.689812476716049,-1.21275217711397,-2.2313920907996,386.949425193475,29,1,"normal",54
"2295",-8.54533,0.33524486614904,0,0.37621691864098,80,0.016139852235373,0.720878860485509,21.0306128665841,-1.73616106708513,1.99334170021132,0.297377716011147,0.107378844939752,-3.4005044064442,0.720878860485509,3.0459791317809,-1.73616106708513,0.689812476716049,-1.21275217711397,-2.2313920907996,386.949425193475,29,1,"normal",55
"2296",24.0614,0.854635661343808,0,0.267700601659898,80,0.016139852235373,0.720878860485509,21.0306128665841,-1.73616106708513,1.99334170021132,0.297377716011147,0.107378844939752,-3.4005044064442,0.720878860485509,3.0459791317809,-1.73616106708513,0.689812476716049,-1.21275217711397,-2.2313920907996,386.949425193475,29,1,"normal",56
"2297",30.7079,0.909391902565649,0,0.25578918454577,80,0.016139852235373,0.720878860485509,21.0306128665841,-1.73616106708513,1.99334170021132,0.297377716011147,0.107378844939752,-3.4005044064442,0.720878860485509,3.0459791317809,-1.73616106708513,0.689812476716049,-1.21275217711397,-2.2313920907996,386.949425193475,29,1,"normal",57
"2298",35.56483,0.936656800798503,0,0.263246566326246,80,0.016139852235373,0.720878860485509,21.0306128665841,-1.73616106708513,1.99334170021132,0.297377716011147,0.107378844939752,-3.4005044064442,0.720878860485509,3.0459791317809,-1.73616106708513,0.689812476716049,-1.21275217711397,-2.2313920907996,386.949425193475,29,1,"normal",58
"2299",-15.6104,0.22779263530895,0,0.370199651447282,80,0.016139852235373,0.720878860485509,21.0306128665841,-1.73616106708513,1.99334170021132,0.297377716011147,0.107378844939752,-3.4005044064442,0.720878860485509,3.0459791317809,-1.73616106708513,0.689812476716049,-1.21275217711397,-2.2313920907996,386.949425193475,29,1,"normal",59
"2300",38.9634,0.950473934862147,1,0.315266273136394,80,0.016139852235373,0.720878860485509,21.0306128665841,-1.73616106708513,1.99334170021132,0.297377716011147,0.107378844939752,-3.4005044064442,0.720878860485509,3.0459791317809,-1.73616106708513,0.689812476716049,-1.21275217711397,-2.2313920907996,386.949425193475,29,1,"normal",60
"2301",5.12877,0.58032826946555,0,0.446716528036705,80,0.016139852235373,0.720878860485509,21.0306128665841,-1.73616106708513,1.99334170021132,0.297377716011147,0.107378844939752,-3.4005044064442,0.720878860485509,3.0459791317809,-1.73616106708513,0.689812476716049,-1.21275217711397,-2.2313920907996,386.949425193475,29,1,"normal",61
"2302",40.6861,0.956091849504206,1,0.25994546397878,80,0.016139852235373,0.720878860485509,21.0306128665841,-1.73616106708513,1.99334170021132,0.297377716011147,0.107378844939752,-3.4005044064442,0.720878860485509,3.0459791317809,-1.73616106708513,0.689812476716049,-1.21275217711397,-2.2313920907996,386.949425193475,29,1,"normal",62
"2303",-6.38524,0.371991427798697,0,0.498441114768851,80,0.016139852235373,0.720878860485509,21.0306128665841,-1.73616106708513,1.99334170021132,0.297377716011147,0.107378844939752,-3.4005044064442,0.720878860485509,3.0459791317809,-1.73616106708513,0.689812476716049,-1.21275217711397,-2.2313920907996,386.949425193475,29,1,"normal",63
"2304",23.57937,0.849794924983628,1,0.300010860965687,80,0.016139852235373,0.720878860485509,21.0306128665841,-1.73616106708513,1.99334170021132,0.297377716011147,0.107378844939752,-3.4005044064442,0.720878860485509,3.0459791317809,-1.73616106708513,0.689812476716049,-1.21275217711397,-2.2313920907996,386.949425193475,29,1,"normal",64
"2305",-13.64632,0.255412560005245,0,0.30856660621234,80,0.016139852235373,0.720878860485509,21.0306128665841,-1.73616106708513,1.99334170021132,0.297377716011147,0.107378844939752,-3.4005044064442,0.720878860485509,3.0459791317809,-1.73616106708513,0.689812476716049,-1.21275217711397,-2.2313920907996,386.949425193475,29,1,"normal",65
"2306",-11.9126,0.281308507050206,1,0.390150546613241,80,0.016139852235373,0.720878860485509,21.0306128665841,-1.73616106708513,1.99334170021132,0.297377716011147,0.107378844939752,-3.4005044064442,0.720878860485509,3.0459791317809,-1.73616106708513,0.689812476716049,-1.21275217711397,-2.2313920907996,386.949425193475,29,1,"normal",66
"2307",-10.53678,0.302799580885054,0,0.343292661288057,80,0.016139852235373,0.720878860485509,21.0306128665841,-1.73616106708513,1.99334170021132,0.297377716011147,0.107378844939752,-3.4005044064442,0.720878860485509,3.0459791317809,-1.73616106708513,0.689812476716049,-1.21275217711397,-2.2313920907996,386.949425193475,29,1,"normal",67
"2308",42.18631,0.960321669616939,1,0.24152201418479,80,0.016139852235373,0.720878860485509,21.0306128665841,-1.73616106708513,1.99334170021132,0.297377716011147,0.107378844939752,-3.4005044064442,0.720878860485509,3.0459791317809,-1.73616106708513,0.689812476716049,-1.21275217711397,-2.2313920907996,386.949425193475,29,1,"normal",68
"2309",25.7963,0.871056838237067,1,0.375005811351083,80,0.016139852235373,0.720878860485509,21.0306128665841,-1.73616106708513,1.99334170021132,0.297377716011147,0.107378844939752,-3.4005044064442,0.720878860485509,3.0459791317809,-1.73616106708513,0.689812476716049,-1.21275217711397,-2.2313920907996,386.949425193475,29,1,"normal",69
"2310",-4.4383,0.406233007038655,1,0.411500915246678,80,0.016139852235373,0.720878860485509,21.0306128665841,-1.73616106708513,1.99334170021132,0.297377716011147,0.107378844939752,-3.4005044064442,0.720878860485509,3.0459791317809,-1.73616106708513,0.689812476716049,-1.21275217711397,-2.2313920907996,386.949425193475,29,1,"normal",70
"2311",-8.8427,0.330306503205988,0,0.330190711861734,80,0.016139852235373,0.720878860485509,21.0306128665841,-1.73616106708513,1.99334170021132,0.297377716011147,0.107378844939752,-3.4005044064442,0.720878860485509,3.0459791317809,-1.73616106708513,0.689812476716049,-1.21275217711397,-2.2313920907996,386.949425193475,29,1,"normal",71
"2312",31.3578,0.913614375946924,1,0.340950013004583,80,0.016139852235373,0.720878860485509,21.0306128665841,-1.73616106708513,1.99334170021132,0.297377716011147,0.107378844939752,-3.4005044064442,0.720878860485509,3.0459791317809,-1.73616106708513,0.689812476716049,-1.21275217711397,-2.2313920907996,386.949425193475,29,1,"normal",72
"2313",0.133100000000001,0.489211392045097,0,0.370096379735134,80,0.016139852235373,0.720878860485509,21.0306128665841,-1.73616106708513,1.99334170021132,0.297377716011147,0.107378844939752,-3.4005044064442,0.720878860485509,3.0459791317809,-1.73616106708513,0.689812476716049,-1.21275217711397,-2.2313920907996,386.949425193475,29,1,"normal",73
"2314",35.1003,0.934455516283864,1,0.269772708898202,80,0.016139852235373,0.720878860485509,21.0306128665841,-1.73616106708513,1.99334170021132,0.297377716011147,0.107378844939752,-3.4005044064442,0.720878860485509,3.0459791317809,-1.73616106708513,0.689812476716049,-1.21275217711397,-2.2313920907996,386.949425193475,29,1,"normal",74
"2315",38.7685,0.949783302974352,1,0.297081205641327,80,0.016139852235373,0.720878860485509,21.0306128665841,-1.73616106708513,1.99334170021132,0.297377716011147,0.107378844939752,-3.4005044064442,0.720878860485509,3.0459791317809,-1.73616106708513,0.689812476716049,-1.21275217711397,-2.2313920907996,386.949425193475,29,1,"normal",75
"2316",-5.5641,0.386319582549029,0,0.291436561526411,80,0.016139852235373,0.720878860485509,21.0306128665841,-1.73616106708513,1.99334170021132,0.297377716011147,0.107378844939752,-3.4005044064442,0.720878860485509,3.0459791317809,-1.73616106708513,0.689812476716049,-1.21275217711397,-2.2313920907996,386.949425193475,29,1,"normal",76
"2317",22.6693,0.840322421560086,1,0.255580931959956,80,0.016139852235373,0.720878860485509,21.0306128665841,-1.73616106708513,1.99334170021132,0.297377716011147,0.107378844939752,-3.4005044064442,0.720878860485509,3.0459791317809,-1.73616106708513,0.689812476716049,-1.21275217711397,-2.2313920907996,386.949425193475,29,1,"normal",77
"2318",-7.8411,0.347061486049368,0,0.413188758978688,80,0.016139852235373,0.720878860485509,21.0306128665841,-1.73616106708513,1.99334170021132,0.297377716011147,0.107378844939752,-3.4005044064442,0.720878860485509,3.0459791317809,-1.73616106708513,0.689812476716049,-1.21275217711397,-2.2313920907996,386.949425193475,29,1,"normal",78
"2319",-6.18875,0.375403636628085,0,0.377184915263119,80,0.016139852235373,0.720878860485509,21.0306128665841,-1.73616106708513,1.99334170021132,0.297377716011147,0.107378844939752,-3.4005044064442,0.720878860485509,3.0459791317809,-1.73616106708513,0.689812476716049,-1.21275217711397,-2.2313920907996,386.949425193475,29,1,"normal",79
"2320",25.9015,0.872002683530179,1,0.315255704771328,80,0.016139852235373,0.720878860485509,21.0306128665841,-1.73616106708513,1.99334170021132,0.297377716011147,0.107378844939752,-3.4005044064442,0.720878860485509,3.0459791317809,-1.73616106708513,0.689812476716049,-1.21275217711397,-2.2313920907996,386.949425193475,29,1,"normal",80
"2321",-9.2819907867,0.448371072172403,1,0.459061657133704,80,0.0316914396223052,-5.24808667895755,29.1015177732434,-2.34375936621215,2.6608372932931,0.404425554158837,0.38855516839208,-2.69308079475548,-5.24808667895755,3.37079032997344,-2.34375936621215,0.97864084517802,-0.905287603528491,-0.945320115672773,-716.904146700758,30,1,"normal",1
"2322",-8.225722179,0.461834513978835,0,0.569069681866272,80,0.0316914396223052,-5.24808667895755,29.1015177732434,-2.34375936621215,2.6608372932931,0.404425554158837,0.38855516839208,-2.69308079475548,-5.24808667895755,3.37079032997344,-2.34375936621215,0.97864084517802,-0.905287603528491,-0.945320115672773,-716.904146700758,30,1,"normal",2
"2323",-3.4434102311,0.523156748770789,0,0.64352944402303,80,0.0316914396223052,-5.24808667895755,29.1015177732434,-2.34375936621215,2.6608372932931,0.404425554158837,0.38855516839208,-2.69308079475548,-5.24808667895755,3.37079032997344,-2.34375936621215,0.97864084517802,-0.905287603528491,-0.945320115672773,-716.904146700758,30,1,"normal",3
"2324",3.747772377,0.613691128099505,1,0.491244087340147,80,0.0316914396223052,-5.24808667895755,29.1015177732434,-2.34375936621215,2.6608372932931,0.404425554158837,0.38855516839208,-2.69308079475548,-5.24808667895755,3.37079032997344,-2.34375936621215,0.97864084517802,-0.905287603528491,-0.945320115672773,-716.904146700758,30,1,"normal",4
"2325",42.524,0.921159346443652,1,0.552801358427278,80,0.0316914396223052,-5.24808667895755,29.1015177732434,-2.34375936621215,2.6608372932931,0.404425554158837,0.38855516839208,-2.69308079475548,-5.24808667895755,3.37079032997344,-2.34375936621215,0.97864084517802,-0.905287603528491,-0.945320115672773,-716.904146700758,30,1,"normal",5
"2326",-2.33102338956,0.537391732700981,0,0.602282757352872,80,0.0316914396223052,-5.24808667895755,29.1015177732434,-2.34375936621215,2.6608372932931,0.404425554158837,0.38855516839208,-2.69308079475548,-5.24808667895755,3.37079032997344,-2.34375936621215,0.97864084517802,-0.905287603528491,-0.945320115672773,-716.904146700758,30,1,"normal",6
"2327",2.63004,0.599931128982355,1,0.531337923621875,80,0.0316914396223052,-5.24808667895755,29.1015177732434,-2.34375936621215,2.6608372932931,0.404425554158837,0.38855516839208,-2.69308079475548,-5.24808667895755,3.37079032997344,-2.34375936621215,0.97864084517802,-0.905287603528491,-0.945320115672773,-716.904146700758,30,1,"normal",7
"2328",-30.09494,0.215837972759799,0,0.757429492796182,80,0.0316914396223052,-5.24808667895755,29.1015177732434,-2.34375936621215,2.6608372932931,0.404425554158837,0.38855516839208,-2.69308079475548,-5.24808667895755,3.37079032997344,-2.34375936621215,0.97864084517802,-0.905287603528491,-0.945320115672773,-716.904146700758,30,1,"normal",8
"2329",15.85943,0.749016478980466,0,0.631426336150981,80,0.0316914396223052,-5.24808667895755,29.1015177732434,-2.34375936621215,2.6608372932931,0.404425554158837,0.38855516839208,-2.69308079475548,-5.24808667895755,3.37079032997344,-2.34375936621215,0.97864084517802,-0.905287603528491,-0.945320115672773,-716.904146700758,30,1,"normal",9
"2330",-17.38324,0.348587844459561,1,0.723718674912931,80,0.0316914396223052,-5.24808667895755,29.1015177732434,-2.34375936621215,2.6608372932931,0.404425554158837,0.38855516839208,-2.69308079475548,-5.24808667895755,3.37079032997344,-2.34375936621215,0.97864084517802,-0.905287603528491,-0.945320115672773,-716.904146700758,30,1,"normal",10
"2331",0.4651,0.572887387636539,1,0.549507000537095,80,0.0316914396223052,-5.24808667895755,29.1015177732434,-2.34375936621215,2.6608372932931,0.404425554158837,0.38855516839208,-2.69308079475548,-5.24808667895755,3.37079032997344,-2.34375936621215,0.97864084517802,-0.905287603528491,-0.945320115672773,-716.904146700758,30,1,"normal",11
"2332",-13.6566,0.39352039054563,1,0.694643912324178,80,0.0316914396223052,-5.24808667895755,29.1015177732434,-2.34375936621215,2.6608372932931,0.404425554158837,0.38855516839208,-2.69308079475548,-5.24808667895755,3.37079032997344,-2.34375936621215,0.97864084517802,-0.905287603528491,-0.945320115672773,-716.904146700758,30,1,"normal",12
"2333",-6.0271432271,0.489998304464367,1,0.6757410969091,80,0.0316914396223052,-5.24808667895755,29.1015177732434,-2.34375936621215,2.6608372932931,0.404425554158837,0.38855516839208,-2.69308079475548,-5.24808667895755,3.37079032997344,-2.34375936621215,0.97864084517802,-0.905287603528491,-0.945320115672773,-716.904146700758,30,1,"normal",13
"2334",-32.88064,0.192019125296391,1,0.442671240960414,80,0.0316914396223052,-5.24808667895755,29.1015177732434,-2.34375936621215,2.6608372932931,0.404425554158837,0.38855516839208,-2.69308079475548,-5.24808667895755,3.37079032997344,-2.34375936621215,0.97864084517802,-0.905287603528491,-0.945320115672773,-716.904146700758,30,1,"normal",14
"2335",-7.8631716937,0.466468100210918,0,0.613612356866264,80,0.0316914396223052,-5.24808667895755,29.1015177732434,-2.34375936621215,2.6608372932931,0.404425554158837,0.38855516839208,-2.69308079475548,-5.24808667895755,3.37079032997344,-2.34375936621215,0.97864084517802,-0.905287603528491,-0.945320115672773,-716.904146700758,30,1,"normal",15
"2336",-6.2872333048,0.486660453433037,1,0.487478244628818,80,0.0316914396223052,-5.24808667895755,29.1015177732434,-2.34375936621215,2.6608372932931,0.404425554158837,0.38855516839208,-2.69308079475548,-5.24808667895755,3.37079032997344,-2.34375936621215,0.97864084517802,-0.905287603528491,-0.945320115672773,-716.904146700758,30,1,"normal",16
"2337",-4.7411965035,0.506508013308911,0,0.510557635764498,80,0.0316914396223052,-5.24808667895755,29.1015177732434,-2.34375936621215,2.6608372932931,0.404425554158837,0.38855516839208,-2.69308079475548,-5.24808667895755,3.37079032997344,-2.34375936621215,0.97864084517802,-0.905287603528491,-0.945320115672773,-716.904146700758,30,1,"normal",17
"2338",-6.3038122794,0.486447721408668,1,0.594770349651565,80,0.0316914396223052,-5.24808667895755,29.1015177732434,-2.34375936621215,2.6608372932931,0.404425554158837,0.38855516839208,-2.69308079475548,-5.24808667895755,3.37079032997344,-2.34375936621215,0.97864084517802,-0.905287603528491,-0.945320115672773,-716.904146700758,30,1,"normal",18
"2339",-6.3273211131,0.486146076905681,0,0.558251773721574,80,0.0316914396223052,-5.24808667895755,29.1015177732434,-2.34375936621215,2.6608372932931,0.404425554158837,0.38855516839208,-2.69308079475548,-5.24808667895755,3.37079032997344,-2.34375936621215,0.97864084517802,-0.905287603528491,-0.945320115672773,-716.904146700758,30,1,"normal",19
"2340",-6.7479324849,0.480750879005489,1,0.525346282606479,80,0.0316914396223052,-5.24808667895755,29.1015177732434,-2.34375936621215,2.6608372932931,0.404425554158837,0.38855516839208,-2.69308079475548,-5.24808667895755,3.37079032997344,-2.34375936621215,0.97864084517802,-0.905287603528491,-0.945320115672773,-716.904146700758,30,1,"normal",20
"2341",-27.21908,0.242553193542917,0,0.590516257156638,80,0.0316914396223052,-5.24808667895755,29.1015177732434,-2.34375936621215,2.6608372932931,0.404425554158837,0.38855516839208,-2.69308079475548,-5.24808667895755,3.37079032997344,-2.34375936621215,0.97864084517802,-0.905287603528491,-0.945320115672773,-716.904146700758,30,1,"normal",21
"2342",1.01767,0.57983346205413,1,0.541733202902028,80,0.0316914396223052,-5.24808667895755,29.1015177732434,-2.34375936621215,2.6608372932931,0.404425554158837,0.38855516839208,-2.69308079475548,-5.24808667895755,3.37079032997344,-2.34375936621215,0.97864084517802,-0.905287603528491,-0.945320115672773,-716.904146700758,30,1,"normal",22
"2343",-13.32646,0.397592587965972,0,0.577145554039351,80,0.0316914396223052,-5.24808667895755,29.1015177732434,-2.34375936621215,2.6608372932931,0.404425554158837,0.38855516839208,-2.69308079475548,-5.24808667895755,3.37079032997344,-2.34375936621215,0.97864084517802,-0.905287603528491,-0.945320115672773,-716.904146700758,30,1,"normal",23
"2344",-6.6054708793,0.482577845643526,1,0.585357584215483,80,0.0316914396223052,-5.24808667895755,29.1015177732434,-2.34375936621215,2.6608372932931,0.404425554158837,0.38855516839208,-2.69308079475548,-5.24808667895755,3.37079032997344,-2.34375936621215,0.97864084517802,-0.905287603528491,-0.945320115672773,-716.904146700758,30,1,"normal",24
"2345",-17.79414,0.343765680555825,0,0.574302625900299,80,0.0316914396223052,-5.24808667895755,29.1015177732434,-2.34375936621215,2.6608372932931,0.404425554158837,0.38855516839208,-2.69308079475548,-5.24808667895755,3.37079032997344,-2.34375936621215,0.97864084517802,-0.905287603528491,-0.945320115672773,-716.904146700758,30,1,"normal",25
"2346",-19.4166,0.325018348567834,0,0.50547878355882,80,0.0316914396223052,-5.24808667895755,29.1015177732434,-2.34375936621215,2.6608372932931,0.404425554158837,0.38855516839208,-2.69308079475548,-5.24808667895755,3.37079032997344,-2.34375936621215,0.97864084517802,-0.905287603528491,-0.945320115672773,-716.904146700758,30,1,"normal",26
"2347",-6.15509726199,0.488356097358908,1,0.633901935606502,80,0.0316914396223052,-5.24808667895755,29.1015177732434,-2.34375936621215,2.6608372932931,0.404425554158837,0.38855516839208,-2.69308079475548,-5.24808667895755,3.37079032997344,-2.34375936621215,0.97864084517802,-0.905287603528491,-0.945320115672773,-716.904146700758,30,1,"normal",27
"2348",-7.38833,0.472544566017331,1,0.563873864515215,80,0.0316914396223052,-5.24808667895755,29.1015177732434,-2.34375936621215,2.6608372932931,0.404425554158837,0.38855516839208,-2.69308079475548,-5.24808667895755,3.37079032997344,-2.34375936621215,0.97864084517802,-0.905287603528491,-0.945320115672773,-716.904146700758,30,1,"normal",28
"2349",-12.3428208193,0.409799774821208,0,0.737704021073528,80,0.0316914396223052,-5.24808667895755,29.1015177732434,-2.34375936621215,2.6608372932931,0.404425554158837,0.38855516839208,-2.69308079475548,-5.24808667895755,3.37079032997344,-2.34375936621215,0.97864084517802,-0.905287603528491,-0.945320115672773,-716.904146700758,30,1,"normal",29
"2350",-3.4762,0.522736530543025,1,0.563104464023455,80,0.0316914396223052,-5.24808667895755,29.1015177732434,-2.34375936621215,2.6608372932931,0.404425554158837,0.38855516839208,-2.69308079475548,-5.24808667895755,3.37079032997344,-2.34375936621215,0.97864084517802,-0.905287603528491,-0.945320115672773,-716.904146700758,30,1,"normal",30
"2351",-43.0843,0.122333046475203,1,0.645917781380851,80,0.0316914396223052,-5.24808667895755,29.1015177732434,-2.34375936621215,2.6608372932931,0.404425554158837,0.38855516839208,-2.69308079475548,-5.24808667895755,3.37079032997344,-2.34375936621215,0.97864084517802,-0.905287603528491,-0.945320115672773,-716.904146700758,30,1,"normal",31
"2352",-11.3902578243,0.421717692623753,0,0.528645701757313,80,0.0316914396223052,-5.24808667895755,29.1015177732434,-2.34375936621215,2.6608372932931,0.404425554158837,0.38855516839208,-2.69308079475548,-5.24808667895755,3.37079032997344,-2.34375936621215,0.97864084517802,-0.905287603528491,-0.945320115672773,-716.904146700758,30,1,"normal",32
"2353",-9.2981903096,0.448165071006886,0,0.565838137682147,80,0.0316914396223052,-5.24808667895755,29.1015177732434,-2.34375936621215,2.6608372932931,0.404425554158837,0.38855516839208,-2.69308079475548,-5.24808667895755,3.37079032997344,-2.34375936621215,0.97864084517802,-0.905287603528491,-0.945320115672773,-716.904146700758,30,1,"normal",33
"2354",-9.4417321962,0.446340425555989,0,0.538328215230487,80,0.0316914396223052,-5.24808667895755,29.1015177732434,-2.34375936621215,2.6608372932931,0.404425554158837,0.38855516839208,-2.69308079475548,-5.24808667895755,3.37079032997344,-2.34375936621215,0.97864084517802,-0.905287603528491,-0.945320115672773,-716.904146700758,30,1,"normal",34
"2355",-5.3763403396,0.498353260580115,0,0.508914977878984,80,0.0316914396223052,-5.24808667895755,29.1015177732434,-2.34375936621215,2.6608372932931,0.404425554158837,0.38855516839208,-2.69308079475548,-5.24808667895755,3.37079032997344,-2.34375936621215,0.97864084517802,-0.905287603528491,-0.945320115672773,-716.904146700758,30,1,"normal",35
"2356",-6.2421198298,0.487239345735598,0,0.751222856985058,80,0.0316914396223052,-5.24808667895755,29.1015177732434,-2.34375936621215,2.6608372932931,0.404425554158837,0.38855516839208,-2.69308079475548,-5.24808667895755,3.37079032997344,-2.34375936621215,0.97864084517802,-0.905287603528491,-0.945320115672773,-716.904146700758,30,1,"normal",36
"2357",1.4616882484,0.58539456647787,1,0.540937630337938,80,0.0316914396223052,-5.24808667895755,29.1015177732434,-2.34375936621215,2.6608372932931,0.404425554158837,0.38855516839208,-2.69308079475548,-5.24808667895755,3.37079032997344,-2.34375936621215,0.97864084517802,-0.905287603528491,-0.945320115672773,-716.904146700758,30,1,"normal",37
"2358",-1.0435,0.553798601366069,1,0.553735516903371,80,0.0316914396223052,-5.24808667895755,29.1015177732434,-2.34375936621215,2.6608372932931,0.404425554158837,0.38855516839208,-2.69308079475548,-5.24808667895755,3.37079032997344,-2.34375936621215,0.97864084517802,-0.905287603528491,-0.945320115672773,-716.904146700758,30,1,"normal",38
"2359",1.00798,0.579711891177142,1,0.647431090411581,80,0.0316914396223052,-5.24808667895755,29.1015177732434,-2.34375936621215,2.6608372932931,0.404425554158837,0.38855516839208,-2.69308079475548,-5.24808667895755,3.37079032997344,-2.34375936621215,0.97864084517802,-0.905287603528491,-0.945320115672773,-716.904146700758,30,1,"normal",39
"2360",7.6398,0.660223678375337,1,0.521837952298359,80,0.0316914396223052,-5.24808667895755,29.1015177732434,-2.34375936621215,2.6608372932931,0.404425554158837,0.38855516839208,-2.69308079475548,-5.24808667895755,3.37079032997344,-2.34375936621215,0.97864084517802,-0.905287603528491,-0.945320115672773,-716.904146700758,30,1,"normal",40
"2361",-11.15904,0.424623483259295,0,0.702209697683362,80,0.0316914396223052,-5.24808667895755,29.1015177732434,-2.34375936621215,2.6608372932931,0.404425554158837,0.38855516839208,-2.69308079475548,-5.24808667895755,3.37079032997344,-2.34375936621215,0.97864084517802,-0.905287603528491,-0.945320115672773,-716.904146700758,30,1,"normal",41
"2362",-6.2000998013,0.487778570795401,0,0.673078447076286,80,0.0316914396223052,-5.24808667895755,29.1015177732434,-2.34375936621215,2.6608372932931,0.404425554158837,0.38855516839208,-2.69308079475548,-5.24808667895755,3.37079032997344,-2.34375936621215,0.97864084517802,-0.905287603528491,-0.945320115672773,-716.904146700758,30,1,"normal",42
"2363",-8.77595,0.454813823361509,1,0.671413074364042,80,0.0316914396223052,-5.24808667895755,29.1015177732434,-2.34375936621215,2.6608372932931,0.404425554158837,0.38855516839208,-2.69308079475548,-5.24808667895755,3.37079032997344,-2.34375936621215,0.97864084517802,-0.905287603528491,-0.945320115672773,-716.904146700758,30,1,"normal",43
"2364",-5.72113054056,0.49392650323523,0,0.64503190627566,80,0.0316914396223052,-5.24808667895755,29.1015177732434,-2.34375936621215,2.6608372932931,0.404425554158837,0.38855516839208,-2.69308079475548,-5.24808667895755,3.37079032997344,-2.34375936621215,0.97864084517802,-0.905287603528491,-0.945320115672773,-716.904146700758,30,1,"normal",44
"2365",-5.73198,0.493787217732141,0,0.603054230237086,80,0.0316914396223052,-5.24808667895755,29.1015177732434,-2.34375936621215,2.6608372932931,0.404425554158837,0.38855516839208,-2.69308079475548,-5.24808667895755,3.37079032997344,-2.34375936621215,0.97864084517802,-0.905287603528491,-0.945320115672773,-716.904146700758,30,1,"normal",45
"2366",-6.45028,0.484568529278624,0,0.555105443916956,80,0.0316914396223052,-5.24808667895755,29.1015177732434,-2.34375936621215,2.6608372932931,0.404425554158837,0.38855516839208,-2.69308079475548,-5.24808667895755,3.37079032997344,-2.34375936621215,0.97864084517802,-0.905287603528491,-0.945320115672773,-716.904146700758,30,1,"normal",46
"2367",3.29546,0.608141400633505,0,0.553287152846622,80,0.0316914396223052,-5.24808667895755,29.1015177732434,-2.34375936621215,2.6608372932931,0.404425554158837,0.38855516839208,-2.69308079475548,-5.24808667895755,3.37079032997344,-2.34375936621215,0.97864084517802,-0.905287603528491,-0.945320115672773,-716.904146700758,30,1,"normal",47
"2368",4.0742,0.617679834590082,1,0.712719786050974,80,0.0316914396223052,-5.24808667895755,29.1015177732434,-2.34375936621215,2.6608372932931,0.404425554158837,0.38855516839208,-2.69308079475548,-5.24808667895755,3.37079032997344,-2.34375936621215,0.97864084517802,-0.905287603528491,-0.945320115672773,-716.904146700758,30,1,"normal",48
"2369",-9.28947,0.448275960808505,1,0.619307393318029,80,0.0316914396223052,-5.24808667895755,29.1015177732434,-2.34375936621215,2.6608372932931,0.404425554158837,0.38855516839208,-2.69308079475548,-5.24808667895755,3.37079032997344,-2.34375936621215,0.97864084517802,-0.905287603528491,-0.945320115672773,-716.904146700758,30,1,"normal",49
"2370",-18.90756,0.330848297447129,0,0.707405423918106,80,0.0316914396223052,-5.24808667895755,29.1015177732434,-2.34375936621215,2.6608372932931,0.404425554158837,0.38855516839208,-2.69308079475548,-5.24808667895755,3.37079032997344,-2.34375936621215,0.97864084517802,-0.905287603528491,-0.945320115672773,-716.904146700758,30,1,"normal",50
"2371",-5.3005012379,0.499327010607783,0,0.582904311655136,80,0.0316914396223052,-5.24808667895755,29.1015177732434,-2.34375936621215,2.6608372932931,0.404425554158837,0.38855516839208,-2.69308079475548,-5.24808667895755,3.37079032997344,-2.34375936621215,0.97864084517802,-0.905287603528491,-0.945320115672773,-716.904146700758,30,1,"normal",51
"2372",9.37304,0.680123876785305,1,0.56289264282949,80,0.0316914396223052,-5.24808667895755,29.1015177732434,-2.34375936621215,2.6608372932931,0.404425554158837,0.38855516839208,-2.69308079475548,-5.24808667895755,3.37079032997344,-2.34375936621215,0.97864084517802,-0.905287603528491,-0.945320115672773,-716.904146700758,30,1,"normal",52
"2373",-30.2139,0.214778952878489,0,0.475280667519734,80,0.0316914396223052,-5.24808667895755,29.1015177732434,-2.34375936621215,2.6608372932931,0.404425554158837,0.38855516839208,-2.69308079475548,-5.24808667895755,3.37079032997344,-2.34375936621215,0.97864084517802,-0.905287603528491,-0.945320115672773,-716.904146700758,30,1,"normal",53
"2374",-8.86836,0.45363621731681,1,0.499296083195573,80,0.0316914396223052,-5.24808667895755,29.1015177732434,-2.34375936621215,2.6608372932931,0.404425554158837,0.38855516839208,-2.69308079475548,-5.24808667895755,3.37079032997344,-2.34375936621215,0.97864084517802,-0.905287603528491,-0.945320115672773,-716.904146700758,30,1,"normal",54
"2375",0.06386,0.567827210153861,1,0.61248863001527,80,0.0316914396223052,-5.24808667895755,29.1015177732434,-2.34375936621215,2.6608372932931,0.404425554158837,0.38855516839208,-2.69308079475548,-5.24808667895755,3.37079032997344,-2.34375936621215,0.97864084517802,-0.905287603528491,-0.945320115672773,-716.904146700758,30,1,"normal",55
"2376",-4.20189,0.51343000939361,1,0.629061248565133,80,0.0316914396223052,-5.24808667895755,29.1015177732434,-2.34375936621215,2.6608372932931,0.404425554158837,0.38855516839208,-2.69308079475548,-5.24808667895755,3.37079032997344,-2.34375936621215,0.97864084517802,-0.905287603528491,-0.945320115672773,-716.904146700758,30,1,"normal",56
"2377",-8.8695,0.453621692863439,1,0.530960205830177,80,0.0316914396223052,-5.24808667895755,29.1015177732434,-2.34375936621215,2.6608372932931,0.404425554158837,0.38855516839208,-2.69308079475548,-5.24808667895755,3.37079032997344,-2.34375936621215,0.97864084517802,-0.905287603528491,-0.945320115672773,-716.904146700758,30,1,"normal",57
"2378",-5.19282,0.500709609833297,1,0.52630661349608,80,0.0316914396223052,-5.24808667895755,29.1015177732434,-2.34375936621215,2.6608372932931,0.404425554158837,0.38855516839208,-2.69308079475548,-5.24808667895755,3.37079032997344,-2.34375936621215,0.97864084517802,-0.905287603528491,-0.945320115672773,-716.904146700758,30,1,"normal",58
"2379",-3.47175,0.522793561348759,1,0.502750482005503,80,0.0316914396223052,-5.24808667895755,29.1015177732434,-2.34375936621215,2.6608372932931,0.404425554158837,0.38855516839208,-2.69308079475548,-5.24808667895755,3.37079032997344,-2.34375936621215,0.97864084517802,-0.905287603528491,-0.945320115672773,-716.904146700758,30,1,"normal",59
"2380",-8.686777,0.455950609410868,0,0.538985969220155,80,0.0316914396223052,-5.24808667895755,29.1015177732434,-2.34375936621215,2.6608372932931,0.404425554158837,0.38855516839208,-2.69308079475548,-5.24808667895755,3.37079032997344,-2.34375936621215,0.97864084517802,-0.905287603528491,-0.945320115672773,-716.904146700758,30,1,"normal",60
"2381",0.35708,0.571526416803715,1,0.917223813653736,80,0.0316914396223052,-5.24808667895755,29.1015177732434,-2.34375936621215,2.6608372932931,0.404425554158837,0.38855516839208,-2.69308079475548,-5.24808667895755,3.37079032997344,-2.34375936621215,0.97864084517802,-0.905287603528491,-0.945320115672773,-716.904146700758,30,1,"normal",61
"2382",-17.69679,0.344905526477002,0,0.521789848857873,80,0.0316914396223052,-5.24808667895755,29.1015177732434,-2.34375936621215,2.6608372932931,0.404425554158837,0.38855516839208,-2.69308079475548,-5.24808667895755,3.37079032997344,-2.34375936621215,0.97864084517802,-0.905287603528491,-0.945320115672773,-716.904146700758,30,1,"normal",62
"2383",0.55025,0.57395951579117,0,0.599401105155421,80,0.0316914396223052,-5.24808667895755,29.1015177732434,-2.34375936621215,2.6608372932931,0.404425554158837,0.38855516839208,-2.69308079475548,-5.24808667895755,3.37079032997344,-2.34375936621215,0.97864084517802,-0.905287603528491,-0.945320115672773,-716.904146700758,30,1,"normal",63
"2384",-21.09428,0.30616127662457,0,0.592022399702295,80,0.0316914396223052,-5.24808667895755,29.1015177732434,-2.34375936621215,2.6608372932931,0.404425554158837,0.38855516839208,-2.69308079475548,-5.24808667895755,3.37079032997344,-2.34375936621215,0.97864084517802,-0.905287603528491,-0.945320115672773,-716.904146700758,30,1,"normal",64
"2385",3.65559,0.612562198647083,1,0.577201169649242,80,0.0316914396223052,-5.24808667895755,29.1015177732434,-2.34375936621215,2.6608372932931,0.404425554158837,0.38855516839208,-2.69308079475548,-5.24808667895755,3.37079032997344,-2.34375936621215,0.97864084517802,-0.905287603528491,-0.945320115672773,-716.904146700758,30,1,"normal",65
"2386",-17.17718,0.351016855529459,0,0.559535822138656,80,0.0316914396223052,-5.24808667895755,29.1015177732434,-2.34375936621215,2.6608372932931,0.404425554158837,0.38855516839208,-2.69308079475548,-5.24808667895755,3.37079032997344,-2.34375936621215,0.97864084517802,-0.905287603528491,-0.945320115672773,-716.904146700758,30,1,"normal",66
"2387",-2.90965,0.529992659146439,1,0.590835016212778,80,0.0316914396223052,-5.24808667895755,29.1015177732434,-2.34375936621215,2.6608372932931,0.404425554158837,0.38855516839208,-2.69308079475548,-5.24808667895755,3.37079032997344,-2.34375936621215,0.97864084517802,-0.905287603528491,-0.945320115672773,-716.904146700758,30,1,"normal",67
"2388",-3.79149,0.51869452906215,0,0.573114469174915,80,0.0316914396223052,-5.24808667895755,29.1015177732434,-2.34375936621215,2.6608372932931,0.404425554158837,0.38855516839208,-2.69308079475548,-5.24808667895755,3.37079032997344,-2.34375936621215,0.97864084517802,-0.905287603528491,-0.945320115672773,-716.904146700758,30,1,"normal",68
"2389",26.69203,0.840739036470611,1,0.524615648447227,80,0.0316914396223052,-5.24808667895755,29.1015177732434,-2.34375936621215,2.6608372932931,0.404425554158837,0.38855516839208,-2.69308079475548,-5.24808667895755,3.37079032997344,-2.34375936621215,0.97864084517802,-0.905287603528491,-0.945320115672773,-716.904146700758,30,1,"normal",69
"2390",-12.14821,0.412227325022061,1,0.537496422964973,80,0.0316914396223052,-5.24808667895755,29.1015177732434,-2.34375936621215,2.6608372932931,0.404425554158837,0.38855516839208,-2.69308079475548,-5.24808667895755,3.37079032997344,-2.34375936621215,0.97864084517802,-0.905287603528491,-0.945320115672773,-716.904146700758,30,1,"normal",70
"2391",-6.8893,0.478938398757745,1,0.635345816199654,80,0.0316914396223052,-5.24808667895755,29.1015177732434,-2.34375936621215,2.6608372932931,0.404425554158837,0.38855516839208,-2.69308079475548,-5.24808667895755,3.37079032997344,-2.34375936621215,0.97864084517802,-0.905287603528491,-0.945320115672773,-716.904146700758,30,1,"normal",71
"2392",-25.38682,0.260660094960975,0,0.43554088335293,80,0.0316914396223052,-5.24808667895755,29.1015177732434,-2.34375936621215,2.6608372932931,0.404425554158837,0.38855516839208,-2.69308079475548,-5.24808667895755,3.37079032997344,-2.34375936621215,0.97864084517802,-0.905287603528491,-0.945320115672773,-716.904146700758,30,1,"normal",72
"2393",-15.37337,0.372569941332935,0,0.487440947653122,80,0.0316914396223052,-5.24808667895755,29.1015177732434,-2.34375936621215,2.6608372932931,0.404425554158837,0.38855516839208,-2.69308079475548,-5.24808667895755,3.37079032997344,-2.34375936621215,0.97864084517802,-0.905287603528491,-0.945320115672773,-716.904146700758,30,1,"normal",73
"2394",34.04829,0.885458598000976,1,0.477891874006603,80,0.0316914396223052,-5.24808667895755,29.1015177732434,-2.34375936621215,2.6608372932931,0.404425554158837,0.38855516839208,-2.69308079475548,-5.24808667895755,3.37079032997344,-2.34375936621215,0.97864084517802,-0.905287603528491,-0.945320115672773,-716.904146700758,30,1,"normal",74
"2395",-3.249959,0.525635313346702,1,0.590203275365205,80,0.0316914396223052,-5.24808667895755,29.1015177732434,-2.34375936621215,2.6608372932931,0.404425554158837,0.38855516839208,-2.69308079475548,-5.24808667895755,3.37079032997344,-2.34375936621215,0.97864084517802,-0.905287603528491,-0.945320115672773,-716.904146700758,30,1,"normal",75
"2396",-7.87264,0.466347021160718,0,0.563919030322605,80,0.0316914396223052,-5.24808667895755,29.1015177732434,-2.34375936621215,2.6608372932931,0.404425554158837,0.38855516839208,-2.69308079475548,-5.24808667895755,3.37079032997344,-2.34375936621215,0.97864084517802,-0.905287603528491,-0.945320115672773,-716.904146700758,30,1,"normal",76
"2397",-2.07906,0.540609230774568,0,0.761504362674909,80,0.0316914396223052,-5.24808667895755,29.1015177732434,-2.34375936621215,2.6608372932931,0.404425554158837,0.38855516839208,-2.69308079475548,-5.24808667895755,3.37079032997344,-2.34375936621215,0.97864084517802,-0.905287603528491,-0.945320115672773,-716.904146700758,30,1,"normal",77
"2398",-16.97488,0.353408413068989,0,0.522640555949363,80,0.0316914396223052,-5.24808667895755,29.1015177732434,-2.34375936621215,2.6608372932931,0.404425554158837,0.38855516839208,-2.69308079475548,-5.24808667895755,3.37079032997344,-2.34375936621215,0.97864084517802,-0.905287603528491,-0.945320115672773,-716.904146700758,30,1,"normal",78
"2399",-26.2025,0.252497547891416,0,0.539967859006156,80,0.0316914396223052,-5.24808667895755,29.1015177732434,-2.34375936621215,2.6608372932931,0.404425554158837,0.38855516839208,-2.69308079475548,-5.24808667895755,3.37079032997344,-2.34375936621215,0.97864084517802,-0.905287603528491,-0.945320115672773,-716.904146700758,30,1,"normal",79
"2400",-16.78389,0.355672423787883,1,0.544684809731666,80,0.0316914396223052,-5.24808667895755,29.1015177732434,-2.34375936621215,2.6608372932931,0.404425554158837,0.38855516839208,-2.69308079475548,-5.24808667895755,3.37079032997344,-2.34375936621215,0.97864084517802,-0.905287603528491,-0.945320115672773,-716.904146700758,30,1,"normal",80
"2401",10.3569895883,0.629655170243228,0,0.816382745708061,80,0.0256652470571575,8.64133110256625,4.90786431819663,-1.65957650255271,2.82110008881297,0.345086179827489,0.342406460770849,-2.9167754800748,8.64133110256625,1.59083888143732,-1.65957650255271,1.0371269112958,-1.06396109654334,-1.07175676581883,-958.000006301056,1,2,"normal",1
"2402",10.4365046674,0.635406893708746,0,0.848719525776081,80,0.0256652470571575,8.64133110256625,4.90786431819663,-1.65957650255271,2.82110008881297,0.345086179827489,0.342406460770849,-2.9167754800748,8.64133110256625,1.59083888143732,-1.65957650255271,1.0371269112958,-1.06396109654334,-1.07175676581883,-958.000006301056,1,2,"normal",2
"2403",17.6657463233,0.943052577225338,1,0.644408495178576,80,0.0256652470571575,8.64133110256625,4.90786431819663,-1.65957650255271,2.82110008881297,0.345086179827489,0.342406460770849,-2.9167754800748,8.64133110256625,1.59083888143732,-1.65957650255271,1.0371269112958,-1.06396109654334,-1.07175676581883,-958.000006301056,1,2,"normal",3
"2404",13.623536702,0.827274102850475,1,0.55711676377104,80,0.0256652470571575,8.64133110256625,4.90786431819663,-1.65957650255271,2.82110008881297,0.345086179827489,0.342406460770849,-2.9167754800748,8.64133110256625,1.59083888143732,-1.65957650255271,1.0371269112958,-1.06396109654334,-1.07175676581883,-958.000006301056,1,2,"normal",4
"2405",12.76986,0.784490765824452,1,0.718578507850355,80,0.0256652470571575,8.64133110256625,4.90786431819663,-1.65957650255271,2.82110008881297,0.345086179827489,0.342406460770849,-2.9167754800748,8.64133110256625,1.59083888143732,-1.65957650255271,1.0371269112958,-1.06396109654334,-1.07175676581883,-958.000006301056,1,2,"normal",5
"2406",19.46589,0.961330744506453,1,0.538453142627577,80,0.0256652470571575,8.64133110256625,4.90786431819663,-1.65957650255271,2.82110008881297,0.345086179827489,0.342406460770849,-2.9167754800748,8.64133110256625,1.59083888143732,-1.65957650255271,1.0371269112958,-1.06396109654334,-1.07175676581883,-958.000006301056,1,2,"normal",6
"2407",10.53917,0.642782739389806,1,0.708056293080637,80,0.0256652470571575,8.64133110256625,4.90786431819663,-1.65957650255271,2.82110008881297,0.345086179827489,0.342406460770849,-2.9167754800748,8.64133110256625,1.59083888143732,-1.65957650255271,1.0371269112958,-1.06396109654334,-1.07175676581883,-958.000006301056,1,2,"normal",7
"2408",38.8099,0.974334752568262,1,0.551386638617506,80,0.0256652470571575,8.64133110256625,4.90786431819663,-1.65957650255271,2.82110008881297,0.345086179827489,0.342406460770849,-2.9167754800748,8.64133110256625,1.59083888143732,-1.65957650255271,1.0371269112958,-1.06396109654334,-1.07175676581883,-958.000006301056,1,2,"normal",8
"2409",16.73899,0.927396408715421,1,0.611510748481458,80,0.0256652470571575,8.64133110256625,4.90786431819663,-1.65957650255271,2.82110008881297,0.345086179827489,0.342406460770849,-2.9167754800748,8.64133110256625,1.59083888143732,-1.65957650255271,1.0371269112958,-1.06396109654334,-1.07175676581883,-958.000006301056,1,2,"normal",9
"2410",7.03631,0.378401843528198,1,0.841278951524021,80,0.0256652470571575,8.64133110256625,4.90786431819663,-1.65957650255271,2.82110008881297,0.345086179827489,0.342406460770849,-2.9167754800748,8.64133110256625,1.59083888143732,-1.65957650255271,1.0371269112958,-1.06396109654334,-1.07175676581883,-958.000006301056,1,2,"normal",10
"2411",-48.6557,0.0256652470571575,0,0.687485849061173,80,0.0256652470571575,8.64133110256625,4.90786431819663,-1.65957650255271,2.82110008881297,0.345086179827489,0.342406460770849,-2.9167754800748,8.64133110256625,1.59083888143732,-1.65957650255271,1.0371269112958,-1.06396109654334,-1.07175676581883,-958.000006301056,1,2,"normal",11
"2412",12.77647,0.784848391037351,0,0.51449743971412,80,0.0256652470571575,8.64133110256625,4.90786431819663,-1.65957650255271,2.82110008881297,0.345086179827489,0.342406460770849,-2.9167754800748,8.64133110256625,1.59083888143732,-1.65957650255271,1.0371269112958,-1.06396109654334,-1.07175676581883,-958.000006301056,1,2,"normal",12
"2413",32.6486,0.974334278495588,1,0.612522793545698,80,0.0256652470571575,8.64133110256625,4.90786431819663,-1.65957650255271,2.82110008881297,0.345086179827489,0.342406460770849,-2.9167754800748,8.64133110256625,1.59083888143732,-1.65957650255271,1.0371269112958,-1.06396109654334,-1.07175676581883,-958.000006301056,1,2,"normal",13
"2414",-8.53013,0.025886960298457,0,0.481649854898631,80,0.0256652470571575,8.64133110256625,4.90786431819663,-1.65957650255271,2.82110008881297,0.345086179827489,0.342406460770849,-2.9167754800748,8.64133110256625,1.59083888143732,-1.65957650255271,1.0371269112958,-1.06396109654334,-1.07175676581883,-958.000006301056,1,2,"normal",14
"2415",1.76761,0.102198194834851,0,0.701778498937008,80,0.0256652470571575,8.64133110256625,4.90786431819663,-1.65957650255271,2.82110008881297,0.345086179827489,0.342406460770849,-2.9167754800748,8.64133110256625,1.59083888143732,-1.65957650255271,1.0371269112958,-1.06396109654334,-1.07175676581883,-958.000006301056,1,2,"normal",15
"2416",14.88621,0.877939066225406,1,0.562760023048402,80,0.0256652470571575,8.64133110256625,4.90786431819663,-1.65957650255271,2.82110008881297,0.345086179827489,0.342406460770849,-2.9167754800748,8.64133110256625,1.59083888143732,-1.65957650255271,1.0371269112958,-1.06396109654334,-1.07175676581883,-958.000006301056,1,2,"normal",16
"2417",23.39811,0.973082288215777,1,0.560836524617938,80,0.0256652470571575,8.64133110256625,4.90786431819663,-1.65957650255271,2.82110008881297,0.345086179827489,0.342406460770849,-2.9167754800748,8.64133110256625,1.59083888143732,-1.65957650255271,1.0371269112958,-1.06396109654334,-1.07175676581883,-958.000006301056,1,2,"normal",17
"2418",18.12598,0.949056140224152,1,0.681179007286112,80,0.0256652470571575,8.64133110256625,4.90786431819663,-1.65957650255271,2.82110008881297,0.345086179827489,0.342406460770849,-2.9167754800748,8.64133110256625,1.59083888143732,-1.65957650255271,1.0371269112958,-1.06396109654334,-1.07175676581883,-958.000006301056,1,2,"normal",18
"2419",-0.14455,0.0604945003655981,0,0.51807325598484,80,0.0256652470571575,8.64133110256625,4.90786431819663,-1.65957650255271,2.82110008881297,0.345086179827489,0.342406460770849,-2.9167754800748,8.64133110256625,1.59083888143732,-1.65957650255271,1.0371269112958,-1.06396109654334,-1.07175676581883,-958.000006301056,1,2,"normal",19
"2420",-1.7716,0.0417283029271695,0,0.465285274813377,80,0.0256652470571575,8.64133110256625,4.90786431819663,-1.65957650255271,2.82110008881297,0.345086179827489,0.342406460770849,-2.9167754800748,8.64133110256625,1.59083888143732,-1.65957650255271,1.0371269112958,-1.06396109654334,-1.07175676581883,-958.000006301056,1,2,"normal",20
"2421",6.61145,0.347818612687836,0,0.63876194504261,80,0.0256652470571575,8.64133110256625,4.90786431819663,-1.65957650255271,2.82110008881297,0.345086179827489,0.342406460770849,-2.9167754800748,8.64133110256625,1.59083888143732,-1.65957650255271,1.0371269112958,-1.06396109654334,-1.07175676581883,-958.000006301056,1,2,"normal",21
"2422",13.25035,0.809420487736298,1,0.457331380426359,80,0.0256652470571575,8.64133110256625,4.90786431819663,-1.65957650255271,2.82110008881297,0.345086179827489,0.342406460770849,-2.9167754800748,8.64133110256625,1.59083888143732,-1.65957650255271,1.0371269112958,-1.06396109654334,-1.07175676581883,-958.000006301056,1,2,"normal",22
"2423",30.633,0.97433122732942,1,0.523520205057005,80,0.0256652470571575,8.64133110256625,4.90786431819663,-1.65957650255271,2.82110008881297,0.345086179827489,0.342406460770849,-2.9167754800748,8.64133110256625,1.59083888143732,-1.65957650255271,1.0371269112958,-1.06396109654334,-1.07175676581883,-958.000006301056,1,2,"normal",23
"2424",18.58564,0.954059591711224,1,0.533575146645001,80,0.0256652470571575,8.64133110256625,4.90786431819663,-1.65957650255271,2.82110008881297,0.345086179827489,0.342406460770849,-2.9167754800748,8.64133110256625,1.59083888143732,-1.65957650255271,1.0371269112958,-1.06396109654334,-1.07175676581883,-958.000006301056,1,2,"normal",24
"2425",5.54868,0.276399416746674,0,0.895734386255234,80,0.0256652470571575,8.64133110256625,4.90786431819663,-1.65957650255271,2.82110008881297,0.345086179827489,0.342406460770849,-2.9167754800748,8.64133110256625,1.59083888143732,-1.65957650255271,1.0371269112958,-1.06396109654334,-1.07175676581883,-958.000006301056,1,2,"normal",25
"2426",13.00291,0.7968535228157,1,0.671845447395856,80,0.0256652470571575,8.64133110256625,4.90786431819663,-1.65957650255271,2.82110008881297,0.345086179827489,0.342406460770849,-2.9167754800748,8.64133110256625,1.59083888143732,-1.65957650255271,1.0371269112958,-1.06396109654334,-1.07175676581883,-958.000006301056,1,2,"normal",26
"2427",13.73783,0.832476641931177,1,0.551291193199447,80,0.0256652470571575,8.64133110256625,4.90786431819663,-1.65957650255271,2.82110008881297,0.345086179827489,0.342406460770849,-2.9167754800748,8.64133110256625,1.59083888143732,-1.65957650255271,1.0371269112958,-1.06396109654334,-1.07175676581883,-958.000006301056,1,2,"normal",27
"2428",13.95491,0.842015941088276,1,0.61396419423606,80,0.0256652470571575,8.64133110256625,4.90786431819663,-1.65957650255271,2.82110008881297,0.345086179827489,0.342406460770849,-2.9167754800748,8.64133110256625,1.59083888143732,-1.65957650255271,1.0371269112958,-1.06396109654334,-1.07175676581883,-958.000006301056,1,2,"normal",28
"2429",-1.3681,0.0453043017738002,0,0.684029184936425,80,0.0256652470571575,8.64133110256625,4.90786431819663,-1.65957650255271,2.82110008881297,0.345086179827489,0.342406460770849,-2.9167754800748,8.64133110256625,1.59083888143732,-1.65957650255271,1.0371269112958,-1.06396109654334,-1.07175676581883,-958.000006301056,1,2,"normal",29
"2430",15.04953,0.883426331585321,1,0.496154126606629,80,0.0256652470571575,8.64133110256625,4.90786431819663,-1.65957650255271,2.82110008881297,0.345086179827489,0.342406460770849,-2.9167754800748,8.64133110256625,1.59083888143732,-1.65957650255271,1.0371269112958,-1.06396109654334,-1.07175676581883,-958.000006301056,1,2,"normal",30
"2431",11.27374,0.6936680342872,0,0.592784121363143,80,0.0256652470571575,8.64133110256625,4.90786431819663,-1.65957650255271,2.82110008881297,0.345086179827489,0.342406460770849,-2.9167754800748,8.64133110256625,1.59083888143732,-1.65957650255271,1.0371269112958,-1.06396109654334,-1.07175676581883,-958.000006301056,1,2,"normal",31
"2432",22.73368,0.972396229913181,1,0.540249258373545,80,0.0256652470571575,8.64133110256625,4.90786431819663,-1.65957650255271,2.82110008881297,0.345086179827489,0.342406460770849,-2.9167754800748,8.64133110256625,1.59083888143732,-1.65957650255271,1.0371269112958,-1.06396109654334,-1.07175676581883,-958.000006301056,1,2,"normal",32
"2433",13.13082,0.803422100026844,1,0.614521628095634,80,0.0256652470571575,8.64133110256625,4.90786431819663,-1.65957650255271,2.82110008881297,0.345086179827489,0.342406460770849,-2.9167754800748,8.64133110256625,1.59083888143732,-1.65957650255271,1.0371269112958,-1.06396109654334,-1.07175676581883,-958.000006301056,1,2,"normal",33
"2434",12.49434,0.769226001951533,0,0.57629787817593,80,0.0256652470571575,8.64133110256625,4.90786431819663,-1.65957650255271,2.82110008881297,0.345086179827489,0.342406460770849,-2.9167754800748,8.64133110256625,1.59083888143732,-1.65957650255271,1.0371269112958,-1.06396109654334,-1.07175676581883,-958.000006301056,1,2,"normal",34
"2435",10.6387,0.649876631387297,0,0.598843498837615,80,0.0256652470571575,8.64133110256625,4.90786431819663,-1.65957650255271,2.82110008881297,0.345086179827489,0.342406460770849,-2.9167754800748,8.64133110256625,1.59083888143732,-1.65957650255271,1.0371269112958,-1.06396109654334,-1.07175676581883,-958.000006301056,1,2,"normal",35
"2436",16.34243,0.919019438317851,0,0.583018288877896,80,0.0256652470571575,8.64133110256625,4.90786431819663,-1.65957650255271,2.82110008881297,0.345086179827489,0.342406460770849,-2.9167754800748,8.64133110256625,1.59083888143732,-1.65957650255271,1.0371269112958,-1.06396109654334,-1.07175676581883,-958.000006301056,1,2,"normal",36
"2437",19.35764,0.960579423895287,1,0.62847160280705,80,0.0256652470571575,8.64133110256625,4.90786431819663,-1.65957650255271,2.82110008881297,0.345086179827489,0.342406460770849,-2.9167754800748,8.64133110256625,1.59083888143732,-1.65957650255271,1.0371269112958,-1.06396109654334,-1.07175676581883,-958.000006301056,1,2,"normal",37
"2438",12.16459,0.750054519395844,1,0.928664197985022,80,0.0256652470571575,8.64133110256625,4.90786431819663,-1.65957650255271,2.82110008881297,0.345086179827489,0.342406460770849,-2.9167754800748,8.64133110256625,1.59083888143732,-1.65957650255271,1.0371269112958,-1.06396109654334,-1.07175676581883,-958.000006301056,1,2,"normal",38
"2439",6.73288,0.356458183695988,0,0.771490825064092,80,0.0256652470571575,8.64133110256625,4.90786431819663,-1.65957650255271,2.82110008881297,0.345086179827489,0.342406460770849,-2.9167754800748,8.64133110256625,1.59083888143732,-1.65957650255271,1.0371269112958,-1.06396109654334,-1.07175676581883,-958.000006301056,1,2,"normal",39
"2440",7.58591,0.419235371573902,1,1.22458147309212,80,0.0256652470571575,8.64133110256625,4.90786431819663,-1.65957650255271,2.82110008881297,0.345086179827489,0.342406460770849,-2.9167754800748,8.64133110256625,1.59083888143732,-1.65957650255271,1.0371269112958,-1.06396109654334,-1.07175676581883,-958.000006301056,1,2,"normal",40
"2441",1.81824,0.103672981859977,0,0.500555928493408,80,0.0256652470571575,8.64133110256625,4.90786431819663,-1.65957650255271,2.82110008881297,0.345086179827489,0.342406460770849,-2.9167754800748,8.64133110256625,1.59083888143732,-1.65957650255271,1.0371269112958,-1.06396109654334,-1.07175676581883,-958.000006301056,1,2,"normal",41
"2442",16.08338,0.912941406764496,1,0.601786125258605,80,0.0256652470571575,8.64133110256625,4.90786431819663,-1.65957650255271,2.82110008881297,0.345086179827489,0.342406460770849,-2.9167754800748,8.64133110256625,1.59083888143732,-1.65957650255271,1.0371269112958,-1.06396109654334,-1.07175676581883,-958.000006301056,1,2,"normal",42
"2443",16.25319,0.916981354665838,1,0.507498992745349,80,0.0256652470571575,8.64133110256625,4.90786431819663,-1.65957650255271,2.82110008881297,0.345086179827489,0.342406460770849,-2.9167754800748,8.64133110256625,1.59083888143732,-1.65957650255271,1.0371269112958,-1.06396109654334,-1.07175676581883,-958.000006301056,1,2,"normal",43
"2444",7.88437,0.441858410359787,0,0.711907271336527,80,0.0256652470571575,8.64133110256625,4.90786431819663,-1.65957650255271,2.82110008881297,0.345086179827489,0.342406460770849,-2.9167754800748,8.64133110256625,1.59083888143732,-1.65957650255271,1.0371269112958,-1.06396109654334,-1.07175676581883,-958.000006301056,1,2,"normal",44
"2445",3.75857,0.177353776809104,1,0.571525867273978,80,0.0256652470571575,8.64133110256625,4.90786431819663,-1.65957650255271,2.82110008881297,0.345086179827489,0.342406460770849,-2.9167754800748,8.64133110256625,1.59083888143732,-1.65957650255271,1.0371269112958,-1.06396109654334,-1.07175676581883,-958.000006301056,1,2,"normal",45
"2446",16.47523,0.921946519299042,0,0.713356719431955,80,0.0256652470571575,8.64133110256625,4.90786431819663,-1.65957650255271,2.82110008881297,0.345086179827489,0.342406460770849,-2.9167754800748,8.64133110256625,1.59083888143732,-1.65957650255271,1.0371269112958,-1.06396109654334,-1.07175676581883,-958.000006301056,1,2,"normal",46
"2447",16.19082,0.915522384064654,1,0.6226686604101,80,0.0256652470571575,8.64133110256625,4.90786431819663,-1.65957650255271,2.82110008881297,0.345086179827489,0.342406460770849,-2.9167754800748,8.64133110256625,1.59083888143732,-1.65957650255271,1.0371269112958,-1.06396109654334,-1.07175676581883,-958.000006301056,1,2,"normal",47
"2448",15.10245,0.885154102741843,1,0.684542925612282,80,0.0256652470571575,8.64133110256625,4.90786431819663,-1.65957650255271,2.82110008881297,0.345086179827489,0.342406460770849,-2.9167754800748,8.64133110256625,1.59083888143732,-1.65957650255271,1.0371269112958,-1.06396109654334,-1.07175676581883,-958.000006301056,1,2,"normal",48
"2449",2.90179,0.140558212779247,0,0.555745496217382,80,0.0256652470571575,8.64133110256625,4.90786431819663,-1.65957650255271,2.82110008881297,0.345086179827489,0.342406460770849,-2.9167754800748,8.64133110256625,1.59083888143732,-1.65957650255271,1.0371269112958,-1.06396109654334,-1.07175676581883,-958.000006301056,1,2,"normal",49
"2450",10.46289,0.637308031497469,0,1.01675970887812,80,0.0256652470571575,8.64133110256625,4.90786431819663,-1.65957650255271,2.82110008881297,0.345086179827489,0.342406460770849,-2.9167754800748,8.64133110256625,1.59083888143732,-1.65957650255271,1.0371269112958,-1.06396109654334,-1.07175676581883,-958.000006301056,1,2,"normal",50
"2451",18.78938,0.955993588002561,1,0.62172797199912,80,0.0256652470571575,8.64133110256625,4.90786431819663,-1.65957650255271,2.82110008881297,0.345086179827489,0.342406460770849,-2.9167754800748,8.64133110256625,1.59083888143732,-1.65957650255271,1.0371269112958,-1.06396109654334,-1.07175676581883,-958.000006301056,1,2,"normal",51
"2452",0.436199999999999,0.070517010409251,0,0.569571414419884,80,0.0256652470571575,8.64133110256625,4.90786431819663,-1.65957650255271,2.82110008881297,0.345086179827489,0.342406460770849,-2.9167754800748,8.64133110256625,1.59083888143732,-1.65957650255271,1.0371269112958,-1.06396109654334,-1.07175676581883,-958.000006301056,1,2,"normal",52
"2453",16.93845,0.93120929867811,1,0.546902875064646,80,0.0256652470571575,8.64133110256625,4.90786431819663,-1.65957650255271,2.82110008881297,0.345086179827489,0.342406460770849,-2.9167754800748,8.64133110256625,1.59083888143732,-1.65957650255271,1.0371269112958,-1.06396109654334,-1.07175676581883,-958.000006301056,1,2,"normal",53
"2454",20.00848,0.964586075193401,1,0.66198152544151,80,0.0256652470571575,8.64133110256625,4.90786431819663,-1.65957650255271,2.82110008881297,0.345086179827489,0.342406460770849,-2.9167754800748,8.64133110256625,1.59083888143732,-1.65957650255271,1.0371269112958,-1.06396109654334,-1.07175676581883,-958.000006301056,1,2,"normal",54
"2455",-6.90689,0.0263932561147057,0,0.595717487505874,80,0.0256652470571575,8.64133110256625,4.90786431819663,-1.65957650255271,2.82110008881297,0.345086179827489,0.342406460770849,-2.9167754800748,8.64133110256625,1.59083888143732,-1.65957650255271,1.0371269112958,-1.06396109654334,-1.07175676581883,-958.000006301056,1,2,"normal",55
"2456",13.36668,0.815128060379335,1,0.850201845426854,80,0.0256652470571575,8.64133110256625,4.90786431819663,-1.65957650255271,2.82110008881297,0.345086179827489,0.342406460770849,-2.9167754800748,8.64133110256625,1.59083888143732,-1.65957650255271,1.0371269112958,-1.06396109654334,-1.07175676581883,-958.000006301056,1,2,"normal",56
"2457",13.73378,0.832294414681815,1,0.897193220599214,80,0.0256652470571575,8.64133110256625,4.90786431819663,-1.65957650255271,2.82110008881297,0.345086179827489,0.342406460770849,-2.9167754800748,8.64133110256625,1.59083888143732,-1.65957650255271,1.0371269112958,-1.06396109654334,-1.07175676581883,-958.000006301056,1,2,"normal",57
"2458",2.96014,0.142844907604669,0,0.713861489245663,80,0.0256652470571575,8.64133110256625,4.90786431819663,-1.65957650255271,2.82110008881297,0.345086179827489,0.342406460770849,-2.9167754800748,8.64133110256625,1.59083888143732,-1.65957650255271,1.0371269112958,-1.06396109654334,-1.07175676581883,-958.000006301056,1,2,"normal",58
"2459",10.30992,0.626234913624062,1,0.627772766650607,80,0.0256652470571575,8.64133110256625,4.90786431819663,-1.65957650255271,2.82110008881297,0.345086179827489,0.342406460770849,-2.9167754800748,8.64133110256625,1.59083888143732,-1.65957650255271,1.0371269112958,-1.06396109654334,-1.07175676581883,-958.000006301056,1,2,"normal",59
"2460",14.03503,0.84542386015799,1,0.520145390927345,80,0.0256652470571575,8.64133110256625,4.90786431819663,-1.65957650255271,2.82110008881297,0.345086179827489,0.342406460770849,-2.9167754800748,8.64133110256625,1.59083888143732,-1.65957650255271,1.0371269112958,-1.06396109654334,-1.07175676581883,-958.000006301056,1,2,"normal",60
"2461",18.18523,0.949754004617574,1,0.493816058458962,80,0.0256652470571575,8.64133110256625,4.90786431819663,-1.65957650255271,2.82110008881297,0.345086179827489,0.342406460770849,-2.9167754800748,8.64133110256625,1.59083888143732,-1.65957650255271,1.0371269112958,-1.06396109654334,-1.07175676581883,-958.000006301056,1,2,"normal",61
"2462",15.80126,0.905745335319762,1,0.464554686742058,80,0.0256652470571575,8.64133110256625,4.90786431819663,-1.65957650255271,2.82110008881297,0.345086179827489,0.342406460770849,-2.9167754800748,8.64133110256625,1.59083888143732,-1.65957650255271,1.0371269112958,-1.06396109654334,-1.07175676581883,-958.000006301056,1,2,"normal",62
"2463",4.00704,0.189328630256267,0,0.706523533522196,80,0.0256652470571575,8.64133110256625,4.90786431819663,-1.65957650255271,2.82110008881297,0.345086179827489,0.342406460770849,-2.9167754800748,8.64133110256625,1.59083888143732,-1.65957650255271,1.0371269112958,-1.06396109654334,-1.07175676581883,-958.000006301056,1,2,"normal",63
"2464",16.88238,0.930163526694537,1,0.546260962205929,80,0.0256652470571575,8.64133110256625,4.90786431819663,-1.65957650255271,2.82110008881297,0.345086179827489,0.342406460770849,-2.9167754800748,8.64133110256625,1.59083888143732,-1.65957650255271,1.0371269112958,-1.06396109654334,-1.07175676581883,-958.000006301056,1,2,"normal",64
"2465",12.85387,0.789005785353897,1,0.721638197861055,80,0.0256652470571575,8.64133110256625,4.90786431819663,-1.65957650255271,2.82110008881297,0.345086179827489,0.342406460770849,-2.9167754800748,8.64133110256625,1.59083888143732,-1.65957650255271,1.0371269112958,-1.06396109654334,-1.07175676581883,-958.000006301056,1,2,"normal",65
"2466",2.26978,0.117784520435072,0,0.506004909722274,80,0.0256652470571575,8.64133110256625,4.90786431819663,-1.65957650255271,2.82110008881297,0.345086179827489,0.342406460770849,-2.9167754800748,8.64133110256625,1.59083888143732,-1.65957650255271,1.0371269112958,-1.06396109654334,-1.07175676581883,-958.000006301056,1,2,"normal",66
"2467",4.55899,0.218019465804844,0,0.800386306570538,80,0.0256652470571575,8.64133110256625,4.90786431819663,-1.65957650255271,2.82110008881297,0.345086179827489,0.342406460770849,-2.9167754800748,8.64133110256625,1.59083888143732,-1.65957650255271,1.0371269112958,-1.06396109654334,-1.07175676581883,-958.000006301056,1,2,"normal",67
"2468",3.95797,0.186917174766758,0,0.690387188288166,80,0.0256652470571575,8.64133110256625,4.90786431819663,-1.65957650255271,2.82110008881297,0.345086179827489,0.342406460770849,-2.9167754800748,8.64133110256625,1.59083888143732,-1.65957650255271,1.0371269112958,-1.06396109654334,-1.07175676581883,-958.000006301056,1,2,"normal",68
"2469",1.42046,0.0926478792666353,0,0.511239471228745,80,0.0256652470571575,8.64133110256625,4.90786431819663,-1.65957650255271,2.82110008881297,0.345086179827489,0.342406460770849,-2.9167754800748,8.64133110256625,1.59083888143732,-1.65957650255271,1.0371269112958,-1.06396109654334,-1.07175676581883,-958.000006301056,1,2,"normal",69
"2470",14.28848,0.855806373412222,1,0.515803521358635,80,0.0256652470571575,8.64133110256625,4.90786431819663,-1.65957650255271,2.82110008881297,0.345086179827489,0.342406460770849,-2.9167754800748,8.64133110256625,1.59083888143732,-1.65957650255271,1.0371269112958,-1.06396109654334,-1.07175676581883,-958.000006301056,1,2,"normal",70
"2471",7.79083,0.434741363296448,1,0.672377790024871,80,0.0256652470571575,8.64133110256625,4.90786431819663,-1.65957650255271,2.82110008881297,0.345086179827489,0.342406460770849,-2.9167754800748,8.64133110256625,1.59083888143732,-1.65957650255271,1.0371269112958,-1.06396109654334,-1.07175676581883,-958.000006301056,1,2,"normal",71
"2472",3.94404,0.186236782213941,0,0.693524506635707,80,0.0256652470571575,8.64133110256625,4.90786431819663,-1.65957650255271,2.82110008881297,0.345086179827489,0.342406460770849,-2.9167754800748,8.64133110256625,1.59083888143732,-1.65957650255271,1.0371269112958,-1.06396109654334,-1.07175676581883,-958.000006301056,1,2,"normal",72
"2473",10.60525,0.647498903252621,1,0.706883649744266,80,0.0256652470571575,8.64133110256625,4.90786431819663,-1.65957650255271,2.82110008881297,0.345086179827489,0.342406460770849,-2.9167754800748,8.64133110256625,1.59083888143732,-1.65957650255271,1.0371269112958,-1.06396109654334,-1.07175676581883,-958.000006301056,1,2,"normal",73
"2474",2.17732,0.114752173576,0,0.660814319059373,80,0.0256652470571575,8.64133110256625,4.90786431819663,-1.65957650255271,2.82110008881297,0.345086179827489,0.342406460770849,-2.9167754800748,8.64133110256625,1.59083888143732,-1.65957650255271,1.0371269112958,-1.06396109654334,-1.07175676581883,-958.000006301056,1,2,"normal",74
"2475",15.88384,0.907915604695957,1,0.52672665935722,80,0.0256652470571575,8.64133110256625,4.90786431819663,-1.65957650255271,2.82110008881297,0.345086179827489,0.342406460770849,-2.9167754800748,8.64133110256625,1.59083888143732,-1.65957650255271,1.0371269112958,-1.06396109654334,-1.07175676581883,-958.000006301056,1,2,"normal",75
"2476",12.74051,0.782897929525001,1,0.813068960532007,80,0.0256652470571575,8.64133110256625,4.90786431819663,-1.65957650255271,2.82110008881297,0.345086179827489,0.342406460770849,-2.9167754800748,8.64133110256625,1.59083888143732,-1.65957650255271,1.0371269112958,-1.06396109654334,-1.07175676581883,-958.000006301056,1,2,"normal",76
"2477",14.60221,0.867829876764302,1,0.830824068800047,80,0.0256652470571575,8.64133110256625,4.90786431819663,-1.65957650255271,2.82110008881297,0.345086179827489,0.342406460770849,-2.9167754800748,8.64133110256625,1.59083888143732,-1.65957650255271,1.0371269112958,-1.06396109654334,-1.07175676581883,-958.000006301056,1,2,"normal",77
"2478",3.14291,0.150213091992145,0,0.570633299093168,80,0.0256652470571575,8.64133110256625,4.90786431819663,-1.65957650255271,2.82110008881297,0.345086179827489,0.342406460770849,-2.9167754800748,8.64133110256625,1.59083888143732,-1.65957650255271,1.0371269112958,-1.06396109654334,-1.07175676581883,-958.000006301056,1,2,"normal",78
"2479",11.33545,0.697775200769943,1,0.714750819049039,80,0.0256652470571575,8.64133110256625,4.90786431819663,-1.65957650255271,2.82110008881297,0.345086179827489,0.342406460770849,-2.9167754800748,8.64133110256625,1.59083888143732,-1.65957650255271,1.0371269112958,-1.06396109654334,-1.07175676581883,-958.000006301056,1,2,"normal",79
"2480",14.47409,0.863029464955152,1,0.690558410901446,80,0.0256652470571575,8.64133110256625,4.90786431819663,-1.65957650255271,2.82110008881297,0.345086179827489,0.342406460770849,-2.9167754800748,8.64133110256625,1.59083888143732,-1.65957650255271,1.0371269112958,-1.06396109654334,-1.07175676581883,-958.000006301056,1,2,"normal",80
"2481",-7.6486132069,0.336313932911418,0,0.333777539260717,80,0.0119830575661805,15.6320048246955,53.693242471929,-2.52533230987254,2.62204054340124,0.61367895509008,0.248615096989694,-3.70685634067638,15.6320048246955,3.98328715508493,-2.52533230987254,0.963952847998941,-0.48828336202763,-1.39184937371362,351.525480563791,2,2,"normal",1
"2482",8.33745765628,0.447262521814112,0,0.327676018295523,80,0.0119830575661805,15.6320048246955,53.693242471929,-2.52533230987254,2.62204054340124,0.61367895509008,0.248615096989694,-3.70685634067638,15.6320048246955,3.98328715508493,-2.52533230987254,0.963952847998941,-0.48828336202763,-1.39184937371362,351.525480563791,2,2,"normal",2
"2483",15.3383204337,0.497870223507445,1,0.378807932327244,80,0.0119830575661805,15.6320048246955,53.693242471929,-2.52533230987254,2.62204054340124,0.61367895509008,0.248615096989694,-3.70685634067638,15.6320048246955,3.98328715508493,-2.52533230987254,0.963952847998941,-0.48828336202763,-1.39184937371362,351.525480563791,2,2,"normal",3
"2484",8.376133424,0.447540434027374,1,0.521433025180445,80,0.0119830575661805,15.6320048246955,53.693242471929,-2.52533230987254,2.62204054340124,0.61367895509008,0.248615096989694,-3.70685634067638,15.6320048246955,3.98328715508493,-2.52533230987254,0.963952847998941,-0.48828336202763,-1.39184937371362,351.525480563791,2,2,"normal",4
"2485",-0.9171,0.381859952239109,0,0.49294389541223,80,0.0119830575661805,15.6320048246955,53.693242471929,-2.52533230987254,2.62204054340124,0.61367895509008,0.248615096989694,-3.70685634067638,15.6320048246955,3.98328715508493,-2.52533230987254,0.963952847998941,-0.48828336202763,-1.39184937371362,351.525480563791,2,2,"normal",5
"2486",4.09164,0.416949661313666,1,0.599840374385327,80,0.0119830575661805,15.6320048246955,53.693242471929,-2.52533230987254,2.62204054340124,0.61367895509008,0.248615096989694,-3.70685634067638,15.6320048246955,3.98328715508493,-2.52533230987254,0.963952847998941,-0.48828336202763,-1.39184937371362,351.525480563791,2,2,"normal",6
"2487",27.0024,0.581845462265738,1,0.362737335429087,80,0.0119830575661805,15.6320048246955,53.693242471929,-2.52533230987254,2.62204054340124,0.61367895509008,0.248615096989694,-3.70685634067638,15.6320048246955,3.98328715508493,-2.52533230987254,0.963952847998941,-0.48828336202763,-1.39184937371362,351.525480563791,2,2,"normal",7
"2488",-4.531943,0.35713746948481,1,0.797007739431451,80,0.0119830575661805,15.6320048246955,53.693242471929,-2.52533230987254,2.62204054340124,0.61367895509008,0.248615096989694,-3.70685634067638,15.6320048246955,3.98328715508493,-2.52533230987254,0.963952847998941,-0.48828336202763,-1.39184937371362,351.525480563791,2,2,"normal",8
"2489",25.72536,0.572767778127736,1,0.489294714915419,80,0.0119830575661805,15.6320048246955,53.693242471929,-2.52533230987254,2.62204054340124,0.61367895509008,0.248615096989694,-3.70685634067638,15.6320048246955,3.98328715508493,-2.52533230987254,0.963952847998941,-0.48828336202763,-1.39184937371362,351.525480563791,2,2,"normal",9
"2490",13.42197,0.483977442745965,1,0.45431486399984,80,0.0119830575661805,15.6320048246955,53.693242471929,-2.52533230987254,2.62204054340124,0.61367895509008,0.248615096989694,-3.70685634067638,15.6320048246955,3.98328715508493,-2.52533230987254,0.963952847998941,-0.48828336202763,-1.39184937371362,351.525480563791,2,2,"normal",10
"2491",-18.45965,0.268422094950535,1,0.386074427669263,80,0.0119830575661805,15.6320048246955,53.693242471929,-2.52533230987254,2.62204054340124,0.61367895509008,0.248615096989694,-3.70685634067638,15.6320048246955,3.98328715508493,-2.52533230987254,0.963952847998941,-0.48828336202763,-1.39184937371362,351.525480563791,2,2,"normal",11
"2492",-7.80158780927,0.335304719670203,0,0.343763707719527,80,0.0119830575661805,15.6320048246955,53.693242471929,-2.52533230987254,2.62204054340124,0.61367895509008,0.248615096989694,-3.70685634067638,15.6320048246955,3.98328715508493,-2.52533230987254,0.963952847998941,-0.48828336202763,-1.39184937371362,351.525480563791,2,2,"normal",12
"2493",-0.2333,0.386597973177649,1,0.383303108435567,80,0.0119830575661805,15.6320048246955,53.693242471929,-2.52533230987254,2.62204054340124,0.61367895509008,0.248615096989694,-3.70685634067638,15.6320048246955,3.98328715508493,-2.52533230987254,0.963952847998941,-0.48828336202763,-1.39184937371362,351.525480563791,2,2,"normal",13
"2494",-8.3811790984,0.331492437940973,0,0.388866268998924,80,0.0119830575661805,15.6320048246955,53.693242471929,-2.52533230987254,2.62204054340124,0.61367895509008,0.248615096989694,-3.70685634067638,15.6320048246955,3.98328715508493,-2.52533230987254,0.963952847998941,-0.48828336202763,-1.39184937371362,351.525480563791,2,2,"normal",14
"2495",-25.67343,0.227551766425844,0,0.299400102745881,80,0.0119830575661805,15.6320048246955,53.693242471929,-2.52533230987254,2.62204054340124,0.61367895509008,0.248615096989694,-3.70685634067638,15.6320048246955,3.98328715508493,-2.52533230987254,0.963952847998941,-0.48828336202763,-1.39184937371362,351.525480563791,2,2,"normal",15
"2496",-4.4754671704,0.357519219747332,1,0.497291037073922,80,0.0119830575661805,15.6320048246955,53.693242471929,-2.52533230987254,2.62204054340124,0.61367895509008,0.248615096989694,-3.70685634067638,15.6320048246955,3.98328715508493,-2.52533230987254,0.963952847998941,-0.48828336202763,-1.39184937371362,351.525480563791,2,2,"normal",16
"2497",-12.40353,0.30555988551125,0,0.359061910999786,80,0.0119830575661805,15.6320048246955,53.693242471929,-2.52533230987254,2.62204054340124,0.61367895509008,0.248615096989694,-3.70685634067638,15.6320048246955,3.98328715508493,-2.52533230987254,0.963952847998941,-0.48828336202763,-1.39184937371362,351.525480563791,2,2,"normal",17
"2498",30.6269,0.607345248465269,1,0.501914327719986,80,0.0119830575661805,15.6320048246955,53.693242471929,-2.52533230987254,2.62204054340124,0.61367895509008,0.248615096989694,-3.70685634067638,15.6320048246955,3.98328715508493,-2.52533230987254,0.963952847998941,-0.48828336202763,-1.39184937371362,351.525480563791,2,2,"normal",18
"2499",27.69903,0.586778460176047,1,0.584962218507942,80,0.0119830575661805,15.6320048246955,53.693242471929,-2.52533230987254,2.62204054340124,0.61367895509008,0.248615096989694,-3.70685634067638,15.6320048246955,3.98328715508493,-2.52533230987254,0.963952847998941,-0.48828336202763,-1.39184937371362,351.525480563791,2,2,"normal",19
"2500",-25.71111,0.227348558250324,0,0.359055697812987,80,0.0119830575661805,15.6320048246955,53.693242471929,-2.52533230987254,2.62204054340124,0.61367895509008,0.248615096989694,-3.70685634067638,15.6320048246955,3.98328715508493,-2.52533230987254,0.963952847998941,-0.48828336202763,-1.39184937371362,351.525480563791,2,2,"normal",20
"2501",-13.41366,0.299199634795405,0,0.404504183834096,80,0.0119830575661805,15.6320048246955,53.693242471929,-2.52533230987254,2.62204054340124,0.61367895509008,0.248615096989694,-3.70685634067638,15.6320048246955,3.98328715508493,-2.52533230987254,0.963952847998941,-0.48828336202763,-1.39184937371362,351.525480563791,2,2,"normal",21
"2502",-20.29522,0.2576600119181,0,0.354868461761717,80,0.0119830575661805,15.6320048246955,53.693242471929,-2.52533230987254,2.62204054340124,0.61367895509008,0.248615096989694,-3.70685634067638,15.6320048246955,3.98328715508493,-2.52533230987254,0.963952847998941,-0.48828336202763,-1.39184937371362,351.525480563791,2,2,"normal",22
"2503",10.37238,0.461918329517701,0,0.671863007539284,80,0.0119830575661805,15.6320048246955,53.693242471929,-2.52533230987254,2.62204054340124,0.61367895509008,0.248615096989694,-3.70685634067638,15.6320048246955,3.98328715508493,-2.52533230987254,0.963952847998941,-0.48828336202763,-1.39184937371362,351.525480563791,2,2,"normal",23
"2504",19.72061,0.529621766967573,0,0.36160611588592,80,0.0119830575661805,15.6320048246955,53.693242471929,-2.52533230987254,2.62204054340124,0.61367895509008,0.248615096989694,-3.70685634067638,15.6320048246955,3.98328715508493,-2.52533230987254,0.963952847998941,-0.48828336202763,-1.39184937371362,351.525480563791,2,2,"normal",24
"2505",33.41677,0.62665433927343,1,0.426612052230502,80,0.0119830575661805,15.6320048246955,53.693242471929,-2.52533230987254,2.62204054340124,0.61367895509008,0.248615096989694,-3.70685634067638,15.6320048246955,3.98328715508493,-2.52533230987254,0.963952847998941,-0.48828336202763,-1.39184937371362,351.525480563791,2,2,"normal",25
"2506",48.73628,0.725690663123905,1,0.986461230711422,80,0.0119830575661805,15.6320048246955,53.693242471929,-2.52533230987254,2.62204054340124,0.61367895509008,0.248615096989694,-3.70685634067638,15.6320048246955,3.98328715508493,-2.52533230987254,0.963952847998941,-0.48828336202763,-1.39184937371362,351.525480563791,2,2,"normal",26
"2507",13.43137,0.484045553683752,1,0.328479068623749,80,0.0119830575661805,15.6320048246955,53.693242471929,-2.52533230987254,2.62204054340124,0.61367895509008,0.248615096989694,-3.70685634067638,15.6320048246955,3.98328715508493,-2.52533230987254,0.963952847998941,-0.48828336202763,-1.39184937371362,351.525480563791,2,2,"normal",27
"2508",11.61681,0.47090908812163,1,0.354270096001204,80,0.0119830575661805,15.6320048246955,53.693242471929,-2.52533230987254,2.62204054340124,0.61367895509008,0.248615096989694,-3.70685634067638,15.6320048246955,3.98328715508493,-2.52533230987254,0.963952847998941,-0.48828336202763,-1.39184937371362,351.525480563791,2,2,"normal",28
"2509",-3.59689,0.363477132442965,1,0.30618035637694,80,0.0119830575661805,15.6320048246955,53.693242471929,-2.52533230987254,2.62204054340124,0.61367895509008,0.248615096989694,-3.70685634067638,15.6320048246955,3.98328715508493,-2.52533230987254,0.963952847998941,-0.48828336202763,-1.39184937371362,351.525480563791,2,2,"normal",29
"2510",21.12167,0.539741575522451,1,0.453265599975762,80,0.0119830575661805,15.6320048246955,53.693242471929,-2.52533230987254,2.62204054340124,0.61367895509008,0.248615096989694,-3.70685634067638,15.6320048246955,3.98328715508493,-2.52533230987254,0.963952847998941,-0.48828336202763,-1.39184937371362,351.525480563791,2,2,"normal",30
"2511",25.2905,0.569667095535,1,0.369795738119864,80,0.0119830575661805,15.6320048246955,53.693242471929,-2.52533230987254,2.62204054340124,0.61367895509008,0.248615096989694,-3.70685634067638,15.6320048246955,3.98328715508493,-2.52533230987254,0.963952847998941,-0.48828336202763,-1.39184937371362,351.525480563791,2,2,"normal",31
"2512",8.6743,0.449683865253268,1,0.282746683651617,80,0.0119830575661805,15.6320048246955,53.693242471929,-2.52533230987254,2.62204054340124,0.61367895509008,0.248615096989694,-3.70685634067638,15.6320048246955,3.98328715508493,-2.52533230987254,0.963952847998941,-0.48828336202763,-1.39184937371362,351.525480563791,2,2,"normal",32
"2513",5.62141,0.427821970621499,0,0.375559904918801,80,0.0119830575661805,15.6320048246955,53.693242471929,-2.52533230987254,2.62204054340124,0.61367895509008,0.248615096989694,-3.70685634067638,15.6320048246955,3.98328715508493,-2.52533230987254,0.963952847998941,-0.48828336202763,-1.39184937371362,351.525480563791,2,2,"normal",33
"2514",-13.341832,0.299649789366522,1,0.664777424137345,80,0.0119830575661805,15.6320048246955,53.693242471929,-2.52533230987254,2.62204054340124,0.61367895509008,0.248615096989694,-3.70685634067638,15.6320048246955,3.98328715508493,-2.52533230987254,0.963952847998941,-0.48828336202763,-1.39184937371362,351.525480563791,2,2,"normal",34
"2515",-32.7087,0.191550793270818,1,0.506567045324967,80,0.0119830575661805,15.6320048246955,53.693242471929,-2.52533230987254,2.62204054340124,0.61367895509008,0.248615096989694,-3.70685634067638,15.6320048246955,3.98328715508493,-2.52533230987254,0.963952847998941,-0.48828336202763,-1.39184937371362,351.525480563791,2,2,"normal",35
"2516",35.34739,0.639826329501675,1,0.399354834654197,80,0.0119830575661805,15.6320048246955,53.693242471929,-2.52533230987254,2.62204054340124,0.61367895509008,0.248615096989694,-3.70685634067638,15.6320048246955,3.98328715508493,-2.52533230987254,0.963952847998941,-0.48828336202763,-1.39184937371362,351.525480563791,2,2,"normal",36
"2517",2.00625,0.40223700743465,0,0.33090785739533,80,0.0119830575661805,15.6320048246955,53.693242471929,-2.52533230987254,2.62204054340124,0.61367895509008,0.248615096989694,-3.70685634067638,15.6320048246955,3.98328715508493,-2.52533230987254,0.963952847998941,-0.48828336202763,-1.39184937371362,351.525480563791,2,2,"normal",37
"2518",-5.96898178342,0.347475467849991,1,0.42809572070996,80,0.0119830575661805,15.6320048246955,53.693242471929,-2.52533230987254,2.62204054340124,0.61367895509008,0.248615096989694,-3.70685634067638,15.6320048246955,3.98328715508493,-2.52533230987254,0.963952847998941,-0.48828336202763,-1.39184937371362,351.525480563791,2,2,"normal",38
"2519",11.82824,0.472438309830385,0,0.51238071698128,80,0.0119830575661805,15.6320048246955,53.693242471929,-2.52533230987254,2.62204054340124,0.61367895509008,0.248615096989694,-3.70685634067638,15.6320048246955,3.98328715508493,-2.52533230987254,0.963952847998941,-0.48828336202763,-1.39184937371362,351.525480563791,2,2,"normal",39
"2520",-6.1610641387,0.346191705893143,0,0.529090837666625,80,0.0119830575661805,15.6320048246955,53.693242471929,-2.52533230987254,2.62204054340124,0.61367895509008,0.248615096989694,-3.70685634067638,15.6320048246955,3.98328715508493,-2.52533230987254,0.963952847998941,-0.48828336202763,-1.39184937371362,351.525480563791,2,2,"normal",40
"2521",-1.71604,0.376347692593543,1,0.349965240720163,80,0.0119830575661805,15.6320048246955,53.693242471929,-2.52533230987254,2.62204054340124,0.61367895509008,0.248615096989694,-3.70685634067638,15.6320048246955,3.98328715508493,-2.52533230987254,0.963952847998941,-0.48828336202763,-1.39184937371362,351.525480563791,2,2,"normal",41
"2522",35.85282,0.643246774942678,1,0.381896195213155,80,0.0119830575661805,15.6320048246955,53.693242471929,-2.52533230987254,2.62204054340124,0.61367895509008,0.248615096989694,-3.70685634067638,15.6320048246955,3.98328715508493,-2.52533230987254,0.963952847998941,-0.48828336202763,-1.39184937371362,351.525480563791,2,2,"normal",42
"2523",-20.139756,0.258562172415282,0,0.680142506266304,80,0.0119830575661805,15.6320048246955,53.693242471929,-2.52533230987254,2.62204054340124,0.61367895509008,0.248615096989694,-3.70685634067638,15.6320048246955,3.98328715508493,-2.52533230987254,0.963952847998941,-0.48828336202763,-1.39184937371362,351.525480563791,2,2,"normal",43
"2524",19.86287,0.530650338977402,1,0.342031336514248,80,0.0119830575661805,15.6320048246955,53.693242471929,-2.52533230987254,2.62204054340124,0.61367895509008,0.248615096989694,-3.70685634067638,15.6320048246955,3.98328715508493,-2.52533230987254,0.963952847998941,-0.48828336202763,-1.39184937371362,351.525480563791,2,2,"normal",44
"2525",0.22308,0.389770193463935,0,0.527941082425511,80,0.0119830575661805,15.6320048246955,53.693242471929,-2.52533230987254,2.62204054340124,0.61367895509008,0.248615096989694,-3.70685634067638,15.6320048246955,3.98328715508493,-2.52533230987254,0.963952847998941,-0.48828336202763,-1.39184937371362,351.525480563791,2,2,"normal",45
"2526",-33.4973549,0.187762471071159,1,0.467468549895642,80,0.0119830575661805,15.6320048246955,53.693242471929,-2.52533230987254,2.62204054340124,0.61367895509008,0.248615096989694,-3.70685634067638,15.6320048246955,3.98328715508493,-2.52533230987254,0.963952847998941,-0.48828336202763,-1.39184937371362,351.525480563791,2,2,"normal",46
"2527",-3.77147965256,0.362290352162212,1,0.562819049119674,80,0.0119830575661805,15.6320048246955,53.693242471929,-2.52533230987254,2.62204054340124,0.61367895509008,0.248615096989694,-3.70685634067638,15.6320048246955,3.98328715508493,-2.52533230987254,0.963952847998941,-0.48828336202763,-1.39184937371362,351.525480563791,2,2,"normal",47
"2528",-35.86127,0.176710780909353,0,0.327531713251379,80,0.0119830575661805,15.6320048246955,53.693242471929,-2.52533230987254,2.62204054340124,0.61367895509008,0.248615096989694,-3.70685634067638,15.6320048246955,3.98328715508493,-2.52533230987254,0.963952847998941,-0.48828336202763,-1.39184937371362,351.525480563791,2,2,"normal",48
"2529",19.52575,0.52821254965635,0,0.363182378725965,80,0.0119830575661805,15.6320048246955,53.693242471929,-2.52533230987254,2.62204054340124,0.61367895509008,0.248615096989694,-3.70685634067638,15.6320048246955,3.98328715508493,-2.52533230987254,0.963952847998941,-0.48828336202763,-1.39184937371362,351.525480563791,2,2,"normal",49
"2530",-6.190730975,0.345993596468466,0,0.374402229734373,80,0.0119830575661805,15.6320048246955,53.693242471929,-2.52533230987254,2.62204054340124,0.61367895509008,0.248615096989694,-3.70685634067638,15.6320048246955,3.98328715508493,-2.52533230987254,0.963952847998941,-0.48828336202763,-1.39184937371362,351.525480563791,2,2,"normal",50
"2531",-41.05555,0.154032426717322,0,0.496395489934124,80,0.0119830575661805,15.6320048246955,53.693242471929,-2.52533230987254,2.62204054340124,0.61367895509008,0.248615096989694,-3.70685634067638,15.6320048246955,3.98328715508493,-2.52533230987254,0.963952847998941,-0.48828336202763,-1.39184937371362,351.525480563791,2,2,"normal",51
"2532",26.2045,0.576178720766757,1,0.418855412830411,80,0.0119830575661805,15.6320048246955,53.693242471929,-2.52533230987254,2.62204054340124,0.61367895509008,0.248615096989694,-3.70685634067638,15.6320048246955,3.98328715508493,-2.52533230987254,0.963952847998941,-0.48828336202763,-1.39184937371362,351.525480563791,2,2,"normal",52
"2533",-3.6992391993,0.362781241178593,0,0.319112268843437,80,0.0119830575661805,15.6320048246955,53.693242471929,-2.52533230987254,2.62204054340124,0.61367895509008,0.248615096989694,-3.70685634067638,15.6320048246955,3.98328715508493,-2.52533230987254,0.963952847998941,-0.48828336202763,-1.39184937371362,351.525480563791,2,2,"normal",53
"2534",21.94903,0.545705343157698,1,0.576350988618529,80,0.0119830575661805,15.6320048246955,53.693242471929,-2.52533230987254,2.62204054340124,0.61367895509008,0.248615096989694,-3.70685634067638,15.6320048246955,3.98328715508493,-2.52533230987254,0.963952847998941,-0.48828336202763,-1.39184937371362,351.525480563791,2,2,"normal",54
"2535",-24.295872,0.235055932006,1,0.305269189522061,80,0.0119830575661805,15.6320048246955,53.693242471929,-2.52533230987254,2.62204054340124,0.61367895509008,0.248615096989694,-3.70685634067638,15.6320048246955,3.98328715508493,-2.52533230987254,0.963952847998941,-0.48828336202763,-1.39184937371362,351.525480563791,2,2,"normal",55
"2536",-26.346,0.223941137049947,0,0.514689525192425,80,0.0119830575661805,15.6320048246955,53.693242471929,-2.52533230987254,2.62204054340124,0.61367895509008,0.248615096989694,-3.70685634067638,15.6320048246955,3.98328715508493,-2.52533230987254,0.963952847998941,-0.48828336202763,-1.39184937371362,351.525480563791,2,2,"normal",56
"2537",-8.11987,0.333208956042711,0,0.547535512982655,80,0.0119830575661805,15.6320048246955,53.693242471929,-2.52533230987254,2.62204054340124,0.61367895509008,0.248615096989694,-3.70685634067638,15.6320048246955,3.98328715508493,-2.52533230987254,0.963952847998941,-0.48828336202763,-1.39184937371362,351.525480563791,2,2,"normal",57
"2538",-45.021463,0.138200049317201,0,0.313507092697674,80,0.0119830575661805,15.6320048246955,53.693242471929,-2.52533230987254,2.62204054340124,0.61367895509008,0.248615096989694,-3.70685634067638,15.6320048246955,3.98328715508493,-2.52533230987254,0.963952847998941,-0.48828336202763,-1.39184937371362,351.525480563791,2,2,"normal",58
"2539",-37.657505,0.168618470141662,0,0.346892121051003,80,0.0119830575661805,15.6320048246955,53.693242471929,-2.52533230987254,2.62204054340124,0.61367895509008,0.248615096989694,-3.70685634067638,15.6320048246955,3.98328715508493,-2.52533230987254,0.963952847998941,-0.48828336202763,-1.39184937371362,351.525480563791,2,2,"normal",59
"2540",-34.592,0.18258815552149,0,0.330685822962857,80,0.0119830575661805,15.6320048246955,53.693242471929,-2.52533230987254,2.62204054340124,0.61367895509008,0.248615096989694,-3.70685634067638,15.6320048246955,3.98328715508493,-2.52533230987254,0.963952847998941,-0.48828336202763,-1.39184937371362,351.525480563791,2,2,"normal",60
"2541",-2.01080117311,0.374320615925426,1,0.366635925168649,80,0.0119830575661805,15.6320048246955,53.693242471929,-2.52533230987254,2.62204054340124,0.61367895509008,0.248615096989694,-3.70685634067638,15.6320048246955,3.98328715508493,-2.52533230987254,0.963952847998941,-0.48828336202763,-1.39184937371362,351.525480563791,2,2,"normal",61
"2542",-44.17261,0.14148145468481,0,0.571679229350565,80,0.0119830575661805,15.6320048246955,53.693242471929,-2.52533230987254,2.62204054340124,0.61367895509008,0.248615096989694,-3.70685634067638,15.6320048246955,3.98328715508493,-2.52533230987254,0.963952847998941,-0.48828336202763,-1.39184937371362,351.525480563791,2,2,"normal",62
"2543",-25.95468,0.226037635713367,1,0.440922931038739,80,0.0119830575661805,15.6320048246955,53.693242471929,-2.52533230987254,2.62204054340124,0.61367895509008,0.248615096989694,-3.70685634067638,15.6320048246955,3.98328715508493,-2.52533230987254,0.963952847998941,-0.48828336202763,-1.39184937371362,351.525480563791,2,2,"normal",63
"2544",-19.24192,0.263806278178128,0,0.418930744148493,80,0.0119830575661805,15.6320048246955,53.693242471929,-2.52533230987254,2.62204054340124,0.61367895509008,0.248615096989694,-3.70685634067638,15.6320048246955,3.98328715508493,-2.52533230987254,0.963952847998941,-0.48828336202763,-1.39184937371362,351.525480563791,2,2,"normal",64
"2545",43.12774,0.691015438649853,0,0.355906228857386,80,0.0119830575661805,15.6320048246955,53.693242471929,-2.52533230987254,2.62204054340124,0.61367895509008,0.248615096989694,-3.70685634067638,15.6320048246955,3.98328715508493,-2.52533230987254,0.963952847998941,-0.48828336202763,-1.39184937371362,351.525480563791,2,2,"normal",65
"2546",-24.43948,0.234266849321181,1,0.383326128049068,80,0.0119830575661805,15.6320048246955,53.693242471929,-2.52533230987254,2.62204054340124,0.61367895509008,0.248615096989694,-3.70685634067638,15.6320048246955,3.98328715508493,-2.52533230987254,0.963952847998941,-0.48828336202763,-1.39184937371362,351.525480563791,2,2,"normal",66
"2547",-27.1268,0.21979363452977,0,0.329922094119647,80,0.0119830575661805,15.6320048246955,53.693242471929,-2.52533230987254,2.62204054340124,0.61367895509008,0.248615096989694,-3.70685634067638,15.6320048246955,3.98328715508493,-2.52533230987254,0.963952847998941,-0.48828336202763,-1.39184937371362,351.525480563791,2,2,"normal",67
"2548",-3.16221109072,0.366437863508527,0,0.403427835618896,80,0.0119830575661805,15.6320048246955,53.693242471929,-2.52533230987254,2.62204054340124,0.61367895509008,0.248615096989694,-3.70685634067638,15.6320048246955,3.98328715508493,-2.52533230987254,0.963952847998941,-0.48828336202763,-1.39184937371362,351.525480563791,2,2,"normal",68
"2549",-1.64243407118,0.376854445234651,0,0.407710715618475,80,0.0119830575661805,15.6320048246955,53.693242471929,-2.52533230987254,2.62204054340124,0.61367895509008,0.248615096989694,-3.70685634067638,15.6320048246955,3.98328715508493,-2.52533230987254,0.963952847998941,-0.48828336202763,-1.39184937371362,351.525480563791,2,2,"normal",69
"2550",34.81123,0.636184982956559,0,0.637126675696967,80,0.0119830575661805,15.6320048246955,53.693242471929,-2.52533230987254,2.62204054340124,0.61367895509008,0.248615096989694,-3.70685634067638,15.6320048246955,3.98328715508493,-2.52533230987254,0.963952847998941,-0.48828336202763,-1.39184937371362,351.525480563791,2,2,"normal",70
"2551",-0.0621532079,0.387786664373639,0,0.463816973462864,80,0.0119830575661805,15.6320048246955,53.693242471929,-2.52533230987254,2.62204054340124,0.61367895509008,0.248615096989694,-3.70685634067638,15.6320048246955,3.98328715508493,-2.52533230987254,0.963952847998941,-0.48828336202763,-1.39184937371362,351.525480563791,2,2,"normal",71
"2552",21.95014,0.545713337304468,1,0.276571603794151,80,0.0119830575661805,15.6320048246955,53.693242471929,-2.52533230987254,2.62204054340124,0.61367895509008,0.248615096989694,-3.70685634067638,15.6320048246955,3.98328715508493,-2.52533230987254,0.963952847998941,-0.48828336202763,-1.39184937371362,351.525480563791,2,2,"normal",72
"2553",22.474156,0.549485035356443,1,0.304857889998375,80,0.0119830575661805,15.6320048246955,53.693242471929,-2.52533230987254,2.62204054340124,0.61367895509008,0.248615096989694,-3.70685634067638,15.6320048246955,3.98328715508493,-2.52533230987254,0.963952847998941,-0.48828336202763,-1.39184937371362,351.525480563791,2,2,"normal",73
"2554",-26.8973,0.221007766294028,0,0.432268213512308,80,0.0119830575661805,15.6320048246955,53.693242471929,-2.52533230987254,2.62204054340124,0.61367895509008,0.248615096989694,-3.70685634067638,15.6320048246955,3.98328715508493,-2.52533230987254,0.963952847998941,-0.48828336202763,-1.39184937371362,351.525480563791,2,2,"normal",74
"2555",-6.452,0.344250818777461,1,0.558482857423678,80,0.0119830575661805,15.6320048246955,53.693242471929,-2.52533230987254,2.62204054340124,0.61367895509008,0.248615096989694,-3.70685634067638,15.6320048246955,3.98328715508493,-2.52533230987254,0.963952847998941,-0.48828336202763,-1.39184937371362,351.525480563791,2,2,"normal",75
"2556",14.65726,0.492931578917159,0,0.681416500738272,80,0.0119830575661805,15.6320048246955,53.693242471929,-2.52533230987254,2.62204054340124,0.61367895509008,0.248615096989694,-3.70685634067638,15.6320048246955,3.98328715508493,-2.52533230987254,0.963952847998941,-0.48828336202763,-1.39184937371362,351.525480563791,2,2,"normal",76
"2557",31.50297,0.613441321438609,1,0.299863128767143,80,0.0119830575661805,15.6320048246955,53.693242471929,-2.52533230987254,2.62204054340124,0.61367895509008,0.248615096989694,-3.70685634067638,15.6320048246955,3.98328715508493,-2.52533230987254,0.963952847998941,-0.48828336202763,-1.39184937371362,351.525480563791,2,2,"normal",77
"2558",19.23584,0.526115254832337,0,0.34478341870664,80,0.0119830575661805,15.6320048246955,53.693242471929,-2.52533230987254,2.62204054340124,0.61367895509008,0.248615096989694,-3.70685634067638,15.6320048246955,3.98328715508493,-2.52533230987254,0.963952847998941,-0.48828336202763,-1.39184937371362,351.525480563791,2,2,"normal",78
"2559",23.06147,0.553706743811732,0,0.29780843461181,80,0.0119830575661805,15.6320048246955,53.693242471929,-2.52533230987254,2.62204054340124,0.61367895509008,0.248615096989694,-3.70685634067638,15.6320048246955,3.98328715508493,-2.52533230987254,0.963952847998941,-0.48828336202763,-1.39184937371362,351.525480563791,2,2,"normal",79
"2560",0.5756017638,0.392225826975313,1,0.424398723838014,80,0.0119830575661805,15.6320048246955,53.693242471929,-2.52533230987254,2.62204054340124,0.61367895509008,0.248615096989694,-3.70685634067638,15.6320048246955,3.98328715508493,-2.52533230987254,0.963952847998941,-0.48828336202763,-1.39184937371362,351.525480563791,2,2,"normal",80
"2561",9.90992090013,0.887832993136725,1,0.674642773010702,80,0.0252351905053034,-5.98453132975362,11.9394468678018,-2.15637786292499,1.82024956616813,0.358692484097528,0.590984119332772,-2.93458007449457,-5.98453132975362,2.47984778091162,-2.15637786292499,0.598973615956235,-1.02528984783452,-0.525966132778399,1109.02080190182,3,2,"normal",1
"2562",-6.22494060999,0.492372955913145,1,0.849806080188858,80,0.0252351905053034,-5.98453132975362,11.9394468678018,-2.15637786292499,1.82024956616813,0.358692484097528,0.590984119332772,-2.93458007449457,-5.98453132975362,2.47984778091162,-2.15637786292499,0.598973615956235,-1.02528984783452,-0.525966132778399,1109.02080190182,3,2,"normal",2
"2563",-12.4084782127,0.30560599266562,0,0.748676745041833,80,0.0252351905053034,-5.98453132975362,11.9394468678018,-2.15637786292499,1.82024956616813,0.358692484097528,0.590984119332772,-2.93458007449457,-5.98453132975362,2.47984778091162,-2.15637786292499,0.598973615956235,-1.02528984783452,-0.525966132778399,1109.02080190182,3,2,"normal",3
"2564",-7.9749230564,0.437141349084224,1,0.749096865978266,80,0.0252351905053034,-5.98453132975362,11.9394468678018,-2.15637786292499,1.82024956616813,0.358692484097528,0.590984119332772,-2.93458007449457,-5.98453132975362,2.47984778091162,-2.15637786292499,0.598973615956235,-1.02528984783452,-0.525966132778399,1109.02080190182,3,2,"normal",4
"2565",4.27385,0.789497439039767,1,0.752630017373741,80,0.0252351905053034,-5.98453132975362,11.9394468678018,-2.15637786292499,1.82024956616813,0.358692484097528,0.590984119332772,-2.93458007449457,-5.98453132975362,2.47984778091162,-2.15637786292499,0.598973615956235,-1.02528984783452,-0.525966132778399,1109.02080190182,3,2,"normal",5
"2566",-0.86772,0.657507545389731,1,0.761700150132808,80,0.0252351905053034,-5.98453132975362,11.9394468678018,-2.15637786292499,1.82024956616813,0.358692484097528,0.590984119332772,-2.93458007449457,-5.98453132975362,2.47984778091162,-2.15637786292499,0.598973615956235,-1.02528984783452,-0.525966132778399,1109.02080190182,3,2,"normal",6
"2567",-44.96563,0.025755071142594,0,0.735458823444927,80,0.0252351905053034,-5.98453132975362,11.9394468678018,-2.15637786292499,1.82024956616813,0.358692484097528,0.590984119332772,-2.93458007449457,-5.98453132975362,2.47984778091162,-2.15637786292499,0.598973615956235,-1.02528984783452,-0.525966132778399,1109.02080190182,3,2,"normal",7
"2568",-10.36453,0.364089136285337,0,0.859099072244579,80,0.0252351905053034,-5.98453132975362,11.9394468678018,-2.15637786292499,1.82024956616813,0.358692484097528,0.590984119332772,-2.93458007449457,-5.98453132975362,2.47984778091162,-2.15637786292499,0.598973615956235,-1.02528984783452,-0.525966132778399,1109.02080190182,3,2,"normal",8
"2569",-12.85446,0.293487966210104,1,0.888136718681226,80,0.0252351905053034,-5.98453132975362,11.9394468678018,-2.15637786292499,1.82024956616813,0.358692484097528,0.590984119332772,-2.93458007449457,-5.98453132975362,2.47984778091162,-2.15637786292499,0.598973615956235,-1.02528984783452,-0.525966132778399,1109.02080190182,3,2,"normal",9
"2570",-18.19264,0.170771186581815,1,0.831589721439603,80,0.0252351905053034,-5.98453132975362,11.9394468678018,-2.15637786292499,1.82024956616813,0.358692484097528,0.590984119332772,-2.93458007449457,-5.98453132975362,2.47984778091162,-2.15637786292499,0.598973615956235,-1.02528984783452,-0.525966132778399,1109.02080190182,3,2,"normal",10
"2571",-47.1649,0.0255022240815397,0,0.694176946110141,80,0.0252351905053034,-5.98453132975362,11.9394468678018,-2.15637786292499,1.82024956616813,0.358692484097528,0.590984119332772,-2.93458007449457,-5.98453132975362,2.47984778091162,-2.15637786292499,0.598973615956235,-1.02528984783452,-0.525966132778399,1109.02080190182,3,2,"normal",11
"2572",-27.03417,0.0622169603642708,0,0.688778459664213,80,0.0252351905053034,-5.98453132975362,11.9394468678018,-2.15637786292499,1.82024956616813,0.358692484097528,0.590984119332772,-2.93458007449457,-5.98453132975362,2.47984778091162,-2.15637786292499,0.598973615956235,-1.02528984783452,-0.525966132778399,1109.02080190182,3,2,"normal",12
"2573",-49.507,0.0253620071136858,1,0.708829833472296,80,0.0252351905053034,-5.98453132975362,11.9394468678018,-2.15637786292499,1.82024956616813,0.358692484097528,0.590984119332772,-2.93458007449457,-5.98453132975362,2.47984778091162,-2.15637786292499,0.598973615956235,-1.02528984783452,-0.525966132778399,1109.02080190182,3,2,"normal",13
"2574",-28.2387,0.0548287054062637,0,0.6712140676878,80,0.0252351905053034,-5.98453132975362,11.9394468678018,-2.15637786292499,1.82024956616813,0.358692484097528,0.590984119332772,-2.93458007449457,-5.98453132975362,2.47984778091162,-2.15637786292499,0.598973615956235,-1.02528984783452,-0.525966132778399,1109.02080190182,3,2,"normal",14
"2575",-8.3296,0.426072720533208,1,0.685455168222583,80,0.0252351905053034,-5.98453132975362,11.9394468678018,-2.15637786292499,1.82024956616813,0.358692484097528,0.590984119332772,-2.93458007449457,-5.98453132975362,2.47984778091162,-2.15637786292499,0.598973615956235,-1.02528984783452,-0.525966132778399,1109.02080190182,3,2,"normal",15
"2576",-15.73293,0.221893157945177,0,0.746772652580083,80,0.0252351905053034,-5.98453132975362,11.9394468678018,-2.15637786292499,1.82024956616813,0.358692484097528,0.590984119332772,-2.93458007449457,-5.98453132975362,2.47984778091162,-2.15637786292499,0.598973615956235,-1.02528984783452,-0.525966132778399,1109.02080190182,3,2,"normal",16
"2577",-3.56076,0.576375002980293,0,0.766633691719267,80,0.0252351905053034,-5.98453132975362,11.9394468678018,-2.15637786292499,1.82024956616813,0.358692484097528,0.590984119332772,-2.93458007449457,-5.98453132975362,2.47984778091162,-2.15637786292499,0.598973615956235,-1.02528984783452,-0.525966132778399,1109.02080190182,3,2,"normal",17
"2578",-32.08386,0.0389167050175732,0,0.739553525208895,80,0.0252351905053034,-5.98453132975362,11.9394468678018,-2.15637786292499,1.82024956616813,0.358692484097528,0.590984119332772,-2.93458007449457,-5.98453132975362,2.47984778091162,-2.15637786292499,0.598973615956235,-1.02528984783452,-0.525966132778399,1109.02080190182,3,2,"normal",18
"2579",-48.103,0.02543422574578,0,0.674342988806374,80,0.0252351905053034,-5.98453132975362,11.9394468678018,-2.15637786292499,1.82024956616813,0.358692484097528,0.590984119332772,-2.93458007449457,-5.98453132975362,2.47984778091162,-2.15637786292499,0.598973615956235,-1.02528984783452,-0.525966132778399,1109.02080190182,3,2,"normal",19
"2580",8.545,0.868593663156774,0,0.68043184344063,80,0.0252351905053034,-5.98453132975362,11.9394468678018,-2.15637786292499,1.82024956616813,0.358692484097528,0.590984119332772,-2.93458007449457,-5.98453132975362,2.47984778091162,-2.15637786292499,0.598973615956235,-1.02528984783452,-0.525966132778399,1109.02080190182,3,2,"normal",20
"2581",-49.7482,0.0253524032979793,0,0.679941144964301,80,0.0252351905053034,-5.98453132975362,11.9394468678018,-2.15637786292499,1.82024956616813,0.358692484097528,0.590984119332772,-2.93458007449457,-5.98453132975362,2.47984778091162,-2.15637786292499,0.598973615956235,-1.02528984783452,-0.525966132778399,1109.02080190182,3,2,"normal",21
"2582",14.03941,0.930365707346381,1,0.82072467583701,80,0.0252351905053034,-5.98453132975362,11.9394468678018,-2.15637786292499,1.82024956616813,0.358692484097528,0.590984119332772,-2.93458007449457,-5.98453132975362,2.47984778091162,-2.15637786292499,0.598973615956235,-1.02528984783452,-0.525966132778399,1109.02080190182,3,2,"normal",22
"2583",-15.71518,0.22229692872383,1,0.831697874686809,80,0.0252351905053034,-5.98453132975362,11.9394468678018,-2.15637786292499,1.82024956616813,0.358692484097528,0.590984119332772,-2.93458007449457,-5.98453132975362,2.47984778091162,-2.15637786292499,0.598973615956235,-1.02528984783452,-0.525966132778399,1109.02080190182,3,2,"normal",23
"2584",9.46213,0.88182877565136,0,0.841390263965201,80,0.0252351905053034,-5.98453132975362,11.9394468678018,-2.15637786292499,1.82024956616813,0.358692484097528,0.590984119332772,-2.93458007449457,-5.98453132975362,2.47984778091162,-2.15637786292499,0.598973615956235,-1.02528984783452,-0.525966132778399,1109.02080190182,3,2,"normal",24
"2585",-6.61684128499,0.479947828097853,0,0.762728257099086,80,0.0252351905053034,-5.98453132975362,11.9394468678018,-2.15637786292499,1.82024956616813,0.358692484097528,0.590984119332772,-2.93458007449457,-5.98453132975362,2.47984778091162,-2.15637786292499,0.598973615956235,-1.02528984783452,-0.525966132778399,1109.02080190182,3,2,"normal",25
"2586",-1.5766689707,0.636737021666559,1,0.755072672362565,80,0.0252351905053034,-5.98453132975362,11.9394468678018,-2.15637786292499,1.82024956616813,0.358692484097528,0.590984119332772,-2.93458007449457,-5.98453132975362,2.47984778091162,-2.15637786292499,0.598973615956235,-1.02528984783452,-0.525966132778399,1109.02080190182,3,2,"normal",26
"2587",34.67825,0.974451548445214,1,0.718831493086105,80,0.0252351905053034,-5.98453132975362,11.9394468678018,-2.15637786292499,1.82024956616813,0.358692484097528,0.590984119332772,-2.93458007449457,-5.98453132975362,2.47984778091162,-2.15637786292499,0.598973615956235,-1.02528984783452,-0.525966132778399,1109.02080190182,3,2,"normal",27
"2588",-8.86777109448,0.409403710862733,0,0.790777458486407,80,0.0252351905053034,-5.98453132975362,11.9394468678018,-2.15637786292499,1.82024956616813,0.358692484097528,0.590984119332772,-2.93458007449457,-5.98453132975362,2.47984778091162,-2.15637786292499,0.598973615956235,-1.02528984783452,-0.525966132778399,1109.02080190182,3,2,"normal",28
"2589",-5.0619126435,0.529243178089793,1,0.76215165211614,80,0.0252351905053034,-5.98453132975362,11.9394468678018,-2.15637786292499,1.82024956616813,0.358692484097528,0.590984119332772,-2.93458007449457,-5.98453132975362,2.47984778091162,-2.15637786292499,0.598973615956235,-1.02528984783452,-0.525966132778399,1109.02080190182,3,2,"normal",29
"2590",-48.6431,0.0254027996560626,0,0.686290861942592,80,0.0252351905053034,-5.98453132975362,11.9394468678018,-2.15637786292499,1.82024956616813,0.358692484097528,0.590984119332772,-2.93458007449457,-5.98453132975362,2.47984778091162,-2.15637786292499,0.598973615956235,-1.02528984783452,-0.525966132778399,1109.02080190182,3,2,"normal",30
"2591",-9.55848934283,0.388278526643566,0,0.78361546388817,80,0.0252351905053034,-5.98453132975362,11.9394468678018,-2.15637786292499,1.82024956616813,0.358692484097528,0.590984119332772,-2.93458007449457,-5.98453132975362,2.47984778091162,-2.15637786292499,0.598973615956235,-1.02528984783452,-0.525966132778399,1109.02080190182,3,2,"normal",31
"2592",-28.33937,0.0542708662669758,0,0.763741920400698,80,0.0252351905053034,-5.98453132975362,11.9394468678018,-2.15637786292499,1.82024956616813,0.358692484097528,0.590984119332772,-2.93458007449457,-5.98453132975362,2.47984778091162,-2.15637786292499,0.598973615956235,-1.02528984783452,-0.525966132778399,1109.02080190182,3,2,"normal",32
"2593",49.4986,0.974763210838831,1,0.673628998678421,80,0.0252351905053034,-5.98453132975362,11.9394468678018,-2.15637786292499,1.82024956616813,0.358692484097528,0.590984119332772,-2.93458007449457,-5.98453132975362,2.47984778091162,-2.15637786292499,0.598973615956235,-1.02528984783452,-0.525966132778399,1109.02080190182,3,2,"normal",33
"2594",-13.22144,0.283709284780095,1,0.746871301973235,80,0.0252351905053034,-5.98453132975362,11.9394468678018,-2.15637786292499,1.82024956616813,0.358692484097528,0.590984119332772,-2.93458007449457,-5.98453132975362,2.47984778091162,-2.15637786292499,0.598973615956235,-1.02528984783452,-0.525966132778399,1109.02080190182,3,2,"normal",34
"2595",7.5515,0.852792718978787,1,0.733665058161577,80,0.0252351905053034,-5.98453132975362,11.9394468678018,-2.15637786292499,1.82024956616813,0.358692484097528,0.590984119332772,-2.93458007449457,-5.98453132975362,2.47984778091162,-2.15637786292499,0.598973615956235,-1.02528984783452,-0.525966132778399,1109.02080190182,3,2,"normal",35
"2596",-10.46122,0.361225336710142,0,0.773618646160347,80,0.0252351905053034,-5.98453132975362,11.9394468678018,-2.15637786292499,1.82024956616813,0.358692484097528,0.590984119332772,-2.93458007449457,-5.98453132975362,2.47984778091162,-2.15637786292499,0.598973615956235,-1.02528984783452,-0.525966132778399,1109.02080190182,3,2,"normal",36
"2597",11.19751,0.90349188794445,0,0.723147244006382,80,0.0252351905053034,-5.98453132975362,11.9394468678018,-2.15637786292499,1.82024956616813,0.358692484097528,0.590984119332772,-2.93458007449457,-5.98453132975362,2.47984778091162,-2.15637786292499,0.598973615956235,-1.02528984783452,-0.525966132778399,1109.02080190182,3,2,"normal",37
"2598",-8.2965,0.427103113521885,1,0.708711955140064,80,0.0252351905053034,-5.98453132975362,11.9394468678018,-2.15637786292499,1.82024956616813,0.358692484097528,0.590984119332772,-2.93458007449457,-5.98453132975362,2.47984778091162,-2.15637786292499,0.598973615956235,-1.02528984783452,-0.525966132778399,1109.02080190182,3,2,"normal",38
"2599",-6.7832398231,0.474677950600832,0,0.70007622528996,80,0.0252351905053034,-5.98453132975362,11.9394468678018,-2.15637786292499,1.82024956616813,0.358692484097528,0.590984119332772,-2.93458007449457,-5.98453132975362,2.47984778091162,-2.15637786292499,0.598973615956235,-1.02528984783452,-0.525966132778399,1109.02080190182,3,2,"normal",39
"2600",36.25446,0.974573230182696,1,0.73501567047148,80,0.0252351905053034,-5.98453132975362,11.9394468678018,-2.15637786292499,1.82024956616813,0.358692484097528,0.590984119332772,-2.93458007449457,-5.98453132975362,2.47984778091162,-2.15637786292499,0.598973615956235,-1.02528984783452,-0.525966132778399,1109.02080190182,3,2,"normal",40
"2601",-1.91012,0.626804623763411,1,0.821149183562717,80,0.0252351905053034,-5.98453132975362,11.9394468678018,-2.15637786292499,1.82024956616813,0.358692484097528,0.590984119332772,-2.93458007449457,-5.98453132975362,2.47984778091162,-2.15637786292499,0.598973615956235,-1.02528984783452,-0.525966132778399,1109.02080190182,3,2,"normal",41
"2602",27.45032,0.972341406027021,1,0.774723084653808,80,0.0252351905053034,-5.98453132975362,11.9394468678018,-2.15637786292499,1.82024956616813,0.358692484097528,0.590984119332772,-2.93458007449457,-5.98453132975362,2.47984778091162,-2.15637786292499,0.598973615956235,-1.02528984783452,-0.525966132778399,1109.02080190182,3,2,"normal",42
"2603",13.7166,0.9277986755288,1,0.737258449046247,80,0.0252351905053034,-5.98453132975362,11.9394468678018,-2.15637786292499,1.82024956616813,0.358692484097528,0.590984119332772,-2.93458007449457,-5.98453132975362,2.47984778091162,-2.15637786292499,0.598973615956235,-1.02528984783452,-0.525966132778399,1109.02080190182,3,2,"normal",43
"2604",21.173743,0.963880412909326,1,0.839198539819226,80,0.0252351905053034,-5.98453132975362,11.9394468678018,-2.15637786292499,1.82024956616813,0.358692484097528,0.590984119332772,-2.93458007449457,-5.98453132975362,2.47984778091162,-2.15637786292499,0.598973615956235,-1.02528984783452,-0.525966132778399,1109.02080190182,3,2,"normal",44
"2605",-1.0491,0.652240842124978,1,0.775743242109868,80,0.0252351905053034,-5.98453132975362,11.9394468678018,-2.15637786292499,1.82024956616813,0.358692484097528,0.590984119332772,-2.93458007449457,-5.98453132975362,2.47984778091162,-2.15637786292499,0.598973615956235,-1.02528984783452,-0.525966132778399,1109.02080190182,3,2,"normal",45
"2606",-6.58873,0.480838530674379,0,0.699221463825348,80,0.0252351905053034,-5.98453132975362,11.9394468678018,-2.15637786292499,1.82024956616813,0.358692484097528,0.590984119332772,-2.93458007449457,-5.98453132975362,2.47984778091162,-2.15637786292499,0.598973615956235,-1.02528984783452,-0.525966132778399,1109.02080190182,3,2,"normal",46
"2607",3.70135,0.776682545958458,1,0.7627322733898,80,0.0252351905053034,-5.98453132975362,11.9394468678018,-2.15637786292499,1.82024956616813,0.358692484097528,0.590984119332772,-2.93458007449457,-5.98453132975362,2.47984778091162,-2.15637786292499,0.598973615956235,-1.02528984783452,-0.525966132778399,1109.02080190182,3,2,"normal",47
"2608",-26.29928,0.0674192771524476,0,0.734727038153957,80,0.0252351905053034,-5.98453132975362,11.9394468678018,-2.15637786292499,1.82024956616813,0.358692484097528,0.590984119332772,-2.93458007449457,-5.98453132975362,2.47984778091162,-2.15637786292499,0.598973615956235,-1.02528984783452,-0.525966132778399,1109.02080190182,3,2,"normal",48
"2609",-26.23603,0.0678933027587672,0,0.724517974534599,80,0.0252351905053034,-5.98453132975362,11.9394468678018,-2.15637786292499,1.82024956616813,0.358692484097528,0.590984119332772,-2.93458007449457,-5.98453132975362,2.47984778091162,-2.15637786292499,0.598973615956235,-1.02528984783452,-0.525966132778399,1109.02080190182,3,2,"normal",49
"2610",-37.66742,0.0290157810429582,0,0.72870435207433,80,0.0252351905053034,-5.98453132975362,11.9394468678018,-2.15637786292499,1.82024956616813,0.358692484097528,0.590984119332772,-2.93458007449457,-5.98453132975362,2.47984778091162,-2.15637786292499,0.598973615956235,-1.02528984783452,-0.525966132778399,1109.02080190182,3,2,"normal",50
"2611",-18.93279,0.157289037376272,0,0.747658885247059,80,0.0252351905053034,-5.98453132975362,11.9394468678018,-2.15637786292499,1.82024956616813,0.358692484097528,0.590984119332772,-2.93458007449457,-5.98453132975362,2.47984778091162,-2.15637786292499,0.598973615956235,-1.02528984783452,-0.525966132778399,1109.02080190182,3,2,"normal",51
"2612",-18.71843,0.161103178921448,0,0.81258878295339,80,0.0252351905053034,-5.98453132975362,11.9394468678018,-2.15637786292499,1.82024956616813,0.358692484097528,0.590984119332772,-2.93458007449457,-5.98453132975362,2.47984778091162,-2.15637786292499,0.598973615956235,-1.02528984783452,-0.525966132778399,1109.02080190182,3,2,"normal",52
"2613",23.019409,0.967581637372597,1,0.731276407835158,80,0.0252351905053034,-5.98453132975362,11.9394468678018,-2.15637786292499,1.82024956616813,0.358692484097528,0.590984119332772,-2.93458007449457,-5.98453132975362,2.47984778091162,-2.15637786292499,0.598973615956235,-1.02528984783452,-0.525966132778399,1109.02080190182,3,2,"normal",53
"2614",31.36588,0.973930132067655,1,0.849583509445345,80,0.0252351905053034,-5.98453132975362,11.9394468678018,-2.15637786292499,1.82024956616813,0.358692484097528,0.590984119332772,-2.93458007449457,-5.98453132975362,2.47984778091162,-2.15637786292499,0.598973615956235,-1.02528984783452,-0.525966132778399,1109.02080190182,3,2,"normal",54
"2615",18.11307,0.954084934501469,1,0.685428006670899,80,0.0252351905053034,-5.98453132975362,11.9394468678018,-2.15637786292499,1.82024956616813,0.358692484097528,0.590984119332772,-2.93458007449457,-5.98453132975362,2.47984778091162,-2.15637786292499,0.598973615956235,-1.02528984783452,-0.525966132778399,1109.02080190182,3,2,"normal",55
"2616",18.38473,0.955183728856729,1,0.689808124919012,80,0.0252351905053034,-5.98453132975362,11.9394468678018,-2.15637786292499,1.82024956616813,0.358692484097528,0.590984119332772,-2.93458007449457,-5.98453132975362,2.47984778091162,-2.15637786292499,0.598973615956235,-1.02528984783452,-0.525966132778399,1109.02080190182,3,2,"normal",56
"2617",8.00498,0.860196722779183,1,0.753752274674823,80,0.0252351905053034,-5.98453132975362,11.9394468678018,-2.15637786292499,1.82024956616813,0.358692484097528,0.590984119332772,-2.93458007449457,-5.98453132975362,2.47984778091162,-2.15637786292499,0.598973615956235,-1.02528984783452,-0.525966132778399,1109.02080190182,3,2,"normal",57
"2618",22.27244,0.966243753610062,1,0.69703909927961,80,0.0252351905053034,-5.98453132975362,11.9394468678018,-2.15637786292499,1.82024956616813,0.358692484097528,0.590984119332772,-2.93458007449457,-5.98453132975362,2.47984778091162,-2.15637786292499,0.598973615956235,-1.02528984783452,-0.525966132778399,1109.02080190182,3,2,"normal",58
"2619",-25.45097,0.0741409683788102,0,0.833010102428032,80,0.0252351905053034,-5.98453132975362,11.9394468678018,-2.15637786292499,1.82024956616813,0.358692484097528,0.590984119332772,-2.93458007449457,-5.98453132975362,2.47984778091162,-2.15637786292499,0.598973615956235,-1.02528984783452,-0.525966132778399,1109.02080190182,3,2,"normal",59
"2620",11.0397,0.901697236186842,0,0.716662033469831,80,0.0252351905053034,-5.98453132975362,11.9394468678018,-2.15637786292499,1.82024956616813,0.358692484097528,0.590984119332772,-2.93458007449457,-5.98453132975362,2.47984778091162,-2.15637786292499,0.598973615956235,-1.02528984783452,-0.525966132778399,1109.02080190182,3,2,"normal",60
"2621",-28.364,0.054135719057557,0,0.656275975910089,80,0.0252351905053034,-5.98453132975362,11.9394468678018,-2.15637786292499,1.82024956616813,0.358692484097528,0.590984119332772,-2.93458007449457,-5.98453132975362,2.47984778091162,-2.15637786292499,0.598973615956235,-1.02528984783452,-0.525966132778399,1109.02080190182,3,2,"normal",61
"2622",15.06689,0.937794992996677,1,0.671512203183256,80,0.0252351905053034,-5.98453132975362,11.9394468678018,-2.15637786292499,1.82024956616813,0.358692484097528,0.590984119332772,-2.93458007449457,-5.98453132975362,2.47984778091162,-2.15637786292499,0.598973615956235,-1.02528984783452,-0.525966132778399,1109.02080190182,3,2,"normal",62
"2623",8.6373,0.869983649196644,1,0.662783237483805,80,0.0252351905053034,-5.98453132975362,11.9394468678018,-2.15637786292499,1.82024956616813,0.358692484097528,0.590984119332772,-2.93458007449457,-5.98453132975362,2.47984778091162,-2.15637786292499,0.598973615956235,-1.02528984783452,-0.525966132778399,1109.02080190182,3,2,"normal",63
"2624",10.04983,0.889648718532004,1,0.774902687658508,80,0.0252351905053034,-5.98453132975362,11.9394468678018,-2.15637786292499,1.82024956616813,0.358692484097528,0.590984119332772,-2.93458007449457,-5.98453132975362,2.47984778091162,-2.15637786292499,0.598973615956235,-1.02528984783452,-0.525966132778399,1109.02080190182,3,2,"normal",64
"2625",-16.1935,0.211588336447135,0,0.693798822285451,80,0.0252351905053034,-5.98453132975362,11.9394468678018,-2.15637786292499,1.82024956616813,0.358692484097528,0.590984119332772,-2.93458007449457,-5.98453132975362,2.47984778091162,-2.15637786292499,0.598973615956235,-1.02528984783452,-0.525966132778399,1109.02080190182,3,2,"normal",65
"2626",-20.95815,0.124838356246733,0,0.728470196196785,80,0.0252351905053034,-5.98453132975362,11.9394468678018,-2.15637786292499,1.82024956616813,0.358692484097528,0.590984119332772,-2.93458007449457,-5.98453132975362,2.47984778091162,-2.15637786292499,0.598973615956235,-1.02528984783452,-0.525966132778399,1109.02080190182,3,2,"normal",66
"2627",-28.89765,0.0513331745482749,0,0.683132652462049,80,0.0252351905053034,-5.98453132975362,11.9394468678018,-2.15637786292499,1.82024956616813,0.358692484097528,0.590984119332772,-2.93458007449457,-5.98453132975362,2.47984778091162,-2.15637786292499,0.598973615956235,-1.02528984783452,-0.525966132778399,1109.02080190182,3,2,"normal",67
"2628",-20.62481,0.129740116009025,0,0.745249212295646,80,0.0252351905053034,-5.98453132975362,11.9394468678018,-2.15637786292499,1.82024956616813,0.358692484097528,0.590984119332772,-2.93458007449457,-5.98453132975362,2.47984778091162,-2.15637786292499,0.598973615956235,-1.02528984783452,-0.525966132778399,1109.02080190182,3,2,"normal",68
"2629",2.14532,0.739319528590251,1,0.735837277452563,80,0.0252351905053034,-5.98453132975362,11.9394468678018,-2.15637786292499,1.82024956616813,0.358692484097528,0.590984119332772,-2.93458007449457,-5.98453132975362,2.47984778091162,-2.15637786292499,0.598973615956235,-1.02528984783452,-0.525966132778399,1109.02080190182,3,2,"normal",69
"2630",-3.52231,0.577569648677748,0,0.732364347060724,80,0.0252351905053034,-5.98453132975362,11.9394468678018,-2.15637786292499,1.82024956616813,0.358692484097528,0.590984119332772,-2.93458007449457,-5.98453132975362,2.47984778091162,-2.15637786292499,0.598973615956235,-1.02528984783452,-0.525966132778399,1109.02080190182,3,2,"normal",70
"2631",-16.37094,0.207707276653516,0,0.715087995200249,80,0.0252351905053034,-5.98453132975362,11.9394468678018,-2.15637786292499,1.82024956616813,0.358692484097528,0.590984119332772,-2.93458007449457,-5.98453132975362,2.47984778091162,-2.15637786292499,0.598973615956235,-1.02528984783452,-0.525966132778399,1109.02080190182,3,2,"normal",71
"2632",-7.68003,0.44638650697481,0,0.853790962041461,80,0.0252351905053034,-5.98453132975362,11.9394468678018,-2.15637786292499,1.82024956616813,0.358692484097528,0.590984119332772,-2.93458007449457,-5.98453132975362,2.47984778091162,-2.15637786292499,0.598973615956235,-1.02528984783452,-0.525966132778399,1109.02080190182,3,2,"normal",72
"2633",11.57151,0.907610687797315,1,0.66562522099134,80,0.0252351905053034,-5.98453132975362,11.9394468678018,-2.15637786292499,1.82024956616813,0.358692484097528,0.590984119332772,-2.93458007449457,-5.98453132975362,2.47984778091162,-2.15637786292499,0.598973615956235,-1.02528984783452,-0.525966132778399,1109.02080190182,3,2,"normal",73
"2634",3.12657,0.763305372979257,1,0.760298259991121,80,0.0252351905053034,-5.98453132975362,11.9394468678018,-2.15637786292499,1.82024956616813,0.358692484097528,0.590984119332772,-2.93458007449457,-5.98453132975362,2.47984778091162,-2.15637786292499,0.598973615956235,-1.02528984783452,-0.525966132778399,1109.02080190182,3,2,"normal",74
"2635",-40.30597,0.0271556471494077,0,0.652850657632089,80,0.0252351905053034,-5.98453132975362,11.9394468678018,-2.15637786292499,1.82024956616813,0.358692484097528,0.590984119332772,-2.93458007449457,-5.98453132975362,2.47984778091162,-2.15637786292499,0.598973615956235,-1.02528984783452,-0.525966132778399,1109.02080190182,3,2,"normal",75
"2636",-14.45396,0.252219224505134,1,0.794376057820088,80,0.0252351905053034,-5.98453132975362,11.9394468678018,-2.15637786292499,1.82024956616813,0.358692484097528,0.590984119332772,-2.93458007449457,-5.98453132975362,2.47984778091162,-2.15637786292499,0.598973615956235,-1.02528984783452,-0.525966132778399,1109.02080190182,3,2,"normal",76
"2637",2.71173,0.753338825407607,1,0.771750089366381,80,0.0252351905053034,-5.98453132975362,11.9394468678018,-2.15637786292499,1.82024956616813,0.358692484097528,0.590984119332772,-2.93458007449457,-5.98453132975362,2.47984778091162,-2.15637786292499,0.598973615956235,-1.02528984783452,-0.525966132778399,1109.02080190182,3,2,"normal",77
"2638",8.23235,0.863787473174866,0,0.832372734521126,80,0.0252351905053034,-5.98453132975362,11.9394468678018,-2.15637786292499,1.82024956616813,0.358692484097528,0.590984119332772,-2.93458007449457,-5.98453132975362,2.47984778091162,-2.15637786292499,0.598973615956235,-1.02528984783452,-0.525966132778399,1109.02080190182,3,2,"normal",78
"2639",-26.48259,0.0660694024014556,0,0.846002535674432,80,0.0252351905053034,-5.98453132975362,11.9394468678018,-2.15637786292499,1.82024956616813,0.358692484097528,0.590984119332772,-2.93458007449457,-5.98453132975362,2.47984778091162,-2.15637786292499,0.598973615956235,-1.02528984783452,-0.525966132778399,1109.02080190182,3,2,"normal",79
"2640",-33.7557,0.0347392615436948,0,0.826230447078731,80,0.0252351905053034,-5.98453132975362,11.9394468678018,-2.15637786292499,1.82024956616813,0.358692484097528,0.590984119332772,-2.93458007449457,-5.98453132975362,2.47984778091162,-2.15637786292499,0.598973615956235,-1.02528984783452,-0.525966132778399,1109.02080190182,3,2,"normal",80
"2641",-9.0295162085,0.582512271182331,0,1.19438746321667,80,0.000294077115539505,-15.2222233729393,29.7084893896776,-1.68641154637787,1.7725406067692,0.32987965937358,0.898337256270242,-7.43793301944464,-15.2222233729393,3.39143284300103,-1.68641154637787,0.572413888481449,-1.10902735959427,-0.107209717411035,-513.431829822243,4,2,"normal",1
"2642",5.0298841524,0.752135478191148,0,1.11474083606983,80,0.000294077115539505,-15.2222233729393,29.7084893896776,-1.68641154637787,1.7725406067692,0.32987965937358,0.898337256270242,-7.43793301944464,-15.2222233729393,3.39143284300103,-1.68641154637787,0.572413888481449,-1.10902735959427,-0.107209717411035,-513.431829822243,4,2,"normal",2
"2643",12.093991139,0.820887580320345,1,1.33684947089022,80,0.000294077115539505,-15.2222233729393,29.7084893896776,-1.68641154637787,1.7725406067692,0.32987965937358,0.898337256270242,-7.43793301944464,-15.2222233729393,3.39143284300103,-1.68641154637787,0.572413888481449,-1.10902735959427,-0.107209717411035,-513.431829822243,4,2,"normal",3
"2644",7.2170107868,0.774807936888725,1,1.0974925688982,80,0.000294077115539505,-15.2222233729393,29.7084893896776,-1.68641154637787,1.7725406067692,0.32987965937358,0.898337256270242,-7.43793301944464,-15.2222233729393,3.39143284300103,-1.68641154637787,0.572413888481449,-1.10902735959427,-0.107209717411035,-513.431829822243,4,2,"normal",4
"2645",8.45532,0.787104324292636,1,1.09146165062277,80,0.000294077115539505,-15.2222233729393,29.7084893896776,-1.68641154637787,1.7725406067692,0.32987965937358,0.898337256270242,-7.43793301944464,-15.2222233729393,3.39143284300103,-1.68641154637787,0.572413888481449,-1.10902735959427,-0.107209717411035,-513.431829822243,4,2,"normal",5
"2646",4.47694,0.746216069861005,1,1.15523988472716,80,0.000294077115539505,-15.2222233729393,29.7084893896776,-1.68641154637787,1.7725406067692,0.32987965937358,0.898337256270242,-7.43793301944464,-15.2222233729393,3.39143284300103,-1.68641154637787,0.572413888481449,-1.10902735959427,-0.107209717411035,-513.431829822243,4,2,"normal",6
"2647",-17.23952,0.472947331448866,0,1.1662180634832,80,0.000294077115539505,-15.2222233729393,29.7084893896776,-1.68641154637787,1.7725406067692,0.32987965937358,0.898337256270242,-7.43793301944464,-15.2222233729393,3.39143284300103,-1.68641154637787,0.572413888481449,-1.10902735959427,-0.107209717411035,-513.431829822243,4,2,"normal",7
"2648",-12.07554,0.542151749090687,0,1.21424405265182,80,0.000294077115539505,-15.2222233729393,29.7084893896776,-1.68641154637787,1.7725406067692,0.32987965937358,0.898337256270242,-7.43793301944464,-15.2222233729393,3.39143284300103,-1.68641154637787,0.572413888481449,-1.10902735959427,-0.107209717411035,-513.431829822243,4,2,"normal",8
"2649",2.75575,0.727325221339055,1,1.16000135427018,80,0.000294077115539505,-15.2222233729393,29.7084893896776,-1.68641154637787,1.7725406067692,0.32987965937358,0.898337256270242,-7.43793301944464,-15.2222233729393,3.39143284300103,-1.68641154637787,0.572413888481449,-1.10902735959427,-0.107209717411035,-513.431829822243,4,2,"normal",9
"2650",26.95187,0.921889252101605,1,1.04967856985032,80,0.000294077115539505,-15.2222233729393,29.7084893896776,-1.68641154637787,1.7725406067692,0.32987965937358,0.898337256270242,-7.43793301944464,-15.2222233729393,3.39143284300103,-1.68641154637787,0.572413888481449,-1.10902735959427,-0.107209717411035,-513.431829822243,4,2,"normal",10
"2651",0.82452,0.705328919338539,1,1.13431453884494,80,0.000294077115539505,-15.2222233729393,29.7084893896776,-1.68641154637787,1.7725406067692,0.32987965937358,0.898337256270242,-7.43793301944464,-15.2222233729393,3.39143284300103,-1.68641154637787,0.572413888481449,-1.10902735959427,-0.107209717411035,-513.431829822243,4,2,"normal",11
"2652",-12.37737,0.538121550097184,1,1.05810406134313,80,0.000294077115539505,-15.2222233729393,29.7084893896776,-1.68641154637787,1.7725406067692,0.32987965937358,0.898337256270242,-7.43793301944464,-15.2222233729393,3.39143284300103,-1.68641154637787,0.572413888481449,-1.10902735959427,-0.107209717411035,-513.431829822243,4,2,"normal",12
"2653",28.70817,0.930138632642307,1,1.08516215352224,80,0.000294077115539505,-15.2222233729393,29.7084893896776,-1.68641154637787,1.7725406067692,0.32987965937358,0.898337256270242,-7.43793301944464,-15.2222233729393,3.39143284300103,-1.68641154637787,0.572413888481449,-1.10902735959427,-0.107209717411035,-513.431829822243,4,2,"normal",13
"2654",-9.51986,0.576062163381755,1,1.19297994078733,80,0.000294077115539505,-15.2222233729393,29.7084893896776,-1.68641154637787,1.7725406067692,0.32987965937358,0.898337256270242,-7.43793301944464,-15.2222233729393,3.39143284300103,-1.68641154637787,0.572413888481449,-1.10902735959427,-0.107209717411035,-513.431829822243,4,2,"normal",14
"2655",-19.53033,0.442384350835933,1,1.15444224573981,80,0.000294077115539505,-15.2222233729393,29.7084893896776,-1.68641154637787,1.7725406067692,0.32987965937358,0.898337256270242,-7.43793301944464,-15.2222233729393,3.39143284300103,-1.68641154637787,0.572413888481449,-1.10902735959427,-0.107209717411035,-513.431829822243,4,2,"normal",15
"2656",-11.79416374842,0.54590494292668,0,1.14994805700889,80,0.000294077115539505,-15.2222233729393,29.7084893896776,-1.68641154637787,1.7725406067692,0.32987965937358,0.898337256270242,-7.43793301944464,-15.2222233729393,3.39143284300103,-1.68641154637787,0.572413888481449,-1.10902735959427,-0.107209717411035,-513.431829822243,4,2,"normal",16
"2657",21.3899,0.890866235187109,1,1.07281149822699,80,0.000294077115539505,-15.2222233729393,29.7084893896776,-1.68641154637787,1.7725406067692,0.32987965937358,0.898337256270242,-7.43793301944464,-15.2222233729393,3.39143284300103,-1.68641154637787,0.572413888481449,-1.10902735959427,-0.107209717411035,-513.431829822243,4,2,"normal",17
"2658",-7.97354,0.596325451453238,0,1.1748770957954,80,0.000294077115539505,-15.2222233729393,29.7084893896776,-1.68641154637787,1.7725406067692,0.32987965937358,0.898337256270242,-7.43793301944464,-15.2222233729393,3.39143284300103,-1.68641154637787,0.572413888481449,-1.10902735959427,-0.107209717411035,-513.431829822243,4,2,"normal",18
"2659",-0.00230000000000175,0.695667429216426,1,1.21430158004956,80,0.000294077115539505,-15.2222233729393,29.7084893896776,-1.68641154637787,1.7725406067692,0.32987965937358,0.898337256270242,-7.43793301944464,-15.2222233729393,3.39143284300103,-1.68641154637787,0.572413888481449,-1.10902735959427,-0.107209717411035,-513.431829822243,4,2,"normal",19
"2660",30.0473,0.935962948756861,1,1.0210752986583,80,0.000294077115539505,-15.2222233729393,29.7084893896776,-1.68641154637787,1.7725406067692,0.32987965937358,0.898337256270242,-7.43793301944464,-15.2222233729393,3.39143284300103,-1.68641154637787,0.572413888481449,-1.10902735959427,-0.107209717411035,-513.431829822243,4,2,"normal",20
"2661",18.00334,0.868082332095489,1,1.0985372269028,80,0.000294077115539505,-15.2222233729393,29.7084893896776,-1.68641154637787,1.7725406067692,0.32987965937358,0.898337256270242,-7.43793301944464,-15.2222233729393,3.39143284300103,-1.68641154637787,0.572413888481449,-1.10902735959427,-0.107209717411035,-513.431829822243,4,2,"normal",21
"2662",32.62482,0.946098682531745,1,1.03962235191874,80,0.000294077115539505,-15.2222233729393,29.7084893896776,-1.68641154637787,1.7725406067692,0.32987965937358,0.898337256270242,-7.43793301944464,-15.2222233729393,3.39143284300103,-1.68641154637787,0.572413888481449,-1.10902735959427,-0.107209717411035,-513.431829822243,4,2,"normal",22
"2663",-9.93833,0.570541249906292,0,1.2663645891344,80,0.000294077115539505,-15.2222233729393,29.7084893896776,-1.68641154637787,1.7725406067692,0.32987965937358,0.898337256270242,-7.43793301944464,-15.2222233729393,3.39143284300103,-1.68641154637787,0.572413888481449,-1.10902735959427,-0.107209717411035,-513.431829822243,4,2,"normal",23
"2664",29.94001,0.935510754251842,1,1.09248937477622,80,0.000294077115539505,-15.2222233729393,29.7084893896776,-1.68641154637787,1.7725406067692,0.32987965937358,0.898337256270242,-7.43793301944464,-15.2222233729393,3.39143284300103,-1.68641154637787,0.572413888481449,-1.10902735959427,-0.107209717411035,-513.431829822243,4,2,"normal",24
"2665",-2.83798,0.661514080699244,0,1.28200724617518,80,0.000294077115539505,-15.2222233729393,29.7084893896776,-1.68641154637787,1.7725406067692,0.32987965937358,0.898337256270242,-7.43793301944464,-15.2222233729393,3.39143284300103,-1.68641154637787,0.572413888481449,-1.10902735959427,-0.107209717411035,-513.431829822243,4,2,"normal",25
"2666",-12.8085,0.532358165679017,0,1.21761176345155,80,0.000294077115539505,-15.2222233729393,29.7084893896776,-1.68641154637787,1.7725406067692,0.32987965937358,0.898337256270242,-7.43793301944464,-15.2222233729393,3.39143284300103,-1.68641154637787,0.572413888481449,-1.10902735959427,-0.107209717411035,-513.431829822243,4,2,"normal",26
"2667",16.0276,0.853365184443617,1,1.22667093364645,80,0.000294077115539505,-15.2222233729393,29.7084893896776,-1.68641154637787,1.7725406067692,0.32987965937358,0.898337256270242,-7.43793301944464,-15.2222233729393,3.39143284300103,-1.68641154637787,0.572413888481449,-1.10902735959427,-0.107209717411035,-513.431829822243,4,2,"normal",27
"2668",19.10261,0.875813055502304,1,1.21817567467082,80,0.000294077115539505,-15.2222233729393,29.7084893896776,-1.68641154637787,1.7725406067692,0.32987965937358,0.898337256270242,-7.43793301944464,-15.2222233729393,3.39143284300103,-1.68641154637787,0.572413888481449,-1.10902735959427,-0.107209717411035,-513.431829822243,4,2,"normal",28
"2669",-1.836,0.673753693411833,1,1.26457372375238,80,0.000294077115539505,-15.2222233729393,29.7084893896776,-1.68641154637787,1.7725406067692,0.32987965937358,0.898337256270242,-7.43793301944464,-15.2222233729393,3.39143284300103,-1.68641154637787,0.572413888481449,-1.10902735959427,-0.107209717411035,-513.431829822243,4,2,"normal",29
"2670",-14.93286,0.503883387070708,1,1.24398537057586,80,0.000294077115539505,-15.2222233729393,29.7084893896776,-1.68641154637787,1.7725406067692,0.32987965937358,0.898337256270242,-7.43793301944464,-15.2222233729393,3.39143284300103,-1.68641154637787,0.572413888481449,-1.10902735959427,-0.107209717411035,-513.431829822243,4,2,"normal",30
"2671",-16.79067,0.478960179896439,0,1.30441524758822,80,0.000294077115539505,-15.2222233729393,29.7084893896776,-1.68641154637787,1.7725406067692,0.32987965937358,0.898337256270242,-7.43793301944464,-15.2222233729393,3.39143284300103,-1.68641154637787,0.572413888481449,-1.10902735959427,-0.107209717411035,-513.431829822243,4,2,"normal",31
"2672",-17.58092,0.468377951320463,0,1.16704511671252,80,0.000294077115539505,-15.2222233729393,29.7084893896776,-1.68641154637787,1.7725406067692,0.32987965937358,0.898337256270242,-7.43793301944464,-15.2222233729393,3.39143284300103,-1.68641154637787,0.572413888481449,-1.10902735959427,-0.107209717411035,-513.431829822243,4,2,"normal",32
"2673",-4.74812,0.637710781119494,1,1.17856309285081,80,0.000294077115539505,-15.2222233729393,29.7084893896776,-1.68641154637787,1.7725406067692,0.32987965937358,0.898337256270242,-7.43793301944464,-15.2222233729393,3.39143284300103,-1.68641154637787,0.572413888481449,-1.10902735959427,-0.107209717411035,-513.431829822243,4,2,"normal",33
"2674",-9.86292,0.571537194803415,1,1.18108209503807,80,0.000294077115539505,-15.2222233729393,29.7084893896776,-1.68641154637787,1.7725406067692,0.32987965937358,0.898337256270242,-7.43793301944464,-15.2222233729393,3.39143284300103,-1.68641154637787,0.572413888481449,-1.10902735959427,-0.107209717411035,-513.431829822243,4,2,"normal",34
"2675",-0.868130000000001,0.685401492516184,0,1.27953177017826,80,0.000294077115539505,-15.2222233729393,29.7084893896776,-1.68641154637787,1.7725406067692,0.32987965937358,0.898337256270242,-7.43793301944464,-15.2222233729393,3.39143284300103,-1.68641154637787,0.572413888481449,-1.10902735959427,-0.107209717411035,-513.431829822243,4,2,"normal",35
"2676",-12.17416,0.540835377748857,1,1.09796449352871,80,0.000294077115539505,-15.2222233729393,29.7084893896776,-1.68641154637787,1.7725406067692,0.32987965937358,0.898337256270242,-7.43793301944464,-15.2222233729393,3.39143284300103,-1.68641154637787,0.572413888481449,-1.10902735959427,-0.107209717411035,-513.431829822243,4,2,"normal",36
"2677",-2.66163,0.663681164723526,0,1.36768664197556,80,0.000294077115539505,-15.2222233729393,29.7084893896776,-1.68641154637787,1.7725406067692,0.32987965937358,0.898337256270242,-7.43793301944464,-15.2222233729393,3.39143284300103,-1.68641154637787,0.572413888481449,-1.10902735959427,-0.107209717411035,-513.431829822243,4,2,"normal",37
"2678",-41.0203,0.192775642304862,0,1.23482920101625,80,0.000294077115539505,-15.2222233729393,29.7084893896776,-1.68641154637787,1.7725406067692,0.32987965937358,0.898337256270242,-7.43793301944464,-15.2222233729393,3.39143284300103,-1.68641154637787,0.572413888481449,-1.10902735959427,-0.107209717411035,-513.431829822243,4,2,"normal",38
"2679",3.3328,0.733735702549494,1,1.33041133726049,80,0.000294077115539505,-15.2222233729393,29.7084893896776,-1.68641154637787,1.7725406067692,0.32987965937358,0.898337256270242,-7.43793301944464,-15.2222233729393,3.39143284300103,-1.68641154637787,0.572413888481449,-1.10902735959427,-0.107209717411035,-513.431829822243,4,2,"normal",39
"2680",-23.71011,0.387617882126086,0,1.16443304882008,80,0.000294077115539505,-15.2222233729393,29.7084893896776,-1.68641154637787,1.7725406067692,0.32987965937358,0.898337256270242,-7.43793301944464,-15.2222233729393,3.39143284300103,-1.68641154637787,0.572413888481449,-1.10902735959427,-0.107209717411035,-513.431829822243,4,2,"normal",40
"2681",-21.3151,0.418799183909448,1,1.44727164365658,80,0.000294077115539505,-15.2222233729393,29.7084893896776,-1.68641154637787,1.7725406067692,0.32987965937358,0.898337256270242,-7.43793301944464,-15.2222233729393,3.39143284300103,-1.68641154637787,0.572413888481449,-1.10902735959427,-0.107209717411035,-513.431829822243,4,2,"normal",41
"2682",5.06833,0.752544288551399,1,1.22381443952089,80,0.000294077115539505,-15.2222233729393,29.7084893896776,-1.68641154637787,1.7725406067692,0.32987965937358,0.898337256270242,-7.43793301944464,-15.2222233729393,3.39143284300103,-1.68641154637787,0.572413888481449,-1.10902735959427,-0.107209717411035,-513.431829822243,4,2,"normal",42
"2683",-4.8572,0.63633418108191,0,1.13629050401688,80,0.000294077115539505,-15.2222233729393,29.7084893896776,-1.68641154637787,1.7725406067692,0.32987965937358,0.898337256270242,-7.43793301944464,-15.2222233729393,3.39143284300103,-1.68641154637787,0.572413888481449,-1.10902735959427,-0.107209717411035,-513.431829822243,4,2,"normal",43
"2684",3.74434,0.738260388115684,1,1.05118611505933,80,0.000294077115539505,-15.2222233729393,29.7084893896776,-1.68641154637787,1.7725406067692,0.32987965937358,0.898337256270242,-7.43793301944464,-15.2222233729393,3.39143284300103,-1.68641154637787,0.572413888481449,-1.10902735959427,-0.107209717411035,-513.431829822243,4,2,"normal",44
"2685",25.144423,0.912645508135681,0,1.13434672510036,80,0.000294077115539505,-15.2222233729393,29.7084893896776,-1.68641154637787,1.7725406067692,0.32987965937358,0.898337256270242,-7.43793301944464,-15.2222233729393,3.39143284300103,-1.68641154637787,0.572413888481449,-1.10902735959427,-0.107209717411035,-513.431829822243,4,2,"normal",45
"2686",16.75231,0.85888686983418,1,1.13413735672583,80,0.000294077115539505,-15.2222233729393,29.7084893896776,-1.68641154637787,1.7725406067692,0.32987965937358,0.898337256270242,-7.43793301944464,-15.2222233729393,3.39143284300103,-1.68641154637787,0.572413888481449,-1.10902735959427,-0.107209717411035,-513.431829822243,4,2,"normal",46
"2687",-9.1759277775,0.580588579576201,1,1.38421055435192,80,0.000294077115539505,-15.2222233729393,29.7084893896776,-1.68641154637787,1.7725406067692,0.32987965937358,0.898337256270242,-7.43793301944464,-15.2222233729393,3.39143284300103,-1.68641154637787,0.572413888481449,-1.10902735959427,-0.107209717411035,-513.431829822243,4,2,"normal",47
"2688",-19.18608,0.446959832634209,0,1.18778503400447,80,0.000294077115539505,-15.2222233729393,29.7084893896776,-1.68641154637787,1.7725406067692,0.32987965937358,0.898337256270242,-7.43793301944464,-15.2222233729393,3.39143284300103,-1.68641154637787,0.572413888481449,-1.10902735959427,-0.107209717411035,-513.431829822243,4,2,"normal",48
"2689",2.97934,0.729818173728997,1,1.16283211255766,80,0.000294077115539505,-15.2222233729393,29.7084893896776,-1.68641154637787,1.7725406067692,0.32987965937358,0.898337256270242,-7.43793301944464,-15.2222233729393,3.39143284300103,-1.68641154637787,0.572413888481449,-1.10902735959427,-0.107209717411035,-513.431829822243,4,2,"normal",49
"2690",-13.90281,0.517701583600302,0,1.04604711471712,80,0.000294077115539505,-15.2222233729393,29.7084893896776,-1.68641154637787,1.7725406067692,0.32987965937358,0.898337256270242,-7.43793301944464,-15.2222233729393,3.39143284300103,-1.68641154637787,0.572413888481449,-1.10902735959427,-0.107209717411035,-513.431829822243,4,2,"normal",50
"2691",11.78597,0.818165914912207,0,1.13168873552094,80,0.000294077115539505,-15.2222233729393,29.7084893896776,-1.68641154637787,1.7725406067692,0.32987965937358,0.898337256270242,-7.43793301944464,-15.2222233729393,3.39143284300103,-1.68641154637787,0.572413888481449,-1.10902735959427,-0.107209717411035,-513.431829822243,4,2,"normal",51
"2692",5.9647,0.761972629345336,1,1.12563567541984,80,0.000294077115539505,-15.2222233729393,29.7084893896776,-1.68641154637787,1.7725406067692,0.32987965937358,0.898337256270242,-7.43793301944464,-15.2222233729393,3.39143284300103,-1.68641154637787,0.572413888481449,-1.10902735959427,-0.107209717411035,-513.431829822243,4,2,"normal",52
"2693",17.28058,0.862821656191178,0,1.05006380146495,80,0.000294077115539505,-15.2222233729393,29.7084893896776,-1.68641154637787,1.7725406067692,0.32987965937358,0.898337256270242,-7.43793301944464,-15.2222233729393,3.39143284300103,-1.68641154637787,0.572413888481449,-1.10902735959427,-0.107209717411035,-513.431829822243,4,2,"normal",53
"2694",-15.48106,0.496526284660104,1,1.2067153476431,80,0.000294077115539505,-15.2222233729393,29.7084893896776,-1.68641154637787,1.7725406067692,0.32987965937358,0.898337256270242,-7.43793301944464,-15.2222233729393,3.39143284300103,-1.68641154637787,0.572413888481449,-1.10902735959427,-0.107209717411035,-513.431829822243,4,2,"normal",54
"2695",-30.08066,0.308600501971582,0,1.2652080652436,80,0.000294077115539505,-15.2222233729393,29.7084893896776,-1.68641154637787,1.7725406067692,0.32987965937358,0.898337256270242,-7.43793301944464,-15.2222233729393,3.39143284300103,-1.68641154637787,0.572413888481449,-1.10902735959427,-0.107209717411035,-513.431829822243,4,2,"normal",55
"2696",7.38343,0.776483552698304,1,1.11650683765088,80,0.000294077115539505,-15.2222233729393,29.7084893896776,-1.68641154637787,1.7725406067692,0.32987965937358,0.898337256270242,-7.43793301944464,-15.2222233729393,3.39143284300103,-1.68641154637787,0.572413888481449,-1.10902735959427,-0.107209717411035,-513.431829822243,4,2,"normal",56
"2697",22.56777,0.898083920935623,1,1.05739676311343,80,0.000294077115539505,-15.2222233729393,29.7084893896776,-1.68641154637787,1.7725406067692,0.32987965937358,0.898337256270242,-7.43793301944464,-15.2222233729393,3.39143284300103,-1.68641154637787,0.572413888481449,-1.10902735959427,-0.107209717411035,-513.431829822243,4,2,"normal",57
"2698",-34.1668,0.261980342854732,0,1.19360736375824,80,0.000294077115539505,-15.2222233729393,29.7084893896776,-1.68641154637787,1.7725406067692,0.32987965937358,0.898337256270242,-7.43793301944464,-15.2222233729393,3.39143284300103,-1.68641154637787,0.572413888481449,-1.10902735959427,-0.107209717411035,-513.431829822243,4,2,"normal",58
"2699",-14.99829,0.503005305998188,0,1.16123368191314,80,0.000294077115539505,-15.2222233729393,29.7084893896776,-1.68641154637787,1.7725406067692,0.32987965937358,0.898337256270242,-7.43793301944464,-15.2222233729393,3.39143284300103,-1.68641154637787,0.572413888481449,-1.10902735959427,-0.107209717411035,-513.431829822243,4,2,"normal",59
"2700",-30.27898,0.306255760116846,0,1.21047774484991,80,0.000294077115539505,-15.2222233729393,29.7084893896776,-1.68641154637787,1.7725406067692,0.32987965937358,0.898337256270242,-7.43793301944464,-15.2222233729393,3.39143284300103,-1.68641154637787,0.572413888481449,-1.10902735959427,-0.107209717411035,-513.431829822243,4,2,"normal",60
"2701",13.7543,0.835112354319183,0,1.18191739047702,80,0.000294077115539505,-15.2222233729393,29.7084893896776,-1.68641154637787,1.7725406067692,0.32987965937358,0.898337256270242,-7.43793301944464,-15.2222233729393,3.39143284300103,-1.68641154637787,0.572413888481449,-1.10902735959427,-0.107209717411035,-513.431829822243,4,2,"normal",61
"2702",12.91665,0.828029875310604,1,1.0796847128348,80,0.000294077115539505,-15.2222233729393,29.7084893896776,-1.68641154637787,1.7725406067692,0.32987965937358,0.898337256270242,-7.43793301944464,-15.2222233729393,3.39143284300103,-1.68641154637787,0.572413888481449,-1.10902735959427,-0.107209717411035,-513.431829822243,4,2,"normal",62
"2703",14.11861,0.838132728829467,1,1.26480176564865,80,0.000294077115539505,-15.2222233729393,29.7084893896776,-1.68641154637787,1.7725406067692,0.32987965937358,0.898337256270242,-7.43793301944464,-15.2222233729393,3.39143284300103,-1.68641154637787,0.572413888481449,-1.10902735959427,-0.107209717411035,-513.431829822243,4,2,"normal",63
"2704",6.15316,0.763929524695763,0,1.23474701407758,80,0.000294077115539505,-15.2222233729393,29.7084893896776,-1.68641154637787,1.7725406067692,0.32987965937358,0.898337256270242,-7.43793301944464,-15.2222233729393,3.39143284300103,-1.68641154637787,0.572413888481449,-1.10902735959427,-0.107209717411035,-513.431829822243,4,2,"normal",64
"2705",-2.28122,0.668337269686003,0,1.23039672170425,80,0.000294077115539505,-15.2222233729393,29.7084893896776,-1.68641154637787,1.7725406067692,0.32987965937358,0.898337256270242,-7.43793301944464,-15.2222233729393,3.39143284300103,-1.68641154637787,0.572413888481449,-1.10902735959427,-0.107209717411035,-513.431829822243,4,2,"normal",65
"2706",9.2852,0.795120647366433,1,1.02101620545344,80,0.000294077115539505,-15.2222233729393,29.7084893896776,-1.68641154637787,1.7725406067692,0.32987965937358,0.898337256270242,-7.43793301944464,-15.2222233729393,3.39143284300103,-1.68641154637787,0.572413888481449,-1.10902735959427,-0.107209717411035,-513.431829822243,4,2,"normal",66
"2707",-19.80097,0.438792594865509,1,1.30897899862305,80,0.000294077115539505,-15.2222233729393,29.7084893896776,-1.68641154637787,1.7725406067692,0.32987965937358,0.898337256270242,-7.43793301944464,-15.2222233729393,3.39143284300103,-1.68641154637787,0.572413888481449,-1.10902735959427,-0.107209717411035,-513.431829822243,4,2,"normal",67
"2708",-19.05236,0.448739068800298,0,1.05659986665537,80,0.000294077115539505,-15.2222233729393,29.7084893896776,-1.68641154637787,1.7725406067692,0.32987965937358,0.898337256270242,-7.43793301944464,-15.2222233729393,3.39143284300103,-1.68641154637787,0.572413888481449,-1.10902735959427,-0.107209717411035,-513.431829822243,4,2,"normal",68
"2709",39.28538,0.966454002995322,1,1.32686745115396,80,0.000294077115539505,-15.2222233729393,29.7084893896776,-1.68641154637787,1.7725406067692,0.32987965937358,0.898337256270242,-7.43793301944464,-15.2222233729393,3.39143284300103,-1.68641154637787,0.572413888481449,-1.10902735959427,-0.107209717411035,-513.431829822243,4,2,"normal",69
"2710",-42.80865,0.17674609491857,0,1.11651794638867,80,0.000294077115539505,-15.2222233729393,29.7084893896776,-1.68641154637787,1.7725406067692,0.32987965937358,0.898337256270242,-7.43793301944464,-15.2222233729393,3.39143284300103,-1.68641154637787,0.572413888481449,-1.10902735959427,-0.107209717411035,-513.431829822243,4,2,"normal",70
"2711",-42.41848,0.180169296369685,0,1.21534199992877,80,0.000294077115539505,-15.2222233729393,29.7084893896776,-1.68641154637787,1.7725406067692,0.32987965937358,0.898337256270242,-7.43793301944464,-15.2222233729393,3.39143284300103,-1.68641154637787,0.572413888481449,-1.10902735959427,-0.107209717411035,-513.431829822243,4,2,"normal",71
"2712",20.6589,0.88620550089035,1,1.16737087385859,80,0.000294077115539505,-15.2222233729393,29.7084893896776,-1.68641154637787,1.7725406067692,0.32987965937358,0.898337256270242,-7.43793301944464,-15.2222233729393,3.39143284300103,-1.68641154637787,0.572413888481449,-1.10902735959427,-0.107209717411035,-513.431829822243,4,2,"normal",72
"2713",6.4134,0.766617098768898,1,1.05709067886219,80,0.000294077115539505,-15.2222233729393,29.7084893896776,-1.68641154637787,1.7725406067692,0.32987965937358,0.898337256270242,-7.43793301944464,-15.2222233729393,3.39143284300103,-1.68641154637787,0.572413888481449,-1.10902735959427,-0.107209717411035,-513.431829822243,4,2,"normal",73
"2714",-14.02276,0.51609322200937,0,1.1645881639047,80,0.000294077115539505,-15.2222233729393,29.7084893896776,-1.68641154637787,1.7725406067692,0.32987965937358,0.898337256270242,-7.43793301944464,-15.2222233729393,3.39143284300103,-1.68641154637787,0.572413888481449,-1.10902735959427,-0.107209717411035,-513.431829822243,4,2,"normal",74
"2715",19.09571,0.87576554311838,1,1.04622583724542,80,0.000294077115539505,-15.2222233729393,29.7084893896776,-1.68641154637787,1.7725406067692,0.32987965937358,0.898337256270242,-7.43793301944464,-15.2222233729393,3.39143284300103,-1.68641154637787,0.572413888481449,-1.10902735959427,-0.107209717411035,-513.431829822243,4,2,"normal",75
"2716",-29.83603,0.311503561418016,0,1.22078177500404,80,0.000294077115539505,-15.2222233729393,29.7084893896776,-1.68641154637787,1.7725406067692,0.32987965937358,0.898337256270242,-7.43793301944464,-15.2222233729393,3.39143284300103,-1.68641154637787,0.572413888481449,-1.10902735959427,-0.107209717411035,-513.431829822243,4,2,"normal",76
"2717",29.39881,0.933191653909613,1,1.09337652295068,80,0.000294077115539505,-15.2222233729393,29.7084893896776,-1.68641154637787,1.7725406067692,0.32987965937358,0.898337256270242,-7.43793301944464,-15.2222233729393,3.39143284300103,-1.68641154637787,0.572413888481449,-1.10902735959427,-0.107209717411035,-513.431829822243,4,2,"normal",77
"2718",-36.9941,0.231982584687516,1,1.01202697179457,80,0.000294077115539505,-15.2222233729393,29.7084893896776,-1.68641154637787,1.7725406067692,0.32987965937358,0.898337256270242,-7.43793301944464,-15.2222233729393,3.39143284300103,-1.68641154637787,0.572413888481449,-1.10902735959427,-0.107209717411035,-513.431829822243,4,2,"normal",78
"2719",-21.47186,0.416740267359531,0,1.18556711231002,80,0.000294077115539505,-15.2222233729393,29.7084893896776,-1.68641154637787,1.7725406067692,0.32987965937358,0.898337256270242,-7.43793301944464,-15.2222233729393,3.39143284300103,-1.68641154637787,0.572413888481449,-1.10902735959427,-0.107209717411035,-513.431829822243,4,2,"normal",79
"2720",-7.846696,0.597976991069004,1,1.15855121727495,80,0.000294077115539505,-15.2222233729393,29.7084893896776,-1.68641154637787,1.7725406067692,0.32987965937358,0.898337256270242,-7.43793301944464,-15.2222233729393,3.39143284300103,-1.68641154637787,0.572413888481449,-1.10902735959427,-0.107209717411035,-513.431829822243,4,2,"normal",80
"2721",7.4455764804,0.743332093184297,1,0.534938227216138,80,0.00432329675043,-3.92491344195215,17.2213987891497,-1.94343882439633,3.86025178213294,0.295391769672614,0.233401879743533,-4.74190565835229,-3.92491344195215,2.84615272619707,-1.94343882439633,1.3507324098813,-1.21945277090938,-1.45499350541947,-292.922215571978,5,2,"normal",1
"2722",-7.31680727947,0.422605204867969,0,0.438505947154699,80,0.00432329675043,-3.92491344195215,17.2213987891497,-1.94343882439633,3.86025178213294,0.295391769672614,0.233401879743533,-4.74190565835229,-3.92491344195215,2.84615272619707,-1.94343882439633,1.3507324098813,-1.21945277090938,-1.45499350541947,-292.922215571978,5,2,"normal",2
"2723",1.57678855443,0.624230985440627,1,0.647110603284879,80,0.00432329675043,-3.92491344195215,17.2213987891497,-1.94343882439633,3.86025178213294,0.295391769672614,0.233401879743533,-4.74190565835229,-3.92491344195215,2.84615272619707,-1.94343882439633,1.3507324098813,-1.21945277090938,-1.45499350541947,-292.922215571978,5,2,"normal",3
"2724",-3.56639324824,0.508232891616614,0,0.613925974815223,80,0.00432329675043,-3.92491344195215,17.2213987891497,-1.94343882439633,3.86025178213294,0.295391769672614,0.233401879743533,-4.74190565835229,-3.92491344195215,2.84615272619707,-1.94343882439633,1.3507324098813,-1.21945277090938,-1.45499350541947,-292.922215571978,5,2,"normal",4
"2725",-3.45621,0.510762537436527,1,0.658827121990449,80,0.00432329675043,-3.92491344195215,17.2213987891497,-1.94343882439633,3.86025178213294,0.295391769672614,0.233401879743533,-4.74190565835229,-3.92491344195215,2.84615272619707,-1.94343882439633,1.3507324098813,-1.21945277090938,-1.45499350541947,-292.922215571978,5,2,"normal",5
"2726",27.16009,0.960448344481937,1,0.371127387226827,80,0.00432329675043,-3.92491344195215,17.2213987891497,-1.94343882439633,3.86025178213294,0.295391769672614,0.233401879743533,-4.74190565835229,-3.92491344195215,2.84615272619707,-1.94343882439633,1.3507324098813,-1.21945277090938,-1.45499350541947,-292.922215571978,5,2,"normal",6
"2727",-0.855399999999999,0.570120505833616,0,0.716179357867756,80,0.00432329675043,-3.92491344195215,17.2213987891497,-1.94343882439633,3.86025178213294,0.295391769672614,0.233401879743533,-4.74190565835229,-3.92491344195215,2.84615272619707,-1.94343882439633,1.3507324098813,-1.21945277090938,-1.45499350541947,-292.922215571978,5,2,"normal",7
"2728",-20.75141,0.167170415602726,0,0.458359878302363,80,0.00432329675043,-3.92491344195215,17.2213987891497,-1.94343882439633,3.86025178213294,0.295391769672614,0.233401879743533,-4.74190565835229,-3.92491344195215,2.84615272619707,-1.94343882439633,1.3507324098813,-1.21945277090938,-1.45499350541947,-292.922215571978,5,2,"normal",8
"2729",5.84488,0.712889836467882,1,0.458277707641857,80,0.00432329675043,-3.92491344195215,17.2213987891497,-1.94343882439633,3.86025178213294,0.295391769672614,0.233401879743533,-4.74190565835229,-3.92491344195215,2.84615272619707,-1.94343882439633,1.3507324098813,-1.21945277090938,-1.45499350541947,-292.922215571978,5,2,"normal",9
"2730",22.0694,0.930648064513968,1,0.447904111225729,80,0.00432329675043,-3.92491344195215,17.2213987891497,-1.94343882439633,3.86025178213294,0.295391769672614,0.233401879743533,-4.74190565835229,-3.92491344195215,2.84615272619707,-1.94343882439633,1.3507324098813,-1.21945277090938,-1.45499350541947,-292.922215571978,5,2,"normal",10
"2731",2.1832,0.637387638857856,1,0.654498143090044,80,0.00432329675043,-3.92491344195215,17.2213987891497,-1.94343882439633,3.86025178213294,0.295391769672614,0.233401879743533,-4.74190565835229,-3.92491344195215,2.84615272619707,-1.94343882439633,1.3507324098813,-1.21945277090938,-1.45499350541947,-292.922215571978,5,2,"normal",11
"2732",12.04063,0.82026309325058,1,0.609494606601135,80,0.00432329675043,-3.92491344195215,17.2213987891497,-1.94343882439633,3.86025178213294,0.295391769672614,0.233401879743533,-4.74190565835229,-3.92491344195215,2.84615272619707,-1.94343882439633,1.3507324098813,-1.21945277090938,-1.45499350541947,-292.922215571978,5,2,"normal",12
"2733",-5.111644,0.472768054881259,1,0.641204033236021,80,0.00432329675043,-3.92491344195215,17.2213987891497,-1.94343882439633,3.86025178213294,0.295391769672614,0.233401879743533,-4.74190565835229,-3.92491344195215,2.84615272619707,-1.94343882439633,1.3507324098813,-1.21945277090938,-1.45499350541947,-292.922215571978,5,2,"normal",13
"2734",-8.72034,0.391278883695014,0,0.436155972171948,80,0.00432329675043,-3.92491344195215,17.2213987891497,-1.94343882439633,3.86025178213294,0.295391769672614,0.233401879743533,-4.74190565835229,-3.92491344195215,2.84615272619707,-1.94343882439633,1.3507324098813,-1.21945277090938,-1.45499350541947,-292.922215571978,5,2,"normal",14
"2735",-8.813862,0.389214377494021,1,0.732531200524772,80,0.00432329675043,-3.92491344195215,17.2213987891497,-1.94343882439633,3.86025178213294,0.295391769672614,0.233401879743533,-4.74190565835229,-3.92491344195215,2.84615272619707,-1.94343882439633,1.3507324098813,-1.21945277090938,-1.45499350541947,-292.922215571978,5,2,"normal",15
"2736",-2.46388,0.533512712245426,1,0.895197377607006,80,0.00432329675043,-3.92491344195215,17.2213987891497,-1.94343882439633,3.86025178213294,0.295391769672614,0.233401879743533,-4.74190565835229,-3.92491344195215,2.84615272619707,-1.94343882439633,1.3507324098813,-1.21945277090938,-1.45499350541947,-292.922215571978,5,2,"normal",16
"2737",2.12398,0.636109771873589,1,0.566614927887272,80,0.00432329675043,-3.92491344195215,17.2213987891497,-1.94343882439633,3.86025178213294,0.295391769672614,0.233401879743533,-4.74190565835229,-3.92491344195215,2.84615272619707,-1.94343882439633,1.3507324098813,-1.21945277090938,-1.45499350541947,-292.922215571978,5,2,"normal",17
"2738",1.85689,0.630327426966011,1,0.665624574486045,80,0.00432329675043,-3.92491344195215,17.2213987891497,-1.94343882439633,3.86025178213294,0.295391769672614,0.233401879743533,-4.74190565835229,-3.92491344195215,2.84615272619707,-1.94343882439633,1.3507324098813,-1.21945277090938,-1.45499350541947,-292.922215571978,5,2,"normal",18
"2739",-12.8173,0.304507697893564,0,0.514994367807872,80,0.00432329675043,-3.92491344195215,17.2213987891497,-1.94343882439633,3.86025178213294,0.295391769672614,0.233401879743533,-4.74190565835229,-3.92491344195215,2.84615272619707,-1.94343882439633,1.3507324098813,-1.21945277090938,-1.45499350541947,-292.922215571978,5,2,"normal",19
"2740",-10.78602,0.346504302629011,0,0.647547375533533,80,0.00432329675043,-3.92491344195215,17.2213987891497,-1.94343882439633,3.86025178213294,0.295391769672614,0.233401879743533,-4.74190565835229,-3.92491344195215,2.84615272619707,-1.94343882439633,1.3507324098813,-1.21945277090938,-1.45499350541947,-292.922215571978,5,2,"normal",20
"2741",-0.42649,0.579792796751899,0,0.63339869688755,80,0.00432329675043,-3.92491344195215,17.2213987891497,-1.94343882439633,3.86025178213294,0.295391769672614,0.233401879743533,-4.74190565835229,-3.92491344195215,2.84615272619707,-1.94343882439633,1.3507324098813,-1.21945277090938,-1.45499350541947,-292.922215571978,5,2,"normal",21
"2742",-9.0096,0.384903803953963,1,0.513717008694568,80,0.00432329675043,-3.92491344195215,17.2213987891497,-1.94343882439633,3.86025178213294,0.295391769672614,0.233401879743533,-4.74190565835229,-3.92491344195215,2.84615272619707,-1.94343882439633,1.3507324098813,-1.21945277090938,-1.45499350541947,-292.922215571978,5,2,"normal",22
"2743",-1.9317,0.545672542992308,0,0.597758088134732,80,0.00432329675043,-3.92491344195215,17.2213987891497,-1.94343882439633,3.86025178213294,0.295391769672614,0.233401879743533,-4.74190565835229,-3.92491344195215,2.84615272619707,-1.94343882439633,1.3507324098813,-1.21945277090938,-1.45499350541947,-292.922215571978,5,2,"normal",23
"2744",10.18821,0.79121253915318,0,0.564588781482294,80,0.00432329675043,-3.92491344195215,17.2213987891497,-1.94343882439633,3.86025178213294,0.295391769672614,0.233401879743533,-4.74190565835229,-3.92491344195215,2.84615272619707,-1.94343882439633,1.3507324098813,-1.21945277090938,-1.45499350541947,-292.922215571978,5,2,"normal",24
"2745",4.0896,0.677621498977495,1,0.68745862403633,80,0.00432329675043,-3.92491344195215,17.2213987891497,-1.94343882439633,3.86025178213294,0.295391769672614,0.233401879743533,-4.74190565835229,-3.92491344195215,2.84615272619707,-1.94343882439633,1.3507324098813,-1.21945277090938,-1.45499350541947,-292.922215571978,5,2,"normal",25
"2746",-18.78705,0.196712898469442,0,0.606552757969351,80,0.00432329675043,-3.92491344195215,17.2213987891497,-1.94343882439633,3.86025178213294,0.295391769672614,0.233401879743533,-4.74190565835229,-3.92491344195215,2.84615272619707,-1.94343882439633,1.3507324098813,-1.21945277090938,-1.45499350541947,-292.922215571978,5,2,"normal",26
"2747",-4.75919967151,0.48084794529534,0,0.500969936457717,80,0.00432329675043,-3.92491344195215,17.2213987891497,-1.94343882439633,3.86025178213294,0.295391769672614,0.233401879743533,-4.74190565835229,-3.92491344195215,2.84615272619707,-1.94343882439633,1.3507324098813,-1.21945277090938,-1.45499350541947,-292.922215571978,5,2,"normal",27
"2748",17.90852,0.894129204363577,1,0.380369142726037,80,0.00432329675043,-3.92491344195215,17.2213987891497,-1.94343882439633,3.86025178213294,0.295391769672614,0.233401879743533,-4.74190565835229,-3.92491344195215,2.84615272619707,-1.94343882439633,1.3507324098813,-1.21945277090938,-1.45499350541947,-292.922215571978,5,2,"normal",28
"2749",7.36019,0.74175264093181,1,0.665840863570344,80,0.00432329675043,-3.92491344195215,17.2213987891497,-1.94343882439633,3.86025178213294,0.295391769672614,0.233401879743533,-4.74190565835229,-3.92491344195215,2.84615272619707,-1.94343882439633,1.3507324098813,-1.21945277090938,-1.45499350541947,-292.922215571978,5,2,"normal",29
"2750",8.75223,0.766845980967894,1,0.486403379290697,80,0.00432329675043,-3.92491344195215,17.2213987891497,-1.94343882439633,3.86025178213294,0.295391769672614,0.233401879743533,-4.74190565835229,-3.92491344195215,2.84615272619707,-1.94343882439633,1.3507324098813,-1.21945277090938,-1.45499350541947,-292.922215571978,5,2,"normal",30
"2751",-3.43229,0.511311650941703,1,0.605989946529063,80,0.00432329675043,-3.92491344195215,17.2213987891497,-1.94343882439633,3.86025178213294,0.295391769672614,0.233401879743533,-4.74190565835229,-3.92491344195215,2.84615272619707,-1.94343882439633,1.3507324098813,-1.21945277090938,-1.45499350541947,-292.922215571978,5,2,"normal",31
"2752",-13.20296,0.296801622363754,0,0.705233587023922,80,0.00432329675043,-3.92491344195215,17.2213987891497,-1.94343882439633,3.86025178213294,0.295391769672614,0.233401879743533,-4.74190565835229,-3.92491344195215,2.84615272619707,-1.94343882439633,1.3507324098813,-1.21945277090938,-1.45499350541947,-292.922215571978,5,2,"normal",32
"2753",-14.34655,0.274504376633254,0,0.398278604363709,80,0.00432329675043,-3.92491344195215,17.2213987891497,-1.94343882439633,3.86025178213294,0.295391769672614,0.233401879743533,-4.74190565835229,-3.92491344195215,2.84615272619707,-1.94343882439633,1.3507324098813,-1.21945277090938,-1.45499350541947,-292.922215571978,5,2,"normal",33
"2754",0.32587,0.596637802944311,1,0.750635683167965,80,0.00432329675043,-3.92491344195215,17.2213987891497,-1.94343882439633,3.86025178213294,0.295391769672614,0.233401879743533,-4.74190565835229,-3.92491344195215,2.84615272619707,-1.94343882439633,1.3507324098813,-1.21945277090938,-1.45499350541947,-292.922215571978,5,2,"normal",34
"2755",2.39943,0.642040189485842,1,0.628748648902072,80,0.00432329675043,-3.92491344195215,17.2213987891497,-1.94343882439633,3.86025178213294,0.295391769672614,0.233401879743533,-4.74190565835229,-3.92491344195215,2.84615272619707,-1.94343882439633,1.3507324098813,-1.21945277090938,-1.45499350541947,-292.922215571978,5,2,"normal",35
"2756",-14.68769,0.268020247838832,1,0.730171323846146,80,0.00432329675043,-3.92491344195215,17.2213987891497,-1.94343882439633,3.86025178213294,0.295391769672614,0.233401879743533,-4.74190565835229,-3.92491344195215,2.84615272619707,-1.94343882439633,1.3507324098813,-1.21945277090938,-1.45499350541947,-292.922215571978,5,2,"normal",36
"2757",-0.15192,0.585959323400822,0,0.597240432973371,80,0.00432329675043,-3.92491344195215,17.2213987891497,-1.94343882439633,3.86025178213294,0.295391769672614,0.233401879743533,-4.74190565835229,-3.92491344195215,2.84615272619707,-1.94343882439633,1.3507324098813,-1.21945277090938,-1.45499350541947,-292.922215571978,5,2,"normal",37
"2758",1.62855,0.62536001487137,1,0.501712034368137,80,0.00432329675043,-3.92491344195215,17.2213987891497,-1.94343882439633,3.86025178213294,0.295391769672614,0.233401879743533,-4.74190565835229,-3.92491344195215,2.84615272619707,-1.94343882439633,1.3507324098813,-1.21945277090938,-1.45499350541947,-292.922215571978,5,2,"normal",38
"2759",-12.27619,0.315470335306103,1,0.502528888781784,80,0.00432329675043,-3.92491344195215,17.2213987891497,-1.94343882439633,3.86025178213294,0.295391769672614,0.233401879743533,-4.74190565835229,-3.92491344195215,2.84615272619707,-1.94343882439633,1.3507324098813,-1.21945277090938,-1.45499350541947,-292.922215571978,5,2,"normal",39
"2760",4.57747,0.687608313918659,1,0.432335167159759,80,0.00432329675043,-3.92491344195215,17.2213987891497,-1.94343882439633,3.86025178213294,0.295391769672614,0.233401879743533,-4.74190565835229,-3.92491344195215,2.84615272619707,-1.94343882439633,1.3507324098813,-1.21945277090938,-1.45499350541947,-292.922215571978,5,2,"normal",40
"2761",-6.77804,0.434775901283934,1,0.945172397169955,80,0.00432329675043,-3.92491344195215,17.2213987891497,-1.94343882439633,3.86025178213294,0.295391769672614,0.233401879743533,-4.74190565835229,-3.92491344195215,2.84615272619707,-1.94343882439633,1.3507324098813,-1.21945277090938,-1.45499350541947,-292.922215571978,5,2,"normal",41
"2762",-23.4456,0.131711570437524,0,0.540729007856182,80,0.00432329675043,-3.92491344195215,17.2213987891497,-1.94343882439633,3.86025178213294,0.295391769672614,0.233401879743533,-4.74190565835229,-3.92491344195215,2.84615272619707,-1.94343882439633,1.3507324098813,-1.21945277090938,-1.45499350541947,-292.922215571978,5,2,"normal",42
"2763",5.1937,0.700023708947387,1,0.498170925735695,80,0.00432329675043,-3.92491344195215,17.2213987891497,-1.94343882439633,3.86025178213294,0.295391769672614,0.233401879743533,-4.74190565835229,-3.92491344195215,2.84615272619707,-1.94343882439633,1.3507324098813,-1.21945277090938,-1.45499350541947,-292.922215571978,5,2,"normal",43
"2764",0.128579999999999,0.592236816570465,1,0.58595102399522,80,0.00432329675043,-3.92491344195215,17.2213987891497,-1.94343882439633,3.86025178213294,0.295391769672614,0.233401879743533,-4.74190565835229,-3.92491344195215,2.84615272619707,-1.94343882439633,1.3507324098813,-1.21945277090938,-1.45499350541947,-292.922215571978,5,2,"normal",44
"2765",-14.96806,0.262750846118331,0,0.467478882902051,80,0.00432329675043,-3.92491344195215,17.2213987891497,-1.94343882439633,3.86025178213294,0.295391769672614,0.233401879743533,-4.74190565835229,-3.92491344195215,2.84615272619707,-1.94343882439633,1.3507324098813,-1.21945277090938,-1.45499350541947,-292.922215571978,5,2,"normal",45
"2766",-4.55107,0.485623359983252,1,1.29495632061298,80,0.00432329675043,-3.92491344195215,17.2213987891497,-1.94343882439633,3.86025178213294,0.295391769672614,0.233401879743533,-4.74190565835229,-3.92491344195215,2.84615272619707,-1.94343882439633,1.3507324098813,-1.21945277090938,-1.45499350541947,-292.922215571978,5,2,"normal",46
"2767",-18.03349,0.208862104919219,1,0.379648116720926,80,0.00432329675043,-3.92491344195215,17.2213987891497,-1.94343882439633,3.86025178213294,0.295391769672614,0.233401879743533,-4.74190565835229,-3.92491344195215,2.84615272619707,-1.94343882439633,1.3507324098813,-1.21945277090938,-1.45499350541947,-292.922215571978,5,2,"normal",47
"2768",-16.7084183,0.231295375452895,0,0.60217315051844,80,0.00432329675043,-3.92491344195215,17.2213987891497,-1.94343882439633,3.86025178213294,0.295391769672614,0.233401879743533,-4.74190565835229,-3.92491344195215,2.84615272619707,-1.94343882439633,1.3507324098813,-1.21945277090938,-1.45499350541947,-292.922215571978,5,2,"normal",48
"2769",-33.7618,0.0455517902999385,1,0.412373057559219,80,0.00432329675043,-3.92491344195215,17.2213987891497,-1.94343882439633,3.86025178213294,0.295391769672614,0.233401879743533,-4.74190565835229,-3.92491344195215,2.84615272619707,-1.94343882439633,1.3507324098813,-1.21945277090938,-1.45499350541947,-292.922215571978,5,2,"normal",49
"2770",-13.37462,0.293401152707939,1,0.512974601250959,80,0.00432329675043,-3.92491344195215,17.2213987891497,-1.94343882439633,3.86025178213294,0.295391769672614,0.233401879743533,-4.74190565835229,-3.92491344195215,2.84615272619707,-1.94343882439633,1.3507324098813,-1.21945277090938,-1.45499350541947,-292.922215571978,5,2,"normal",50
"2771",-20.11305,0.176430632217914,0,0.434892482632589,80,0.00432329675043,-3.92491344195215,17.2213987891497,-1.94343882439633,3.86025178213294,0.295391769672614,0.233401879743533,-4.74190565835229,-3.92491344195215,2.84615272619707,-1.94343882439633,1.3507324098813,-1.21945277090938,-1.45499350541947,-292.922215571978,5,2,"normal",51
"2772",-7.86635,0.410268184619091,0,0.580442202017306,80,0.00432329675043,-3.92491344195215,17.2213987891497,-1.94343882439633,3.86025178213294,0.295391769672614,0.233401879743533,-4.74190565835229,-3.92491344195215,2.84615272619707,-1.94343882439633,1.3507324098813,-1.21945277090938,-1.45499350541947,-292.922215571978,5,2,"normal",52
"2773",-35.91771,0.0356533582124123,0,0.392967618736695,80,0.00432329675043,-3.92491344195215,17.2213987891497,-1.94343882439633,3.86025178213294,0.295391769672614,0.233401879743533,-4.74190565835229,-3.92491344195215,2.84615272619707,-1.94343882439633,1.3507324098813,-1.21945277090938,-1.45499350541947,-292.922215571978,5,2,"normal",53
"2774",4.27288,0.681389164354876,1,0.461418379263556,80,0.00432329675043,-3.92491344195215,17.2213987891497,-1.94343882439633,3.86025178213294,0.295391769672614,0.233401879743533,-4.74190565835229,-3.92491344195215,2.84615272619707,-1.94343882439633,1.3507324098813,-1.21945277090938,-1.45499350541947,-292.922215571978,5,2,"normal",54
"2775",-2.61541,0.530044047330201,1,0.555310296402459,80,0.00432329675043,-3.92491344195215,17.2213987891497,-1.94343882439633,3.86025178213294,0.295391769672614,0.233401879743533,-4.74190565835229,-3.92491344195215,2.84615272619707,-1.94343882439633,1.3507324098813,-1.21945277090938,-1.45499350541947,-292.922215571978,5,2,"normal",55
"2776",-4.71413,0.481881829622941,0,1.08935355951868,80,0.00432329675043,-3.92491344195215,17.2213987891497,-1.94343882439633,3.86025178213294,0.295391769672614,0.233401879743533,-4.74190565835229,-3.92491344195215,2.84615272619707,-1.94343882439633,1.3507324098813,-1.21945277090938,-1.45499350541947,-292.922215571978,5,2,"normal",56
"2777",-5.60855,0.461396461612484,0,0.910690398576276,80,0.00432329675043,-3.92491344195215,17.2213987891497,-1.94343882439633,3.86025178213294,0.295391769672614,0.233401879743533,-4.74190565835229,-3.92491344195215,2.84615272619707,-1.94343882439633,1.3507324098813,-1.21945277090938,-1.45499350541947,-292.922215571978,5,2,"normal",57
"2778",-11.75936,0.326098334414145,0,0.510568245358414,80,0.00432329675043,-3.92491344195215,17.2213987891497,-1.94343882439633,3.86025178213294,0.295391769672614,0.233401879743533,-4.74190565835229,-3.92491344195215,2.84615272619707,-1.94343882439633,1.3507324098813,-1.21945277090938,-1.45499350541947,-292.922215571978,5,2,"normal",58
"2779",0.43643,0.59909868768589,0,0.626522024561663,80,0.00432329675043,-3.92491344195215,17.2213987891497,-1.94343882439633,3.86025178213294,0.295391769672614,0.233401879743533,-4.74190565835229,-3.92491344195215,2.84615272619707,-1.94343882439633,1.3507324098813,-1.21945277090938,-1.45499350541947,-292.922215571978,5,2,"normal",59
"2780",-10.48615,0.352887250292971,0,0.60094623413458,80,0.00432329675043,-3.92491344195215,17.2213987891497,-1.94343882439633,3.86025178213294,0.295391769672614,0.233401879743533,-4.74190565835229,-3.92491344195215,2.84615272619707,-1.94343882439633,1.3507324098813,-1.21945277090938,-1.45499350541947,-292.922215571978,5,2,"normal",60
"2781",-4.96547,0.476117947827681,0,0.590624592679787,80,0.00432329675043,-3.92491344195215,17.2213987891497,-1.94343882439633,3.86025178213294,0.295391769672614,0.233401879743533,-4.74190565835229,-3.92491344195215,2.84615272619707,-1.94343882439633,1.3507324098813,-1.21945277090938,-1.45499350541947,-292.922215571978,5,2,"normal",61
"2782",21.49162,0.926292380135272,1,0.516589601749883,80,0.00432329675043,-3.92491344195215,17.2213987891497,-1.94343882439633,3.86025178213294,0.295391769672614,0.233401879743533,-4.74190565835229,-3.92491344195215,2.84615272619707,-1.94343882439633,1.3507324098813,-1.21945277090938,-1.45499350541947,-292.922215571978,5,2,"normal",62
"2783",-21.70066,0.154009415586958,0,0.357504765228195,80,0.00432329675043,-3.92491344195215,17.2213987891497,-1.94343882439633,3.86025178213294,0.295391769672614,0.233401879743533,-4.74190565835229,-3.92491344195215,2.84615272619707,-1.94343882439633,1.3507324098813,-1.21945277090938,-1.45499350541947,-292.922215571978,5,2,"normal",63
"2784",18.90264,0.903979473952529,1,0.45281246482703,80,0.00432329675043,-3.92491344195215,17.2213987891497,-1.94343882439633,3.86025178213294,0.295391769672614,0.233401879743533,-4.74190565835229,-3.92491344195215,2.84615272619707,-1.94343882439633,1.3507324098813,-1.21945277090938,-1.45499350541947,-292.922215571978,5,2,"normal",64
"2785",-34.96346,0.039761399301605,0,0.494740085854898,80,0.00432329675043,-3.92491344195215,17.2213987891497,-1.94343882439633,3.86025178213294,0.295391769672614,0.233401879743533,-4.74190565835229,-3.92491344195215,2.84615272619707,-1.94343882439633,1.3507324098813,-1.21945277090938,-1.45499350541947,-292.922215571978,5,2,"normal",65
"2786",-16.71222,0.231229098715434,1,0.38918220330635,80,0.00432329675043,-3.92491344195215,17.2213987891497,-1.94343882439633,3.86025178213294,0.295391769672614,0.233401879743533,-4.74190565835229,-3.92491344195215,2.84615272619707,-1.94343882439633,1.3507324098813,-1.21945277090938,-1.45499350541947,-292.922215571978,5,2,"normal",66
"2787",-14.62683,0.269171226177637,0,0.494074953481003,80,0.00432329675043,-3.92491344195215,17.2213987891497,-1.94343882439633,3.86025178213294,0.295391769672614,0.233401879743533,-4.74190565835229,-3.92491344195215,2.84615272619707,-1.94343882439633,1.3507324098813,-1.21945277090938,-1.45499350541947,-292.922215571978,5,2,"normal",67
"2788",-8.1671,0.403553714386566,0,0.538318676552462,80,0.00432329675043,-3.92491344195215,17.2213987891497,-1.94343882439633,3.86025178213294,0.295391769672614,0.233401879743533,-4.74190565835229,-3.92491344195215,2.84615272619707,-1.94343882439633,1.3507324098813,-1.21945277090938,-1.45499350541947,-292.922215571978,5,2,"normal",68
"2789",17.17681,0.886402446360962,1,0.385015030610094,80,0.00432329675043,-3.92491344195215,17.2213987891497,-1.94343882439633,3.86025178213294,0.295391769672614,0.233401879743533,-4.74190565835229,-3.92491344195215,2.84615272619707,-1.94343882439633,1.3507324098813,-1.21945277090938,-1.45499350541947,-292.922215571978,5,2,"normal",69
"2790",-13.50644,0.290802464928105,0,0.48169493808401,80,0.00432329675043,-3.92491344195215,17.2213987891497,-1.94343882439633,3.86025178213294,0.295391769672614,0.233401879743533,-4.74190565835229,-3.92491344195215,2.84615272619707,-1.94343882439633,1.3507324098813,-1.21945277090938,-1.45499350541947,-292.922215571978,5,2,"normal",70
"2791",13.76661,0.844852316761844,0,0.423837758310784,80,0.00432329675043,-3.92491344195215,17.2213987891497,-1.94343882439633,3.86025178213294,0.295391769672614,0.233401879743533,-4.74190565835229,-3.92491344195215,2.84615272619707,-1.94343882439633,1.3507324098813,-1.21945277090938,-1.45499350541947,-292.922215571978,5,2,"normal",71
"2792",3.95792,0.674903001037691,0,0.508549247816371,80,0.00432329675043,-3.92491344195215,17.2213987891497,-1.94343882439633,3.86025178213294,0.295391769672614,0.233401879743533,-4.74190565835229,-3.92491344195215,2.84615272619707,-1.94343882439633,1.3507324098813,-1.21945277090938,-1.45499350541947,-292.922215571978,5,2,"normal",72
"2793",-0.60331,0.575810938670504,1,0.627819676523894,80,0.00432329675043,-3.92491344195215,17.2213987891497,-1.94343882439633,3.86025178213294,0.295391769672614,0.233401879743533,-4.74190565835229,-3.92491344195215,2.84615272619707,-1.94343882439633,1.3507324098813,-1.21945277090938,-1.45499350541947,-292.922215571978,5,2,"normal",73
"2794",-27.31962,0.090727410328046,0,0.378161261688999,80,0.00432329675043,-3.92491344195215,17.2213987891497,-1.94343882439633,3.86025178213294,0.295391769672614,0.233401879743533,-4.74190565835229,-3.92491344195215,2.84615272619707,-1.94343882439633,1.3507324098813,-1.21945277090938,-1.45499350541947,-292.922215571978,5,2,"normal",74
"2795",-8.83519,0.388744003387869,0,0.642341747565701,80,0.00432329675043,-3.92491344195215,17.2213987891497,-1.94343882439633,3.86025178213294,0.295391769672614,0.233401879743533,-4.74190565835229,-3.92491344195215,2.84615272619707,-1.94343882439633,1.3507324098813,-1.21945277090938,-1.45499350541947,-292.922215571978,5,2,"normal",75
"2796",-15.80081,0.247425476593838,0,0.482776733680403,80,0.00432329675043,-3.92491344195215,17.2213987891497,-1.94343882439633,3.86025178213294,0.295391769672614,0.233401879743533,-4.74190565835229,-3.92491344195215,2.84615272619707,-1.94343882439633,1.3507324098813,-1.21945277090938,-1.45499350541947,-292.922215571978,5,2,"normal",76
"2797",2.42041,0.642490480380602,1,0.510233171417072,80,0.00432329675043,-3.92491344195215,17.2213987891497,-1.94343882439633,3.86025178213294,0.295391769672614,0.233401879743533,-4.74190565835229,-3.92491344195215,2.84615272619707,-1.94343882439633,1.3507324098813,-1.21945277090938,-1.45499350541947,-292.922215571978,5,2,"normal",77
"2798",-23.37535,0.132562155012165,1,0.515000094476571,80,0.00432329675043,-3.92491344195215,17.2213987891497,-1.94343882439633,3.86025178213294,0.295391769672614,0.233401879743533,-4.74190565835229,-3.92491344195215,2.84615272619707,-1.94343882439633,1.3507324098813,-1.21945277090938,-1.45499350541947,-292.922215571978,5,2,"normal",78
"2799",-0.2049,0.584771081518089,1,0.511930024251244,80,0.00432329675043,-3.92491344195215,17.2213987891497,-1.94343882439633,3.86025178213294,0.295391769672614,0.233401879743533,-4.74190565835229,-3.92491344195215,2.84615272619707,-1.94343882439633,1.3507324098813,-1.21945277090938,-1.45499350541947,-292.922215571978,5,2,"normal",79
"2800",3.61172,0.667710654080986,1,0.515584986109405,80,0.00432329675043,-3.92491344195215,17.2213987891497,-1.94343882439633,3.86025178213294,0.295391769672614,0.233401879743533,-4.74190565835229,-3.92491344195215,2.84615272619707,-1.94343882439633,1.3507324098813,-1.21945277090938,-1.45499350541947,-292.922215571978,5,2,"normal",80
"2801",10.1299851437,0.437177122123385,0,1.0862122153995,80,0.00222086863930092,12.3485769342757,13.9673216654275,-1.5941613524371,3.40560422267116,0.473307466011828,0.694512717845619,-5.4122580690016,12.3485769342757,2.63672043444631,-1.5941613524371,1.22542237545092,-0.748010067819052,-0.364544804722693,-333.459419801745,6,2,"normal",1
"2802",9.5415492395,0.42071433177126,1,1.01676184562921,80,0.00222086863930092,12.3485769342757,13.9673216654275,-1.5941613524371,3.40560422267116,0.473307466011828,0.694512717845619,-5.4122580690016,12.3485769342757,2.63672043444631,-1.5941613524371,1.22542237545092,-0.748010067819052,-0.364544804722693,-333.459419801745,6,2,"normal",2
"2803",1.7020468635,0.224187258491262,0,1.70267715774331,80,0.00222086863930092,12.3485769342757,13.9673216654275,-1.5941613524371,3.40560422267116,0.473307466011828,0.694512717845619,-5.4122580690016,12.3485769342757,2.63672043444631,-1.5941613524371,1.22542237545092,-0.748010067819052,-0.364544804722693,-333.459419801745,6,2,"normal",3
"2804",9.2598588593,0.412880830036673,0,1.09050573060636,80,0.00222086863930092,12.3485769342757,13.9673216654275,-1.5941613524371,3.40560422267116,0.473307466011828,0.694512717845619,-5.4122580690016,12.3485769342757,2.63672043444631,-1.5941613524371,1.22542237545092,-0.748010067819052,-0.364544804722693,-333.459419801745,6,2,"normal",4
"2805",13.310739026,0.527338109664681,0,1.18942521613568,80,0.00222086863930092,12.3485769342757,13.9673216654275,-1.5941613524371,3.40560422267116,0.473307466011828,0.694512717845619,-5.4122580690016,12.3485769342757,2.63672043444631,-1.5941613524371,1.22542237545092,-0.748010067819052,-0.364544804722693,-333.459419801745,6,2,"normal",5
"2806",33.79371,0.935710679727352,1,1.2990304933033,80,0.00222086863930092,12.3485769342757,13.9673216654275,-1.5941613524371,3.40560422267116,0.473307466011828,0.694512717845619,-5.4122580690016,12.3485769342757,2.63672043444631,-1.5941613524371,1.22542237545092,-0.748010067819052,-0.364544804722693,-333.459419801745,6,2,"normal",6
"2807",27.2953,0.856128669998856,1,1.2218902550997,80,0.00222086863930092,12.3485769342757,13.9673216654275,-1.5941613524371,3.40560422267116,0.473307466011828,0.694512717845619,-5.4122580690016,12.3485769342757,2.63672043444631,-1.5941613524371,1.22542237545092,-0.748010067819052,-0.364544804722693,-333.459419801745,6,2,"normal",7
"2808",8.72285,0.39804628094632,0,0.931862312834681,80,0.00222086863930092,12.3485769342757,13.9673216654275,-1.5941613524371,3.40560422267116,0.473307466011828,0.694512717845619,-5.4122580690016,12.3485769342757,2.63672043444631,-1.5941613524371,1.22542237545092,-0.748010067819052,-0.364544804722693,-333.459419801745,6,2,"normal",8
"2809",39.53646,0.972098464211773,1,0.780138721802729,80,0.00222086863930092,12.3485769342757,13.9673216654275,-1.5941613524371,3.40560422267116,0.473307466011828,0.694512717845619,-5.4122580690016,12.3485769342757,2.63672043444631,-1.5941613524371,1.22542237545092,-0.748010067819052,-0.364544804722693,-333.459419801745,6,2,"normal",9
"2810",21.00535,0.731269369287654,0,1.00439900334781,80,0.00222086863930092,12.3485769342757,13.9673216654275,-1.5941613524371,3.40560422267116,0.473307466011828,0.694512717845619,-5.4122580690016,12.3485769342757,2.63672043444631,-1.5941613524371,1.22542237545092,-0.748010067819052,-0.364544804722693,-333.459419801745,6,2,"normal",10
"2811",25.85121,0.831680750443384,1,1.24024755127944,80,0.00222086863930092,12.3485769342757,13.9673216654275,-1.5941613524371,3.40560422267116,0.473307466011828,0.694512717845619,-5.4122580690016,12.3485769342757,2.63672043444631,-1.5941613524371,1.22542237545092,-0.748010067819052,-0.364544804722693,-333.459419801745,6,2,"normal",11
"2812",16.580307022,0.618516252756714,1,1.17132115271965,80,0.00222086863930092,12.3485769342757,13.9673216654275,-1.5941613524371,3.40560422267116,0.473307466011828,0.694512717845619,-5.4122580690016,12.3485769342757,2.63672043444631,-1.5941613524371,1.22542237545092,-0.748010067819052,-0.364544804722693,-333.459419801745,6,2,"normal",12
"2813",33.16847,0.930049949326229,1,0.977939187520556,80,0.00222086863930092,12.3485769342757,13.9673216654275,-1.5941613524371,3.40560422267116,0.473307466011828,0.694512717845619,-5.4122580690016,12.3485769342757,2.63672043444631,-1.5941613524371,1.22542237545092,-0.748010067819052,-0.364544804722693,-333.459419801745,6,2,"normal",13
"2814",11.58699,0.478354484280801,0,1.03274763553248,80,0.00222086863930092,12.3485769342757,13.9673216654275,-1.5941613524371,3.40560422267116,0.473307466011828,0.694512717845619,-5.4122580690016,12.3485769342757,2.63672043444631,-1.5941613524371,1.22542237545092,-0.748010067819052,-0.364544804722693,-333.459419801745,6,2,"normal",14
"2815",22.78676,0.771356799516349,1,0.993345587812867,80,0.00222086863930092,12.3485769342757,13.9673216654275,-1.5941613524371,3.40560422267116,0.473307466011828,0.694512717845619,-5.4122580690016,12.3485769342757,2.63672043444631,-1.5941613524371,1.22542237545092,-0.748010067819052,-0.364544804722693,-333.459419801745,6,2,"normal",15
"2816",11.83826,0.485492019060397,1,1.18573682091477,80,0.00222086863930092,12.3485769342757,13.9673216654275,-1.5941613524371,3.40560422267116,0.473307466011828,0.694512717845619,-5.4122580690016,12.3485769342757,2.63672043444631,-1.5941613524371,1.22542237545092,-0.748010067819052,-0.364544804722693,-333.459419801745,6,2,"normal",16
"2817",29.75603,0.891924009026298,0,0.898980127078418,80,0.00222086863930092,12.3485769342757,13.9673216654275,-1.5941613524371,3.40560422267116,0.473307466011828,0.694512717845619,-5.4122580690016,12.3485769342757,2.63672043444631,-1.5941613524371,1.22542237545092,-0.748010067819052,-0.364544804722693,-333.459419801745,6,2,"normal",17
"2818",2.78619,0.247914774482804,1,1.65151441544909,80,0.00222086863930092,12.3485769342757,13.9673216654275,-1.5941613524371,3.40560422267116,0.473307466011828,0.694512717845619,-5.4122580690016,12.3485769342757,2.63672043444631,-1.5941613524371,1.22542237545092,-0.748010067819052,-0.364544804722693,-333.459419801745,6,2,"normal",18
"2819",10.76150006351,0.454967316411685,0,1.04518133065994,80,0.00222086863930092,12.3485769342757,13.9673216654275,-1.5941613524371,3.40560422267116,0.473307466011828,0.694512717845619,-5.4122580690016,12.3485769342757,2.63672043444631,-1.5941613524371,1.22542237545092,-0.748010067819052,-0.364544804722693,-333.459419801745,6,2,"normal",19
"2820",3.6278,0.26723081631925,0,1.2213593729115,80,0.00222086863930092,12.3485769342757,13.9673216654275,-1.5941613524371,3.40560422267116,0.473307466011828,0.694512717845619,-5.4122580690016,12.3485769342757,2.63672043444631,-1.5941613524371,1.22542237545092,-0.748010067819052,-0.364544804722693,-333.459419801745,6,2,"normal",20
"2821",14.8162333837,0.569806151160037,0,1.02275926975158,80,0.00222086863930092,12.3485769342757,13.9673216654275,-1.5941613524371,3.40560422267116,0.473307466011828,0.694512717845619,-5.4122580690016,12.3485769342757,2.63672043444631,-1.5941613524371,1.22542237545092,-0.748010067819052,-0.364544804722693,-333.459419801745,6,2,"normal",21
"2822",9.44108,0.417916583295913,1,1.10494567492266,80,0.00222086863930092,12.3485769342757,13.9673216654275,-1.5941613524371,3.40560422267116,0.473307466011828,0.694512717845619,-5.4122580690016,12.3485769342757,2.63672043444631,-1.5941613524371,1.22542237545092,-0.748010067819052,-0.364544804722693,-333.459419801745,6,2,"normal",22
"2823",13.1777814656,0.523565151006513,1,1.08297355844894,80,0.00222086863930092,12.3485769342757,13.9673216654275,-1.5941613524371,3.40560422267116,0.473307466011828,0.694512717845619,-5.4122580690016,12.3485769342757,2.63672043444631,-1.5941613524371,1.22542237545092,-0.748010067819052,-0.364544804722693,-333.459419801745,6,2,"normal",23
"2824",24.0353,0.797298312037689,1,1.17577932313564,80,0.00222086863930092,12.3485769342757,13.9673216654275,-1.5941613524371,3.40560422267116,0.473307466011828,0.694512717845619,-5.4122580690016,12.3485769342757,2.63672043444631,-1.5941613524371,1.22542237545092,-0.748010067819052,-0.364544804722693,-333.459419801745,6,2,"normal",24
"2825",10.2643470739,0.440952724271304,1,1.24386198002411,80,0.00222086863930092,12.3485769342757,13.9673216654275,-1.5941613524371,3.40560422267116,0.473307466011828,0.694512717845619,-5.4122580690016,12.3485769342757,2.63672043444631,-1.5941613524371,1.22542237545092,-0.748010067819052,-0.364544804722693,-333.459419801745,6,2,"normal",25
"2826",-2.4794,0.145784646613352,1,1.07281331428253,80,0.00222086863930092,12.3485769342757,13.9673216654275,-1.5941613524371,3.40560422267116,0.473307466011828,0.694512717845619,-5.4122580690016,12.3485769342757,2.63672043444631,-1.5941613524371,1.22542237545092,-0.748010067819052,-0.364544804722693,-333.459419801745,6,2,"normal",26
"2827",37.15221,0.960067175669374,1,1.07907985549148,80,0.00222086863930092,12.3485769342757,13.9673216654275,-1.5941613524371,3.40560422267116,0.473307466011828,0.694512717845619,-5.4122580690016,12.3485769342757,2.63672043444631,-1.5941613524371,1.22542237545092,-0.748010067819052,-0.364544804722693,-333.459419801745,6,2,"normal",27
"2828",3.241207157,0.258263494711394,1,1.28651979700264,80,0.00222086863930092,12.3485769342757,13.9673216654275,-1.5941613524371,3.40560422267116,0.473307466011828,0.694512717845619,-5.4122580690016,12.3485769342757,2.63672043444631,-1.5941613524371,1.22542237545092,-0.748010067819052,-0.364544804722693,-333.459419801745,6,2,"normal",28
"2829",2.7405133739,0.246888434632096,1,1.5123410419988,80,0.00222086863930092,12.3485769342757,13.9673216654275,-1.5941613524371,3.40560422267116,0.473307466011828,0.694512717845619,-5.4122580690016,12.3485769342757,2.63672043444631,-1.5941613524371,1.22542237545092,-0.748010067819052,-0.364544804722693,-333.459419801745,6,2,"normal",29
"2830",0.1204899281,0.192030877558539,1,1.36886077080286,80,0.00222086863930092,12.3485769342757,13.9673216654275,-1.5941613524371,3.40560422267116,0.473307466011828,0.694512717845619,-5.4122580690016,12.3485769342757,2.63672043444631,-1.5941613524371,1.22542237545092,-0.748010067819052,-0.364544804722693,-333.459419801745,6,2,"normal",30
"2831",-5.1729707965,0.106591323612443,0,1.08616047326617,80,0.00222086863930092,12.3485769342757,13.9673216654275,-1.5941613524371,3.40560422267116,0.473307466011828,0.694512717845619,-5.4122580690016,12.3485769342757,2.63672043444631,-1.5941613524371,1.22542237545092,-0.748010067819052,-0.364544804722693,-333.459419801745,6,2,"normal",31
"2832",28.8222,0.879196759550879,1,1.11659659595566,80,0.00222086863930092,12.3485769342757,13.9673216654275,-1.5941613524371,3.40560422267116,0.473307466011828,0.694512717845619,-5.4122580690016,12.3485769342757,2.63672043444631,-1.5941613524371,1.22542237545092,-0.748010067819052,-0.364544804722693,-333.459419801745,6,2,"normal",32
"2833",13.7937,0.541019857732779,1,1.48106440293864,80,0.00222086863930092,12.3485769342757,13.9673216654275,-1.5941613524371,3.40560422267116,0.473307466011828,0.694512717845619,-5.4122580690016,12.3485769342757,2.63672043444631,-1.5941613524371,1.22542237545092,-0.748010067819052,-0.364544804722693,-333.459419801745,6,2,"normal",33
"2834",3.804,0.27137002415642,1,1.42691566070019,80,0.00222086863930092,12.3485769342757,13.9673216654275,-1.5941613524371,3.40560422267116,0.473307466011828,0.694512717845619,-5.4122580690016,12.3485769342757,2.63672043444631,-1.5941613524371,1.22542237545092,-0.748010067819052,-0.364544804722693,-333.459419801745,6,2,"normal",34
"2835",48.32265,0.992797872489041,1,0.887241119401354,80,0.00222086863930092,12.3485769342757,13.9673216654275,-1.5941613524371,3.40560422267116,0.473307466011828,0.694512717845619,-5.4122580690016,12.3485769342757,2.63672043444631,-1.5941613524371,1.22542237545092,-0.748010067819052,-0.364544804722693,-333.459419801745,6,2,"normal",35
"2836",-2.62178216106,0.143492559028621,0,1.08364211241598,80,0.00222086863930092,12.3485769342757,13.9673216654275,-1.5941613524371,3.40560422267116,0.473307466011828,0.694512717845619,-5.4122580690016,12.3485769342757,2.63672043444631,-1.5941613524371,1.22542237545092,-0.748010067819052,-0.364544804722693,-333.459419801745,6,2,"normal",36
"2837",-0.0493709922,0.188755952715053,0,1.18351197720749,80,0.00222086863930092,12.3485769342757,13.9673216654275,-1.5941613524371,3.40560422267116,0.473307466011828,0.694512717845619,-5.4122580690016,12.3485769342757,2.63672043444631,-1.5941613524371,1.22542237545092,-0.748010067819052,-0.364544804722693,-333.459419801745,6,2,"normal",37
"2838",-20.82429,0.0109555599645723,1,0.818394938430735,80,0.00222086863930092,12.3485769342757,13.9673216654275,-1.5941613524371,3.40560422267116,0.473307466011828,0.694512717845619,-5.4122580690016,12.3485769342757,2.63672043444631,-1.5941613524371,1.22542237545092,-0.748010067819052,-0.364544804722693,-333.459419801745,6,2,"normal",38
"2839",-42.2679,0.0022667538932456,0,0.818821247081837,80,0.00222086863930092,12.3485769342757,13.9673216654275,-1.5941613524371,3.40560422267116,0.473307466011828,0.694512717845619,-5.4122580690016,12.3485769342757,2.63672043444631,-1.5941613524371,1.22542237545092,-0.748010067819052,-0.364544804722693,-333.459419801745,6,2,"normal",39
"2840",3.8565,0.272609549047274,1,1.26787766564554,80,0.00222086863930092,12.3485769342757,13.9673216654275,-1.5941613524371,3.40560422267116,0.473307466011828,0.694512717845619,-5.4122580690016,12.3485769342757,2.63672043444631,-1.5941613524371,1.22542237545092,-0.748010067819052,-0.364544804722693,-333.459419801745,6,2,"normal",40
"2841",-4.4282448912,0.116557628505635,0,0.825182636606098,80,0.00222086863930092,12.3485769342757,13.9673216654275,-1.5941613524371,3.40560422267116,0.473307466011828,0.694512717845619,-5.4122580690016,12.3485769342757,2.63672043444631,-1.5941613524371,1.22542237545092,-0.748010067819052,-0.364544804722693,-333.459419801745,6,2,"normal",41
"2842",-0.5967089119,0.178442919170302,1,1.4707653606444,80,0.00222086863930092,12.3485769342757,13.9673216654275,-1.5941613524371,3.40560422267116,0.473307466011828,0.694512717845619,-5.4122580690016,12.3485769342757,2.63672043444631,-1.5941613524371,1.22542237545092,-0.748010067819052,-0.364544804722693,-333.459419801745,6,2,"normal",42
"2843",-3.7454464549,0.12627397439412,0,0.959970841544468,80,0.00222086863930092,12.3485769342757,13.9673216654275,-1.5941613524371,3.40560422267116,0.473307466011828,0.694512717845619,-5.4122580690016,12.3485769342757,2.63672043444631,-1.5941613524371,1.22542237545092,-0.748010067819052,-0.364544804722693,-333.459419801745,6,2,"normal",43
"2844",-3.6519431747,0.127648190073798,0,1.18585543001725,80,0.00222086863930092,12.3485769342757,13.9673216654275,-1.5941613524371,3.40560422267116,0.473307466011828,0.694512717845619,-5.4122580690016,12.3485769342757,2.63672043444631,-1.5941613524371,1.22542237545092,-0.748010067819052,-0.364544804722693,-333.459419801745,6,2,"normal",44
"2845",-0.221907820684,0.185465433839389,0,0.88342269701374,80,0.00222086863930092,12.3485769342757,13.9673216654275,-1.5941613524371,3.40560422267116,0.473307466011828,0.694512717845619,-5.4122580690016,12.3485769342757,2.63672043444631,-1.5941613524371,1.22542237545092,-0.748010067819052,-0.364544804722693,-333.459419801745,6,2,"normal",45
"2846",1.0636618775,0.210849383256679,0,0.894539022300652,80,0.00222086863930092,12.3485769342757,13.9673216654275,-1.5941613524371,3.40560422267116,0.473307466011828,0.694512717845619,-5.4122580690016,12.3485769342757,2.63672043444631,-1.5941613524371,1.22542237545092,-0.748010067819052,-0.364544804722693,-333.459419801745,6,2,"normal",46
"2847",-23.58322,0.00724589705175695,0,0.854775674331977,80,0.00222086863930092,12.3485769342757,13.9673216654275,-1.5941613524371,3.40560422267116,0.473307466011828,0.694512717845619,-5.4122580690016,12.3485769342757,2.63672043444631,-1.5941613524371,1.22542237545092,-0.748010067819052,-0.364544804722693,-333.459419801745,6,2,"normal",47
"2848",-12.22236,0.0413204771814591,0,0.896359106990746,80,0.00222086863930092,12.3485769342757,13.9673216654275,-1.5941613524371,3.40560422267116,0.473307466011828,0.694512717845619,-5.4122580690016,12.3485769342757,2.63672043444631,-1.5941613524371,1.22542237545092,-0.748010067819052,-0.364544804722693,-333.459419801745,6,2,"normal",48
"2849",-18.2433,0.0164107432031969,0,0.805506964645318,80,0.00222086863930092,12.3485769342757,13.9673216654275,-1.5941613524371,3.40560422267116,0.473307466011828,0.694512717845619,-5.4122580690016,12.3485769342757,2.63672043444631,-1.5941613524371,1.22542237545092,-0.748010067819052,-0.364544804722693,-333.459419801745,6,2,"normal",49
"2850",31.80006,0.91627875830178,1,0.827813843039894,80,0.00222086863930092,12.3485769342757,13.9673216654275,-1.5941613524371,3.40560422267116,0.473307466011828,0.694512717845619,-5.4122580690016,12.3485769342757,2.63672043444631,-1.5941613524371,1.22542237545092,-0.748010067819052,-0.364544804722693,-333.459419801745,6,2,"normal",50
"2851",4.9669414879,0.299473171144308,0,0.894281262588431,80,0.00222086863930092,12.3485769342757,13.9673216654275,-1.5941613524371,3.40560422267116,0.473307466011828,0.694512717845619,-5.4122580690016,12.3485769342757,2.63672043444631,-1.5941613524371,1.22542237545092,-0.748010067819052,-0.364544804722693,-333.459419801745,6,2,"normal",51
"2852",31.891799,0.917263410780457,1,1.08467451909391,80,0.00222086863930092,12.3485769342757,13.9673216654275,-1.5941613524371,3.40560422267116,0.473307466011828,0.694512717845619,-5.4122580690016,12.3485769342757,2.63672043444631,-1.5941613524371,1.22542237545092,-0.748010067819052,-0.364544804722693,-333.459419801745,6,2,"normal",52
"2853",36.42137,0.955569119518112,1,0.979893617761131,80,0.00222086863930092,12.3485769342757,13.9673216654275,-1.5941613524371,3.40560422267116,0.473307466011828,0.694512717845619,-5.4122580690016,12.3485769342757,2.63672043444631,-1.5941613524371,1.22542237545092,-0.748010067819052,-0.364544804722693,-333.459419801745,6,2,"normal",53
"2854",-5.5006,0.102411955882433,0,1.04175546982555,80,0.00222086863930092,12.3485769342757,13.9673216654275,-1.5941613524371,3.40560422267116,0.473307466011828,0.694512717845619,-5.4122580690016,12.3485769342757,2.63672043444631,-1.5941613524371,1.22542237545092,-0.748010067819052,-0.364544804722693,-333.459419801745,6,2,"normal",54
"2855",19.81219,0.702550932274462,1,1.24183382337999,80,0.00222086863930092,12.3485769342757,13.9673216654275,-1.5941613524371,3.40560422267116,0.473307466011828,0.694512717845619,-5.4122580690016,12.3485769342757,2.63672043444631,-1.5941613524371,1.22542237545092,-0.748010067819052,-0.364544804722693,-333.459419801745,6,2,"normal",55
"2856",23.69601,0.790430975671195,0,1.27563901985395,80,0.00222086863930092,12.3485769342757,13.9673216654275,-1.5941613524371,3.40560422267116,0.473307466011828,0.694512717845619,-5.4122580690016,12.3485769342757,2.63672043444631,-1.5941613524371,1.22542237545092,-0.748010067819052,-0.364544804722693,-333.459419801745,6,2,"normal",56
"2857",21.58366,0.744663862827902,1,0.99080696477562,80,0.00222086863930092,12.3485769342757,13.9673216654275,-1.5941613524371,3.40560422267116,0.473307466011828,0.694512717845619,-5.4122580690016,12.3485769342757,2.63672043444631,-1.5941613524371,1.22542237545092,-0.748010067819052,-0.364544804722693,-333.459419801745,6,2,"normal",57
"2858",39.00454,0.96973782889546,1,0.801601665882618,80,0.00222086863930092,12.3485769342757,13.9673216654275,-1.5941613524371,3.40560422267116,0.473307466011828,0.694512717845619,-5.4122580690016,12.3485769342757,2.63672043444631,-1.5941613524371,1.22542237545092,-0.748010067819052,-0.364544804722693,-333.459419801745,6,2,"normal",58
"2859",21.78789,0.749308359815028,1,1.23462431432497,80,0.00222086863930092,12.3485769342757,13.9673216654275,-1.5941613524371,3.40560422267116,0.473307466011828,0.694512717845619,-5.4122580690016,12.3485769342757,2.63672043444631,-1.5941613524371,1.22542237545092,-0.748010067819052,-0.364544804722693,-333.459419801745,6,2,"normal",59
"2860",-8.23985,0.07214396577236,0,0.844206337575004,80,0.00222086863930092,12.3485769342757,13.9673216654275,-1.5941613524371,3.40560422267116,0.473307466011828,0.694512717845619,-5.4122580690016,12.3485769342757,2.63672043444631,-1.5941613524371,1.22542237545092,-0.748010067819052,-0.364544804722693,-333.459419801745,6,2,"normal",60
"2861",-13.7692,0.0328317466046682,0,1.09317655433952,80,0.00222086863930092,12.3485769342757,13.9673216654275,-1.5941613524371,3.40560422267116,0.473307466011828,0.694512717845619,-5.4122580690016,12.3485769342757,2.63672043444631,-1.5941613524371,1.22542237545092,-0.748010067819052,-0.364544804722693,-333.459419801745,6,2,"normal",61
"2862",45.44151,0.988908086799671,1,0.807865470172264,80,0.00222086863930092,12.3485769342757,13.9673216654275,-1.5941613524371,3.40560422267116,0.473307466011828,0.694512717845619,-5.4122580690016,12.3485769342757,2.63672043444631,-1.5941613524371,1.22542237545092,-0.748010067819052,-0.364544804722693,-333.459419801745,6,2,"normal",62
"2863",-9.1227,0.0640609135830604,0,0.954282791292835,80,0.00222086863930092,12.3485769342757,13.9673216654275,-1.5941613524371,3.40560422267116,0.473307466011828,0.694512717845619,-5.4122580690016,12.3485769342757,2.63672043444631,-1.5941613524371,1.22542237545092,-0.748010067819052,-0.364544804722693,-333.459419801745,6,2,"normal",63
"2864",23.8447,0.793457436404789,1,0.953260637403216,80,0.00222086863930092,12.3485769342757,13.9673216654275,-1.5941613524371,3.40560422267116,0.473307466011828,0.694512717845619,-5.4122580690016,12.3485769342757,2.63672043444631,-1.5941613524371,1.22542237545092,-0.748010067819052,-0.364544804722693,-333.459419801745,6,2,"normal",64
"2865",-2.4843,0.14570535154131,0,1.22268487190269,80,0.00222086863930092,12.3485769342757,13.9673216654275,-1.5941613524371,3.40560422267116,0.473307466011828,0.694512717845619,-5.4122580690016,12.3485769342757,2.63672043444631,-1.5941613524371,1.22542237545092,-0.748010067819052,-0.364544804722693,-333.459419801745,6,2,"normal",65
"2866",25.22237,0.820230837154443,1,1.2786140270909,80,0.00222086863930092,12.3485769342757,13.9673216654275,-1.5941613524371,3.40560422267116,0.473307466011828,0.694512717845619,-5.4122580690016,12.3485769342757,2.63672043444631,-1.5941613524371,1.22542237545092,-0.748010067819052,-0.364544804722693,-333.459419801745,6,2,"normal",66
"2867",12.12089,0.493525854026791,0,1.17536815847381,80,0.00222086863930092,12.3485769342757,13.9673216654275,-1.5941613524371,3.40560422267116,0.473307466011828,0.694512717845619,-5.4122580690016,12.3485769342757,2.63672043444631,-1.5941613524371,1.22542237545092,-0.748010067819052,-0.364544804722693,-333.459419801745,6,2,"normal",67
"2868",-9.53345,0.0605578319166055,1,0.998686284444763,80,0.00222086863930092,12.3485769342757,13.9673216654275,-1.5941613524371,3.40560422267116,0.473307466011828,0.694512717845619,-5.4122580690016,12.3485769342757,2.63672043444631,-1.5941613524371,1.22542237545092,-0.748010067819052,-0.364544804722693,-333.459419801745,6,2,"normal",68
"2869",26.32999,0.840071495739739,1,0.952788617680289,80,0.00222086863930092,12.3485769342757,13.9673216654275,-1.5941613524371,3.40560422267116,0.473307466011828,0.694512717845619,-5.4122580690016,12.3485769342757,2.63672043444631,-1.5941613524371,1.22542237545092,-0.748010067819052,-0.364544804722693,-333.459419801745,6,2,"normal",69
"2870",1.71401,0.22444175618263,0,0.959466536502209,80,0.00222086863930092,12.3485769342757,13.9673216654275,-1.5941613524371,3.40560422267116,0.473307466011828,0.694512717845619,-5.4122580690016,12.3485769342757,2.63672043444631,-1.5941613524371,1.22542237545092,-0.748010067819052,-0.364544804722693,-333.459419801745,6,2,"normal",70
"2871",-12.1274,0.0418985695635396,0,1.07485348810104,80,0.00222086863930092,12.3485769342757,13.9673216654275,-1.5941613524371,3.40560422267116,0.473307466011828,0.694512717845619,-5.4122580690016,12.3485769342757,2.63672043444631,-1.5941613524371,1.22542237545092,-0.748010067819052,-0.364544804722693,-333.459419801745,6,2,"normal",71
"2872",21.57994,0.744578844328249,1,0.985280253421971,80,0.00222086863930092,12.3485769342757,13.9673216654275,-1.5941613524371,3.40560422267116,0.473307466011828,0.694512717845619,-5.4122580690016,12.3485769342757,2.63672043444631,-1.5941613524371,1.22542237545092,-0.748010067819052,-0.364544804722693,-333.459419801745,6,2,"normal",72
"2873",24.57591,0.807954508217596,1,1.08983902072355,80,0.00222086863930092,12.3485769342757,13.9673216654275,-1.5941613524371,3.40560422267116,0.473307466011828,0.694512717845619,-5.4122580690016,12.3485769342757,2.63672043444631,-1.5941613524371,1.22542237545092,-0.748010067819052,-0.364544804722693,-333.459419801745,6,2,"normal",73
"2874",17.06282,0.631550413592587,0,0.895851125219966,80,0.00222086863930092,12.3485769342757,13.9673216654275,-1.5941613524371,3.40560422267116,0.473307466011828,0.694512717845619,-5.4122580690016,12.3485769342757,2.63672043444631,-1.5941613524371,1.22542237545092,-0.748010067819052,-0.364544804722693,-333.459419801745,6,2,"normal",74
"2875",-7.05845,0.0842016501588526,0,1.20911446558864,80,0.00222086863930092,12.3485769342757,13.9673216654275,-1.5941613524371,3.40560422267116,0.473307466011828,0.694512717845619,-5.4122580690016,12.3485769342757,2.63672043444631,-1.5941613524371,1.22542237545092,-0.748010067819052,-0.364544804722693,-333.459419801745,6,2,"normal",75
"2876",15.85447,0.598655427224118,1,1.22762571339079,80,0.00222086863930092,12.3485769342757,13.9673216654275,-1.5941613524371,3.40560422267116,0.473307466011828,0.694512717845619,-5.4122580690016,12.3485769342757,2.63672043444631,-1.5941613524371,1.22542237545092,-0.748010067819052,-0.364544804722693,-333.459419801745,6,2,"normal",76
"2877",-3.991,0.122715304231841,1,0.994279955065901,80,0.00222086863930092,12.3485769342757,13.9673216654275,-1.5941613524371,3.40560422267116,0.473307466011828,0.694512717845619,-5.4122580690016,12.3485769342757,2.63672043444631,-1.5941613524371,1.22542237545092,-0.748010067819052,-0.364544804722693,-333.459419801745,6,2,"normal",77
"2878",-18.3836,0.0160522746488468,0,1.1496299151599,80,0.00222086863930092,12.3485769342757,13.9673216654275,-1.5941613524371,3.40560422267116,0.473307466011828,0.694512717845619,-5.4122580690016,12.3485769342757,2.63672043444631,-1.5941613524371,1.22542237545092,-0.748010067819052,-0.364544804722693,-333.459419801745,6,2,"normal",78
"2879",-26.60907,0.00485105898640432,0,1.17478729738126,80,0.00222086863930092,12.3485769342757,13.9673216654275,-1.5941613524371,3.40560422267116,0.473307466011828,0.694512717845619,-5.4122580690016,12.3485769342757,2.63672043444631,-1.5941613524371,1.22542237545092,-0.748010067819052,-0.364544804722693,-333.459419801745,6,2,"normal",79
"2880",25.6086,0.827320985673106,0,0.907334440728999,80,0.00222086863930092,12.3485769342757,13.9673216654275,-1.5941613524371,3.40560422267116,0.473307466011828,0.694512717845619,-5.4122580690016,12.3485769342757,2.63672043444631,-1.5941613524371,1.22542237545092,-0.748010067819052,-0.364544804722693,-333.459419801745,6,2,"normal",80
"2881",-6.9996951348,0.566458913564999,0,0.377646582565097,80,0.0242451211642944,-17.322435537826,58.6581090434445,-2.61961165149011,2.10315269089632,0.368422827570077,0.251400008513306,-2.97668735312358,-17.322435537826,4.07172582715254,-2.61961165149011,0.743437500312306,-0.998524012432523,-1.3807099489624,78.4780773804323,7,2,"normal",1
"2882",6.4011909297,0.649439397171439,1,0.364077227533557,80,0.0242451211642944,-17.322435537826,58.6581090434445,-2.61961165149011,2.10315269089632,0.368422827570077,0.251400008513306,-2.97668735312358,-17.322435537826,4.07172582715254,-2.61961165149011,0.743437500312306,-0.998524012432523,-1.3807099489624,78.4780773804323,7,2,"normal",2
"2883",0.3137980194,0.612433890203341,1,0.575081197802009,80,0.0242451211642944,-17.322435537826,58.6581090434445,-2.61961165149011,2.10315269089632,0.368422827570077,0.251400008513306,-2.97668735312358,-17.322435537826,4.07172582715254,-2.61961165149011,0.743437500312306,-0.998524012432523,-1.3807099489624,78.4780773804323,7,2,"normal",3
"2884",-4.37017814216,0.583142492832617,0,0.356625061293024,80,0.0242451211642944,-17.322435537826,58.6581090434445,-2.61961165149011,2.10315269089632,0.368422827570077,0.251400008513306,-2.97668735312358,-17.322435537826,4.07172582715254,-2.61961165149011,0.743437500312306,-0.998524012432523,-1.3807099489624,78.4780773804323,7,2,"normal",4
"2885",2.77073,0.627531233577646,1,0.348715213664651,80,0.0242451211642944,-17.322435537826,58.6581090434445,-2.61961165149011,2.10315269089632,0.368422827570077,0.251400008513306,-2.97668735312358,-17.322435537826,4.07172582715254,-2.61961165149011,0.743437500312306,-0.998524012432523,-1.3807099489624,78.4780773804323,7,2,"normal",5
"2886",32.41272,0.787116317147426,0,0.315072165324756,80,0.0242451211642944,-17.322435537826,58.6581090434445,-2.61961165149011,2.10315269089632,0.368422827570077,0.251400008513306,-2.97668735312358,-17.322435537826,4.07172582715254,-2.61961165149011,0.743437500312306,-0.998524012432523,-1.3807099489624,78.4780773804323,7,2,"normal",6
"2887",-39.772204,0.358189674737638,0,0.336634714630748,80,0.0242451211642944,-17.322435537826,58.6581090434445,-2.61961165149011,2.10315269089632,0.368422827570077,0.251400008513306,-2.97668735312358,-17.322435537826,4.07172582715254,-2.61961165149011,0.743437500312306,-0.998524012432523,-1.3807099489624,78.4780773804323,7,2,"normal",7
"2888",-10.7255,0.542601290887704,1,0.421659717825896,80,0.0242451211642944,-17.322435537826,58.6581090434445,-2.61961165149011,2.10315269089632,0.368422827570077,0.251400008513306,-2.97668735312358,-17.322435537826,4.07172582715254,-2.61961165149011,0.743437500312306,-0.998524012432523,-1.3807099489624,78.4780773804323,7,2,"normal",8
"2889",-43.8051,0.334269505627744,0,0.368690276449555,80,0.0242451211642944,-17.322435537826,58.6581090434445,-2.61961165149011,2.10315269089632,0.368422827570077,0.251400008513306,-2.97668735312358,-17.322435537826,4.07172582715254,-2.61961165149011,0.743437500312306,-0.998524012432523,-1.3807099489624,78.4780773804323,7,2,"normal",9
"2890",-5.6378909308,0.57511774222084,1,0.324455223703807,80,0.0242451211642944,-17.322435537826,58.6581090434445,-2.61961165149011,2.10315269089632,0.368422827570077,0.251400008513306,-2.97668735312358,-17.322435537826,4.07172582715254,-2.61961165149011,0.743437500312306,-0.998524012432523,-1.3807099489624,78.4780773804323,7,2,"normal",10
"2891",-9.77637393532,0.548698886237638,1,0.34708113496842,80,0.0242451211642944,-17.322435537826,58.6581090434445,-2.61961165149011,2.10315269089632,0.368422827570077,0.251400008513306,-2.97668735312358,-17.322435537826,4.07172582715254,-2.61961165149011,0.743437500312306,-0.998524012432523,-1.3807099489624,78.4780773804323,7,2,"normal",11
"2892",32.4032,0.787073308668645,0,0.359311515049629,80,0.0242451211642944,-17.322435537826,58.6581090434445,-2.61961165149011,2.10315269089632,0.368422827570077,0.251400008513306,-2.97668735312358,-17.322435537826,4.07172582715254,-2.61961165149011,0.743437500312306,-0.998524012432523,-1.3807099489624,78.4780773804323,7,2,"normal",12
"2893",-3.32606871307,0.589723278894378,1,0.393396848615757,80,0.0242451211642944,-17.322435537826,58.6581090434445,-2.61961165149011,2.10315269089632,0.368422827570077,0.251400008513306,-2.97668735312358,-17.322435537826,4.07172582715254,-2.61961165149011,0.743437500312306,-0.998524012432523,-1.3807099489624,78.4780773804323,7,2,"normal",13
"2894",-5.2583666223,0.577523964077313,1,0.330271301487559,80,0.0242451211642944,-17.322435537826,58.6581090434445,-2.61961165149011,2.10315269089632,0.368422827570077,0.251400008513306,-2.97668735312358,-17.322435537826,4.07172582715254,-2.61961165149011,0.743437500312306,-0.998524012432523,-1.3807099489624,78.4780773804323,7,2,"normal",14
"2895",-9.7430041559,0.548913046553457,0,0.341678628903342,80,0.0242451211642944,-17.322435537826,58.6581090434445,-2.61961165149011,2.10315269089632,0.368422827570077,0.251400008513306,-2.97668735312358,-17.322435537826,4.07172582715254,-2.61961165149011,0.743437500312306,-0.998524012432523,-1.3807099489624,78.4780773804323,7,2,"normal",15
"2896",-4.931239081,0.579595421125525,0,0.385552735926954,80,0.0242451211642944,-17.322435537826,58.6581090434445,-2.61961165149011,2.10315269089632,0.368422827570077,0.251400008513306,-2.97668735312358,-17.322435537826,4.07172582715254,-2.61961165149011,0.743437500312306,-0.998524012432523,-1.3807099489624,78.4780773804323,7,2,"normal",16
"2897",-26.8109,0.438863504725703,1,0.414961257227764,80,0.0242451211642944,-17.322435537826,58.6581090434445,-2.61961165149011,2.10315269089632,0.368422827570077,0.251400008513306,-2.97668735312358,-17.322435537826,4.07172582715254,-2.61961165149011,0.743437500312306,-0.998524012432523,-1.3807099489624,78.4780773804323,7,2,"normal",17
"2898",-5.7371541984,0.574487887346794,1,0.316529142838877,80,0.0242451211642944,-17.322435537826,58.6581090434445,-2.61961165149011,2.10315269089632,0.368422827570077,0.251400008513306,-2.97668735312358,-17.322435537826,4.07172582715254,-2.61961165149011,0.743437500312306,-0.998524012432523,-1.3807099489624,78.4780773804323,7,2,"normal",18
"2899",25.89918,0.756327251818669,0,0.346095350334875,80,0.0242451211642944,-17.322435537826,58.6581090434445,-2.61961165149011,2.10315269089632,0.368422827570077,0.251400008513306,-2.97668735312358,-17.322435537826,4.07172582715254,-2.61961165149011,0.743437500312306,-0.998524012432523,-1.3807099489624,78.4780773804323,7,2,"normal",19
"2900",-18.49989,0.492380785345834,1,0.395082821347464,80,0.0242451211642944,-17.322435537826,58.6581090434445,-2.61961165149011,2.10315269089632,0.368422827570077,0.251400008513306,-2.97668735312358,-17.322435537826,4.07172582715254,-2.61961165149011,0.743437500312306,-0.998524012432523,-1.3807099489624,78.4780773804323,7,2,"normal",20
"2901",-4.9842144546,0.579260131102738,1,0.392669371918275,80,0.0242451211642944,-17.322435537826,58.6581090434445,-2.61961165149011,2.10315269089632,0.368422827570077,0.251400008513306,-2.97668735312358,-17.322435537826,4.07172582715254,-2.61961165149011,0.743437500312306,-0.998524012432523,-1.3807099489624,78.4780773804323,7,2,"normal",21
"2902",-8.35515416928,0.557805222975538,0,0.39044284346527,80,0.0242451211642944,-17.322435537826,58.6581090434445,-2.61961165149011,2.10315269089632,0.368422827570077,0.251400008513306,-2.97668735312358,-17.322435537826,4.07172582715254,-2.61961165149011,0.743437500312306,-0.998524012432523,-1.3807099489624,78.4780773804323,7,2,"normal",22
"2903",-6.4756666554,0.569795313386858,0,0.314029633393787,80,0.0242451211642944,-17.322435537826,58.6581090434445,-2.61961165149011,2.10315269089632,0.368422827570077,0.251400008513306,-2.97668735312358,-17.322435537826,4.07172582715254,-2.61961165149011,0.743437500312306,-0.998524012432523,-1.3807099489624,78.4780773804323,7,2,"normal",23
"2904",-4.1431190148,0.584575868902027,1,0.394308097925538,80,0.0242451211642944,-17.322435537826,58.6581090434445,-2.61961165149011,2.10315269089632,0.368422827570077,0.251400008513306,-2.97668735312358,-17.322435537826,4.07172582715254,-2.61961165149011,0.743437500312306,-0.998524012432523,-1.3807099489624,78.4780773804323,7,2,"normal",24
"2905",-4.8992482023,0.579797865803427,1,0.337352922972513,80,0.0242451211642944,-17.322435537826,58.6581090434445,-2.61961165149011,2.10315269089632,0.368422827570077,0.251400008513306,-2.97668735312358,-17.322435537826,4.07172582715254,-2.61961165149011,0.743437500312306,-0.998524012432523,-1.3807099489624,78.4780773804323,7,2,"normal",25
"2906",-6.6296693532,0.568815364405851,1,0.409903641818987,80,0.0242451211642944,-17.322435537826,58.6581090434445,-2.61961165149011,2.10315269089632,0.368422827570077,0.251400008513306,-2.97668735312358,-17.322435537826,4.07172582715254,-2.61961165149011,0.743437500312306,-0.998524012432523,-1.3807099489624,78.4780773804323,7,2,"normal",26
"2907",-9.9199666964652,0.54777715973317,0,0.487334376108729,80,0.0242451211642944,-17.322435537826,58.6581090434445,-2.61961165149011,2.10315269089632,0.368422827570077,0.251400008513306,-2.97668735312358,-17.322435537826,4.07172582715254,-2.61961165149011,0.743437500312306,-0.998524012432523,-1.3807099489624,78.4780773804323,7,2,"normal",27
"2908",-7.79926185465,0.561358180860505,0,0.483919021200827,80,0.0242451211642944,-17.322435537826,58.6581090434445,-2.61961165149011,2.10315269089632,0.368422827570077,0.251400008513306,-2.97668735312358,-17.322435537826,4.07172582715254,-2.61961165149011,0.743437500312306,-0.998524012432523,-1.3807099489624,78.4780773804323,7,2,"normal",28
"2909",-4.133885342,0.584634132888984,0,0.360046381192809,80,0.0242451211642944,-17.322435537826,58.6581090434445,-2.61961165149011,2.10315269089632,0.368422827570077,0.251400008513306,-2.97668735312358,-17.322435537826,4.07172582715254,-2.61961165149011,0.743437500312306,-0.998524012432523,-1.3807099489624,78.4780773804323,7,2,"normal",29
"2910",-1.5522258813,0.60083842737339,1,0.527867111627876,80,0.0242451211642944,-17.322435537826,58.6581090434445,-2.61961165149011,2.10315269089632,0.368422827570077,0.251400008513306,-2.97668735312358,-17.322435537826,4.07172582715254,-2.61961165149011,0.743437500312306,-0.998524012432523,-1.3807099489624,78.4780773804323,7,2,"normal",30
"2911",-4.93335637774,0.57958202162476,0,0.397534963980914,80,0.0242451211642944,-17.322435537826,58.6581090434445,-2.61961165149011,2.10315269089632,0.368422827570077,0.251400008513306,-2.97668735312358,-17.322435537826,4.07172582715254,-2.61961165149011,0.743437500312306,-0.998524012432523,-1.3807099489624,78.4780773804323,7,2,"normal",31
"2912",13.908276,0.692949244278959,1,0.420155761975618,80,0.0242451211642944,-17.322435537826,58.6581090434445,-2.61961165149011,2.10315269089632,0.368422827570077,0.251400008513306,-2.97668735312358,-17.322435537826,4.07172582715254,-2.61961165149011,0.743437500312306,-0.998524012432523,-1.3807099489624,78.4780773804323,7,2,"normal",32
"2913",-3.3953544083,0.589287429152906,0,0.405423026546146,80,0.0242451211642944,-17.322435537826,58.6581090434445,-2.61961165149011,2.10315269089632,0.368422827570077,0.251400008513306,-2.97668735312358,-17.322435537826,4.07172582715254,-2.61961165149011,0.743437500312306,-0.998524012432523,-1.3807099489624,78.4780773804323,7,2,"normal",33
"2914",-4.407897828,0.582904257194861,1,0.337662761239839,80,0.0242451211642944,-17.322435537826,58.6581090434445,-2.61961165149011,2.10315269089632,0.368422827570077,0.251400008513306,-2.97668735312358,-17.322435537826,4.07172582715254,-2.61961165149011,0.743437500312306,-0.998524012432523,-1.3807099489624,78.4780773804323,7,2,"normal",34
"2915",-5.9280171009,0.573276215486125,0,0.371851998493217,80,0.0242451211642944,-17.322435537826,58.6581090434445,-2.61961165149011,2.10315269089632,0.368422827570077,0.251400008513306,-2.97668735312358,-17.322435537826,4.07172582715254,-2.61961165149011,0.743437500312306,-0.998524012432523,-1.3807099489624,78.4780773804323,7,2,"normal",35
"2916",-3.8373573689,0.586504104740569,0,0.349573858073476,80,0.0242451211642944,-17.322435537826,58.6581090434445,-2.61961165149011,2.10315269089632,0.368422827570077,0.251400008513306,-2.97668735312358,-17.322435537826,4.07172582715254,-2.61961165149011,0.743437500312306,-0.998524012432523,-1.3807099489624,78.4780773804323,7,2,"normal",36
"2917",-0.9900786746,0.604342586978053,1,0.310687264553896,80,0.0242451211642944,-17.322435537826,58.6581090434445,-2.61961165149011,2.10315269089632,0.368422827570077,0.251400008513306,-2.97668735312358,-17.322435537826,4.07172582715254,-2.61961165149011,0.743437500312306,-0.998524012432523,-1.3807099489624,78.4780773804323,7,2,"normal",37
"2918",-16.8784,0.502873484346049,0,0.36574471425572,80,0.0242451211642944,-17.322435537826,58.6581090434445,-2.61961165149011,2.10315269089632,0.368422827570077,0.251400008513306,-2.97668735312358,-17.322435537826,4.07172582715254,-2.61961165149011,0.743437500312306,-0.998524012432523,-1.3807099489624,78.4780773804323,7,2,"normal",38
"2919",-2.1438879839,0.59714052705867,1,0.348865027233808,80,0.0242451211642944,-17.322435537826,58.6581090434445,-2.61961165149011,2.10315269089632,0.368422827570077,0.251400008513306,-2.97668735312358,-17.322435537826,4.07172582715254,-2.61961165149011,0.743437500312306,-0.998524012432523,-1.3807099489624,78.4780773804323,7,2,"normal",39
"2920",-6.164378398,0.571774641709873,1,0.312754680584507,80,0.0242451211642944,-17.322435537826,58.6581090434445,-2.61961165149011,2.10315269089632,0.368422827570077,0.251400008513306,-2.97668735312358,-17.322435537826,4.07172582715254,-2.61961165149011,0.743437500312306,-0.998524012432523,-1.3807099489624,78.4780773804323,7,2,"normal",40
"2921",34.1195,0.79473110301361,1,0.318084299328482,80,0.0242451211642944,-17.322435537826,58.6581090434445,-2.61961165149011,2.10315269089632,0.368422827570077,0.251400008513306,-2.97668735312358,-17.322435537826,4.07172582715254,-2.61961165149011,0.743437500312306,-0.998524012432523,-1.3807099489624,78.4780773804323,7,2,"normal",41
"2922",-24.13135,0.456035846046081,1,0.470243341430449,80,0.0242451211642944,-17.322435537826,58.6581090434445,-2.61961165149011,2.10315269089632,0.368422827570077,0.251400008513306,-2.97668735312358,-17.322435537826,4.07172582715254,-2.61961165149011,0.743437500312306,-0.998524012432523,-1.3807099489624,78.4780773804323,7,2,"normal",42
"2923",26.46789,0.759122579122979,0,0.381335816882253,80,0.0242451211642944,-17.322435537826,58.6581090434445,-2.61961165149011,2.10315269089632,0.368422827570077,0.251400008513306,-2.97668735312358,-17.322435537826,4.07172582715254,-2.61961165149011,0.743437500312306,-0.998524012432523,-1.3807099489624,78.4780773804323,7,2,"normal",43
"2924",-6.695575362976,0.568395847991302,1,0.335357085442301,80,0.0242451211642944,-17.322435537826,58.6581090434445,-2.61961165149011,2.10315269089632,0.368422827570077,0.251400008513306,-2.97668735312358,-17.322435537826,4.07172582715254,-2.61961165149011,0.743437500312306,-0.998524012432523,-1.3807099489624,78.4780773804323,7,2,"normal",44
"2925",-5.13963531225,0.578276079824092,0,0.323164062363551,80,0.0242451211642944,-17.322435537826,58.6581090434445,-2.61961165149011,2.10315269089632,0.368422827570077,0.251400008513306,-2.97668735312358,-17.322435537826,4.07172582715254,-2.61961165149011,0.743437500312306,-0.998524012432523,-1.3807099489624,78.4780773804323,7,2,"normal",45
"2926",-4.1937967032,0.584256058713763,0,0.478027099906228,80,0.0242451211642944,-17.322435537826,58.6581090434445,-2.61961165149011,2.10315269089632,0.368422827570077,0.251400008513306,-2.97668735312358,-17.322435537826,4.07172582715254,-2.61961165149011,0.743437500312306,-0.998524012432523,-1.3807099489624,78.4780773804323,7,2,"normal",46
"2927",-3.9514700544,0.585784739186289,1,0.392816581315119,80,0.0242451211642944,-17.322435537826,58.6581090434445,-2.61961165149011,2.10315269089632,0.368422827570077,0.251400008513306,-2.97668735312358,-17.322435537826,4.07172582715254,-2.61961165149011,0.743437500312306,-0.998524012432523,-1.3807099489624,78.4780773804323,7,2,"normal",47
"2928",-5.6779133894,0.574863813293519,1,0.366741674379766,80,0.0242451211642944,-17.322435537826,58.6581090434445,-2.61961165149011,2.10315269089632,0.368422827570077,0.251400008513306,-2.97668735312358,-17.322435537826,4.07172582715254,-2.61961165149011,0.743437500312306,-0.998524012432523,-1.3807099489624,78.4780773804323,7,2,"normal",48
"2929",-5.0431304761,0.578887166920446,0,0.409366495300282,80,0.0242451211642944,-17.322435537826,58.6581090434445,-2.61961165149011,2.10315269089632,0.368422827570077,0.251400008513306,-2.97668735312358,-17.322435537826,4.07172582715254,-2.61961165149011,0.743437500312306,-0.998524012432523,-1.3807099489624,78.4780773804323,7,2,"normal",49
"2930",-4.4004071267,0.582951570774488,1,0.335206322580965,80,0.0242451211642944,-17.322435537826,58.6581090434445,-2.61961165149011,2.10315269089632,0.368422827570077,0.251400008513306,-2.97668735312358,-17.322435537826,4.07172582715254,-2.61961165149011,0.743437500312306,-0.998524012432523,-1.3807099489624,78.4780773804323,7,2,"normal",50
"2931",34.96675,0.798439940508803,1,0.35605812715451,80,0.0242451211642944,-17.322435537826,58.6581090434445,-2.61961165149011,2.10315269089632,0.368422827570077,0.251400008513306,-2.97668735312358,-17.322435537826,4.07172582715254,-2.61961165149011,0.743437500312306,-0.998524012432523,-1.3807099489624,78.4780773804323,7,2,"normal",51
"2932",7.14003,0.653833891920302,1,0.349863553741423,80,0.0242451211642944,-17.322435537826,58.6581090434445,-2.61961165149011,2.10315269089632,0.368422827570077,0.251400008513306,-2.97668735312358,-17.322435537826,4.07172582715254,-2.61961165149011,0.743437500312306,-0.998524012432523,-1.3807099489624,78.4780773804323,7,2,"normal",52
"2933",-7.13362319206,0.565605363968798,1,0.332627459331334,80,0.0242451211642944,-17.322435537826,58.6581090434445,-2.61961165149011,2.10315269089632,0.368422827570077,0.251400008513306,-2.97668735312358,-17.322435537826,4.07172582715254,-2.61961165149011,0.743437500312306,-0.998524012432523,-1.3807099489624,78.4780773804323,7,2,"normal",53
"2934",-8.6722722817,0.555776051013782,0,0.397702397706931,80,0.0242451211642944,-17.322435537826,58.6581090434445,-2.61961165149011,2.10315269089632,0.368422827570077,0.251400008513306,-2.97668735312358,-17.322435537826,4.07172582715254,-2.61961165149011,0.743437500312306,-0.998524012432523,-1.3807099489624,78.4780773804323,7,2,"normal",54
"2935",-7.38997929249,0.563970615986927,0,0.355116050235147,80,0.0242451211642944,-17.322435537826,58.6581090434445,-2.61961165149011,2.10315269089632,0.368422827570077,0.251400008513306,-2.97668735312358,-17.322435537826,4.07172582715254,-2.61961165149011,0.743437500312306,-0.998524012432523,-1.3807099489624,78.4780773804323,7,2,"normal",55
"2936",-6.18672548916,0.571632613490063,1,0.434762862688634,80,0.0242451211642944,-17.322435537826,58.6581090434445,-2.61961165149011,2.10315269089632,0.368422827570077,0.251400008513306,-2.97668735312358,-17.322435537826,4.07172582715254,-2.61961165149011,0.743437500312306,-0.998524012432523,-1.3807099489624,78.4780773804323,7,2,"normal",56
"2937",-10.41595,0.544591270640301,0,0.368928108419181,80,0.0242451211642944,-17.322435537826,58.6581090434445,-2.61961165149011,2.10315269089632,0.368422827570077,0.251400008513306,-2.97668735312358,-17.322435537826,4.07172582715254,-2.61961165149011,0.743437500312306,-0.998524012432523,-1.3807099489624,78.4780773804323,7,2,"normal",57
"2938",37.4447,0.809014336586156,0,0.353007877348178,80,0.0242451211642944,-17.322435537826,58.6581090434445,-2.61961165149011,2.10315269089632,0.368422827570077,0.251400008513306,-2.97668735312358,-17.322435537826,4.07172582715254,-2.61961165149011,0.743437500312306,-0.998524012432523,-1.3807099489624,78.4780773804323,7,2,"normal",58
"2939",-5.3724026196,0.576801296400916,1,0.401590694686985,80,0.0242451211642944,-17.322435537826,58.6581090434445,-2.61961165149011,2.10315269089632,0.368422827570077,0.251400008513306,-2.97668735312358,-17.322435537826,4.07172582715254,-2.61961165149011,0.743437500312306,-0.998524012432523,-1.3807099489624,78.4780773804323,7,2,"normal",59
"2940",-5.28214242947,0.577373316041756,1,0.375107838513954,80,0.0242451211642944,-17.322435537826,58.6581090434445,-2.61961165149011,2.10315269089632,0.368422827570077,0.251400008513306,-2.97668735312358,-17.322435537826,4.07172582715254,-2.61961165149011,0.743437500312306,-0.998524012432523,-1.3807099489624,78.4780773804323,7,2,"normal",60
"2941",-7.1557623302,0.565464234203212,0,0.407619023265027,80,0.0242451211642944,-17.322435537826,58.6581090434445,-2.61961165149011,2.10315269089632,0.368422827570077,0.251400008513306,-2.97668735312358,-17.322435537826,4.07172582715254,-2.61961165149011,0.743437500312306,-0.998524012432523,-1.3807099489624,78.4780773804323,7,2,"normal",61
"2942",-5.7614331056,0.574333798365989,1,0.344792893737025,80,0.0242451211642944,-17.322435537826,58.6581090434445,-2.61961165149011,2.10315269089632,0.368422827570077,0.251400008513306,-2.97668735312358,-17.322435537826,4.07172582715254,-2.61961165149011,0.743437500312306,-0.998524012432523,-1.3807099489624,78.4780773804323,7,2,"normal",62
"2943",-8.04580619844,0.559783060655322,1,0.392552273918506,80,0.0242451211642944,-17.322435537826,58.6581090434445,-2.61961165149011,2.10315269089632,0.368422827570077,0.251400008513306,-2.97668735312358,-17.322435537826,4.07172582715254,-2.61961165149011,0.743437500312306,-0.998524012432523,-1.3807099489624,78.4780773804323,7,2,"normal",63
"2944",-8.01124888669,0.560003903820509,1,0.416981813909305,80,0.0242451211642944,-17.322435537826,58.6581090434445,-2.61961165149011,2.10315269089632,0.368422827570077,0.251400008513306,-2.97668735312358,-17.322435537826,4.07172582715254,-2.61961165149011,0.743437500312306,-0.998524012432523,-1.3807099489624,78.4780773804323,7,2,"normal",64
"2945",-9.2959112068,0.551780850756441,1,0.358195005688749,80,0.0242451211642944,-17.322435537826,58.6581090434445,-2.61961165149011,2.10315269089632,0.368422827570077,0.251400008513306,-2.97668735312358,-17.322435537826,4.07172582715254,-2.61961165149011,0.743437500312306,-0.998524012432523,-1.3807099489624,78.4780773804323,7,2,"normal",65
"2946",-9.53395388338,0.5502543268659,0,0.393925427301167,80,0.0242451211642944,-17.322435537826,58.6581090434445,-2.61961165149011,2.10315269089632,0.368422827570077,0.251400008513306,-2.97668735312358,-17.322435537826,4.07172582715254,-2.61961165149011,0.743437500312306,-0.998524012432523,-1.3807099489624,78.4780773804323,7,2,"normal",66
"2947",-8.7421270463,0.555328845558104,1,0.327442959774691,80,0.0242451211642944,-17.322435537826,58.6581090434445,-2.61961165149011,2.10315269089632,0.368422827570077,0.251400008513306,-2.97668735312358,-17.322435537826,4.07172582715254,-2.61961165149011,0.743437500312306,-0.998524012432523,-1.3807099489624,78.4780773804323,7,2,"normal",67
"2948",-9.798160128,0.548559058515315,1,0.318675663961044,80,0.0242451211642944,-17.322435537826,58.6581090434445,-2.61961165149011,2.10315269089632,0.368422827570077,0.251400008513306,-2.97668735312358,-17.322435537826,4.07172582715254,-2.61961165149011,0.743437500312306,-0.998524012432523,-1.3807099489624,78.4780773804323,7,2,"normal",68
"2949",-10.37149153428,0.544876977052032,0,0.417831449903696,80,0.0242451211642944,-17.322435537826,58.6581090434445,-2.61961165149011,2.10315269089632,0.368422827570077,0.251400008513306,-2.97668735312358,-17.322435537826,4.07172582715254,-2.61961165149011,0.743437500312306,-0.998524012432523,-1.3807099489624,78.4780773804323,7,2,"normal",69
"2950",-8.0677322509,0.559642928583208,1,0.347146017883731,80,0.0242451211642944,-17.322435537826,58.6581090434445,-2.61961165149011,2.10315269089632,0.368422827570077,0.251400008513306,-2.97668735312358,-17.322435537826,4.07172582715254,-2.61961165149011,0.743437500312306,-0.998524012432523,-1.3807099489624,78.4780773804323,7,2,"normal",70
"2951",-10.5726037022,0.543584354356654,0,0.369316704166254,80,0.0242451211642944,-17.322435537826,58.6581090434445,-2.61961165149011,2.10315269089632,0.368422827570077,0.251400008513306,-2.97668735312358,-17.322435537826,4.07172582715254,-2.61961165149011,0.743437500312306,-0.998524012432523,-1.3807099489624,78.4780773804323,7,2,"normal",71
"2952",-11.052001277,0.540501058673221,1,0.359636169891833,80,0.0242451211642944,-17.322435537826,58.6581090434445,-2.61961165149011,2.10315269089632,0.368422827570077,0.251400008513306,-2.97668735312358,-17.322435537826,4.07172582715254,-2.61961165149011,0.743437500312306,-0.998524012432523,-1.3807099489624,78.4780773804323,7,2,"normal",72
"2953",-10.3292583613,0.545148359153872,1,0.391904616428393,80,0.0242451211642944,-17.322435537826,58.6581090434445,-2.61961165149011,2.10315269089632,0.368422827570077,0.251400008513306,-2.97668735312358,-17.322435537826,4.07172582715254,-2.61961165149011,0.743437500312306,-0.998524012432523,-1.3807099489624,78.4780773804323,7,2,"normal",73
"2954",-27.10396,0.436992423414269,1,0.370539481344974,80,0.0242451211642944,-17.322435537826,58.6581090434445,-2.61961165149011,2.10315269089632,0.368422827570077,0.251400008513306,-2.97668735312358,-17.322435537826,4.07172582715254,-2.61961165149011,0.743437500312306,-0.998524012432523,-1.3807099489624,78.4780773804323,7,2,"normal",74
"2955",4.85106,0.640147232350731,1,0.415298670492459,80,0.0242451211642944,-17.322435537826,58.6581090434445,-2.61961165149011,2.10315269089632,0.368422827570077,0.251400008513306,-2.97668735312358,-17.322435537826,4.07172582715254,-2.61961165149011,0.743437500312306,-0.998524012432523,-1.3807099489624,78.4780773804323,7,2,"normal",75
"2956",-13.6141,0.523981981449427,1,0.355216194097901,80,0.0242451211642944,-17.322435537826,58.6581090434445,-2.61961165149011,2.10315269089632,0.368422827570077,0.251400008513306,-2.97668735312358,-17.322435537826,4.07172582715254,-2.61961165149011,0.743437500312306,-0.998524012432523,-1.3807099489624,78.4780773804323,7,2,"normal",76
"2957",-15.307620265,0.513036022356829,1,0.347010048703168,80,0.0242451211642944,-17.322435537826,58.6581090434445,-2.61961165149011,2.10315269089632,0.368422827570077,0.251400008513306,-2.97668735312358,-17.322435537826,4.07172582715254,-2.61961165149011,0.743437500312306,-0.998524012432523,-1.3807099489624,78.4780773804323,7,2,"normal",77
"2958",24.1919,0.74781572724515,1,0.402802622954079,80,0.0242451211642944,-17.322435537826,58.6581090434445,-2.61961165149011,2.10315269089632,0.368422827570077,0.251400008513306,-2.97668735312358,-17.322435537826,4.07172582715254,-2.61961165149011,0.743437500312306,-0.998524012432523,-1.3807099489624,78.4780773804323,7,2,"normal",78
"2959",-24.47507,0.453827210704684,1,0.330205562748981,80,0.0242451211642944,-17.322435537826,58.6581090434445,-2.61961165149011,2.10315269089632,0.368422827570077,0.251400008513306,-2.97668735312358,-17.322435537826,4.07172582715254,-2.61961165149011,0.743437500312306,-0.998524012432523,-1.3807099489624,78.4780773804323,7,2,"normal",79
"2960",-21.5875704763,0.47242309784271,0,0.464296526028171,80,0.0242451211642944,-17.322435537826,58.6581090434445,-2.61961165149011,2.10315269089632,0.368422827570077,0.251400008513306,-2.97668735312358,-17.322435537826,4.07172582715254,-2.61961165149011,0.743437500312306,-0.998524012432523,-1.3807099489624,78.4780773804323,7,2,"normal",80
"2961",9.30649417385,0.704617994045816,0,1.54165243584759,80,0.00269783740653128,-0.665198082420435,18.4337602331474,-2.22915407091328,2.34534700678786,0.40051042377624,1.35360902324782,-5.21674732285496,-0.665198082420435,2.91418377871393,-2.22915407091328,0.852433368258935,-0.915015485905451,0.302774375958578,676.246250294859,8,2,"normal",1
"2962",13.644903518,0.779696302300888,1,1.46399845250081,80,0.00269783740653128,-0.665198082420435,18.4337602331474,-2.22915407091328,2.34534700678786,0.40051042377624,1.35360902324782,-5.21674732285496,-0.665198082420435,2.91418377871393,-2.22915407091328,0.852433368258935,-0.915015485905451,0.302774375958578,676.246250294859,8,2,"normal",2
"2963",4.487191087,0.609478703136298,1,1.53949058930128,80,0.00269783740653128,-0.665198082420435,18.4337602331474,-2.22915407091328,2.34534700678786,0.40051042377624,1.35360902324782,-5.21674732285496,-0.665198082420435,2.91418377871393,-2.22915407091328,0.852433368258935,-0.915015485905451,0.302774375958578,676.246250294859,8,2,"normal",3
"2964",-1.2123391719,0.488224427208204,0,1.53506054811587,80,0.00269783740653128,-0.665198082420435,18.4337602331474,-2.22915407091328,2.34534700678786,0.40051042377624,1.35360902324782,-5.21674732285496,-0.665198082420435,2.91418377871393,-2.22915407091328,0.852433368258935,-0.915015485905451,0.302774375958578,676.246250294859,8,2,"normal",4
"2965",25.70916,0.921464626194156,1,1.45484276158777,80,0.00269783740653128,-0.665198082420435,18.4337602331474,-2.22915407091328,2.34534700678786,0.40051042377624,1.35360902324782,-5.21674732285496,-0.665198082420435,2.91418377871393,-2.22915407091328,0.852433368258935,-0.915015485905451,0.302774375958578,676.246250294859,8,2,"normal",5
"2966",35.43625,0.972348442991723,1,1.43102121924026,80,0.00269783740653128,-0.665198082420435,18.4337602331474,-2.22915407091328,2.34534700678786,0.40051042377624,1.35360902324782,-5.21674732285496,-0.665198082420435,2.91418377871393,-2.22915407091328,0.852433368258935,-0.915015485905451,0.302774375958578,676.246250294859,8,2,"normal",6
"2967",-13.054,0.25211390956746,0,1.50459656263337,80,0.00269783740653128,-0.665198082420435,18.4337602331474,-2.22915407091328,2.34534700678786,0.40051042377624,1.35360902324782,-5.21674732285496,-0.665198082420435,2.91418377871393,-2.22915407091328,0.852433368258935,-0.915015485905451,0.302774375958578,676.246250294859,8,2,"normal",7
"2968",-12.60975,0.259804726912837,0,1.59315797591439,80,0.00269783740653128,-0.665198082420435,18.4337602331474,-2.22915407091328,2.34534700678786,0.40051042377624,1.35360902324782,-5.21674732285496,-0.665198082420435,2.91418377871393,-2.22915407091328,0.852433368258935,-0.915015485905451,0.302774375958578,676.246250294859,8,2,"normal",8
"2969",-5.235386,0.402624518783782,1,1.54986810564522,80,0.00269783740653128,-0.665198082420435,18.4337602331474,-2.22915407091328,2.34534700678786,0.40051042377624,1.35360902324782,-5.21674732285496,-0.665198082420435,2.91418377871393,-2.22915407091328,0.852433368258935,-0.915015485905451,0.302774375958578,676.246250294859,8,2,"normal",9
"2970",3.91849855651,0.597657432380668,1,1.47142596950909,80,0.00269783740653128,-0.665198082420435,18.4337602331474,-2.22915407091328,2.34534700678786,0.40051042377624,1.35360902324782,-5.21674732285496,-0.665198082420435,2.91418377871393,-2.22915407091328,0.852433368258935,-0.915015485905451,0.302774375958578,676.246250294859,8,2,"normal",10
"2971",17.15018,0.831294176038143,1,1.52524159848562,80,0.00269783740653128,-0.665198082420435,18.4337602331474,-2.22915407091328,2.34534700678786,0.40051042377624,1.35360902324782,-5.21674732285496,-0.665198082420435,2.91418377871393,-2.22915407091328,0.852433368258935,-0.915015485905451,0.302774375958578,676.246250294859,8,2,"normal",11
"2972",-32.27145,0.0456753415968866,0,1.50901382965042,80,0.00269783740653128,-0.665198082420435,18.4337602331474,-2.22915407091328,2.34534700678786,0.40051042377624,1.35360902324782,-5.21674732285496,-0.665198082420435,2.91418377871393,-2.22915407091328,0.852433368258935,-0.915015485905451,0.302774375958578,676.246250294859,8,2,"normal",12
"2973",-1.72873803801,0.477119822115898,1,1.52362689375881,80,0.00269783740653128,-0.665198082420435,18.4337602331474,-2.22915407091328,2.34534700678786,0.40051042377624,1.35360902324782,-5.21674732285496,-0.665198082420435,2.91418377871393,-2.22915407091328,0.852433368258935,-0.915015485905451,0.302774375958578,676.246250294859,8,2,"normal",13
"2974",-5.9613,0.387549633101433,0,1.56164919820786,80,0.00269783740653128,-0.665198082420435,18.4337602331474,-2.22915407091328,2.34534700678786,0.40051042377624,1.35360902324782,-5.21674732285496,-0.665198082420435,2.91418377871393,-2.22915407091328,0.852433368258935,-0.915015485905451,0.302774375958578,676.246250294859,8,2,"normal",14
"2975",34.00191,0.967453052903556,1,1.42698115866715,80,0.00269783740653128,-0.665198082420435,18.4337602331474,-2.22915407091328,2.34534700678786,0.40051042377624,1.35360902324782,-5.21674732285496,-0.665198082420435,2.91418377871393,-2.22915407091328,0.852433368258935,-0.915015485905451,0.302774375958578,676.246250294859,8,2,"normal",15
"2976",8.28094,0.685267661446576,1,1.48047925750117,80,0.00269783740653128,-0.665198082420435,18.4337602331474,-2.22915407091328,2.34534700678786,0.40051042377624,1.35360902324782,-5.21674732285496,-0.665198082420435,2.91418377871393,-2.22915407091328,0.852433368258935,-0.915015485905451,0.302774375958578,676.246250294859,8,2,"normal",16
"2977",4.31145,0.605835969944136,0,1.53587284593918,80,0.00269783740653128,-0.665198082420435,18.4337602331474,-2.22915407091328,2.34534700678786,0.40051042377624,1.35360902324782,-5.21674732285496,-0.665198082420435,2.91418377871393,-2.22915407091328,0.852433368258935,-0.915015485905451,0.302774375958578,676.246250294859,8,2,"normal",17
"2978",15.51681,0.808313844841337,1,1.45762580425469,80,0.00269783740653128,-0.665198082420435,18.4337602331474,-2.22915407091328,2.34534700678786,0.40051042377624,1.35360902324782,-5.21674732285496,-0.665198082420435,2.91418377871393,-2.22915407091328,0.852433368258935,-0.915015485905451,0.302774375958578,676.246250294859,8,2,"normal",18
"2979",-16.3071,0.199695989004706,0,1.61235572462284,80,0.00269783740653128,-0.665198082420435,18.4337602331474,-2.22915407091328,2.34534700678786,0.40051042377624,1.35360902324782,-5.21674732285496,-0.665198082420435,2.91418377871393,-2.22915407091328,0.852433368258935,-0.915015485905451,0.302774375958578,676.246250294859,8,2,"normal",19
"2980",-17.24923,0.185856046809612,0,1.46948876430088,80,0.00269783740653128,-0.665198082420435,18.4337602331474,-2.22915407091328,2.34534700678786,0.40051042377624,1.35360902324782,-5.21674732285496,-0.665198082420435,2.91418377871393,-2.22915407091328,0.852433368258935,-0.915015485905451,0.302774375958578,676.246250294859,8,2,"normal",20
"2981",23.183467,0.899954260954492,1,1.43222510611185,80,0.00269783740653128,-0.665198082420435,18.4337602331474,-2.22915407091328,2.34534700678786,0.40051042377624,1.35360902324782,-5.21674732285496,-0.665198082420435,2.91418377871393,-2.22915407091328,0.852433368258935,-0.915015485905451,0.302774375958578,676.246250294859,8,2,"normal",21
"2982",-12.92915,0.25426292462326,1,1.47030490602761,80,0.00269783740653128,-0.665198082420435,18.4337602331474,-2.22915407091328,2.34534700678786,0.40051042377624,1.35360902324782,-5.21674732285496,-0.665198082420435,2.91418377871393,-2.22915407091328,0.852433368258935,-0.915015485905451,0.302774375958578,676.246250294859,8,2,"normal",22
"2983",-2.81008,0.45393503146586,0,1.60235559349825,80,0.00269783740653128,-0.665198082420435,18.4337602331474,-2.22915407091328,2.34534700678786,0.40051042377624,1.35360902324782,-5.21674732285496,-0.665198082420435,2.91418377871393,-2.22915407091328,0.852433368258935,-0.915015485905451,0.302774375958578,676.246250294859,8,2,"normal",23
"2984",24.52134,0.911847521299798,1,1.44772589014782,80,0.00269783740653128,-0.665198082420435,18.4337602331474,-2.22915407091328,2.34534700678786,0.40051042377624,1.35360902324782,-5.21674732285496,-0.665198082420435,2.91418377871393,-2.22915407091328,0.852433368258935,-0.915015485905451,0.302774375958578,676.246250294859,8,2,"normal",24
"2985",16.89806,0.827869724910786,1,1.52833464367462,80,0.00269783740653128,-0.665198082420435,18.4337602331474,-2.22915407091328,2.34534700678786,0.40051042377624,1.35360902324782,-5.21674732285496,-0.665198082420435,2.91418377871393,-2.22915407091328,0.852433368258935,-0.915015485905451,0.302774375958578,676.246250294859,8,2,"normal",25
"2986",20.49282,0.872451082859152,0,1.55187488983843,80,0.00269783740653128,-0.665198082420435,18.4337602331474,-2.22915407091328,2.34534700678786,0.40051042377624,1.35360902324782,-5.21674732285496,-0.665198082420435,2.91418377871393,-2.22915407091328,0.852433368258935,-0.915015485905451,0.302774375958578,676.246250294859,8,2,"normal",26
"2987",-36.41551,0.028783056638396,0,1.49633696344961,80,0.00269783740653128,-0.665198082420435,18.4337602331474,-2.22915407091328,2.34534700678786,0.40051042377624,1.35360902324782,-5.21674732285496,-0.665198082420435,2.91418377871393,-2.22915407091328,0.852433368258935,-0.915015485905451,0.302774375958578,676.246250294859,8,2,"normal",27
"2988",-15.01982,0.219595367520737,1,1.58827617958588,80,0.00269783740653128,-0.665198082420435,18.4337602331474,-2.22915407091328,2.34534700678786,0.40051042377624,1.35360902324782,-5.21674732285496,-0.665198082420435,2.91418377871393,-2.22915407091328,0.852433368258935,-0.915015485905451,0.302774375958578,676.246250294859,8,2,"normal",28
"2989",8.2643,0.684949204648954,1,1.50457233915484,80,0.00269783740653128,-0.665198082420435,18.4337602331474,-2.22915407091328,2.34534700678786,0.40051042377624,1.35360902324782,-5.21674732285496,-0.665198082420435,2.91418377871393,-2.22915407091328,0.852433368258935,-0.915015485905451,0.302774375958578,676.246250294859,8,2,"normal",29
"2990",28.14285,0.938569478905714,1,1.44272296571744,80,0.00269783740653128,-0.665198082420435,18.4337602331474,-2.22915407091328,2.34534700678786,0.40051042377624,1.35360902324782,-5.21674732285496,-0.665198082420435,2.91418377871393,-2.22915407091328,0.852433368258935,-0.915015485905451,0.302774375958578,676.246250294859,8,2,"normal",30
"2991",27.20944,0.932406554062374,1,1.50589320638314,80,0.00269783740653128,-0.665198082420435,18.4337602331474,-2.22915407091328,2.34534700678786,0.40051042377624,1.35360902324782,-5.21674732285496,-0.665198082420435,2.91418377871393,-2.22915407091328,0.852433368258935,-0.915015485905451,0.302774375958578,676.246250294859,8,2,"normal",31
"2992",8.39855,0.687514496754951,1,1.59793964555256,80,0.00269783740653128,-0.665198082420435,18.4337602331474,-2.22915407091328,2.34534700678786,0.40051042377624,1.35360902324782,-5.21674732285496,-0.665198082420435,2.91418377871393,-2.22915407091328,0.852433368258935,-0.915015485905451,0.302774375958578,676.246250294859,8,2,"normal",32
"2993",-12.3894,0.263664477161757,0,1.47817750853679,80,0.00269783740653128,-0.665198082420435,18.4337602331474,-2.22915407091328,2.34534700678786,0.40051042377624,1.35360902324782,-5.21674732285496,-0.665198082420435,2.91418377871393,-2.22915407091328,0.852433368258935,-0.915015485905451,0.302774375958578,676.246250294859,8,2,"normal",33
"2994",12.05956,0.753620214178881,1,1.4617794318177,80,0.00269783740653128,-0.665198082420435,18.4337602331474,-2.22915407091328,2.34534700678786,0.40051042377624,1.35360902324782,-5.21674732285496,-0.665198082420435,2.91418377871393,-2.22915407091328,0.852433368258935,-0.915015485905451,0.302774375958578,676.246250294859,8,2,"normal",34
"2995",-21.89185,0.126785989432372,0,1.40582508766252,80,0.00269783740653128,-0.665198082420435,18.4337602331474,-2.22915407091328,2.34534700678786,0.40051042377624,1.35360902324782,-5.21674732285496,-0.665198082420435,2.91418377871393,-2.22915407091328,0.852433368258935,-0.915015485905451,0.302774375958578,676.246250294859,8,2,"normal",35
"2996",2.7,0.572036099388733,0,1.67783211376534,80,0.00269783740653128,-0.665198082420435,18.4337602331474,-2.22915407091328,2.34534700678786,0.40051042377624,1.35360902324782,-5.21674732285496,-0.665198082420435,2.91418377871393,-2.22915407091328,0.852433368258935,-0.915015485905451,0.302774375958578,676.246250294859,8,2,"normal",36
"2997",-16.46704,0.197302961877218,0,1.49974017532576,80,0.00269783740653128,-0.665198082420435,18.4337602331474,-2.22915407091328,2.34534700678786,0.40051042377624,1.35360902324782,-5.21674732285496,-0.665198082420435,2.91418377871393,-2.22915407091328,0.852433368258935,-0.915015485905451,0.302774375958578,676.246250294859,8,2,"normal",37
"2998",-6.52568,0.375945371014585,1,1.67146546730229,80,0.00269783740653128,-0.665198082420435,18.4337602331474,-2.22915407091328,2.34534700678786,0.40051042377624,1.35360902324782,-5.21674732285496,-0.665198082420435,2.91418377871393,-2.22915407091328,0.852433368258935,-0.915015485905451,0.302774375958578,676.246250294859,8,2,"normal",38
"2999",-31.8653,0.0477239388102758,0,1.52134146387804,80,0.00269783740653128,-0.665198082420435,18.4337602331474,-2.22915407091328,2.34534700678786,0.40051042377624,1.35360902324782,-5.21674732285496,-0.665198082420435,2.91418377871393,-2.22915407091328,0.852433368258935,-0.915015485905451,0.302774375958578,676.246250294859,8,2,"normal",39
"3000",-45.75849,0.00987675495055817,0,1.53064436328696,80,0.00269783740653128,-0.665198082420435,18.4337602331474,-2.22915407091328,2.34534700678786,0.40051042377624,1.35360902324782,-5.21674732285496,-0.665198082420435,2.91418377871393,-2.22915407091328,0.852433368258935,-0.915015485905451,0.302774375958578,676.246250294859,8,2,"normal",40
"3001",19.73579,0.863818530996439,1,1.50764237053424,80,0.00269783740653128,-0.665198082420435,18.4337602331474,-2.22915407091328,2.34534700678786,0.40051042377624,1.35360902324782,-5.21674732285496,-0.665198082420435,2.91418377871393,-2.22915407091328,0.852433368258935,-0.915015485905451,0.302774375958578,676.246250294859,8,2,"normal",41
"3002",-18.20993,0.172383681258713,0,1.49603352151489,80,0.00269783740653128,-0.665198082420435,18.4337602331474,-2.22915407091328,2.34534700678786,0.40051042377624,1.35360902324782,-5.21674732285496,-0.665198082420435,2.91418377871393,-2.22915407091328,0.852433368258935,-0.915015485905451,0.302774375958578,676.246250294859,8,2,"normal",42
"3003",-25.50572,0.0911187937076177,0,1.60939614729126,80,0.00269783740653128,-0.665198082420435,18.4337602331474,-2.22915407091328,2.34534700678786,0.40051042377624,1.35360902324782,-5.21674732285496,-0.665198082420435,2.91418377871393,-2.22915407091328,0.852433368258935,-0.915015485905451,0.302774375958578,676.246250294859,8,2,"normal",43
"3004",-9.375,0.319268329827572,0,1.47345006866224,80,0.00269783740653128,-0.665198082420435,18.4337602331474,-2.22915407091328,2.34534700678786,0.40051042377624,1.35360902324782,-5.21674732285496,-0.665198082420435,2.91418377871393,-2.22915407091328,0.852433368258935,-0.915015485905451,0.302774375958578,676.246250294859,8,2,"normal",44
"3005",-16.6308,0.194871152928433,0,1.47259628989451,80,0.00269783740653128,-0.665198082420435,18.4337602331474,-2.22915407091328,2.34534700678786,0.40051042377624,1.35360902324782,-5.21674732285496,-0.665198082420435,2.91418377871393,-2.22915407091328,0.852433368258935,-0.915015485905451,0.302774375958578,676.246250294859,8,2,"normal",45
"3006",-19.979959,0.149269737140994,0,1.48973072819288,80,0.00269783740653128,-0.665198082420435,18.4337602331474,-2.22915407091328,2.34534700678786,0.40051042377624,1.35360902324782,-5.21674732285496,-0.665198082420435,2.91418377871393,-2.22915407091328,0.852433368258935,-0.915015485905451,0.302774375958578,676.246250294859,8,2,"normal",46
"3007",13.21603,0.77280497823155,1,1.76254342443611,80,0.00269783740653128,-0.665198082420435,18.4337602331474,-2.22915407091328,2.34534700678786,0.40051042377624,1.35360902324782,-5.21674732285496,-0.665198082420435,2.91418377871393,-2.22915407091328,0.852433368258935,-0.915015485905451,0.302774375958578,676.246250294859,8,2,"normal",47
"3008",-7.07226,0.364814133514679,0,1.50810446766275,80,0.00269783740653128,-0.665198082420435,18.4337602331474,-2.22915407091328,2.34534700678786,0.40051042377624,1.35360902324782,-5.21674732285496,-0.665198082420435,2.91418377871393,-2.22915407091328,0.852433368258935,-0.915015485905451,0.302774375958578,676.246250294859,8,2,"normal",48
"3009",-4.27824,0.422723773474504,0,1.6080070201772,80,0.00269783740653128,-0.665198082420435,18.4337602331474,-2.22915407091328,2.34534700678786,0.40051042377624,1.35360902324782,-5.21674732285496,-0.665198082420435,2.91418377871393,-2.22915407091328,0.852433368258935,-0.915015485905451,0.302774375958578,676.246250294859,8,2,"normal",49
"3010",1.12429,0.538458610624153,0,1.63053532596692,80,0.00269783740653128,-0.665198082420435,18.4337602331474,-2.22915407091328,2.34534700678786,0.40051042377624,1.35360902324782,-5.21674732285496,-0.665198082420435,2.91418377871393,-2.22915407091328,0.852433368258935,-0.915015485905451,0.302774375958578,676.246250294859,8,2,"normal",50
"3011",-12.38608,0.263722857860602,0,1.53267144303057,80,0.00269783740653128,-0.665198082420435,18.4337602331474,-2.22915407091328,2.34534700678786,0.40051042377624,1.35360902324782,-5.21674732285496,-0.665198082420435,2.91418377871393,-2.22915407091328,0.852433368258935,-0.915015485905451,0.302774375958578,676.246250294859,8,2,"normal",51
"3012",12.60367,0.762754631202621,1,1.92341703708329,80,0.00269783740653128,-0.665198082420435,18.4337602331474,-2.22915407091328,2.34534700678786,0.40051042377624,1.35360902324782,-5.21674732285496,-0.665198082420435,2.91418377871393,-2.22915407091328,0.852433368258935,-0.915015485905451,0.302774375958578,676.246250294859,8,2,"normal",52
"3013",-6.7662,0.371033612564406,0,1.46420028335201,80,0.00269783740653128,-0.665198082420435,18.4337602331474,-2.22915407091328,2.34534700678786,0.40051042377624,1.35360902324782,-5.21674732285496,-0.665198082420435,2.91418377871393,-2.22915407091328,0.852433368258935,-0.915015485905451,0.302774375958578,676.246250294859,8,2,"normal",53
"3014",-11.19518,0.285086570143632,0,1.5830515129528,80,0.00269783740653128,-0.665198082420435,18.4337602331474,-2.22915407091328,2.34534700678786,0.40051042377624,1.35360902324782,-5.21674732285496,-0.665198082420435,2.91418377871393,-2.22915407091328,0.852433368258935,-0.915015485905451,0.302774375958578,676.246250294859,8,2,"normal",54
"3015",-13.29189,0.248046221893599,0,1.5292299100812,80,0.00269783740653128,-0.665198082420435,18.4337602331474,-2.22915407091328,2.34534700678786,0.40051042377624,1.35360902324782,-5.21674732285496,-0.665198082420435,2.91418377871393,-2.22915407091328,0.852433368258935,-0.915015485905451,0.302774375958578,676.246250294859,8,2,"normal",55
"3016",-1.29531,0.48643937830365,1,1.5936432661212,80,0.00269783740653128,-0.665198082420435,18.4337602331474,-2.22915407091328,2.34534700678786,0.40051042377624,1.35360902324782,-5.21674732285496,-0.665198082420435,2.91418377871393,-2.22915407091328,0.852433368258935,-0.915015485905451,0.302774375958578,676.246250294859,8,2,"normal",56
"3017",-20.98203,0.137165844590312,0,1.50479205400621,80,0.00269783740653128,-0.665198082420435,18.4337602331474,-2.22915407091328,2.34534700678786,0.40051042377624,1.35360902324782,-5.21674732285496,-0.665198082420435,2.91418377871393,-2.22915407091328,0.852433368258935,-0.915015485905451,0.302774375958578,676.246250294859,8,2,"normal",57
"3018",9.06038,0.700024988752294,1,1.4826203820941,80,0.00269783740653128,-0.665198082420435,18.4337602331474,-2.22915407091328,2.34534700678786,0.40051042377624,1.35360902324782,-5.21674732285496,-0.665198082420435,2.91418377871393,-2.22915407091328,0.852433368258935,-0.915015485905451,0.302774375958578,676.246250294859,8,2,"normal",58
"3019",-7.445619,0.357275668666848,0,1.52713841253249,80,0.00269783740653128,-0.665198082420435,18.4337602331474,-2.22915407091328,2.34534700678786,0.40051042377624,1.35360902324782,-5.21674732285496,-0.665198082420435,2.91418377871393,-2.22915407091328,0.852433368258935,-0.915015485905451,0.302774375958578,676.246250294859,8,2,"normal",59
"3020",-13.21355,0.249381823997949,0,1.49524761749935,80,0.00269783740653128,-0.665198082420435,18.4337602331474,-2.22915407091328,2.34534700678786,0.40051042377624,1.35360902324782,-5.21674732285496,-0.665198082420435,2.91418377871393,-2.22915407091328,0.852433368258935,-0.915015485905451,0.302774375958578,676.246250294859,8,2,"normal",60
"3021",11.40544,0.742390480093633,1,1.59306083686502,80,0.00269783740653128,-0.665198082420435,18.4337602331474,-2.22915407091328,2.34534700678786,0.40051042377624,1.35360902324782,-5.21674732285496,-0.665198082420435,2.91418377871393,-2.22915407091328,0.852433368258935,-0.915015485905451,0.302774375958578,676.246250294859,8,2,"normal",61
"3022",12.8246657,0.76641004526636,0,1.55190143892098,80,0.00269783740653128,-0.665198082420435,18.4337602331474,-2.22915407091328,2.34534700678786,0.40051042377624,1.35360902324782,-5.21674732285496,-0.665198082420435,2.91418377871393,-2.22915407091328,0.852433368258935,-0.915015485905451,0.302774375958578,676.246250294859,8,2,"normal",62
"3023",-12.49563,0.261800006905206,0,1.43953434632772,80,0.00269783740653128,-0.665198082420435,18.4337602331474,-2.22915407091328,2.34534700678786,0.40051042377624,1.35360902324782,-5.21674732285496,-0.665198082420435,2.91418377871393,-2.22915407091328,0.852433368258935,-0.915015485905451,0.302774375958578,676.246250294859,8,2,"normal",63
"3024",8.460448,0.688694181292131,1,1.4555175750448,80,0.00269783740653128,-0.665198082420435,18.4337602331474,-2.22915407091328,2.34534700678786,0.40051042377624,1.35360902324782,-5.21674732285496,-0.665198082420435,2.91418377871393,-2.22915407091328,0.852433368258935,-0.915015485905451,0.302774375958578,676.246250294859,8,2,"normal",64
"3025",-6.101192,0.384663358486616,1,1.66323379852685,80,0.00269783740653128,-0.665198082420435,18.4337602331474,-2.22915407091328,2.34534700678786,0.40051042377624,1.35360902324782,-5.21674732285496,-0.665198082420435,2.91418377871393,-2.22915407091328,0.852433368258935,-0.915015485905451,0.302774375958578,676.246250294859,8,2,"normal",65
"3026",-11.51158,0.279329818176147,0,1.50851154763443,80,0.00269783740653128,-0.665198082420435,18.4337602331474,-2.22915407091328,2.34534700678786,0.40051042377624,1.35360902324782,-5.21674732285496,-0.665198082420435,2.91418377871393,-2.22915407091328,0.852433368258935,-0.915015485905451,0.302774375958578,676.246250294859,8,2,"normal",66
"3027",-9.94207,0.308431938902274,1,1.58796207353136,80,0.00269783740653128,-0.665198082420435,18.4337602331474,-2.22915407091328,2.34534700678786,0.40051042377624,1.35360902324782,-5.21674732285496,-0.665198082420435,2.91418377871393,-2.22915407091328,0.852433368258935,-0.915015485905451,0.302774375958578,676.246250294859,8,2,"normal",67
"3028",-5.762138,0.391669607767054,0,1.54148120219755,80,0.00269783740653128,-0.665198082420435,18.4337602331474,-2.22915407091328,2.34534700678786,0.40051042377624,1.35360902324782,-5.21674732285496,-0.665198082420435,2.91418377871393,-2.22915407091328,0.852433368258935,-0.915015485905451,0.302774375958578,676.246250294859,8,2,"normal",68
"3029",-11.17164,0.285517150685986,0,1.49588174615747,80,0.00269783740653128,-0.665198082420435,18.4337602331474,-2.22915407091328,2.34534700678786,0.40051042377624,1.35360902324782,-5.21674732285496,-0.665198082420435,2.91418377871393,-2.22915407091328,0.852433368258935,-0.915015485905451,0.302774375958578,676.246250294859,8,2,"normal",69
"3030",14.97334,0.800253491146916,0,1.50400025775102,80,0.00269783740653128,-0.665198082420435,18.4337602331474,-2.22915407091328,2.34534700678786,0.40051042377624,1.35360902324782,-5.21674732285496,-0.665198082420435,2.91418377871393,-2.22915407091328,0.852433368258935,-0.915015485905451,0.302774375958578,676.246250294859,8,2,"normal",70
"3031",15.3477,0.80582772043438,1,1.45640868491901,80,0.00269783740653128,-0.665198082420435,18.4337602331474,-2.22915407091328,2.34534700678786,0.40051042377624,1.35360902324782,-5.21674732285496,-0.665198082420435,2.91418377871393,-2.22915407091328,0.852433368258935,-0.915015485905451,0.302774375958578,676.246250294859,8,2,"normal",71
"3032",-3.48493,0.439540674711369,0,1.49460933363701,80,0.00269783740653128,-0.665198082420435,18.4337602331474,-2.22915407091328,2.34534700678786,0.40051042377624,1.35360902324782,-5.21674732285496,-0.665198082420435,2.91418377871393,-2.22915407091328,0.852433368258935,-0.915015485905451,0.302774375958578,676.246250294859,8,2,"normal",72
"3033",20.79975,0.875837573055302,1,1.57918643353598,80,0.00269783740653128,-0.665198082420435,18.4337602331474,-2.22915407091328,2.34534700678786,0.40051042377624,1.35360902324782,-5.21674732285496,-0.665198082420435,2.91418377871393,-2.22915407091328,0.852433368258935,-0.915015485905451,0.302774375958578,676.246250294859,8,2,"normal",73
"3034",-15.005553,0.219822214479137,0,1.53432486065998,80,0.00269783740653128,-0.665198082420435,18.4337602331474,-2.22915407091328,2.34534700678786,0.40051042377624,1.35360902324782,-5.21674732285496,-0.665198082420435,2.91418377871393,-2.22915407091328,0.852433368258935,-0.915015485905451,0.302774375958578,676.246250294859,8,2,"normal",74
"3035",13.998689,0.785288302539524,1,1.43120845317548,80,0.00269783740653128,-0.665198082420435,18.4337602331474,-2.22915407091328,2.34534700678786,0.40051042377624,1.35360902324782,-5.21674732285496,-0.665198082420435,2.91418377871393,-2.22915407091328,0.852433368258935,-0.915015485905451,0.302774375958578,676.246250294859,8,2,"normal",75
"3036",-12.24086,0.266283012353477,0,1.85172163549406,80,0.00269783740653128,-0.665198082420435,18.4337602331474,-2.22915407091328,2.34534700678786,0.40051042377624,1.35360902324782,-5.21674732285496,-0.665198082420435,2.91418377871393,-2.22915407091328,0.852433368258935,-0.915015485905451,0.302774375958578,676.246250294859,8,2,"normal",76
"3037",3.64492,0.591937540562856,1,1.52977624183045,80,0.00269783740653128,-0.665198082420435,18.4337602331474,-2.22915407091328,2.34534700678786,0.40051042377624,1.35360902324782,-5.21674732285496,-0.665198082420435,2.91418377871393,-2.22915407091328,0.852433368258935,-0.915015485905451,0.302774375958578,676.246250294859,8,2,"normal",77
"3038",-14.951757,0.220678805521683,0,1.53581213220779,80,0.00269783740653128,-0.665198082420435,18.4337602331474,-2.22915407091328,2.34534700678786,0.40051042377624,1.35360902324782,-5.21674732285496,-0.665198082420435,2.91418377871393,-2.22915407091328,0.852433368258935,-0.915015485905451,0.302774375958578,676.246250294859,8,2,"normal",78
"3039",11.687794,0.747270699607455,1,1.45127151303111,80,0.00269783740653128,-0.665198082420435,18.4337602331474,-2.22915407091328,2.34534700678786,0.40051042377624,1.35360902324782,-5.21674732285496,-0.665198082420435,2.91418377871393,-2.22915407091328,0.852433368258935,-0.915015485905451,0.302774375958578,676.246250294859,8,2,"normal",79
"3040",7.09799,0.662293028976907,1,1.58697935482831,80,0.00269783740653128,-0.665198082420435,18.4337602331474,-2.22915407091328,2.34534700678786,0.40051042377624,1.35360902324782,-5.21674732285496,-0.665198082420435,2.91418377871393,-2.22915407091328,0.852433368258935,-0.915015485905451,0.302774375958578,676.246250294859,8,2,"normal",80
"3041",9.49249329655,0.739351499752466,0,0.258963004505345,80,0.119502537979443,-9.06490644976883,20.7416354717932,-1.9106279154439,2.60275178432236,0.357168955719732,0.12041428683652,-1.15814189769496,-9.06490644976883,3.03214305561302,-1.9106279154439,0.956569263925216,-1.02954634383583,-2.11681709171423,1264.65208714183,9,2,"normal",1
"3042",10.8607034043,0.752374699808665,1,0.578470989453519,80,0.119502537979443,-9.06490644976883,20.7416354717932,-1.9106279154439,2.60275178432236,0.357168955719732,0.12041428683652,-1.15814189769496,-9.06490644976883,3.03214305561302,-1.9106279154439,0.956569263925216,-1.02954634383583,-2.11681709171423,1264.65208714183,9,2,"normal",2
"3043",4.8680357472,0.689582638625675,1,0.41612241580758,80,0.119502537979443,-9.06490644976883,20.7416354717932,-1.9106279154439,2.60275178432236,0.357168955719732,0.12041428683652,-1.15814189769496,-9.06490644976883,3.03214305561302,-1.9106279154439,0.956569263925216,-1.02954634383583,-2.11681709171423,1264.65208714183,9,2,"normal",3
"3044",-2.20060364885,0.598667784246066,0,0.412704702935289,80,0.119502537979443,-9.06490644976883,20.7416354717932,-1.9106279154439,2.60275178432236,0.357168955719732,0.12041428683652,-1.15814189769496,-9.06490644976883,3.03214305561302,-1.9106279154439,0.956569263925216,-1.02954634383583,-2.11681709171423,1264.65208714183,9,2,"normal",4
"3045",2.15981375334,0.656616015368059,1,0.542640912668225,80,0.119502537979443,-9.06490644976883,20.7416354717932,-1.9106279154439,2.60275178432236,0.357168955719732,0.12041428683652,-1.15814189769496,-9.06490644976883,3.03214305561302,-1.9106279154439,0.956569263925216,-1.02954634383583,-2.11681709171423,1264.65208714183,9,2,"normal",5
"3046",32.3932,0.863134818535268,1,0.258372517664542,80,0.119502537979443,-9.06490644976883,20.7416354717932,-1.9106279154439,2.60275178432236,0.357168955719732,0.12041428683652,-1.15814189769496,-9.06490644976883,3.03214305561302,-1.9106279154439,0.956569263925216,-1.02954634383583,-2.11681709171423,1264.65208714183,9,2,"normal",6
"3047",-2.10117692643,0.600044433012417,0,0.445096281632373,80,0.119502537979443,-9.06490644976883,20.7416354717932,-1.9106279154439,2.60275178432236,0.357168955719732,0.12041428683652,-1.15814189769496,-9.06490644976883,3.03214305561302,-1.9106279154439,0.956569263925216,-1.02954634383583,-2.11681709171423,1264.65208714183,9,2,"normal",7
"3048",34.23042,0.866474107647933,1,0.34260531725485,80,0.119502537979443,-9.06490644976883,20.7416354717932,-1.9106279154439,2.60275178432236,0.357168955719732,0.12041428683652,-1.15814189769496,-9.06490644976883,3.03214305561302,-1.9106279154439,0.956569263925216,-1.02954634383583,-2.11681709171423,1264.65208714183,9,2,"normal",8
"3049",1.6717543034,0.650406539411178,1,0.436265648398438,80,0.119502537979443,-9.06490644976883,20.7416354717932,-1.9106279154439,2.60275178432236,0.357168955719732,0.12041428683652,-1.15814189769496,-9.06490644976883,3.03214305561302,-1.9106279154439,0.956569263925216,-1.02954634383583,-2.11681709171423,1264.65208714183,9,2,"normal",9
"3050",-1.6899633189,0.605714219215287,1,0.452800437570237,80,0.119502537979443,-9.06490644976883,20.7416354717932,-1.9106279154439,2.60275178432236,0.357168955719732,0.12041428683652,-1.15814189769496,-9.06490644976883,3.03214305561302,-1.9106279154439,0.956569263925216,-1.02954634383583,-2.11681709171423,1264.65208714183,9,2,"normal",10
"3051",-2.23594,0.59817799408804,1,0.319100351901824,80,0.119502537979443,-9.06490644976883,20.7416354717932,-1.9106279154439,2.60275178432236,0.357168955719732,0.12041428683652,-1.15814189769496,-9.06490644976883,3.03214305561302,-1.9106279154439,0.956569263925216,-1.02954634383583,-2.11681709171423,1264.65208714183,9,2,"normal",11
"3052",22.7659,0.832983258107595,1,0.28963456574597,80,0.119502537979443,-9.06490644976883,20.7416354717932,-1.9106279154439,2.60275178432236,0.357168955719732,0.12041428683652,-1.15814189769496,-9.06490644976883,3.03214305561302,-1.9106279154439,0.956569263925216,-1.02954634383583,-2.11681709171423,1264.65208714183,9,2,"normal",12
"3053",-9.18672,0.498217038634524,1,0.297599822867462,80,0.119502537979443,-9.06490644976883,20.7416354717932,-1.9106279154439,2.60275178432236,0.357168955719732,0.12041428683652,-1.15814189769496,-9.06490644976883,3.03214305561302,-1.9106279154439,0.956569263925216,-1.02954634383583,-2.11681709171423,1264.65208714183,9,2,"normal",13
"3054",-10.9641485468,0.472239798854348,0,0.401480812574866,80,0.119502537979443,-9.06490644976883,20.7416354717932,-1.9106279154439,2.60275178432236,0.357168955719732,0.12041428683652,-1.15814189769496,-9.06490644976883,3.03214305561302,-1.9106279154439,0.956569263925216,-1.02954634383583,-2.11681709171423,1264.65208714183,9,2,"normal",14
"3055",-20.80428,0.336921311329998,1,0.323771594212472,80,0.119502537979443,-9.06490644976883,20.7416354717932,-1.9106279154439,2.60275178432236,0.357168955719732,0.12041428683652,-1.15814189769496,-9.06490644976883,3.03214305561302,-1.9106279154439,0.956569263925216,-1.02954634383583,-2.11681709171423,1264.65208714183,9,2,"normal",15
"3056",12.6996,0.768618565736208,1,0.312130955406267,80,0.119502537979443,-9.06490644976883,20.7416354717932,-1.9106279154439,2.60275178432236,0.357168955719732,0.12041428683652,-1.15814189769496,-9.06490644976883,3.03214305561302,-1.9106279154439,0.956569263925216,-1.02954634383583,-2.11681709171423,1264.65208714183,9,2,"normal",16
"3057",-11.13745756888,0.469714701311074,1,0.501712371557342,80,0.119502537979443,-9.06490644976883,20.7416354717932,-1.9106279154439,2.60275178432236,0.357168955719732,0.12041428683652,-1.15814189769496,-9.06490644976883,3.03214305561302,-1.9106279154439,0.956569263925216,-1.02954634383583,-2.11681709171423,1264.65208714183,9,2,"normal",17
"3058",-5.10482,0.557613121211979,1,0.437814526355927,80,0.119502537979443,-9.06490644976883,20.7416354717932,-1.9106279154439,2.60275178432236,0.357168955719732,0.12041428683652,-1.15814189769496,-9.06490644976883,3.03214305561302,-1.9106279154439,0.956569263925216,-1.02954634383583,-2.11681709171423,1264.65208714183,9,2,"normal",18
"3059",-17.631762108,0.37808360033013,0,0.532790277696036,80,0.119502537979443,-9.06490644976883,20.7416354717932,-1.9106279154439,2.60275178432236,0.357168955719732,0.12041428683652,-1.15814189769496,-9.06490644976883,3.03214305561302,-1.9106279154439,0.956569263925216,-1.02954634383583,-2.11681709171423,1264.65208714183,9,2,"normal",19
"3060",-15.00070786795,0.414289800536782,1,0.359518622753368,80,0.119502537979443,-9.06490644976883,20.7416354717932,-1.9106279154439,2.60275178432236,0.357168955719732,0.12041428683652,-1.15814189769496,-9.06490644976883,3.03214305561302,-1.9106279154439,0.956569263925216,-1.02954634383583,-2.11681709171423,1264.65208714183,9,2,"normal",20
"3061",-17.5844,0.378720455757316,0,0.298922545037753,80,0.119502537979443,-9.06490644976883,20.7416354717932,-1.9106279154439,2.60275178432236,0.357168955719732,0.12041428683652,-1.15814189769496,-9.06490644976883,3.03214305561302,-1.9106279154439,0.956569263925216,-1.02954634383583,-2.11681709171423,1264.65208714183,9,2,"normal",21
"3062",-39.02045,0.176073494317162,1,0.416647046470117,80,0.119502537979443,-9.06490644976883,20.7416354717932,-1.9106279154439,2.60275178432236,0.357168955719732,0.12041428683652,-1.15814189769496,-9.06490644976883,3.03214305561302,-1.9106279154439,0.956569263925216,-1.02954634383583,-2.11681709171423,1264.65208714183,9,2,"normal",22
"3063",-45.5173,0.149501370939369,1,0.289171215506807,80,0.119502537979443,-9.06490644976883,20.7416354717932,-1.9106279154439,2.60275178432236,0.357168955719732,0.12041428683652,-1.15814189769496,-9.06490644976883,3.03214305561302,-1.9106279154439,0.956569263925216,-1.02954634383583,-2.11681709171423,1264.65208714183,9,2,"normal",23
"3064",-21.0961980256,0.333295484209709,0,0.308962142313206,80,0.119502537979443,-9.06490644976883,20.7416354717932,-1.9106279154439,2.60275178432236,0.357168955719732,0.12041428683652,-1.15814189769496,-9.06490644976883,3.03214305561302,-1.9106279154439,0.956569263925216,-1.02954634383583,-2.11681709171423,1264.65208714183,9,2,"normal",24
"3065",44.07092,0.876535241417322,1,0.314957512499014,80,0.119502537979443,-9.06490644976883,20.7416354717932,-1.9106279154439,2.60275178432236,0.357168955719732,0.12041428683652,-1.15814189769496,-9.06490644976883,3.03214305561302,-1.9106279154439,0.956569263925216,-1.02954634383583,-2.11681709171423,1264.65208714183,9,2,"normal",25
"3066",-18.7761824592,0.362883978172193,0,0.327975417874053,80,0.119502537979443,-9.06490644976883,20.7416354717932,-1.9106279154439,2.60275178432236,0.357168955719732,0.12041428683652,-1.15814189769496,-9.06490644976883,3.03214305561302,-1.9106279154439,0.956569263925216,-1.02954634383583,-2.11681709171423,1264.65208714183,9,2,"normal",26
"3067",-17.146335068,0.384638866305217,1,0.416388884029746,80,0.119502537979443,-9.06490644976883,20.7416354717932,-1.9106279154439,2.60275178432236,0.357168955719732,0.12041428683652,-1.15814189769496,-9.06490644976883,3.03214305561302,-1.9106279154439,0.956569263925216,-1.02954634383583,-2.11681709171423,1264.65208714183,9,2,"normal",27
"3068",-19.874525297,0.348660331631572,1,0.435395881811776,80,0.119502537979443,-9.06490644976883,20.7416354717932,-1.9106279154439,2.60275178432236,0.357168955719732,0.12041428683652,-1.15814189769496,-9.06490644976883,3.03214305561302,-1.9106279154439,0.956569263925216,-1.02954634383583,-2.11681709171423,1264.65208714183,9,2,"normal",28
"3069",-20.797498138,0.337005893374762,1,0.448319533610174,80,0.119502537979443,-9.06490644976883,20.7416354717932,-1.9106279154439,2.60275178432236,0.357168955719732,0.12041428683652,-1.15814189769496,-9.06490644976883,3.03214305561302,-1.9106279154439,0.956569263925216,-1.02954634383583,-2.11681709171423,1264.65208714183,9,2,"normal",29
"3070",9.8686,0.743010790893051,1,0.324962219982262,80,0.119502537979443,-9.06490644976883,20.7416354717932,-1.9106279154439,2.60275178432236,0.357168955719732,0.12041428683652,-1.15814189769496,-9.06490644976883,3.03214305561302,-1.9106279154439,0.956569263925216,-1.02954634383583,-2.11681709171423,1264.65208714183,9,2,"normal",30
"3071",-20.8894,0.335861044479543,0,0.258738734836305,80,0.119502537979443,-9.06490644976883,20.7416354717932,-1.9106279154439,2.60275178432236,0.357168955719732,0.12041428683652,-1.15814189769496,-9.06490644976883,3.03214305561302,-1.9106279154439,0.956569263925216,-1.02954634383583,-2.11681709171423,1264.65208714183,9,2,"normal",31
"3072",-6.8688,0.532084212703178,1,0.440514560656608,80,0.119502537979443,-9.06490644976883,20.7416354717932,-1.9106279154439,2.60275178432236,0.357168955719732,0.12041428683652,-1.15814189769496,-9.06490644976883,3.03214305561302,-1.9106279154439,0.956569263925216,-1.02954634383583,-2.11681709171423,1264.65208714183,9,2,"normal",32
"3073",-22.259600282,0.319142602589852,0,0.439194550112641,80,0.119502537979443,-9.06490644976883,20.7416354717932,-1.9106279154439,2.60275178432236,0.357168955719732,0.12041428683652,-1.15814189769496,-9.06490644976883,3.03214305561302,-1.9106279154439,0.956569263925216,-1.02954634383583,-2.11681709171423,1264.65208714183,9,2,"normal",33
"3074",-40.79268,0.167483053233372,0,0.349756051890051,80,0.119502537979443,-9.06490644976883,20.7416354717932,-1.9106279154439,2.60275178432236,0.357168955719732,0.12041428683652,-1.15814189769496,-9.06490644976883,3.03214305561302,-1.9106279154439,0.956569263925216,-1.02954634383583,-2.11681709171423,1264.65208714183,9,2,"normal",34
"3075",-14.8573,0.416306606750614,0,0.405322889625156,80,0.119502537979443,-9.06490644976883,20.7416354717932,-1.9106279154439,2.60275178432236,0.357168955719732,0.12041428683652,-1.15814189769496,-9.06490644976883,3.03214305561302,-1.9106279154439,0.956569263925216,-1.02954634383583,-2.11681709171423,1264.65208714183,9,2,"normal",35
"3076",-11.2451,0.468147410167672,1,0.451361061207821,80,0.119502537979443,-9.06490644976883,20.7416354717932,-1.9106279154439,2.60275178432236,0.357168955719732,0.12041428683652,-1.15814189769496,-9.06490644976883,3.03214305561302,-1.9106279154439,0.956569263925216,-1.02954634383583,-2.11681709171423,1264.65208714183,9,2,"normal",36
"3077",-20.348810663,0.342636292368594,1,0.265614583846621,80,0.119502537979443,-9.06490644976883,20.7416354717932,-1.9106279154439,2.60275178432236,0.357168955719732,0.12041428683652,-1.15814189769496,-9.06490644976883,3.03214305561302,-1.9106279154439,0.956569263925216,-1.02954634383583,-2.11681709171423,1264.65208714183,9,2,"normal",37
"3078",-23.170247057,0.308409278998009,0,0.328714475052015,80,0.119502537979443,-9.06490644976883,20.7416354717932,-1.9106279154439,2.60275178432236,0.357168955719732,0.12041428683652,-1.15814189769496,-9.06490644976883,3.03214305561302,-1.9106279154439,0.956569263925216,-1.02954634383583,-2.11681709171423,1264.65208714183,9,2,"normal",38
"3079",41.3658,0.874774166645792,1,0.259060216142505,80,0.119502537979443,-9.06490644976883,20.7416354717932,-1.9106279154439,2.60275178432236,0.357168955719732,0.12041428683652,-1.15814189769496,-9.06490644976883,3.03214305561302,-1.9106279154439,0.956569263925216,-1.02954634383583,-2.11681709171423,1264.65208714183,9,2,"normal",39
"3080",12.7483,0.769029100560122,1,0.386000113319351,80,0.119502537979443,-9.06490644976883,20.7416354717932,-1.9106279154439,2.60275178432236,0.357168955719732,0.12041428683652,-1.15814189769496,-9.06490644976883,3.03214305561302,-1.9106279154439,0.956569263925216,-1.02954634383583,-2.11681709171423,1264.65208714183,9,2,"normal",40
"3081",-20.50188228,0.340707874363917,0,0.332418091494394,80,0.119502537979443,-9.06490644976883,20.7416354717932,-1.9106279154439,2.60275178432236,0.357168955719732,0.12041428683652,-1.15814189769496,-9.06490644976883,3.03214305561302,-1.9106279154439,0.956569263925216,-1.02954634383583,-2.11681709171423,1264.65208714183,9,2,"normal",41
"3082",1.0953,0.642974622237001,1,0.437613360291034,80,0.119502537979443,-9.06490644976883,20.7416354717932,-1.9106279154439,2.60275178432236,0.357168955719732,0.12041428683652,-1.15814189769496,-9.06490644976883,3.03214305561302,-1.9106279154439,0.956569263925216,-1.02954634383583,-2.11681709171423,1264.65208714183,9,2,"normal",42
"3083",16.71103,0.799081292034103,1,0.337450882552145,80,0.119502537979443,-9.06490644976883,20.7416354717932,-1.9106279154439,2.60275178432236,0.357168955719732,0.12041428683652,-1.15814189769496,-9.06490644976883,3.03214305561302,-1.9106279154439,0.956569263925216,-1.02954634383583,-2.11681709171423,1264.65208714183,9,2,"normal",43
"3084",-15.0288,0.413895193039089,0,0.417370073183597,80,0.119502537979443,-9.06490644976883,20.7416354717932,-1.9106279154439,2.60275178432236,0.357168955719732,0.12041428683652,-1.15814189769496,-9.06490644976883,3.03214305561302,-1.9106279154439,0.956569263925216,-1.02954634383583,-2.11681709171423,1264.65208714183,9,2,"normal",44
"3085",-19.005108809,0.359888869145733,0,0.432167567749107,80,0.119502537979443,-9.06490644976883,20.7416354717932,-1.9106279154439,2.60275178432236,0.357168955719732,0.12041428683652,-1.15814189769496,-9.06490644976883,3.03214305561302,-1.9106279154439,0.956569263925216,-1.02954634383583,-2.11681709171423,1264.65208714183,9,2,"normal",45
"3086",-16.316132501,0.395987483858474,1,0.41670138187308,80,0.119502537979443,-9.06490644976883,20.7416354717932,-1.9106279154439,2.60275178432236,0.357168955719732,0.12041428683652,-1.15814189769496,-9.06490644976883,3.03214305561302,-1.9106279154439,0.956569263925216,-1.02954634383583,-2.11681709171423,1264.65208714183,9,2,"normal",46
"3087",1.927,0.653663626588012,1,0.632143970102933,80,0.119502537979443,-9.06490644976883,20.7416354717932,-1.9106279154439,2.60275178432236,0.357168955719732,0.12041428683652,-1.15814189769496,-9.06490644976883,3.03214305561302,-1.9106279154439,0.956569263925216,-1.02954634383583,-2.11681709171423,1264.65208714183,9,2,"normal",47
"3088",-42.0076,0.162206565806938,0,0.337149822815233,80,0.119502537979443,-9.06490644976883,20.7416354717932,-1.9106279154439,2.60275178432236,0.357168955719732,0.12041428683652,-1.15814189769496,-9.06490644976883,3.03214305561302,-1.9106279154439,0.956569263925216,-1.02954634383583,-2.11681709171423,1264.65208714183,9,2,"normal",48
"3089",19.98,0.819078394732337,1,0.495168804070711,80,0.119502537979443,-9.06490644976883,20.7416354717932,-1.9106279154439,2.60275178432236,0.357168955719732,0.12041428683652,-1.15814189769496,-9.06490644976883,3.03214305561302,-1.9106279154439,0.956569263925216,-1.02954634383583,-2.11681709171423,1264.65208714183,9,2,"normal",49
"3090",-41.4805,0.164436711530201,1,0.465155887397724,80,0.119502537979443,-9.06490644976883,20.7416354717932,-1.9106279154439,2.60275178432236,0.357168955719732,0.12041428683652,-1.15814189769496,-9.06490644976883,3.03214305561302,-1.9106279154439,0.956569263925216,-1.02954634383583,-2.11681709171423,1264.65208714183,9,2,"normal",50
"3091",-25.75327,0.279714974213911,0,0.393547939807781,80,0.119502537979443,-9.06490644976883,20.7416354717932,-1.9106279154439,2.60275178432236,0.357168955719732,0.12041428683652,-1.15814189769496,-9.06490644976883,3.03214305561302,-1.9106279154439,0.956569263925216,-1.02954634383583,-2.11681709171423,1264.65208714183,9,2,"normal",51
"3092",-3.6844,0.57787948411715,1,0.383930731589923,80,0.119502537979443,-9.06490644976883,20.7416354717932,-1.9106279154439,2.60275178432236,0.357168955719732,0.12041428683652,-1.15814189769496,-9.06490644976883,3.03214305561302,-1.9106279154439,0.956569263925216,-1.02954634383583,-2.11681709171423,1264.65208714183,9,2,"normal",52
"3093",-24.66856,0.291441255451514,0,0.356641138140092,80,0.119502537979443,-9.06490644976883,20.7416354717932,-1.9106279154439,2.60275178432236,0.357168955719732,0.12041428683652,-1.15814189769496,-9.06490644976883,3.03214305561302,-1.9106279154439,0.956569263925216,-1.02954634383583,-2.11681709171423,1264.65208714183,9,2,"normal",53
"3094",-6.5103,0.537297176943908,0,0.489708063367298,80,0.119502537979443,-9.06490644976883,20.7416354717932,-1.9106279154439,2.60275178432236,0.357168955719732,0.12041428683652,-1.15814189769496,-9.06490644976883,3.03214305561302,-1.9106279154439,0.956569263925216,-1.02954634383583,-2.11681709171423,1264.65208714183,9,2,"normal",54
"3095",-4.689,0.563577686132794,1,0.309045293055046,80,0.119502537979443,-9.06490644976883,20.7416354717932,-1.9106279154439,2.60275178432236,0.357168955719732,0.12041428683652,-1.15814189769496,-9.06490644976883,3.03214305561302,-1.9106279154439,0.956569263925216,-1.02954634383583,-2.11681709171423,1264.65208714183,9,2,"normal",55
"3096",43.2324,0.876049471136719,1,0.257972958974967,80,0.119502537979443,-9.06490644976883,20.7416354717932,-1.9106279154439,2.60275178432236,0.357168955719732,0.12041428683652,-1.15814189769496,-9.06490644976883,3.03214305561302,-1.9106279154439,0.956569263925216,-1.02954634383583,-2.11681709171423,1264.65208714183,9,2,"normal",56
"3097",-9.7042,0.490644211535997,1,0.408851906711957,80,0.119502537979443,-9.06490644976883,20.7416354717932,-1.9106279154439,2.60275178432236,0.357168955719732,0.12041428683652,-1.15814189769496,-9.06490644976883,3.03214305561302,-1.9106279154439,0.956569263925216,-1.02954634383583,-2.11681709171423,1264.65208714183,9,2,"normal",57
"3098",-26.7399,0.269468233289599,1,0.369072495840594,80,0.119502537979443,-9.06490644976883,20.7416354717932,-1.9106279154439,2.60275178432236,0.357168955719732,0.12041428683652,-1.15814189769496,-9.06490644976883,3.03214305561302,-1.9106279154439,0.956569263925216,-1.02954634383583,-2.11681709171423,1264.65208714183,9,2,"normal",58
"3099",-19.96618144,0.347490479047488,1,0.398227869501811,80,0.119502537979443,-9.06490644976883,20.7416354717932,-1.9106279154439,2.60275178432236,0.357168955719732,0.12041428683652,-1.15814189769496,-9.06490644976883,3.03214305561302,-1.9106279154439,0.956569263925216,-1.02954634383583,-2.11681709171423,1264.65208714183,9,2,"normal",59
"3100",-47.885,0.142812436138657,0,0.337042913938661,80,0.119502537979443,-9.06490644976883,20.7416354717932,-1.9106279154439,2.60275178432236,0.357168955719732,0.12041428683652,-1.15814189769496,-9.06490644976883,3.03214305561302,-1.9106279154439,0.956569263925216,-1.02954634383583,-2.11681709171423,1264.65208714183,9,2,"normal",60
"3101",15.7421,0.792337583969007,1,0.350292984980645,80,0.119502537979443,-9.06490644976883,20.7416354717932,-1.9106279154439,2.60275178432236,0.357168955719732,0.12041428683652,-1.15814189769496,-9.06490644976883,3.03214305561302,-1.9106279154439,0.956569263925216,-1.02954634383583,-2.11681709171423,1264.65208714183,9,2,"normal",61
"3102",-42.7797,0.159098476545421,0,0.350934803954276,80,0.119502537979443,-9.06490644976883,20.7416354717932,-1.9106279154439,2.60275178432236,0.357168955719732,0.12041428683652,-1.15814189769496,-9.06490644976883,3.03214305561302,-1.9106279154439,0.956569263925216,-1.02954634383583,-2.11681709171423,1264.65208714183,9,2,"normal",62
"3103",25.399,0.843742615329023,1,0.362133856478734,80,0.119502537979443,-9.06490644976883,20.7416354717932,-1.9106279154439,2.60275178432236,0.357168955719732,0.12041428683652,-1.15814189769496,-9.06490644976883,3.03214305561302,-1.9106279154439,0.956569263925216,-1.02954634383583,-2.11681709171423,1264.65208714183,9,2,"normal",63
"3104",-26.5905,0.270993850116079,0,0.407916299219701,80,0.119502537979443,-9.06490644976883,20.7416354717932,-1.9106279154439,2.60275178432236,0.357168955719732,0.12041428683652,-1.15814189769496,-9.06490644976883,3.03214305561302,-1.9106279154439,0.956569263925216,-1.02954634383583,-2.11681709171423,1264.65208714183,9,2,"normal",64
"3105",-0.284499999999998,0.624780418321797,1,0.458470387203668,80,0.119502537979443,-9.06490644976883,20.7416354717932,-1.9106279154439,2.60275178432236,0.357168955719732,0.12041428683652,-1.15814189769496,-9.06490644976883,3.03214305561302,-1.9106279154439,0.956569263925216,-1.02954634383583,-2.11681709171423,1264.65208714183,9,2,"normal",65
"3106",-3.3722,0.582289149068027,0,0.338374096128565,80,0.119502537979443,-9.06490644976883,20.7416354717932,-1.9106279154439,2.60275178432236,0.357168955719732,0.12041428683652,-1.15814189769496,-9.06490644976883,3.03214305561302,-1.9106279154439,0.956569263925216,-1.02954634383583,-2.11681709171423,1264.65208714183,9,2,"normal",66
"3107",-7.17106,0.527681555100999,1,0.315642199506457,80,0.119502537979443,-9.06490644976883,20.7416354717932,-1.9106279154439,2.60275178432236,0.357168955719732,0.12041428683652,-1.15814189769496,-9.06490644976883,3.03214305561302,-1.9106279154439,0.956569263925216,-1.02954634383583,-2.11681709171423,1264.65208714183,9,2,"normal",67
"3108",30.60156,0.859256608911454,1,0.290366618862043,80,0.119502537979443,-9.06490644976883,20.7416354717932,-1.9106279154439,2.60275178432236,0.357168955719732,0.12041428683652,-1.15814189769496,-9.06490644976883,3.03214305561302,-1.9106279154439,0.956569263925216,-1.02954634383583,-2.11681709171423,1264.65208714183,9,2,"normal",68
"3109",9.5405,0.739821913072663,1,0.497571098991934,80,0.119502537979443,-9.06490644976883,20.7416354717932,-1.9106279154439,2.60275178432236,0.357168955719732,0.12041428683652,-1.15814189769496,-9.06490644976883,3.03214305561302,-1.9106279154439,0.956569263925216,-1.02954634383583,-2.11681709171423,1264.65208714183,9,2,"normal",69
"3110",-47.8576,0.142882113580389,0,0.574015842995444,80,0.119502537979443,-9.06490644976883,20.7416354717932,-1.9106279154439,2.60275178432236,0.357168955719732,0.12041428683652,-1.15814189769496,-9.06490644976883,3.03214305561302,-1.9106279154439,0.956569263925216,-1.02954634383583,-2.11681709171423,1264.65208714183,9,2,"normal",70
"3111",-41.2438,0.165467452166467,0,0.283684408832005,80,0.119502537979443,-9.06490644976883,20.7416354717932,-1.9106279154439,2.60275178432236,0.357168955719732,0.12041428683652,-1.15814189769496,-9.06490644976883,3.03214305561302,-1.9106279154439,0.956569263925216,-1.02954634383583,-2.11681709171423,1264.65208714183,9,2,"normal",71
"3112",-43.9154,0.154856338186274,0,0.43039692391343,80,0.119502537979443,-9.06490644976883,20.7416354717932,-1.9106279154439,2.60275178432236,0.357168955719732,0.12041428683652,-1.15814189769496,-9.06490644976883,3.03214305561302,-1.9106279154439,0.956569263925216,-1.02954634383583,-2.11681709171423,1264.65208714183,9,2,"normal",72
"3113",-6.1851,0.542016376979545,0,0.371278479070522,80,0.119502537979443,-9.06490644976883,20.7416354717932,-1.9106279154439,2.60275178432236,0.357168955719732,0.12041428683652,-1.15814189769496,-9.06490644976883,3.03214305561302,-1.9106279154439,0.956569263925216,-1.02954634383583,-2.11681709171423,1264.65208714183,9,2,"normal",73
"3114",4.1448,0.681036841808276,0,0.283644698010944,80,0.119502537979443,-9.06490644976883,20.7416354717932,-1.9106279154439,2.60275178432236,0.357168955719732,0.12041428683652,-1.15814189769496,-9.06490644976883,3.03214305561302,-1.9106279154439,0.956569263925216,-1.02954634383583,-2.11681709171423,1264.65208714183,9,2,"normal",74
"3115",-7.8772,0.517374833769101,1,0.495389652051969,80,0.119502537979443,-9.06490644976883,20.7416354717932,-1.9106279154439,2.60275178432236,0.357168955719732,0.12041428683652,-1.15814189769496,-9.06490644976883,3.03214305561302,-1.9106279154439,0.956569263925216,-1.02954634383583,-2.11681709171423,1264.65208714183,9,2,"normal",75
"3116",2.5237,0.661194668878294,1,0.659282061807892,80,0.119502537979443,-9.06490644976883,20.7416354717932,-1.9106279154439,2.60275178432236,0.357168955719732,0.12041428683652,-1.15814189769496,-9.06490644976883,3.03214305561302,-1.9106279154439,0.956569263925216,-1.02954634383583,-2.11681709171423,1264.65208714183,9,2,"normal",76
"3117",-47.3734,0.144142136108988,0,0.234772232610137,80,0.119502537979443,-9.06490644976883,20.7416354717932,-1.9106279154439,2.60275178432236,0.357168955719732,0.12041428683652,-1.15814189769496,-9.06490644976883,3.03214305561302,-1.9106279154439,0.956569263925216,-1.02954634383583,-2.11681709171423,1264.65208714183,9,2,"normal",77
"3118",-32.15547,0.220563561970982,0,0.256630979724396,80,0.119502537979443,-9.06490644976883,20.7416354717932,-1.9106279154439,2.60275178432236,0.357168955719732,0.12041428683652,-1.15814189769496,-9.06490644976883,3.03214305561302,-1.9106279154439,0.956569263925216,-1.02954634383583,-2.11681709171423,1264.65208714183,9,2,"normal",78
"3119",-3.4828,0.580729012407369,0,0.492445275643864,80,0.119502537979443,-9.06490644976883,20.7416354717932,-1.9106279154439,2.60275178432236,0.357168955719732,0.12041428683652,-1.15814189769496,-9.06490644976883,3.03214305561302,-1.9106279154439,0.956569263925216,-1.02954634383583,-2.11681709171423,1264.65208714183,9,2,"normal",79
"3120",-31.2591,0.227794148327778,0,0.454426851254791,80,0.119502537979443,-9.06490644976883,20.7416354717932,-1.9106279154439,2.60275178432236,0.357168955719732,0.12041428683652,-1.15814189769496,-9.06490644976883,3.03214305561302,-1.9106279154439,0.956569263925216,-1.02954634383583,-2.11681709171423,1264.65208714183,9,2,"normal",80
"3121",-9.9674952479,0.448546222902864,1,0.643525191778545,80,0.0164725587880501,-8.42046923106562,11.5650602999404,-1.98284212911511,2.6091968403619,0.249710864953723,0.46341060276435,-3.37941217597359,-8.42046923106562,2.44798850967244,-1.98284212911511,0.959042449978584,-1.3874515706137,-0.769141786873688,470.776323507328,10,2,"normal",1
"3122",-10.580440766,0.428362183175915,0,0.712608973442867,80,0.0164725587880501,-8.42046923106562,11.5650602999404,-1.98284212911511,2.6091968403619,0.249710864953723,0.46341060276435,-3.37941217597359,-8.42046923106562,2.44798850967244,-1.98284212911511,0.959042449978584,-1.3874515706137,-0.769141786873688,470.776323507328,10,2,"normal",2
"3123",-3.44063895287,0.661128476468263,1,0.704300011309718,80,0.0164725587880501,-8.42046923106562,11.5650602999404,-1.98284212911511,2.6091968403619,0.249710864953723,0.46341060276435,-3.37941217597359,-8.42046923106562,2.44798850967244,-1.98284212911511,0.959042449978584,-1.3874515706137,-0.769141786873688,470.776323507328,10,2,"normal",3
"3124",-7.56758563822,0.528425592959863,1,0.73174928741468,80,0.0164725587880501,-8.42046923106562,11.5650602999404,-1.98284212911511,2.6091968403619,0.249710864953723,0.46341060276435,-3.37941217597359,-8.42046923106562,2.44798850967244,-1.98284212911511,0.959042449978584,-1.3874515706137,-0.769141786873688,470.776323507328,10,2,"normal",4
"3125",-14.7755763735,0.298202745923916,0,0.718504538569131,80,0.0164725587880501,-8.42046923106562,11.5650602999404,-1.98284212911511,2.6091968403619,0.249710864953723,0.46341060276435,-3.37941217597359,-8.42046923106562,2.44798850967244,-1.98284212911511,0.959042449978584,-1.3874515706137,-0.769141786873688,470.776323507328,10,2,"normal",5
"3126",4.61202,0.857911246199013,1,0.65148354931746,80,0.0164725587880501,-8.42046923106562,11.5650602999404,-1.98284212911511,2.6091968403619,0.249710864953723,0.46341060276435,-3.37941217597359,-8.42046923106562,2.44798850967244,-1.98284212911511,0.959042449978584,-1.3874515706137,-0.769141786873688,470.776323507328,10,2,"normal",6
"3127",-15.58119,0.275549161367568,0,0.664831406474071,80,0.0164725587880501,-8.42046923106562,11.5650602999404,-1.98284212911511,2.6091968403619,0.249710864953723,0.46341060276435,-3.37941217597359,-8.42046923106562,2.44798850967244,-1.98284212911511,0.959042449978584,-1.3874515706137,-0.769141786873688,470.776323507328,10,2,"normal",7
"3128",-5.37368,0.600474351067397,1,0.718614197147526,80,0.0164725587880501,-8.42046923106562,11.5650602999404,-1.98284212911511,2.6091968403619,0.249710864953723,0.46341060276435,-3.37941217597359,-8.42046923106562,2.44798850967244,-1.98284212911511,0.959042449978584,-1.3874515706137,-0.769141786873688,470.776323507328,10,2,"normal",8
"3129",-9.74113,0.456039614023696,0,0.771679021058879,80,0.0164725587880501,-8.42046923106562,11.5650602999404,-1.98284212911511,2.6091968403619,0.249710864953723,0.46341060276435,-3.37941217597359,-8.42046923106562,2.44798850967244,-1.98284212911511,0.959042449978584,-1.3874515706137,-0.769141786873688,470.776323507328,10,2,"normal",9
"3130",-8.8757,0.484817868255645,1,0.644905454967961,80,0.0164725587880501,-8.42046923106562,11.5650602999404,-1.98284212911511,2.6091968403619,0.249710864953723,0.46341060276435,-3.37941217597359,-8.42046923106562,2.44798850967244,-1.98284212911511,0.959042449978584,-1.3874515706137,-0.769141786873688,470.776323507328,10,2,"normal",10
"3131",-9.28536,0.471174962495456,1,0.678140124623414,80,0.0164725587880501,-8.42046923106562,11.5650602999404,-1.98284212911511,2.6091968403619,0.249710864953723,0.46341060276435,-3.37941217597359,-8.42046923106562,2.44798850967244,-1.98284212911511,0.959042449978584,-1.3874515706137,-0.769141786873688,470.776323507328,10,2,"normal",11
"3132",0.143220000000001,0.76158392647471,1,0.634689678533143,80,0.0164725587880501,-8.42046923106562,11.5650602999404,-1.98284212911511,2.6091968403619,0.249710864953723,0.46341060276435,-3.37941217597359,-8.42046923106562,2.44798850967244,-1.98284212911511,0.959042449978584,-1.3874515706137,-0.769141786873688,470.776323507328,10,2,"normal",12
"3133",-2.55994,0.687447056340898,0,0.639578032972532,80,0.0164725587880501,-8.42046923106562,11.5650602999404,-1.98284212911511,2.6091968403619,0.249710864953723,0.46341060276435,-3.37941217597359,-8.42046923106562,2.44798850967244,-1.98284212911511,0.959042449978584,-1.3874515706137,-0.769141786873688,470.776323507328,10,2,"normal",13
"3134",-3.15755,0.669689879576686,0,0.706436326315148,80,0.0164725587880501,-8.42046923106562,11.5650602999404,-1.98284212911511,2.6091968403619,0.249710864953723,0.46341060276435,-3.37941217597359,-8.42046923106562,2.44798850967244,-1.98284212911511,0.959042449978584,-1.3874515706137,-0.769141786873688,470.776323507328,10,2,"normal",14
"3135",-22.65237,0.122110987033064,1,0.596586400150644,80,0.0164725587880501,-8.42046923106562,11.5650602999404,-1.98284212911511,2.6091968403619,0.249710864953723,0.46341060276435,-3.37941217597359,-8.42046923106562,2.44798850967244,-1.98284212911511,0.959042449978584,-1.3874515706137,-0.769141786873688,470.776323507328,10,2,"normal",15
"3136",-10.7980711155,0.421240712800043,0,0.73034070001043,80,0.0164725587880501,-8.42046923106562,11.5650602999404,-1.98284212911511,2.6091968403619,0.249710864953723,0.46341060276435,-3.37941217597359,-8.42046923106562,2.44798850967244,-1.98284212911511,0.959042449978584,-1.3874515706137,-0.769141786873688,470.776323507328,10,2,"normal",16
"3137",18.3071,0.973455834979927,1,0.555301833320837,80,0.0164725587880501,-8.42046923106562,11.5650602999404,-1.98284212911511,2.6091968403619,0.249710864953723,0.46341060276435,-3.37941217597359,-8.42046923106562,2.44798850967244,-1.98284212911511,0.959042449978584,-1.3874515706137,-0.769141786873688,470.776323507328,10,2,"normal",17
"3138",-9.4906422581,0.464350959139039,1,0.895392398160185,80,0.0164725587880501,-8.42046923106562,11.5650602999404,-1.98284212911511,2.6091968403619,0.249710864953723,0.46341060276435,-3.37941217597359,-8.42046923106562,2.44798850967244,-1.98284212911511,0.959042449978584,-1.3874515706137,-0.769141786873688,470.776323507328,10,2,"normal",18
"3139",-14.66785,0.301300672605107,0,0.657625213755359,80,0.0164725587880501,-8.42046923106562,11.5650602999404,-1.98284212911511,2.6091968403619,0.249710864953723,0.46341060276435,-3.37941217597359,-8.42046923106562,2.44798850967244,-1.98284212911511,0.959042449978584,-1.3874515706137,-0.769141786873688,470.776323507328,10,2,"normal",19
"3140",-9.5988368516,0.460758720582462,0,0.786309485500551,80,0.0164725587880501,-8.42046923106562,11.5650602999404,-1.98284212911511,2.6091968403619,0.249710864953723,0.46341060276435,-3.37941217597359,-8.42046923106562,2.44798850967244,-1.98284212911511,0.959042449978584,-1.3874515706137,-0.769141786873688,470.776323507328,10,2,"normal",20
"3141",-8.97426369824,0.481533016879453,1,0.665525376127893,80,0.0164725587880501,-8.42046923106562,11.5650602999404,-1.98284212911511,2.6091968403619,0.249710864953723,0.46341060276435,-3.37941217597359,-8.42046923106562,2.44798850967244,-1.98284212911511,0.959042449978584,-1.3874515706137,-0.769141786873688,470.776323507328,10,2,"normal",21
"3142",-16.92339,0.239960156854737,0,0.634644682234052,80,0.0164725587880501,-8.42046923106562,11.5650602999404,-1.98284212911511,2.6091968403619,0.249710864953723,0.46341060276435,-3.37941217597359,-8.42046923106562,2.44798850967244,-1.98284212911511,0.959042449978584,-1.3874515706137,-0.769141786873688,470.776323507328,10,2,"normal",22
"3143",8.3649,0.912607338592039,1,0.656150587465317,80,0.0164725587880501,-8.42046923106562,11.5650602999404,-1.98284212911511,2.6091968403619,0.249710864953723,0.46341060276435,-3.37941217597359,-8.42046923106562,2.44798850967244,-1.98284212911511,0.959042449978584,-1.3874515706137,-0.769141786873688,470.776323507328,10,2,"normal",23
"3144",2.16641,0.809471314852799,1,0.862054434338988,80,0.0164725587880501,-8.42046923106562,11.5650602999404,-1.98284212911511,2.6091968403619,0.249710864953723,0.46341060276435,-3.37941217597359,-8.42046923106562,2.44798850967244,-1.98284212911511,0.959042449978584,-1.3874515706137,-0.769141786873688,470.776323507328,10,2,"normal",24
"3145",9.5523,0.92542161467498,1,0.680386055403655,80,0.0164725587880501,-8.42046923106562,11.5650602999404,-1.98284212911511,2.6091968403619,0.249710864953723,0.46341060276435,-3.37941217597359,-8.42046923106562,2.44798850967244,-1.98284212911511,0.959042449978584,-1.3874515706137,-0.769141786873688,470.776323507328,10,2,"normal",25
"3146",10.17988,0.931420339896652,1,0.758389883003791,80,0.0164725587880501,-8.42046923106562,11.5650602999404,-1.98284212911511,2.6091968403619,0.249710864953723,0.46341060276435,-3.37941217597359,-8.42046923106562,2.44798850967244,-1.98284212911511,0.959042449978584,-1.3874515706137,-0.769141786873688,470.776323507328,10,2,"normal",26
"3147",-5.27513,0.603646154233404,1,0.733433098020489,80,0.0164725587880501,-8.42046923106562,11.5650602999404,-1.98284212911511,2.6091968403619,0.249710864953723,0.46341060276435,-3.37941217597359,-8.42046923106562,2.44798850967244,-1.98284212911511,0.959042449978584,-1.3874515706137,-0.769141786873688,470.776323507328,10,2,"normal",27
"3148",0.936200000000001,0.781176760110342,1,0.698141878063475,80,0.0164725587880501,-8.42046923106562,11.5650602999404,-1.98284212911511,2.6091968403619,0.249710864953723,0.46341060276435,-3.37941217597359,-8.42046923106562,2.44798850967244,-1.98284212911511,0.959042449978584,-1.3874515706137,-0.769141786873688,470.776323507328,10,2,"normal",28
"3149",-18.34453,0.205451187882122,1,0.653659250275662,80,0.0164725587880501,-8.42046923106562,11.5650602999404,-1.98284212911511,2.6091968403619,0.249710864953723,0.46341060276435,-3.37941217597359,-8.42046923106562,2.44798850967244,-1.98284212911511,0.959042449978584,-1.3874515706137,-0.769141786873688,470.776323507328,10,2,"normal",29
"3150",-18.22765,0.208160972041609,0,0.690846511886056,80,0.0164725587880501,-8.42046923106562,11.5650602999404,-1.98284212911511,2.6091968403619,0.249710864953723,0.46341060276435,-3.37941217597359,-8.42046923106562,2.44798850967244,-1.98284212911511,0.959042449978584,-1.3874515706137,-0.769141786873688,470.776323507328,10,2,"normal",30
"3151",-27.9996,0.0602143685183377,0,0.668880488281749,80,0.0164725587880501,-8.42046923106562,11.5650602999404,-1.98284212911511,2.6091968403619,0.249710864953723,0.46341060276435,-3.37941217597359,-8.42046923106562,2.44798850967244,-1.98284212911511,0.959042449978584,-1.3874515706137,-0.769141786873688,470.776323507328,10,2,"normal",31
"3152",-23.6211,0.10772662387014,0,0.657916281242304,80,0.0164725587880501,-8.42046923106562,11.5650602999404,-1.98284212911511,2.6091968403619,0.249710864953723,0.46341060276435,-3.37941217597359,-8.42046923106562,2.44798850967244,-1.98284212911511,0.959042449978584,-1.3874515706137,-0.769141786873688,470.776323507328,10,2,"normal",32
"3153",22.06555,0.979471680236244,1,0.58966152886361,80,0.0164725587880501,-8.42046923106562,11.5650602999404,-1.98284212911511,2.6091968403619,0.249710864953723,0.46341060276435,-3.37941217597359,-8.42046923106562,2.44798850967244,-1.98284212911511,0.959042449978584,-1.3874515706137,-0.769141786873688,470.776323507328,10,2,"normal",33
"3154",-11.32518,0.404110893893258,1,0.644483208833204,80,0.0164725587880501,-8.42046923106562,11.5650602999404,-1.98284212911511,2.6091968403619,0.249710864953723,0.46341060276435,-3.37941217597359,-8.42046923106562,2.44798850967244,-1.98284212911511,0.959042449978584,-1.3874515706137,-0.769141786873688,470.776323507328,10,2,"normal",34
"3155",-15.72422,0.27162524289376,0,0.652218221999149,80,0.0164725587880501,-8.42046923106562,11.5650602999404,-1.98284212911511,2.6091968403619,0.249710864953723,0.46341060276435,-3.37941217597359,-8.42046923106562,2.44798850967244,-1.98284212911511,0.959042449978584,-1.3874515706137,-0.769141786873688,470.776323507328,10,2,"normal",35
"3156",-23.301,0.112310539589226,0,0.635495202492359,80,0.0164725587880501,-8.42046923106562,11.5650602999404,-1.98284212911511,2.6091968403619,0.249710864953723,0.46341060276435,-3.37941217597359,-8.42046923106562,2.44798850967244,-1.98284212911511,0.959042449978584,-1.3874515706137,-0.769141786873688,470.776323507328,10,2,"normal",36
"3157",-21.87824,0.134725375301463,0,0.594365449482941,80,0.0164725587880501,-8.42046923106562,11.5650602999404,-1.98284212911511,2.6091968403619,0.249710864953723,0.46341060276435,-3.37941217597359,-8.42046923106562,2.44798850967244,-1.98284212911511,0.959042449978584,-1.3874515706137,-0.769141786873688,470.776323507328,10,2,"normal",37
"3158",-17.08548,0.235854908226862,0,0.622516194527716,80,0.0164725587880501,-8.42046923106562,11.5650602999404,-1.98284212911511,2.6091968403619,0.249710864953723,0.46341060276435,-3.37941217597359,-8.42046923106562,2.44798850967244,-1.98284212911511,0.959042449978584,-1.3874515706137,-0.769141786873688,470.776323507328,10,2,"normal",38
"3159",-23.7045,0.106559306172791,0,0.648978716566439,80,0.0164725587880501,-8.42046923106562,11.5650602999404,-1.98284212911511,2.6091968403619,0.249710864953723,0.46341060276435,-3.37941217597359,-8.42046923106562,2.44798850967244,-1.98284212911511,0.959042449978584,-1.3874515706137,-0.769141786873688,470.776323507328,10,2,"normal",39
"3160",-13.38451,0.339351752290401,0,0.775427073397677,80,0.0164725587880501,-8.42046923106562,11.5650602999404,-1.98284212911511,2.6091968403619,0.249710864953723,0.46341060276435,-3.37941217597359,-8.42046923106562,2.44798850967244,-1.98284212911511,0.959042449978584,-1.3874515706137,-0.769141786873688,470.776323507328,10,2,"normal",40
"3161",-19.89858,0.171666783238371,0,0.651890866636248,80,0.0164725587880501,-8.42046923106562,11.5650602999404,-1.98284212911511,2.6091968403619,0.249710864953723,0.46341060276435,-3.37941217597359,-8.42046923106562,2.44798850967244,-1.98284212911511,0.959042449978584,-1.3874515706137,-0.769141786873688,470.776323507328,10,2,"normal",41
"3162",-10.00243,0.44739144892121,0,0.67208701770356,80,0.0164725587880501,-8.42046923106562,11.5650602999404,-1.98284212911511,2.6091968403619,0.249710864953723,0.46341060276435,-3.37941217597359,-8.42046923106562,2.44798850967244,-1.98284212911511,0.959042449978584,-1.3874515706137,-0.769141786873688,470.776323507328,10,2,"normal",42
"3163",6.47259,0.887871980745185,1,0.574043321208581,80,0.0164725587880501,-8.42046923106562,11.5650602999404,-1.98284212911511,2.6091968403619,0.249710864953723,0.46341060276435,-3.37941217597359,-8.42046923106562,2.44798850967244,-1.98284212911511,0.959042449978584,-1.3874515706137,-0.769141786873688,470.776323507328,10,2,"normal",43
"3164",-16.62511,0.247625525281026,0,0.742415622046491,80,0.0164725587880501,-8.42046923106562,11.5650602999404,-1.98284212911511,2.6091968403619,0.249710864953723,0.46341060276435,-3.37941217597359,-8.42046923106562,2.44798850967244,-1.98284212911511,0.959042449978584,-1.3874515706137,-0.769141786873688,470.776323507328,10,2,"normal",44
"3165",-7.8535,0.51890596467515,1,0.990323686664498,80,0.0164725587880501,-8.42046923106562,11.5650602999404,-1.98284212911511,2.6091968403619,0.249710864953723,0.46341060276435,-3.37941217597359,-8.42046923106562,2.44798850967244,-1.98284212911511,0.959042449978584,-1.3874515706137,-0.769141786873688,470.776323507328,10,2,"normal",45
"3166",-9.47794,0.464772905094843,0,0.684415469754659,80,0.0164725587880501,-8.42046923106562,11.5650602999404,-1.98284212911511,2.6091968403619,0.249710864953723,0.46341060276435,-3.37941217597359,-8.42046923106562,2.44798850967244,-1.98284212911511,0.959042449978584,-1.3874515706137,-0.769141786873688,470.776323507328,10,2,"normal",46
"3167",-2.3449,0.693726221795496,0,0.686771306202657,80,0.0164725587880501,-8.42046923106562,11.5650602999404,-1.98284212911511,2.6091968403619,0.249710864953723,0.46341060276435,-3.37941217597359,-8.42046923106562,2.44798850967244,-1.98284212911511,0.959042449978584,-1.3874515706137,-0.769141786873688,470.776323507328,10,2,"normal",47
"3168",3.71838,0.841420845753511,0,0.736709860244075,80,0.0164725587880501,-8.42046923106562,11.5650602999404,-1.98284212911511,2.6091968403619,0.249710864953723,0.46341060276435,-3.37941217597359,-8.42046923106562,2.44798850967244,-1.98284212911511,0.959042449978584,-1.3874515706137,-0.769141786873688,470.776323507328,10,2,"normal",48
"3169",-18.8288,0.194473774536315,1,0.679363671694426,80,0.0164725587880501,-8.42046923106562,11.5650602999404,-1.98284212911511,2.6091968403619,0.249710864953723,0.46341060276435,-3.37941217597359,-8.42046923106562,2.44798850967244,-1.98284212911511,0.959042449978584,-1.3874515706137,-0.769141786873688,470.776323507328,10,2,"normal",49
"3170",-19.9738,0.170138343826088,0,0.733331063507634,80,0.0164725587880501,-8.42046923106562,11.5650602999404,-1.98284212911511,2.6091968403619,0.249710864953723,0.46341060276435,-3.37941217597359,-8.42046923106562,2.44798850967244,-1.98284212911511,0.959042449978584,-1.3874515706137,-0.769141786873688,470.776323507328,10,2,"normal",50
"3171",-21.48601,0.141505366909136,0,0.673516969234963,80,0.0164725587880501,-8.42046923106562,11.5650602999404,-1.98284212911511,2.6091968403619,0.249710864953723,0.46341060276435,-3.37941217597359,-8.42046923106562,2.44798850967244,-1.98284212911511,0.959042449978584,-1.3874515706137,-0.769141786873688,470.776323507328,10,2,"normal",51
"3172",-5.14357,0.607868894564414,0,0.826751375627353,80,0.0164725587880501,-8.42046923106562,11.5650602999404,-1.98284212911511,2.6091968403619,0.249710864953723,0.46341060276435,-3.37941217597359,-8.42046923106562,2.44798850967244,-1.98284212911511,0.959042449978584,-1.3874515706137,-0.769141786873688,470.776323507328,10,2,"normal",52
"3173",4.41177,0.854336383819262,1,0.701010725082122,80,0.0164725587880501,-8.42046923106562,11.5650602999404,-1.98284212911511,2.6091968403619,0.249710864953723,0.46341060276435,-3.37941217597359,-8.42046923106562,2.44798850967244,-1.98284212911511,0.959042449978584,-1.3874515706137,-0.769141786873688,470.776323507328,10,2,"normal",53
"3174",-20.47523,0.16020236630218,1,0.671192903634351,80,0.0164725587880501,-8.42046923106562,11.5650602999404,-1.98284212911511,2.6091968403619,0.249710864953723,0.46341060276435,-3.37941217597359,-8.42046923106562,2.44798850967244,-1.98284212911511,0.959042449978584,-1.3874515706137,-0.769141786873688,470.776323507328,10,2,"normal",54
"3175",-22.01649,0.132398291026022,1,0.646097545697493,80,0.0164725587880501,-8.42046923106562,11.5650602999404,-1.98284212911511,2.6091968403619,0.249710864953723,0.46341060276435,-3.37941217597359,-8.42046923106562,2.44798850967244,-1.98284212911511,0.959042449978584,-1.3874515706137,-0.769141786873688,470.776323507328,10,2,"normal",55
"3176",8.35102,0.912445696107531,0,0.599575658398948,80,0.0164725587880501,-8.42046923106562,11.5650602999404,-1.98284212911511,2.6091968403619,0.249710864953723,0.46341060276435,-3.37941217597359,-8.42046923106562,2.44798850967244,-1.98284212911511,0.959042449978584,-1.3874515706137,-0.769141786873688,470.776323507328,10,2,"normal",56
"3177",2.01647,0.806162057350239,0,0.613906981037932,80,0.0164725587880501,-8.42046923106562,11.5650602999404,-1.98284212911511,2.6091968403619,0.249710864953723,0.46341060276435,-3.37941217597359,-8.42046923106562,2.44798850967244,-1.98284212911511,0.959042449978584,-1.3874515706137,-0.769141786873688,470.776323507328,10,2,"normal",57
"3178",-25.55679,0.0833983653618418,0,0.646221986828054,80,0.0164725587880501,-8.42046923106562,11.5650602999404,-1.98284212911511,2.6091968403619,0.249710864953723,0.46341060276435,-3.37941217597359,-8.42046923106562,2.44798850967244,-1.98284212911511,0.959042449978584,-1.3874515706137,-0.769141786873688,470.776323507328,10,2,"normal",58
"3179",1.75938,0.800397364200563,1,0.640906576000734,80,0.0164725587880501,-8.42046923106562,11.5650602999404,-1.98284212911511,2.6091968403619,0.249710864953723,0.46341060276435,-3.37941217597359,-8.42046923106562,2.44798850967244,-1.98284212911511,0.959042449978584,-1.3874515706137,-0.769141786873688,470.776323507328,10,2,"normal",59
"3180",-28.7665,0.0544450044832835,0,0.616136697667104,80,0.0164725587880501,-8.42046923106562,11.5650602999404,-1.98284212911511,2.6091968403619,0.249710864953723,0.46341060276435,-3.37941217597359,-8.42046923106562,2.44798850967244,-1.98284212911511,0.959042449978584,-1.3874515706137,-0.769141786873688,470.776323507328,10,2,"normal",60
"3181",17.13208,0.970403251712719,1,0.67066880310667,80,0.0164725587880501,-8.42046923106562,11.5650602999404,-1.98284212911511,2.6091968403619,0.249710864953723,0.46341060276435,-3.37941217597359,-8.42046923106562,2.44798850967244,-1.98284212911511,0.959042449978584,-1.3874515706137,-0.769141786873688,470.776323507328,10,2,"normal",61
"3182",3.8754,0.844418871017245,1,0.756882299101269,80,0.0164725587880501,-8.42046923106562,11.5650602999404,-1.98284212911511,2.6091968403619,0.249710864953723,0.46341060276435,-3.37941217597359,-8.42046923106562,2.44798850967244,-1.98284212911511,0.959042449978584,-1.3874515706137,-0.769141786873688,470.776323507328,10,2,"normal",62
"3183",4.61094,0.857892151565519,1,0.666826319708361,80,0.0164725587880501,-8.42046923106562,11.5650602999404,-1.98284212911511,2.6091968403619,0.249710864953723,0.46341060276435,-3.37941217597359,-8.42046923106562,2.44798850967244,-1.98284212911511,0.959042449978584,-1.3874515706137,-0.769141786873688,470.776323507328,10,2,"normal",63
"3184",10.77039,0.93660655207468,1,0.621250835744203,80,0.0164725587880501,-8.42046923106562,11.5650602999404,-1.98284212911511,2.6091968403619,0.249710864953723,0.46341060276435,-3.37941217597359,-8.42046923106562,2.44798850967244,-1.98284212911511,0.959042449978584,-1.3874515706137,-0.769141786873688,470.776323507328,10,2,"normal",64
"3185",-25.30236,0.0862763654265542,0,0.644544197494659,80,0.0164725587880501,-8.42046923106562,11.5650602999404,-1.98284212911511,2.6091968403619,0.249710864953723,0.46341060276435,-3.37941217597359,-8.42046923106562,2.44798850967244,-1.98284212911511,0.959042449978584,-1.3874515706137,-0.769141786873688,470.776323507328,10,2,"normal",65
"3186",-31.43684,0.0389918018039876,0,0.648039358974496,80,0.0164725587880501,-8.42046923106562,11.5650602999404,-1.98284212911511,2.6091968403619,0.249710864953723,0.46341060276435,-3.37941217597359,-8.42046923106562,2.44798850967244,-1.98284212911511,0.959042449978584,-1.3874515706137,-0.769141786873688,470.776323507328,10,2,"normal",66
"3187",16.33,0.967887213539316,1,0.594294917376747,80,0.0164725587880501,-8.42046923106562,11.5650602999404,-1.98284212911511,2.6091968403619,0.249710864953723,0.46341060276435,-3.37941217597359,-8.42046923106562,2.44798850967244,-1.98284212911511,0.959042449978584,-1.3874515706137,-0.769141786873688,470.776323507328,10,2,"normal",67
"3188",9.0893,0.920659220902366,1,0.609622583978824,80,0.0164725587880501,-8.42046923106562,11.5650602999404,-1.98284212911511,2.6091968403619,0.249710864953723,0.46341060276435,-3.37941217597359,-8.42046923106562,2.44798850967244,-1.98284212911511,0.959042449978584,-1.3874515706137,-0.769141786873688,470.776323507328,10,2,"normal",68
"3189",6.12545,0.882720049678729,1,0.679553265451742,80,0.0164725587880501,-8.42046923106562,11.5650602999404,-1.98284212911511,2.6091968403619,0.249710864953723,0.46341060276435,-3.37941217597359,-8.42046923106562,2.44798850967244,-1.98284212911511,0.959042449978584,-1.3874515706137,-0.769141786873688,470.776323507328,10,2,"normal",69
"3190",-20.84226,0.153207922280297,0,0.699022617713446,80,0.0164725587880501,-8.42046923106562,11.5650602999404,-1.98284212911511,2.6091968403619,0.249710864953723,0.46341060276435,-3.37941217597359,-8.42046923106562,2.44798850967244,-1.98284212911511,0.959042449978584,-1.3874515706137,-0.769141786873688,470.776323507328,10,2,"normal",70
"3191",-24.1536,0.100462608261072,0,0.625462981984266,80,0.0164725587880501,-8.42046923106562,11.5650602999404,-1.98284212911511,2.6091968403619,0.249710864953723,0.46341060276435,-3.37941217597359,-8.42046923106562,2.44798850967244,-1.98284212911511,0.959042449978584,-1.3874515706137,-0.769141786873688,470.776323507328,10,2,"normal",71
"3192",11.1979,0.940097027110559,1,0.621604413039833,80,0.0164725587880501,-8.42046923106562,11.5650602999404,-1.98284212911511,2.6091968403619,0.249710864953723,0.46341060276435,-3.37941217597359,-8.42046923106562,2.44798850967244,-1.98284212911511,0.959042449978584,-1.3874515706137,-0.769141786873688,470.776323507328,10,2,"normal",72
"3193",-28.059,0.0597436667837037,0,0.587314250034158,80,0.0164725587880501,-8.42046923106562,11.5650602999404,-1.98284212911511,2.6091968403619,0.249710864953723,0.46341060276435,-3.37941217597359,-8.42046923106562,2.44798850967244,-1.98284212911511,0.959042449978584,-1.3874515706137,-0.769141786873688,470.776323507328,10,2,"normal",73
"3194",0.681799999999999,0.775004695459873,0,0.686038945234059,80,0.0164725587880501,-8.42046923106562,11.5650602999404,-1.98284212911511,2.6091968403619,0.249710864953723,0.46341060276435,-3.37941217597359,-8.42046923106562,2.44798850967244,-1.98284212911511,0.959042449978584,-1.3874515706137,-0.769141786873688,470.776323507328,10,2,"normal",74
"3195",-26.31698,0.0753427384593518,0,0.789280964828687,80,0.0164725587880501,-8.42046923106562,11.5650602999404,-1.98284212911511,2.6091968403619,0.249710864953723,0.46341060276435,-3.37941217597359,-8.42046923106562,2.44798850967244,-1.98284212911511,0.959042449978584,-1.3874515706137,-0.769141786873688,470.776323507328,10,2,"normal",75
"3196",-20.84775,0.153105081863999,0,0.70114707370831,80,0.0164725587880501,-8.42046923106562,11.5650602999404,-1.98284212911511,2.6091968403619,0.249710864953723,0.46341060276435,-3.37941217597359,-8.42046923106562,2.44798850967244,-1.98284212911511,0.959042449978584,-1.3874515706137,-0.769141786873688,470.776323507328,10,2,"normal",76
"3197",-18.32112,0.205992061418506,0,0.643177683142485,80,0.0164725587880501,-8.42046923106562,11.5650602999404,-1.98284212911511,2.6091968403619,0.249710864953723,0.46341060276435,-3.37941217597359,-8.42046923106562,2.44798850967244,-1.98284212911511,0.959042449978584,-1.3874515706137,-0.769141786873688,470.776323507328,10,2,"normal",77
"3198",13.48423,0.955376687218841,1,0.551667181972832,80,0.0164725587880501,-8.42046923106562,11.5650602999404,-1.98284212911511,2.6091968403619,0.249710864953723,0.46341060276435,-3.37941217597359,-8.42046923106562,2.44798850967244,-1.98284212911511,0.959042449978584,-1.3874515706137,-0.769141786873688,470.776323507328,10,2,"normal",78
"3199",2.2066,0.810351698693135,1,0.756737850490813,80,0.0164725587880501,-8.42046923106562,11.5650602999404,-1.98284212911511,2.6091968403619,0.249710864953723,0.46341060276435,-3.37941217597359,-8.42046923106562,2.44798850967244,-1.98284212911511,0.959042449978584,-1.3874515706137,-0.769141786873688,470.776323507328,10,2,"normal",79
"3200",5.80191,0.877739973738137,1,0.656218466392714,80,0.0164725587880501,-8.42046923106562,11.5650602999404,-1.98284212911511,2.6091968403619,0.249710864953723,0.46341060276435,-3.37941217597359,-8.42046923106562,2.44798850967244,-1.98284212911511,0.959042449978584,-1.3874515706137,-0.769141786873688,470.776323507328,10,2,"normal",80
"3201",-7.6286191265,0.859936279257033,1,0.791746384547165,80,0.00259024213664222,-20.0565987422468,11.4176304935488,-1.93948807634542,2.93713775592288,0.266643562751074,0.481947056310995,-5.25766278852317,-20.0565987422468,2.43515869526932,-1.93948807634542,1.07743555473346,-1.32184248341923,-0.72992101264301,-145.675907178279,11,2,"normal",1
"3202",-11.0628219604,0.783092502825175,1,0.767321316928537,80,0.00259024213664222,-20.0565987422468,11.4176304935488,-1.93948807634542,2.93713775592288,0.266643562751074,0.481947056310995,-5.25766278852317,-20.0565987422468,2.43515869526932,-1.93948807634542,1.07743555473346,-1.32184248341923,-0.72992101264301,-145.675907178279,11,2,"normal",2
"3203",-19.2103626891,0.52938816244341,1,0.785342210278939,80,0.00259024213664222,-20.0565987422468,11.4176304935488,-1.93948807634542,2.93713775592288,0.266643562751074,0.481947056310995,-5.25766278852317,-20.0565987422468,2.43515869526932,-1.93948807634542,1.07743555473346,-1.32184248341923,-0.72992101264301,-145.675907178279,11,2,"normal",3
"3204",-23.65773592,0.37686963084858,0,0.7725519909899,80,0.00259024213664222,-20.0565987422468,11.4176304935488,-1.93948807634542,2.93713775592288,0.266643562751074,0.481947056310995,-5.25766278852317,-20.0565987422468,2.43515869526932,-1.93948807634542,1.07743555473346,-1.32184248341923,-0.72992101264301,-145.675907178279,11,2,"normal",4
"3205",-21.35048,0.455120909010297,1,0.797204380824729,80,0.00259024213664222,-20.0565987422468,11.4176304935488,-1.93948807634542,2.93713775592288,0.266643562751074,0.481947056310995,-5.25766278852317,-20.0565987422468,2.43515869526932,-1.93948807634542,1.07743555473346,-1.32184248341923,-0.72992101264301,-145.675907178279,11,2,"normal",5
"3206",-38.47295,0.0556887157903702,0,0.63860484868628,80,0.00259024213664222,-20.0565987422468,11.4176304935488,-1.93948807634542,2.93713775592288,0.266643562751074,0.481947056310995,-5.25766278852317,-20.0565987422468,2.43515869526932,-1.93948807634542,1.07743555473346,-1.32184248341923,-0.72992101264301,-145.675907178279,11,2,"normal",6
"3207",-21.42813,0.45244013308167,1,0.753185311932542,80,0.00259024213664222,-20.0565987422468,11.4176304935488,-1.93948807634542,2.93713775592288,0.266643562751074,0.481947056310995,-5.25766278852317,-20.0565987422468,2.43515869526932,-1.93948807634542,1.07743555473346,-1.32184248341923,-0.72992101264301,-145.675907178279,11,2,"normal",7
"3208",-30.59268,0.179726003761709,0,0.722723035694462,80,0.00259024213664222,-20.0565987422468,11.4176304935488,-1.93948807634542,2.93713775592288,0.266643562751074,0.481947056310995,-5.25766278852317,-20.0565987422468,2.43515869526932,-1.93948807634542,1.07743555473346,-1.32184248341923,-0.72992101264301,-145.675907178279,11,2,"normal",8
"3209",-8.877,0.834505698832432,1,0.687178782436694,80,0.00259024213664222,-20.0565987422468,11.4176304935488,-1.93948807634542,2.93713775592288,0.266643562751074,0.481947056310995,-5.25766278852317,-20.0565987422468,2.43515869526932,-1.93948807634542,1.07743555473346,-1.32184248341923,-0.72992101264301,-145.675907178279,11,2,"normal",9
"3210",-12.66315,0.74011053761268,1,0.649943840296924,80,0.00259024213664222,-20.0565987422468,11.4176304935488,-1.93948807634542,2.93713775592288,0.266643562751074,0.481947056310995,-5.25766278852317,-20.0565987422468,2.43515869526932,-1.93948807634542,1.07743555473346,-1.32184248341923,-0.72992101264301,-145.675907178279,11,2,"normal",10
"3211",-23.22081,0.391404195351223,1,0.815306931013975,80,0.00259024213664222,-20.0565987422468,11.4176304935488,-1.93948807634542,2.93713775592288,0.266643562751074,0.481947056310995,-5.25766278852317,-20.0565987422468,2.43515869526932,-1.93948807634542,1.07743555473346,-1.32184248341923,-0.72992101264301,-145.675907178279,11,2,"normal",11
"3212",-29.03022,0.217421585017477,0,0.82607455560285,80,0.00259024213664222,-20.0565987422468,11.4176304935488,-1.93948807634542,2.93713775592288,0.266643562751074,0.481947056310995,-5.25766278852317,-20.0565987422468,2.43515869526932,-1.93948807634542,1.07743555473346,-1.32184248341923,-0.72992101264301,-145.675907178279,11,2,"normal",12
"3213",-16.15551,0.633008624688992,1,0.888489686032456,80,0.00259024213664222,-20.0565987422468,11.4176304935488,-1.93948807634542,2.93713775592288,0.266643562751074,0.481947056310995,-5.25766278852317,-20.0565987422468,2.43515869526932,-1.93948807634542,1.07743555473346,-1.32184248341923,-0.72992101264301,-145.675907178279,11,2,"normal",13
"3214",-29.52885,0.204914552482551,0,0.742613979486773,80,0.00259024213664222,-20.0565987422468,11.4176304935488,-1.93948807634542,2.93713775592288,0.266643562751074,0.481947056310995,-5.25766278852317,-20.0565987422468,2.43515869526932,-1.93948807634542,1.07743555473346,-1.32184248341923,-0.72992101264301,-145.675907178279,11,2,"normal",14
"3215",-29.18138,0.21358352800798,0,0.772993849885877,80,0.00259024213664222,-20.0565987422468,11.4176304935488,-1.93948807634542,2.93713775592288,0.266643562751074,0.481947056310995,-5.25766278852317,-20.0565987422468,2.43515869526932,-1.93948807634542,1.07743555473346,-1.32184248341923,-0.72992101264301,-145.675907178279,11,2,"normal",15
"3216",-22.49458,0.415895633125631,0,0.667295887287522,80,0.00259024213664222,-20.0565987422468,11.4176304935488,-1.93948807634542,2.93713775592288,0.266643562751074,0.481947056310995,-5.25766278852317,-20.0565987422468,2.43515869526932,-1.93948807634542,1.07743555473346,-1.32184248341923,-0.72992101264301,-145.675907178279,11,2,"normal",16
"3217",-30.17825,0.189293911011201,0,0.737901462455237,80,0.00259024213664222,-20.0565987422468,11.4176304935488,-1.93948807634542,2.93713775592288,0.266643562751074,0.481947056310995,-5.25766278852317,-20.0565987422468,2.43515869526932,-1.93948807634542,1.07743555473346,-1.32184248341923,-0.72992101264301,-145.675907178279,11,2,"normal",17
"3218",-26.85741,0.276869413630559,1,0.857336012067643,80,0.00259024213664222,-20.0565987422468,11.4176304935488,-1.93948807634542,2.93713775592288,0.266643562751074,0.481947056310995,-5.25766278852317,-20.0565987422468,2.43515869526932,-1.93948807634542,1.07743555473346,-1.32184248341923,-0.72992101264301,-145.675907178279,11,2,"normal",18
"3219",-21.30377,0.456734520871216,0,0.829058702646077,80,0.00259024213664222,-20.0565987422468,11.4176304935488,-1.93948807634542,2.93713775592288,0.266643562751074,0.481947056310995,-5.25766278852317,-20.0565987422468,2.43515869526932,-1.93948807634542,1.07743555473346,-1.32184248341923,-0.72992101264301,-145.675907178279,11,2,"normal",19
"3220",-24.69803,0.342999909660869,1,0.704079729477799,80,0.00259024213664222,-20.0565987422468,11.4176304935488,-1.93948807634542,2.93713775592288,0.266643562751074,0.481947056310995,-5.25766278852317,-20.0565987422468,2.43515869526932,-1.93948807634542,1.07743555473346,-1.32184248341923,-0.72992101264301,-145.675907178279,11,2,"normal",20
"3221",-34.77132,0.100817428063206,0,0.665875920666663,80,0.00259024213664222,-20.0565987422468,11.4176304935488,-1.93948807634542,2.93713775592288,0.266643562751074,0.481947056310995,-5.25766278852317,-20.0565987422468,2.43515869526932,-1.93948807634542,1.07743555473346,-1.32184248341923,-0.72992101264301,-145.675907178279,11,2,"normal",21
"3222",-19.90907,0.50512793998349,0,0.710983111523801,80,0.00259024213664222,-20.0565987422468,11.4176304935488,-1.93948807634542,2.93713775592288,0.266643562751074,0.481947056310995,-5.25766278852317,-20.0565987422468,2.43515869526932,-1.93948807634542,1.07743555473346,-1.32184248341923,-0.72992101264301,-145.675907178279,11,2,"normal",22
"3223",-26.95539,0.274024561572636,0,0.679741011547867,80,0.00259024213664222,-20.0565987422468,11.4176304935488,-1.93948807634542,2.93713775592288,0.266643562751074,0.481947056310995,-5.25766278852317,-20.0565987422468,2.43515869526932,-1.93948807634542,1.07743555473346,-1.32184248341923,-0.72992101264301,-145.675907178279,11,2,"normal",23
"3224",-22.37168,0.420076058031603,1,0.67387808657373,80,0.00259024213664222,-20.0565987422468,11.4176304935488,-1.93948807634542,2.93713775592288,0.266643562751074,0.481947056310995,-5.25766278852317,-20.0565987422468,2.43515869526932,-1.93948807634542,1.07743555473346,-1.32184248341923,-0.72992101264301,-145.675907178279,11,2,"normal",24
"3225",-30.70215,0.177251221566158,0,0.691789150850901,80,0.00259024213664222,-20.0565987422468,11.4176304935488,-1.93948807634542,2.93713775592288,0.266643562751074,0.481947056310995,-5.25766278852317,-20.0565987422468,2.43515869526932,-1.93948807634542,1.07743555473346,-1.32184248341923,-0.72992101264301,-145.675907178279,11,2,"normal",25
"3226",-12.6218,0.74127463773378,1,0.742204108125574,80,0.00259024213664222,-20.0565987422468,11.4176304935488,-1.93948807634542,2.93713775592288,0.266643562751074,0.481947056310995,-5.25766278852317,-20.0565987422468,2.43515869526932,-1.93948807634542,1.07743555473346,-1.32184248341923,-0.72992101264301,-145.675907178279,11,2,"normal",26
"3227",-15.35877,0.658803174300652,1,0.810017523951082,80,0.00259024213664222,-20.0565987422468,11.4176304935488,-1.93948807634542,2.93713775592288,0.266643562751074,0.481947056310995,-5.25766278852317,-20.0565987422468,2.43515869526932,-1.93948807634542,1.07743555473346,-1.32184248341923,-0.72992101264301,-145.675907178279,11,2,"normal",27
"3228",-18.04821,0.569453020842264,1,0.884319772687458,80,0.00259024213664222,-20.0565987422468,11.4176304935488,-1.93948807634542,2.93713775592288,0.266643562751074,0.481947056310995,-5.25766278852317,-20.0565987422468,2.43515869526932,-1.93948807634542,1.07743555473346,-1.32184248341923,-0.72992101264301,-145.675907178279,11,2,"normal",28
"3229",-26.19973,0.29633561335501,1,0.742638906776525,80,0.00259024213664222,-20.0565987422468,11.4176304935488,-1.93948807634542,2.93713775592288,0.266643562751074,0.481947056310995,-5.25766278852317,-20.0565987422468,2.43515869526932,-1.93948807634542,1.07743555473346,-1.32184248341923,-0.72992101264301,-145.675907178279,11,2,"normal",29
"3230",-27.69264,0.253099215850331,0,0.725488808741943,80,0.00259024213664222,-20.0565987422468,11.4176304935488,-1.93948807634542,2.93713775592288,0.266643562751074,0.481947056310995,-5.25766278852317,-20.0565987422468,2.43515869526932,-1.93948807634542,1.07743555473346,-1.32184248341923,-0.72992101264301,-145.675907178279,11,2,"normal",30
"3231",-26.87846,0.276256992085364,1,0.721346499404557,80,0.00259024213664222,-20.0565987422468,11.4176304935488,-1.93948807634542,2.93713775592288,0.266643562751074,0.481947056310995,-5.25766278852317,-20.0565987422468,2.43515869526932,-1.93948807634542,1.07743555473346,-1.32184248341923,-0.72992101264301,-145.675907178279,11,2,"normal",31
"3232",-20.71361,0.477174959060116,0,0.860904254445445,80,0.00259024213664222,-20.0565987422468,11.4176304935488,-1.93948807634542,2.93713775592288,0.266643562751074,0.481947056310995,-5.25766278852317,-20.0565987422468,2.43515869526932,-1.93948807634542,1.07743555473346,-1.32184248341923,-0.72992101264301,-145.675907178279,11,2,"normal",32
"3233",-18.90447,0.539980006746367,0,0.880506840744346,80,0.00259024213664222,-20.0565987422468,11.4176304935488,-1.93948807634542,2.93713775592288,0.266643562751074,0.481947056310995,-5.25766278852317,-20.0565987422468,2.43515869526932,-1.93948807634542,1.07743555473346,-1.32184248341923,-0.72992101264301,-145.675907178279,11,2,"normal",33
"3234",-28.81059,0.223069609222923,0,0.685443958388791,80,0.00259024213664222,-20.0565987422468,11.4176304935488,-1.93948807634542,2.93713775592288,0.266643562751074,0.481947056310995,-5.25766278852317,-20.0565987422468,2.43515869526932,-1.93948807634542,1.07743555473346,-1.32184248341923,-0.72992101264301,-145.675907178279,11,2,"normal",34
"3235",-22.8667009,0.403298412005131,1,0.724717843103004,80,0.00259024213664222,-20.0565987422468,11.4176304935488,-1.93948807634542,2.93713775592288,0.266643562751074,0.481947056310995,-5.25766278852317,-20.0565987422468,2.43515869526932,-1.93948807634542,1.07743555473346,-1.32184248341923,-0.72992101264301,-145.675907178279,11,2,"normal",35
"3236",-24.55002,0.347749078751397,0,0.776076311599652,80,0.00259024213664222,-20.0565987422468,11.4176304935488,-1.93948807634542,2.93713775592288,0.266643562751074,0.481947056310995,-5.25766278852317,-20.0565987422468,2.43515869526932,-1.93948807634542,1.07743555473346,-1.32184248341923,-0.72992101264301,-145.675907178279,11,2,"normal",36
"3237",-28.02624,0.243918430006462,1,0.685827323545927,80,0.00259024213664222,-20.0565987422468,11.4176304935488,-1.93948807634542,2.93713775592288,0.266643562751074,0.481947056310995,-5.25766278852317,-20.0565987422468,2.43515869526932,-1.93948807634542,1.07743555473346,-1.32184248341923,-0.72992101264301,-145.675907178279,11,2,"normal",37
"3238",-29.21518,0.212730840049855,0,0.828497353431215,80,0.00259024213664222,-20.0565987422468,11.4176304935488,-1.93948807634542,2.93713775592288,0.266643562751074,0.481947056310995,-5.25766278852317,-20.0565987422468,2.43515869526932,-1.93948807634542,1.07743555473346,-1.32184248341923,-0.72992101264301,-145.675907178279,11,2,"normal",38
"3239",-29.27234,0.21129344214185,1,0.735221281887251,80,0.00259024213664222,-20.0565987422468,11.4176304935488,-1.93948807634542,2.93713775592288,0.266643562751074,0.481947056310995,-5.25766278852317,-20.0565987422468,2.43515869526932,-1.93948807634542,1.07743555473346,-1.32184248341923,-0.72992101264301,-145.675907178279,11,2,"normal",39
"3240",29.2524,0.997401949972041,1,0.632753017750927,80,0.00259024213664222,-20.0565987422468,11.4176304935488,-1.93948807634542,2.93713775592288,0.266643562751074,0.481947056310995,-5.25766278852317,-20.0565987422468,2.43515869526932,-1.93948807634542,1.07743555473346,-1.32184248341923,-0.72992101264301,-145.675907178279,11,2,"normal",40
"3241",-38.272,0.0576178989773668,0,0.721111408858617,80,0.00259024213664222,-20.0565987422468,11.4176304935488,-1.93948807634542,2.93713775592288,0.266643562751074,0.481947056310995,-5.25766278852317,-20.0565987422468,2.43515869526932,-1.93948807634542,1.07743555473346,-1.32184248341923,-0.72992101264301,-145.675907178279,11,2,"normal",41
"3242",-31.86769,0.15227117944457,0,0.69936153804749,80,0.00259024213664222,-20.0565987422468,11.4176304935488,-1.93948807634542,2.93713775592288,0.266643562751074,0.481947056310995,-5.25766278852317,-20.0565987422468,2.43515869526932,-1.93948807634542,1.07743555473346,-1.32184248341923,-0.72992101264301,-145.675907178279,11,2,"normal",42
"3243",-30.12151,0.190628272112394,0,0.753591182636304,80,0.00259024213664222,-20.0565987422468,11.4176304935488,-1.93948807634542,2.93713775592288,0.266643562751074,0.481947056310995,-5.25766278852317,-20.0565987422468,2.43515869526932,-1.93948807634542,1.07743555473346,-1.32184248341923,-0.72992101264301,-145.675907178279,11,2,"normal",43
"3244",-21.75021,0.441345432355189,0,0.657305274816534,80,0.00259024213664222,-20.0565987422468,11.4176304935488,-1.93948807634542,2.93713775592288,0.266643562751074,0.481947056310995,-5.25766278852317,-20.0565987422468,2.43515869526932,-1.93948807634542,1.07743555473346,-1.32184248341923,-0.72992101264301,-145.675907178279,11,2,"normal",44
"3245",-8.9371,0.833208869131425,1,0.768834937428538,80,0.00259024213664222,-20.0565987422468,11.4176304935488,-1.93948807634542,2.93713775592288,0.266643562751074,0.481947056310995,-5.25766278852317,-20.0565987422468,2.43515869526932,-1.93948807634542,1.07743555473346,-1.32184248341923,-0.72992101264301,-145.675907178279,11,2,"normal",45
"3246",-18.58138,0.551136122117094,1,0.7033388603297,80,0.00259024213664222,-20.0565987422468,11.4176304935488,-1.93948807634542,2.93713775592288,0.266643562751074,0.481947056310995,-5.25766278852317,-20.0565987422468,2.43515869526932,-1.93948807634542,1.07743555473346,-1.32184248341923,-0.72992101264301,-145.675907178279,11,2,"normal",46
"3247",-16.50235,0.621578615412192,0,0.934181237447675,80,0.00259024213664222,-20.0565987422468,11.4176304935488,-1.93948807634542,2.93713775592288,0.266643562751074,0.481947056310995,-5.25766278852317,-20.0565987422468,2.43515869526932,-1.93948807634542,1.07743555473346,-1.32184248341923,-0.72992101264301,-145.675907178279,11,2,"normal",47
"3248",-13.76977,0.707971491196266,1,0.693912696477109,80,0.00259024213664222,-20.0565987422468,11.4176304935488,-1.93948807634542,2.93713775592288,0.266643562751074,0.481947056310995,-5.25766278852317,-20.0565987422468,2.43515869526932,-1.93948807634542,1.07743555473346,-1.32184248341923,-0.72992101264301,-145.675907178279,11,2,"normal",48
"3249",-25.9515,0.303844573333299,0,0.657097339735365,80,0.00259024213664222,-20.0565987422468,11.4176304935488,-1.93948807634542,2.93713775592288,0.266643562751074,0.481947056310995,-5.25766278852317,-20.0565987422468,2.43515869526932,-1.93948807634542,1.07743555473346,-1.32184248341923,-0.72992101264301,-145.675907178279,11,2,"normal",49
"3250",-10.52015,0.796663520774193,1,0.838440496698415,80,0.00259024213664222,-20.0565987422468,11.4176304935488,-1.93948807634542,2.93713775592288,0.266643562751074,0.481947056310995,-5.25766278852317,-20.0565987422468,2.43515869526932,-1.93948807634542,1.07743555473346,-1.32184248341923,-0.72992101264301,-145.675907178279,11,2,"normal",50
"3251",-30.64779,0.178477384010582,0,0.700097195020906,80,0.00259024213664222,-20.0565987422468,11.4176304935488,-1.93948807634542,2.93713775592288,0.266643562751074,0.481947056310995,-5.25766278852317,-20.0565987422468,2.43515869526932,-1.93948807634542,1.07743555473346,-1.32184248341923,-0.72992101264301,-145.675907178279,11,2,"normal",51
"3252",-13.45326,0.717352807240946,1,0.82583623930303,80,0.00259024213664222,-20.0565987422468,11.4176304935488,-1.93948807634542,2.93713775592288,0.266643562751074,0.481947056310995,-5.25766278852317,-20.0565987422468,2.43515869526932,-1.93948807634542,1.07743555473346,-1.32184248341923,-0.72992101264301,-145.675907178279,11,2,"normal",52
"3253",-32.7701,0.134649989756392,0,0.769474247397042,80,0.00259024213664222,-20.0565987422468,11.4176304935488,-1.93948807634542,2.93713775592288,0.266643562751074,0.481947056310995,-5.25766278852317,-20.0565987422468,2.43515869526932,-1.93948807634542,1.07743555473346,-1.32184248341923,-0.72992101264301,-145.675907178279,11,2,"normal",53
"3254",-17.41471,0.591018855104685,1,0.678737929457124,80,0.00259024213664222,-20.0565987422468,11.4176304935488,-1.93948807634542,2.93713775592288,0.266643562751074,0.481947056310995,-5.25766278852317,-20.0565987422468,2.43515869526932,-1.93948807634542,1.07743555473346,-1.32184248341923,-0.72992101264301,-145.675907178279,11,2,"normal",54
"3255",-19.79167,0.509208067337409,0,0.72257862328632,80,0.00259024213664222,-20.0565987422468,11.4176304935488,-1.93948807634542,2.93713775592288,0.266643562751074,0.481947056310995,-5.25766278852317,-20.0565987422468,2.43515869526932,-1.93948807634542,1.07743555473346,-1.32184248341923,-0.72992101264301,-145.675907178279,11,2,"normal",55
"3256",-27.99699,0.244716045419618,0,0.733147539453555,80,0.00259024213664222,-20.0565987422468,11.4176304935488,-1.93948807634542,2.93713775592288,0.266643562751074,0.481947056310995,-5.25766278852317,-20.0565987422468,2.43515869526932,-1.93948807634542,1.07743555473346,-1.32184248341923,-0.72992101264301,-145.675907178279,11,2,"normal",56
"3257",-26.15024,0.297825797347787,0,0.836104558342109,80,0.00259024213664222,-20.0565987422468,11.4176304935488,-1.93948807634542,2.93713775592288,0.266643562751074,0.481947056310995,-5.25766278852317,-20.0565987422468,2.43515869526932,-1.93948807634542,1.07743555473346,-1.32184248341923,-0.72992101264301,-145.675907178279,11,2,"normal",57
"3258",-31.70142,0.155681387812574,0,0.703471722720901,80,0.00259024213664222,-20.0565987422468,11.4176304935488,-1.93948807634542,2.93713775592288,0.266643562751074,0.481947056310995,-5.25766278852317,-20.0565987422468,2.43515869526932,-1.93948807634542,1.07743555473346,-1.32184248341923,-0.72992101264301,-145.675907178279,11,2,"normal",58
"3259",-17.98677,0.571554877370374,0,0.71424495404515,80,0.00259024213664222,-20.0565987422468,11.4176304935488,-1.93948807634542,2.93713775592288,0.266643562751074,0.481947056310995,-5.25766278852317,-20.0565987422468,2.43515869526932,-1.93948807634542,1.07743555473346,-1.32184248341923,-0.72992101264301,-145.675907178279,11,2,"normal",59
"3260",-14.46995,0.686713104562036,1,0.807931976225538,80,0.00259024213664222,-20.0565987422468,11.4176304935488,-1.93948807634542,2.93713775592288,0.266643562751074,0.481947056310995,-5.25766278852317,-20.0565987422468,2.43515869526932,-1.93948807634542,1.07743555473346,-1.32184248341923,-0.72992101264301,-145.675907178279,11,2,"normal",60
"3261",-17.41477,0.591016824600617,1,0.838593584703714,80,0.00259024213664222,-20.0565987422468,11.4176304935488,-1.93948807634542,2.93713775592288,0.266643562751074,0.481947056310995,-5.25766278852317,-20.0565987422468,2.43515869526932,-1.93948807634542,1.07743555473346,-1.32184248341923,-0.72992101264301,-145.675907178279,11,2,"normal",61
"3262",-15.68111,0.648449422032553,0,0.7091594604316,80,0.00259024213664222,-20.0565987422468,11.4176304935488,-1.93948807634542,2.93713775592288,0.266643562751074,0.481947056310995,-5.25766278852317,-20.0565987422468,2.43515869526932,-1.93948807634542,1.07743555473346,-1.32184248341923,-0.72992101264301,-145.675907178279,11,2,"normal",62
"3263",-25.30582,0.323766646589292,0,0.806568847122964,80,0.00259024213664222,-20.0565987422468,11.4176304935488,-1.93948807634542,2.93713775592288,0.266643562751074,0.481947056310995,-5.25766278852317,-20.0565987422468,2.43515869526932,-1.93948807634542,1.07743555473346,-1.32184248341923,-0.72992101264301,-145.675907178279,11,2,"normal",63
"3264",-24.90201,0.336495881968592,1,0.901202077317648,80,0.00259024213664222,-20.0565987422468,11.4176304935488,-1.93948807634542,2.93713775592288,0.266643562751074,0.481947056310995,-5.25766278852317,-20.0565987422468,2.43515869526932,-1.93948807634542,1.07743555473346,-1.32184248341923,-0.72992101264301,-145.675907178279,11,2,"normal",64
"3265",-32.46691,0.140403629033932,1,0.648383743482536,80,0.00259024213664222,-20.0565987422468,11.4176304935488,-1.93948807634542,2.93713775592288,0.266643562751074,0.481947056310995,-5.25766278852317,-20.0565987422468,2.43515869526932,-1.93948807634542,1.07743555473346,-1.32184248341923,-0.72992101264301,-145.675907178279,11,2,"normal",65
"3266",-16.79021,0.612009397865034,1,0.671732795318305,80,0.00259024213664222,-20.0565987422468,11.4176304935488,-1.93948807634542,2.93713775592288,0.266643562751074,0.481947056310995,-5.25766278852317,-20.0565987422468,2.43515869526932,-1.93948807634542,1.07743555473346,-1.32184248341923,-0.72992101264301,-145.675907178279,11,2,"normal",66
"3267",-24.65342,0.344428704901244,0,0.688742884334302,80,0.00259024213664222,-20.0565987422468,11.4176304935488,-1.93948807634542,2.93713775592288,0.266643562751074,0.481947056310995,-5.25766278852317,-20.0565987422468,2.43515869526932,-1.93948807634542,1.07743555473346,-1.32184248341923,-0.72992101264301,-145.675907178279,11,2,"normal",67
"3268",-31.27023,0.164762908466872,0,0.624213655213675,80,0.00259024213664222,-20.0565987422468,11.4176304935488,-1.93948807634542,2.93713775592288,0.266643562751074,0.481947056310995,-5.25766278852317,-20.0565987422468,2.43515869526932,-1.93948807634542,1.07743555473346,-1.32184248341923,-0.72992101264301,-145.675907178279,11,2,"normal",68
"3269",-39.7615,0.0445605889167721,0,0.671295454534134,80,0.00259024213664222,-20.0565987422468,11.4176304935488,-1.93948807634542,2.93713775592288,0.266643562751074,0.481947056310995,-5.25766278852317,-20.0565987422468,2.43515869526932,-1.93948807634542,1.07743555473346,-1.32184248341923,-0.72992101264301,-145.675907178279,11,2,"normal",69
"3270",-27.59878,0.255715119089035,0,0.771852697438745,80,0.00259024213664222,-20.0565987422468,11.4176304935488,-1.93948807634542,2.93713775592288,0.266643562751074,0.481947056310995,-5.25766278852317,-20.0565987422468,2.43515869526932,-1.93948807634542,1.07743555473346,-1.32184248341923,-0.72992101264301,-145.675907178279,11,2,"normal",70
"3271",-27.26263,0.265199842800005,1,0.799752177090468,80,0.00259024213664222,-20.0565987422468,11.4176304935488,-1.93948807634542,2.93713775592288,0.266643562751074,0.481947056310995,-5.25766278852317,-20.0565987422468,2.43515869526932,-1.93948807634542,1.07743555473346,-1.32184248341923,-0.72992101264301,-145.675907178279,11,2,"normal",71
"3272",-14.63563,0.68158581721166,1,0.794074902986144,80,0.00259024213664222,-20.0565987422468,11.4176304935488,-1.93948807634542,2.93713775592288,0.266643562751074,0.481947056310995,-5.25766278852317,-20.0565987422468,2.43515869526932,-1.93948807634542,1.07743555473346,-1.32184248341923,-0.72992101264301,-145.675907178279,11,2,"normal",72
"3273",-24.98221,0.33395201606952,1,0.867544390900229,80,0.00259024213664222,-20.0565987422468,11.4176304935488,-1.93948807634542,2.93713775592288,0.266643562751074,0.481947056310995,-5.25766278852317,-20.0565987422468,2.43515869526932,-1.93948807634542,1.07743555473346,-1.32184248341923,-0.72992101264301,-145.675907178279,11,2,"normal",73
"3274",-33.2359,0.126136726372249,0,0.70607878839609,80,0.00259024213664222,-20.0565987422468,11.4176304935488,-1.93948807634542,2.93713775592288,0.266643562751074,0.481947056310995,-5.25766278852317,-20.0565987422468,2.43515869526932,-1.93948807634542,1.07743555473346,-1.32184248341923,-0.72992101264301,-145.675907178279,11,2,"normal",74
"3275",-31.15961,0.16714806069531,0,0.667461767849419,80,0.00259024213664222,-20.0565987422468,11.4176304935488,-1.93948807634542,2.93713775592288,0.266643562751074,0.481947056310995,-5.25766278852317,-20.0565987422468,2.43515869526932,-1.93948807634542,1.07743555473346,-1.32184248341923,-0.72992101264301,-145.675907178279,11,2,"normal",75
"3276",-30.31491,0.186104151827369,0,0.730840743115807,80,0.00259024213664222,-20.0565987422468,11.4176304935488,-1.93948807634542,2.93713775592288,0.266643562751074,0.481947056310995,-5.25766278852317,-20.0565987422468,2.43515869526932,-1.93948807634542,1.07743555473346,-1.32184248341923,-0.72992101264301,-145.675907178279,11,2,"normal",76
"3277",-31.18663,0.166563379942063,0,0.69321813345149,80,0.00259024213664222,-20.0565987422468,11.4176304935488,-1.93948807634542,2.93713775592288,0.266643562751074,0.481947056310995,-5.25766278852317,-20.0565987422468,2.43515869526932,-1.93948807634542,1.07743555473346,-1.32184248341923,-0.72992101264301,-145.675907178279,11,2,"normal",77
"3278",-14.38531,0.689318504618769,1,0.845155307413864,80,0.00259024213664222,-20.0565987422468,11.4176304935488,-1.93948807634542,2.93713775592288,0.266643562751074,0.481947056310995,-5.25766278852317,-20.0565987422468,2.43515869526932,-1.93948807634542,1.07743555473346,-1.32184248341923,-0.72992101264301,-145.675907178279,11,2,"normal",78
"3279",-8.0273,0.852126914728678,1,0.716973912459676,80,0.00259024213664222,-20.0565987422468,11.4176304935488,-1.93948807634542,2.93713775592288,0.266643562751074,0.481947056310995,-5.25766278852317,-20.0565987422468,2.43515869526932,-1.93948807634542,1.07743555473346,-1.32184248341923,-0.72992101264301,-145.675907178279,11,2,"normal",79
"3280",-29.27469,0.211234470850367,0,0.72035317413024,80,0.00259024213664222,-20.0565987422468,11.4176304935488,-1.93948807634542,2.93713775592288,0.266643562751074,0.481947056310995,-5.25766278852317,-20.0565987422468,2.43515869526932,-1.93948807634542,1.07743555473346,-1.32184248341923,-0.72992101264301,-145.675907178279,11,2,"normal",80
"3281",8.6882234364,0.521125898314198,0,1.01254793353922,80,0.382911974969217,7.23259775159741,6.38166862276904,-2.45537486328129,3.88168461449652,0.439461565052335,0.435216391197929,1.18487912978372,7.23259775159741,1.85342960278015,-2.45537486328129,1.35626923840071,-0.822205017211536,-0.831911920551476,-286.572340331309,12,2,"normal",1
"3282",9.0966901186,0.526905735420975,1,0.597826028459326,80,0.382911974969217,7.23259775159741,6.38166862276904,-2.45537486328129,3.88168461449652,0.439461565052335,0.435216391197929,1.18487912978372,7.23259775159741,1.85342960278015,-2.45537486328129,1.35626923840071,-0.822205017211536,-0.831911920551476,-286.572340331309,12,2,"normal",2
"3283",2.81636465087,0.440159316809633,0,0.835822562041965,80,0.382911974969217,7.23259775159741,6.38166862276904,-2.45537486328129,3.88168461449652,0.439461565052335,0.435216391197929,1.18487912978372,7.23259775159741,1.85342960278015,-2.45537486328129,1.35626923840071,-0.822205017211536,-0.831911920551476,-286.572340331309,12,2,"normal",3
"3284",9.0712662942,0.526548887576413,1,0.521994701891134,80,0.382911974969217,7.23259775159741,6.38166862276904,-2.45537486328129,3.88168461449652,0.439461565052335,0.435216391197929,1.18487912978372,7.23259775159741,1.85342960278015,-2.45537486328129,1.35626923840071,-0.822205017211536,-0.831911920551476,-286.572340331309,12,2,"normal",4
"3285",2.2219609292,0.433536062596325,1,0.653523979052009,80,0.382911974969217,7.23259775159741,6.38166862276904,-2.45537486328129,3.88168461449652,0.439461565052335,0.435216391197929,1.18487912978372,7.23259775159741,1.85342960278015,-2.45537486328129,1.35626923840071,-0.822205017211536,-0.831911920551476,-286.572340331309,12,2,"normal",5
"3286",-3.03504,0.395514433788524,1,0.611827368540074,80,0.382911974969217,7.23259775159741,6.38166862276904,-2.45537486328129,3.88168461449652,0.439461565052335,0.435216391197929,1.18487912978372,7.23259775159741,1.85342960278015,-2.45537486328129,1.35626923840071,-0.822205017211536,-0.831911920551476,-286.572340331309,12,2,"normal",6
"3287",19.60966,0.610947461474294,1,0.563557120391074,80,0.382911974969217,7.23259775159741,6.38166862276904,-2.45537486328129,3.88168461449652,0.439461565052335,0.435216391197929,1.18487912978372,7.23259775159741,1.85342960278015,-2.45537486328129,1.35626923840071,-0.822205017211536,-0.831911920551476,-286.572340331309,12,2,"normal",7
"3288",-5.6546,0.387998834715812,1,0.601872741476145,80,0.382911974969217,7.23259775159741,6.38166862276904,-2.45537486328129,3.88168461449652,0.439461565052335,0.435216391197929,1.18487912978372,7.23259775159741,1.85342960278015,-2.45537486328129,1.35626923840071,-0.822205017211536,-0.831911920551476,-286.572340331309,12,2,"normal",8
"3289",-35.55782,0.382911974971572,0,0.611383359894385,80,0.382911974969217,7.23259775159741,6.38166862276904,-2.45537486328129,3.88168461449652,0.439461565052335,0.435216391197929,1.18487912978372,7.23259775159741,1.85342960278015,-2.45537486328129,1.35626923840071,-0.822205017211536,-0.831911920551476,-286.572340331309,12,2,"normal",9
"3290",-9.9239744961,0.383752575169878,1,0.583367716135093,80,0.382911974969217,7.23259775159741,6.38166862276904,-2.45537486328129,3.88168461449652,0.439461565052335,0.435216391197929,1.18487912978372,7.23259775159741,1.85342960278015,-2.45537486328129,1.35626923840071,-0.822205017211536,-0.831911920551476,-286.572340331309,12,2,"normal",10
"3291",-16.04645,0.382942944270245,0,0.60365337165804,80,0.382911974969217,7.23259775159741,6.38166862276904,-2.45537486328129,3.88168461449652,0.439461565052335,0.435216391197929,1.18487912978372,7.23259775159741,1.85342960278015,-2.45537486328129,1.35626923840071,-0.822205017211536,-0.831911920551476,-286.572340331309,12,2,"normal",11
"3292",-8.927554220576,0.384238868728635,0,0.652245262885769,80,0.382911974969217,7.23259775159741,6.38166862276904,-2.45537486328129,3.88168461449652,0.439461565052335,0.435216391197929,1.18487912978372,7.23259775159741,1.85342960278015,-2.45537486328129,1.35626923840071,-0.822205017211536,-0.831911920551476,-286.572340331309,12,2,"normal",12
"3293",-7.8518481103,0.385030416403392,0,0.812688246188877,80,0.382911974969217,7.23259775159741,6.38166862276904,-2.45537486328129,3.88168461449652,0.439461565052335,0.435216391197929,1.18487912978372,7.23259775159741,1.85342960278015,-2.45537486328129,1.35626923840071,-0.822205017211536,-0.831911920551476,-286.572340331309,12,2,"normal",13
"3294",-5.20983059827,0.388908078778989,1,0.753147916603572,80,0.382911974969217,7.23259775159741,6.38166862276904,-2.45537486328129,3.88168461449652,0.439461565052335,0.435216391197929,1.18487912978372,7.23259775159741,1.85342960278015,-2.45537486328129,1.35626923840071,-0.822205017211536,-0.831911920551476,-286.572340331309,12,2,"normal",14
"3295",-1.7958,0.401311764578029,1,0.653487408045291,80,0.382911974969217,7.23259775159741,6.38166862276904,-2.45537486328129,3.88168461449652,0.439461565052335,0.435216391197929,1.18487912978372,7.23259775159741,1.85342960278015,-2.45537486328129,1.35626923840071,-0.822205017211536,-0.831911920551476,-286.572340331309,12,2,"normal",15
"3296",-22.32464,0.382912399855623,0,0.754067205998101,80,0.382911974969217,7.23259775159741,6.38166862276904,-2.45537486328129,3.88168461449652,0.439461565052335,0.435216391197929,1.18487912978372,7.23259775159741,1.85342960278015,-2.45537486328129,1.35626923840071,-0.822205017211536,-0.831911920551476,-286.572340331309,12,2,"normal",16
"3297",-4.50666,0.390620766234672,1,0.672633985039617,80,0.382911974969217,7.23259775159741,6.38166862276904,-2.45537486328129,3.88168461449652,0.439461565052335,0.435216391197929,1.18487912978372,7.23259775159741,1.85342960278015,-2.45537486328129,1.35626923840071,-0.822205017211536,-0.831911920551476,-286.572340331309,12,2,"normal",17
"3298",-9.8787,0.383770608199599,1,0.912822461542627,80,0.382911974969217,7.23259775159741,6.38166862276904,-2.45537486328129,3.88168461449652,0.439461565052335,0.435216391197929,1.18487912978372,7.23259775159741,1.85342960278015,-2.45537486328129,1.35626923840071,-0.822205017211536,-0.831911920551476,-286.572340331309,12,2,"normal",18
"3299",-18.67251,0.382917738045821,1,0.615709522183761,80,0.382911974969217,7.23259775159741,6.38166862276904,-2.45537486328129,3.88168461449652,0.439461565052335,0.435216391197929,1.18487912978372,7.23259775159741,1.85342960278015,-2.45537486328129,1.35626923840071,-0.822205017211536,-0.831911920551476,-286.572340331309,12,2,"normal",19
"3300",12.2637,0.566683786792976,1,0.530604530450337,80,0.382911974969217,7.23259775159741,6.38166862276904,-2.45537486328129,3.88168461449652,0.439461565052335,0.435216391197929,1.18487912978372,7.23259775159741,1.85342960278015,-2.45537486328129,1.35626923840071,-0.822205017211536,-0.831911920551476,-286.572340331309,12,2,"normal",20
"3301",8.8585,0.523546945442885,1,0.702918984733339,80,0.382911974969217,7.23259775159741,6.38166862276904,-2.45537486328129,3.88168461449652,0.439461565052335,0.435216391197929,1.18487912978372,7.23259775159741,1.85342960278015,-2.45537486328129,1.35626923840071,-0.822205017211536,-0.831911920551476,-286.572340331309,12,2,"normal",21
"3302",37.0771,0.617087683517265,1,0.7025824834172,80,0.382911974969217,7.23259775159741,6.38166862276904,-2.45537486328129,3.88168461449652,0.439461565052335,0.435216391197929,1.18487912978372,7.23259775159741,1.85342960278015,-2.45537486328129,1.35626923840071,-0.822205017211536,-0.831911920551476,-286.572340331309,12,2,"normal",22
"3303",-25.20506,0.38291201848279,1,0.811316094400495,80,0.382911974969217,7.23259775159741,6.38166862276904,-2.45537486328129,3.88168461449652,0.439461565052335,0.435216391197929,1.18487912978372,7.23259775159741,1.85342960278015,-2.45537486328129,1.35626923840071,-0.822205017211536,-0.831911920551476,-286.572340331309,12,2,"normal",23
"3304",18.52001,0.608079284312605,1,0.608397225098974,80,0.382911974969217,7.23259775159741,6.38166862276904,-2.45537486328129,3.88168461449652,0.439461565052335,0.435216391197929,1.18487912978372,7.23259775159741,1.85342960278015,-2.45537486328129,1.35626923840071,-0.822205017211536,-0.831911920551476,-286.572340331309,12,2,"normal",24
"3305",-12.38747,0.383158910075642,0,0.576535718703299,80,0.382911974969217,7.23259775159741,6.38166862276904,-2.45537486328129,3.88168461449652,0.439461565052335,0.435216391197929,1.18487912978372,7.23259775159741,1.85342960278015,-2.45537486328129,1.35626923840071,-0.822205017211536,-0.831911920551476,-286.572340331309,12,2,"normal",25
"3306",-13.97355694,0.383016255232973,0,0.811923525107968,80,0.382911974969217,7.23259775159741,6.38166862276904,-2.45537486328129,3.88168461449652,0.439461565052335,0.435216391197929,1.18487912978372,7.23259775159741,1.85342960278015,-2.45537486328129,1.35626923840071,-0.822205017211536,-0.831911920551476,-286.572340331309,12,2,"normal",26
"3307",-0.585329999999999,0.408736039596189,0,0.723001734469285,80,0.382911974969217,7.23259775159741,6.38166862276904,-2.45537486328129,3.88168461449652,0.439461565052335,0.435216391197929,1.18487912978372,7.23259775159741,1.85342960278015,-2.45537486328129,1.35626923840071,-0.822205017211536,-0.831911920551476,-286.572340331309,12,2,"normal",27
"3308",-47.08,0.382911974969217,0,0.666796230955044,80,0.382911974969217,7.23259775159741,6.38166862276904,-2.45537486328129,3.88168461449652,0.439461565052335,0.435216391197929,1.18487912978372,7.23259775159741,1.85342960278015,-2.45537486328129,1.35626923840071,-0.822205017211536,-0.831911920551476,-286.572340331309,12,2,"normal",28
"3309",15.1131,0.591693906848697,1,0.772274592175458,80,0.382911974969217,7.23259775159741,6.38166862276904,-2.45537486328129,3.88168461449652,0.439461565052335,0.435216391197929,1.18487912978372,7.23259775159741,1.85342960278015,-2.45537486328129,1.35626923840071,-0.822205017211536,-0.831911920551476,-286.572340331309,12,2,"normal",29
"3310",6.60811,0.490872548503035,0,0.812422539405247,80,0.382911974969217,7.23259775159741,6.38166862276904,-2.45537486328129,3.88168461449652,0.439461565052335,0.435216391197929,1.18487912978372,7.23259775159741,1.85342960278015,-2.45537486328129,1.35626923840071,-0.822205017211536,-0.831911920551476,-286.572340331309,12,2,"normal",30
"3311",-10.511296996163,0.383547575974353,1,0.690205880119834,80,0.382911974969217,7.23259775159741,6.38166862276904,-2.45537486328129,3.88168461449652,0.439461565052335,0.435216391197929,1.18487912978372,7.23259775159741,1.85342960278015,-2.45537486328129,1.35626923840071,-0.822205017211536,-0.831911920551476,-286.572340331309,12,2,"normal",31
"3312",-33.6491,0.382911974986695,0,0.681246091922998,80,0.382911974969217,7.23259775159741,6.38166862276904,-2.45537486328129,3.88168461449652,0.439461565052335,0.435216391197929,1.18487912978372,7.23259775159741,1.85342960278015,-2.45537486328129,1.35626923840071,-0.822205017211536,-0.831911920551476,-286.572340331309,12,2,"normal",32
"3313",-29.81339,0.382911975722583,0,1.1053009172792,80,0.382911974969217,7.23259775159741,6.38166862276904,-2.45537486328129,3.88168461449652,0.439461565052335,0.435216391197929,1.18487912978372,7.23259775159741,1.85342960278015,-2.45537486328129,1.35626923840071,-0.822205017211536,-0.831911920551476,-286.572340331309,12,2,"normal",33
"3314",20.7458,0.61308160257076,1,0.677015365105563,80,0.382911974969217,7.23259775159741,6.38166862276904,-2.45537486328129,3.88168461449652,0.439461565052335,0.435216391197929,1.18487912978372,7.23259775159741,1.85342960278015,-2.45537486328129,1.35626923840071,-0.822205017211536,-0.831911920551476,-286.572340331309,12,2,"normal",34
"3315",-40.9196,0.382911974969222,0,0.698090924966443,80,0.382911974969217,7.23259775159741,6.38166862276904,-2.45537486328129,3.88168461449652,0.439461565052335,0.435216391197929,1.18487912978372,7.23259775159741,1.85342960278015,-2.45537486328129,1.35626923840071,-0.822205017211536,-0.831911920551476,-286.572340331309,12,2,"normal",35
"3316",-36.5031,0.382911974970062,0,0.579595763216367,80,0.382911974969217,7.23259775159741,6.38166862276904,-2.45537486328129,3.88168461449652,0.439461565052335,0.435216391197929,1.18487912978372,7.23259775159741,1.85342960278015,-2.45537486328129,1.35626923840071,-0.822205017211536,-0.831911920551476,-286.572340331309,12,2,"normal",36
"3317",20.17709,0.612109349870176,1,0.728563073121251,80,0.382911974969217,7.23259775159741,6.38166862276904,-2.45537486328129,3.88168461449652,0.439461565052335,0.435216391197929,1.18487912978372,7.23259775159741,1.85342960278015,-2.45537486328129,1.35626923840071,-0.822205017211536,-0.831911920551476,-286.572340331309,12,2,"normal",37
"3318",22.11433,0.614781002109863,0,0.563901413460318,80,0.382911974969217,7.23259775159741,6.38166862276904,-2.45537486328129,3.88168461449652,0.439461565052335,0.435216391197929,1.18487912978372,7.23259775159741,1.85342960278015,-2.45537486328129,1.35626923840071,-0.822205017211536,-0.831911920551476,-286.572340331309,12,2,"normal",38
"3319",14.3801,0.586327650549004,1,0.674011439811935,80,0.382911974969217,7.23259775159741,6.38166862276904,-2.45537486328129,3.88168461449652,0.439461565052335,0.435216391197929,1.18487912978372,7.23259775159741,1.85342960278015,-2.45537486328129,1.35626923840071,-0.822205017211536,-0.831911920551476,-286.572340331309,12,2,"normal",39
"3320",12.705162,0.571289736881243,0,0.592724687311968,80,0.382911974969217,7.23259775159741,6.38166862276904,-2.45537486328129,3.88168461449652,0.439461565052335,0.435216391197929,1.18487912978372,7.23259775159741,1.85342960278015,-2.45537486328129,1.35626923840071,-0.822205017211536,-0.831911920551476,-286.572340331309,12,2,"normal",40
"3321",-9.087019231,0.384147240205287,1,0.566682770622326,80,0.382911974969217,7.23259775159741,6.38166862276904,-2.45537486328129,3.88168461449652,0.439461565052335,0.435216391197929,1.18487912978372,7.23259775159741,1.85342960278015,-2.45537486328129,1.35626923840071,-0.822205017211536,-0.831911920551476,-286.572340331309,12,2,"normal",41
"3322",-10.0042084669,0.383721450947443,0,0.596838204089075,80,0.382911974969217,7.23259775159741,6.38166862276904,-2.45537486328129,3.88168461449652,0.439461565052335,0.435216391197929,1.18487912978372,7.23259775159741,1.85342960278015,-2.45537486328129,1.35626923840071,-0.822205017211536,-0.831911920551476,-286.572340331309,12,2,"normal",42
"3323",-33.25926,0.382911974995256,0,0.614199377140244,80,0.382911974969217,7.23259775159741,6.38166862276904,-2.45537486328129,3.88168461449652,0.439461565052335,0.435216391197929,1.18487912978372,7.23259775159741,1.85342960278015,-2.45537486328129,1.35626923840071,-0.822205017211536,-0.831911920551476,-286.572340331309,12,2,"normal",43
"3324",42.93337,0.617088022436663,1,0.780716132492813,80,0.382911974969217,7.23259775159741,6.38166862276904,-2.45537486328129,3.88168461449652,0.439461565052335,0.435216391197929,1.18487912978372,7.23259775159741,1.85342960278015,-2.45537486328129,1.35626923840071,-0.822205017211536,-0.831911920551476,-286.572340331309,12,2,"normal",44
"3325",-35.66979,0.382911974971305,1,0.710366441936443,80,0.382911974969217,7.23259775159741,6.38166862276904,-2.45537486328129,3.88168461449652,0.439461565052335,0.435216391197929,1.18487912978372,7.23259775159741,1.85342960278015,-2.45537486328129,1.35626923840071,-0.822205017211536,-0.831911920551476,-286.572340331309,12,2,"normal",45
"3326",16.5858,0.600373999596189,0,0.55308141961259,80,0.382911974969217,7.23259775159741,6.38166862276904,-2.45537486328129,3.88168461449652,0.439461565052335,0.435216391197929,1.18487912978372,7.23259775159741,1.85342960278015,-2.45537486328129,1.35626923840071,-0.822205017211536,-0.831911920551476,-286.572340331309,12,2,"normal",46
"3327",-39.9237,0.382911974969234,0,0.882044979250953,80,0.382911974969217,7.23259775159741,6.38166862276904,-2.45537486328129,3.88168461449652,0.439461565052335,0.435216391197929,1.18487912978372,7.23259775159741,1.85342960278015,-2.45537486328129,1.35626923840071,-0.822205017211536,-0.831911920551476,-286.572340331309,12,2,"normal",47
"3328",15.07604,0.591439895485702,0,0.662692708820732,80,0.382911974969217,7.23259775159741,6.38166862276904,-2.45537486328129,3.88168461449652,0.439461565052335,0.435216391197929,1.18487912978372,7.23259775159741,1.85342960278015,-2.45537486328129,1.35626923840071,-0.822205017211536,-0.831911920551476,-286.572340331309,12,2,"normal",48
"3329",21.0456,0.613525337108092,0,1.17643701706703,80,0.382911974969217,7.23259775159741,6.38166862276904,-2.45537486328129,3.88168461449652,0.439461565052335,0.435216391197929,1.18487912978372,7.23259775159741,1.85342960278015,-2.45537486328129,1.35626923840071,-0.822205017211536,-0.831911920551476,-286.572340331309,12,2,"normal",49
"3330",13.62586,0.580037612296672,0,0.614581015465931,80,0.382911974969217,7.23259775159741,6.38166862276904,-2.45537486328129,3.88168461449652,0.439461565052335,0.435216391197929,1.18487912978372,7.23259775159741,1.85342960278015,-2.45537486328129,1.35626923840071,-0.822205017211536,-0.831911920551476,-286.572340331309,12,2,"normal",50
"3331",24.04737,0.616102457627479,1,0.594213794788545,80,0.382911974969217,7.23259775159741,6.38166862276904,-2.45537486328129,3.88168461449652,0.439461565052335,0.435216391197929,1.18487912978372,7.23259775159741,1.85342960278015,-2.45537486328129,1.35626923840071,-0.822205017211536,-0.831911920551476,-286.572340331309,12,2,"normal",51
"3332",-31.11274,0.382911975188232,0,0.608145553245515,80,0.382911974969217,7.23259775159741,6.38166862276904,-2.45537486328129,3.88168461449652,0.439461565052335,0.435216391197929,1.18487912978372,7.23259775159741,1.85342960278015,-2.45537486328129,1.35626923840071,-0.822205017211536,-0.831911920551476,-286.572340331309,12,2,"normal",52
"3333",-26.56313,0.38291198884746,1,1.05547476014121,80,0.382911974969217,7.23259775159741,6.38166862276904,-2.45537486328129,3.88168461449652,0.439461565052335,0.435216391197929,1.18487912978372,7.23259775159741,1.85342960278015,-2.45537486328129,1.35626923840071,-0.822205017211536,-0.831911920551476,-286.572340331309,12,2,"normal",53
"3334",-3.386222493351,0.394166602776757,0,0.525756939114574,80,0.382911974969217,7.23259775159741,6.38166862276904,-2.45537486328129,3.88168461449652,0.439461565052335,0.435216391197929,1.18487912978372,7.23259775159741,1.85342960278015,-2.45537486328129,1.35626923840071,-0.822205017211536,-0.831911920551476,-286.572340331309,12,2,"normal",54
"3335",-4.7809401788,0.389909994423382,0,0.648287352073124,80,0.382911974969217,7.23259775159741,6.38166862276904,-2.45537486328129,3.88168461449652,0.439461565052335,0.435216391197929,1.18487912978372,7.23259775159741,1.85342960278015,-2.45537486328129,1.35626923840071,-0.822205017211536,-0.831911920551476,-286.572340331309,12,2,"normal",55
"3336",-1.3049892064,0.404099275524393,1,0.600580878654721,80,0.382911974969217,7.23259775159741,6.38166862276904,-2.45537486328129,3.88168461449652,0.439461565052335,0.435216391197929,1.18487912978372,7.23259775159741,1.85342960278015,-2.45537486328129,1.35626923840071,-0.822205017211536,-0.831911920551476,-286.572340331309,12,2,"normal",56
"3337",-5.0901229719,0.389174838434397,1,0.941660036945268,80,0.382911974969217,7.23259775159741,6.38166862276904,-2.45537486328129,3.88168461449652,0.439461565052335,0.435216391197929,1.18487912978372,7.23259775159741,1.85342960278015,-2.45537486328129,1.35626923840071,-0.822205017211536,-0.831911920551476,-286.572340331309,12,2,"normal",57
"3338",33.43384,0.617083305383321,1,0.544242449387502,80,0.382911974969217,7.23259775159741,6.38166862276904,-2.45537486328129,3.88168461449652,0.439461565052335,0.435216391197929,1.18487912978372,7.23259775159741,1.85342960278015,-2.45537486328129,1.35626923840071,-0.822205017211536,-0.831911920551476,-286.572340331309,12,2,"normal",58
"3339",-5.2333074171,0.38885689411787,0,0.555213866431912,80,0.382911974969217,7.23259775159741,6.38166862276904,-2.45537486328129,3.88168461449652,0.439461565052335,0.435216391197929,1.18487912978372,7.23259775159741,1.85342960278015,-2.45537486328129,1.35626923840071,-0.822205017211536,-0.831911920551476,-286.572340331309,12,2,"normal",59
"3340",-6.8966656919,0.386052989307621,0,0.591894638295844,80,0.382911974969217,7.23259775159741,6.38166862276904,-2.45537486328129,3.88168461449652,0.439461565052335,0.435216391197929,1.18487912978372,7.23259775159741,1.85342960278015,-2.45537486328129,1.35626923840071,-0.822205017211536,-0.831911920551476,-286.572340331309,12,2,"normal",60
"3341",29.32224,0.617025109928643,1,0.570992743835542,80,0.382911974969217,7.23259775159741,6.38166862276904,-2.45537486328129,3.88168461449652,0.439461565052335,0.435216391197929,1.18487912978372,7.23259775159741,1.85342960278015,-2.45537486328129,1.35626923840071,-0.822205017211536,-0.831911920551476,-286.572340331309,12,2,"normal",61
"3342",-3.1149897239,0.395196865507958,0,0.682640213247687,80,0.382911974969217,7.23259775159741,6.38166862276904,-2.45537486328129,3.88168461449652,0.439461565052335,0.435216391197929,1.18487912978372,7.23259775159741,1.85342960278015,-2.45537486328129,1.35626923840071,-0.822205017211536,-0.831911920551476,-286.572340331309,12,2,"normal",62
"3343",-3.8067966644,0.39270700410919,0,0.760480345984082,80,0.382911974969217,7.23259775159741,6.38166862276904,-2.45537486328129,3.88168461449652,0.439461565052335,0.435216391197929,1.18487912978372,7.23259775159741,1.85342960278015,-2.45537486328129,1.35626923840071,-0.822205017211536,-0.831911920551476,-286.572340331309,12,2,"normal",63
"3344",-47.62424,0.382911974969217,1,0.760536053424395,80,0.382911974969217,7.23259775159741,6.38166862276904,-2.45537486328129,3.88168461449652,0.439461565052335,0.435216391197929,1.18487912978372,7.23259775159741,1.85342960278015,-2.45537486328129,1.35626923840071,-0.822205017211536,-0.831911920551476,-286.572340331309,12,2,"normal",64
"3345",-20.98014,0.382913125819289,1,0.584900477351481,80,0.382911974969217,7.23259775159741,6.38166862276904,-2.45537486328129,3.88168461449652,0.439461565052335,0.435216391197929,1.18487912978372,7.23259775159741,1.85342960278015,-2.45537486328129,1.35626923840071,-0.822205017211536,-0.831911920551476,-286.572340331309,12,2,"normal",65
"3346",-2.6431852601,0.397165923411379,0,0.679297480861071,80,0.382911974969217,7.23259775159741,6.38166862276904,-2.45537486328129,3.88168461449652,0.439461565052335,0.435216391197929,1.18487912978372,7.23259775159741,1.85342960278015,-2.45537486328129,1.35626923840071,-0.822205017211536,-0.831911920551476,-286.572340331309,12,2,"normal",66
"3347",-6.7963692701,0.386181788926087,1,0.53665455177463,80,0.382911974969217,7.23259775159741,6.38166862276904,-2.45537486328129,3.88168461449652,0.439461565052335,0.435216391197929,1.18487912978372,7.23259775159741,1.85342960278015,-2.45537486328129,1.35626923840071,-0.822205017211536,-0.831911920551476,-286.572340331309,12,2,"normal",67
"3348",42.2771,0.617088020362638,1,0.941029031096591,80,0.382911974969217,7.23259775159741,6.38166862276904,-2.45537486328129,3.88168461449652,0.439461565052335,0.435216391197929,1.18487912978372,7.23259775159741,1.85342960278015,-2.45537486328129,1.35626923840071,-0.822205017211536,-0.831911920551476,-286.572340331309,12,2,"normal",68
"3349",33.57556,0.617083738751926,1,0.616281424198638,80,0.382911974969217,7.23259775159741,6.38166862276904,-2.45537486328129,3.88168461449652,0.439461565052335,0.435216391197929,1.18487912978372,7.23259775159741,1.85342960278015,-2.45537486328129,1.35626923840071,-0.822205017211536,-0.831911920551476,-286.572340331309,12,2,"normal",69
"3350",-47.49418,0.382911974969217,0,0.801367709411862,80,0.382911974969217,7.23259775159741,6.38166862276904,-2.45537486328129,3.88168461449652,0.439461565052335,0.435216391197929,1.18487912978372,7.23259775159741,1.85342960278015,-2.45537486328129,1.35626923840071,-0.822205017211536,-0.831911920551476,-286.572340331309,12,2,"normal",70
"3351",-47.54197,0.382911974969217,1,0.647775617774941,80,0.382911974969217,7.23259775159741,6.38166862276904,-2.45537486328129,3.88168461449652,0.439461565052335,0.435216391197929,1.18487912978372,7.23259775159741,1.85342960278015,-2.45537486328129,1.35626923840071,-0.822205017211536,-0.831911920551476,-286.572340331309,12,2,"normal",71
"3352",-4.62742384943,0.390300806030549,0,0.53078541861189,80,0.382911974969217,7.23259775159741,6.38166862276904,-2.45537486328129,3.88168461449652,0.439461565052335,0.435216391197929,1.18487912978372,7.23259775159741,1.85342960278015,-2.45537486328129,1.35626923840071,-0.822205017211536,-0.831911920551476,-286.572340331309,12,2,"normal",72
"3353",-4.37407618373,0.390985105521987,0,0.728158468856987,80,0.382911974969217,7.23259775159741,6.38166862276904,-2.45537486328129,3.88168461449652,0.439461565052335,0.435216391197929,1.18487912978372,7.23259775159741,1.85342960278015,-2.45537486328129,1.35626923840071,-0.822205017211536,-0.831911920551476,-286.572340331309,12,2,"normal",73
"3354",-3.4037686391,0.394102410973059,0,0.777574309046446,80,0.382911974969217,7.23259775159741,6.38166862276904,-2.45537486328129,3.88168461449652,0.439461565052335,0.435216391197929,1.18487912978372,7.23259775159741,1.85342960278015,-2.45537486328129,1.35626923840071,-0.822205017211536,-0.831911920551476,-286.572340331309,12,2,"normal",74
"3355",34.623976,0.617085953580149,1,0.609742176090436,80,0.382911974969217,7.23259775159741,6.38166862276904,-2.45537486328129,3.88168461449652,0.439461565052335,0.435216391197929,1.18487912978372,7.23259775159741,1.85342960278015,-2.45537486328129,1.35626923840071,-0.822205017211536,-0.831911920551476,-286.572340331309,12,2,"normal",75
"3356",12.88803,0.573120303858362,0,0.690946037570634,80,0.382911974969217,7.23259775159741,6.38166862276904,-2.45537486328129,3.88168461449652,0.439461565052335,0.435216391197929,1.18487912978372,7.23259775159741,1.85342960278015,-2.45537486328129,1.35626923840071,-0.822205017211536,-0.831911920551476,-286.572340331309,12,2,"normal",76
"3357",47.03928,0.617088024978777,1,0.532136378646741,80,0.382911974969217,7.23259775159741,6.38166862276904,-2.45537486328129,3.88168461449652,0.439461565052335,0.435216391197929,1.18487912978372,7.23259775159741,1.85342960278015,-2.45537486328129,1.35626923840071,-0.822205017211536,-0.831911920551476,-286.572340331309,12,2,"normal",77
"3358",-0.3267294228,0.410568198749614,0,0.866198914759283,80,0.382911974969217,7.23259775159741,6.38166862276904,-2.45537486328129,3.88168461449652,0.439461565052335,0.435216391197929,1.18487912978372,7.23259775159741,1.85342960278015,-2.45537486328129,1.35626923840071,-0.822205017211536,-0.831911920551476,-286.572340331309,12,2,"normal",78
"3359",-0.93594327653,0.406393375366265,1,0.518317905588994,80,0.382911974969217,7.23259775159741,6.38166862276904,-2.45537486328129,3.88168461449652,0.439461565052335,0.435216391197929,1.18487912978372,7.23259775159741,1.85342960278015,-2.45537486328129,1.35626923840071,-0.822205017211536,-0.831911920551476,-286.572340331309,12,2,"normal",79
"3360",-1.68805765344,0.401898528520497,0,0.58815662032695,80,0.382911974969217,7.23259775159741,6.38166862276904,-2.45537486328129,3.88168461449652,0.439461565052335,0.435216391197929,1.18487912978372,7.23259775159741,1.85342960278015,-2.45537486328129,1.35626923840071,-0.822205017211536,-0.831911920551476,-286.572340331309,12,2,"normal",80
"3361",8.3980065104,0.471250076696827,1,0.512554772491381,80,0.00661762651782255,9.89489119722764,20.4780562909869,-1.5553723257828,2.76861710260799,0.262596662861751,0.286505439977801,-4.31154770524679,9.89489119722764,3.01935388800064,-1.5553723257828,1.01834795460126,-1.33713602526064,-1.24999775530149,-339.414254406765,13,2,"normal",1
"3362",-7.0957033162,0.207281057615853,0,0.721862205036667,80,0.00661762651782255,9.89489119722764,20.4780562909869,-1.5553723257828,2.76861710260799,0.262596662861751,0.286505439977801,-4.31154770524679,9.89489119722764,3.01935388800064,-1.5553723257828,1.01834795460126,-1.33713602526064,-1.24999775530149,-339.414254406765,13,2,"normal",2
"3363",-0.6301568597,0.306236389534237,0,0.721364910765073,80,0.00661762651782255,9.89489119722764,20.4780562909869,-1.5553723257828,2.76861710260799,0.262596662861751,0.286505439977801,-4.31154770524679,9.89489119722764,3.01935388800064,-1.5553723257828,1.01834795460126,-1.33713602526064,-1.24999775530149,-339.414254406765,13,2,"normal",3
"3364",3.2824131758,0.375059189565576,0,0.652910886615324,80,0.00661762651782255,9.89489119722764,20.4780562909869,-1.5553723257828,2.76861710260799,0.262596662861751,0.286505439977801,-4.31154770524679,9.89489119722764,3.01935388800064,-1.5553723257828,1.01834795460126,-1.33713602526064,-1.24999775530149,-339.414254406765,13,2,"normal",4
"3365",-5.32232,0.232301627132012,0,0.634695054295535,80,0.00661762651782255,9.89489119722764,20.4780562909869,-1.5553723257828,2.76861710260799,0.262596662861751,0.286505439977801,-4.31154770524679,9.89489119722764,3.01935388800064,-1.5553723257828,1.01834795460126,-1.33713602526064,-1.24999775530149,-339.414254406765,13,2,"normal",5
"3366",5.39357,0.41416016211417,0,0.864982799854834,80,0.00661762651782255,9.89489119722764,20.4780562909869,-1.5553723257828,2.76861710260799,0.262596662861751,0.286505439977801,-4.31154770524679,9.89489119722764,3.01935388800064,-1.5553723257828,1.01834795460126,-1.33713602526064,-1.24999775530149,-339.414254406765,13,2,"normal",6
"3367",9.45187,0.491484197328851,1,0.733225544435711,80,0.00661762651782255,9.89489119722764,20.4780562909869,-1.5553723257828,2.76861710260799,0.262596662861751,0.286505439977801,-4.31154770524679,9.89489119722764,3.01935388800064,-1.5553723257828,1.01834795460126,-1.33713602526064,-1.24999775530149,-339.414254406765,13,2,"normal",7
"3368",12.00441,0.540480959204564,1,0.713043916464847,80,0.00661762651782255,9.89489119722764,20.4780562909869,-1.5553723257828,2.76861710260799,0.262596662861751,0.286505439977801,-4.31154770524679,9.89489119722764,3.01935388800064,-1.5553723257828,1.01834795460126,-1.33713602526064,-1.24999775530149,-339.414254406765,13,2,"normal",8
"3369",21.72409,0.715361994419057,1,0.674607796495906,80,0.00661762651782255,9.89489119722764,20.4780562909869,-1.5553723257828,2.76861710260799,0.262596662861751,0.286505439977801,-4.31154770524679,9.89489119722764,3.01935388800064,-1.5553723257828,1.01834795460126,-1.33713602526064,-1.24999775530149,-339.414254406765,13,2,"normal",9
"3370",8.77166,0.478418263193672,1,0.63406612169512,80,0.00661762651782255,9.89489119722764,20.4780562909869,-1.5553723257828,2.76861710260799,0.262596662861751,0.286505439977801,-4.31154770524679,9.89489119722764,3.01935388800064,-1.5553723257828,1.01834795460126,-1.33713602526064,-1.24999775530149,-339.414254406765,13,2,"normal",10
"3371",7.23014,0.448918063740804,0,1.28115267049899,80,0.00661762651782255,9.89489119722764,20.4780562909869,-1.5553723257828,2.76861710260799,0.262596662861751,0.286505439977801,-4.31154770524679,9.89489119722764,3.01935388800064,-1.5553723257828,1.01834795460126,-1.33713602526064,-1.24999775530149,-339.414254406765,13,2,"normal",11
"3372",8.77627,0.478506751372736,1,1.02412882117255,80,0.00661762651782255,9.89489119722764,20.4780562909869,-1.5553723257828,2.76861710260799,0.262596662861751,0.286505439977801,-4.31154770524679,9.89489119722764,3.01935388800064,-1.5553723257828,1.01834795460126,-1.33713602526064,-1.24999775530149,-339.414254406765,13,2,"normal",12
"3373",9.39921,0.490472148133935,1,0.753738533919163,80,0.00661762651782255,9.89489119722764,20.4780562909869,-1.5553723257828,2.76861710260799,0.262596662861751,0.286505439977801,-4.31154770524679,9.89489119722764,3.01935388800064,-1.5553723257828,1.01834795460126,-1.33713602526064,-1.24999775530149,-339.414254406765,13,2,"normal",13
"3374",5.88217,0.423351834887947,0,0.82034408270953,80,0.00661762651782255,9.89489119722764,20.4780562909869,-1.5553723257828,2.76861710260799,0.262596662861751,0.286505439977801,-4.31154770524679,9.89489119722764,3.01935388800064,-1.5553723257828,1.01834795460126,-1.33713602526064,-1.24999775530149,-339.414254406765,13,2,"normal",14
"3375",8.63084,0.475715794508929,0,0.600183290908672,80,0.00661762651782255,9.89489119722764,20.4780562909869,-1.5553723257828,2.76861710260799,0.262596662861751,0.286505439977801,-4.31154770524679,9.89489119722764,3.01935388800064,-1.5553723257828,1.01834795460126,-1.33713602526064,-1.24999775530149,-339.414254406765,13,2,"normal",15
"3376",2.52052,0.361243215912189,0,0.648380592851049,80,0.00661762651782255,9.89489119722764,20.4780562909869,-1.5553723257828,2.76861710260799,0.262596662861751,0.286505439977801,-4.31154770524679,9.89489119722764,3.01935388800064,-1.5553723257828,1.01834795460126,-1.33713602526064,-1.24999775530149,-339.414254406765,13,2,"normal",16
"3377",7.63251619,0.456597293084342,0,0.613587266691392,80,0.00661762651782255,9.89489119722764,20.4780562909869,-1.5553723257828,2.76861710260799,0.262596662861751,0.286505439977801,-4.31154770524679,9.89489119722764,3.01935388800064,-1.5553723257828,1.01834795460126,-1.33713602526064,-1.24999775530149,-339.414254406765,13,2,"normal",17
"3378",4.30493,0.393860521240891,0,0.681787076239777,80,0.00661762651782255,9.89489119722764,20.4780562909869,-1.5553723257828,2.76861710260799,0.262596662861751,0.286505439977801,-4.31154770524679,9.89489119722764,3.01935388800064,-1.5553723257828,1.01834795460126,-1.33713602526064,-1.24999775530149,-339.414254406765,13,2,"normal",18
"3379",6.46144,0.434304614091128,1,0.884628285234583,80,0.00661762651782255,9.89489119722764,20.4780562909869,-1.5553723257828,2.76861710260799,0.262596662861751,0.286505439977801,-4.31154770524679,9.89489119722764,3.01935388800064,-1.5553723257828,1.01834795460126,-1.33713602526064,-1.24999775530149,-339.414254406765,13,2,"normal",19
"3380",-18.65634,0.0871605861748491,0,0.505747347363943,80,0.00661762651782255,9.89489119722764,20.4780562909869,-1.5553723257828,2.76861710260799,0.262596662861751,0.286505439977801,-4.31154770524679,9.89489119722764,3.01935388800064,-1.5553723257828,1.01834795460126,-1.33713602526064,-1.24999775530149,-339.414254406765,13,2,"normal",20
"3381",5.57908,0.417644633046746,0,0.772463026661139,80,0.00661762651782255,9.89489119722764,20.4780562909869,-1.5553723257828,2.76861710260799,0.262596662861751,0.286505439977801,-4.31154770524679,9.89489119722764,3.01935388800064,-1.5553723257828,1.01834795460126,-1.33713602526064,-1.24999775530149,-339.414254406765,13,2,"normal",21
"3382",6.29059,0.431068402955693,0,0.70967335999309,80,0.00661762651782255,9.89489119722764,20.4780562909869,-1.5553723257828,2.76861710260799,0.262596662861751,0.286505439977801,-4.31154770524679,9.89489119722764,3.01935388800064,-1.5553723257828,1.01834795460126,-1.33713602526064,-1.24999775530149,-339.414254406765,13,2,"normal",22
"3383",10.6988,0.515450061220853,0,0.759350634029899,80,0.00661762651782255,9.89489119722764,20.4780562909869,-1.5553723257828,2.76861710260799,0.262596662861751,0.286505439977801,-4.31154770524679,9.89489119722764,3.01935388800064,-1.5553723257828,1.01834795460126,-1.33713602526064,-1.24999775530149,-339.414254406765,13,2,"normal",23
"3384",6.84159,0.441521281606062,1,0.60277444803678,80,0.00661762651782255,9.89489119722764,20.4780562909869,-1.5553723257828,2.76861710260799,0.262596662861751,0.286505439977801,-4.31154770524679,9.89489119722764,3.01935388800064,-1.5553723257828,1.01834795460126,-1.33713602526064,-1.24999775530149,-339.414254406765,13,2,"normal",24
"3385",5.08211,0.408325673801027,1,0.63244680224416,80,0.00661762651782255,9.89489119722764,20.4780562909869,-1.5553723257828,2.76861710260799,0.262596662861751,0.286505439977801,-4.31154770524679,9.89489119722764,3.01935388800064,-1.5553723257828,1.01834795460126,-1.33713602526064,-1.24999775530149,-339.414254406765,13,2,"normal",25
"3386",2.21782,0.355804246816158,0,0.542096604468944,80,0.00661762651782255,9.89489119722764,20.4780562909869,-1.5553723257828,2.76861710260799,0.262596662861751,0.286505439977801,-4.31154770524679,9.89489119722764,3.01935388800064,-1.5553723257828,1.01834795460126,-1.33713602526064,-1.24999775530149,-339.414254406765,13,2,"normal",26
"3387",23.65611,0.745909281674209,1,0.807752759508356,80,0.00661762651782255,9.89489119722764,20.4780562909869,-1.5553723257828,2.76861710260799,0.262596662861751,0.286505439977801,-4.31154770524679,9.89489119722764,3.01935388800064,-1.5553723257828,1.01834795460126,-1.33713602526064,-1.24999775530149,-339.414254406765,13,2,"normal",27
"3388",10.94709,0.520218163301394,0,0.586902784176165,80,0.00661762651782255,9.89489119722764,20.4780562909869,-1.5553723257828,2.76861710260799,0.262596662861751,0.286505439977801,-4.31154770524679,9.89489119722764,3.01935388800064,-1.5553723257828,1.01834795460126,-1.33713602526064,-1.24999775530149,-339.414254406765,13,2,"normal",28
"3389",-0.59329,0.3068577014955,0,0.578323700292595,80,0.00661762651782255,9.89489119722764,20.4780562909869,-1.5553723257828,2.76861710260799,0.262596662861751,0.286505439977801,-4.31154770524679,9.89489119722764,3.01935388800064,-1.5553723257828,1.01834795460126,-1.33713602526064,-1.24999775530149,-339.414254406765,13,2,"normal",29
"3390",10.67901,0.515069911851821,0,0.721779299606377,80,0.00661762651782255,9.89489119722764,20.4780562909869,-1.5553723257828,2.76861710260799,0.262596662861751,0.286505439977801,-4.31154770524679,9.89489119722764,3.01935388800064,-1.5553723257828,1.01834795460126,-1.33713602526064,-1.24999775530149,-339.414254406765,13,2,"normal",30
"3391",-10.00833,0.169969506562116,0,0.716557392976929,80,0.00661762651782255,9.89489119722764,20.4780562909869,-1.5553723257828,2.76861710260799,0.262596662861751,0.286505439977801,-4.31154770524679,9.89489119722764,3.01935388800064,-1.5553723257828,1.01834795460126,-1.33713602526064,-1.24999775530149,-339.414254406765,13,2,"normal",31
"3392",19.09879,0.671151490059358,1,0.530882201865171,80,0.00661762651782255,9.89489119722764,20.4780562909869,-1.5553723257828,2.76861710260799,0.262596662861751,0.286505439977801,-4.31154770524679,9.89489119722764,3.01935388800064,-1.5553723257828,1.01834795460126,-1.33713602526064,-1.24999775530149,-339.414254406765,13,2,"normal",32
"3393",2.15014,0.354592235544078,0,0.618131400133064,80,0.00661762651782255,9.89489119722764,20.4780562909869,-1.5553723257828,2.76861710260799,0.262596662861751,0.286505439977801,-4.31154770524679,9.89489119722764,3.01935388800064,-1.5553723257828,1.01834795460126,-1.33713602526064,-1.24999775530149,-339.414254406765,13,2,"normal",33
"3394",13.39867,0.567028080295391,0,0.829048044361108,80,0.00661762651782255,9.89489119722764,20.4780562909869,-1.5553723257828,2.76861710260799,0.262596662861751,0.286505439977801,-4.31154770524679,9.89489119722764,3.01935388800064,-1.5553723257828,1.01834795460126,-1.33713602526064,-1.24999775530149,-339.414254406765,13,2,"normal",34
"3395",4.04947,0.389137425171417,1,0.545174935308775,80,0.00661762651782255,9.89489119722764,20.4780562909869,-1.5553723257828,2.76861710260799,0.262596662861751,0.286505439977801,-4.31154770524679,9.89489119722764,3.01935388800064,-1.5553723257828,1.01834795460126,-1.33713602526064,-1.24999775530149,-339.414254406765,13,2,"normal",35
"3396",6.49379,0.434917898947782,0,0.956280843810776,80,0.00661762651782255,9.89489119722764,20.4780562909869,-1.5553723257828,2.76861710260799,0.262596662861751,0.286505439977801,-4.31154770524679,9.89489119722764,3.01935388800064,-1.5553723257828,1.01834795460126,-1.33713602526064,-1.24999775530149,-339.414254406765,13,2,"normal",36
"3397",-0.55789,0.307454832094115,0,0.631644322642122,80,0.00661762651782255,9.89489119722764,20.4780562909869,-1.5553723257828,2.76861710260799,0.262596662861751,0.286505439977801,-4.31154770524679,9.89489119722764,3.01935388800064,-1.5553723257828,1.01834795460126,-1.33713602526064,-1.24999775530149,-339.414254406765,13,2,"normal",37
"3398",-2.3491,0.277929285675978,0,0.793528067922099,80,0.00661762651782255,9.89489119722764,20.4780562909869,-1.5553723257828,2.76861710260799,0.262596662861751,0.286505439977801,-4.31154770524679,9.89489119722764,3.01935388800064,-1.5553723257828,1.01834795460126,-1.33713602526064,-1.24999775530149,-339.414254406765,13,2,"normal",38
"3399",17.99359,0.651721325051785,0,0.561945191477087,80,0.00661762651782255,9.89489119722764,20.4780562909869,-1.5553723257828,2.76861710260799,0.262596662861751,0.286505439977801,-4.31154770524679,9.89489119722764,3.01935388800064,-1.5553723257828,1.01834795460126,-1.33713602526064,-1.24999775530149,-339.414254406765,13,2,"normal",39
"3400",30.5269,0.838615256064429,1,0.771392826994731,80,0.00661762651782255,9.89489119722764,20.4780562909869,-1.5553723257828,2.76861710260799,0.262596662861751,0.286505439977801,-4.31154770524679,9.89489119722764,3.01935388800064,-1.5553723257828,1.01834795460126,-1.33713602526064,-1.24999775530149,-339.414254406765,13,2,"normal",40
"3401",-3.3496,0.262083131431083,1,0.573004164391707,80,0.00661762651782255,9.89489119722764,20.4780562909869,-1.5553723257828,2.76861710260799,0.262596662861751,0.286505439977801,-4.31154770524679,9.89489119722764,3.01935388800064,-1.5553723257828,1.01834795460126,-1.33713602526064,-1.24999775530149,-339.414254406765,13,2,"normal",41
"3402",-1.6115,0.28991372039275,1,0.586536822868657,80,0.00661762651782255,9.89489119722764,20.4780562909869,-1.5553723257828,2.76861710260799,0.262596662861751,0.286505439977801,-4.31154770524679,9.89489119722764,3.01935388800064,-1.5553723257828,1.01834795460126,-1.33713602526064,-1.24999775530149,-339.414254406765,13,2,"normal",42
"3403",26.47648,0.78709999461692,1,0.526394647845687,80,0.00661762651782255,9.89489119722764,20.4780562909869,-1.5553723257828,2.76861710260799,0.262596662861751,0.286505439977801,-4.31154770524679,9.89489119722764,3.01935388800064,-1.5553723257828,1.01834795460126,-1.33713602526064,-1.24999775530149,-339.414254406765,13,2,"normal",43
"3404",-4.20859,0.248870632435718,1,0.643845901235764,80,0.00661762651782255,9.89489119722764,20.4780562909869,-1.5553723257828,2.76861710260799,0.262596662861751,0.286505439977801,-4.31154770524679,9.89489119722764,3.01935388800064,-1.5553723257828,1.01834795460126,-1.33713602526064,-1.24999775530149,-339.414254406765,13,2,"normal",44
"3405",12.074149609,0.54181427531122,0,0.555453402149339,80,0.00661762651782255,9.89489119722764,20.4780562909869,-1.5553723257828,2.76861710260799,0.262596662861751,0.286505439977801,-4.31154770524679,9.89489119722764,3.01935388800064,-1.5553723257828,1.01834795460126,-1.33713602526064,-1.24999775530149,-339.414254406765,13,2,"normal",45
"3406",38.7187,0.914803578312222,1,0.477959843107506,80,0.00661762651782255,9.89489119722764,20.4780562909869,-1.5553723257828,2.76861710260799,0.262596662861751,0.286505439977801,-4.31154770524679,9.89489119722764,3.01935388800064,-1.5553723257828,1.01834795460126,-1.33713602526064,-1.24999775530149,-339.414254406765,13,2,"normal",46
"3407",-6.8231,0.211015880877907,0,0.682916236383551,80,0.00661762651782255,9.89489119722764,20.4780562909869,-1.5553723257828,2.76861710260799,0.262596662861751,0.286505439977801,-4.31154770524679,9.89489119722764,3.01935388800064,-1.5553723257828,1.01834795460126,-1.33713602526064,-1.24999775530149,-339.414254406765,13,2,"normal",47
"3408",30.09384,0.833550473061958,1,0.528661518914182,80,0.00661762651782255,9.89489119722764,20.4780562909869,-1.5553723257828,2.76861710260799,0.262596662861751,0.286505439977801,-4.31154770524679,9.89489119722764,3.01935388800064,-1.5553723257828,1.01834795460126,-1.33713602526064,-1.24999775530149,-339.414254406765,13,2,"normal",48
"3409",1.475,0.342586567895652,0,0.625454643885433,80,0.00661762651782255,9.89489119722764,20.4780562909869,-1.5553723257828,2.76861710260799,0.262596662861751,0.286505439977801,-4.31154770524679,9.89489119722764,3.01935388800064,-1.5553723257828,1.01834795460126,-1.33713602526064,-1.24999775530149,-339.414254406765,13,2,"normal",49
"3410",-2.00502,0.283488692427135,0,0.715027967241846,80,0.00661762651782255,9.89489119722764,20.4780562909869,-1.5553723257828,2.76861710260799,0.262596662861751,0.286505439977801,-4.31154770524679,9.89489119722764,3.01935388800064,-1.5553723257828,1.01834795460126,-1.33713602526064,-1.24999775530149,-339.414254406765,13,2,"normal",50
"3411",39.50189,0.920245490249035,1,0.595574312492367,80,0.00661762651782255,9.89489119722764,20.4780562909869,-1.5553723257828,2.76861710260799,0.262596662861751,0.286505439977801,-4.31154770524679,9.89489119722764,3.01935388800064,-1.5553723257828,1.01834795460126,-1.33713602526064,-1.24999775530149,-339.414254406765,13,2,"normal",51
"3412",-4.7075,0.24136862038115,1,0.662277523466894,80,0.00661762651782255,9.89489119722764,20.4780562909869,-1.5553723257828,2.76861710260799,0.262596662861751,0.286505439977801,-4.31154770524679,9.89489119722764,3.01935388800064,-1.5553723257828,1.01834795460126,-1.33713602526064,-1.24999775530149,-339.414254406765,13,2,"normal",52
"3413",-2.6067,0.273803483637243,0,0.649807874107979,80,0.00661762651782255,9.89489119722764,20.4780562909869,-1.5553723257828,2.76861710260799,0.262596662861751,0.286505439977801,-4.31154770524679,9.89489119722764,3.01935388800064,-1.5553723257828,1.01834795460126,-1.33713602526064,-1.24999775530149,-339.414254406765,13,2,"normal",53
"3414",11.3342749,0.527647384252563,0,0.532609710303863,80,0.00661762651782255,9.89489119722764,20.4780562909869,-1.5553723257828,2.76861710260799,0.262596662861751,0.286505439977801,-4.31154770524679,9.89489119722764,3.01935388800064,-1.5553723257828,1.01834795460126,-1.33713602526064,-1.24999775530149,-339.414254406765,13,2,"normal",54
"3415",-9.4149,0.177183010507487,0,0.661510265437471,80,0.00661762651782255,9.89489119722764,20.4780562909869,-1.5553723257828,2.76861710260799,0.262596662861751,0.286505439977801,-4.31154770524679,9.89489119722764,3.01935388800064,-1.5553723257828,1.01834795460126,-1.33713602526064,-1.24999775530149,-339.414254406765,13,2,"normal",55
"3416",34.6463,0.881490176503493,1,0.559010384320699,80,0.00661762651782255,9.89489119722764,20.4780562909869,-1.5553723257828,2.76861710260799,0.262596662861751,0.286505439977801,-4.31154770524679,9.89489119722764,3.01935388800064,-1.5553723257828,1.01834795460126,-1.33713602526064,-1.24999775530149,-339.414254406765,13,2,"normal",56
"3417",-13.6605,0.129978378976286,0,0.47973620344087,80,0.00661762651782255,9.89489119722764,20.4780562909869,-1.5553723257828,2.76861710260799,0.262596662861751,0.286505439977801,-4.31154770524679,9.89489119722764,3.01935388800064,-1.5553723257828,1.01834795460126,-1.33713602526064,-1.24999775530149,-339.414254406765,13,2,"normal",57
"3418",-2.8053,0.270644169684457,0,0.775523742714644,80,0.00661762651782255,9.89489119722764,20.4780562909869,-1.5553723257828,2.76861710260799,0.262596662861751,0.286505439977801,-4.31154770524679,9.89489119722764,3.01935388800064,-1.5553723257828,1.01834795460126,-1.33713602526064,-1.24999775530149,-339.414254406765,13,2,"normal",58
"3419",27.9462,0.806859246975332,1,0.549350203411232,80,0.00661762651782255,9.89489119722764,20.4780562909869,-1.5553723257828,2.76861710260799,0.262596662861751,0.286505439977801,-4.31154770524679,9.89489119722764,3.01935388800064,-1.5553723257828,1.01834795460126,-1.33713602526064,-1.24999775530149,-339.414254406765,13,2,"normal",59
"3420",-5.54408,0.229080144570121,0,0.732016293308404,80,0.00661762651782255,9.89489119722764,20.4780562909869,-1.5553723257828,2.76861710260799,0.262596662861751,0.286505439977801,-4.31154770524679,9.89489119722764,3.01935388800064,-1.5553723257828,1.01834795460126,-1.33713602526064,-1.24999775530149,-339.414254406765,13,2,"normal",60
"3421",3.90275,0.38643232561593,0,0.612739165683182,80,0.00661762651782255,9.89489119722764,20.4780562909869,-1.5553723257828,2.76861710260799,0.262596662861751,0.286505439977801,-4.31154770524679,9.89489119722764,3.01935388800064,-1.5553723257828,1.01834795460126,-1.33713602526064,-1.24999775530149,-339.414254406765,13,2,"normal",61
"3422",25.4885,0.773150766789262,1,0.578423646033904,80,0.00661762651782255,9.89489119722764,20.4780562909869,-1.5553723257828,2.76861710260799,0.262596662861751,0.286505439977801,-4.31154770524679,9.89489119722764,3.01935388800064,-1.5553723257828,1.01834795460126,-1.33713602526064,-1.24999775530149,-339.414254406765,13,2,"normal",62
"3423",10.5576,0.51273743257178,0,0.823620803706704,80,0.00661762651782255,9.89489119722764,20.4780562909869,-1.5553723257828,2.76861710260799,0.262596662861751,0.286505439977801,-4.31154770524679,9.89489119722764,3.01935388800064,-1.5553723257828,1.01834795460126,-1.33713602526064,-1.24999775530149,-339.414254406765,13,2,"normal",63
"3424",30.6215,0.839707424865733,0,0.610606414110426,80,0.00661762651782255,9.89489119722764,20.4780562909869,-1.5553723257828,2.76861710260799,0.262596662861751,0.286505439977801,-4.31154770524679,9.89489119722764,3.01935388800064,-1.5553723257828,1.01834795460126,-1.33713602526064,-1.24999775530149,-339.414254406765,13,2,"normal",64
"3425",35.1651,0.886220868731941,1,0.529125074516137,80,0.00661762651782255,9.89489119722764,20.4780562909869,-1.5553723257828,2.76861710260799,0.262596662861751,0.286505439977801,-4.31154770524679,9.89489119722764,3.01935388800064,-1.5553723257828,1.01834795460126,-1.33713602526064,-1.24999775530149,-339.414254406765,13,2,"normal",65
"3426",39.2316,0.918400912378277,1,0.655204538344936,80,0.00661762651782255,9.89489119722764,20.4780562909869,-1.5553723257828,2.76861710260799,0.262596662861751,0.286505439977801,-4.31154770524679,9.89489119722764,3.01935388800064,-1.5553723257828,1.01834795460126,-1.33713602526064,-1.24999775530149,-339.414254406765,13,2,"normal",66
"3427",30.0012,0.832453153769925,1,0.752186521342561,80,0.00661762651782255,9.89489119722764,20.4780562909869,-1.5553723257828,2.76861710260799,0.262596662861751,0.286505439977801,-4.31154770524679,9.89489119722764,3.01935388800064,-1.5553723257828,1.01834795460126,-1.33713602526064,-1.24999775530149,-339.414254406765,13,2,"normal",67
"3428",-2.4094,0.276960694319193,0,0.954666622437169,80,0.00661762651782255,9.89489119722764,20.4780562909869,-1.5553723257828,2.76861710260799,0.262596662861751,0.286505439977801,-4.31154770524679,9.89489119722764,3.01935388800064,-1.5553723257828,1.01834795460126,-1.33713602526064,-1.24999775530149,-339.414254406765,13,2,"normal",68
"3429",-5.9792,0.222835473909276,1,0.591574452616615,80,0.00661762651782255,9.89489119722764,20.4780562909869,-1.5553723257828,2.76861710260799,0.262596662861751,0.286505439977801,-4.31154770524679,9.89489119722764,3.01935388800064,-1.5553723257828,1.01834795460126,-1.33713602526064,-1.24999775530149,-339.414254406765,13,2,"normal",69
"3430",20.12535,0.688783014960538,1,0.642797897421871,80,0.00661762651782255,9.89489119722764,20.4780562909869,-1.5553723257828,2.76861710260799,0.262596662861751,0.286505439977801,-4.31154770524679,9.89489119722764,3.01935388800064,-1.5553723257828,1.01834795460126,-1.33713602526064,-1.24999775530149,-339.414254406765,13,2,"normal",70
"3431",-0.87471,0.302129588605423,0,0.557579945752168,80,0.00661762651782255,9.89489119722764,20.4780562909869,-1.5553723257828,2.76861710260799,0.262596662861751,0.286505439977801,-4.31154770524679,9.89489119722764,3.01935388800064,-1.5553723257828,1.01834795460126,-1.33713602526064,-1.24999775530149,-339.414254406765,13,2,"normal",71
"3432",10.50023,0.511635102865167,0,0.816371982607633,80,0.00661762651782255,9.89489119722764,20.4780562909869,-1.5553723257828,2.76861710260799,0.262596662861751,0.286505439977801,-4.31154770524679,9.89489119722764,3.01935388800064,-1.5553723257828,1.01834795460126,-1.33713602526064,-1.24999775530149,-339.414254406765,13,2,"normal",72
"3433",-8.06572,0.194325284648129,0,0.673800772681185,80,0.00661762651782255,9.89489119722764,20.4780562909869,-1.5553723257828,2.76861710260799,0.262596662861751,0.286505439977801,-4.31154770524679,9.89489119722764,3.01935388800064,-1.5553723257828,1.01834795460126,-1.33713602526064,-1.24999775530149,-339.414254406765,13,2,"normal",73
"3434",20.51291,0.695327878201966,1,0.78650792221364,80,0.00661762651782255,9.89489119722764,20.4780562909869,-1.5553723257828,2.76861710260799,0.262596662861751,0.286505439977801,-4.31154770524679,9.89489119722764,3.01935388800064,-1.5553723257828,1.01834795460126,-1.33713602526064,-1.24999775530149,-339.414254406765,13,2,"normal",74
"3435",21.2131,0.706989059867548,1,0.601064895267075,80,0.00661762651782255,9.89489119722764,20.4780562909869,-1.5553723257828,2.76861710260799,0.262596662861751,0.286505439977801,-4.31154770524679,9.89489119722764,3.01935388800064,-1.5553723257828,1.01834795460126,-1.33713602526064,-1.24999775530149,-339.414254406765,13,2,"normal",75
"3436",20.02432,0.687066597646437,1,0.733625351672485,80,0.00661762651782255,9.89489119722764,20.4780562909869,-1.5553723257828,2.76861710260799,0.262596662861751,0.286505439977801,-4.31154770524679,9.89489119722764,3.01935388800064,-1.5553723257828,1.01834795460126,-1.33713602526064,-1.24999775530149,-339.414254406765,13,2,"normal",76
"3437",20.9122,0.702003972356888,1,0.588111694190751,80,0.00661762651782255,9.89489119722764,20.4780562909869,-1.5553723257828,2.76861710260799,0.262596662861751,0.286505439977801,-4.31154770524679,9.89489119722764,3.01935388800064,-1.5553723257828,1.01834795460126,-1.33713602526064,-1.24999775530149,-339.414254406765,13,2,"normal",77
"3438",4.35577,0.394802425217045,0,0.718757898094813,80,0.00661762651782255,9.89489119722764,20.4780562909869,-1.5553723257828,2.76861710260799,0.262596662861751,0.286505439977801,-4.31154770524679,9.89489119722764,3.01935388800064,-1.5553723257828,1.01834795460126,-1.33713602526064,-1.24999775530149,-339.414254406765,13,2,"normal",78
"3439",29.1917,0.822656944571539,1,0.673889583274259,80,0.00661762651782255,9.89489119722764,20.4780562909869,-1.5553723257828,2.76861710260799,0.262596662861751,0.286505439977801,-4.31154770524679,9.89489119722764,3.01935388800064,-1.5553723257828,1.01834795460126,-1.33713602526064,-1.24999775530149,-339.414254406765,13,2,"normal",79
"3440",1.8206,0.348712684503612,0,0.598522553785391,80,0.00661762651782255,9.89489119722764,20.4780562909869,-1.5553723257828,2.76861710260799,0.262596662861751,0.286505439977801,-4.31154770524679,9.89489119722764,3.01935388800064,-1.5553723257828,1.01834795460126,-1.33713602526064,-1.24999775530149,-339.414254406765,13,2,"normal",80
"3441",8.5696989277,0.282670908769486,1,0.760943288633619,80,0.0021191619017159,18.0754649222868,16.4555600655338,-1.81526084724336,3.82540741929699,0.413707180289126,0.470136800225022,-5.45934008632389,18.0754649222868,2.80066341800774,-1.81526084724336,1.34166497645508,-0.882596849394842,-0.754731562320474,-960.639105510107,14,2,"normal",1
"3442",-6.0091191455,0.0734652430150754,0,0.704383904306985,80,0.0021191619017159,18.0754649222868,16.4555600655338,-1.81526084724336,3.82540741929699,0.413707180289126,0.470136800225022,-5.45934008632389,18.0754649222868,2.80066341800774,-1.81526084724336,1.34166497645508,-0.882596849394842,-0.754731562320474,-960.639105510107,14,2,"normal",2
"3443",1.8750910746,0.163867435264409,0,0.867933057145073,80,0.0021191619017159,18.0754649222868,16.4555600655338,-1.81526084724336,3.82540741929699,0.413707180289126,0.470136800225022,-5.45934008632389,18.0754649222868,2.80066341800774,-1.81526084724336,1.34166497645508,-0.882596849394842,-0.754731562320474,-960.639105510107,14,2,"normal",3
"3444",3.49085414775,0.189050674049227,0,1.13025376212748,80,0.0021191619017159,18.0754649222868,16.4555600655338,-1.81526084724336,3.82540741929699,0.413707180289126,0.470136800225022,-5.45934008632389,18.0754649222868,2.80066341800774,-1.81526084724336,1.34166497645508,-0.882596849394842,-0.754731562320474,-960.639105510107,14,2,"normal",4
"3445",12.8882,0.376818311466001,0,0.976934462815142,80,0.0021191619017159,18.0754649222868,16.4555600655338,-1.81526084724336,3.82540741929699,0.413707180289126,0.470136800225022,-5.45934008632389,18.0754649222868,2.80066341800774,-1.81526084724336,1.34166497645508,-0.882596849394842,-0.754731562320474,-960.639105510107,14,2,"normal",5
"3446",13.4599811643,0.390022080871073,1,0.986520723687949,80,0.0021191619017159,18.0754649222868,16.4555600655338,-1.81526084724336,3.82540741929699,0.413707180289126,0.470136800225022,-5.45934008632389,18.0754649222868,2.80066341800774,-1.81526084724336,1.34166497645508,-0.882596849394842,-0.754731562320474,-960.639105510107,14,2,"normal",6
"3447",-6.41678,0.0701539864595209,0,0.718393541379297,80,0.0021191619017159,18.0754649222868,16.4555600655338,-1.81526084724336,3.82540741929699,0.413707180289126,0.470136800225022,-5.45934008632389,18.0754649222868,2.80066341800774,-1.81526084724336,1.34166497645508,-0.882596849394842,-0.754731562320474,-960.639105510107,14,2,"normal",7
"3448",-1.08342,0.123756640943954,1,0.754344702676386,80,0.0021191619017159,18.0754649222868,16.4555600655338,-1.81526084724336,3.82540741929699,0.413707180289126,0.470136800225022,-5.45934008632389,18.0754649222868,2.80066341800774,-1.81526084724336,1.34166497645508,-0.882596849394842,-0.754731562320474,-960.639105510107,14,2,"normal",8
"3449",3.1001,0.182748688398295,0,0.741141597887714,80,0.0021191619017159,18.0754649222868,16.4555600655338,-1.81526084724336,3.82540741929699,0.413707180289126,0.470136800225022,-5.45934008632389,18.0754649222868,2.80066341800774,-1.81526084724336,1.34166497645508,-0.882596849394842,-0.754731562320474,-960.639105510107,14,2,"normal",9
"3450",11.03092425217,0.334993357954663,0,0.744178977940883,80,0.0021191619017159,18.0754649222868,16.4555600655338,-1.81526084724336,3.82540741929699,0.413707180289126,0.470136800225022,-5.45934008632389,18.0754649222868,2.80066341800774,-1.81526084724336,1.34166497645508,-0.882596849394842,-0.754731562320474,-960.639105510107,14,2,"normal",10
"3451",-6.08667,0.0728259858898145,0,0.615623501373663,80,0.0021191619017159,18.0754649222868,16.4555600655338,-1.81526084724336,3.82540741929699,0.413707180289126,0.470136800225022,-5.45934008632389,18.0754649222868,2.80066341800774,-1.81526084724336,1.34166497645508,-0.882596849394842,-0.754731562320474,-960.639105510107,14,2,"normal",11
"3452",19.07008,0.523996255308255,0,0.869836692043139,80,0.0021191619017159,18.0754649222868,16.4555600655338,-1.81526084724336,3.82540741929699,0.413707180289126,0.470136800225022,-5.45934008632389,18.0754649222868,2.80066341800774,-1.81526084724336,1.34166497645508,-0.882596849394842,-0.754731562320474,-960.639105510107,14,2,"normal",12
"3453",7.86895,0.26853273693117,0,0.870927649150723,80,0.0021191619017159,18.0754649222868,16.4555600655338,-1.81526084724336,3.82540741929699,0.413707180289126,0.470136800225022,-5.45934008632389,18.0754649222868,2.80066341800774,-1.81526084724336,1.34166497645508,-0.882596849394842,-0.754731562320474,-960.639105510107,14,2,"normal",13
"3454",20.790925562,0.56525726313312,1,0.92386931982961,80,0.0021191619017159,18.0754649222868,16.4555600655338,-1.81526084724336,3.82540741929699,0.413707180289126,0.470136800225022,-5.45934008632389,18.0754649222868,2.80066341800774,-1.81526084724336,1.34166497645508,-0.882596849394842,-0.754731562320474,-960.639105510107,14,2,"normal",14
"3455",-13.60756,0.0290959455516905,0,0.571879338365406,80,0.0021191619017159,18.0754649222868,16.4555600655338,-1.81526084724336,3.82540741929699,0.413707180289126,0.470136800225022,-5.45934008632389,18.0754649222868,2.80066341800774,-1.81526084724336,1.34166497645508,-0.882596849394842,-0.754731562320474,-960.639105510107,14,2,"normal",15
"3456",-4.5577,0.0862629834002729,0,0.700963466304957,80,0.0021191619017159,18.0754649222868,16.4555600655338,-1.81526084724336,3.82540741929699,0.413707180289126,0.470136800225022,-5.45934008632389,18.0754649222868,2.80066341800774,-1.81526084724336,1.34166497645508,-0.882596849394842,-0.754731562320474,-960.639105510107,14,2,"normal",16
"3457",17.889930853,0.495521142202278,0,1.03326242304552,80,0.0021191619017159,18.0754649222868,16.4555600655338,-1.81526084724336,3.82540741929699,0.413707180289126,0.470136800225022,-5.45934008632389,18.0754649222868,2.80066341800774,-1.81526084724336,1.34166497645508,-0.882596849394842,-0.754731562320474,-960.639105510107,14,2,"normal",17
"3458",48.7465,0.966843009222512,1,0.602258032324379,80,0.0021191619017159,18.0754649222868,16.4555600655338,-1.81526084724336,3.82540741929699,0.413707180289126,0.470136800225022,-5.45934008632389,18.0754649222868,2.80066341800774,-1.81526084724336,1.34166497645508,-0.882596849394842,-0.754731562320474,-960.639105510107,14,2,"normal",18
"3459",18.14454,0.50166752714403,0,0.904218731873178,80,0.0021191619017159,18.0754649222868,16.4555600655338,-1.81526084724336,3.82540741929699,0.413707180289126,0.470136800225022,-5.45934008632389,18.0754649222868,2.80066341800774,-1.81526084724336,1.34166497645508,-0.882596849394842,-0.754731562320474,-960.639105510107,14,2,"normal",19
"3460",28.7812,0.741315558056692,1,0.991709109647948,80,0.0021191619017159,18.0754649222868,16.4555600655338,-1.81526084724336,3.82540741929699,0.413707180289126,0.470136800225022,-5.45934008632389,18.0754649222868,2.80066341800774,-1.81526084724336,1.34166497645508,-0.882596849394842,-0.754731562320474,-960.639105510107,14,2,"normal",20
"3461",1.1359,0.153119307917068,0,0.870286680151402,80,0.0021191619017159,18.0754649222868,16.4555600655338,-1.81526084724336,3.82540741929699,0.413707180289126,0.470136800225022,-5.45934008632389,18.0754649222868,2.80066341800774,-1.81526084724336,1.34166497645508,-0.882596849394842,-0.754731562320474,-960.639105510107,14,2,"normal",21
"3462",23.70636,0.633327798212003,1,0.994922352206437,80,0.0021191619017159,18.0754649222868,16.4555600655338,-1.81526084724336,3.82540741929699,0.413707180289126,0.470136800225022,-5.45934008632389,18.0754649222868,2.80066341800774,-1.81526084724336,1.34166497645508,-0.882596849394842,-0.754731562320474,-960.639105510107,14,2,"normal",22
"3463",-2.2397,0.110158848389625,1,0.805919115104606,80,0.0021191619017159,18.0754649222868,16.4555600655338,-1.81526084724336,3.82540741929699,0.413707180289126,0.470136800225022,-5.45934008632389,18.0754649222868,2.80066341800774,-1.81526084724336,1.34166497645508,-0.882596849394842,-0.754731562320474,-960.639105510107,14,2,"normal",23
"3464",1.5541,0.159140383867579,0,0.831531998215577,80,0.0021191619017159,18.0754649222868,16.4555600655338,-1.81526084724336,3.82540741929699,0.413707180289126,0.470136800225022,-5.45934008632389,18.0754649222868,2.80066341800774,-1.81526084724336,1.34166497645508,-0.882596849394842,-0.754731562320474,-960.639105510107,14,2,"normal",24
"3465",26.81985,0.701569142202812,1,0.743991814478762,80,0.0021191619017159,18.0754649222868,16.4555600655338,-1.81526084724336,3.82540741929699,0.413707180289126,0.470136800225022,-5.45934008632389,18.0754649222868,2.80066341800774,-1.81526084724336,1.34166497645508,-0.882596849394842,-0.754731562320474,-960.639105510107,14,2,"normal",25
"3466",31.2124,0.786440730089734,1,0.747976578313908,80,0.0021191619017159,18.0754649222868,16.4555600655338,-1.81526084724336,3.82540741929699,0.413707180289126,0.470136800225022,-5.45934008632389,18.0754649222868,2.80066341800774,-1.81526084724336,1.34166497645508,-0.882596849394842,-0.754731562320474,-960.639105510107,14,2,"normal",26
"3467",17.0641100974,0.475600382702282,0,0.908502580913305,80,0.0021191619017159,18.0754649222868,16.4555600655338,-1.81526084724336,3.82540741929699,0.413707180289126,0.470136800225022,-5.45934008632389,18.0754649222868,2.80066341800774,-1.81526084724336,1.34166497645508,-0.882596849394842,-0.754731562320474,-960.639105510107,14,2,"normal",27
"3468",20.96244,0.569338192592655,0,0.994824078715794,80,0.0021191619017159,18.0754649222868,16.4555600655338,-1.81526084724336,3.82540741929699,0.413707180289126,0.470136800225022,-5.45934008632389,18.0754649222868,2.80066341800774,-1.81526084724336,1.34166497645508,-0.882596849394842,-0.754731562320474,-960.639105510107,14,2,"normal",28
"3469",21.4287737,0.580394973742184,0,0.834174363293885,80,0.0021191619017159,18.0754649222868,16.4555600655338,-1.81526084724336,3.82540741929699,0.413707180289126,0.470136800225022,-5.45934008632389,18.0754649222868,2.80066341800774,-1.81526084724336,1.34166497645508,-0.882596849394842,-0.754731562320474,-960.639105510107,14,2,"normal",29
"3470",21.48577,0.58174216126516,0,0.656078633929493,80,0.0021191619017159,18.0754649222868,16.4555600655338,-1.81526084724336,3.82540741929699,0.413707180289126,0.470136800225022,-5.45934008632389,18.0754649222868,2.80066341800774,-1.81526084724336,1.34166497645508,-0.882596849394842,-0.754731562320474,-960.639105510107,14,2,"normal",30
"3471",19.48074,0.53388336482771,0,0.831686604907746,80,0.0021191619017159,18.0754649222868,16.4555600655338,-1.81526084724336,3.82540741929699,0.413707180289126,0.470136800225022,-5.45934008632389,18.0754649222868,2.80066341800774,-1.81526084724336,1.34166497645508,-0.882596849394842,-0.754731562320474,-960.639105510107,14,2,"normal",31
"3472",16.33333,0.45802178989663,0,1.10380432612231,80,0.0021191619017159,18.0754649222868,16.4555600655338,-1.81526084724336,3.82540741929699,0.413707180289126,0.470136800225022,-5.45934008632389,18.0754649222868,2.80066341800774,-1.81526084724336,1.34166497645508,-0.882596849394842,-0.754731562320474,-960.639105510107,14,2,"normal",32
"3473",18.64198,0.513673462260977,0,0.906027770158661,80,0.0021191619017159,18.0754649222868,16.4555600655338,-1.81526084724336,3.82540741929699,0.413707180289126,0.470136800225022,-5.45934008632389,18.0754649222868,2.80066341800774,-1.81526084724336,1.34166497645508,-0.882596849394842,-0.754731562320474,-960.639105510107,14,2,"normal",33
"3474",21.1655,0.574160029077106,0,0.836980882154674,80,0.0021191619017159,18.0754649222868,16.4555600655338,-1.81526084724336,3.82540741929699,0.413707180289126,0.470136800225022,-5.45934008632389,18.0754649222868,2.80066341800774,-1.81526084724336,1.34166497645508,-0.882596849394842,-0.754731562320474,-960.639105510107,14,2,"normal",34
"3475",31.51427,0.791700640076554,1,0.930085798510383,80,0.0021191619017159,18.0754649222868,16.4555600655338,-1.81526084724336,3.82540741929699,0.413707180289126,0.470136800225022,-5.45934008632389,18.0754649222868,2.80066341800774,-1.81526084724336,1.34166497645508,-0.882596849394842,-0.754731562320474,-960.639105510107,14,2,"normal",35
"3476",14.64723,0.41783424085198,0,0.832068882405835,80,0.0021191619017159,18.0754649222868,16.4555600655338,-1.81526084724336,3.82540741929699,0.413707180289126,0.470136800225022,-5.45934008632389,18.0754649222868,2.80066341800774,-1.81526084724336,1.34166497645508,-0.882596849394842,-0.754731562320474,-960.639105510107,14,2,"normal",36
"3477",25.46372,0.672543377285879,0,0.745920580471781,80,0.0021191619017159,18.0754649222868,16.4555600655338,-1.81526084724336,3.82540741929699,0.413707180289126,0.470136800225022,-5.45934008632389,18.0754649222868,2.80066341800774,-1.81526084724336,1.34166497645508,-0.882596849394842,-0.754731562320474,-960.639105510107,14,2,"normal",37
"3478",32.49642,0.808270059348733,1,0.954153052528851,80,0.0021191619017159,18.0754649222868,16.4555600655338,-1.81526084724336,3.82540741929699,0.413707180289126,0.470136800225022,-5.45934008632389,18.0754649222868,2.80066341800774,-1.81526084724336,1.34166497645508,-0.882596849394842,-0.754731562320474,-960.639105510107,14,2,"normal",38
"3479",27.97893,0.725397286226641,1,0.941245536425578,80,0.0021191619017159,18.0754649222868,16.4555600655338,-1.81526084724336,3.82540741929699,0.413707180289126,0.470136800225022,-5.45934008632389,18.0754649222868,2.80066341800774,-1.81526084724336,1.34166497645508,-0.882596849394842,-0.754731562320474,-960.639105510107,14,2,"normal",39
"3480",26.75441,0.700195935299703,0,0.732536351300624,80,0.0021191619017159,18.0754649222868,16.4555600655338,-1.81526084724336,3.82540741929699,0.413707180289126,0.470136800225022,-5.45934008632389,18.0754649222868,2.80066341800774,-1.81526084724336,1.34166497645508,-0.882596849394842,-0.754731562320474,-960.639105510107,14,2,"normal",40
"3481",19.73148,0.539910257713311,0,1.193079386189,80,0.0021191619017159,18.0754649222868,16.4555600655338,-1.81526084724336,3.82540741929699,0.413707180289126,0.470136800225022,-5.45934008632389,18.0754649222868,2.80066341800774,-1.81526084724336,1.34166497645508,-0.882596849394842,-0.754731562320474,-960.639105510107,14,2,"normal",41
"3482",28.34214,0.732664087681414,1,1.117216841722,80,0.0021191619017159,18.0754649222868,16.4555600655338,-1.81526084724336,3.82540741929699,0.413707180289126,0.470136800225022,-5.45934008632389,18.0754649222868,2.80066341800774,-1.81526084724336,1.34166497645508,-0.882596849394842,-0.754731562320474,-960.639105510107,14,2,"normal",42
"3483",27.10789,0.707578766181069,1,0.972140960603079,80,0.0021191619017159,18.0754649222868,16.4555600655338,-1.81526084724336,3.82540741929699,0.413707180289126,0.470136800225022,-5.45934008632389,18.0754649222868,2.80066341800774,-1.81526084724336,1.34166497645508,-0.882596849394842,-0.754731562320474,-960.639105510107,14,2,"normal",43
"3484",21.19336,0.574820734279309,1,0.813905944663117,80,0.0021191619017159,18.0754649222868,16.4555600655338,-1.81526084724336,3.82540741929699,0.413707180289126,0.470136800225022,-5.45934008632389,18.0754649222868,2.80066341800774,-1.81526084724336,1.34166497645508,-0.882596849394842,-0.754731562320474,-960.639105510107,14,2,"normal",44
"3485",24.63888,0.65434376405621,1,0.839459409770811,80,0.0021191619017159,18.0754649222868,16.4555600655338,-1.81526084724336,3.82540741929699,0.413707180289126,0.470136800225022,-5.45934008632389,18.0754649222868,2.80066341800774,-1.81526084724336,1.34166497645508,-0.882596849394842,-0.754731562320474,-960.639105510107,14,2,"normal",45
"3486",26.10516,0.686418309512656,1,0.742349030775655,80,0.0021191619017159,18.0754649222868,16.4555600655338,-1.81526084724336,3.82540741929699,0.413707180289126,0.470136800225022,-5.45934008632389,18.0754649222868,2.80066341800774,-1.81526084724336,1.34166497645508,-0.882596849394842,-0.754731562320474,-960.639105510107,14,2,"normal",46
"3487",24.10044,0.642262728713846,0,0.853609029711598,80,0.0021191619017159,18.0754649222868,16.4555600655338,-1.81526084724336,3.82540741929699,0.413707180289126,0.470136800225022,-5.45934008632389,18.0754649222868,2.80066341800774,-1.81526084724336,1.34166497645508,-0.882596849394842,-0.754731562320474,-960.639105510107,14,2,"normal",47
"3488",28.39906,0.733793942452247,1,0.931700287813013,80,0.0021191619017159,18.0754649222868,16.4555600655338,-1.81526084724336,3.82540741929699,0.413707180289126,0.470136800225022,-5.45934008632389,18.0754649222868,2.80066341800774,-1.81526084724336,1.34166497645508,-0.882596849394842,-0.754731562320474,-960.639105510107,14,2,"normal",48
"3489",20.40929,0.556152243896506,1,0.915049720507257,80,0.0021191619017159,18.0754649222868,16.4555600655338,-1.81526084724336,3.82540741929699,0.413707180289126,0.470136800225022,-5.45934008632389,18.0754649222868,2.80066341800774,-1.81526084724336,1.34166497645508,-0.882596849394842,-0.754731562320474,-960.639105510107,14,2,"normal",49
"3490",21.02368,0.570793522802322,0,1.19592818008679,80,0.0021191619017159,18.0754649222868,16.4555600655338,-1.81526084724336,3.82540741929699,0.413707180289126,0.470136800225022,-5.45934008632389,18.0754649222868,2.80066341800774,-1.81526084724336,1.34166497645508,-0.882596849394842,-0.754731562320474,-960.639105510107,14,2,"normal",50
"3491",16.9002,0.471652191517098,0,0.752824046462819,80,0.0021191619017159,18.0754649222868,16.4555600655338,-1.81526084724336,3.82540741929699,0.413707180289126,0.470136800225022,-5.45934008632389,18.0754649222868,2.80066341800774,-1.81526084724336,1.34166497645508,-0.882596849394842,-0.754731562320474,-960.639105510107,14,2,"normal",51
"3492",20.09448,0.548618752482625,0,0.82118334960945,80,0.0021191619017159,18.0754649222868,16.4555600655338,-1.81526084724336,3.82540741929699,0.413707180289126,0.470136800225022,-5.45934008632389,18.0754649222868,2.80066341800774,-1.81526084724336,1.34166497645508,-0.882596849394842,-0.754731562320474,-960.639105510107,14,2,"normal",52
"3493",23.13967,0.62035160416912,0,0.765857164246331,80,0.0021191619017159,18.0754649222868,16.4555600655338,-1.81526084724336,3.82540741929699,0.413707180289126,0.470136800225022,-5.45934008632389,18.0754649222868,2.80066341800774,-1.81526084724336,1.34166497645508,-0.882596849394842,-0.754731562320474,-960.639105510107,14,2,"normal",53
"3494",18.04076,0.499162193819931,1,1.21993449130739,80,0.0021191619017159,18.0754649222868,16.4555600655338,-1.81526084724336,3.82540741929699,0.413707180289126,0.470136800225022,-5.45934008632389,18.0754649222868,2.80066341800774,-1.81526084724336,1.34166497645508,-0.882596849394842,-0.754731562320474,-960.639105510107,14,2,"normal",54
"3495",19.63122,0.537501396353924,0,0.800954402959289,80,0.0021191619017159,18.0754649222868,16.4555600655338,-1.81526084724336,3.82540741929699,0.413707180289126,0.470136800225022,-5.45934008632389,18.0754649222868,2.80066341800774,-1.81526084724336,1.34166497645508,-0.882596849394842,-0.754731562320474,-960.639105510107,14,2,"normal",55
"3496",22.51386,0.605861611191299,0,1.12754373621144,80,0.0021191619017159,18.0754649222868,16.4555600655338,-1.81526084724336,3.82540741929699,0.413707180289126,0.470136800225022,-5.45934008632389,18.0754649222868,2.80066341800774,-1.81526084724336,1.34166497645508,-0.882596849394842,-0.754731562320474,-960.639105510107,14,2,"normal",56
"3497",26.21945,0.688863526910799,1,0.826122008944375,80,0.0021191619017159,18.0754649222868,16.4555600655338,-1.81526084724336,3.82540741929699,0.413707180289126,0.470136800225022,-5.45934008632389,18.0754649222868,2.80066341800774,-1.81526084724336,1.34166497645508,-0.882596849394842,-0.754731562320474,-960.639105510107,14,2,"normal",57
"3498",30.78586,0.778876391292056,0,0.617028875072572,80,0.0021191619017159,18.0754649222868,16.4555600655338,-1.81526084724336,3.82540741929699,0.413707180289126,0.470136800225022,-5.45934008632389,18.0754649222868,2.80066341800774,-1.81526084724336,1.34166497645508,-0.882596849394842,-0.754731562320474,-960.639105510107,14,2,"normal",58
"3499",23.95205,0.638907216077047,1,0.715111090779838,80,0.0021191619017159,18.0754649222868,16.4555600655338,-1.81526084724336,3.82540741929699,0.413707180289126,0.470136800225022,-5.45934008632389,18.0754649222868,2.80066341800774,-1.81526084724336,1.34166497645508,-0.882596849394842,-0.754731562320474,-960.639105510107,14,2,"normal",59
"3500",21.6859,0.586464755960049,0,0.910178931228411,80,0.0021191619017159,18.0754649222868,16.4555600655338,-1.81526084724336,3.82540741929699,0.413707180289126,0.470136800225022,-5.45934008632389,18.0754649222868,2.80066341800774,-1.81526084724336,1.34166497645508,-0.882596849394842,-0.754731562320474,-960.639105510107,14,2,"normal",60
"3501",21.53977,0.583017635487853,1,1.29109119334689,80,0.0021191619017159,18.0754649222868,16.4555600655338,-1.81526084724336,3.82540741929699,0.413707180289126,0.470136800225022,-5.45934008632389,18.0754649222868,2.80066341800774,-1.81526084724336,1.34166497645508,-0.882596849394842,-0.754731562320474,-960.639105510107,14,2,"normal",61
"3502",25.47631,0.672818122574905,1,1.03044135250634,80,0.0021191619017159,18.0754649222868,16.4555600655338,-1.81526084724336,3.82540741929699,0.413707180289126,0.470136800225022,-5.45934008632389,18.0754649222868,2.80066341800774,-1.81526084724336,1.34166497645508,-0.882596849394842,-0.754731562320474,-960.639105510107,14,2,"normal",62
"3503",23.25305,0.622959314693514,1,0.825067193764997,80,0.0021191619017159,18.0754649222868,16.4555600655338,-1.81526084724336,3.82540741929699,0.413707180289126,0.470136800225022,-5.45934008632389,18.0754649222868,2.80066341800774,-1.81526084724336,1.34166497645508,-0.882596849394842,-0.754731562320474,-960.639105510107,14,2,"normal",63
"3504",24.76513,0.657154178257076,0,0.878925356080477,80,0.0021191619017159,18.0754649222868,16.4555600655338,-1.81526084724336,3.82540741929699,0.413707180289126,0.470136800225022,-5.45934008632389,18.0754649222868,2.80066341800774,-1.81526084724336,1.34166497645508,-0.882596849394842,-0.754731562320474,-960.639105510107,14,2,"normal",64
"3505",30.83651,0.77978267157365,0,0.741265166097566,80,0.0021191619017159,18.0754649222868,16.4555600655338,-1.81526084724336,3.82540741929699,0.413707180289126,0.470136800225022,-5.45934008632389,18.0754649222868,2.80066341800774,-1.81526084724336,1.34166497645508,-0.882596849394842,-0.754731562320474,-960.639105510107,14,2,"normal",65
"3506",26.14644,0.687302451280159,0,0.818964421598707,80,0.0021191619017159,18.0754649222868,16.4555600655338,-1.81526084724336,3.82540741929699,0.413707180289126,0.470136800225022,-5.45934008632389,18.0754649222868,2.80066341800774,-1.81526084724336,1.34166497645508,-0.882596849394842,-0.754731562320474,-960.639105510107,14,2,"normal",66
"3507",25.00752,0.662525301414749,0,0.955492621740639,80,0.0021191619017159,18.0754649222868,16.4555600655338,-1.81526084724336,3.82540741929699,0.413707180289126,0.470136800225022,-5.45934008632389,18.0754649222868,2.80066341800774,-1.81526084724336,1.34166497645508,-0.882596849394842,-0.754731562320474,-960.639105510107,14,2,"normal",67
"3508",14.76278,0.42056580958158,0,0.658869845353063,80,0.0021191619017159,18.0754649222868,16.4555600655338,-1.81526084724336,3.82540741929699,0.413707180289126,0.470136800225022,-5.45934008632389,18.0754649222868,2.80066341800774,-1.81526084724336,1.34166497645508,-0.882596849394842,-0.754731562320474,-960.639105510107,14,2,"normal",68
"3509",19.5703,0.536037039999972,1,0.754662039503095,80,0.0021191619017159,18.0754649222868,16.4555600655338,-1.81526084724336,3.82540741929699,0.413707180289126,0.470136800225022,-5.45934008632389,18.0754649222868,2.80066341800774,-1.81526084724336,1.34166497645508,-0.882596849394842,-0.754731562320474,-960.639105510107,14,2,"normal",69
"3510",34.03448,0.832517841825258,1,0.657067773086862,80,0.0021191619017159,18.0754649222868,16.4555600655338,-1.81526084724336,3.82540741929699,0.413707180289126,0.470136800225022,-5.45934008632389,18.0754649222868,2.80066341800774,-1.81526084724336,1.34166497645508,-0.882596849394842,-0.754731562320474,-960.639105510107,14,2,"normal",70
"3511",9.2499,0.296731392917244,0,1.10619873998843,80,0.0021191619017159,18.0754649222868,16.4555600655338,-1.81526084724336,3.82540741929699,0.413707180289126,0.470136800225022,-5.45934008632389,18.0754649222868,2.80066341800774,-1.81526084724336,1.34166497645508,-0.882596849394842,-0.754731562320474,-960.639105510107,14,2,"normal",71
"3512",20.6636,0.562223174582242,1,1.02665776533564,80,0.0021191619017159,18.0754649222868,16.4555600655338,-1.81526084724336,3.82540741929699,0.413707180289126,0.470136800225022,-5.45934008632389,18.0754649222868,2.80066341800774,-1.81526084724336,1.34166497645508,-0.882596849394842,-0.754731562320474,-960.639105510107,14,2,"normal",72
"3513",45.396,0.949655189044207,1,0.63752082763859,80,0.0021191619017159,18.0754649222868,16.4555600655338,-1.81526084724336,3.82540741929699,0.413707180289126,0.470136800225022,-5.45934008632389,18.0754649222868,2.80066341800774,-1.81526084724336,1.34166497645508,-0.882596849394842,-0.754731562320474,-960.639105510107,14,2,"normal",73
"3514",15.45121,0.436915729012869,1,0.917836539661171,80,0.0021191619017159,18.0754649222868,16.4555600655338,-1.81526084724336,3.82540741929699,0.413707180289126,0.470136800225022,-5.45934008632389,18.0754649222868,2.80066341800774,-1.81526084724336,1.34166497645508,-0.882596849394842,-0.754731562320474,-960.639105510107,14,2,"normal",74
"3515",28.30153,0.731856491845879,1,0.778284908611267,80,0.0021191619017159,18.0754649222868,16.4555600655338,-1.81526084724336,3.82540741929699,0.413707180289126,0.470136800225022,-5.45934008632389,18.0754649222868,2.80066341800774,-1.81526084724336,1.34166497645508,-0.882596849394842,-0.754731562320474,-960.639105510107,14,2,"normal",75
"3516",29.83517,0.76146952013161,1,0.676122554966118,80,0.0021191619017159,18.0754649222868,16.4555600655338,-1.81526084724336,3.82540741929699,0.413707180289126,0.470136800225022,-5.45934008632389,18.0754649222868,2.80066341800774,-1.81526084724336,1.34166497645508,-0.882596849394842,-0.754731562320474,-960.639105510107,14,2,"normal",76
"3517",29.84329,0.761621342137027,0,0.686985292973795,80,0.0021191619017159,18.0754649222868,16.4555600655338,-1.81526084724336,3.82540741929699,0.413707180289126,0.470136800225022,-5.45934008632389,18.0754649222868,2.80066341800774,-1.81526084724336,1.34166497645508,-0.882596849394842,-0.754731562320474,-960.639105510107,14,2,"normal",77
"3518",31.85933,0.797617280107499,1,0.739492977393734,80,0.0021191619017159,18.0754649222868,16.4555600655338,-1.81526084724336,3.82540741929699,0.413707180289126,0.470136800225022,-5.45934008632389,18.0754649222868,2.80066341800774,-1.81526084724336,1.34166497645508,-0.882596849394842,-0.754731562320474,-960.639105510107,14,2,"normal",78
"3519",21.91682,0.59189824176784,0,0.954364402455549,80,0.0021191619017159,18.0754649222868,16.4555600655338,-1.81526084724336,3.82540741929699,0.413707180289126,0.470136800225022,-5.45934008632389,18.0754649222868,2.80066341800774,-1.81526084724336,1.34166497645508,-0.882596849394842,-0.754731562320474,-960.639105510107,14,2,"normal",79
"3520",30.69678,0.777277252024579,1,0.655522814722677,80,0.0021191619017159,18.0754649222868,16.4555600655338,-1.81526084724336,3.82540741929699,0.413707180289126,0.470136800225022,-5.45934008632389,18.0754649222868,2.80066341800774,-1.81526084724336,1.34166497645508,-0.882596849394842,-0.754731562320474,-960.639105510107,14,2,"normal",80
"3521",9.0519191194,0.716593485465995,1,0.508146135923795,80,0.000588015297812212,-13.8692490530768,39.9668327477253,-2.15855353391724,3.3411785212344,0.319216280346738,0.225331825951054,-6.74443369049444,-13.8692490530768,3.6880499288461,-2.15855353391724,1.20632359542043,-1.14188641111459,-1.49018118119598,606.786195516347,15,2,"normal",1
"3522",-6.57266708592,0.572345509612386,0,0.477416571469672,80,0.000588015297812212,-13.8692490530768,39.9668327477253,-2.15855353391724,3.3411785212344,0.319216280346738,0.225331825951054,-6.74443369049444,-13.8692490530768,3.6880499288461,-2.15855353391724,1.20632359542043,-1.14188641111459,-1.49018118119598,606.786195516347,15,2,"normal",2
"3523",0.43267797989,0.639605930071576,0,0.368966890135185,80,0.000588015297812212,-13.8692490530768,39.9668327477253,-2.15855353391724,3.3411785212344,0.319216280346738,0.225331825951054,-6.74443369049444,-13.8692490530768,3.6880499288461,-2.15855353391724,1.20632359542043,-1.14188641111459,-1.49018118119598,606.786195516347,15,2,"normal",3
"3524",4.5915345975,0.677715167961752,1,0.432670056942122,80,0.000588015297812212,-13.8692490530768,39.9668327477253,-2.15855353391724,3.3411785212344,0.319216280346738,0.225331825951054,-6.74443369049444,-13.8692490530768,3.6880499288461,-2.15855353391724,1.20632359542043,-1.14188641111459,-1.49018118119598,606.786195516347,15,2,"normal",4
"3525",-30.09962,0.342521449667905,1,0.455312723314347,80,0.000588015297812212,-13.8692490530768,39.9668327477253,-2.15855353391724,3.3411785212344,0.319216280346738,0.225331825951054,-6.74443369049444,-13.8692490530768,3.6880499288461,-2.15855353391724,1.20632359542043,-1.14188641111459,-1.49018118119598,606.786195516347,15,2,"normal",5
"3526",-0.4630274267,0.631196543112073,0,0.509290377081512,80,0.000588015297812212,-13.8692490530768,39.9668327477253,-2.15855353391724,3.3411785212344,0.319216280346738,0.225331825951054,-6.74443369049444,-13.8692490530768,3.6880499288461,-2.15855353391724,1.20632359542043,-1.14188641111459,-1.49018118119598,606.786195516347,15,2,"normal",6
"3527",26.48956,0.843302037398829,0,0.400303708042284,80,0.000588015297812212,-13.8692490530768,39.9668327477253,-2.15855353391724,3.3411785212344,0.319216280346738,0.225331825951054,-6.74443369049444,-13.8692490530768,3.6880499288461,-2.15855353391724,1.20632359542043,-1.14188641111459,-1.49018118119598,606.786195516347,15,2,"normal",7
"3528",13.71542,0.754662492235157,1,0.438814160384277,80,0.000588015297812212,-13.8692490530768,39.9668327477253,-2.15855353391724,3.3411785212344,0.319216280346738,0.225331825951054,-6.74443369049444,-13.8692490530768,3.6880499288461,-2.15855353391724,1.20632359542043,-1.14188641111459,-1.49018118119598,606.786195516347,15,2,"normal",8
"3529",1.8655248212,0.652917128810998,1,0.672435393314225,80,0.000588015297812212,-13.8692490530768,39.9668327477253,-2.15855353391724,3.3411785212344,0.319216280346738,0.225331825951054,-6.74443369049444,-13.8692490530768,3.6880499288461,-2.15855353391724,1.20632359542043,-1.14188641111459,-1.49018118119598,606.786195516347,15,2,"normal",9
"3530",0.2802767922,0.638179742733432,0,0.438516297135422,80,0.000588015297812212,-13.8692490530768,39.9668327477253,-2.15855353391724,3.3411785212344,0.319216280346738,0.225331825951054,-6.74443369049444,-13.8692490530768,3.6880499288461,-2.15855353391724,1.20632359542043,-1.14188641111459,-1.49018118119598,606.786195516347,15,2,"normal",10
"3531",1.3251293065,0.647917967285518,1,0.411043714965939,80,0.000588015297812212,-13.8692490530768,39.9668327477253,-2.15855353391724,3.3411785212344,0.319216280346738,0.225331825951054,-6.74443369049444,-13.8692490530768,3.6880499288461,-2.15855353391724,1.20632359542043,-1.14188641111459,-1.49018118119598,606.786195516347,15,2,"normal",11
"3532",-30.4492,0.339317699523617,0,0.583345863212083,80,0.000588015297812212,-13.8692490530768,39.9668327477253,-2.15855353391724,3.3411785212344,0.319216280346738,0.225331825951054,-6.74443369049444,-13.8692490530768,3.6880499288461,-2.15855353391724,1.20632359542043,-1.14188641111459,-1.49018118119598,606.786195516347,15,2,"normal",12
"3533",0.1136865565,0.636618569292141,0,0.514614622071982,80,0.000588015297812212,-13.8692490530768,39.9668327477253,-2.15855353391724,3.3411785212344,0.319216280346738,0.225331825951054,-6.74443369049444,-13.8692490530768,3.6880499288461,-2.15855353391724,1.20632359542043,-1.14188641111459,-1.49018118119598,606.786195516347,15,2,"normal",13
"3534",4.053065,0.672874891930993,1,0.480898522658391,80,0.000588015297812212,-13.8692490530768,39.9668327477253,-2.15855353391724,3.3411785212344,0.319216280346738,0.225331825951054,-6.74443369049444,-13.8692490530768,3.6880499288461,-2.15855353391724,1.20632359542043,-1.14188641111459,-1.49018118119598,606.786195516347,15,2,"normal",14
"3535",0.18052,0.637245163098017,1,0.406311047109494,80,0.000588015297812212,-13.8692490530768,39.9668327477253,-2.15855353391724,3.3411785212344,0.319216280346738,0.225331825951054,-6.74443369049444,-13.8692490530768,3.6880499288461,-2.15855353391724,1.20632359542043,-1.14188641111459,-1.49018118119598,606.786195516347,15,2,"normal",15
"3536",0.894938,0.643919840936819,0,0.498623140836154,80,0.000588015297812212,-13.8692490530768,39.9668327477253,-2.15855353391724,3.3411785212344,0.319216280346738,0.225331825951054,-6.74443369049444,-13.8692490530768,3.6880499288461,-2.15855353391724,1.20632359542043,-1.14188641111459,-1.49018118119598,606.786195516347,15,2,"normal",16
"3537",7.459,0.702968723786914,0,0.473932260522673,80,0.000588015297812212,-13.8692490530768,39.9668327477253,-2.15855353391724,3.3411785212344,0.319216280346738,0.225331825951054,-6.74443369049444,-13.8692490530768,3.6880499288461,-2.15855353391724,1.20632359542043,-1.14188641111459,-1.49018118119598,606.786195516347,15,2,"normal",17
"3538",24.8679,0.833392832688164,1,0.384724338416552,80,0.000588015297812212,-13.8692490530768,39.9668327477253,-2.15855353391724,3.3411785212344,0.319216280346738,0.225331825951054,-6.74443369049444,-13.8692490530768,3.6880499288461,-2.15855353391724,1.20632359542043,-1.14188641111459,-1.49018118119598,606.786195516347,15,2,"normal",18
"3539",2.0749726934,0.654847622037656,0,0.639247322409897,80,0.000588015297812212,-13.8692490530768,39.9668327477253,-2.15855353391724,3.3411785212344,0.319216280346738,0.225331825951054,-6.74443369049444,-13.8692490530768,3.6880499288461,-2.15855353391724,1.20632359542043,-1.14188641111459,-1.49018118119598,606.786195516347,15,2,"normal",19
"3540",-41.5579,0.244521252106277,0,0.436233790946638,80,0.000588015297812212,-13.8692490530768,39.9668327477253,-2.15855353391724,3.3411785212344,0.319216280346738,0.225331825951054,-6.74443369049444,-13.8692490530768,3.6880499288461,-2.15855353391724,1.20632359542043,-1.14188641111459,-1.49018118119598,606.786195516347,15,2,"normal",20
"3541",3.4299094705,0.667236811121412,1,0.474984322408114,80,0.000588015297812212,-13.8692490530768,39.9668327477253,-2.15855353391724,3.3411785212344,0.319216280346738,0.225331825951054,-6.74443369049444,-13.8692490530768,3.6880499288461,-2.15855353391724,1.20632359542043,-1.14188641111459,-1.49018118119598,606.786195516347,15,2,"normal",21
"3542",-31.01051,0.334197894390128,0,0.626472055830653,80,0.000588015297812212,-13.8692490530768,39.9668327477253,-2.15855353391724,3.3411785212344,0.319216280346738,0.225331825951054,-6.74443369049444,-13.8692490530768,3.6880499288461,-2.15855353391724,1.20632359542043,-1.14188641111459,-1.49018118119598,606.786195516347,15,2,"normal",22
"3543",0.82981,0.643313153953316,1,0.491005044795803,80,0.000588015297812212,-13.8692490530768,39.9668327477253,-2.15855353391724,3.3411785212344,0.319216280346738,0.225331825951054,-6.74443369049444,-13.8692490530768,3.6880499288461,-2.15855353391724,1.20632359542043,-1.14188641111459,-1.49018118119598,606.786195516347,15,2,"normal",23
"3544",36.42726,0.895421018895692,1,0.447045595333047,80,0.000588015297812212,-13.8692490530768,39.9668327477253,-2.15855353391724,3.3411785212344,0.319216280346738,0.225331825951054,-6.74443369049444,-13.8692490530768,3.6880499288461,-2.15855353391724,1.20632359542043,-1.14188641111459,-1.49018118119598,606.786195516347,15,2,"normal",24
"3545",4.79127,0.679502981153042,1,0.408842226897414,80,0.000588015297812212,-13.8692490530768,39.9668327477253,-2.15855353391724,3.3411785212344,0.319216280346738,0.225331825951054,-6.74443369049444,-13.8692490530768,3.6880499288461,-2.15855353391724,1.20632359542043,-1.14188641111459,-1.49018118119598,606.786195516347,15,2,"normal",25
"3546",4.52176,0.677089646388172,0,0.387791425744407,80,0.000588015297812212,-13.8692490530768,39.9668327477253,-2.15855353391724,3.3411785212344,0.319216280346738,0.225331825951054,-6.74443369049444,-13.8692490530768,3.6880499288461,-2.15855353391724,1.20632359542043,-1.14188641111459,-1.49018118119598,606.786195516347,15,2,"normal",26
"3547",3.61852,0.668947369492969,1,0.49828665468776,80,0.000588015297812212,-13.8692490530768,39.9668327477253,-2.15855353391724,3.3411785212344,0.319216280346738,0.225331825951054,-6.74443369049444,-13.8692490530768,3.6880499288461,-2.15855353391724,1.20632359542043,-1.14188641111459,-1.49018118119598,606.786195516347,15,2,"normal",27
"3548",1.61575668041,0.650609792850634,1,0.535297283435157,80,0.000588015297812212,-13.8692490530768,39.9668327477253,-2.15855353391724,3.3411785212344,0.319216280346738,0.225331825951054,-6.74443369049444,-13.8692490530768,3.6880499288461,-2.15855353391724,1.20632359542043,-1.14188641111459,-1.49018118119598,606.786195516347,15,2,"normal",28
"3549",-2.987344,0.6071679113528,1,0.484299519980205,80,0.000588015297812212,-13.8692490530768,39.9668327477253,-2.15855353391724,3.3411785212344,0.319216280346738,0.225331825951054,-6.74443369049444,-13.8692490530768,3.6880499288461,-2.15855353391724,1.20632359542043,-1.14188641111459,-1.49018118119598,606.786195516347,15,2,"normal",29
"3550",-2.5433617041,0.611426852709944,1,0.469059575234968,80,0.000588015297812212,-13.8692490530768,39.9668327477253,-2.15855353391724,3.3411785212344,0.319216280346738,0.225331825951054,-6.74443369049444,-13.8692490530768,3.6880499288461,-2.15855353391724,1.20632359542043,-1.14188641111459,-1.49018118119598,606.786195516347,15,2,"normal",30
"3551",-8.82011,0.550206808910776,0,0.399004341879879,80,0.000588015297812212,-13.8692490530768,39.9668327477253,-2.15855353391724,3.3411785212344,0.319216280346738,0.225331825951054,-6.74443369049444,-13.8692490530768,3.6880499288461,-2.15855353391724,1.20632359542043,-1.14188641111459,-1.49018118119598,606.786195516347,15,2,"normal",31
"3552",-2.2305116775,0.614419884637201,0,0.605986839542344,80,0.000588015297812212,-13.8692490530768,39.9668327477253,-2.15855353391724,3.3411785212344,0.319216280346738,0.225331825951054,-6.74443369049444,-13.8692490530768,3.6880499288461,-2.15855353391724,1.20632359542043,-1.14188641111459,-1.49018118119598,606.786195516347,15,2,"normal",32
"3553",42.42397,0.920013695830444,1,0.464160634478505,80,0.000588015297812212,-13.8692490530768,39.9668327477253,-2.15855353391724,3.3411785212344,0.319216280346738,0.225331825951054,-6.74443369049444,-13.8692490530768,3.6880499288461,-2.15855353391724,1.20632359542043,-1.14188641111459,-1.49018118119598,606.786195516347,15,2,"normal",33
"3554",-0.11667,0.634456071754154,1,0.366155185429967,80,0.000588015297812212,-13.8692490530768,39.9668327477253,-2.15855353391724,3.3411785212344,0.319216280346738,0.225331825951054,-6.74443369049444,-13.8692490530768,3.6880499288461,-2.15855353391724,1.20632359542043,-1.14188641111459,-1.49018118119598,606.786195516347,15,2,"normal",34
"3555",17.61165,0.784222112501778,1,0.491186197569763,80,0.000588015297812212,-13.8692490530768,39.9668327477253,-2.15855353391724,3.3411785212344,0.319216280346738,0.225331825951054,-6.74443369049444,-13.8692490530768,3.6880499288461,-2.15855353391724,1.20632359542043,-1.14188641111459,-1.49018118119598,606.786195516347,15,2,"normal",35
"3556",24.14558,0.828851075779803,1,0.435964125412466,80,0.000588015297812212,-13.8692490530768,39.9668327477253,-2.15855353391724,3.3411785212344,0.319216280346738,0.225331825951054,-6.74443369049444,-13.8692490530768,3.6880499288461,-2.15855353391724,1.20632359542043,-1.14188641111459,-1.49018118119598,606.786195516347,15,2,"normal",36
"3557",-38.00393,0.273232788468861,0,0.476243187472558,80,0.000588015297812212,-13.8692490530768,39.9668327477253,-2.15855353391724,3.3411785212344,0.319216280346738,0.225331825951054,-6.74443369049444,-13.8692490530768,3.6880499288461,-2.15855353391724,1.20632359542043,-1.14188641111459,-1.49018118119598,606.786195516347,15,2,"normal",37
"3558",-13.74111,0.501277556320346,1,0.41989665284978,80,0.000588015297812212,-13.8692490530768,39.9668327477253,-2.15855353391724,3.3411785212344,0.319216280346738,0.225331825951054,-6.74443369049444,-13.8692490530768,3.6880499288461,-2.15855353391724,1.20632359542043,-1.14188641111459,-1.49018118119598,606.786195516347,15,2,"normal",38
"3559",-6.6344734319,0.571739393393299,0,0.529697422104968,80,0.000588015297812212,-13.8692490530768,39.9668327477253,-2.15855353391724,3.3411785212344,0.319216280346738,0.225331825951054,-6.74443369049444,-13.8692490530768,3.6880499288461,-2.15855353391724,1.20632359542043,-1.14188641111459,-1.49018118119598,606.786195516347,15,2,"normal",39
"3560",-31.23768,0.332134531062144,0,0.504800589148373,80,0.000588015297812212,-13.8692490530768,39.9668327477253,-2.15855353391724,3.3411785212344,0.319216280346738,0.225331825951054,-6.74443369049444,-13.8692490530768,3.6880499288461,-2.15855353391724,1.20632359542043,-1.14188641111459,-1.49018118119598,606.786195516347,15,2,"normal",40
"3561",-24.73853,0.392953377492499,0,0.503440484995742,80,0.000588015297812212,-13.8692490530768,39.9668327477253,-2.15855353391724,3.3411785212344,0.319216280346738,0.225331825951054,-6.74443369049444,-13.8692490530768,3.6880499288461,-2.15855353391724,1.20632359542043,-1.14188641111459,-1.49018118119598,606.786195516347,15,2,"normal",41
"3562",18.74091,0.792385805886735,1,0.444678815358627,80,0.000588015297812212,-13.8692490530768,39.9668327477253,-2.15855353391724,3.3411785212344,0.319216280346738,0.225331825951054,-6.74443369049444,-13.8692490530768,3.6880499288461,-2.15855353391724,1.20632359542043,-1.14188641111459,-1.49018118119598,606.786195516347,15,2,"normal",42
"3563",-20.77332,0.43150657632773,1,0.579418165825677,80,0.000588015297812212,-13.8692490530768,39.9668327477253,-2.15855353391724,3.3411785212344,0.319216280346738,0.225331825951054,-6.74443369049444,-13.8692490530768,3.6880499288461,-2.15855353391724,1.20632359542043,-1.14188641111459,-1.49018118119598,606.786195516347,15,2,"normal",43
"3564",-10.568352,0.532872879962004,0,0.468373086696674,80,0.000588015297812212,-13.8692490530768,39.9668327477253,-2.15855353391724,3.3411785212344,0.319216280346738,0.225331825951054,-6.74443369049444,-13.8692490530768,3.6880499288461,-2.15855353391724,1.20632359542043,-1.14188641111459,-1.49018118119598,606.786195516347,15,2,"normal",44
"3565",4.069277,0.673021052563269,1,0.453606533645889,80,0.000588015297812212,-13.8692490530768,39.9668327477253,-2.15855353391724,3.3411785212344,0.319216280346738,0.225331825951054,-6.74443369049444,-13.8692490530768,3.6880499288461,-2.15855353391724,1.20632359542043,-1.14188641111459,-1.49018118119598,606.786195516347,15,2,"normal",45
"3566",-16.29295,0.475850274625704,0,0.601170417238973,80,0.000588015297812212,-13.8692490530768,39.9668327477253,-2.15855353391724,3.3411785212344,0.319216280346738,0.225331825951054,-6.74443369049444,-13.8692490530768,3.6880499288461,-2.15855353391724,1.20632359542043,-1.14188641111459,-1.49018118119598,606.786195516347,15,2,"normal",46
"3567",3.34078,0.6664272537317,0,0.46224446608477,80,0.000588015297812212,-13.8692490530768,39.9668327477253,-2.15855353391724,3.3411785212344,0.319216280346738,0.225331825951054,-6.74443369049444,-13.8692490530768,3.6880499288461,-2.15855353391724,1.20632359542043,-1.14188641111459,-1.49018118119598,606.786195516347,15,2,"normal",47
"3568",-1.71152238189,0.61936993740173,0,0.583683385680046,80,0.000588015297812212,-13.8692490530768,39.9668327477253,-2.15855353391724,3.3411785212344,0.319216280346738,0.225331825951054,-6.74443369049444,-13.8692490530768,3.6880499288461,-2.15855353391724,1.20632359542043,-1.14188641111459,-1.49018118119598,606.786195516347,15,2,"normal",48
"3569",4.33533,0.675415860082219,1,0.448149501367079,80,0.000588015297812212,-13.8692490530768,39.9668327477253,-2.15855353391724,3.3411785212344,0.319216280346738,0.225331825951054,-6.74443369049444,-13.8692490530768,3.6880499288461,-2.15855353391724,1.20632359542043,-1.14188641111459,-1.49018118119598,606.786195516347,15,2,"normal",49
"3570",1.019773,0.64508169487456,1,0.415054509214004,80,0.000588015297812212,-13.8692490530768,39.9668327477253,-2.15855353391724,3.3411785212344,0.319216280346738,0.225331825951054,-6.74443369049444,-13.8692490530768,3.6880499288461,-2.15855353391724,1.20632359542043,-1.14188641111459,-1.49018118119598,606.786195516347,15,2,"normal",50
"3571",-13.67988,0.501888020350407,1,0.511719592823053,80,0.000588015297812212,-13.8692490530768,39.9668327477253,-2.15855353391724,3.3411785212344,0.319216280346738,0.225331825951054,-6.74443369049444,-13.8692490530768,3.6880499288461,-2.15855353391724,1.20632359542043,-1.14188641111459,-1.49018118119598,606.786195516347,15,2,"normal",51
"3572",33.61367,0.882144795065883,1,0.373657459090077,80,0.000588015297812212,-13.8692490530768,39.9668327477253,-2.15855353391724,3.3411785212344,0.319216280346738,0.225331825951054,-6.74443369049444,-13.8692490530768,3.6880499288461,-2.15855353391724,1.20632359542043,-1.14188641111459,-1.49018118119598,606.786195516347,15,2,"normal",52
"3573",-18.85701,0.450400331364996,0,0.799832101101495,80,0.000588015297812212,-13.8692490530768,39.9668327477253,-2.15855353391724,3.3411785212344,0.319216280346738,0.225331825951054,-6.74443369049444,-13.8692490530768,3.6880499288461,-2.15855353391724,1.20632359542043,-1.14188641111459,-1.49018118119598,606.786195516347,15,2,"normal",53
"3574",8.35378,0.710659111480911,0,0.454300453138074,80,0.000588015297812212,-13.8692490530768,39.9668327477253,-2.15855353391724,3.3411785212344,0.319216280346738,0.225331825951054,-6.74443369049444,-13.8692490530768,3.6880499288461,-2.15855353391724,1.20632359542043,-1.14188641111459,-1.49018118119598,606.786195516347,15,2,"normal",54
"3575",-30.961233,0.334646139228642,0,0.32819763534455,80,0.000588015297812212,-13.8692490530768,39.9668327477253,-2.15855353391724,3.3411785212344,0.319216280346738,0.225331825951054,-6.74443369049444,-13.8692490530768,3.6880499288461,-2.15855353391724,1.20632359542043,-1.14188641111459,-1.49018118119598,606.786195516347,15,2,"normal",55
"3576",19.86607,0.800334832683396,1,0.348606481558225,80,0.000588015297812212,-13.8692490530768,39.9668327477253,-2.15855353391724,3.3411785212344,0.319216280346738,0.225331825951054,-6.74443369049444,-13.8692490530768,3.6880499288461,-2.15855353391724,1.20632359542043,-1.14188641111459,-1.49018118119598,606.786195516347,15,2,"normal",56
"3577",-1.53361,0.621062389290088,1,0.421818012902525,80,0.000588015297812212,-13.8692490530768,39.9668327477253,-2.15855353391724,3.3411785212344,0.319216280346738,0.225331825951054,-6.74443369049444,-13.8692490530768,3.6880499288461,-2.15855353391724,1.20632359542043,-1.14188641111459,-1.49018118119598,606.786195516347,15,2,"normal",57
"3578",-23.8178,0.401826855588359,1,0.431280281274208,80,0.000588015297812212,-13.8692490530768,39.9668327477253,-2.15855353391724,3.3411785212344,0.319216280346738,0.225331825951054,-6.74443369049444,-13.8692490530768,3.6880499288461,-2.15855353391724,1.20632359542043,-1.14188641111459,-1.49018118119598,606.786195516347,15,2,"normal",58
"3579",16.9818,0.779588802116469,1,0.338206002596853,80,0.000588015297812212,-13.8692490530768,39.9668327477253,-2.15855353391724,3.3411785212344,0.319216280346738,0.225331825951054,-6.74443369049444,-13.8692490530768,3.6880499288461,-2.15855353391724,1.20632359542043,-1.14188641111459,-1.49018118119598,606.786195516347,15,2,"normal",59
"3580",-4.7845045476,0.589801786373471,1,0.490950140214124,80,0.000588015297812212,-13.8692490530768,39.9668327477253,-2.15855353391724,3.3411785212344,0.319216280346738,0.225331825951054,-6.74443369049444,-13.8692490530768,3.6880499288461,-2.15855353391724,1.20632359542043,-1.14188641111459,-1.49018118119598,606.786195516347,15,2,"normal",60
"3581",-38.5569,0.268657800631456,0,0.445895230790173,80,0.000588015297812212,-13.8692490530768,39.9668327477253,-2.15855353391724,3.3411785212344,0.319216280346738,0.225331825951054,-6.74443369049444,-13.8692490530768,3.6880499288461,-2.15855353391724,1.20632359542043,-1.14188641111459,-1.49018118119598,606.786195516347,15,2,"normal",61
"3582",-22.00613,0.419431489539215,1,0.390556717768649,80,0.000588015297812212,-13.8692490530768,39.9668327477253,-2.15855353391724,3.3411785212344,0.319216280346738,0.225331825951054,-6.74443369049444,-13.8692490530768,3.6880499288461,-2.15855353391724,1.20632359542043,-1.14188641111459,-1.49018118119598,606.786195516347,15,2,"normal",62
"3583",-20.71397,0.432089612770086,0,0.720190916463728,80,0.000588015297812212,-13.8692490530768,39.9668327477253,-2.15855353391724,3.3411785212344,0.319216280346738,0.225331825951054,-6.74443369049444,-13.8692490530768,3.6880499288461,-2.15855353391724,1.20632359542043,-1.14188641111459,-1.49018118119598,606.786195516347,15,2,"normal",63
"3584",49.21473,0.942243371825734,1,0.403087901143806,80,0.000588015297812212,-13.8692490530768,39.9668327477253,-2.15855353391724,3.3411785212344,0.319216280346738,0.225331825951054,-6.74443369049444,-13.8692490530768,3.6880499288461,-2.15855353391724,1.20632359542043,-1.14188641111459,-1.49018118119598,606.786195516347,15,2,"normal",64
"3585",24.01583,0.82802689484571,1,0.382856024476454,80,0.000588015297812212,-13.8692490530768,39.9668327477253,-2.15855353391724,3.3411785212344,0.319216280346738,0.225331825951054,-6.74443369049444,-13.8692490530768,3.6880499288461,-2.15855353391724,1.20632359542043,-1.14188641111459,-1.49018118119598,606.786195516347,15,2,"normal",65
"3586",-28.98856,0.352778531956068,0,0.503545362902813,80,0.000588015297812212,-13.8692490530768,39.9668327477253,-2.15855353391724,3.3411785212344,0.319216280346738,0.225331825951054,-6.74443369049444,-13.8692490530768,3.6880499288461,-2.15855353391724,1.20632359542043,-1.14188641111459,-1.49018118119598,606.786195516347,15,2,"normal",66
"3587",8.31617,0.710337760763915,1,0.565762958351546,80,0.000588015297812212,-13.8692490530768,39.9668327477253,-2.15855353391724,3.3411785212344,0.319216280346738,0.225331825951054,-6.74443369049444,-13.8692490530768,3.6880499288461,-2.15855353391724,1.20632359542043,-1.14188641111459,-1.49018118119598,606.786195516347,15,2,"normal",67
"3588",21.13515,0.809076545767009,0,0.333486920135749,80,0.000588015297812212,-13.8692490530768,39.9668327477253,-2.15855353391724,3.3411785212344,0.319216280346738,0.225331825951054,-6.74443369049444,-13.8692490530768,3.6880499288461,-2.15855353391724,1.20632359542043,-1.14188641111459,-1.49018118119598,606.786195516347,15,2,"normal",68
"3589",34.07818,0.884415654488977,1,0.359157456953774,80,0.000588015297812212,-13.8692490530768,39.9668327477253,-2.15855353391724,3.3411785212344,0.319216280346738,0.225331825951054,-6.74443369049444,-13.8692490530768,3.6880499288461,-2.15855353391724,1.20632359542043,-1.14188641111459,-1.49018118119598,606.786195516347,15,2,"normal",69
"3590",-7.06267877055,0.567535528266947,0,0.411410741178333,80,0.000588015297812212,-13.8692490530768,39.9668327477253,-2.15855353391724,3.3411785212344,0.319216280346738,0.225331825951054,-6.74443369049444,-13.8692490530768,3.6880499288461,-2.15855353391724,1.20632359542043,-1.14188641111459,-1.49018118119598,606.786195516347,15,2,"normal",70
"3591",33.30286,0.880607708733919,1,0.433600842863749,80,0.000588015297812212,-13.8692490530768,39.9668327477253,-2.15855353391724,3.3411785212344,0.319216280346738,0.225331825951054,-6.74443369049444,-13.8692490530768,3.6880499288461,-2.15855353391724,1.20632359542043,-1.14188641111459,-1.49018118119598,606.786195516347,15,2,"normal",71
"3592",25.087075,0.834755355742979,1,0.419875299759446,80,0.000588015297812212,-13.8692490530768,39.9668327477253,-2.15855353391724,3.3411785212344,0.319216280346738,0.225331825951054,-6.74443369049444,-13.8692490530768,3.6880499288461,-2.15855353391724,1.20632359542043,-1.14188641111459,-1.49018118119598,606.786195516347,15,2,"normal",72
"3593",47.35034,0.936694972970491,0,0.393038622664852,80,0.000588015297812212,-13.8692490530768,39.9668327477253,-2.15855353391724,3.3411785212344,0.319216280346738,0.225331825951054,-6.74443369049444,-13.8692490530768,3.6880499288461,-2.15855353391724,1.20632359542043,-1.14188641111459,-1.49018118119598,606.786195516347,15,2,"normal",73
"3594",-5.749432031,0.580401863846475,1,0.577862766241927,80,0.000588015297812212,-13.8692490530768,39.9668327477253,-2.15855353391724,3.3411785212344,0.319216280346738,0.225331825951054,-6.74443369049444,-13.8692490530768,3.6880499288461,-2.15855353391724,1.20632359542043,-1.14188641111459,-1.49018118119598,606.786195516347,15,2,"normal",74
"3595",3.3851,0.666829906936411,0,0.668763921687196,80,0.000588015297812212,-13.8692490530768,39.9668327477253,-2.15855353391724,3.3411785212344,0.319216280346738,0.225331825951054,-6.74443369049444,-13.8692490530768,3.6880499288461,-2.15855353391724,1.20632359542043,-1.14188641111459,-1.49018118119598,606.786195516347,15,2,"normal",75
"3596",-5.92457802373,0.578690554296853,1,0.352452516531349,80,0.000588015297812212,-13.8692490530768,39.9668327477253,-2.15855353391724,3.3411785212344,0.319216280346738,0.225331825951054,-6.74443369049444,-13.8692490530768,3.6880499288461,-2.15855353391724,1.20632359542043,-1.14188641111459,-1.49018118119598,606.786195516347,15,2,"normal",76
"3597",21.38707,0.810783372994905,1,0.470529621258921,80,0.000588015297812212,-13.8692490530768,39.9668327477253,-2.15855353391724,3.3411785212344,0.319216280346738,0.225331825951054,-6.74443369049444,-13.8692490530768,3.6880499288461,-2.15855353391724,1.20632359542043,-1.14188641111459,-1.49018118119598,606.786195516347,15,2,"normal",77
"3598",28.87406,0.857150405473526,1,0.39225909806944,80,0.000588015297812212,-13.8692490530768,39.9668327477253,-2.15855353391724,3.3411785212344,0.319216280346738,0.225331825951054,-6.74443369049444,-13.8692490530768,3.6880499288461,-2.15855353391724,1.20632359542043,-1.14188641111459,-1.49018118119598,606.786195516347,15,2,"normal",78
"3599",-19.7251,0.441824830345462,1,0.530486984350364,80,0.000588015297812212,-13.8692490530768,39.9668327477253,-2.15855353391724,3.3411785212344,0.319216280346738,0.225331825951054,-6.74443369049444,-13.8692490530768,3.6880499288461,-2.15855353391724,1.20632359542043,-1.14188641111459,-1.49018118119598,606.786195516347,15,2,"normal",79
"3600",23.2204,0.822918784852022,0,0.351927146422934,80,0.000588015297812212,-13.8692490530768,39.9668327477253,-2.15855353391724,3.3411785212344,0.319216280346738,0.225331825951054,-6.74443369049444,-13.8692490530768,3.6880499288461,-2.15855353391724,1.20632359542043,-1.14188641111459,-1.49018118119598,606.786195516347,15,2,"normal",80
"3601",-8.90950224189,0.499630054419795,1,0.631240841098518,80,0.0202499956397436,-8.85376593148031,57.6707174616269,-1.8514374759145,3.86708945972139,0.336451283949831,0.13422727217387,-3.16511056574519,-8.85376593148031,4.05474954836192,-1.8514374759145,1.35250214649809,-1.08930191318677,-2.00822085471941,114.589388054321,16,2,"normal",1
"3602",-7.307604075,0.51026130566614,1,0.775077658171887,80,0.0202499956397436,-8.85376593148031,57.6707174616269,-1.8514374759145,3.86708945972139,0.336451283949831,0.13422727217387,-3.16511056574519,-8.85376593148031,4.05474954836192,-1.8514374759145,1.35250214649809,-1.08930191318677,-2.00822085471941,114.589388054321,16,2,"normal",2
"3603",-17.853346435,0.440507507185802,1,0.620082184315058,80,0.0202499956397436,-8.85376593148031,57.6707174616269,-1.8514374759145,3.86708945972139,0.336451283949831,0.13422727217387,-3.16511056574519,-8.85376593148031,4.05474954836192,-1.8514374759145,1.35250214649809,-1.08930191318677,-2.00822085471941,114.589388054321,16,2,"normal",3
"3604",-23.7833333914,0.402001888205014,0,0.432495427748496,80,0.0202499956397436,-8.85376593148031,57.6707174616269,-1.8514374759145,3.86708945972139,0.336451283949831,0.13422727217387,-3.16511056574519,-8.85376593148031,4.05474954836192,-1.8514374759145,1.35250214649809,-1.08930191318677,-2.00822085471941,114.589388054321,16,2,"normal",4
"3605",-37.2863,0.318655421258057,0,0.551671510459918,80,0.0202499956397436,-8.85376593148031,57.6707174616269,-1.8514374759145,3.86708945972139,0.336451283949831,0.13422727217387,-3.16511056574519,-8.85376593148031,4.05474954836192,-1.8514374759145,1.35250214649809,-1.08930191318677,-2.00822085471941,114.589388054321,16,2,"normal",5
"3606",-12.62602,0.474979785389307,1,0.65004271362724,80,0.0202499956397436,-8.85376593148031,57.6707174616269,-1.8514374759145,3.86708945972139,0.336451283949831,0.13422727217387,-3.16511056574519,-8.85376593148031,4.05474954836192,-1.8514374759145,1.35250214649809,-1.08930191318677,-2.00822085471941,114.589388054321,16,2,"normal",6
"3607",-18.81097,0.434236691191912,0,0.445423054964098,80,0.0202499956397436,-8.85376593148031,57.6707174616269,-1.8514374759145,3.86708945972139,0.336451283949831,0.13422727217387,-3.16511056574519,-8.85376593148031,4.05474954836192,-1.8514374759145,1.35250214649809,-1.08930191318677,-2.00822085471941,114.589388054321,16,2,"normal",7
"3608",-22.4216,0.410768400955252,0,0.457633247278748,80,0.0202499956397436,-8.85376593148031,57.6707174616269,-1.8514374759145,3.86708945972139,0.336451283949831,0.13422727217387,-3.16511056574519,-8.85376593148031,4.05474954836192,-1.8514374759145,1.35250214649809,-1.08930191318677,-2.00822085471941,114.589388054321,16,2,"normal",8
"3609",-25.1165,0.39347100223634,1,0.429061472211583,80,0.0202499956397436,-8.85376593148031,57.6707174616269,-1.8514374759145,3.86708945972139,0.336451283949831,0.13422727217387,-3.16511056574519,-8.85376593148031,4.05474954836192,-1.8514374759145,1.35250214649809,-1.08930191318677,-2.00822085471941,114.589388054321,16,2,"normal",9
"3610",-10.11714,0.491615118725857,1,0.660228978131374,80,0.0202499956397436,-8.85376593148031,57.6707174616269,-1.8514374759145,3.86708945972139,0.336451283949831,0.13422727217387,-3.16511056574519,-8.85376593148031,4.05474954836192,-1.8514374759145,1.35250214649809,-1.08930191318677,-2.00822085471941,114.589388054321,16,2,"normal",10
"3611",-22.93178,0.407478016036642,0,0.737093457017994,80,0.0202499956397436,-8.85376593148031,57.6707174616269,-1.8514374759145,3.86708945972139,0.336451283949831,0.13422727217387,-3.16511056574519,-8.85376593148031,4.05474954836192,-1.8514374759145,1.35250214649809,-1.08930191318677,-2.00822085471941,114.589388054321,16,2,"normal",11
"3612",-32.71833,0.346007557581243,0,0.758786502359867,80,0.0202499956397436,-8.85376593148031,57.6707174616269,-1.8514374759145,3.86708945972139,0.336451283949831,0.13422727217387,-3.16511056574519,-8.85376593148031,4.05474954836192,-1.8514374759145,1.35250214649809,-1.08930191318677,-2.00822085471941,114.589388054321,16,2,"normal",12
"3613",-20.46288,0.423462613357942,1,0.590447977773964,80,0.0202499956397436,-8.85376593148031,57.6707174616269,-1.8514374759145,3.86708945972139,0.336451283949831,0.13422727217387,-3.16511056574519,-8.85376593148031,4.05474954836192,-1.8514374759145,1.35250214649809,-1.08930191318677,-2.00822085471941,114.589388054321,16,2,"normal",13
"3614",-35.51911,0.329119926950172,1,0.837030468028991,80,0.0202499956397436,-8.85376593148031,57.6707174616269,-1.8514374759145,3.86708945972139,0.336451283949831,0.13422727217387,-3.16511056574519,-8.85376593148031,4.05474954836192,-1.8514374759145,1.35250214649809,-1.08930191318677,-2.00822085471941,114.589388054321,16,2,"normal",14
"3615",-18.18414988,0.438339378682594,0,0.901655453831957,80,0.0202499956397436,-8.85376593148031,57.6707174616269,-1.8514374759145,3.86708945972139,0.336451283949831,0.13422727217387,-3.16511056574519,-8.85376593148031,4.05474954836192,-1.8514374759145,1.35250214649809,-1.08930191318677,-2.00822085471941,114.589388054321,16,2,"normal",15
"3616",-0.734500000000001,0.553713527245023,0,0.78254582365664,80,0.0202499956397436,-8.85376593148031,57.6707174616269,-1.8514374759145,3.86708945972139,0.336451283949831,0.13422727217387,-3.16511056574519,-8.85376593148031,4.05474954836192,-1.8514374759145,1.35250214649809,-1.08930191318677,-2.00822085471941,114.589388054321,16,2,"normal",16
"3617",-9.3498718899,0.496707174007751,0,0.397441580442064,80,0.0202499956397436,-8.85376593148031,57.6707174616269,-1.8514374759145,3.86708945972139,0.336451283949831,0.13422727217387,-3.16511056574519,-8.85376593148031,4.05474954836192,-1.8514374759145,1.35250214649809,-1.08930191318677,-2.00822085471941,114.589388054321,16,2,"normal",17
"3618",-5.72908,0.520729728770534,0,0.454263374043959,80,0.0202499956397436,-8.85376593148031,57.6707174616269,-1.8514374759145,3.86708945972139,0.336451283949831,0.13422727217387,-3.16511056574519,-8.85376593148031,4.05474954836192,-1.8514374759145,1.35250214649809,-1.08930191318677,-2.00822085471941,114.589388054321,16,2,"normal",18
"3619",-1.43489841,0.549106705019675,1,0.6161534024759,80,0.0202499956397436,-8.85376593148031,57.6707174616269,-1.8514374759145,3.86708945972139,0.336451283949831,0.13422727217387,-3.16511056574519,-8.85376593148031,4.05474954836192,-1.8514374759145,1.35250214649809,-1.08930191318677,-2.00822085471941,114.589388054321,16,2,"normal",19
"3620",18.18751,0.673118938143306,1,0.971469660279179,80,0.0202499956397436,-8.85376593148031,57.6707174616269,-1.8514374759145,3.86708945972139,0.336451283949831,0.13422727217387,-3.16511056574519,-8.85376593148031,4.05474954836192,-1.8514374759145,1.35250214649809,-1.08930191318677,-2.00822085471941,114.589388054321,16,2,"normal",20
"3621",-35.76614,0.327647971881907,0,0.58586008643888,80,0.0202499956397436,-8.85376593148031,57.6707174616269,-1.8514374759145,3.86708945972139,0.336451283949831,0.13422727217387,-3.16511056574519,-8.85376593148031,4.05474954836192,-1.8514374759145,1.35250214649809,-1.08930191318677,-2.00822085471941,114.589388054321,16,2,"normal",21
"3622",-6.7566449344,0.513916418445565,1,1.03643192441086,80,0.0202499956397436,-8.85376593148031,57.6707174616269,-1.8514374759145,3.86708945972139,0.336451283949831,0.13422727217387,-3.16511056574519,-8.85376593148031,4.05474954836192,-1.8514374759145,1.35250214649809,-1.08930191318677,-2.00822085471941,114.589388054321,16,2,"normal",22
"3623",-18.82961,0.434114803378517,0,0.336713880365239,80,0.0202499956397436,-8.85376593148031,57.6707174616269,-1.8514374759145,3.86708945972139,0.336451283949831,0.13422727217387,-3.16511056574519,-8.85376593148031,4.05474954836192,-1.8514374759145,1.35250214649809,-1.08930191318677,-2.00822085471941,114.589388054321,16,2,"normal",23
"3624",44.515,0.809556138870957,1,0.577875156552278,80,0.0202499956397436,-8.85376593148031,57.6707174616269,-1.8514374759145,3.86708945972139,0.336451283949831,0.13422727217387,-3.16511056574519,-8.85376593148031,4.05474954836192,-1.8514374759145,1.35250214649809,-1.08930191318677,-2.00822085471941,114.589388054321,16,2,"normal",24
"3625",-10.53601187149,0.488835800255536,0,0.596227831368419,80,0.0202499956397436,-8.85376593148031,57.6707174616269,-1.8514374759145,3.86708945972139,0.336451283949831,0.13422727217387,-3.16511056574519,-8.85376593148031,4.05474954836192,-1.8514374759145,1.35250214649809,-1.08930191318677,-2.00822085471941,114.589388054321,16,2,"normal",25
"3626",-3.8629,0.533085200838138,0,0.5987049183053,80,0.0202499956397436,-8.85376593148031,57.6707174616269,-1.8514374759145,3.86708945972139,0.336451283949831,0.13422727217387,-3.16511056574519,-8.85376593148031,4.05474954836192,-1.8514374759145,1.35250214649809,-1.08930191318677,-2.00822085471941,114.589388054321,16,2,"normal",26
"3627",28.56089,0.731963320328077,1,0.562779498001827,80,0.0202499956397436,-8.85376593148031,57.6707174616269,-1.8514374759145,3.86708945972139,0.336451283949831,0.13422727217387,-3.16511056574519,-8.85376593148031,4.05474954836192,-1.8514374759145,1.35250214649809,-1.08930191318677,-2.00822085471941,114.589388054321,16,2,"normal",27
"3628",-5.93359498267,0.519374139344691,1,0.62154447809342,80,0.0202499956397436,-8.85376593148031,57.6707174616269,-1.8514374759145,3.86708945972139,0.336451283949831,0.13422727217387,-3.16511056574519,-8.85376593148031,4.05474954836192,-1.8514374759145,1.35250214649809,-1.08930191318677,-2.00822085471941,114.589388054321,16,2,"normal",28
"3629",32.2871,0.751574403028127,1,0.515040527871706,80,0.0202499956397436,-8.85376593148031,57.6707174616269,-1.8514374759145,3.86708945972139,0.336451283949831,0.13422727217387,-3.16511056574519,-8.85376593148031,4.05474954836192,-1.8514374759145,1.35250214649809,-1.08930191318677,-2.00822085471941,114.589388054321,16,2,"normal",29
"3630",-9.315893691,0.496932694003703,1,0.378619084402793,80,0.0202499956397436,-8.85376593148031,57.6707174616269,-1.8514374759145,3.86708945972139,0.336451283949831,0.13422727217387,-3.16511056574519,-8.85376593148031,4.05474954836192,-1.8514374759145,1.35250214649809,-1.08930191318677,-2.00822085471941,114.589388054321,16,2,"normal",30
"3631",23.2065,0.702326882891846,1,0.39963751200765,80,0.0202499956397436,-8.85376593148031,57.6707174616269,-1.8514374759145,3.86708945972139,0.336451283949831,0.13422727217387,-3.16511056574519,-8.85376593148031,4.05474954836192,-1.8514374759145,1.35250214649809,-1.08930191318677,-2.00822085471941,114.589388054321,16,2,"normal",31
"3632",-32.46935,0.347525891424194,0,0.578127379005929,80,0.0202499956397436,-8.85376593148031,57.6707174616269,-1.8514374759145,3.86708945972139,0.336451283949831,0.13422727217387,-3.16511056574519,-8.85376593148031,4.05474954836192,-1.8514374759145,1.35250214649809,-1.08930191318677,-2.00822085471941,114.589388054321,16,2,"normal",32
"3633",13.0584,0.642015474069265,1,0.59146821754873,80,0.0202499956397436,-8.85376593148031,57.6707174616269,-1.8514374759145,3.86708945972139,0.336451283949831,0.13422727217387,-3.16511056574519,-8.85376593148031,4.05474954836192,-1.8514374759145,1.35250214649809,-1.08930191318677,-2.00822085471941,114.589388054321,16,2,"normal",33
"3634",-13.1922452473,0.471230802682226,1,0.647919755522553,80,0.0202499956397436,-8.85376593148031,57.6707174616269,-1.8514374759145,3.86708945972139,0.336451283949831,0.13422727217387,-3.16511056574519,-8.85376593148031,4.05474954836192,-1.8514374759145,1.35250214649809,-1.08930191318677,-2.00822085471941,114.589388054321,16,2,"normal",34
"3635",-46.3667,0.267508452953927,1,0.342676916130069,80,0.0202499956397436,-8.85376593148031,57.6707174616269,-1.8514374759145,3.86708945972139,0.336451283949831,0.13422727217387,-3.16511056574519,-8.85376593148031,4.05474954836192,-1.8514374759145,1.35250214649809,-1.08930191318677,-2.00822085471941,114.589388054321,16,2,"normal",35
"3636",-11.35517,0.483402319865102,1,0.543548782670384,80,0.0202499956397436,-8.85376593148031,57.6707174616269,-1.8514374759145,3.86708945972139,0.336451283949831,0.13422727217387,-3.16511056574519,-8.85376593148031,4.05474954836192,-1.8514374759145,1.35250214649809,-1.08930191318677,-2.00822085471941,114.589388054321,16,2,"normal",36
"3637",-2.9005,0.539444295898428,1,0.357201371978945,80,0.0202499956397436,-8.85376593148031,57.6707174616269,-1.8514374759145,3.86708945972139,0.336451283949831,0.13422727217387,-3.16511056574519,-8.85376593148031,4.05474954836192,-1.8514374759145,1.35250214649809,-1.08930191318677,-2.00822085471941,114.589388054321,16,2,"normal",37
"3638",6.7693,0.602442443042763,0,0.588034551418124,80,0.0202499956397436,-8.85376593148031,57.6707174616269,-1.8514374759145,3.86708945972139,0.336451283949831,0.13422727217387,-3.16511056574519,-8.85376593148031,4.05474954836192,-1.8514374759145,1.35250214649809,-1.08930191318677,-2.00822085471941,114.589388054321,16,2,"normal",38
"3639",-23.53973,0.403566356226825,1,0.604912695696816,80,0.0202499956397436,-8.85376593148031,57.6707174616269,-1.8514374759145,3.86708945972139,0.336451283949831,0.13422727217387,-3.16511056574519,-8.85376593148031,4.05474954836192,-1.8514374759145,1.35250214649809,-1.08930191318677,-2.00822085471941,114.589388054321,16,2,"normal",39
"3640",-15.421582945,0.456500649853444,0,1.00810522787177,80,0.0202499956397436,-8.85376593148031,57.6707174616269,-1.8514374759145,3.86708945972139,0.336451283949831,0.13422727217387,-3.16511056574519,-8.85376593148031,4.05474954836192,-1.8514374759145,1.35250214649809,-1.08930191318677,-2.00822085471941,114.589388054321,16,2,"normal",40
"3641",-34.03001,0.338053942438081,0,0.345502395196774,80,0.0202499956397436,-8.85376593148031,57.6707174616269,-1.8514374759145,3.86708945972139,0.336451283949831,0.13422727217387,-3.16511056574519,-8.85376593148031,4.05474954836192,-1.8514374759145,1.35250214649809,-1.08930191318677,-2.00822085471941,114.589388054321,16,2,"normal",41
"3642",31.4735,0.747366398112241,1,0.427142890753798,80,0.0202499956397436,-8.85376593148031,57.6707174616269,-1.8514374759145,3.86708945972139,0.336451283949831,0.13422727217387,-3.16511056574519,-8.85376593148031,4.05474954836192,-1.8514374759145,1.35250214649809,-1.08930191318677,-2.00822085471941,114.589388054321,16,2,"normal",42
"3643",-37.1288,0.319581806161177,1,0.303539013953416,80,0.0202499956397436,-8.85376593148031,57.6707174616269,-1.8514374759145,3.86708945972139,0.336451283949831,0.13422727217387,-3.16511056574519,-8.85376593148031,4.05474954836192,-1.8514374759145,1.35250214649809,-1.08930191318677,-2.00822085471941,114.589388054321,16,2,"normal",43
"3644",-31.18608,0.355393635535377,0,0.547830290835391,80,0.0202499956397436,-8.85376593148031,57.6707174616269,-1.8514374759145,3.86708945972139,0.336451283949831,0.13422727217387,-3.16511056574519,-8.85376593148031,4.05474954836192,-1.8514374759145,1.35250214649809,-1.08930191318677,-2.00822085471941,114.589388054321,16,2,"normal",44
"3645",-17.9261738024,0.44003001811074,0,0.867419867743374,80,0.0202499956397436,-8.85376593148031,57.6707174616269,-1.8514374759145,3.86708945972139,0.336451283949831,0.13422727217387,-3.16511056574519,-8.85376593148031,4.05474954836192,-1.8514374759145,1.35250214649809,-1.08930191318677,-2.00822085471941,114.589388054321,16,2,"normal",45
"3646",-27.44757,0.378690240951423,1,0.490817698270788,80,0.0202499956397436,-8.85376593148031,57.6707174616269,-1.8514374759145,3.86708945972139,0.336451283949831,0.13422727217387,-3.16511056574519,-8.85376593148031,4.05474954836192,-1.8514374759145,1.35250214649809,-1.08930191318677,-2.00822085471941,114.589388054321,16,2,"normal",46
"3647",-15.79408375998,0.454045105198368,1,0.808584198611143,80,0.0202499956397436,-8.85376593148031,57.6707174616269,-1.8514374759145,3.86708945972139,0.336451283949831,0.13422727217387,-3.16511056574519,-8.85376593148031,4.05474954836192,-1.8514374759145,1.35250214649809,-1.08930191318677,-2.00822085471941,114.589388054321,16,2,"normal",47
"3648",-16.549122263,0.449073811305193,0,0.64157746613848,80,0.0202499956397436,-8.85376593148031,57.6707174616269,-1.8514374759145,3.86708945972139,0.336451283949831,0.13422727217387,-3.16511056574519,-8.85376593148031,4.05474954836192,-1.8514374759145,1.35250214649809,-1.08930191318677,-2.00822085471941,114.589388054321,16,2,"normal",48
"3649",-20.20565,0.425136460070882,1,0.70894394328152,80,0.0202499956397436,-8.85376593148031,57.6707174616269,-1.8514374759145,3.86708945972139,0.336451283949831,0.13422727217387,-3.16511056574519,-8.85376593148031,4.05474954836192,-1.8514374759145,1.35250214649809,-1.08930191318677,-2.00822085471941,114.589388054321,16,2,"normal",49
"3650",-1.3577,0.549614837572307,1,0.518895068877555,80,0.0202499956397436,-8.85376593148031,57.6707174616269,-1.8514374759145,3.86708945972139,0.336451283949831,0.13422727217387,-3.16511056574519,-8.85376593148031,4.05474954836192,-1.8514374759145,1.35250214649809,-1.08930191318677,-2.00822085471941,114.589388054321,16,2,"normal",50
"3651",28.9632,0.734121952433995,1,0.382924904461202,80,0.0202499956397436,-8.85376593148031,57.6707174616269,-1.8514374759145,3.86708945972139,0.336451283949831,0.13422727217387,-3.16511056574519,-8.85376593148031,4.05474954836192,-1.8514374759145,1.35250214649809,-1.08930191318677,-2.00822085471941,114.589388054321,16,2,"normal",51
"3652",-22.26982,0.411748633918312,1,0.501034079549169,80,0.0202499956397436,-8.85376593148031,57.6707174616269,-1.8514374759145,3.86708945972139,0.336451283949831,0.13422727217387,-3.16511056574519,-8.85376593148031,4.05474954836192,-1.8514374759145,1.35250214649809,-1.08930191318677,-2.00822085471941,114.589388054321,16,2,"normal",52
"3653",1.3578,0.567426000559671,1,0.743865325919094,80,0.0202499956397436,-8.85376593148031,57.6707174616269,-1.8514374759145,3.86708945972139,0.336451283949831,0.13422727217387,-3.16511056574519,-8.85376593148031,4.05474954836192,-1.8514374759145,1.35250214649809,-1.08930191318677,-2.00822085471941,114.589388054321,16,2,"normal",53
"3654",11.7824,0.634103345893846,0,0.368725036969447,80,0.0202499956397436,-8.85376593148031,57.6707174616269,-1.8514374759145,3.86708945972139,0.336451283949831,0.13422727217387,-3.16511056574519,-8.85376593148031,4.05474954836192,-1.8514374759145,1.35250214649809,-1.08930191318677,-2.00822085471941,114.589388054321,16,2,"normal",54
"3655",33.0679,0.755573146072817,0,0.65973105392476,80,0.0202499956397436,-8.85376593148031,57.6707174616269,-1.8514374759145,3.86708945972139,0.336451283949831,0.13422727217387,-3.16511056574519,-8.85376593148031,4.05474954836192,-1.8514374759145,1.35250214649809,-1.08930191318677,-2.00822085471941,114.589388054321,16,2,"normal",55
"3656",-17.2360841012,0.44455826199582,0,0.526697044765454,80,0.0202499956397436,-8.85376593148031,57.6707174616269,-1.8514374759145,3.86708945972139,0.336451283949831,0.13422727217387,-3.16511056574519,-8.85376593148031,4.05474954836192,-1.8514374759145,1.35250214649809,-1.08930191318677,-2.00822085471941,114.589388054321,16,2,"normal",56
"3657",24.841029,0.711548539790184,1,0.568589530124444,80,0.0202499956397436,-8.85376593148031,57.6707174616269,-1.8514374759145,3.86708945972139,0.336451283949831,0.13422727217387,-3.16511056574519,-8.85376593148031,4.05474954836192,-1.8514374759145,1.35250214649809,-1.08930191318677,-2.00822085471941,114.589388054321,16,2,"normal",57
"3658",20.2717,0.685405396074623,1,0.40248493954539,80,0.0202499956397436,-8.85376593148031,57.6707174616269,-1.8514374759145,3.86708945972139,0.336451283949831,0.13422727217387,-3.16511056574519,-8.85376593148031,4.05474954836192,-1.8514374759145,1.35250214649809,-1.08930191318677,-2.00822085471941,114.589388054321,16,2,"normal",58
"3659",37.61329,0.778063937256412,0,0.551511390142655,80,0.0202499956397436,-8.85376593148031,57.6707174616269,-1.8514374759145,3.86708945972139,0.336451283949831,0.13422727217387,-3.16511056574519,-8.85376593148031,4.05474954836192,-1.8514374759145,1.35250214649809,-1.08930191318677,-2.00822085471941,114.589388054321,16,2,"normal",59
"3660",-11.8262,0.480279420478889,1,0.399572265155772,80,0.0202499956397436,-8.85376593148031,57.6707174616269,-1.8514374759145,3.86708945972139,0.336451283949831,0.13422727217387,-3.16511056574519,-8.85376593148031,4.05474954836192,-1.8514374759145,1.35250214649809,-1.08930191318677,-2.00822085471941,114.589388054321,16,2,"normal",60
"3661",-14.1297847674,0.465029603073123,0,0.481345094013417,80,0.0202499956397436,-8.85376593148031,57.6707174616269,-1.8514374759145,3.86708945972139,0.336451283949831,0.13422727217387,-3.16511056574519,-8.85376593148031,4.05474954836192,-1.8514374759145,1.35250214649809,-1.08930191318677,-2.00822085471941,114.589388054321,16,2,"normal",61
"3662",-15.0021619802,0.4592676521553,0,0.658183373247475,80,0.0202499956397436,-8.85376593148031,57.6707174616269,-1.8514374759145,3.86708945972139,0.336451283949831,0.13422727217387,-3.16511056574519,-8.85376593148031,4.05474954836192,-1.8514374759145,1.35250214649809,-1.08930191318677,-2.00822085471941,114.589388054321,16,2,"normal",62
"3663",-2.7086,0.540711029614338,1,0.866844603709845,80,0.0202499956397436,-8.85376593148031,57.6707174616269,-1.8514374759145,3.86708945972139,0.336451283949831,0.13422727217387,-3.16511056574519,-8.85376593148031,4.05474954836192,-1.8514374759145,1.35250214649809,-1.08930191318677,-2.00822085471941,114.589388054321,16,2,"normal",63
"3664",-14.606169985,0.461882061177527,0,0.650375453200885,80,0.0202499956397436,-8.85376593148031,57.6707174616269,-1.8514374759145,3.86708945972139,0.336451283949831,0.13422727217387,-3.16511056574519,-8.85376593148031,4.05474954836192,-1.8514374759145,1.35250214649809,-1.08930191318677,-2.00822085471941,114.589388054321,16,2,"normal",64
"3665",25.2904,0.714057457218814,1,0.406530786060054,80,0.0202499956397436,-8.85376593148031,57.6707174616269,-1.8514374759145,3.86708945972139,0.336451283949831,0.13422727217387,-3.16511056574519,-8.85376593148031,4.05474954836192,-1.8514374759145,1.35250214649809,-1.08930191318677,-2.00822085471941,114.589388054321,16,2,"normal",65
"3666",-32.8361,0.345290313369053,0,0.633010199946333,80,0.0202499956397436,-8.85376593148031,57.6707174616269,-1.8514374759145,3.86708945972139,0.336451283949831,0.13422727217387,-3.16511056574519,-8.85376593148031,4.05474954836192,-1.8514374759145,1.35250214649809,-1.08930191318677,-2.00822085471941,114.589388054321,16,2,"normal",66
"3667",-14.7192715352,0.46113515671238,0,0.681481476111275,80,0.0202499956397436,-8.85376593148031,57.6707174616269,-1.8514374759145,3.86708945972139,0.336451283949831,0.13422727217387,-3.16511056574519,-8.85376593148031,4.05474954836192,-1.8514374759145,1.35250214649809,-1.08930191318677,-2.00822085471941,114.589388054321,16,2,"normal",67
"3668",6.20432,0.598822794914937,0,0.857024361289759,80,0.0202499956397436,-8.85376593148031,57.6707174616269,-1.8514374759145,3.86708945972139,0.336451283949831,0.13422727217387,-3.16511056574519,-8.85376593148031,4.05474954836192,-1.8514374759145,1.35250214649809,-1.08930191318677,-2.00822085471941,114.589388054321,16,2,"normal",68
"3669",-13.6201971773,0.468399146126787,0,0.557937062309017,80,0.0202499956397436,-8.85376593148031,57.6707174616269,-1.8514374759145,3.86708945972139,0.336451283949831,0.13422727217387,-3.16511056574519,-8.85376593148031,4.05474954836192,-1.8514374759145,1.35250214649809,-1.08930191318677,-2.00822085471941,114.589388054321,16,2,"normal",69
"3670",-11.3124979169,0.483685290878335,0,0.66115376331672,80,0.0202499956397436,-8.85376593148031,57.6707174616269,-1.8514374759145,3.86708945972139,0.336451283949831,0.13422727217387,-3.16511056574519,-8.85376593148031,4.05474954836192,-1.8514374759145,1.35250214649809,-1.08930191318677,-2.00822085471941,114.589388054321,16,2,"normal",70
"3671",-47.939,0.259137794954176,1,0.539900130710467,80,0.0202499956397436,-8.85376593148031,57.6707174616269,-1.8514374759145,3.86708945972139,0.336451283949831,0.13422727217387,-3.16511056574519,-8.85376593148031,4.05474954836192,-1.8514374759145,1.35250214649809,-1.08930191318677,-2.00822085471941,114.589388054321,16,2,"normal",71
"3672",-15.47741,0.456132517436478,0,0.539796501158151,80,0.0202499956397436,-8.85376593148031,57.6707174616269,-1.8514374759145,3.86708945972139,0.336451283949831,0.13422727217387,-3.16511056574519,-8.85376593148031,4.05474954836192,-1.8514374759145,1.35250214649809,-1.08930191318677,-2.00822085471941,114.589388054321,16,2,"normal",72
"3673",-5.8172,0.520145672721326,0,0.463728933989059,80,0.0202499956397436,-8.85376593148031,57.6707174616269,-1.8514374759145,3.86708945972139,0.336451283949831,0.13422727217387,-3.16511056574519,-8.85376593148031,4.05474954836192,-1.8514374759145,1.35250214649809,-1.08930191318677,-2.00822085471941,114.589388054321,16,2,"normal",73
"3674",-11.35299,0.48341677586132,0,0.5277703741559,80,0.0202499956397436,-8.85376593148031,57.6707174616269,-1.8514374759145,3.86708945972139,0.336451283949831,0.13422727217387,-3.16511056574519,-8.85376593148031,4.05474954836192,-1.8514374759145,1.35250214649809,-1.08930191318677,-2.00822085471941,114.589388054321,16,2,"normal",74
"3675",-5.377367859,0.523060368510021,1,0.692232598562774,80,0.0202499956397436,-8.85376593148031,57.6707174616269,-1.8514374759145,3.86708945972139,0.336451283949831,0.13422727217387,-3.16511056574519,-8.85376593148031,4.05474954836192,-1.8514374759145,1.35250214649809,-1.08930191318677,-2.00822085471941,114.589388054321,16,2,"normal",75
"3676",-6.331621679974,0.516735211059782,1,0.559909828685522,80,0.0202499956397436,-8.85376593148031,57.6707174616269,-1.8514374759145,3.86708945972139,0.336451283949831,0.13422727217387,-3.16511056574519,-8.85376593148031,4.05474954836192,-1.8514374759145,1.35250214649809,-1.08930191318677,-2.00822085471941,114.589388054321,16,2,"normal",76
"3677",-9.8932284565,0.493101017919391,0,1.25006239063531,80,0.0202499956397436,-8.85376593148031,57.6707174616269,-1.8514374759145,3.86708945972139,0.336451283949831,0.13422727217387,-3.16511056574519,-8.85376593148031,4.05474954836192,-1.8514374759145,1.35250214649809,-1.08930191318677,-2.00822085471941,114.589388054321,16,2,"normal",77
"3678",-29.51339,0.365750618768911,0,0.582764079681513,80,0.0202499956397436,-8.85376593148031,57.6707174616269,-1.8514374759145,3.86708945972139,0.336451283949831,0.13422727217387,-3.16511056574519,-8.85376593148031,4.05474954836192,-1.8514374759145,1.35250214649809,-1.08930191318677,-2.00822085471941,114.589388054321,16,2,"normal",78
"3679",17.07764,0.666489691273041,1,0.663479133000054,80,0.0202499956397436,-8.85376593148031,57.6707174616269,-1.8514374759145,3.86708945972139,0.336451283949831,0.13422727217387,-3.16511056574519,-8.85376593148031,4.05474954836192,-1.8514374759145,1.35250214649809,-1.08930191318677,-2.00822085471941,114.589388054321,16,2,"normal",79
"3680",13.5974,0.645337958404065,0,0.432458925175363,80,0.0202499956397436,-8.85376593148031,57.6707174616269,-1.8514374759145,3.86708945972139,0.336451283949831,0.13422727217387,-3.16511056574519,-8.85376593148031,4.05474954836192,-1.8514374759145,1.35250214649809,-1.08930191318677,-2.00822085471941,114.589388054321,16,2,"normal",80
"3681",-9.3968798181,0.547512148018821,0,1.40415115394534,80,0.02487111364573,-13.7770354299925,34.8573714960726,-1.96307664025114,5.33355648235565,0.300605440633948,0.613026963742058,-2.94987907143078,-13.7770354299925,3.55126463552994,-1.96307664025114,1.67401827313807,-1.20195670257906,-0.489346357484661,-252.913479305569,17,2,"normal",1
"3682",7.5465501753,0.718221478037453,1,1.01443570756324,80,0.02487111364573,-13.7770354299925,34.8573714960726,-1.96307664025114,5.33355648235565,0.300605440633948,0.613026963742058,-2.94987907143078,-13.7770354299925,3.55126463552994,-1.96307664025114,1.67401827313807,-1.20195670257906,-0.489346357484661,-252.913479305569,17,2,"normal",2
"3683",-0.43759406915,0.641611065454945,0,0.949641152399925,80,0.02487111364573,-13.7770354299925,34.8573714960726,-1.96307664025114,5.33355648235565,0.300605440633948,0.613026963742058,-2.94987907143078,-13.7770354299925,3.55126463552994,-1.96307664025114,1.67401827313807,-1.20195670257906,-0.489346357484661,-252.913479305569,17,2,"normal",3
"3684",5.5792973637,0.700177119404035,1,1.12171194166318,80,0.02487111364573,-13.7770354299925,34.8573714960726,-1.96307664025114,5.33355648235565,0.300605440633948,0.613026963742058,-2.94987907143078,-13.7770354299925,3.55126463552994,-1.96307664025114,1.67401827313807,-1.20195670257906,-0.489346357484661,-252.913479305569,17,2,"normal",4
"3685",6.21833,0.706103472990267,0,0.896565156363057,80,0.02487111364573,-13.7770354299925,34.8573714960726,-1.96307664025114,5.33355648235565,0.300605440633948,0.613026963742058,-2.94987907143078,-13.7770354299925,3.55126463552994,-1.96307664025114,1.67401827313807,-1.20195670257906,-0.489346357484661,-252.913479305569,17,2,"normal",5
"3686",5.17274062684,0.696375085590624,1,1.03956894207336,80,0.02487111364573,-13.7770354299925,34.8573714960726,-1.96307664025114,5.33355648235565,0.300605440633948,0.613026963742058,-2.94987907143078,-13.7770354299925,3.55126463552994,-1.96307664025114,1.67401827313807,-1.20195670257906,-0.489346357484661,-252.913479305569,17,2,"normal",6
"3687",2.97614745869,0.675424272120235,1,1.01487033451481,80,0.02487111364573,-13.7770354299925,34.8573714960726,-1.96307664025114,5.33355648235565,0.300605440633948,0.613026963742058,-2.94987907143078,-13.7770354299925,3.55126463552994,-1.96307664025114,1.67401827313807,-1.20195670257906,-0.489346357484661,-252.913479305569,17,2,"normal",7
"3688",12.14898,0.757988780418799,1,1.013066810806,80,0.02487111364573,-13.7770354299925,34.8573714960726,-1.96307664025114,5.33355648235565,0.300605440633948,0.613026963742058,-2.94987907143078,-13.7770354299925,3.55126463552994,-1.96307664025114,1.67401827313807,-1.20195670257906,-0.489346357484661,-252.913479305569,17,2,"normal",8
"3689",15.2356,0.782594332574186,1,0.923532098969642,80,0.02487111364573,-13.7770354299925,34.8573714960726,-1.96307664025114,5.33355648235565,0.300605440633948,0.613026963742058,-2.94987907143078,-13.7770354299925,3.55126463552994,-1.96307664025114,1.67401827313807,-1.20195670257906,-0.489346357484661,-252.913479305569,17,2,"normal",9
"3690",9.51178,0.735636050024013,1,0.920671350035285,80,0.02487111364573,-13.7770354299925,34.8573714960726,-1.96307664025114,5.33355648235565,0.300605440633948,0.613026963742058,-2.94987907143078,-13.7770354299925,3.55126463552994,-1.96307664025114,1.67401827313807,-1.20195670257906,-0.489346357484661,-252.913479305569,17,2,"normal",10
"3691",7.291692,0.715917589170936,0,1.12952939031378,80,0.02487111364573,-13.7770354299925,34.8573714960726,-1.96307664025114,5.33355648235565,0.300605440633948,0.613026963742058,-2.94987907143078,-13.7770354299925,3.55126463552994,-1.96307664025114,1.67401827313807,-1.20195670257906,-0.489346357484661,-252.913479305569,17,2,"normal",11
"3692",14.04904,0.773338888148191,1,0.930415022931721,80,0.02487111364573,-13.7770354299925,34.8573714960726,-1.96307664025114,5.33355648235565,0.300605440633948,0.613026963742058,-2.94987907143078,-13.7770354299925,3.55126463552994,-1.96307664025114,1.67401827313807,-1.20195670257906,-0.489346357484661,-252.913479305569,17,2,"normal",12
"3693",15.125197,0.781744021443041,1,1.09945653131312,80,0.02487111364573,-13.7770354299925,34.8573714960726,-1.96307664025114,5.33355648235565,0.300605440633948,0.613026963742058,-2.94987907143078,-13.7770354299925,3.55126463552994,-1.96307664025114,1.67401827313807,-1.20195670257906,-0.489346357484661,-252.913479305569,17,2,"normal",13
"3694",5.27223,0.697307738376736,1,1.28317424253883,80,0.02487111364573,-13.7770354299925,34.8573714960726,-1.96307664025114,5.33355648235565,0.300605440633948,0.613026963742058,-2.94987907143078,-13.7770354299925,3.55126463552994,-1.96307664025114,1.67401827313807,-1.20195670257906,-0.489346357484661,-252.913479305569,17,2,"normal",14
"3695",1.20475,0.658056701369743,1,1.14047319912467,80,0.02487111364573,-13.7770354299925,34.8573714960726,-1.96307664025114,5.33355648235565,0.300605440633948,0.613026963742058,-2.94987907143078,-13.7770354299925,3.55126463552994,-1.96307664025114,1.67401827313807,-1.20195670257906,-0.489346357484661,-252.913479305569,17,2,"normal",15
"3696",-14.67985,0.490182365332552,1,1.50633311713132,80,0.02487111364573,-13.7770354299925,34.8573714960726,-1.96307664025114,5.33355648235565,0.300605440633948,0.613026963742058,-2.94987907143078,-13.7770354299925,3.55126463552994,-1.96307664025114,1.67401827313807,-1.20195670257906,-0.489346357484661,-252.913479305569,17,2,"normal",16
"3697",2.1393,0.667269551904786,1,1.31322815661333,80,0.02487111364573,-13.7770354299925,34.8573714960726,-1.96307664025114,5.33355648235565,0.300605440633948,0.613026963742058,-2.94987907143078,-13.7770354299925,3.55126463552994,-1.96307664025114,1.67401827313807,-1.20195670257906,-0.489346357484661,-252.913479305569,17,2,"normal",17
"3698",-11.0336773303,0.529805142766144,0,1.21098848267766,80,0.02487111364573,-13.7770354299925,34.8573714960726,-1.96307664025114,5.33355648235565,0.300605440633948,0.613026963742058,-2.94987907143078,-13.7770354299925,3.55126463552994,-1.96307664025114,1.67401827313807,-1.20195670257906,-0.489346357484661,-252.913479305569,17,2,"normal",18
"3699",-46.1717,0.19245298252948,0,1.02880335733135,80,0.02487111364573,-13.7770354299925,34.8573714960726,-1.96307664025114,5.33355648235565,0.300605440633948,0.613026963742058,-2.94987907143078,-13.7770354299925,3.55126463552994,-1.96307664025114,1.67401827313807,-1.20195670257906,-0.489346357484661,-252.913479305569,17,2,"normal",19
"3700",-16.49459,0.470474628795087,0,1.17569500825512,80,0.02487111364573,-13.7770354299925,34.8573714960726,-1.96307664025114,5.33355648235565,0.300605440633948,0.613026963742058,-2.94987907143078,-13.7770354299925,3.55126463552994,-1.96307664025114,1.67401827313807,-1.20195670257906,-0.489346357484661,-252.913479305569,17,2,"normal",20
"3701",-9.06951,0.551042386611719,1,1.00238300834849,80,0.02487111364573,-13.7770354299925,34.8573714960726,-1.96307664025114,5.33355648235565,0.300605440633948,0.613026963742058,-2.94987907143078,-13.7770354299925,3.55126463552994,-1.96307664025114,1.67401827313807,-1.20195670257906,-0.489346357484661,-252.913479305569,17,2,"normal",21
"3702",15.46894,0.784384121369892,1,0.870015857727835,80,0.02487111364573,-13.7770354299925,34.8573714960726,-1.96307664025114,5.33355648235565,0.300605440633948,0.613026963742058,-2.94987907143078,-13.7770354299925,3.55126463552994,-1.96307664025114,1.67401827313807,-1.20195670257906,-0.489346357484661,-252.913479305569,17,2,"normal",22
"3703",3.47359,0.680227534268759,0,1.06829464285952,80,0.02487111364573,-13.7770354299925,34.8573714960726,-1.96307664025114,5.33355648235565,0.300605440633948,0.613026963742058,-2.94987907143078,-13.7770354299925,3.55126463552994,-1.96307664025114,1.67401827313807,-1.20195670257906,-0.489346357484661,-252.913479305569,17,2,"normal",23
"3704",-31.873963,0.311678711464908,0,1.19277520527691,80,0.02487111364573,-13.7770354299925,34.8573714960726,-1.96307664025114,5.33355648235565,0.300605440633948,0.613026963742058,-2.94987907143078,-13.7770354299925,3.55126463552994,-1.96307664025114,1.67401827313807,-1.20195670257906,-0.489346357484661,-252.913479305569,17,2,"normal",24
"3705",-17.11119,0.463793982650229,0,1.14908247338413,80,0.02487111364573,-13.7770354299925,34.8573714960726,-1.96307664025114,5.33355648235565,0.300605440633948,0.613026963742058,-2.94987907143078,-13.7770354299925,3.55126463552994,-1.96307664025114,1.67401827313807,-1.20195670257906,-0.489346357484661,-252.913479305569,17,2,"normal",25
"3706",-16.4937,0.470484278798332,1,0.970738074430444,80,0.02487111364573,-13.7770354299925,34.8573714960726,-1.96307664025114,5.33355648235565,0.300605440633948,0.613026963742058,-2.94987907143078,-13.7770354299925,3.55126463552994,-1.96307664025114,1.67401827313807,-1.20195670257906,-0.489346357484661,-252.913479305569,17,2,"normal",26
"3707",-8.135,0.561094152319845,1,1.23306737671759,80,0.02487111364573,-13.7770354299925,34.8573714960726,-1.96307664025114,5.33355648235565,0.300605440633948,0.613026963742058,-2.94987907143078,-13.7770354299925,3.55126463552994,-1.96307664025114,1.67401827313807,-1.20195670257906,-0.489346357484661,-252.913479305569,17,2,"normal",27
"3708",4.59017,0.690884943946287,0,1.12427567872354,80,0.02487111364573,-13.7770354299925,34.8573714960726,-1.96307664025114,5.33355648235565,0.300605440633948,0.613026963742058,-2.94987907143078,-13.7770354299925,3.55126463552994,-1.96307664025114,1.67401827313807,-1.20195670257906,-0.489346357484661,-252.913479305569,17,2,"normal",28
"3709",22.04351,0.83063124858693,0,0.804297363847362,80,0.02487111364573,-13.7770354299925,34.8573714960726,-1.96307664025114,5.33355648235565,0.300605440633948,0.613026963742058,-2.94987907143078,-13.7770354299925,3.55126463552994,-1.96307664025114,1.67401827313807,-1.20195670257906,-0.489346357484661,-252.913479305569,17,2,"normal",29
"3710",-5.8734216912,0.585226371376372,1,1.19322662677643,80,0.02487111364573,-13.7770354299925,34.8573714960726,-1.96307664025114,5.33355648235565,0.300605440633948,0.613026963742058,-2.94987907143078,-13.7770354299925,3.55126463552994,-1.96307664025114,1.67401827313807,-1.20195670257906,-0.489346357484661,-252.913479305569,17,2,"normal",30
"3711",10.316022,0.742578804865819,1,1.07760306493405,80,0.02487111364573,-13.7770354299925,34.8573714960726,-1.96307664025114,5.33355648235565,0.300605440633948,0.613026963742058,-2.94987907143078,-13.7770354299925,3.55126463552994,-1.96307664025114,1.67401827313807,-1.20195670257906,-0.489346357484661,-252.913479305569,17,2,"normal",31
"3712",14.5119,0.776979843996983,1,0.879237437951349,80,0.02487111364573,-13.7770354299925,34.8573714960726,-1.96307664025114,5.33355648235565,0.300605440633948,0.613026963742058,-2.94987907143078,-13.7770354299925,3.55126463552994,-1.96307664025114,1.67401827313807,-1.20195670257906,-0.489346357484661,-252.913479305569,17,2,"normal",32
"3713",41.517535,0.921596505450386,1,0.71780428432135,80,0.02487111364573,-13.7770354299925,34.8573714960726,-1.96307664025114,5.33355648235565,0.300605440633948,0.613026963742058,-2.94987907143078,-13.7770354299925,3.55126463552994,-1.96307664025114,1.67401827313807,-1.20195670257906,-0.489346357484661,-252.913479305569,17,2,"normal",33
"3714",-31.46582,0.315569615136347,0,1.11154474438804,80,0.02487111364573,-13.7770354299925,34.8573714960726,-1.96307664025114,5.33355648235565,0.300605440633948,0.613026963742058,-2.94987907143078,-13.7770354299925,3.55126463552994,-1.96307664025114,1.67401827313807,-1.20195670257906,-0.489346357484661,-252.913479305569,17,2,"normal",34
"3715",-8.10317,0.56143579516941,1,0.916480352720739,80,0.02487111364573,-13.7770354299925,34.8573714960726,-1.96307664025114,5.33355648235565,0.300605440633948,0.613026963742058,-2.94987907143078,-13.7770354299925,3.55126463552994,-1.96307664025114,1.67401827313807,-1.20195670257906,-0.489346357484661,-252.913479305569,17,2,"normal",35
"3716",-10.6611553057,0.533842274288208,1,1.09240354296551,80,0.02487111364573,-13.7770354299925,34.8573714960726,-1.96307664025114,5.33355648235565,0.300605440633948,0.613026963742058,-2.94987907143078,-13.7770354299925,3.55126463552994,-1.96307664025114,1.67401827313807,-1.20195670257906,-0.489346357484661,-252.913479305569,17,2,"normal",36
"3717",1.5557,0.661529197736972,1,0.956672020723367,80,0.02487111364573,-13.7770354299925,34.8573714960726,-1.96307664025114,5.33355648235565,0.300605440633948,0.613026963742058,-2.94987907143078,-13.7770354299925,3.55126463552994,-1.96307664025114,1.67401827313807,-1.20195670257906,-0.489346357484661,-252.913479305569,17,2,"normal",37
"3718",-6.59295,0.577582265533143,0,1.24389087607138,80,0.02487111364573,-13.7770354299925,34.8573714960726,-1.96307664025114,5.33355648235565,0.300605440633948,0.613026963742058,-2.94987907143078,-13.7770354299925,3.55126463552994,-1.96307664025114,1.67401827313807,-1.20195670257906,-0.489346357484661,-252.913479305569,17,2,"normal",38
"3719",1.0681,0.65670052034151,1,1.00889706618502,80,0.02487111364573,-13.7770354299925,34.8573714960726,-1.96307664025114,5.33355648235565,0.300605440633948,0.613026963742058,-2.94987907143078,-13.7770354299925,3.55126463552994,-1.96307664025114,1.67401827313807,-1.20195670257906,-0.489346357484661,-252.913479305569,17,2,"normal",39
"3720",-20.22034,0.430321636988672,0,1.31937192684169,80,0.02487111364573,-13.7770354299925,34.8573714960726,-1.96307664025114,5.33355648235565,0.300605440633948,0.613026963742058,-2.94987907143078,-13.7770354299925,3.55126463552994,-1.96307664025114,1.67401827313807,-1.20195670257906,-0.489346357484661,-252.913479305569,17,2,"normal",40
"3721",-6.4492,0.579112137806202,0,1.26848566376049,80,0.02487111364573,-13.7770354299925,34.8573714960726,-1.96307664025114,5.33355648235565,0.300605440633948,0.613026963742058,-2.94987907143078,-13.7770354299925,3.55126463552994,-1.96307664025114,1.67401827313807,-1.20195670257906,-0.489346357484661,-252.913479305569,17,2,"normal",41
"3722",-10.0724252778,0.540214475814299,0,1.38704118312302,80,0.02487111364573,-13.7770354299925,34.8573714960726,-1.96307664025114,5.33355648235565,0.300605440633948,0.613026963742058,-2.94987907143078,-13.7770354299925,3.55126463552994,-1.96307664025114,1.67401827313807,-1.20195670257906,-0.489346357484661,-252.913479305569,17,2,"normal",42
"3723",-8.2347155674,0.560023543605716,0,1.06474188074714,80,0.02487111364573,-13.7770354299925,34.8573714960726,-1.96307664025114,5.33355648235565,0.300605440633948,0.613026963742058,-2.94987907143078,-13.7770354299925,3.55126463552994,-1.96307664025114,1.67401827313807,-1.20195670257906,-0.489346357484661,-252.913479305569,17,2,"normal",43
"3724",2.50728,0.670866651571889,0,0.838489774900326,80,0.02487111364573,-13.7770354299925,34.8573714960726,-1.96307664025114,5.33355648235565,0.300605440633948,0.613026963742058,-2.94987907143078,-13.7770354299925,3.55126463552994,-1.96307664025114,1.67401827313807,-1.20195670257906,-0.489346357484661,-252.913479305569,17,2,"normal",44
"3725",-6.7793,0.575597086368866,0,1.09730856465654,80,0.02487111364573,-13.7770354299925,34.8573714960726,-1.96307664025114,5.33355648235565,0.300605440633948,0.613026963742058,-2.94987907143078,-13.7770354299925,3.55126463552994,-1.96307664025114,1.67401827313807,-1.20195670257906,-0.489346357484661,-252.913479305569,17,2,"normal",45
"3726",-32.88491,0.302143516379637,1,1.49683887800708,80,0.02487111364573,-13.7770354299925,34.8573714960726,-1.96307664025114,5.33355648235565,0.300605440633948,0.613026963742058,-2.94987907143078,-13.7770354299925,3.55126463552994,-1.96307664025114,1.67401827313807,-1.20195670257906,-0.489346357484661,-252.913479305569,17,2,"normal",46
"3727",-34.81974,0.284318229977768,1,0.996140117888841,80,0.02487111364573,-13.7770354299925,34.8573714960726,-1.96307664025114,5.33355648235565,0.300605440633948,0.613026963742058,-2.94987907143078,-13.7770354299925,3.55126463552994,-1.96307664025114,1.67401827313807,-1.20195670257906,-0.489346357484661,-252.913479305569,17,2,"normal",47
"3728",-8.1560553994,0.560868129369116,0,0.968192892057008,80,0.02487111364573,-13.7770354299925,34.8573714960726,-1.96307664025114,5.33355648235565,0.300605440633948,0.613026963742058,-2.94987907143078,-13.7770354299925,3.55126463552994,-1.96307664025114,1.67401827313807,-1.20195670257906,-0.489346357484661,-252.913479305569,17,2,"normal",48
"3729",-36.10112,0.272834243564699,0,1.05913131471904,80,0.02487111364573,-13.7770354299925,34.8573714960726,-1.96307664025114,5.33355648235565,0.300605440633948,0.613026963742058,-2.94987907143078,-13.7770354299925,3.55126463552994,-1.96307664025114,1.67401827313807,-1.20195670257906,-0.489346357484661,-252.913479305569,17,2,"normal",49
"3730",-5.95026886914,0.584411612554661,1,0.897876676054824,80,0.02487111364573,-13.7770354299925,34.8573714960726,-1.96307664025114,5.33355648235565,0.300605440633948,0.613026963742058,-2.94987907143078,-13.7770354299925,3.55126463552994,-1.96307664025114,1.67401827313807,-1.20195670257906,-0.489346357484661,-252.913479305569,17,2,"normal",50
"3731",-11.56821,0.524006435780007,0,1.38733816000413,80,0.02487111364573,-13.7770354299925,34.8573714960726,-1.96307664025114,5.33355648235565,0.300605440633948,0.613026963742058,-2.94987907143078,-13.7770354299925,3.55126463552994,-1.96307664025114,1.67401827313807,-1.20195670257906,-0.489346357484661,-252.913479305569,17,2,"normal",51
"3732",-35.1843,0.281024312000747,0,1.09206600479989,80,0.02487111364573,-13.7770354299925,34.8573714960726,-1.96307664025114,5.33355648235565,0.300605440633948,0.613026963742058,-2.94987907143078,-13.7770354299925,3.55126463552994,-1.96307664025114,1.67401827313807,-1.20195670257906,-0.489346357484661,-252.913479305569,17,2,"normal",52
"3733",-5.249272,0.591828397023354,0,1.13172435762548,80,0.02487111364573,-13.7770354299925,34.8573714960726,-1.96307664025114,5.33355648235565,0.300605440633948,0.613026963742058,-2.94987907143078,-13.7770354299925,3.55126463552994,-1.96307664025114,1.67401827313807,-1.20195670257906,-0.489346357484661,-252.913479305569,17,2,"normal",53
"3734",3.45634,0.680061531285704,1,1.15354220479193,80,0.02487111364573,-13.7770354299925,34.8573714960726,-1.96307664025114,5.33355648235565,0.300605440633948,0.613026963742058,-2.94987907143078,-13.7770354299925,3.55126463552994,-1.96307664025114,1.67401827313807,-1.20195670257906,-0.489346357484661,-252.913479305569,17,2,"normal",54
"3735",25.376515,0.850962867022619,1,0.886109424363878,80,0.02487111364573,-13.7770354299925,34.8573714960726,-1.96307664025114,5.33355648235565,0.300605440633948,0.613026963742058,-2.94987907143078,-13.7770354299925,3.55126463552994,-1.96307664025114,1.67401827313807,-1.20195670257906,-0.489346357484661,-252.913479305569,17,2,"normal",55
"3736",2.0139,0.666039747718054,1,1.00183520856872,80,0.02487111364573,-13.7770354299925,34.8573714960726,-1.96307664025114,5.33355648235565,0.300605440633948,0.613026963742058,-2.94987907143078,-13.7770354299925,3.55126463552994,-1.96307664025114,1.67401827313807,-1.20195670257906,-0.489346357484661,-252.913479305569,17,2,"normal",56
"3737",-13.13136,0.507021764940542,0,1.44757703996837,80,0.02487111364573,-13.7770354299925,34.8573714960726,-1.96307664025114,5.33355648235565,0.300605440633948,0.613026963742058,-2.94987907143078,-13.7770354299925,3.55126463552994,-1.96307664025114,1.67401827313807,-1.20195670257906,-0.489346357484661,-252.913479305569,17,2,"normal",57
"3738",1.05276,0.656548136935342,0,0.945055975347726,80,0.02487111364573,-13.7770354299925,34.8573714960726,-1.96307664025114,5.33355648235565,0.300605440633948,0.613026963742058,-2.94987907143078,-13.7770354299925,3.55126463552994,-1.96307664025114,1.67401827313807,-1.20195670257906,-0.489346357484661,-252.913479305569,17,2,"normal",58
"3739",38.74366,0.912469114556082,1,0.927161516305138,80,0.02487111364573,-13.7770354299925,34.8573714960726,-1.96307664025114,5.33355648235565,0.300605440633948,0.613026963742058,-2.94987907143078,-13.7770354299925,3.55126463552994,-1.96307664025114,1.67401827313807,-1.20195670257906,-0.489346357484661,-252.913479305569,17,2,"normal",59
"3740",-19.45538,0.43851613267727,0,1.53131705751534,80,0.02487111364573,-13.7770354299925,34.8573714960726,-1.96307664025114,5.33355648235565,0.300605440633948,0.613026963742058,-2.94987907143078,-13.7770354299925,3.55126463552994,-1.96307664025114,1.67401827313807,-1.20195670257906,-0.489346357484661,-252.913479305569,17,2,"normal",60
"3741",-20.655732,0.425672149114064,0,1.24220222930572,80,0.02487111364573,-13.7770354299925,34.8573714960726,-1.96307664025114,5.33355648235565,0.300605440633948,0.613026963742058,-2.94987907143078,-13.7770354299925,3.55126463552994,-1.96307664025114,1.67401827313807,-1.20195670257906,-0.489346357484661,-252.913479305569,17,2,"normal",61
"3742",-3.99897536405,0.604964789582764,0,1.30647943183422,80,0.02487111364573,-13.7770354299925,34.8573714960726,-1.96307664025114,5.33355648235565,0.300605440633948,0.613026963742058,-2.94987907143078,-13.7770354299925,3.55126463552994,-1.96307664025114,1.67401827313807,-1.20195670257906,-0.489346357484661,-252.913479305569,17,2,"normal",62
"3743",5.055,0.695269467588085,1,1.01991177916587,80,0.02487111364573,-13.7770354299925,34.8573714960726,-1.96307664025114,5.33355648235565,0.300605440633948,0.613026963742058,-2.94987907143078,-13.7770354299925,3.55126463552994,-1.96307664025114,1.67401827313807,-1.20195670257906,-0.489346357484661,-252.913479305569,17,2,"normal",63
"3744",21.38953,0.826396031696742,1,0.995222502986197,80,0.02487111364573,-13.7770354299925,34.8573714960726,-1.96307664025114,5.33355648235565,0.300605440633948,0.613026963742058,-2.94987907143078,-13.7770354299925,3.55126463552994,-1.96307664025114,1.67401827313807,-1.20195670257906,-0.489346357484661,-252.913479305569,17,2,"normal",64
"3745",-13.59655,0.501962895002754,1,1.43256693991747,80,0.02487111364573,-13.7770354299925,34.8573714960726,-1.96307664025114,5.33355648235565,0.300605440633948,0.613026963742058,-2.94987907143078,-13.7770354299925,3.55126463552994,-1.96307664025114,1.67401827313807,-1.20195670257906,-0.489346357484661,-252.913479305569,17,2,"normal",65
"3746",0.51595,0.65119781529199,0,1.29621635609132,80,0.02487111364573,-13.7770354299925,34.8573714960726,-1.96307664025114,5.33355648235565,0.300605440633948,0.613026963742058,-2.94987907143078,-13.7770354299925,3.55126463552994,-1.96307664025114,1.67401827313807,-1.20195670257906,-0.489346357484661,-252.913479305569,17,2,"normal",66
"3747",21.72943,0.828607343884986,1,0.888185846664364,80,0.02487111364573,-13.7770354299925,34.8573714960726,-1.96307664025114,5.33355648235565,0.300605440633948,0.613026963742058,-2.94987907143078,-13.7770354299925,3.55126463552994,-1.96307664025114,1.67401827313807,-1.20195670257906,-0.489346357484661,-252.913479305569,17,2,"normal",67
"3748",-45.48183,0.197369390571451,0,0.934410969755256,80,0.02487111364573,-13.7770354299925,34.8573714960726,-1.96307664025114,5.33355648235565,0.300605440633948,0.613026963742058,-2.94987907143078,-13.7770354299925,3.55126463552994,-1.96307664025114,1.67401827313807,-1.20195670257906,-0.489346357484661,-252.913479305569,17,2,"normal",68
"3749",10.04086,0.740215686296227,1,1.14546217857542,80,0.02487111364573,-13.7770354299925,34.8573714960726,-1.96307664025114,5.33355648235565,0.300605440633948,0.613026963742058,-2.94987907143078,-13.7770354299925,3.55126463552994,-1.96307664025114,1.67401827313807,-1.20195670257906,-0.489346357484661,-252.913479305569,17,2,"normal",69
"3750",23.54309,0.840037489452719,1,0.919105160115932,80,0.02487111364573,-13.7770354299925,34.8573714960726,-1.96307664025114,5.33355648235565,0.300605440633948,0.613026963742058,-2.94987907143078,-13.7770354299925,3.55126463552994,-1.96307664025114,1.67401827313807,-1.20195670257906,-0.489346357484661,-252.913479305569,17,2,"normal",70
"3751",19.996,0.817101505039676,0,0.843594379662028,80,0.02487111364573,-13.7770354299925,34.8573714960726,-1.96307664025114,5.33355648235565,0.300605440633948,0.613026963742058,-2.94987907143078,-13.7770354299925,3.55126463552994,-1.96307664025114,1.67401827313807,-1.20195670257906,-0.489346357484661,-252.913479305569,17,2,"normal",71
"3752",34.48542,0.896170007929035,1,0.845564524597535,80,0.02487111364573,-13.7770354299925,34.8573714960726,-1.96307664025114,5.33355648235565,0.300605440633948,0.613026963742058,-2.94987907143078,-13.7770354299925,3.55126463552994,-1.96307664025114,1.67401827313807,-1.20195670257906,-0.489346357484661,-252.913479305569,17,2,"normal",72
"3753",-40.647986,0.234296695494386,0,1.0160756260687,80,0.02487111364573,-13.7770354299925,34.8573714960726,-1.96307664025114,5.33355648235565,0.300605440633948,0.613026963742058,-2.94987907143078,-13.7770354299925,3.55126463552994,-1.96307664025114,1.67401827313807,-1.20195670257906,-0.489346357484661,-252.913479305569,17,2,"normal",73
"3754",-20.028248,0.432376417919773,1,1.17527366986546,80,0.02487111364573,-13.7770354299925,34.8573714960726,-1.96307664025114,5.33355648235565,0.300605440633948,0.613026963742058,-2.94987907143078,-13.7770354299925,3.55126463552994,-1.96307664025114,1.67401827313807,-1.20195670257906,-0.489346357484661,-252.913479305569,17,2,"normal",74
"3755",18.08648,0.803769666340371,1,1.07859485884479,80,0.02487111364573,-13.7770354299925,34.8573714960726,-1.96307664025114,5.33355648235565,0.300605440633948,0.613026963742058,-2.94987907143078,-13.7770354299925,3.55126463552994,-1.96307664025114,1.67401827313807,-1.20195670257906,-0.489346357484661,-252.913479305569,17,2,"normal",75
"3756",-13.64386,0.50144837130694,0,1.24079576016295,80,0.02487111364573,-13.7770354299925,34.8573714960726,-1.96307664025114,5.33355648235565,0.300605440633948,0.613026963742058,-2.94987907143078,-13.7770354299925,3.55126463552994,-1.96307664025114,1.67401827313807,-1.20195670257906,-0.489346357484661,-252.913479305569,17,2,"normal",76
"3757",27.160105,0.860989882632767,1,0.896173014491219,80,0.02487111364573,-13.7770354299925,34.8573714960726,-1.96307664025114,5.33355648235565,0.300605440633948,0.613026963742058,-2.94987907143078,-13.7770354299925,3.55126463552994,-1.96307664025114,1.67401827313807,-1.20195670257906,-0.489346357484661,-252.913479305569,17,2,"normal",77
"3758",0.80872,0.654120088196988,0,1.17986085900377,80,0.02487111364573,-13.7770354299925,34.8573714960726,-1.96307664025114,5.33355648235565,0.300605440633948,0.613026963742058,-2.94987907143078,-13.7770354299925,3.55126463552994,-1.96307664025114,1.67401827313807,-1.20195670257906,-0.489346357484661,-252.913479305569,17,2,"normal",78
"3759",36.97479,0.906046740720088,1,0.926848894422314,80,0.02487111364573,-13.7770354299925,34.8573714960726,-1.96307664025114,5.33355648235565,0.300605440633948,0.613026963742058,-2.94987907143078,-13.7770354299925,3.55126463552994,-1.96307664025114,1.67401827313807,-1.20195670257906,-0.489346357484661,-252.913479305569,17,2,"normal",79
"3760",-38.0284,0.256067459758159,0,1.07543386402916,80,0.02487111364573,-13.7770354299925,34.8573714960726,-1.96307664025114,5.33355648235565,0.300605440633948,0.613026963742058,-2.94987907143078,-13.7770354299925,3.55126463552994,-1.96307664025114,1.67401827313807,-1.20195670257906,-0.489346357484661,-252.913479305569,17,2,"normal",80
"3761",-8.9935990528,0.746017908983393,1,1.02436502611812,80,0.000724651745284034,-22.8754906376317,20.9340267073239,-2.06040703000247,2.71584919707368,0.924300711222518,0.905704388735259,-6.53522183454096,-22.8754906376317,3.04137590721882,-2.06040703000247,0.999104684249815,-0.0787178152401893,-0.0990423079297919,-6.58721640512003,18,2,"normal",1
"3762",-9.2008592257,0.742841947753195,1,1.0527137212906,80,0.000724651745284034,-22.8754906376317,20.9340267073239,-2.06040703000247,2.71584919707368,0.924300711222518,0.905704388735259,-6.53522183454096,-22.8754906376317,3.04137590721882,-2.06040703000247,0.999104684249815,-0.0787178152401893,-0.0990423079297919,-6.58721640512003,18,2,"normal",2
"3763",-17.599045336,0.59935502776765,0,0.958091835660059,80,0.000724651745284034,-22.8754906376317,20.9340267073239,-2.06040703000247,2.71584919707368,0.924300711222518,0.905704388735259,-6.53522183454096,-22.8754906376317,3.04137590721882,-2.06040703000247,0.999104684249815,-0.0787178152401893,-0.0990423079297919,-6.58721640512003,18,2,"normal",3
"3764",-13.571226087,0.671394955371636,1,1.12704853459541,80,0.000724651745284034,-22.8754906376317,20.9340267073239,-2.06040703000247,2.71584919707368,0.924300711222518,0.905704388735259,-6.53522183454096,-22.8754906376317,3.04137590721882,-2.06040703000247,0.999104684249815,-0.0787178152401893,-0.0990423079297919,-6.58721640512003,18,2,"normal",4
"3765",-28.1939,0.399871580366091,1,1.52020267454354,80,0.000724651745284034,-22.8754906376317,20.9340267073239,-2.06040703000247,2.71584919707368,0.924300711222518,0.905704388735259,-6.53522183454096,-22.8754906376317,3.04137590721882,-2.06040703000247,0.999104684249815,-0.0787178152401893,-0.0990423079297919,-6.58721640512003,18,2,"normal",5
"3766",-11.9436125461,0.698947853434729,1,1.19216405931675,80,0.000724651745284034,-22.8754906376317,20.9340267073239,-2.06040703000247,2.71584919707368,0.924300711222518,0.905704388735259,-6.53522183454096,-22.8754906376317,3.04137590721882,-2.06040703000247,0.999104684249815,-0.0787178152401893,-0.0990423079297919,-6.58721640512003,18,2,"normal",6
"3767",-18.990842721,0.573500841980771,1,1.13249413293915,80,0.000724651745284034,-22.8754906376317,20.9340267073239,-2.06040703000247,2.71584919707368,0.924300711222518,0.905704388735259,-6.53522183454096,-22.8754906376317,3.04137590721882,-2.06040703000247,0.999104684249815,-0.0787178152401893,-0.0990423079297919,-6.58721640512003,18,2,"normal",7
"3768",-38.2307,0.232014252845433,0,1.00180996247639,80,0.000724651745284034,-22.8754906376317,20.9340267073239,-2.06040703000247,2.71584919707368,0.924300711222518,0.905704388735259,-6.53522183454096,-22.8754906376317,3.04137590721882,-2.06040703000247,0.999104684249815,-0.0787178152401893,-0.0990423079297919,-6.58721640512003,18,2,"normal",8
"3769",-18.83143,0.57648046933329,1,1.12707710852367,80,0.000724651745284034,-22.8754906376317,20.9340267073239,-2.06040703000247,2.71584919707368,0.924300711222518,0.905704388735259,-6.53522183454096,-22.8754906376317,3.04137590721882,-2.06040703000247,0.999104684249815,-0.0787178152401893,-0.0990423079297919,-6.58721640512003,18,2,"normal",9
"3770",-43.66921,0.160774817021895,0,0.962370462292755,80,0.000724651745284034,-22.8754906376317,20.9340267073239,-2.06040703000247,2.71584919707368,0.924300711222518,0.905704388735259,-6.53522183454096,-22.8754906376317,3.04137590721882,-2.06040703000247,0.999104684249815,-0.0787178152401893,-0.0990423079297919,-6.58721640512003,18,2,"normal",10
"3771",-15.30957,0.640901757472408,1,1.38548071521321,80,0.000724651745284034,-22.8754906376317,20.9340267073239,-2.06040703000247,2.71584919707368,0.924300711222518,0.905704388735259,-6.53522183454096,-22.8754906376317,3.04137590721882,-2.06040703000247,0.999104684249815,-0.0787178152401893,-0.0990423079297919,-6.58721640512003,18,2,"normal",11
"3772",-36.92645,0.251406756094296,0,1.47306361245285,80,0.000724651745284034,-22.8754906376317,20.9340267073239,-2.06040703000247,2.71584919707368,0.924300711222518,0.905704388735259,-6.53522183454096,-22.8754906376317,3.04137590721882,-2.06040703000247,0.999104684249815,-0.0787178152401893,-0.0990423079297919,-6.58721640512003,18,2,"normal",12
"3773",-27.16912202,0.418863593799013,0,1.16191392939216,80,0.000724651745284034,-22.8754906376317,20.9340267073239,-2.06040703000247,2.71584919707368,0.924300711222518,0.905704388735259,-6.53522183454096,-22.8754906376317,3.04137590721882,-2.06040703000247,0.999104684249815,-0.0787178152401893,-0.0990423079297919,-6.58721640512003,18,2,"normal",13
"3774",-33.9561,0.298587215657822,0,0.95438926417584,80,0.000724651745284034,-22.8754906376317,20.9340267073239,-2.06040703000247,2.71584919707368,0.924300711222518,0.905704388735259,-6.53522183454096,-22.8754906376317,3.04137590721882,-2.06040703000247,0.999104684249815,-0.0787178152401893,-0.0990423079297919,-6.58721640512003,18,2,"normal",14
"3775",-3.51935,0.821952415161874,1,1.00015089059292,80,0.000724651745284034,-22.8754906376317,20.9340267073239,-2.06040703000247,2.71584919707368,0.924300711222518,0.905704388735259,-6.53522183454096,-22.8754906376317,3.04137590721882,-2.06040703000247,0.999104684249815,-0.0787178152401893,-0.0990423079297919,-6.58721640512003,18,2,"normal",15
"3776",-20.86366,0.538225284481678,1,1.25790414855227,80,0.000724651745284034,-22.8754906376317,20.9340267073239,-2.06040703000247,2.71584919707368,0.924300711222518,0.905704388735259,-6.53522183454096,-22.8754906376317,3.04137590721882,-2.06040703000247,0.999104684249815,-0.0787178152401893,-0.0990423079297919,-6.58721640512003,18,2,"normal",16
"3777",-19.29375,0.567827646911391,1,1.05184413906327,80,0.000724651745284034,-22.8754906376317,20.9340267073239,-2.06040703000247,2.71584919707368,0.924300711222518,0.905704388735259,-6.53522183454096,-22.8754906376317,3.04137590721882,-2.06040703000247,0.999104684249815,-0.0787178152401893,-0.0990423079297919,-6.58721640512003,18,2,"normal",17
"3778",-17.94317,0.592998377122582,0,1.64360811041268,80,0.000724651745284034,-22.8754906376317,20.9340267073239,-2.06040703000247,2.71584919707368,0.924300711222518,0.905704388735259,-6.53522183454096,-22.8754906376317,3.04137590721882,-2.06040703000247,0.999104684249815,-0.0787178152401893,-0.0990423079297919,-6.58721640512003,18,2,"normal",18
"3779",-9.24927,0.742097147636013,1,1.1137180304148,80,0.000724651745284034,-22.8754906376317,20.9340267073239,-2.06040703000247,2.71584919707368,0.924300711222518,0.905704388735259,-6.53522183454096,-22.8754906376317,3.04137590721882,-2.06040703000247,0.999104684249815,-0.0787178152401893,-0.0990423079297919,-6.58721640512003,18,2,"normal",19
"3780",-23.70266,0.484263474388588,0,1.25667725346523,80,0.000724651745284034,-22.8754906376317,20.9340267073239,-2.06040703000247,2.71584919707368,0.924300711222518,0.905704388735259,-6.53522183454096,-22.8754906376317,3.04137590721882,-2.06040703000247,0.999104684249815,-0.0787178152401893,-0.0990423079297919,-6.58721640512003,18,2,"normal",20
"3781",-5.5651,0.79542494152903,1,3.17565996886717,80,0.000724651745284034,-22.8754906376317,20.9340267073239,-2.06040703000247,2.71584919707368,0.924300711222518,0.905704388735259,-6.53522183454096,-22.8754906376317,3.04137590721882,-2.06040703000247,0.999104684249815,-0.0787178152401893,-0.0990423079297919,-6.58721640512003,18,2,"normal",21
"3782",-28.27356,0.398404543139154,0,1.30930790197091,80,0.000724651745284034,-22.8754906376317,20.9340267073239,-2.06040703000247,2.71584919707368,0.924300711222518,0.905704388735259,-6.53522183454096,-22.8754906376317,3.04137590721882,-2.06040703000247,0.999104684249815,-0.0787178152401893,-0.0990423079297919,-6.58721640512003,18,2,"normal",22
"3783",-12.05565,0.697084995677318,1,1.29258442214413,80,0.000724651745284034,-22.8754906376317,20.9340267073239,-2.06040703000247,2.71584919707368,0.924300711222518,0.905704388735259,-6.53522183454096,-22.8754906376317,3.04137590721882,-2.06040703000247,0.999104684249815,-0.0787178152401893,-0.0990423079297919,-6.58721640512003,18,2,"normal",23
"3784",-9.8762,0.732351323610156,1,1.4307863016527,80,0.000724651745284034,-22.8754906376317,20.9340267073239,-2.06040703000247,2.71584919707368,0.924300711222518,0.905704388735259,-6.53522183454096,-22.8754906376317,3.04137590721882,-2.06040703000247,0.999104684249815,-0.0787178152401893,-0.0990423079297919,-6.58721640512003,18,2,"normal",24
"3785",-28.38064,0.396434803264617,0,3.65679812971241,80,0.000724651745284034,-22.8754906376317,20.9340267073239,-2.06040703000247,2.71584919707368,0.924300711222518,0.905704388735259,-6.53522183454096,-22.8754906376317,3.04137590721882,-2.06040703000247,0.999104684249815,-0.0787178152401893,-0.0990423079297919,-6.58721640512003,18,2,"normal",25
"3786",-33.21299,0.310993369661991,0,0.931683003510001,80,0.000724651745284034,-22.8754906376317,20.9340267073239,-2.06040703000247,2.71584919707368,0.924300711222518,0.905704388735259,-6.53522183454096,-22.8754906376317,3.04137590721882,-2.06040703000247,0.999104684249815,-0.0787178152401893,-0.0990423079297919,-6.58721640512003,18,2,"normal",26
"3787",-31.32709,0.34343455132246,1,1.79188759611571,80,0.000724651745284034,-22.8754906376317,20.9340267073239,-2.06040703000247,2.71584919707368,0.924300711222518,0.905704388735259,-6.53522183454096,-22.8754906376317,3.04137590721882,-2.06040703000247,0.999104684249815,-0.0787178152401893,-0.0990423079297919,-6.58721640512003,18,2,"normal",27
"3788",-13.7158,0.668898723167812,0,1.15095026183755,80,0.000724651745284034,-22.8754906376317,20.9340267073239,-2.06040703000247,2.71584919707368,0.924300711222518,0.905704388735259,-6.53522183454096,-22.8754906376317,3.04137590721882,-2.06040703000247,0.999104684249815,-0.0787178152401893,-0.0990423079297919,-6.58721640512003,18,2,"normal",28
"3789",-9.78,0.733858798582244,1,0.927636353209543,80,0.000724651745284034,-22.8754906376317,20.9340267073239,-2.06040703000247,2.71584919707368,0.924300711222518,0.905704388735259,-6.53522183454096,-22.8754906376317,3.04137590721882,-2.06040703000247,0.999104684249815,-0.0787178152401893,-0.0990423079297919,-6.58721640512003,18,2,"normal",29
"3790",-33.83834,0.300538099806993,0,1.91242715386224,80,0.000724651745284034,-22.8754906376317,20.9340267073239,-2.06040703000247,2.71584919707368,0.924300711222518,0.905704388735259,-6.53522183454096,-22.8754906376317,3.04137590721882,-2.06040703000247,0.999104684249815,-0.0787178152401893,-0.0990423079297919,-6.58721640512003,18,2,"normal",30
"3791",-29.532,0.375432527008074,0,1.10133461755805,80,0.000724651745284034,-22.8754906376317,20.9340267073239,-2.06040703000247,2.71584919707368,0.924300711222518,0.905704388735259,-6.53522183454096,-22.8754906376317,3.04137590721882,-2.06040703000247,0.999104684249815,-0.0787178152401893,-0.0990423079297919,-6.58721640512003,18,2,"normal",31
"3792",-29.19673,0.381513238438926,0,1.03284556471363,80,0.000724651745284034,-22.8754906376317,20.9340267073239,-2.06040703000247,2.71584919707368,0.924300711222518,0.905704388735259,-6.53522183454096,-22.8754906376317,3.04137590721882,-2.06040703000247,0.999104684249815,-0.0787178152401893,-0.0990423079297919,-6.58721640512003,18,2,"normal",32
"3793",-25.02129,0.459237900583058,0,1.31339470199843,80,0.000724651745284034,-22.8754906376317,20.9340267073239,-2.06040703000247,2.71584919707368,0.924300711222518,0.905704388735259,-6.53522183454096,-22.8754906376317,3.04137590721882,-2.06040703000247,0.999104684249815,-0.0787178152401893,-0.0990423079297919,-6.58721640512003,18,2,"normal",33
"3794",-17.96737,0.592550408839921,0,1.38081924633379,80,0.000724651745284034,-22.8754906376317,20.9340267073239,-2.06040703000247,2.71584919707368,0.924300711222518,0.905704388735259,-6.53522183454096,-22.8754906376317,3.04137590721882,-2.06040703000247,0.999104684249815,-0.0787178152401893,-0.0990423079297919,-6.58721640512003,18,2,"normal",34
"3795",-8.2719,0.756913626257947,0,1.07555839918922,80,0.000724651745284034,-22.8754906376317,20.9340267073239,-2.06040703000247,2.71584919707368,0.924300711222518,0.905704388735259,-6.53522183454096,-22.8754906376317,3.04137590721882,-2.06040703000247,0.999104684249815,-0.0787178152401893,-0.0990423079297919,-6.58721640512003,18,2,"normal",35
"3796",-3.0571,0.827630436003484,1,1.49460826890438,80,0.000724651745284034,-22.8754906376317,20.9340267073239,-2.06040703000247,2.71584919707368,0.924300711222518,0.905704388735259,-6.53522183454096,-22.8754906376317,3.04137590721882,-2.06040703000247,0.999104684249815,-0.0787178152401893,-0.0990423079297919,-6.58721640512003,18,2,"normal",36
"3797",-8.84607,0.748265925941858,1,1.77784682247228,80,0.000724651745284034,-22.8754906376317,20.9340267073239,-2.06040703000247,2.71584919707368,0.924300711222518,0.905704388735259,-6.53522183454096,-22.8754906376317,3.04137590721882,-2.06040703000247,0.999104684249815,-0.0787178152401893,-0.0990423079297919,-6.58721640512003,18,2,"normal",37
"3798",-30.5004,0.358047223934168,0,0.977421741967956,80,0.000724651745284034,-22.8754906376317,20.9340267073239,-2.06040703000247,2.71584919707368,0.924300711222518,0.905704388735259,-6.53522183454096,-22.8754906376317,3.04137590721882,-2.06040703000247,0.999104684249815,-0.0787178152401893,-0.0990423079297919,-6.58721640512003,18,2,"normal",38
"3799",-8.24265,0.757349808035843,1,1.97576871800357,80,0.000724651745284034,-22.8754906376317,20.9340267073239,-2.06040703000247,2.71584919707368,0.924300711222518,0.905704388735259,-6.53522183454096,-22.8754906376317,3.04137590721882,-2.06040703000247,0.999104684249815,-0.0787178152401893,-0.0990423079297919,-6.58721640512003,18,2,"normal",39
"3800",-18.48516,0.582937384579047,1,1.19371524747588,80,0.000724651745284034,-22.8754906376317,20.9340267073239,-2.06040703000247,2.71584919707368,0.924300711222518,0.905704388735259,-6.53522183454096,-22.8754906376317,3.04137590721882,-2.06040703000247,0.999104684249815,-0.0787178152401893,-0.0990423079297919,-6.58721640512003,18,2,"normal",40
"3801",-30.27609,0.362049501041711,0,1.12030772844931,80,0.000724651745284034,-22.8754906376317,20.9340267073239,-2.06040703000247,2.71584919707368,0.924300711222518,0.905704388735259,-6.53522183454096,-22.8754906376317,3.04137590721882,-2.06040703000247,0.999104684249815,-0.0787178152401893,-0.0990423079297919,-6.58721640512003,18,2,"normal",41
"3802",-11.13922,0.7121676042359,0,4.39395286031633,80,0.000724651745284034,-22.8754906376317,20.9340267073239,-2.06040703000247,2.71584919707368,0.924300711222518,0.905704388735259,-6.53522183454096,-22.8754906376317,3.04137590721882,-2.06040703000247,0.999104684249815,-0.0787178152401893,-0.0990423079297919,-6.58721640512003,18,2,"normal",42
"3803",-14.78254,0.65025319431003,1,1.22061408877614,80,0.000724651745284034,-22.8754906376317,20.9340267073239,-2.06040703000247,2.71584919707368,0.924300711222518,0.905704388735259,-6.53522183454096,-22.8754906376317,3.04137590721882,-2.06040703000247,0.999104684249815,-0.0787178152401893,-0.0990423079297919,-6.58721640512003,18,2,"normal",43
"3804",-20.65277,0.542217925817161,0,0.967409829666768,80,0.000724651745284034,-22.8754906376317,20.9340267073239,-2.06040703000247,2.71584919707368,0.924300711222518,0.905704388735259,-6.53522183454096,-22.8754906376317,3.04137590721882,-2.06040703000247,0.999104684249815,-0.0787178152401893,-0.0990423079297919,-6.58721640512003,18,2,"normal",44
"3805",-4.8452,0.805018422681468,1,1.87962283287988,80,0.000724651745284034,-22.8754906376317,20.9340267073239,-2.06040703000247,2.71584919707368,0.924300711222518,0.905704388735259,-6.53522183454096,-22.8754906376317,3.04137590721882,-2.06040703000247,0.999104684249815,-0.0787178152401893,-0.0990423079297919,-6.58721640512003,18,2,"normal",45
"3806",-12.76144,0.685232730026842,0,0.972997939378193,80,0.000724651745284034,-22.8754906376317,20.9340267073239,-2.06040703000247,2.71584919707368,0.924300711222518,0.905704388735259,-6.53522183454096,-22.8754906376317,3.04137590721882,-2.06040703000247,0.999104684249815,-0.0787178152401893,-0.0990423079297919,-6.58721640512003,18,2,"normal",46
"3807",-8.34267,0.755856531299157,1,1.137082154045,80,0.000724651745284034,-22.8754906376317,20.9340267073239,-2.06040703000247,2.71584919707368,0.924300711222518,0.905704388735259,-6.53522183454096,-22.8754906376317,3.04137590721882,-2.06040703000247,0.999104684249815,-0.0787178152401893,-0.0990423079297919,-6.58721640512003,18,2,"normal",47
"3808",-6.79184,0.778441918045315,1,2.64675166588784,80,0.000724651745284034,-22.8754906376317,20.9340267073239,-2.06040703000247,2.71584919707368,0.924300711222518,0.905704388735259,-6.53522183454096,-22.8754906376317,3.04137590721882,-2.06040703000247,0.999104684249815,-0.0787178152401893,-0.0990423079297919,-6.58721640512003,18,2,"normal",48
"3809",-3.8062,0.818369995708841,1,1.0998739116448,80,0.000724651745284034,-22.8754906376317,20.9340267073239,-2.06040703000247,2.71584919707368,0.924300711222518,0.905704388735259,-6.53522183454096,-22.8754906376317,3.04137590721882,-2.06040703000247,0.999104684249815,-0.0787178152401893,-0.0990423079297919,-6.58721640512003,18,2,"normal",49
"3810",-9.12994,0.743931010076414,1,1.13603543288461,80,0.000724651745284034,-22.8754906376317,20.9340267073239,-2.06040703000247,2.71584919707368,0.924300711222518,0.905704388735259,-6.53522183454096,-22.8754906376317,3.04137590721882,-2.06040703000247,0.999104684249815,-0.0787178152401893,-0.0990423079297919,-6.58721640512003,18,2,"normal",50
"3811",-30.1883,0.363620062229689,0,1.1109454021985,80,0.000724651745284034,-22.8754906376317,20.9340267073239,-2.06040703000247,2.71584919707368,0.924300711222518,0.905704388735259,-6.53522183454096,-22.8754906376317,3.04137590721882,-2.06040703000247,0.999104684249815,-0.0787178152401893,-0.0990423079297919,-6.58721640512003,18,2,"normal",51
"3812",-26.6212,0.429099539335556,1,1.00759037280871,80,0.000724651745284034,-22.8754906376317,20.9340267073239,-2.06040703000247,2.71584919707368,0.924300711222518,0.905704388735259,-6.53522183454096,-22.8754906376317,3.04137590721882,-2.06040703000247,0.999104684249815,-0.0787178152401893,-0.0990423079297919,-6.58721640512003,18,2,"normal",52
"3813",-25.57107,0.448845867991307,1,1.10041909596987,80,0.000724651745284034,-22.8754906376317,20.9340267073239,-2.06040703000247,2.71584919707368,0.924300711222518,0.905704388735259,-6.53522183454096,-22.8754906376317,3.04137590721882,-2.06040703000247,0.999104684249815,-0.0787178152401893,-0.0990423079297919,-6.58721640512003,18,2,"normal",53
"3814",-33.7938,0.301277479232039,0,1.43151672309235,80,0.000724651745284034,-22.8754906376317,20.9340267073239,-2.06040703000247,2.71584919707368,0.924300711222518,0.905704388735259,-6.53522183454096,-22.8754906376317,3.04137590721882,-2.06040703000247,0.999104684249815,-0.0787178152401893,-0.0990423079297919,-6.58721640512003,18,2,"normal",54
"3815",-25.25943,0.454732683910019,0,1.09707307519284,80,0.000724651745284034,-22.8754906376317,20.9340267073239,-2.06040703000247,2.71584919707368,0.924300711222518,0.905704388735259,-6.53522183454096,-22.8754906376317,3.04137590721882,-2.06040703000247,0.999104684249815,-0.0787178152401893,-0.0990423079297919,-6.58721640512003,18,2,"normal",55
"3816",-14.15509,0.661267938492395,1,1.1119127030243,80,0.000724651745284034,-22.8754906376317,20.9340267073239,-2.06040703000247,2.71584919707368,0.924300711222518,0.905704388735259,-6.53522183454096,-22.8754906376317,3.04137590721882,-2.06040703000247,0.999104684249815,-0.0787178152401893,-0.0990423079297919,-6.58721640512003,18,2,"normal",56
"3817",-25.81413,0.444262274196887,0,1.02623018771683,80,0.000724651745284034,-22.8754906376317,20.9340267073239,-2.06040703000247,2.71584919707368,0.924300711222518,0.905704388735259,-6.53522183454096,-22.8754906376317,3.04137590721882,-2.06040703000247,0.999104684249815,-0.0787178152401893,-0.0990423079297919,-6.58721640512003,18,2,"normal",57
"3818",-7.129,0.773636235656658,0,1.05012060328396,80,0.000724651745284034,-22.8754906376317,20.9340267073239,-2.06040703000247,2.71584919707368,0.924300711222518,0.905704388735259,-6.53522183454096,-22.8754906376317,3.04137590721882,-2.06040703000247,0.999104684249815,-0.0787178152401893,-0.0990423079297919,-6.58721640512003,18,2,"normal",58
"3819",-29.1254,0.382810784485833,0,0.993448772611948,80,0.000724651745284034,-22.8754906376317,20.9340267073239,-2.06040703000247,2.71584919707368,0.924300711222518,0.905704388735259,-6.53522183454096,-22.8754906376317,3.04137590721882,-2.06040703000247,0.999104684249815,-0.0787178152401893,-0.0990423079297919,-6.58721640512003,18,2,"normal",59
"3820",-31.5863,0.338899426361523,0,1.15933674220435,80,0.000724651745284034,-22.8754906376317,20.9340267073239,-2.06040703000247,2.71584919707368,0.924300711222518,0.905704388735259,-6.53522183454096,-22.8754906376317,3.04137590721882,-2.06040703000247,0.999104684249815,-0.0787178152401893,-0.0990423079297919,-6.58721640512003,18,2,"normal",60
"3821",-10.50738,0.722354659428228,0,1.04574401364068,80,0.000724651745284034,-22.8754906376317,20.9340267073239,-2.06040703000247,2.71584919707368,0.924300711222518,0.905704388735259,-6.53522183454096,-22.8754906376317,3.04137590721882,-2.06040703000247,0.999104684249815,-0.0787178152401893,-0.0990423079297919,-6.58721640512003,18,2,"normal",61
"3822",-32.24674,0.327451063744888,0,1.27003698478817,80,0.000724651745284034,-22.8754906376317,20.9340267073239,-2.06040703000247,2.71584919707368,0.924300711222518,0.905704388735259,-6.53522183454096,-22.8754906376317,3.04137590721882,-2.06040703000247,0.999104684249815,-0.0787178152401893,-0.0990423079297919,-6.58721640512003,18,2,"normal",62
"3823",-32.4289,0.324321283187011,0,1.42746162974386,80,0.000724651745284034,-22.8754906376317,20.9340267073239,-2.06040703000247,2.71584919707368,0.924300711222518,0.905704388735259,-6.53522183454096,-22.8754906376317,3.04137590721882,-2.06040703000247,0.999104684249815,-0.0787178152401893,-0.0990423079297919,-6.58721640512003,18,2,"normal",63
"3824",-15.333,0.640484001052387,0,0.981546377675377,80,0.000724651745284034,-22.8754906376317,20.9340267073239,-2.06040703000247,2.71584919707368,0.924300711222518,0.905704388735259,-6.53522183454096,-22.8754906376317,3.04137590721882,-2.06040703000247,0.999104684249815,-0.0787178152401893,-0.0990423079297919,-6.58721640512003,18,2,"normal",64
"3825",-24.19745,0.474860481939817,0,0.980076231418747,80,0.000724651745284034,-22.8754906376317,20.9340267073239,-2.06040703000247,2.71584919707368,0.924300711222518,0.905704388735259,-6.53522183454096,-22.8754906376317,3.04137590721882,-2.06040703000247,0.999104684249815,-0.0787178152401893,-0.0990423079297919,-6.58721640512003,18,2,"normal",65
"3826",-10.49903,0.722488092995492,1,1.17116489905309,80,0.000724651745284034,-22.8754906376317,20.9340267073239,-2.06040703000247,2.71584919707368,0.924300711222518,0.905704388735259,-6.53522183454096,-22.8754906376317,3.04137590721882,-2.06040703000247,0.999104684249815,-0.0787178152401893,-0.0990423079297919,-6.58721640512003,18,2,"normal",66
"3827",-3.5439,0.821647577945823,1,0.963024336738131,80,0.000724651745284034,-22.8754906376317,20.9340267073239,-2.06040703000247,2.71584919707368,0.924300711222518,0.905704388735259,-6.53522183454096,-22.8754906376317,3.04137590721882,-2.06040703000247,0.999104684249815,-0.0787178152401893,-0.0990423079297919,-6.58721640512003,18,2,"normal",67
"3828",-7.42324,0.76939442807584,1,1.1793374121036,80,0.000724651745284034,-22.8754906376317,20.9340267073239,-2.06040703000247,2.71584919707368,0.924300711222518,0.905704388735259,-6.53522183454096,-22.8754906376317,3.04137590721882,-2.06040703000247,0.999104684249815,-0.0787178152401893,-0.0990423079297919,-6.58721640512003,18,2,"normal",68
"3829",-12.28891,0.693190049055862,1,1.08080129798286,80,0.000724651745284034,-22.8754906376317,20.9340267073239,-2.06040703000247,2.71584919707368,0.924300711222518,0.905704388735259,-6.53522183454096,-22.8754906376317,3.04137590721882,-2.06040703000247,0.999104684249815,-0.0787178152401893,-0.0990423079297919,-6.58721640512003,18,2,"normal",69
"3830",-23.22446,0.493359594555527,1,1.13134410818518,80,0.000724651745284034,-22.8754906376317,20.9340267073239,-2.06040703000247,2.71584919707368,0.924300711222518,0.905704388735259,-6.53522183454096,-22.8754906376317,3.04137590721882,-2.06040703000247,0.999104684249815,-0.0787178152401893,-0.0990423079297919,-6.58721640512003,18,2,"normal",70
"3831",-12.82788,0.684106824286773,0,1.08372918545846,80,0.000724651745284034,-22.8754906376317,20.9340267073239,-2.06040703000247,2.71584919707368,0.924300711222518,0.905704388735259,-6.53522183454096,-22.8754906376317,3.04137590721882,-2.06040703000247,0.999104684249815,-0.0787178152401893,-0.0990423079297919,-6.58721640512003,18,2,"normal",71
"3832",-6.6714,0.780144299684757,1,1.11768384318977,80,0.000724651745284034,-22.8754906376317,20.9340267073239,-2.06040703000247,2.71584919707368,0.924300711222518,0.905704388735259,-6.53522183454096,-22.8754906376317,3.04137590721882,-2.06040703000247,0.999104684249815,-0.0787178152401893,-0.0990423079297919,-6.58721640512003,18,2,"normal",72
"3833",-9.31309,0.741113562359382,1,1.51642892229498,80,0.000724651745284034,-22.8754906376317,20.9340267073239,-2.06040703000247,2.71584919707368,0.924300711222518,0.905704388735259,-6.53522183454096,-22.8754906376317,3.04137590721882,-2.06040703000247,0.999104684249815,-0.0787178152401893,-0.0990423079297919,-6.58721640512003,18,2,"normal",73
"3834",-26.70829,0.427469189877315,0,1.09565459590725,80,0.000724651745284034,-22.8754906376317,20.9340267073239,-2.06040703000247,2.71584919707368,0.924300711222518,0.905704388735259,-6.53522183454096,-22.8754906376317,3.04137590721882,-2.06040703000247,0.999104684249815,-0.0787178152401893,-0.0990423079297919,-6.58721640512003,18,2,"normal",74
"3835",-26.6059,0.42938608582084,0,0.945526779441214,80,0.000724651745284034,-22.8754906376317,20.9340267073239,-2.06040703000247,2.71584919707368,0.924300711222518,0.905704388735259,-6.53522183454096,-22.8754906376317,3.04137590721882,-2.06040703000247,0.999104684249815,-0.0787178152401893,-0.0990423079297919,-6.58721640512003,18,2,"normal",75
"3836",-16.83244,0.613418881576268,0,1.10629860856564,80,0.000724651745284034,-22.8754906376317,20.9340267073239,-2.06040703000247,2.71584919707368,0.924300711222518,0.905704388735259,-6.53522183454096,-22.8754906376317,3.04137590721882,-2.06040703000247,0.999104684249815,-0.0787178152401893,-0.0990423079297919,-6.58721640512003,18,2,"normal",76
"3837",-23.68652,0.484570375516027,0,1.01272826610223,80,0.000724651745284034,-22.8754906376317,20.9340267073239,-2.06040703000247,2.71584919707368,0.924300711222518,0.905704388735259,-6.53522183454096,-22.8754906376317,3.04137590721882,-2.06040703000247,0.999104684249815,-0.0787178152401893,-0.0990423079297919,-6.58721640512003,18,2,"normal",77
"3838",-32.3543,0.325601533418343,0,1.29384599572487,80,0.000724651745284034,-22.8754906376317,20.9340267073239,-2.06040703000247,2.71584919707368,0.924300711222518,0.905704388735259,-6.53522183454096,-22.8754906376317,3.04137590721882,-2.06040703000247,0.999104684249815,-0.0787178152401893,-0.0990423079297919,-6.58721640512003,18,2,"normal",78
"3839",-1.7398,0.843166423124067,1,1.07365345146427,80,0.000724651745284034,-22.8754906376317,20.9340267073239,-2.06040703000247,2.71584919707368,0.924300711222518,0.905704388735259,-6.53522183454096,-22.8754906376317,3.04137590721882,-2.06040703000247,0.999104684249815,-0.0787178152401893,-0.0990423079297919,-6.58721640512003,18,2,"normal",79
"3840",-13.02703,0.680721739852912,1,1.18659159117036,80,0.000724651745284034,-22.8754906376317,20.9340267073239,-2.06040703000247,2.71584919707368,0.924300711222518,0.905704388735259,-6.53522183454096,-22.8754906376317,3.04137590721882,-2.06040703000247,0.999104684249815,-0.0787178152401893,-0.0990423079297919,-6.58721640512003,18,2,"normal",80
"3841",-9.36143930175,0.417619761532271,0,0.534551557170023,80,0.000264139679672187,-6.99531814687688,11.3702245628812,-2.25332751594815,3.59925352786326,0.449965916099146,0.297310510626538,-7.54535690556118,-6.99531814687688,2.43099805804069,-2.25332751594815,1.28072647059007,-0.798583441088239,-1.21297819599878,932.185985062813,19,2,"normal",1
"3842",4.88636341851,0.851798441236265,1,0.510619832522543,80,0.000264139679672187,-6.99531814687688,11.3702245628812,-2.25332751594815,3.59925352786326,0.449965916099146,0.297310510626538,-7.54535690556118,-6.99531814687688,2.43099805804069,-2.25332751594815,1.28072647059007,-0.798583441088239,-1.21297819599878,932.185985062813,19,2,"normal",2
"3843",-1.66709933418,0.68023108537882,0,0.526256071398887,80,0.000264139679672187,-6.99531814687688,11.3702245628812,-2.25332751594815,3.59925352786326,0.449965916099146,0.297310510626538,-7.54535690556118,-6.99531814687688,2.43099805804069,-2.25332751594815,1.28072647059007,-0.798583441088239,-1.21297819599878,932.185985062813,19,2,"normal",3
"3844",3.1670707611,0.814112039937503,1,0.469238190317557,80,0.000264139679672187,-6.99531814687688,11.3702245628812,-2.25332751594815,3.59925352786326,0.449965916099146,0.297310510626538,-7.54535690556118,-6.99531814687688,2.43099805804069,-2.25332751594815,1.28072647059007,-0.798583441088239,-1.21297819599878,932.185985062813,19,2,"normal",4
"3845",-6.3361,0.523104545864097,0,0.415699644346908,80,0.000264139679672187,-6.99531814687688,11.3702245628812,-2.25332751594815,3.59925352786326,0.449965916099146,0.297310510626538,-7.54535690556118,-6.99531814687688,2.43099805804069,-2.25332751594815,1.28072647059007,-0.798583441088239,-1.21297819599878,932.185985062813,19,2,"normal",5
"3846",-7.57943,0.479525346369096,1,0.421374439214494,80,0.000264139679672187,-6.99531814687688,11.3702245628812,-2.25332751594815,3.59925352786326,0.449965916099146,0.297310510626538,-7.54535690556118,-6.99531814687688,2.43099805804069,-2.25332751594815,1.28072647059007,-0.798583441088239,-1.21297819599878,932.185985062813,19,2,"normal",6
"3847",-18.72767,0.151255823651652,0,0.49405491093499,80,0.000264139679672187,-6.99531814687688,11.3702245628812,-2.25332751594815,3.59925352786326,0.449965916099146,0.297310510626538,-7.54535690556118,-6.99531814687688,2.43099805804069,-2.25332751594815,1.28072647059007,-0.798583441088239,-1.21297819599878,932.185985062813,19,2,"normal",7
"3848",6.18194,0.876557958396178,1,0.423421017637862,80,0.000264139679672187,-6.99531814687688,11.3702245628812,-2.25332751594815,3.59925352786326,0.449965916099146,0.297310510626538,-7.54535690556118,-6.99531814687688,2.43099805804069,-2.25332751594815,1.28072647059007,-0.798583441088239,-1.21297819599878,932.185985062813,19,2,"normal",8
"3849",-12.2227,0.322943912863639,1,0.68797851449598,80,0.000264139679672187,-6.99531814687688,11.3702245628812,-2.25332751594815,3.59925352786326,0.449965916099146,0.297310510626538,-7.54535690556118,-6.99531814687688,2.43099805804069,-2.25332751594815,1.28072647059007,-0.798583441088239,-1.21297819599878,932.185985062813,19,2,"normal",9
"3850",4.38001,0.841272948755208,1,0.507602635108388,80,0.000264139679672187,-6.99531814687688,11.3702245628812,-2.25332751594815,3.59925352786326,0.449965916099146,0.297310510626538,-7.54535690556118,-6.99531814687688,2.43099805804069,-2.25332751594815,1.28072647059007,-0.798583441088239,-1.21297819599878,932.185985062813,19,2,"normal",10
"3851",-11.5163,0.345538318345508,1,0.535867719528862,80,0.000264139679672187,-6.99531814687688,11.3702245628812,-2.25332751594815,3.59925352786326,0.449965916099146,0.297310510626538,-7.54535690556118,-6.99531814687688,2.43099805804069,-2.25332751594815,1.28072647059007,-0.798583441088239,-1.21297819599878,932.185985062813,19,2,"normal",11
"3852",-5.84913,0.540126603859299,1,0.680145556655178,80,0.000264139679672187,-6.99531814687688,11.3702245628812,-2.25332751594815,3.59925352786326,0.449965916099146,0.297310510626538,-7.54535690556118,-6.99531814687688,2.43099805804069,-2.25332751594815,1.28072647059007,-0.798583441088239,-1.21297819599878,932.185985062813,19,2,"normal",12
"3853",-11.72473,0.33880955772183,0,0.545712326349828,80,0.000264139679672187,-6.99531814687688,11.3702245628812,-2.25332751594815,3.59925352786326,0.449965916099146,0.297310510626538,-7.54535690556118,-6.99531814687688,2.43099805804069,-2.25332751594815,1.28072647059007,-0.798583441088239,-1.21297819599878,932.185985062813,19,2,"normal",13
"3854",2.119,0.788453975795666,0,0.410766046981062,80,0.000264139679672187,-6.99531814687688,11.3702245628812,-2.25332751594815,3.59925352786326,0.449965916099146,0.297310510626538,-7.54535690556118,-6.99531814687688,2.43099805804069,-2.25332751594815,1.28072647059007,-0.798583441088239,-1.21297819599878,932.185985062813,19,2,"normal",14
"3855",6.7534,0.88650004476402,1,0.521381791376284,80,0.000264139679672187,-6.99531814687688,11.3702245628812,-2.25332751594815,3.59925352786326,0.449965916099146,0.297310510626538,-7.54535690556118,-6.99531814687688,2.43099805804069,-2.25332751594815,1.28072647059007,-0.798583441088239,-1.21297819599878,932.185985062813,19,2,"normal",15
"3856",-41.1206,0.00160764462891309,0,0.44790835562047,80,0.000264139679672187,-6.99531814687688,11.3702245628812,-2.25332751594815,3.59925352786326,0.449965916099146,0.297310510626538,-7.54535690556118,-6.99531814687688,2.43099805804069,-2.25332751594815,1.28072647059007,-0.798583441088239,-1.21297819599878,932.185985062813,19,2,"normal",16
"3857",11.95857,0.952001473151804,1,0.442890650704588,80,0.000264139679672187,-6.99531814687688,11.3702245628812,-2.25332751594815,3.59925352786326,0.449965916099146,0.297310510626538,-7.54535690556118,-6.99531814687688,2.43099805804069,-2.25332751594815,1.28072647059007,-0.798583441088239,-1.21297819599878,932.185985062813,19,2,"normal",17
"3858",-43.87998,0.000853210129584262,0,0.391462792415353,80,0.000264139679672187,-6.99531814687688,11.3702245628812,-2.25332751594815,3.59925352786326,0.449965916099146,0.297310510626538,-7.54535690556118,-6.99531814687688,2.43099805804069,-2.25332751594815,1.28072647059007,-0.798583441088239,-1.21297819599878,932.185985062813,19,2,"normal",18
"3859",-14.79299,0.246554359800073,1,0.44101042493419,80,0.000264139679672187,-6.99531814687688,11.3702245628812,-2.25332751594815,3.59925352786326,0.449965916099146,0.297310510626538,-7.54535690556118,-6.99531814687688,2.43099805804069,-2.25332751594815,1.28072647059007,-0.798583441088239,-1.21297819599878,932.185985062813,19,2,"normal",19
"3860",1.304,0.767138286369288,1,0.467559706651543,80,0.000264139679672187,-6.99531814687688,11.3702245628812,-2.25332751594815,3.59925352786326,0.449965916099146,0.297310510626538,-7.54535690556118,-6.99531814687688,2.43099805804069,-2.25332751594815,1.28072647059007,-0.798583441088239,-1.21297819599878,932.185985062813,19,2,"normal",20
"3861",-36.5654,0.00491392053311465,0,0.481006952707653,80,0.000264139679672187,-6.99531814687688,11.3702245628812,-2.25332751594815,3.59925352786326,0.449965916099146,0.297310510626538,-7.54535690556118,-6.99531814687688,2.43099805804069,-2.25332751594815,1.28072647059007,-0.798583441088239,-1.21297819599878,932.185985062813,19,2,"normal",21
"3862",0.8537,0.754866720202205,1,0.395170877604046,80,0.000264139679672187,-6.99531814687688,11.3702245628812,-2.25332751594815,3.59925352786326,0.449965916099146,0.297310510626538,-7.54535690556118,-6.99531814687688,2.43099805804069,-2.25332751594815,1.28072647059007,-0.798583441088239,-1.21297819599878,932.185985062813,19,2,"normal",22
"3863",0.108400000000003,0.73381375735658,1,0.449874186151353,80,0.000264139679672187,-6.99531814687688,11.3702245628812,-2.25332751594815,3.59925352786326,0.449965916099146,0.297310510626538,-7.54535690556118,-6.99531814687688,2.43099805804069,-2.25332751594815,1.28072647059007,-0.798583441088239,-1.21297819599878,932.185985062813,19,2,"normal",23
"3864",-24.6032,0.0609715119711534,0,0.524592931822634,80,0.000264139679672187,-6.99531814687688,11.3702245628812,-2.25332751594815,3.59925352786326,0.449965916099146,0.297310510626538,-7.54535690556118,-6.99531814687688,2.43099805804069,-2.25332751594815,1.28072647059007,-0.798583441088239,-1.21297819599878,932.185985062813,19,2,"normal",24
"3865",-44.5266,0.000745865787429777,0,0.37762649227959,80,0.000264139679672187,-6.99531814687688,11.3702245628812,-2.25332751594815,3.59925352786326,0.449965916099146,0.297310510626538,-7.54535690556118,-6.99531814687688,2.43099805804069,-2.25332751594815,1.28072647059007,-0.798583441088239,-1.21297819599878,932.185985062813,19,2,"normal",25
"3866",-25.11987,0.0556987801700648,0,0.401225062231431,80,0.000264139679672187,-6.99531814687688,11.3702245628812,-2.25332751594815,3.59925352786326,0.449965916099146,0.297310510626538,-7.54535690556118,-6.99531814687688,2.43099805804069,-2.25332751594815,1.28072647059007,-0.798583441088239,-1.21297819599878,932.185985062813,19,2,"normal",26
"3867",-19.37586,0.138299786232626,0,0.529901671669848,80,0.000264139679672187,-6.99531814687688,11.3702245628812,-2.25332751594815,3.59925352786326,0.449965916099146,0.297310510626538,-7.54535690556118,-6.99531814687688,2.43099805804069,-2.25332751594815,1.28072647059007,-0.798583441088239,-1.21297819599878,932.185985062813,19,2,"normal",27
"3868",-6.34026,0.522958906242262,1,0.44153241170679,80,0.000264139679672187,-6.99531814687688,11.3702245628812,-2.25332751594815,3.59925352786326,0.449965916099146,0.297310510626538,-7.54535690556118,-6.99531814687688,2.43099805804069,-2.25332751594815,1.28072647059007,-0.798583441088239,-1.21297819599878,932.185985062813,19,2,"normal",28
"3869",-16.81524,0.194051143723752,0,0.504196122877546,80,0.000264139679672187,-6.99531814687688,11.3702245628812,-2.25332751594815,3.59925352786326,0.449965916099146,0.297310510626538,-7.54535690556118,-6.99531814687688,2.43099805804069,-2.25332751594815,1.28072647059007,-0.798583441088239,-1.21297819599878,932.185985062813,19,2,"normal",29
"3870",-0.621809999999999,0.712333460848817,1,0.418329974726459,80,0.000264139679672187,-6.99531814687688,11.3702245628812,-2.25332751594815,3.59925352786326,0.449965916099146,0.297310510626538,-7.54535690556118,-6.99531814687688,2.43099805804069,-2.25332751594815,1.28072647059007,-0.798583441088239,-1.21297819599878,932.185985062813,19,2,"normal",30
"3871",-14.74619,0.247853454910434,0,0.433344055196919,80,0.000264139679672187,-6.99531814687688,11.3702245628812,-2.25332751594815,3.59925352786326,0.449965916099146,0.297310510626538,-7.54535690556118,-6.99531814687688,2.43099805804069,-2.25332751594815,1.28072647059007,-0.798583441088239,-1.21297819599878,932.185985062813,19,2,"normal",31
"3872",-16.66071,0.197805133486755,0,0.495234291922327,80,0.000264139679672187,-6.99531814687688,11.3702245628812,-2.25332751594815,3.59925352786326,0.449965916099146,0.297310510626538,-7.54535690556118,-6.99531814687688,2.43099805804069,-2.25332751594815,1.28072647059007,-0.798583441088239,-1.21297819599878,932.185985062813,19,2,"normal",32
"3873",-14.78453,0.246788925418704,0,0.503941704394715,80,0.000264139679672187,-6.99531814687688,11.3702245628812,-2.25332751594815,3.59925352786326,0.449965916099146,0.297310510626538,-7.54535690556118,-6.99531814687688,2.43099805804069,-2.25332751594815,1.28072647059007,-0.798583441088239,-1.21297819599878,932.185985062813,19,2,"normal",33
"3874",7.57471,0.899765531635315,1,0.38495657555707,80,0.000264139679672187,-6.99531814687688,11.3702245628812,-2.25332751594815,3.59925352786326,0.449965916099146,0.297310510626538,-7.54535690556118,-6.99531814687688,2.43099805804069,-2.25332751594815,1.28072647059007,-0.798583441088239,-1.21297819599878,932.185985062813,19,2,"normal",34
"3875",-6.57542,0.514721660098179,1,0.477029123018775,80,0.000264139679672187,-6.99531814687688,11.3702245628812,-2.25332751594815,3.59925352786326,0.449965916099146,0.297310510626538,-7.54535690556118,-6.99531814687688,2.43099805804069,-2.25332751594815,1.28072647059007,-0.798583441088239,-1.21297819599878,932.185985062813,19,2,"normal",35
"3876",-13.20835,0.292494873748594,0,0.53979150608139,80,0.000264139679672187,-6.99531814687688,11.3702245628812,-2.25332751594815,3.59925352786326,0.449965916099146,0.297310510626538,-7.54535690556118,-6.99531814687688,2.43099805804069,-2.25332751594815,1.28072647059007,-0.798583441088239,-1.21297819599878,932.185985062813,19,2,"normal",36
"3877",0.786000000000001,0.75299210241503,1,0.519573371172948,80,0.000264139679672187,-6.99531814687688,11.3702245628812,-2.25332751594815,3.59925352786326,0.449965916099146,0.297310510626538,-7.54535690556118,-6.99531814687688,2.43099805804069,-2.25332751594815,1.28072647059007,-0.798583441088239,-1.21297819599878,932.185985062813,19,2,"normal",37
"3878",-21.30882,0.104249931524975,0,0.477886983932063,80,0.000264139679672187,-6.99531814687688,11.3702245628812,-2.25332751594815,3.59925352786326,0.449965916099146,0.297310510626538,-7.54535690556118,-6.99531814687688,2.43099805804069,-2.25332751594815,1.28072647059007,-0.798583441088239,-1.21297819599878,932.185985062813,19,2,"normal",38
"3879",1.64785,0.776273925463365,1,0.492808665930942,80,0.000264139679672187,-6.99531814687688,11.3702245628812,-2.25332751594815,3.59925352786326,0.449965916099146,0.297310510626538,-7.54535690556118,-6.99531814687688,2.43099805804069,-2.25332751594815,1.28072647059007,-0.798583441088239,-1.21297819599878,932.185985062813,19,2,"normal",39
"3880",-16.89798,0.192059140285632,0,0.361929973250302,80,0.000264139679672187,-6.99531814687688,11.3702245628812,-2.25332751594815,3.59925352786326,0.449965916099146,0.297310510626538,-7.54535690556118,-6.99531814687688,2.43099805804069,-2.25332751594815,1.28072647059007,-0.798583441088239,-1.21297819599878,932.185985062813,19,2,"normal",40
"3881",-0.89675,0.704038316794495,1,0.538167354847334,80,0.000264139679672187,-6.99531814687688,11.3702245628812,-2.25332751594815,3.59925352786326,0.449965916099146,0.297310510626538,-7.54535690556118,-6.99531814687688,2.43099805804069,-2.25332751594815,1.28072647059007,-0.798583441088239,-1.21297819599878,932.185985062813,19,2,"normal",41
"3882",-3.38777,0.624418771569835,0,0.468213911986984,80,0.000264139679672187,-6.99531814687688,11.3702245628812,-2.25332751594815,3.59925352786326,0.449965916099146,0.297310510626538,-7.54535690556118,-6.99531814687688,2.43099805804069,-2.25332751594815,1.28072647059007,-0.798583441088239,-1.21297819599878,932.185985062813,19,2,"normal",42
"3883",3.9808,0.832636592740912,1,0.413195650595329,80,0.000264139679672187,-6.99531814687688,11.3702245628812,-2.25332751594815,3.59925352786326,0.449965916099146,0.297310510626538,-7.54535690556118,-6.99531814687688,2.43099805804069,-2.25332751594815,1.28072647059007,-0.798583441088239,-1.21297819599878,932.185985062813,19,2,"normal",43
"3884",-18.13727,0.163739639449052,0,0.397957295164839,80,0.000264139679672187,-6.99531814687688,11.3702245628812,-2.25332751594815,3.59925352786326,0.449965916099146,0.297310510626538,-7.54535690556118,-6.99531814687688,2.43099805804069,-2.25332751594815,1.28072647059007,-0.798583441088239,-1.21297819599878,932.185985062813,19,2,"normal",44
"3885",3.983,0.832685003147428,1,0.834116438541396,80,0.000264139679672187,-6.99531814687688,11.3702245628812,-2.25332751594815,3.59925352786326,0.449965916099146,0.297310510626538,-7.54535690556118,-6.99531814687688,2.43099805804069,-2.25332751594815,1.28072647059007,-0.798583441088239,-1.21297819599878,932.185985062813,19,2,"normal",45
"3886",-4.03754,0.602565451448345,1,0.52577561734001,80,0.000264139679672187,-6.99531814687688,11.3702245628812,-2.25332751594815,3.59925352786326,0.449965916099146,0.297310510626538,-7.54535690556118,-6.99531814687688,2.43099805804069,-2.25332751594815,1.28072647059007,-0.798583441088239,-1.21297819599878,932.185985062813,19,2,"normal",46
"3887",-2.42973,0.655905914615948,1,0.432094540538689,80,0.000264139679672187,-6.99531814687688,11.3702245628812,-2.25332751594815,3.59925352786326,0.449965916099146,0.297310510626538,-7.54535690556118,-6.99531814687688,2.43099805804069,-2.25332751594815,1.28072647059007,-0.798583441088239,-1.21297819599878,932.185985062813,19,2,"normal",47
"3888",-15.37015,0.230837806824604,0,0.444774121682441,80,0.000264139679672187,-6.99531814687688,11.3702245628812,-2.25332751594815,3.59925352786326,0.449965916099146,0.297310510626538,-7.54535690556118,-6.99531814687688,2.43099805804069,-2.25332751594815,1.28072647059007,-0.798583441088239,-1.21297819599878,932.185985062813,19,2,"normal",48
"3889",-4.13809,0.599152789076844,0,0.585716776447081,80,0.000264139679672187,-6.99531814687688,11.3702245628812,-2.25332751594815,3.59925352786326,0.449965916099146,0.297310510626538,-7.54535690556118,-6.99531814687688,2.43099805804069,-2.25332751594815,1.28072647059007,-0.798583441088239,-1.21297819599878,932.185985062813,19,2,"normal",49
"3890",-15.45731,0.228514038879537,0,0.825063675399492,80,0.000264139679672187,-6.99531814687688,11.3702245628812,-2.25332751594815,3.59925352786326,0.449965916099146,0.297310510626538,-7.54535690556118,-6.99531814687688,2.43099805804069,-2.25332751594815,1.28072647059007,-0.798583441088239,-1.21297819599878,932.185985062813,19,2,"normal",50
"3891",-25.1839,0.0550713227939435,0,0.430516990324637,80,0.000264139679672187,-6.99531814687688,11.3702245628812,-2.25332751594815,3.59925352786326,0.449965916099146,0.297310510626538,-7.54535690556118,-6.99531814687688,2.43099805804069,-2.25332751594815,1.28072647059007,-0.798583441088239,-1.21297819599878,932.185985062813,19,2,"normal",51
"3892",2.07714,0.787387817423861,1,0.50172349107112,80,0.000264139679672187,-6.99531814687688,11.3702245628812,-2.25332751594815,3.59925352786326,0.449965916099146,0.297310510626538,-7.54535690556118,-6.99531814687688,2.43099805804069,-2.25332751594815,1.28072647059007,-0.798583441088239,-1.21297819599878,932.185985062813,19,2,"normal",52
"3893",-13.52674,0.282952443964642,1,0.497231608005009,80,0.000264139679672187,-6.99531814687688,11.3702245628812,-2.25332751594815,3.59925352786326,0.449965916099146,0.297310510626538,-7.54535690556118,-6.99531814687688,2.43099805804069,-2.25332751594815,1.28072647059007,-0.798583441088239,-1.21297819599878,932.185985062813,19,2,"normal",53
"3894",-20.86256,0.111511677778946,0,0.579715572424373,80,0.000264139679672187,-6.99531814687688,11.3702245628812,-2.25332751594815,3.59925352786326,0.449965916099146,0.297310510626538,-7.54535690556118,-6.99531814687688,2.43099805804069,-2.25332751594815,1.28072647059007,-0.798583441088239,-1.21297819599878,932.185985062813,19,2,"normal",54
"3895",-1.71889,0.678602013420886,1,0.606505375416246,80,0.000264139679672187,-6.99531814687688,11.3702245628812,-2.25332751594815,3.59925352786326,0.449965916099146,0.297310510626538,-7.54535690556118,-6.99531814687688,2.43099805804069,-2.25332751594815,1.28072647059007,-0.798583441088239,-1.21297819599878,932.185985062813,19,2,"normal",55
"3896",-16.35392,0.205387035409608,0,0.861258175138322,80,0.000264139679672187,-6.99531814687688,11.3702245628812,-2.25332751594815,3.59925352786326,0.449965916099146,0.297310510626538,-7.54535690556118,-6.99531814687688,2.43099805804069,-2.25332751594815,1.28072647059007,-0.798583441088239,-1.21297819599878,932.185985062813,19,2,"normal",56
"3897",-19.00217,0.145673504994355,1,0.436249094694224,80,0.000264139679672187,-6.99531814687688,11.3702245628812,-2.25332751594815,3.59925352786326,0.449965916099146,0.297310510626538,-7.54535690556118,-6.99531814687688,2.43099805804069,-2.25332751594815,1.28072647059007,-0.798583441088239,-1.21297819599878,932.185985062813,19,2,"normal",57
"3898",-0.0600700000000005,0.728930939723605,0,0.453556278867252,80,0.000264139679672187,-6.99531814687688,11.3702245628812,-2.25332751594815,3.59925352786326,0.449965916099146,0.297310510626538,-7.54535690556118,-6.99531814687688,2.43099805804069,-2.25332751594815,1.28072647059007,-0.798583441088239,-1.21297819599878,932.185985062813,19,2,"normal",58
"3899",2.63187,0.801260053102471,0,0.441105124980247,80,0.000264139679672187,-6.99531814687688,11.3702245628812,-2.25332751594815,3.59925352786326,0.449965916099146,0.297310510626538,-7.54535690556118,-6.99531814687688,2.43099805804069,-2.25332751594815,1.28072647059007,-0.798583441088239,-1.21297819599878,932.185985062813,19,2,"normal",59
"3900",-16.92199,0.19148344322115,0,0.382684481301456,80,0.000264139679672187,-6.99531814687688,11.3702245628812,-2.25332751594815,3.59925352786326,0.449965916099146,0.297310510626538,-7.54535690556118,-6.99531814687688,2.43099805804069,-2.25332751594815,1.28072647059007,-0.798583441088239,-1.21297819599878,932.185985062813,19,2,"normal",60
"3901",-1.48132,0.68604599862809,1,0.623720966837699,80,0.000264139679672187,-6.99531814687688,11.3702245628812,-2.25332751594815,3.59925352786326,0.449965916099146,0.297310510626538,-7.54535690556118,-6.99531814687688,2.43099805804069,-2.25332751594815,1.28072647059007,-0.798583441088239,-1.21297819599878,932.185985062813,19,2,"normal",61
"3902",-17.39737,0.180304124780723,0,0.463898373843325,80,0.000264139679672187,-6.99531814687688,11.3702245628812,-2.25332751594815,3.59925352786326,0.449965916099146,0.297310510626538,-7.54535690556118,-6.99531814687688,2.43099805804069,-2.25332751594815,1.28072647059007,-0.798583441088239,-1.21297819599878,932.185985062813,19,2,"normal",62
"3903",3.885,0.830519770796234,1,0.580839597261669,80,0.000264139679672187,-6.99531814687688,11.3702245628812,-2.25332751594815,3.59925352786326,0.449965916099146,0.297310510626538,-7.54535690556118,-6.99531814687688,2.43099805804069,-2.25332751594815,1.28072647059007,-0.798583441088239,-1.21297819599878,932.185985062813,19,2,"normal",63
"3904",-15.05609,0.239319599704953,0,0.51017065687789,80,0.000264139679672187,-6.99531814687688,11.3702245628812,-2.25332751594815,3.59925352786326,0.449965916099146,0.297310510626538,-7.54535690556118,-6.99531814687688,2.43099805804069,-2.25332751594815,1.28072647059007,-0.798583441088239,-1.21297819599878,932.185985062813,19,2,"normal",64
"3905",1.42311,0.770326160139702,0,0.512106671107965,80,0.000264139679672187,-6.99531814687688,11.3702245628812,-2.25332751594815,3.59925352786326,0.449965916099146,0.297310510626538,-7.54535690556118,-6.99531814687688,2.43099805804069,-2.25332751594815,1.28072647059007,-0.798583441088239,-1.21297819599878,932.185985062813,19,2,"normal",65
"3906",-14.11687,0.265671984905739,0,0.480294367162825,80,0.000264139679672187,-6.99531814687688,11.3702245628812,-2.25332751594815,3.59925352786326,0.449965916099146,0.297310510626538,-7.54535690556118,-6.99531814687688,2.43099805804069,-2.25332751594815,1.28072647059007,-0.798583441088239,-1.21297819599878,932.185985062813,19,2,"normal",66
"3907",-12.45952,0.315508177968619,1,0.555418562867265,80,0.000264139679672187,-6.99531814687688,11.3702245628812,-2.25332751594815,3.59925352786326,0.449965916099146,0.297310510626538,-7.54535690556118,-6.99531814687688,2.43099805804069,-2.25332751594815,1.28072647059007,-0.798583441088239,-1.21297819599878,932.185985062813,19,2,"normal",67
"3908",1.88509,0.782456253921402,1,0.451578414549349,80,0.000264139679672187,-6.99531814687688,11.3702245628812,-2.25332751594815,3.59925352786326,0.449965916099146,0.297310510626538,-7.54535690556118,-6.99531814687688,2.43099805804069,-2.25332751594815,1.28072647059007,-0.798583441088239,-1.21297819599878,932.185985062813,19,2,"normal",68
"3909",-6.09751,0.531451688603982,0,0.541724575374293,80,0.000264139679672187,-6.99531814687688,11.3702245628812,-2.25332751594815,3.59925352786326,0.449965916099146,0.297310510626538,-7.54535690556118,-6.99531814687688,2.43099805804069,-2.25332751594815,1.28072647059007,-0.798583441088239,-1.21297819599878,932.185985062813,19,2,"normal",69
"3910",3.61074,0.824364950426469,1,0.561110208809745,80,0.000264139679672187,-6.99531814687688,11.3702245628812,-2.25332751594815,3.59925352786326,0.449965916099146,0.297310510626538,-7.54535690556118,-6.99531814687688,2.43099805804069,-2.25332751594815,1.28072647059007,-0.798583441088239,-1.21297819599878,932.185985062813,19,2,"normal",70
"3911",-18.59472,0.154010136579998,0,0.387664571644053,80,0.000264139679672187,-6.99531814687688,11.3702245628812,-2.25332751594815,3.59925352786326,0.449965916099146,0.297310510626538,-7.54535690556118,-6.99531814687688,2.43099805804069,-2.25332751594815,1.28072647059007,-0.798583441088239,-1.21297819599878,932.185985062813,19,2,"normal",71
"3912",-1.358,0.689880658452013,1,0.436522891717515,80,0.000264139679672187,-6.99531814687688,11.3702245628812,-2.25332751594815,3.59925352786326,0.449965916099146,0.297310510626538,-7.54535690556118,-6.99531814687688,2.43099805804069,-2.25332751594815,1.28072647059007,-0.798583441088239,-1.21297819599878,932.185985062813,19,2,"normal",72
"3913",-3.74661,0.612394555768236,0,0.574455805185845,80,0.000264139679672187,-6.99531814687688,11.3702245628812,-2.25332751594815,3.59925352786326,0.449965916099146,0.297310510626538,-7.54535690556118,-6.99531814687688,2.43099805804069,-2.25332751594815,1.28072647059007,-0.798583441088239,-1.21297819599878,932.185985062813,19,2,"normal",73
"3914",4.02559,0.833620402364765,1,0.64521044746981,80,0.000264139679672187,-6.99531814687688,11.3702245628812,-2.25332751594815,3.59925352786326,0.449965916099146,0.297310510626538,-7.54535690556118,-6.99531814687688,2.43099805804069,-2.25332751594815,1.28072647059007,-0.798583441088239,-1.21297819599878,932.185985062813,19,2,"normal",74
"3915",5.56895,0.865230399113158,1,0.554993377022249,80,0.000264139679672187,-6.99531814687688,11.3702245628812,-2.25332751594815,3.59925352786326,0.449965916099146,0.297310510626538,-7.54535690556118,-6.99531814687688,2.43099805804069,-2.25332751594815,1.28072647059007,-0.798583441088239,-1.21297819599878,932.185985062813,19,2,"normal",75
"3916",-19.22568,0.141231935735935,0,0.439042278546421,80,0.000264139679672187,-6.99531814687688,11.3702245628812,-2.25332751594815,3.59925352786326,0.449965916099146,0.297310510626538,-7.54535690556118,-6.99531814687688,2.43099805804069,-2.25332751594815,1.28072647059007,-0.798583441088239,-1.21297819599878,932.185985062813,19,2,"normal",76
"3917",1.80151,0.780289557509961,1,0.535111676323144,80,0.000264139679672187,-6.99531814687688,11.3702245628812,-2.25332751594815,3.59925352786326,0.449965916099146,0.297310510626538,-7.54535690556118,-6.99531814687688,2.43099805804069,-2.25332751594815,1.28072647059007,-0.798583441088239,-1.21297819599878,932.185985062813,19,2,"normal",77
"3918",-2.54443,0.652187686416073,1,0.686162422493187,80,0.000264139679672187,-6.99531814687688,11.3702245628812,-2.25332751594815,3.59925352786326,0.449965916099146,0.297310510626538,-7.54535690556118,-6.99531814687688,2.43099805804069,-2.25332751594815,1.28072647059007,-0.798583441088239,-1.21297819599878,932.185985062813,19,2,"normal",78
"3919",2.05141,0.786730927252491,1,0.5246408765546,80,0.000264139679672187,-6.99531814687688,11.3702245628812,-2.25332751594815,3.59925352786326,0.449965916099146,0.297310510626538,-7.54535690556118,-6.99531814687688,2.43099805804069,-2.25332751594815,1.28072647059007,-0.798583441088239,-1.21297819599878,932.185985062813,19,2,"normal",79
"3920",-21.2309,0.105492479679113,0,0.597590728897058,80,0.000264139679672187,-6.99531814687688,11.3702245628812,-2.25332751594815,3.59925352786326,0.449965916099146,0.297310510626538,-7.54535690556118,-6.99531814687688,2.43099805804069,-2.25332751594815,1.28072647059007,-0.798583441088239,-1.21297819599878,932.185985062813,19,2,"normal",80
"3921",10.37739687105,0.51288987232258,0,0.447043928207168,80,0.00168279162766226,7.47540998609706,89.4986903988282,-1.20605088997658,3.26403785522489,0.799827992610581,0.292713108412149,-5.69078274137233,7.47540998609706,4.49422399275843,-1.20605088997658,1.18296503483635,-0.223358583668783,-1.22856230182468,-1940.48567223481,20,2,"normal",1
"3922",9.630108098,0.509571362058175,1,1.35976667322717,80,0.00168279162766226,7.47540998609706,89.4986903988282,-1.20605088997658,3.26403785522489,0.799827992610581,0.292713108412149,-5.69078274137233,7.47540998609706,4.49422399275843,-1.20605088997658,1.18296503483635,-0.223358583668783,-1.22856230182468,-1940.48567223481,20,2,"normal",2
"3923",1.18594383596,0.472081909687954,1,0.745324036961731,80,0.00168279162766226,7.47540998609706,89.4986903988282,-1.20605088997658,3.26403785522489,0.799827992610581,0.292713108412149,-5.69078274137233,7.47540998609706,4.49422399275843,-1.20605088997658,1.18296503483635,-0.223358583668783,-1.22856230182468,-1940.48567223481,20,2,"normal",3
"3924",-3.417679821,0.451726460395102,1,0.405501592610923,80,0.00168279162766226,7.47540998609706,89.4986903988282,-1.20605088997658,3.26403785522489,0.799827992610581,0.292713108412149,-5.69078274137233,7.47540998609706,4.49422399275843,-1.20605088997658,1.18296503483635,-0.223358583668783,-1.22856230182468,-1940.48567223481,20,2,"normal",4
"3925",0.8383,0.470541518397782,0,0.998976421253651,80,0.00168279162766226,7.47540998609706,89.4986903988282,-1.20605088997658,3.26403785522489,0.799827992610581,0.292713108412149,-5.69078274137233,7.47540998609706,4.49422399275843,-1.20605088997658,1.18296503483635,-0.223358583668783,-1.22856230182468,-1940.48567223481,20,2,"normal",5
"3926",-40.7563,0.295664621266301,1,0.62356020397795,80,0.00168279162766226,7.47540998609706,89.4986903988282,-1.20605088997658,3.26403785522489,0.799827992610581,0.292713108412149,-5.69078274137233,7.47540998609706,4.49422399275843,-1.20605088997658,1.18296503483635,-0.223358583668783,-1.22856230182468,-1940.48567223481,20,2,"normal",6
"3927",24.22483,0.573977530148453,1,1.72951022762348,80,0.00168279162766226,7.47540998609706,89.4986903988282,-1.20605088997658,3.26403785522489,0.799827992610581,0.292713108412149,-5.69078274137233,7.47540998609706,4.49422399275843,-1.20605088997658,1.18296503483635,-0.223358583668783,-1.22856230182468,-1940.48567223481,20,2,"normal",7
"3928",-6.7611465591,0.437019544252373,0,0.931329821670149,80,0.00168279162766226,7.47540998609706,89.4986903988282,-1.20605088997658,3.26403785522489,0.799827992610581,0.292713108412149,-5.69078274137233,7.47540998609706,4.49422399275843,-1.20605088997658,1.18296503483635,-0.223358583668783,-1.22856230182468,-1940.48567223481,20,2,"normal",8
"3929",-22.14841,0.370759720921148,0,0.789311673325511,80,0.00168279162766226,7.47540998609706,89.4986903988282,-1.20605088997658,3.26403785522489,0.799827992610581,0.292713108412149,-5.69078274137233,7.47540998609706,4.49422399275843,-1.20605088997658,1.18296503483635,-0.223358583668783,-1.22856230182468,-1940.48567223481,20,2,"normal",9
"3930",-42.01172,0.290859559993748,1,0.661625235727281,80,0.00168279162766226,7.47540998609706,89.4986903988282,-1.20605088997658,3.26403785522489,0.799827992610581,0.292713108412149,-5.69078274137233,7.47540998609706,4.49422399275843,-1.20605088997658,1.18296503483635,-0.223358583668783,-1.22856230182468,-1940.48567223481,20,2,"normal",10
"3931",-13.73418,0.406650564348074,0,1.39080630588604,80,0.00168279162766226,7.47540998609706,89.4986903988282,-1.20605088997658,3.26403785522489,0.799827992610581,0.292713108412149,-5.69078274137233,7.47540998609706,4.49422399275843,-1.20605088997658,1.18296503483635,-0.223358583668783,-1.22856230182468,-1940.48567223481,20,2,"normal",11
"3932",-1.7365825188,0.459147697453261,1,1.16269960346051,80,0.00168279162766226,7.47540998609706,89.4986903988282,-1.20605088997658,3.26403785522489,0.799827992610581,0.292713108412149,-5.69078274137233,7.47540998609706,4.49422399275843,-1.20605088997658,1.18296503483635,-0.223358583668783,-1.22856230182468,-1940.48567223481,20,2,"normal",12
"3933",-17.1339,0.39203485809793,0,0.929632242497962,80,0.00168279162766226,7.47540998609706,89.4986903988282,-1.20605088997658,3.26403785522489,0.799827992610581,0.292713108412149,-5.69078274137233,7.47540998609706,4.49422399275843,-1.20605088997658,1.18296503483635,-0.223358583668783,-1.22856230182468,-1940.48567223481,20,2,"normal",13
"3934",-0.826994874,0.463169242912146,1,1.07077675562568,80,0.00168279162766226,7.47540998609706,89.4986903988282,-1.20605088997658,3.26403785522489,0.799827992610581,0.292713108412149,-5.69078274137233,7.47540998609706,4.49422399275843,-1.20605088997658,1.18296503483635,-0.223358583668783,-1.22856230182468,-1940.48567223481,20,2,"normal",14
"3935",-4.23071138728,0.44814323738802,1,2.35846719265506,80,0.00168279162766226,7.47540998609706,89.4986903988282,-1.20605088997658,3.26403785522489,0.799827992610581,0.292713108412149,-5.69078274137233,7.47540998609706,4.49422399275843,-1.20605088997658,1.18296503483635,-0.223358583668783,-1.22856230182468,-1940.48567223481,20,2,"normal",15
"3936",-6.4542107638,0.438366334260556,0,0.429338783269573,80,0.00168279162766226,7.47540998609706,89.4986903988282,-1.20605088997658,3.26403785522489,0.799827992610581,0.292713108412149,-5.69078274137233,7.47540998609706,4.49422399275843,-1.20605088997658,1.18296503483635,-0.223358583668783,-1.22856230182468,-1940.48567223481,20,2,"normal",16
"3937",-5.23929658337,0.443704108695483,1,0.771365635458551,80,0.00168279162766226,7.47540998609706,89.4986903988282,-1.20605088997658,3.26403785522489,0.799827992610581,0.292713108412149,-5.69078274137233,7.47540998609706,4.49422399275843,-1.20605088997658,1.18296503483635,-0.223358583668783,-1.22856230182468,-1940.48567223481,20,2,"normal",17
"3938",27.39359,0.587761827247074,1,1.51160143695138,80,0.00168279162766226,7.47540998609706,89.4986903988282,-1.20605088997658,3.26403785522489,0.799827992610581,0.292713108412149,-5.69078274137233,7.47540998609706,4.49422399275843,-1.20605088997658,1.18296503483635,-0.223358583668783,-1.22856230182468,-1940.48567223481,20,2,"normal",18
"3939",47.73787,0.673012383545178,0,0.764868738770777,80,0.00168279162766226,7.47540998609706,89.4986903988282,-1.20605088997658,3.26403785522489,0.799827992610581,0.292713108412149,-5.69078274137233,7.47540998609706,4.49422399275843,-1.20605088997658,1.18296503483635,-0.223358583668783,-1.22856230182468,-1940.48567223481,20,2,"normal",19
"3940",26.6246,0.584425991435325,0,0.599571330988379,80,0.00168279162766226,7.47540998609706,89.4986903988282,-1.20605088997658,3.26403785522489,0.799827992610581,0.292713108412149,-5.69078274137233,7.47540998609706,4.49422399275843,-1.20605088997658,1.18296503483635,-0.223358583668783,-1.22856230182468,-1940.48567223481,20,2,"normal",20
"3941",-3.5849033082,0.450989133433691,1,1.00513965890781,80,0.00168279162766226,7.47540998609706,89.4986903988282,-1.20605088997658,3.26403785522489,0.799827992610581,0.292713108412149,-5.69078274137233,7.47540998609706,4.49422399275843,-1.20605088997658,1.18296503483635,-0.223358583668783,-1.22856230182468,-1940.48567223481,20,2,"normal",21
"3942",-4.10473185341,0.448698187828544,1,2.29674864821157,80,0.00168279162766226,7.47540998609706,89.4986903988282,-1.20605088997658,3.26403785522489,0.799827992610581,0.292713108412149,-5.69078274137233,7.47540998609706,4.49422399275843,-1.20605088997658,1.18296503483635,-0.223358583668783,-1.22856230182468,-1940.48567223481,20,2,"normal",22
"3943",-36.1655,0.313540923106536,1,0.56619411566835,80,0.00168279162766226,7.47540998609706,89.4986903988282,-1.20605088997658,3.26403785522489,0.799827992610581,0.292713108412149,-5.69078274137233,7.47540998609706,4.49422399275843,-1.20605088997658,1.18296503483635,-0.223358583668783,-1.22856230182468,-1940.48567223481,20,2,"normal",23
"3944",-7.2566689076,0.4348468204142,1,4.53271369229784,80,0.00168279162766226,7.47540998609706,89.4986903988282,-1.20605088997658,3.26403785522489,0.799827992610581,0.292713108412149,-5.69078274137233,7.47540998609706,4.49422399275843,-1.20605088997658,1.18296503483635,-0.223358583668783,-1.22856230182468,-1940.48567223481,20,2,"normal",24
"3945",-21.2353,0.374606416900434,0,0.809440491537375,80,0.00168279162766226,7.47540998609706,89.4986903988282,-1.20605088997658,3.26403785522489,0.799827992610581,0.292713108412149,-5.69078274137233,7.47540998609706,4.49422399275843,-1.20605088997658,1.18296503483635,-0.223358583668783,-1.22856230182468,-1940.48567223481,20,2,"normal",25
"3946",-6.66909758359,0.437423365476434,1,0.839043753259364,80,0.00168279162766226,7.47540998609706,89.4986903988282,-1.20605088997658,3.26403785522489,0.799827992610581,0.292713108412149,-5.69078274137233,7.47540998609706,4.49422399275843,-1.20605088997658,1.18296503483635,-0.223358583668783,-1.22856230182468,-1940.48567223481,20,2,"normal",26
"3947",-6.951593917,0.436184256995401,0,0.670214265956251,80,0.00168279162766226,7.47540998609706,89.4986903988282,-1.20605088997658,3.26403785522489,0.799827992610581,0.292713108412149,-5.69078274137233,7.47540998609706,4.49422399275843,-1.20605088997658,1.18296503483635,-0.223358583668783,-1.22856230182468,-1940.48567223481,20,2,"normal",27
"3948",-6.4558220039,0.43835926248038,1,1.10364442456596,80,0.00168279162766226,7.47540998609706,89.4986903988282,-1.20605088997658,3.26403785522489,0.799827992610581,0.292713108412149,-5.69078274137233,7.47540998609706,4.49422399275843,-1.20605088997658,1.18296503483635,-0.223358583668783,-1.22856230182468,-1940.48567223481,20,2,"normal",28
"3949",-6.0032346978,0.440346452230992,0,1.11643659287049,80,0.00168279162766226,7.47540998609706,89.4986903988282,-1.20605088997658,3.26403785522489,0.799827992610581,0.292713108412149,-5.69078274137233,7.47540998609706,4.49422399275843,-1.20605088997658,1.18296503483635,-0.223358583668783,-1.22856230182468,-1940.48567223481,20,2,"normal",29
"3950",43.3946,0.655389467264095,1,1.25006521443311,80,0.00168279162766226,7.47540998609706,89.4986903988282,-1.20605088997658,3.26403785522489,0.799827992610581,0.292713108412149,-5.69078274137233,7.47540998609706,4.49422399275843,-1.20605088997658,1.18296503483635,-0.223358583668783,-1.22856230182468,-1940.48567223481,20,2,"normal",30
"3951",31.7122,0.606370702060026,1,1.10350924420447,80,0.00168279162766226,7.47540998609706,89.4986903988282,-1.20605088997658,3.26403785522489,0.799827992610581,0.292713108412149,-5.69078274137233,7.47540998609706,4.49422399275843,-1.20605088997658,1.18296503483635,-0.223358583668783,-1.22856230182468,-1940.48567223481,20,2,"normal",31
"3952",-8.69384601831,0.42855663605645,0,0.834905953478223,80,0.00168279162766226,7.47540998609706,89.4986903988282,-1.20605088997658,3.26403785522489,0.799827992610581,0.292713108412149,-5.69078274137233,7.47540998609706,4.49422399275843,-1.20605088997658,1.18296503483635,-0.223358583668783,-1.22856230182468,-1940.48567223481,20,2,"normal",32
"3953",-6.647252669,0.437519209332238,0,0.719933539659779,80,0.00168279162766226,7.47540998609706,89.4986903988282,-1.20605088997658,3.26403785522489,0.799827992610581,0.292713108412149,-5.69078274137233,7.47540998609706,4.49422399275843,-1.20605088997658,1.18296503483635,-0.223358583668783,-1.22856230182468,-1940.48567223481,20,2,"normal",33
"3954",19.1583,0.551754434170525,1,0.799453243929555,80,0.00168279162766226,7.47540998609706,89.4986903988282,-1.20605088997658,3.26403785522489,0.799827992610581,0.292713108412149,-5.69078274137233,7.47540998609706,4.49422399275843,-1.20605088997658,1.18296503483635,-0.223358583668783,-1.22856230182468,-1940.48567223481,20,2,"normal",34
"3955",-6.6446817245,0.437530489510932,1,2.54480069024342,80,0.00168279162766226,7.47540998609706,89.4986903988282,-1.20605088997658,3.26403785522489,0.799827992610581,0.292713108412149,-5.69078274137233,7.47540998609706,4.49422399275843,-1.20605088997658,1.18296503483635,-0.223358583668783,-1.22856230182468,-1940.48567223481,20,2,"normal",35
"3956",-16.14244,0.396282415000275,0,1.99676947021019,80,0.00168279162766226,7.47540998609706,89.4986903988282,-1.20605088997658,3.26403785522489,0.799827992610581,0.292713108412149,-5.69078274137233,7.47540998609706,4.49422399275843,-1.20605088997658,1.18296503483635,-0.223358583668783,-1.22856230182468,-1940.48567223481,20,2,"normal",36
"3957",-15.42236,0.399375164284301,0,0.62635857305494,80,0.00168279162766226,7.47540998609706,89.4986903988282,-1.20605088997658,3.26403785522489,0.799827992610581,0.292713108412149,-5.69078274137233,7.47540998609706,4.49422399275843,-1.20605088997658,1.18296503483635,-0.223358583668783,-1.22856230182468,-1940.48567223481,20,2,"normal",37
"3958",-4.05593,0.448913191318853,0,0.408542513506129,80,0.00168279162766226,7.47540998609706,89.4986903988282,-1.20605088997658,3.26403785522489,0.799827992610581,0.292713108412149,-5.69078274137233,7.47540998609706,4.49422399275843,-1.20605088997658,1.18296503483635,-0.223358583668783,-1.22856230182468,-1940.48567223481,20,2,"normal",38
"3959",-5.6160884244,0.442047511256716,0,1.47954624319984,80,0.00168279162766226,7.47540998609706,89.4986903988282,-1.20605088997658,3.26403785522489,0.799827992610581,0.292713108412149,-5.69078274137233,7.47540998609706,4.49422399275843,-1.20605088997658,1.18296503483635,-0.223358583668783,-1.22856230182468,-1940.48567223481,20,2,"normal",39
"3960",-6.430699232,0.438469529318004,0,1.19899942215385,80,0.00168279162766226,7.47540998609706,89.4986903988282,-1.20605088997658,3.26403785522489,0.799827992610581,0.292713108412149,-5.69078274137233,7.47540998609706,4.49422399275843,-1.20605088997658,1.18296503483635,-0.223358583668783,-1.22856230182468,-1940.48567223481,20,2,"normal",40
"3961",4.8176,0.488194364637251,1,0.415990847436145,80,0.00168279162766226,7.47540998609706,89.4986903988282,-1.20605088997658,3.26403785522489,0.799827992610581,0.292713108412149,-5.69078274137233,7.47540998609706,4.49422399275843,-1.20605088997658,1.18296503483635,-0.223358583668783,-1.22856230182468,-1940.48567223481,20,2,"normal",41
"3962",1.62319,0.474019918382273,0,0.975359608145115,80,0.00168279162766226,7.47540998609706,89.4986903988282,-1.20605088997658,3.26403785522489,0.799827992610581,0.292713108412149,-5.69078274137233,7.47540998609706,4.49422399275843,-1.20605088997658,1.18296503483635,-0.223358583668783,-1.22856230182468,-1940.48567223481,20,2,"normal",42
"3963",-4.28574661611,0.447900834577425,0,0.583304495103516,80,0.00168279162766226,7.47540998609706,89.4986903988282,-1.20605088997658,3.26403785522489,0.799827992610581,0.292713108412149,-5.69078274137233,7.47540998609706,4.49422399275843,-1.20605088997658,1.18296503483635,-0.223358583668783,-1.22856230182468,-1940.48567223481,20,2,"normal",43
"3964",7.66736,0.500852740875101,1,0.797517232563627,80,0.00168279162766226,7.47540998609706,89.4986903988282,-1.20605088997658,3.26403785522489,0.799827992610581,0.292713108412149,-5.69078274137233,7.47540998609706,4.49422399275843,-1.20605088997658,1.18296503483635,-0.223358583668783,-1.22856230182468,-1940.48567223481,20,2,"normal",44
"3965",-45.8393,0.276441505077142,1,1.56341979464327,80,0.00168279162766226,7.47540998609706,89.4986903988282,-1.20605088997658,3.26403785522489,0.799827992610581,0.292713108412149,-5.69078274137233,7.47540998609706,4.49422399275843,-1.20605088997658,1.18296503483635,-0.223358583668783,-1.22856230182468,-1940.48567223481,20,2,"normal",45
"3966",-7.18636,0.435154985882512,0,1.37193498252345,80,0.00168279162766226,7.47540998609706,89.4986903988282,-1.20605088997658,3.26403785522489,0.799827992610581,0.292713108412149,-5.69078274137233,7.47540998609706,4.49422399275843,-1.20605088997658,1.18296503483635,-0.223358583668783,-1.22856230182468,-1940.48567223481,20,2,"normal",46
"3967",4.80955,0.488158618175118,0,1.18766752773402,80,0.00168279162766226,7.47540998609706,89.4986903988282,-1.20605088997658,3.26403785522489,0.799827992610581,0.292713108412149,-5.69078274137233,7.47540998609706,4.49422399275843,-1.20605088997658,1.18296503483635,-0.223358583668783,-1.22856230182468,-1940.48567223481,20,2,"normal",47
"3968",-4.56445,0.446673587417013,0,1.86707385522968,80,0.00168279162766226,7.47540998609706,89.4986903988282,-1.20605088997658,3.26403785522489,0.799827992610581,0.292713108412149,-5.69078274137233,7.47540998609706,4.49422399275843,-1.20605088997658,1.18296503483635,-0.223358583668783,-1.22856230182468,-1940.48567223481,20,2,"normal",48
"3969",-0.3644027336,0.465215975242049,1,0.538918478457365,80,0.00168279162766226,7.47540998609706,89.4986903988282,-1.20605088997658,3.26403785522489,0.799827992610581,0.292713108412149,-5.69078274137233,7.47540998609706,4.49422399275843,-1.20605088997658,1.18296503483635,-0.223358583668783,-1.22856230182468,-1940.48567223481,20,2,"normal",49
"3970",29.3588,0.596257297179239,0,0.751269261691996,80,0.00168279162766226,7.47540998609706,89.4986903988282,-1.20605088997658,3.26403785522489,0.799827992610581,0.292713108412149,-5.69078274137233,7.47540998609706,4.49422399275843,-1.20605088997658,1.18296503483635,-0.223358583668783,-1.22856230182468,-1940.48567223481,20,2,"normal",50
"3971",-1.4417480385,0.460450803778952,1,0.659386789950821,80,0.00168279162766226,7.47540998609706,89.4986903988282,-1.20605088997658,3.26403785522489,0.799827992610581,0.292713108412149,-5.69078274137233,7.47540998609706,4.49422399275843,-1.20605088997658,1.18296503483635,-0.223358583668783,-1.22856230182468,-1940.48567223481,20,2,"normal",51
"3972",4.823,0.488218343684008,0,1.23432525778086,80,0.00168279162766226,7.47540998609706,89.4986903988282,-1.20605088997658,3.26403785522489,0.799827992610581,0.292713108412149,-5.69078274137233,7.47540998609706,4.49422399275843,-1.20605088997658,1.18296503483635,-0.223358583668783,-1.22856230182468,-1940.48567223481,20,2,"normal",52
"3973",-23.57446,0.364778216109894,1,1.17706574930222,80,0.00168279162766226,7.47540998609706,89.4986903988282,-1.20605088997658,3.26403785522489,0.799827992610581,0.292713108412149,-5.69078274137233,7.47540998609706,4.49422399275843,-1.20605088997658,1.18296503483635,-0.223358583668783,-1.22856230182468,-1940.48567223481,20,2,"normal",53
"3974",-1.6121379571,0.459697663141886,0,0.71741458415363,80,0.00168279162766226,7.47540998609706,89.4986903988282,-1.20605088997658,3.26403785522489,0.799827992610581,0.292713108412149,-5.69078274137233,7.47540998609706,4.49422399275843,-1.20605088997658,1.18296503483635,-0.223358583668783,-1.22856230182468,-1940.48567223481,20,2,"normal",54
"3975",1.5356325883,0.473631786103072,1,3.93607150634049,80,0.00168279162766226,7.47540998609706,89.4986903988282,-1.20605088997658,3.26403785522489,0.799827992610581,0.292713108412149,-5.69078274137233,7.47540998609706,4.49422399275843,-1.20605088997658,1.18296503483635,-0.223358583668783,-1.22856230182468,-1940.48567223481,20,2,"normal",55
"3976",-0.14826,0.466172616708552,1,0.985890515442293,80,0.00168279162766226,7.47540998609706,89.4986903988282,-1.20605088997658,3.26403785522489,0.799827992610581,0.292713108412149,-5.69078274137233,7.47540998609706,4.49422399275843,-1.20605088997658,1.18296503483635,-0.223358583668783,-1.22856230182468,-1940.48567223481,20,2,"normal",56
"3977",-4.0431327693,0.44896957383717,1,1.00056341236398,80,0.00168279162766226,7.47540998609706,89.4986903988282,-1.20605088997658,3.26403785522489,0.799827992610581,0.292713108412149,-5.69078274137233,7.47540998609706,4.49422399275843,-1.20605088997658,1.18296503483635,-0.223358583668783,-1.22856230182468,-1940.48567223481,20,2,"normal",57
"3978",-9.08646,0.426841360424221,0,1.58771152399017,80,0.00168279162766226,7.47540998609706,89.4986903988282,-1.20605088997658,3.26403785522489,0.799827992610581,0.292713108412149,-5.69078274137233,7.47540998609706,4.49422399275843,-1.20605088997658,1.18296503483635,-0.223358583668783,-1.22856230182468,-1940.48567223481,20,2,"normal",58
"3979",24.56615,0.575466992754377,0,3.73196057315872,80,0.00168279162766226,7.47540998609706,89.4986903988282,-1.20605088997658,3.26403785522489,0.799827992610581,0.292713108412149,-5.69078274137233,7.47540998609706,4.49422399275843,-1.20605088997658,1.18296503483635,-0.223358583668783,-1.22856230182468,-1940.48567223481,20,2,"normal",59
"3980",-6.50701,0.438134607187811,0,0.412542949483973,80,0.00168279162766226,7.47540998609706,89.4986903988282,-1.20605088997658,3.26403785522489,0.799827992610581,0.292713108412149,-5.69078274137233,7.47540998609706,4.49422399275843,-1.20605088997658,1.18296503483635,-0.223358583668783,-1.22856230182468,-1940.48567223481,20,2,"normal",60
"3981",9.10801,0.507252453894846,1,0.553605011978709,80,0.00168279162766226,7.47540998609706,89.4986903988282,-1.20605088997658,3.26403785522489,0.799827992610581,0.292713108412149,-5.69078274137233,7.47540998609706,4.49422399275843,-1.20605088997658,1.18296503483635,-0.223358583668783,-1.22856230182468,-1940.48567223481,20,2,"normal",61
"3982",-2.2643958069,0.456815986396123,1,0.782747726443478,80,0.00168279162766226,7.47540998609706,89.4986903988282,-1.20605088997658,3.26403785522489,0.799827992610581,0.292713108412149,-5.69078274137233,7.47540998609706,4.49422399275843,-1.20605088997658,1.18296503483635,-0.223358583668783,-1.22856230182468,-1940.48567223481,20,2,"normal",62
"3983",-3.3353246649,0.452089645079946,1,1.11410144916826,80,0.00168279162766226,7.47540998609706,89.4986903988282,-1.20605088997658,3.26403785522489,0.799827992610581,0.292713108412149,-5.69078274137233,7.47540998609706,4.49422399275843,-1.20605088997658,1.18296503483635,-0.223358583668783,-1.22856230182468,-1940.48567223481,20,2,"normal",63
"3984",-5.1330956044,0.444171210637288,0,0.744598396697571,80,0.00168279162766226,7.47540998609706,89.4986903988282,-1.20605088997658,3.26403785522489,0.799827992610581,0.292713108412149,-5.69078274137233,7.47540998609706,4.49422399275843,-1.20605088997658,1.18296503483635,-0.223358583668783,-1.22856230182468,-1940.48567223481,20,2,"normal",64
"3985",45.62811,0.664497463128574,1,0.572330193847721,80,0.00168279162766226,7.47540998609706,89.4986903988282,-1.20605088997658,3.26403785522489,0.799827992610581,0.292713108412149,-5.69078274137233,7.47540998609706,4.49422399275843,-1.20605088997658,1.18296503483635,-0.223358583668783,-1.22856230182468,-1940.48567223481,20,2,"normal",65
"3986",-2.849074991,0.454234809719881,1,1.53850424978777,80,0.00168279162766226,7.47540998609706,89.4986903988282,-1.20605088997658,3.26403785522489,0.799827992610581,0.292713108412149,-5.69078274137233,7.47540998609706,4.49422399275843,-1.20605088997658,1.18296503483635,-0.223358583668783,-1.22856230182468,-1940.48567223481,20,2,"normal",66
"3987",24.32529,0.574416031928811,0,1.40548590288029,80,0.00168279162766226,7.47540998609706,89.4986903988282,-1.20605088997658,3.26403785522489,0.799827992610581,0.292713108412149,-5.69078274137233,7.47540998609706,4.49422399275843,-1.20605088997658,1.18296503483635,-0.223358583668783,-1.22856230182468,-1940.48567223481,20,2,"normal",67
"3988",-34.37904,0.320621654702436,0,0.780570508811322,80,0.00168279162766226,7.47540998609706,89.4986903988282,-1.20605088997658,3.26403785522489,0.799827992610581,0.292713108412149,-5.69078274137233,7.47540998609706,4.49422399275843,-1.20605088997658,1.18296503483635,-0.223358583668783,-1.22856230182468,-1940.48567223481,20,2,"normal",68
"3989",-3.11852945346,0.453045900099529,0,0.50966968056116,80,0.00168279162766226,7.47540998609706,89.4986903988282,-1.20605088997658,3.26403785522489,0.799827992610581,0.292713108412149,-5.69078274137233,7.47540998609706,4.49422399275843,-1.20605088997658,1.18296503483635,-0.223358583668783,-1.22856230182468,-1940.48567223481,20,2,"normal",69
"3990",-4.201714489,0.448270962151335,0,1.87608630241647,80,0.00168279162766226,7.47540998609706,89.4986903988282,-1.20605088997658,3.26403785522489,0.799827992610581,0.292713108412149,-5.69078274137233,7.47540998609706,4.49422399275843,-1.20605088997658,1.18296503483635,-0.223358583668783,-1.22856230182468,-1940.48567223481,20,2,"normal",70
"3991",-2.667200501,0.455037525736133,0,0.6477446203744,80,0.00168279162766226,7.47540998609706,89.4986903988282,-1.20605088997658,3.26403785522489,0.799827992610581,0.292713108412149,-5.69078274137233,7.47540998609706,4.49422399275843,-1.20605088997658,1.18296503483635,-0.223358583668783,-1.22856230182468,-1940.48567223481,20,2,"normal",71
"3992",8.22675,0.50333780286633,0,0.648726788021918,80,0.00168279162766226,7.47540998609706,89.4986903988282,-1.20605088997658,3.26403785522489,0.799827992610581,0.292713108412149,-5.69078274137233,7.47540998609706,4.49422399275843,-1.20605088997658,1.18296503483635,-0.223358583668783,-1.22856230182468,-1940.48567223481,20,2,"normal",72
"3993",-38.90381,0.30282133752825,1,0.747757433006652,80,0.00168279162766226,7.47540998609706,89.4986903988282,-1.20605088997658,3.26403785522489,0.799827992610581,0.292713108412149,-5.69078274137233,7.47540998609706,4.49422399275843,-1.20605088997658,1.18296503483635,-0.223358583668783,-1.22856230182468,-1940.48567223481,20,2,"normal",73
"3994",0.9508611362,0.471040223334664,0,5.48292503444756,80,0.00168279162766226,7.47540998609706,89.4986903988282,-1.20605088997658,3.26403785522489,0.799827992610581,0.292713108412149,-5.69078274137233,7.47540998609706,4.49422399275843,-1.20605088997658,1.18296503483635,-0.223358583668783,-1.22856230182468,-1940.48567223481,20,2,"normal",74
"3995",-0.5023568625,0.464605499716082,0,0.615254609507477,80,0.00168279162766226,7.47540998609706,89.4986903988282,-1.20605088997658,3.26403785522489,0.799827992610581,0.292713108412149,-5.69078274137233,7.47540998609706,4.49422399275843,-1.20605088997658,1.18296503483635,-0.223358583668783,-1.22856230182468,-1940.48567223481,20,2,"normal",75
"3996",-12.05613,0.413914613759891,0,1.35318600267714,80,0.00168279162766226,7.47540998609706,89.4986903988282,-1.20605088997658,3.26403785522489,0.799827992610581,0.292713108412149,-5.69078274137233,7.47540998609706,4.49422399275843,-1.20605088997658,1.18296503483635,-0.223358583668783,-1.22856230182468,-1940.48567223481,20,2,"normal",76
"3997",-5.88503,0.440865708786266,1,0.767991378957628,80,0.00168279162766226,7.47540998609706,89.4986903988282,-1.20605088997658,3.26403785522489,0.799827992610581,0.292713108412149,-5.69078274137233,7.47540998609706,4.49422399275843,-1.20605088997658,1.18296503483635,-0.223358583668783,-1.22856230182468,-1940.48567223481,20,2,"normal",77
"3998",-34.40087,0.320534725038145,0,0.411862156011882,80,0.00168279162766226,7.47540998609706,89.4986903988282,-1.20605088997658,3.26403785522489,0.799827992610581,0.292713108412149,-5.69078274137233,7.47540998609706,4.49422399275843,-1.20605088997658,1.18296503483635,-0.223358583668783,-1.22856230182468,-1940.48567223481,20,2,"normal",78
"3999",18.24901,0.547746578647097,1,1.44645495180122,80,0.00168279162766226,7.47540998609706,89.4986903988282,-1.20605088997658,3.26403785522489,0.799827992610581,0.292713108412149,-5.69078274137233,7.47540998609706,4.49422399275843,-1.20605088997658,1.18296503483635,-0.223358583668783,-1.22856230182468,-1940.48567223481,20,2,"normal",79
"4000",-12.40766,0.412390341036845,0,2.21817461100118,80,0.00168279162766226,7.47540998609706,89.4986903988282,-1.20605088997658,3.26403785522489,0.799827992610581,0.292713108412149,-5.69078274137233,7.47540998609706,4.49422399275843,-1.20605088997658,1.18296503483635,-0.223358583668783,-1.22856230182468,-1940.48567223481,20,2,"normal",80
"4001",10.3733722518,0.546134204587246,1,1.11001606399128,80,0.00190414798885893,7.91022082520579,21.1710383774258,-2.70642000390483,4.40261573261005,0.298334693595079,0.887190230587527,-5.56675787383212,7.91022082520579,3.05263413342078,-2.70642000390483,1.4821988489723,-1.20953928984921,-0.11969585451751,-367.542054687211,21,2,"normal",1
"4002",-4.3183807649,0.28259486529827,0,1.01954716219187,80,0.00190414798885893,7.91022082520579,21.1710383774258,-2.70642000390483,4.40261573261005,0.298334693595079,0.887190230587527,-5.56675787383212,7.91022082520579,3.05263413342078,-2.70642000390483,1.4821988489723,-1.20953928984921,-0.11969585451751,-367.542054687211,21,2,"normal",2
"4003",2.0481035271,0.391346410623036,0,1.11497948134984,80,0.00190414798885893,7.91022082520579,21.1710383774258,-2.70642000390483,4.40261573261005,0.298334693595079,0.887190230587527,-5.56675787383212,7.91022082520579,3.05263413342078,-2.70642000390483,1.4821988489723,-1.20953928984921,-0.11969585451751,-367.542054687211,21,2,"normal",3
"4004",4.8219673433,0.442232209213143,0,0.984280501252299,80,0.00190414798885893,7.91022082520579,21.1710383774258,-2.70642000390483,4.40261573261005,0.298334693595079,0.887190230587527,-5.56675787383212,7.91022082520579,3.05263413342078,-2.70642000390483,1.4821988489723,-1.20953928984921,-0.11969585451751,-367.542054687211,21,2,"normal",4
"4005",4.83553,0.442484124942517,0,1.1070295500607,80,0.00190414798885893,7.91022082520579,21.1710383774258,-2.70642000390483,4.40261573261005,0.298334693595079,0.887190230587527,-5.56675787383212,7.91022082520579,3.05263413342078,-2.70642000390483,1.4821988489723,-1.20953928984921,-0.11969585451751,-367.542054687211,21,2,"normal",5
"4006",11.47057,0.566521219171673,1,1.2760099241213,80,0.00190414798885893,7.91022082520579,21.1710383774258,-2.70642000390483,4.40261573261005,0.298334693595079,0.887190230587527,-5.56675787383212,7.91022082520579,3.05263413342078,-2.70642000390483,1.4821988489723,-1.20953928984921,-0.11969585451751,-367.542054687211,21,2,"normal",6
"4007",9.24811,0.525098165755409,1,1.16437379791248,80,0.00190414798885893,7.91022082520579,21.1710383774258,-2.70642000390483,4.40261573261005,0.298334693595079,0.887190230587527,-5.56675787383212,7.91022082520579,3.05263413342078,-2.70642000390483,1.4821988489723,-1.20953928984921,-0.11969585451751,-367.542054687211,21,2,"normal",7
"4008",7.17127,0.486131222178518,1,1.05640960715977,80,0.00190414798885893,7.91022082520579,21.1710383774258,-2.70642000390483,4.40261573261005,0.298334693595079,0.887190230587527,-5.56675787383212,7.91022082520579,3.05263413342078,-2.70642000390483,1.4821988489723,-1.20953928984921,-0.11969585451751,-367.542054687211,21,2,"normal",8
"4009",9.27015,0.525511061941388,0,1.09853678666695,80,0.00190414798885893,7.91022082520579,21.1710383774258,-2.70642000390483,4.40261573261005,0.298334693595079,0.887190230587527,-5.56675787383212,7.91022082520579,3.05263413342078,-2.70642000390483,1.4821988489723,-1.20953928984921,-0.11969585451751,-367.542054687211,21,2,"normal",9
"4010",33.6893,0.886844123729766,1,1.01328611874446,80,0.00190414798885893,7.91022082520579,21.1710383774258,-2.70642000390483,4.40261573261005,0.298334693595079,0.887190230587527,-5.56675787383212,7.91022082520579,3.05263413342078,-2.70642000390483,1.4821988489723,-1.20953928984921,-0.11969585451751,-367.542054687211,21,2,"normal",10
"4011",12.21678,0.580288696951129,0,1.08014907163621,80,0.00190414798885893,7.91022082520579,21.1710383774258,-2.70642000390483,4.40261573261005,0.298334693595079,0.887190230587527,-5.56675787383212,7.91022082520579,3.05263413342078,-2.70642000390483,1.4821988489723,-1.20953928984921,-0.11969585451751,-367.542054687211,21,2,"normal",11
"4012",8.89462802702,0.518472647278121,1,1.0463382849599,80,0.00190414798885893,7.91022082520579,21.1710383774258,-2.70642000390483,4.40261573261005,0.298334693595079,0.887190230587527,-5.56675787383212,7.91022082520579,3.05263413342078,-2.70642000390483,1.4821988489723,-1.20953928984921,-0.11969585451751,-367.542054687211,21,2,"normal",12
"4013",20.97777,0.730579336602934,1,1.1032342803668,80,0.00190414798885893,7.91022082520579,21.1710383774258,-2.70642000390483,4.40261573261005,0.298334693595079,0.887190230587527,-5.56675787383212,7.91022082520579,3.05263413342078,-2.70642000390483,1.4821988489723,-1.20953928984921,-0.11969585451751,-367.542054687211,21,2,"normal",13
"4014",7.073617826,0.484299364630111,1,1.15881246717717,80,0.00190414798885893,7.91022082520579,21.1710383774258,-2.70642000390483,4.40261573261005,0.298334693595079,0.887190230587527,-5.56675787383212,7.91022082520579,3.05263413342078,-2.70642000390483,1.4821988489723,-1.20953928984921,-0.11969585451751,-367.542054687211,21,2,"normal",14
"4015",24.17943,0.777832499035936,1,1.00629043920168,80,0.00190414798885893,7.91022082520579,21.1710383774258,-2.70642000390483,4.40261573261005,0.298334693595079,0.887190230587527,-5.56675787383212,7.91022082520579,3.05263413342078,-2.70642000390483,1.4821988489723,-1.20953928984921,-0.11969585451751,-367.542054687211,21,2,"normal",15
"4016",0.47913,0.363315699902797,0,1.15994410178613,80,0.00190414798885893,7.91022082520579,21.1710383774258,-2.70642000390483,4.40261573261005,0.298334693595079,0.887190230587527,-5.56675787383212,7.91022082520579,3.05263413342078,-2.70642000390483,1.4821988489723,-1.20953928984921,-0.11969585451751,-367.542054687211,21,2,"normal",16
"4017",2.541885,0.400295124981351,0,1.11879368417963,80,0.00190414798885893,7.91022082520579,21.1710383774258,-2.70642000390483,4.40261573261005,0.298334693595079,0.887190230587527,-5.56675787383212,7.91022082520579,3.05263413342078,-2.70642000390483,1.4821988489723,-1.20953928984921,-0.11969585451751,-367.542054687211,21,2,"normal",17
"4018",6.5401,0.474298017531321,0,1.04485277354303,80,0.00190414798885893,7.91022082520579,21.1710383774258,-2.70642000390483,4.40261573261005,0.298334693595079,0.887190230587527,-5.56675787383212,7.91022082520579,3.05263413342078,-2.70642000390483,1.4821988489723,-1.20953928984921,-0.11969585451751,-367.542054687211,21,2,"normal",18
"4019",7.90507,0.499903308647494,1,1.04558295434341,80,0.00190414798885893,7.91022082520579,21.1710383774258,-2.70642000390483,4.40261573261005,0.298334693595079,0.887190230587527,-5.56675787383212,7.91022082520579,3.05263413342078,-2.70642000390483,1.4821988489723,-1.20953928984921,-0.11969585451751,-367.542054687211,21,2,"normal",19
"4020",14.17158,0.615847071854681,0,1.00692150882578,80,0.00190414798885893,7.91022082520579,21.1710383774258,-2.70642000390483,4.40261573261005,0.298334693595079,0.887190230587527,-5.56675787383212,7.91022082520579,3.05263413342078,-2.70642000390483,1.4821988489723,-1.20953928984921,-0.11969585451751,-367.542054687211,21,2,"normal",20
"4021",3.37413,0.41549549499305,0,1.06478480029346,80,0.00190414798885893,7.91022082520579,21.1710383774258,-2.70642000390483,4.40261573261005,0.298334693595079,0.887190230587527,-5.56675787383212,7.91022082520579,3.05263413342078,-2.70642000390483,1.4821988489723,-1.20953928984921,-0.11969585451751,-367.542054687211,21,2,"normal",21
"4022",19.56043,0.708144029804463,1,1.08356895098646,80,0.00190414798885893,7.91022082520579,21.1710383774258,-2.70642000390483,4.40261573261005,0.298334693595079,0.887190230587527,-5.56675787383212,7.91022082520579,3.05263413342078,-2.70642000390483,1.4821988489723,-1.20953928984921,-0.11969585451751,-367.542054687211,21,2,"normal",22
"4023",24.7798,0.786129372927303,1,1.02541284263153,80,0.00190414798885893,7.91022082520579,21.1710383774258,-2.70642000390483,4.40261573261005,0.298334693595079,0.887190230587527,-5.56675787383212,7.91022082520579,3.05263413342078,-2.70642000390483,1.4821988489723,-1.20953928984921,-0.11969585451751,-367.542054687211,21,2,"normal",23
"4024",-0.958740000000001,0.338255806941469,0,1.03375374827488,80,0.00190414798885893,7.91022082520579,21.1710383774258,-2.70642000390483,4.40261573261005,0.298334693595079,0.887190230587527,-5.56675787383212,7.91022082520579,3.05263413342078,-2.70642000390483,1.4821988489723,-1.20953928984921,-0.11969585451751,-367.542054687211,21,2,"normal",24
"4025",6.45347,0.472675419448827,0,1.02234253937385,80,0.00190414798885893,7.91022082520579,21.1710383774258,-2.70642000390483,4.40261573261005,0.298334693595079,0.887190230587527,-5.56675787383212,7.91022082520579,3.05263413342078,-2.70642000390483,1.4821988489723,-1.20953928984921,-0.11969585451751,-367.542054687211,21,2,"normal",25
"4026",24.3599,0.780345860760055,1,0.969380090928093,80,0.00190414798885893,7.91022082520579,21.1710383774258,-2.70642000390483,4.40261573261005,0.298334693595079,0.887190230587527,-5.56675787383212,7.91022082520579,3.05263413342078,-2.70642000390483,1.4821988489723,-1.20953928984921,-0.11969585451751,-367.542054687211,21,2,"normal",26
"4027",13.44492,0.602726004590833,1,1.21969512233783,80,0.00190414798885893,7.91022082520579,21.1710383774258,-2.70642000390483,4.40261573261005,0.298334693595079,0.887190230587527,-5.56675787383212,7.91022082520579,3.05263413342078,-2.70642000390483,1.4821988489723,-1.20953928984921,-0.11969585451751,-367.542054687211,21,2,"normal",27
"4028",4.98994,0.445353797541368,1,1.15245358544218,80,0.00190414798885893,7.91022082520579,21.1710383774258,-2.70642000390483,4.40261573261005,0.298334693595079,0.887190230587527,-5.56675787383212,7.91022082520579,3.05263413342078,-2.70642000390483,1.4821988489723,-1.20953928984921,-0.11969585451751,-367.542054687211,21,2,"normal",28
"4029",8.4907,0.510895396966591,1,1.04652620308089,80,0.00190414798885893,7.91022082520579,21.1710383774258,-2.70642000390483,4.40261573261005,0.298334693595079,0.887190230587527,-5.56675787383212,7.91022082520579,3.05263413342078,-2.70642000390483,1.4821988489723,-1.20953928984921,-0.11969585451751,-367.542054687211,21,2,"normal",29
"4030",-1.87317,0.322678378401079,0,1.14912722699389,80,0.00190414798885893,7.91022082520579,21.1710383774258,-2.70642000390483,4.40261573261005,0.298334693595079,0.887190230587527,-5.56675787383212,7.91022082520579,3.05263413342078,-2.70642000390483,1.4821988489723,-1.20953928984921,-0.11969585451751,-367.542054687211,21,2,"normal",30
"4031",2.33804,0.396594184732222,1,1.09047665188053,80,0.00190414798885893,7.91022082520579,21.1710383774258,-2.70642000390483,4.40261573261005,0.298334693595079,0.887190230587527,-5.56675787383212,7.91022082520579,3.05263413342078,-2.70642000390483,1.4821988489723,-1.20953928984921,-0.11969585451751,-367.542054687211,21,2,"normal",31
"4032",15.03792,0.631315971099596,0,1.2057271556803,80,0.00190414798885893,7.91022082520579,21.1710383774258,-2.70642000390483,4.40261573261005,0.298334693595079,0.887190230587527,-5.56675787383212,7.91022082520579,3.05263413342078,-2.70642000390483,1.4821988489723,-1.20953928984921,-0.11969585451751,-367.542054687211,21,2,"normal",32
"4033",0.430340000000001,0.362454879686856,0,1.21449241911037,80,0.00190414798885893,7.91022082520579,21.1710383774258,-2.70642000390483,4.40261573261005,0.298334693595079,0.887190230587527,-5.56675787383212,7.91022082520579,3.05263413342078,-2.70642000390483,1.4821988489723,-1.20953928984921,-0.11969585451751,-367.542054687211,21,2,"normal",33
"4034",13.10008,0.596457074854063,0,1.11533274347216,80,0.00190414798885893,7.91022082520579,21.1710383774258,-2.70642000390483,4.40261573261005,0.298334693595079,0.887190230587527,-5.56675787383212,7.91022082520579,3.05263413342078,-2.70642000390483,1.4821988489723,-1.20953928984921,-0.11969585451751,-367.542054687211,21,2,"normal",34
"4035",-5.5114,0.263955375611473,0,0.999540293560082,80,0.00190414798885893,7.91022082520579,21.1710383774258,-2.70642000390483,4.40261573261005,0.298334693595079,0.887190230587527,-5.56675787383212,7.91022082520579,3.05263413342078,-2.70642000390483,1.4821988489723,-1.20953928984921,-0.11969585451751,-367.542054687211,21,2,"normal",35
"4036",18.34401,0.68821523187208,1,1.08089691607969,80,0.00190414798885893,7.91022082520579,21.1710383774258,-2.70642000390483,4.40261573261005,0.298334693595079,0.887190230587527,-5.56675787383212,7.91022082520579,3.05263413342078,-2.70642000390483,1.4821988489723,-1.20953928984921,-0.11969585451751,-367.542054687211,21,2,"normal",36
"4037",-27.17277,0.050465922006655,0,0.983075631259086,80,0.00190414798885893,7.91022082520579,21.1710383774258,-2.70642000390483,4.40261573261005,0.298334693595079,0.887190230587527,-5.56675787383212,7.91022082520579,3.05263413342078,-2.70642000390483,1.4821988489723,-1.20953928984921,-0.11969585451751,-367.542054687211,21,2,"normal",37
"4038",19.13154,0.701185882066358,1,1.0167570552939,80,0.00190414798885893,7.91022082520579,21.1710383774258,-2.70642000390483,4.40261573261005,0.298334693595079,0.887190230587527,-5.56675787383212,7.91022082520579,3.05263413342078,-2.70642000390483,1.4821988489723,-1.20953928984921,-0.11969585451751,-367.542054687211,21,2,"normal",38
"4039",15.43642,0.638361684067788,0,1.11688908095518,80,0.00190414798885893,7.91022082520579,21.1710383774258,-2.70642000390483,4.40261573261005,0.298334693595079,0.887190230587527,-5.56675787383212,7.91022082520579,3.05263413342078,-2.70642000390483,1.4821988489723,-1.20953928984921,-0.11969585451751,-367.542054687211,21,2,"normal",39
"4040",-2.54023,0.311507817163525,0,1.08040106866891,80,0.00190414798885893,7.91022082520579,21.1710383774258,-2.70642000390483,4.40261573261005,0.298334693595079,0.887190230587527,-5.56675787383212,7.91022082520579,3.05263413342078,-2.70642000390483,1.4821988489723,-1.20953928984921,-0.11969585451751,-367.542054687211,21,2,"normal",40
"4041",19.53833,0.707787355803213,1,1.24679206887778,80,0.00190414798885893,7.91022082520579,21.1710383774258,-2.70642000390483,4.40261573261005,0.298334693595079,0.887190230587527,-5.56675787383212,7.91022082520579,3.05263413342078,-2.70642000390483,1.4821988489723,-1.20953928984921,-0.11969585451751,-367.542054687211,21,2,"normal",41
"4042",4.44326,0.435207888295944,0,1.01071218957549,80,0.00190414798885893,7.91022082520579,21.1710383774258,-2.70642000390483,4.40261573261005,0.298334693595079,0.887190230587527,-5.56675787383212,7.91022082520579,3.05263413342078,-2.70642000390483,1.4821988489723,-1.20953928984921,-0.11969585451751,-367.542054687211,21,2,"normal",42
"4043",6.41806,0.472012312699194,0,1.05090083468103,80,0.00190414798885893,7.91022082520579,21.1710383774258,-2.70642000390483,4.40261573261005,0.298334693595079,0.887190230587527,-5.56675787383212,7.91022082520579,3.05263413342078,-2.70642000390483,1.4821988489723,-1.20953928984921,-0.11969585451751,-367.542054687211,21,2,"normal",43
"4044",-0.156630000000001,0.352154807135673,0,1.02809692986739,80,0.00190414798885893,7.91022082520579,21.1710383774258,-2.70642000390483,4.40261573261005,0.298334693595079,0.887190230587527,-5.56675787383212,7.91022082520579,3.05263413342078,-2.70642000390483,1.4821988489723,-1.20953928984921,-0.11969585451751,-367.542054687211,21,2,"normal",44
"4045",16.43615,0.655825949835522,1,1.19407841103316,80,0.00190414798885893,7.91022082520579,21.1710383774258,-2.70642000390483,4.40261573261005,0.298334693595079,0.887190230587527,-5.56675787383212,7.91022082520579,3.05263413342078,-2.70642000390483,1.4821988489723,-1.20953928984921,-0.11969585451751,-367.542054687211,21,2,"normal",45
"4046",-5.70684,0.260963283878635,0,1.0562939956928,80,0.00190414798885893,7.91022082520579,21.1710383774258,-2.70642000390483,4.40261573261005,0.298334693595079,0.887190230587527,-5.56675787383212,7.91022082520579,3.05263413342078,-2.70642000390483,1.4821988489723,-1.20953928984921,-0.11969585451751,-367.542054687211,21,2,"normal",46
"4047",7.08132,0.484443838125329,1,1.29901169215258,80,0.00190414798885893,7.91022082520579,21.1710383774258,-2.70642000390483,4.40261573261005,0.298334693595079,0.887190230587527,-5.56675787383212,7.91022082520579,3.05263413342078,-2.70642000390483,1.4821988489723,-1.20953928984921,-0.11969585451751,-367.542054687211,21,2,"normal",47
"4048",-0.43643,0.347282594925662,0,1.03371130644834,80,0.00190414798885893,7.91022082520579,21.1710383774258,-2.70642000390483,4.40261573261005,0.298334693595079,0.887190230587527,-5.56675787383212,7.91022082520579,3.05263413342078,-2.70642000390483,1.4821988489723,-1.20953928984921,-0.11969585451751,-367.542054687211,21,2,"normal",48
"4049",1.99255,0.390343145875469,0,1.00393075605835,80,0.00190414798885893,7.91022082520579,21.1710383774258,-2.70642000390483,4.40261573261005,0.298334693595079,0.887190230587527,-5.56675787383212,7.91022082520579,3.05263413342078,-2.70642000390483,1.4821988489723,-1.20953928984921,-0.11969585451751,-367.542054687211,21,2,"normal",49
"4050",-1.94373,0.321488882503082,0,1.04679375583189,80,0.00190414798885893,7.91022082520579,21.1710383774258,-2.70642000390483,4.40261573261005,0.298334693595079,0.887190230587527,-5.56675787383212,7.91022082520579,3.05263413342078,-2.70642000390483,1.4821988489723,-1.20953928984921,-0.11969585451751,-367.542054687211,21,2,"normal",50
"4051",4.86198,0.442975480319457,1,1.1015932027587,80,0.00190414798885893,7.91022082520579,21.1710383774258,-2.70642000390483,4.40261573261005,0.298334693595079,0.887190230587527,-5.56675787383212,7.91022082520579,3.05263413342078,-2.70642000390483,1.4821988489723,-1.20953928984921,-0.11969585451751,-367.542054687211,21,2,"normal",51
"4052",17.32429,0.671065949765791,1,1.06616953216616,80,0.00190414798885893,7.91022082520579,21.1710383774258,-2.70642000390483,4.40261573261005,0.298334693595079,0.887190230587527,-5.56675787383212,7.91022082520579,3.05263413342078,-2.70642000390483,1.4821988489723,-1.20953928984921,-0.11969585451751,-367.542054687211,21,2,"normal",52
"4053",1.95343,0.389637102174593,1,1.12936976788171,80,0.00190414798885893,7.91022082520579,21.1710383774258,-2.70642000390483,4.40261573261005,0.298334693595079,0.887190230587527,-5.56675787383212,7.91022082520579,3.05263413342078,-2.70642000390483,1.4821988489723,-1.20953928984921,-0.11969585451751,-367.542054687211,21,2,"normal",53
"4054",13.48955,0.6035354301268,1,1.06786075965894,80,0.00190414798885893,7.91022082520579,21.1710383774258,-2.70642000390483,4.40261573261005,0.298334693595079,0.887190230587527,-5.56675787383212,7.91022082520579,3.05263413342078,-2.70642000390483,1.4821988489723,-1.20953928984921,-0.11969585451751,-367.542054687211,21,2,"normal",54
"4055",14.25218,0.617294532446194,1,1.05221770741287,80,0.00190414798885893,7.91022082520579,21.1710383774258,-2.70642000390483,4.40261573261005,0.298334693595079,0.887190230587527,-5.56675787383212,7.91022082520579,3.05263413342078,-2.70642000390483,1.4821988489723,-1.20953928984921,-0.11969585451751,-367.542054687211,21,2,"normal",55
"4056",-4.15281,0.28523134117237,0,1.09273001804455,80,0.00190414798885893,7.91022082520579,21.1710383774258,-2.70642000390483,4.40261573261005,0.298334693595079,0.887190230587527,-5.56675787383212,7.91022082520579,3.05263413342078,-2.70642000390483,1.4821988489723,-1.20953928984921,-0.11969585451751,-367.542054687211,21,2,"normal",56
"4057",-3.07217,0.302723111096087,0,1.02861247059695,80,0.00190414798885893,7.91022082520579,21.1710383774258,-2.70642000390483,4.40261573261005,0.298334693595079,0.887190230587527,-5.56675787383212,7.91022082520579,3.05263413342078,-2.70642000390483,1.4821988489723,-1.20953928984921,-0.11969585451751,-367.542054687211,21,2,"normal",57
"4058",0.671110000000001,0.366709599873266,0,1.11148735420835,80,0.00190414798885893,7.91022082520579,21.1710383774258,-2.70642000390483,4.40261573261005,0.298334693595079,0.887190230587527,-5.56675787383212,7.91022082520579,3.05263413342078,-2.70642000390483,1.4821988489723,-1.20953928984921,-0.11969585451751,-367.542054687211,21,2,"normal",58
"4059",18.33836,0.688121292829005,1,1.06468377789872,80,0.00190414798885893,7.91022082520579,21.1710383774258,-2.70642000390483,4.40261573261005,0.298334693595079,0.887190230587527,-5.56675787383212,7.91022082520579,3.05263413342078,-2.70642000390483,1.4821988489723,-1.20953928984921,-0.11969585451751,-367.542054687211,21,2,"normal",59
"4060",-0.892950000000001,0.339387802675361,0,1.06098122107561,80,0.00190414798885893,7.91022082520579,21.1710383774258,-2.70642000390483,4.40261573261005,0.298334693595079,0.887190230587527,-5.56675787383212,7.91022082520579,3.05263413342078,-2.70642000390483,1.4821988489723,-1.20953928984921,-0.11969585451751,-367.542054687211,21,2,"normal",60
"4061",2.55248,0.400487734289324,1,1.02492186647736,80,0.00190414798885893,7.91022082520579,21.1710383774258,-2.70642000390483,4.40261573261005,0.298334693595079,0.887190230587527,-5.56675787383212,7.91022082520579,3.05263413342078,-2.70642000390483,1.4821988489723,-1.20953928984921,-0.11969585451751,-367.542054687211,21,2,"normal",61
"4062",14.10823,0.614708251070727,0,1.05873976899243,80,0.00190414798885893,7.91022082520579,21.1710383774258,-2.70642000390483,4.40261573261005,0.298334693595079,0.887190230587527,-5.56675787383212,7.91022082520579,3.05263413342078,-2.70642000390483,1.4821988489723,-1.20953928984921,-0.11969585451751,-367.542054687211,21,2,"normal",62
"4063",14.48201,0.621412826171151,0,1.04555915133563,80,0.00190414798885893,7.91022082520579,21.1710383774258,-2.70642000390483,4.40261573261005,0.298334693595079,0.887190230587527,-5.56675787383212,7.91022082520579,3.05263413342078,-2.70642000390483,1.4821988489723,-1.20953928984921,-0.11969585451751,-367.542054687211,21,2,"normal",63
"4064",-4.36653,0.281830383607401,1,1.03734592831415,80,0.00190414798885893,7.91022082520579,21.1710383774258,-2.70642000390483,4.40261573261005,0.298334693595079,0.887190230587527,-5.56675787383212,7.91022082520579,3.05263413342078,-2.70642000390483,1.4821988489723,-1.20953928984921,-0.11969585451751,-367.542054687211,21,2,"normal",64
"4065",13.7987,0.60912976101393,1,1.08147167756777,80,0.00190414798885893,7.91022082520579,21.1710383774258,-2.70642000390483,4.40261573261005,0.298334693595079,0.887190230587527,-5.56675787383212,7.91022082520579,3.05263413342078,-2.70642000390483,1.4821988489723,-1.20953928984921,-0.11969585451751,-367.542054687211,21,2,"normal",65
"4066",-0.73874,0.34204689067932,1,1.00922018923523,80,0.00190414798885893,7.91022082520579,21.1710383774258,-2.70642000390483,4.40261573261005,0.298334693595079,0.887190230587527,-5.56675787383212,7.91022082520579,3.05263413342078,-2.70642000390483,1.4821988489723,-1.20953928984921,-0.11969585451751,-367.542054687211,21,2,"normal",66
"4067",19.37175,0.705092342623127,1,1.17015064427853,80,0.00190414798885893,7.91022082520579,21.1710383774258,-2.70642000390483,4.40261573261005,0.298334693595079,0.887190230587527,-5.56675787383212,7.91022082520579,3.05263413342078,-2.70642000390483,1.4821988489723,-1.20953928984921,-0.11969585451751,-367.542054687211,21,2,"normal",67
"4068",6.14285,0.466861388367735,0,1.06637591778064,80,0.00190414798885893,7.91022082520579,21.1710383774258,-2.70642000390483,4.40261573261005,0.298334693595079,0.887190230587527,-5.56675787383212,7.91022082520579,3.05263413342078,-2.70642000390483,1.4821988489723,-1.20953928984921,-0.11969585451751,-367.542054687211,21,2,"normal",68
"4069",1.94139,0.389419876177251,0,1.12032036406283,80,0.00190414798885893,7.91022082520579,21.1710383774258,-2.70642000390483,4.40261573261005,0.298334693595079,0.887190230587527,-5.56675787383212,7.91022082520579,3.05263413342078,-2.70642000390483,1.4821988489723,-1.20953928984921,-0.11969585451751,-367.542054687211,21,2,"normal",69
"4070",18.33684,0.688096018624197,0,1.10781259730368,80,0.00190414798885893,7.91022082520579,21.1710383774258,-2.70642000390483,4.40261573261005,0.298334693595079,0.887190230587527,-5.56675787383212,7.91022082520579,3.05263413342078,-2.70642000390483,1.4821988489723,-1.20953928984921,-0.11969585451751,-367.542054687211,21,2,"normal",70
"4071",0.48104,0.363349412942121,1,1.04946594718864,80,0.00190414798885893,7.91022082520579,21.1710383774258,-2.70642000390483,4.40261573261005,0.298334693595079,0.887190230587527,-5.56675787383212,7.91022082520579,3.05263413342078,-2.70642000390483,1.4821988489723,-1.20953928984921,-0.11969585451751,-367.542054687211,21,2,"normal",71
"4072",15.15183,0.633334635181893,1,1.10512918766942,80,0.00190414798885893,7.91022082520579,21.1710383774258,-2.70642000390483,4.40261573261005,0.298334693595079,0.887190230587527,-5.56675787383212,7.91022082520579,3.05263413342078,-2.70642000390483,1.4821988489723,-1.20953928984921,-0.11969585451751,-367.542054687211,21,2,"normal",72
"4073",33.0315,0.880848789805913,0,0.962590970663574,80,0.00190414798885893,7.91022082520579,21.1710383774258,-2.70642000390483,4.40261573261005,0.298334693595079,0.887190230587527,-5.56675787383212,7.91022082520579,3.05263413342078,-2.70642000390483,1.4821988489723,-1.20953928984921,-0.11969585451751,-367.542054687211,21,2,"normal",73
"4074",-22.05357,0.0800926138859273,0,0.957163412487459,80,0.00190414798885893,7.91022082520579,21.1710383774258,-2.70642000390483,4.40261573261005,0.298334693595079,0.887190230587527,-5.56675787383212,7.91022082520579,3.05263413342078,-2.70642000390483,1.4821988489723,-1.20953928984921,-0.11969585451751,-367.542054687211,21,2,"normal",74
"4075",21.57365,0.739743998896788,1,1.03023374674149,80,0.00190414798885893,7.91022082520579,21.1710383774258,-2.70642000390483,4.40261573261005,0.298334693595079,0.887190230587527,-5.56675787383212,7.91022082520579,3.05263413342078,-2.70642000390483,1.4821988489723,-1.20953928984921,-0.11969585451751,-367.542054687211,21,2,"normal",75
"4076",18.68821,0.693914540404329,1,1.11655017313493,80,0.00190414798885893,7.91022082520579,21.1710383774258,-2.70642000390483,4.40261573261005,0.298334693595079,0.887190230587527,-5.56675787383212,7.91022082520579,3.05263413342078,-2.70642000390483,1.4821988489723,-1.20953928984921,-0.11969585451751,-367.542054687211,21,2,"normal",76
"4077",-7.92852,0.228229075803297,1,1.0002243609583,80,0.00190414798885893,7.91022082520579,21.1710383774258,-2.70642000390483,4.40261573261005,0.298334693595079,0.887190230587527,-5.56675787383212,7.91022082520579,3.05263413342078,-2.70642000390483,1.4821988489723,-1.20953928984921,-0.11969585451751,-367.542054687211,21,2,"normal",77
"4078",34.8137,0.896578349690709,0,1.01267944201001,80,0.00190414798885893,7.91022082520579,21.1710383774258,-2.70642000390483,4.40261573261005,0.298334693595079,0.887190230587527,-5.56675787383212,7.91022082520579,3.05263413342078,-2.70642000390483,1.4821988489723,-1.20953928984921,-0.11969585451751,-367.542054687211,21,2,"normal",78
"4079",-2.61944,0.310192657219064,0,1.04534999554059,80,0.00190414798885893,7.91022082520579,21.1710383774258,-2.70642000390483,4.40261573261005,0.298334693595079,0.887190230587527,-5.56675787383212,7.91022082520579,3.05263413342078,-2.70642000390483,1.4821988489723,-1.20953928984921,-0.11969585451751,-367.542054687211,21,2,"normal",79
"4080",-4.4362,0.28072599384584,0,1.06130533593051,80,0.00190414798885893,7.91022082520579,21.1710383774258,-2.70642000390483,4.40261573261005,0.298334693595079,0.887190230587527,-5.56675787383212,7.91022082520579,3.05263413342078,-2.70642000390483,1.4821988489723,-1.20953928984921,-0.11969585451751,-367.542054687211,21,2,"normal",80
"4081",-8.3420271194,0.051383787920371,0,0.399361040890984,80,0.00815140584145655,13.2890719321557,12.675019899747,-2.50259929399644,1.62521711709359,0.388283561239217,0.31802862721596,-4.09998052542062,13.2890719321557,2.53963311947578,-2.50259929399644,0.485641417375743,-0.946019378347431,-1.14561387756206,-79.6921568751371,22,2,"normal",1
"4082",7.1175776282,0.316209796139208,0,0.38746455475748,80,0.00815140584145655,13.2890719321557,12.675019899747,-2.50259929399644,1.62521711709359,0.388283561239217,0.31802862721596,-4.09998052542062,13.2890719321557,2.53963311947578,-2.50259929399644,0.485641417375743,-0.946019378347431,-1.14561387756206,-79.6921568751371,22,2,"normal",2
"4083",14.3867696241,0.533943997883264,1,0.488612926893078,80,0.00815140584145655,13.2890719321557,12.675019899747,-2.50259929399644,1.62521711709359,0.388283561239217,0.31802862721596,-4.09998052542062,13.2890719321557,2.53963311947578,-2.50259929399644,0.485641417375743,-0.946019378347431,-1.14561387756206,-79.6921568751371,22,2,"normal",3
"4084",8.52255005117,0.355826878213807,0,0.51095087933448,80,0.00815140584145655,13.2890719321557,12.675019899747,-2.50259929399644,1.62521711709359,0.388283561239217,0.31802862721596,-4.09998052542062,13.2890719321557,2.53963311947578,-2.50259929399644,0.485641417375743,-0.946019378347431,-1.14561387756206,-79.6921568751371,22,2,"normal",4
"4085",25.24374,0.821868088639252,0,0.428236586171243,80,0.00815140584145655,13.2890719321557,12.675019899747,-2.50259929399644,1.62521711709359,0.388283561239217,0.31802862721596,-4.09998052542062,13.2890719321557,2.53963311947578,-2.50259929399644,0.485641417375743,-0.946019378347431,-1.14561387756206,-79.6921568751371,22,2,"normal",5
"4086",19.12461,0.674492406964052,0,0.408341684644564,80,0.00815140584145655,13.2890719321557,12.675019899747,-2.50259929399644,1.62521711709359,0.388283561239217,0.31802862721596,-4.09998052542062,13.2890719321557,2.53963311947578,-2.50259929399644,0.485641417375743,-0.946019378347431,-1.14561387756206,-79.6921568751371,22,2,"normal",6
"4087",46.5128,0.987538941363029,1,0.374265417309552,80,0.00815140584145655,13.2890719321557,12.675019899747,-2.50259929399644,1.62521711709359,0.388283561239217,0.31802862721596,-4.09998052542062,13.2890719321557,2.53963311947578,-2.50259929399644,0.485641417375743,-0.946019378347431,-1.14561387756206,-79.6921568751371,22,2,"normal",7
"4088",20.1015342617,0.701194628812701,1,0.424557424211595,80,0.00815140584145655,13.2890719321557,12.675019899747,-2.50259929399644,1.62521711709359,0.388283561239217,0.31802862721596,-4.09998052542062,13.2890719321557,2.53963311947578,-2.50259929399644,0.485641417375743,-0.946019378347431,-1.14561387756206,-79.6921568751371,22,2,"normal",8
"4089",15.28240947,0.561463382587196,0,0.455326763409639,80,0.00815140584145655,13.2890719321557,12.675019899747,-2.50259929399644,1.62521711709359,0.388283561239217,0.31802862721596,-4.09998052542062,13.2890719321557,2.53963311947578,-2.50259929399644,0.485641417375743,-0.946019378347431,-1.14561387756206,-79.6921568751371,22,2,"normal",9
"4090",-48.924,0.00815185764968815,0,0.420067671435323,80,0.00815140584145655,13.2890719321557,12.675019899747,-2.50259929399644,1.62521711709359,0.388283561239217,0.31802862721596,-4.09998052542062,13.2890719321557,2.53963311947578,-2.50259929399644,0.485641417375743,-0.946019378347431,-1.14561387756206,-79.6921568751371,22,2,"normal",10
"4091",15.444991414,0.566430160522626,1,0.490592764469609,80,0.00815140584145655,13.2890719321557,12.675019899747,-2.50259929399644,1.62521711709359,0.388283561239217,0.31802862721596,-4.09998052542062,13.2890719321557,2.53963311947578,-2.50259929399644,0.485641417375743,-0.946019378347431,-1.14561387756206,-79.6921568751371,22,2,"normal",11
"4092",34.92061,0.948619380611884,1,0.421673342302426,80,0.00815140584145655,13.2890719321557,12.675019899747,-2.50259929399644,1.62521711709359,0.388283561239217,0.31802862721596,-4.09998052542062,13.2890719321557,2.53963311947578,-2.50259929399644,0.485641417375743,-0.946019378347431,-1.14561387756206,-79.6921568751371,22,2,"normal",12
"4093",14.788283125,0.54630991152744,1,0.403516184140576,80,0.00815140584145655,13.2890719321557,12.675019899747,-2.50259929399644,1.62521711709359,0.388283561239217,0.31802862721596,-4.09998052542062,13.2890719321557,2.53963311947578,-2.50259929399644,0.485641417375743,-0.946019378347431,-1.14561387756206,-79.6921568751371,22,2,"normal",13
"4094",12.24174,0.46760983100445,1,0.405677960271932,80,0.00815140584145655,13.2890719321557,12.675019899747,-2.50259929399644,1.62521711709359,0.388283561239217,0.31802862721596,-4.09998052542062,13.2890719321557,2.53963311947578,-2.50259929399644,0.485641417375743,-0.946019378347431,-1.14561387756206,-79.6921568751371,22,2,"normal",14
"4095",49.2023,0.989583253358717,1,0.399485925606651,80,0.00815140584145655,13.2890719321557,12.675019899747,-2.50259929399644,1.62521711709359,0.388283561239217,0.31802862721596,-4.09998052542062,13.2890719321557,2.53963311947578,-2.50259929399644,0.485641417375743,-0.946019378347431,-1.14561387756206,-79.6921568751371,22,2,"normal",15
"4096",-5.5649,0.0754782508484493,0,0.363591925404057,80,0.00815140584145655,13.2890719321557,12.675019899747,-2.50259929399644,1.62521711709359,0.388283561239217,0.31802862721596,-4.09998052542062,13.2890719321557,2.53963311947578,-2.50259929399644,0.485641417375743,-0.946019378347431,-1.14561387756206,-79.6921568751371,22,2,"normal",16
"4097",25.29708,0.822924532368401,1,0.464135596568692,80,0.00815140584145655,13.2890719321557,12.675019899747,-2.50259929399644,1.62521711709359,0.388283561239217,0.31802862721596,-4.09998052542062,13.2890719321557,2.53963311947578,-2.50259929399644,0.485641417375743,-0.946019378347431,-1.14561387756206,-79.6921568751371,22,2,"normal",17
"4098",36.6411,0.959671069980194,0,0.42281806188259,80,0.00815140584145655,13.2890719321557,12.675019899747,-2.50259929399644,1.62521711709359,0.388283561239217,0.31802862721596,-4.09998052542062,13.2890719321557,2.53963311947578,-2.50259929399644,0.485641417375743,-0.946019378347431,-1.14561387756206,-79.6921568751371,22,2,"normal",18
"4099",10.6012322893,0.417399817099276,0,0.524153292146862,80,0.00815140584145655,13.2890719321557,12.675019899747,-2.50259929399644,1.62521711709359,0.388283561239217,0.31802862721596,-4.09998052542062,13.2890719321557,2.53963311947578,-2.50259929399644,0.485641417375743,-0.946019378347431,-1.14561387756206,-79.6921568751371,22,2,"normal",19
"4100",29.94039,0.898917075555324,1,0.428250719511068,80,0.00815140584145655,13.2890719321557,12.675019899747,-2.50259929399644,1.62521711709359,0.388283561239217,0.31802862721596,-4.09998052542062,13.2890719321557,2.53963311947578,-2.50259929399644,0.485641417375743,-0.946019378347431,-1.14561387756206,-79.6921568751371,22,2,"normal",20
"4101",6.0233,0.286776365286217,1,0.494771358025553,80,0.00815140584145655,13.2890719321557,12.675019899747,-2.50259929399644,1.62521711709359,0.388283561239217,0.31802862721596,-4.09998052542062,13.2890719321557,2.53963311947578,-2.50259929399644,0.485641417375743,-0.946019378347431,-1.14561387756206,-79.6921568751371,22,2,"normal",21
"4102",-1.75523,0.123862271204151,0,0.457613508259171,80,0.00815140584145655,13.2890719321557,12.675019899747,-2.50259929399644,1.62521711709359,0.388283561239217,0.31802862721596,-4.09998052542062,13.2890719321557,2.53963311947578,-2.50259929399644,0.485641417375743,-0.946019378347431,-1.14561387756206,-79.6921568751371,22,2,"normal",22
"4103",2.10051,0.193767519572784,0,0.430459381507092,80,0.00815140584145655,13.2890719321557,12.675019899747,-2.50259929399644,1.62521711709359,0.388283561239217,0.31802862721596,-4.09998052542062,13.2890719321557,2.53963311947578,-2.50259929399644,0.485641417375743,-0.946019378347431,-1.14561387756206,-79.6921568751371,22,2,"normal",23
"4104",42.3893,0.981183752771785,1,0.407394950997725,80,0.00815140584145655,13.2890719321557,12.675019899747,-2.50259929399644,1.62521711709359,0.388283561239217,0.31802862721596,-4.09998052542062,13.2890719321557,2.53963311947578,-2.50259929399644,0.485641417375743,-0.946019378347431,-1.14561387756206,-79.6921568751371,22,2,"normal",24
"4105",17.57684,0.630266843769172,0,0.552830811334834,80,0.00815140584145655,13.2890719321557,12.675019899747,-2.50259929399644,1.62521711709359,0.388283561239217,0.31802862721596,-4.09998052542062,13.2890719321557,2.53963311947578,-2.50259929399644,0.485641417375743,-0.946019378347431,-1.14561387756206,-79.6921568751371,22,2,"normal",25
"4106",-15.886,0.0186512614783683,0,0.449696014244032,80,0.00815140584145655,13.2890719321557,12.675019899747,-2.50259929399644,1.62521711709359,0.388283561239217,0.31802862721596,-4.09998052542062,13.2890719321557,2.53963311947578,-2.50259929399644,0.485641417375743,-0.946019378347431,-1.14561387756206,-79.6921568751371,22,2,"normal",26
"4107",49.9726,0.989978708250128,1,0.554039332398165,80,0.00815140584145655,13.2890719321557,12.675019899747,-2.50259929399644,1.62521711709359,0.388283561239217,0.31802862721596,-4.09998052542062,13.2890719321557,2.53963311947578,-2.50259929399644,0.485641417375743,-0.946019378347431,-1.14561387756206,-79.6921568751371,22,2,"normal",27
"4108",24.69544,0.810765420429047,1,0.411349293774892,80,0.00815140584145655,13.2890719321557,12.675019899747,-2.50259929399644,1.62521711709359,0.388283561239217,0.31802862721596,-4.09998052542062,13.2890719321557,2.53963311947578,-2.50259929399644,0.485641417375743,-0.946019378347431,-1.14561387756206,-79.6921568751371,22,2,"normal",28
"4109",13.89004,0.518599940198,1,0.404884838465855,80,0.00815140584145655,13.2890719321557,12.675019899747,-2.50259929399644,1.62521711709359,0.388283561239217,0.31802862721596,-4.09998052542062,13.2890719321557,2.53963311947578,-2.50259929399644,0.485641417375743,-0.946019378347431,-1.14561387756206,-79.6921568751371,22,2,"normal",29
"4110",-32.64444,0.00829411517686953,0,0.380413509422155,80,0.00815140584145655,13.2890719321557,12.675019899747,-2.50259929399644,1.62521711709359,0.388283561239217,0.31802862721596,-4.09998052542062,13.2890719321557,2.53963311947578,-2.50259929399644,0.485641417375743,-0.946019378347431,-1.14561387756206,-79.6921568751371,22,2,"normal",30
"4111",-13.3008,0.0258192547182351,0,0.373645206813368,80,0.00815140584145655,13.2890719321557,12.675019899747,-2.50259929399644,1.62521711709359,0.388283561239217,0.31802862721596,-4.09998052542062,13.2890719321557,2.53963311947578,-2.50259929399644,0.485641417375743,-0.946019378347431,-1.14561387756206,-79.6921568751371,22,2,"normal",31
"4112",27.7786,0.86742382163262,1,0.442125314588545,80,0.00815140584145655,13.2890719321557,12.675019899747,-2.50259929399644,1.62521711709359,0.388283561239217,0.31802862721596,-4.09998052542062,13.2890719321557,2.53963311947578,-2.50259929399644,0.485641417375743,-0.946019378347431,-1.14561387756206,-79.6921568751371,22,2,"normal",32
"4113",1.009,0.171752447596206,0,0.40586488954509,80,0.00815140584145655,13.2890719321557,12.675019899747,-2.50259929399644,1.62521711709359,0.388283561239217,0.31802862721596,-4.09998052542062,13.2890719321557,2.53963311947578,-2.50259929399644,0.485641417375743,-0.946019378347431,-1.14561387756206,-79.6921568751371,22,2,"normal",33
"4114",44.63527,0.985259874116085,1,0.380299740948887,80,0.00815140584145655,13.2890719321557,12.675019899747,-2.50259929399644,1.62521711709359,0.388283561239217,0.31802862721596,-4.09998052542062,13.2890719321557,2.53963311947578,-2.50259929399644,0.485641417375743,-0.946019378347431,-1.14561387756206,-79.6921568751371,22,2,"normal",34
"4115",-0.568700000000002,0.143043894592835,0,0.439868862229795,80,0.00815140584145655,13.2890719321557,12.675019899747,-2.50259929399644,1.62521711709359,0.388283561239217,0.31802862721596,-4.09998052542062,13.2890719321557,2.53963311947578,-2.50259929399644,0.485641417375743,-0.946019378347431,-1.14561387756206,-79.6921568751371,22,2,"normal",35
"4116",-13.80799,0.024151431731968,0,0.388335696709028,80,0.00815140584145655,13.2890719321557,12.675019899747,-2.50259929399644,1.62521711709359,0.388283561239217,0.31802862721596,-4.09998052542062,13.2890719321557,2.53963311947578,-2.50259929399644,0.485641417375743,-0.946019378347431,-1.14561387756206,-79.6921568751371,22,2,"normal",36
"4117",-4.0268,0.0926974859217059,0,0.395822429476892,80,0.00815140584145655,13.2890719321557,12.675019899747,-2.50259929399644,1.62521711709359,0.388283561239217,0.31802862721596,-4.09998052542062,13.2890719321557,2.53963311947578,-2.50259929399644,0.485641417375743,-0.946019378347431,-1.14561387756206,-79.6921568751371,22,2,"normal",37
"4118",34.1074,0.94242133586226,1,0.408883073302815,80,0.00815140584145655,13.2890719321557,12.675019899747,-2.50259929399644,1.62521711709359,0.388283561239217,0.31802862721596,-4.09998052542062,13.2890719321557,2.53963311947578,-2.50259929399644,0.485641417375743,-0.946019378347431,-1.14561387756206,-79.6921568751371,22,2,"normal",38
"4119",23.70917,0.78968820171734,1,0.475462221202401,80,0.00815140584145655,13.2890719321557,12.675019899747,-2.50259929399644,1.62521711709359,0.388283561239217,0.31802862721596,-4.09998052542062,13.2890719321557,2.53963311947578,-2.50259929399644,0.485641417375743,-0.946019378347431,-1.14561387756206,-79.6921568751371,22,2,"normal",39
"4120",-2.99348,0.105992875613309,0,0.46741164200738,80,0.00815140584145655,13.2890719321557,12.675019899747,-2.50259929399644,1.62521711709359,0.388283561239217,0.31802862721596,-4.09998052542062,13.2890719321557,2.53963311947578,-2.50259929399644,0.485641417375743,-0.946019378347431,-1.14561387756206,-79.6921568751371,22,2,"normal",40
"4121",27.0923,0.85602494217976,1,0.501077398187179,80,0.00815140584145655,13.2890719321557,12.675019899747,-2.50259929399644,1.62521711709359,0.388283561239217,0.31802862721596,-4.09998052542062,13.2890719321557,2.53963311947578,-2.50259929399644,0.485641417375743,-0.946019378347431,-1.14561387756206,-79.6921568751371,22,2,"normal",41
"4122",23.30696,0.780690702420942,0,0.412532019651445,80,0.00815140584145655,13.2890719321557,12.675019899747,-2.50259929399644,1.62521711709359,0.388283561239217,0.31802862721596,-4.09998052542062,13.2890719321557,2.53963311947578,-2.50259929399644,0.485641417375743,-0.946019378347431,-1.14561387756206,-79.6921568751371,22,2,"normal",42
"4123",2.45176,0.201223485774517,0,0.455206561478814,80,0.00815140584145655,13.2890719321557,12.675019899747,-2.50259929399644,1.62521711709359,0.388283561239217,0.31802862721596,-4.09998052542062,13.2890719321557,2.53963311947578,-2.50259929399644,0.485641417375743,-0.946019378347431,-1.14561387756206,-79.6921568751371,22,2,"normal",43
"4124",28.6728,0.881251222143059,1,0.375337038605486,80,0.00815140584145655,13.2890719321557,12.675019899747,-2.50259929399644,1.62521711709359,0.388283561239217,0.31802862721596,-4.09998052542062,13.2890719321557,2.53963311947578,-2.50259929399644,0.485641417375743,-0.946019378347431,-1.14561387756206,-79.6921568751371,22,2,"normal",44
"4125",26.74043,0.849912625825027,1,0.512141570337634,80,0.00815140584145655,13.2890719321557,12.675019899747,-2.50259929399644,1.62521711709359,0.388283561239217,0.31802862721596,-4.09998052542062,13.2890719321557,2.53963311947578,-2.50259929399644,0.485641417375743,-0.946019378347431,-1.14561387756206,-79.6921568751371,22,2,"normal",45
"4126",6.58481,0.30171149794059,0,0.476634725317616,80,0.00815140584145655,13.2890719321557,12.675019899747,-2.50259929399644,1.62521711709359,0.388283561239217,0.31802862721596,-4.09998052542062,13.2890719321557,2.53963311947578,-2.50259929399644,0.485641417375743,-0.946019378347431,-1.14561387756206,-79.6921568751371,22,2,"normal",46
"4127",10.20404,0.405417364846426,1,0.391655517620588,80,0.00815140584145655,13.2890719321557,12.675019899747,-2.50259929399644,1.62521711709359,0.388283561239217,0.31802862721596,-4.09998052542062,13.2890719321557,2.53963311947578,-2.50259929399644,0.485641417375743,-0.946019378347431,-1.14561387756206,-79.6921568751371,22,2,"normal",47
"4128",-1.3002,0.130976682058347,0,0.418310980751281,80,0.00815140584145655,13.2890719321557,12.675019899747,-2.50259929399644,1.62521711709359,0.388283561239217,0.31802862721596,-4.09998052542062,13.2890719321557,2.53963311947578,-2.50259929399644,0.485641417375743,-0.946019378347431,-1.14561387756206,-79.6921568751371,22,2,"normal",48
"4129",27.1569,0.85712730469524,1,0.441526942453477,80,0.00815140584145655,13.2890719321557,12.675019899747,-2.50259929399644,1.62521711709359,0.388283561239217,0.31802862721596,-4.09998052542062,13.2890719321557,2.53963311947578,-2.50259929399644,0.485641417375743,-0.946019378347431,-1.14561387756206,-79.6921568751371,22,2,"normal",49
"4130",4.81984,0.256051375324368,1,0.423291771935126,80,0.00815140584145655,13.2890719321557,12.675019899747,-2.50259929399644,1.62521711709359,0.388283561239217,0.31802862721596,-4.09998052542062,13.2890719321557,2.53963311947578,-2.50259929399644,0.485641417375743,-0.946019378347431,-1.14561387756206,-79.6921568751371,22,2,"normal",50
"4131",-4.87466,0.0828377188231205,0,0.383701962747084,80,0.00815140584145655,13.2890719321557,12.675019899747,-2.50259929399644,1.62521711709359,0.388283561239217,0.31802862721596,-4.09998052542062,13.2890719321557,2.53963311947578,-2.50259929399644,0.485641417375743,-0.946019378347431,-1.14561387756206,-79.6921568751371,22,2,"normal",51
"4132",27.3465,0.86032734560011,1,0.355275204079604,80,0.00815140584145655,13.2890719321557,12.675019899747,-2.50259929399644,1.62521711709359,0.388283561239217,0.31802862721596,-4.09998052542062,13.2890719321557,2.53963311947578,-2.50259929399644,0.485641417375743,-0.946019378347431,-1.14561387756206,-79.6921568751371,22,2,"normal",52
"4133",-0.0708000000000002,0.151706484980872,0,0.499639203366845,80,0.00815140584145655,13.2890719321557,12.675019899747,-2.50259929399644,1.62521711709359,0.388283561239217,0.31802862721596,-4.09998052542062,13.2890719321557,2.53963311947578,-2.50259929399644,0.485641417375743,-0.946019378347431,-1.14561387756206,-79.6921568751371,22,2,"normal",53
"4134",25.262,0.82223021641893,1,0.461042506217682,80,0.00815140584145655,13.2890719321557,12.675019899747,-2.50259929399644,1.62521711709359,0.388283561239217,0.31802862721596,-4.09998052542062,13.2890719321557,2.53963311947578,-2.50259929399644,0.485641417375743,-0.946019378347431,-1.14561387756206,-79.6921568751371,22,2,"normal",54
"4135",16.74148,0.605584798585916,0,0.470099362536038,80,0.00815140584145655,13.2890719321557,12.675019899747,-2.50259929399644,1.62521711709359,0.388283561239217,0.31802862721596,-4.09998052542062,13.2890719321557,2.53963311947578,-2.50259929399644,0.485641417375743,-0.946019378347431,-1.14561387756206,-79.6921568751371,22,2,"normal",55
"4136",26.2356,0.840823951086268,1,0.459395598505931,80,0.00815140584145655,13.2890719321557,12.675019899747,-2.50259929399644,1.62521711709359,0.388283561239217,0.31802862721596,-4.09998052542062,13.2890719321557,2.53963311947578,-2.50259929399644,0.485641417375743,-0.946019378347431,-1.14561387756206,-79.6921568751371,22,2,"normal",56
"4137",9.17863,0.374930242123386,0,0.564822487236697,80,0.00815140584145655,13.2890719321557,12.675019899747,-2.50259929399644,1.62521711709359,0.388283561239217,0.31802862721596,-4.09998052542062,13.2890719321557,2.53963311947578,-2.50259929399644,0.485641417375743,-0.946019378347431,-1.14561387756206,-79.6921568751371,22,2,"normal",57
"4138",25.2135,0.821267293615083,1,0.365638514699351,80,0.00815140584145655,13.2890719321557,12.675019899747,-2.50259929399644,1.62521711709359,0.388283561239217,0.31802862721596,-4.09998052542062,13.2890719321557,2.53963311947578,-2.50259929399644,0.485641417375743,-0.946019378347431,-1.14561387756206,-79.6921568751371,22,2,"normal",58
"4139",-4.32839,0.0890843153973999,0,0.387932070924437,80,0.00815140584145655,13.2890719321557,12.675019899747,-2.50259929399644,1.62521711709359,0.388283561239217,0.31802862721596,-4.09998052542062,13.2890719321557,2.53963311947578,-2.50259929399644,0.485641417375743,-0.946019378347431,-1.14561387756206,-79.6921568751371,22,2,"normal",59
"4140",20.48728,0.711445991526674,1,0.394349770410754,80,0.00815140584145655,13.2890719321557,12.675019899747,-2.50259929399644,1.62521711709359,0.388283561239217,0.31802862721596,-4.09998052542062,13.2890719321557,2.53963311947578,-2.50259929399644,0.485641417375743,-0.946019378347431,-1.14561387756206,-79.6921568751371,22,2,"normal",60
"4141",17.47802,0.627373590076156,1,0.414850409563092,80,0.00815140584145655,13.2890719321557,12.675019899747,-2.50259929399644,1.62521711709359,0.388283561239217,0.31802862721596,-4.09998052542062,13.2890719321557,2.53963311947578,-2.50259929399644,0.485641417375743,-0.946019378347431,-1.14561387756206,-79.6921568751371,22,2,"normal",61
"4142",2.5046,0.202360624859056,0,0.454699356660016,80,0.00815140584145655,13.2890719321557,12.675019899747,-2.50259929399644,1.62521711709359,0.388283561239217,0.31802862721596,-4.09998052542062,13.2890719321557,2.53963311947578,-2.50259929399644,0.485641417375743,-0.946019378347431,-1.14561387756206,-79.6921568751371,22,2,"normal",62
"4143",18.77347,0.664652469841508,1,0.413164545971426,80,0.00815140584145655,13.2890719321557,12.675019899747,-2.50259929399644,1.62521711709359,0.388283561239217,0.31802862721596,-4.09998052542062,13.2890719321557,2.53963311947578,-2.50259929399644,0.485641417375743,-0.946019378347431,-1.14561387756206,-79.6921568751371,22,2,"normal",63
"4144",3.9327,0.234602745385747,0,0.619375431739707,80,0.00815140584145655,13.2890719321557,12.675019899747,-2.50259929399644,1.62521711709359,0.388283561239217,0.31802862721596,-4.09998052542062,13.2890719321557,2.53963311947578,-2.50259929399644,0.485641417375743,-0.946019378347431,-1.14561387756206,-79.6921568751371,22,2,"normal",64
"4145",27.6579,0.865468941360654,1,0.463948227212374,80,0.00815140584145655,13.2890719321557,12.675019899747,-2.50259929399644,1.62521711709359,0.388283561239217,0.31802862721596,-4.09998052542062,13.2890719321557,2.53963311947578,-2.50259929399644,0.485641417375743,-0.946019378347431,-1.14561387756206,-79.6921568751371,22,2,"normal",65
"4146",22.95904,0.772723237136379,1,0.425385222199838,80,0.00815140584145655,13.2890719321557,12.675019899747,-2.50259929399644,1.62521711709359,0.388283561239217,0.31802862721596,-4.09998052542062,13.2890719321557,2.53963311947578,-2.50259929399644,0.485641417375743,-0.946019378347431,-1.14561387756206,-79.6921568751371,22,2,"normal",66
"4147",23.4587,0.78411217313345,1,0.442445906146405,80,0.00815140584145655,13.2890719321557,12.675019899747,-2.50259929399644,1.62521711709359,0.388283561239217,0.31802862721596,-4.09998052542062,13.2890719321557,2.53963311947578,-2.50259929399644,0.485641417375743,-0.946019378347431,-1.14561387756206,-79.6921568751371,22,2,"normal",67
"4148",22.66628,0.765888221940651,1,0.451560234476119,80,0.00815140584145655,13.2890719321557,12.675019899747,-2.50259929399644,1.62521711709359,0.388283561239217,0.31802862721596,-4.09998052542062,13.2890719321557,2.53963311947578,-2.50259929399644,0.485641417375743,-0.946019378347431,-1.14561387756206,-79.6921568751371,22,2,"normal",68
"4149",-1.54,0.127190194800837,0,0.463826237988983,80,0.00815140584145655,13.2890719321557,12.675019899747,-2.50259929399644,1.62521711709359,0.388283561239217,0.31802862721596,-4.09998052542062,13.2890719321557,2.53963311947578,-2.50259929399644,0.485641417375743,-0.946019378347431,-1.14561387756206,-79.6921568751371,22,2,"normal",69
"4150",4.9597,0.25952801873904,0,0.396464645248759,80,0.00815140584145655,13.2890719321557,12.675019899747,-2.50259929399644,1.62521711709359,0.388283561239217,0.31802862721596,-4.09998052542062,13.2890719321557,2.53963311947578,-2.50259929399644,0.485641417375743,-0.946019378347431,-1.14561387756206,-79.6921568751371,22,2,"normal",70
"4151",-12.4542,0.0289332589943593,0,0.39033780196587,80,0.00815140584145655,13.2890719321557,12.675019899747,-2.50259929399644,1.62521711709359,0.388283561239217,0.31802862721596,-4.09998052542062,13.2890719321557,2.53963311947578,-2.50259929399644,0.485641417375743,-0.946019378347431,-1.14561387756206,-79.6921568751371,22,2,"normal",71
"4152",5.3155,0.268485987002749,0,0.381841376675501,80,0.00815140584145655,13.2890719321557,12.675019899747,-2.50259929399644,1.62521711709359,0.388283561239217,0.31802862721596,-4.09998052542062,13.2890719321557,2.53963311947578,-2.50259929399644,0.485641417375743,-0.946019378347431,-1.14561387756206,-79.6921568751371,22,2,"normal",72
"4153",6.53713,0.300429243219887,0,0.391261656541396,80,0.00815140584145655,13.2890719321557,12.675019899747,-2.50259929399644,1.62521711709359,0.388283561239217,0.31802862721596,-4.09998052542062,13.2890719321557,2.53963311947578,-2.50259929399644,0.485641417375743,-0.946019378347431,-1.14561387756206,-79.6921568751371,22,2,"normal",73
"4154",19.937,0.696770229427782,0,0.373199942995224,80,0.00815140584145655,13.2890719321557,12.675019899747,-2.50259929399644,1.62521711709359,0.388283561239217,0.31802862721596,-4.09998052542062,13.2890719321557,2.53963311947578,-2.50259929399644,0.485641417375743,-0.946019378347431,-1.14561387756206,-79.6921568751371,22,2,"normal",74
"4155",22.48124,0.761507264378638,1,0.407596386901359,80,0.00815140584145655,13.2890719321557,12.675019899747,-2.50259929399644,1.62521711709359,0.388283561239217,0.31802862721596,-4.09998052542062,13.2890719321557,2.53963311947578,-2.50259929399644,0.485641417375743,-0.946019378347431,-1.14561387756206,-79.6921568751371,22,2,"normal",75
"4156",17.80735,0.636985831935714,0,0.457153365391752,80,0.00815140584145655,13.2890719321557,12.675019899747,-2.50259929399644,1.62521711709359,0.388283561239217,0.31802862721596,-4.09998052542062,13.2890719321557,2.53963311947578,-2.50259929399644,0.485641417375743,-0.946019378347431,-1.14561387756206,-79.6921568751371,22,2,"normal",76
"4157",5.90949,0.283794240089444,1,0.535882603078495,80,0.00815140584145655,13.2890719321557,12.675019899747,-2.50259929399644,1.62521711709359,0.388283561239217,0.31802862721596,-4.09998052542062,13.2890719321557,2.53963311947578,-2.50259929399644,0.485641417375743,-0.946019378347431,-1.14561387756206,-79.6921568751371,22,2,"normal",77
"4158",5.4978,0.27313785220943,0,0.396918849383465,80,0.00815140584145655,13.2890719321557,12.675019899747,-2.50259929399644,1.62521711709359,0.388283561239217,0.31802862721596,-4.09998052542062,13.2890719321557,2.53963311947578,-2.50259929399644,0.485641417375743,-0.946019378347431,-1.14561387756206,-79.6921568751371,22,2,"normal",78
"4159",25.8607,0.8338303387959,1,0.526882409263492,80,0.00815140584145655,13.2890719321557,12.675019899747,-2.50259929399644,1.62521711709359,0.388283561239217,0.31802862721596,-4.09998052542062,13.2890719321557,2.53963311947578,-2.50259929399644,0.485641417375743,-0.946019378347431,-1.14561387756206,-79.6921568751371,22,2,"normal",79
"4160",15.46595,0.567069661490069,0,0.555039437952959,80,0.00815140584145655,13.2890719321557,12.675019899747,-2.50259929399644,1.62521711709359,0.388283561239217,0.31802862721596,-4.09998052542062,13.2890719321557,2.53963311947578,-2.50259929399644,0.485641417375743,-0.946019378347431,-1.14561387756206,-79.6921568751371,22,2,"normal",80
"4161",7.2474740742,0.937792161615688,1,0.619282887716676,80,0.0102547776104069,-5.04705032119434,7.60772555943993,-3.04085654962623,4.35948208713665,0.617319992169986,0.590170506754714,-3.86614159625255,-5.04705032119434,2.02916425196364,-3.04085654962623,1.47235326295119,-0.482367763633388,-0.527343789333723,-256.262685515806,23,2,"normal",1
"4162",-7.0248155375,0.399547601074467,1,0.697374660786777,80,0.0102547776104069,-5.04705032119434,7.60772555943993,-3.04085654962623,4.35948208713665,0.617319992169986,0.590170506754714,-3.86614159625255,-5.04705032119434,2.02916425196364,-3.04085654962623,1.47235326295119,-0.482367763633388,-0.527343789333723,-256.262685515806,23,2,"normal",2
"4163",-12.9622751386,0.15626992549488,0,0.68248411669223,80,0.0102547776104069,-5.04705032119434,7.60772555943993,-3.04085654962623,4.35948208713665,0.617319992169986,0.590170506754714,-3.86614159625255,-5.04705032119434,2.02916425196364,-3.04085654962623,1.47235326295119,-0.482367763633388,-0.527343789333723,-256.262685515806,23,2,"normal",3
"4164",-7.66710263755,0.368038281743878,0,0.775291198059975,80,0.0102547776104069,-5.04705032119434,7.60772555943993,-3.04085654962623,4.35948208713665,0.617319992169986,0.590170506754714,-3.86614159625255,-5.04705032119434,2.02916425196364,-3.04085654962623,1.47235326295119,-0.482367763633388,-0.527343789333723,-256.262685515806,23,2,"normal",4
"4165",-17.5788,0.0589887025645502,0,0.681203581889562,80,0.0102547776104069,-5.04705032119434,7.60772555943993,-3.04085654962623,4.35948208713665,0.617319992169986,0.590170506754714,-3.86614159625255,-5.04705032119434,2.02916425196364,-3.04085654962623,1.47235326295119,-0.482367763633388,-0.527343789333723,-256.262685515806,23,2,"normal",5
"4166",-17.40307,0.0613575857887612,0,0.812711240002439,80,0.0102547776104069,-5.04705032119434,7.60772555943993,-3.04085654962623,4.35948208713665,0.617319992169986,0.590170506754714,-3.86614159625255,-5.04705032119434,2.02916425196364,-3.04085654962623,1.47235326295119,-0.482367763633388,-0.527343789333723,-256.262685515806,23,2,"normal",6
"4167",5.52629,0.909140654945481,1,0.659673495250772,80,0.0102547776104069,-5.04705032119434,7.60772555943993,-3.04085654962623,4.35948208713665,0.617319992169986,0.590170506754714,-3.86614159625255,-5.04705032119434,2.02916425196364,-3.04085654962623,1.47235326295119,-0.482367763633388,-0.527343789333723,-256.262685515806,23,2,"normal",7
"4168",-1.75775,0.663830804236855,1,0.650129677762183,80,0.0102547776104069,-5.04705032119434,7.60772555943993,-3.04085654962623,4.35948208713665,0.617319992169986,0.590170506754714,-3.86614159625255,-5.04705032119434,2.02916425196364,-3.04085654962623,1.47235326295119,-0.482367763633388,-0.527343789333723,-256.262685515806,23,2,"normal",8
"4169",6.2769392,0.922834813961621,1,0.703842868232611,80,0.0102547776104069,-5.04705032119434,7.60772555943993,-3.04085654962623,4.35948208713665,0.617319992169986,0.590170506754714,-3.86614159625255,-5.04705032119434,2.02916425196364,-3.04085654962623,1.47235326295119,-0.482367763633388,-0.527343789333723,-256.262685515806,23,2,"normal",9
"4170",-6.3466,0.433573656204358,0,0.73226737503771,80,0.0102547776104069,-5.04705032119434,7.60772555943993,-3.04085654962623,4.35948208713665,0.617319992169986,0.590170506754714,-3.86614159625255,-5.04705032119434,2.02916425196364,-3.04085654962623,1.47235326295119,-0.482367763633388,-0.527343789333723,-256.262685515806,23,2,"normal",10
"4171",-16.80631,0.0700904246257206,0,0.643478277690474,80,0.0102547776104069,-5.04705032119434,7.60772555943993,-3.04085654962623,4.35948208713665,0.617319992169986,0.590170506754714,-3.86614159625255,-5.04705032119434,2.02916425196364,-3.04085654962623,1.47235326295119,-0.482367763633388,-0.527343789333723,-256.262685515806,23,2,"normal",11
"4172",22.83544,0.989624100458454,1,0.657298233610577,80,0.0102547776104069,-5.04705032119434,7.60772555943993,-3.04085654962623,4.35948208713665,0.617319992169986,0.590170506754714,-3.86614159625255,-5.04705032119434,2.02916425196364,-3.04085654962623,1.47235326295119,-0.482367763633388,-0.527343789333723,-256.262685515806,23,2,"normal",12
"4173",-6.36009,0.432890900778641,0,0.860172790323251,80,0.0102547776104069,-5.04705032119434,7.60772555943993,-3.04085654962623,4.35948208713665,0.617319992169986,0.590170506754714,-3.86614159625255,-5.04705032119434,2.02916425196364,-3.04085654962623,1.47235326295119,-0.482367763633388,-0.527343789333723,-256.262685515806,23,2,"normal",13
"4174",-1.879025,0.658138177003771,1,0.69684592465439,80,0.0102547776104069,-5.04705032119434,7.60772555943993,-3.04085654962623,4.35948208713665,0.617319992169986,0.590170506754714,-3.86614159625255,-5.04705032119434,2.02916425196364,-3.04085654962623,1.47235326295119,-0.482367763633388,-0.527343789333723,-256.262685515806,23,2,"normal",14
"4175",-14.03624,0.12650541065162,0,0.737349866896976,80,0.0102547776104069,-5.04705032119434,7.60772555943993,-3.04085654962623,4.35948208713665,0.617319992169986,0.590170506754714,-3.86614159625255,-5.04705032119434,2.02916425196364,-3.04085654962623,1.47235326295119,-0.482367763633388,-0.527343789333723,-256.262685515806,23,2,"normal",15
"4176",-11.27909,0.212366750962729,1,0.675782782219297,80,0.0102547776104069,-5.04705032119434,7.60772555943993,-3.04085654962623,4.35948208713665,0.617319992169986,0.590170506754714,-3.86614159625255,-5.04705032119434,2.02916425196364,-3.04085654962623,1.47235326295119,-0.482367763633388,-0.527343789333723,-256.262685515806,23,2,"normal",16
"4177",-19.95524,0.0347622001948003,0,0.690397404676241,80,0.0102547776104069,-5.04705032119434,7.60772555943993,-3.04085654962623,4.35948208713665,0.617319992169986,0.590170506754714,-3.86614159625255,-5.04705032119434,2.02916425196364,-3.04085654962623,1.47235326295119,-0.482367763633388,-0.527343789333723,-256.262685515806,23,2,"normal",17
"4178",-19.48835,0.0384955873452175,0,0.647692025635929,80,0.0102547776104069,-5.04705032119434,7.60772555943993,-3.04085654962623,4.35948208713665,0.617319992169986,0.590170506754714,-3.86614159625255,-5.04705032119434,2.02916425196364,-3.04085654962623,1.47235326295119,-0.482367763633388,-0.527343789333723,-256.262685515806,23,2,"normal",18
"4179",-7.79044,0.362084895393441,0,0.853045004039215,80,0.0102547776104069,-5.04705032119434,7.60772555943993,-3.04085654962623,4.35948208713665,0.617319992169986,0.590170506754714,-3.86614159625255,-5.04705032119434,2.02916425196364,-3.04085654962623,1.47235326295119,-0.482367763633388,-0.527343789333723,-256.262685515806,23,2,"normal",19
"4180",-11.70427,0.197112669460669,0,0.702603309992742,80,0.0102547776104069,-5.04705032119434,7.60772555943993,-3.04085654962623,4.35948208713665,0.617319992169986,0.590170506754714,-3.86614159625255,-5.04705032119434,2.02916425196364,-3.04085654962623,1.47235326295119,-0.482367763633388,-0.527343789333723,-256.262685515806,23,2,"normal",20
"4181",-8.24452,0.340476179307641,1,0.865803106904262,80,0.0102547776104069,-5.04705032119434,7.60772555943993,-3.04085654962623,4.35948208713665,0.617319992169986,0.590170506754714,-3.86614159625255,-5.04705032119434,2.02916425196364,-3.04085654962623,1.47235326295119,-0.482367763633388,-0.527343789333723,-256.262685515806,23,2,"normal",21
"4182",-2.6955,0.618887991688691,1,0.763132531386635,80,0.0102547776104069,-5.04705032119434,7.60772555943993,-3.04085654962623,4.35948208713665,0.617319992169986,0.590170506754714,-3.86614159625255,-5.04705032119434,2.02916425196364,-3.04085654962623,1.47235326295119,-0.482367763633388,-0.527343789333723,-256.262685515806,23,2,"normal",22
"4183",-2.16057,0.644778390124455,1,0.776610838468947,80,0.0102547776104069,-5.04705032119434,7.60772555943993,-3.04085654962623,4.35948208713665,0.617319992169986,0.590170506754714,-3.86614159625255,-5.04705032119434,2.02916425196364,-3.04085654962623,1.47235326295119,-0.482367763633388,-0.527343789333723,-256.262685515806,23,2,"normal",23
"4184",-4.72029,0.516778426575734,1,0.865055439470591,80,0.0102547776104069,-5.04705032119434,7.60772555943993,-3.04085654962623,4.35948208713665,0.617319992169986,0.590170506754714,-3.86614159625255,-5.04705032119434,2.02916425196364,-3.04085654962623,1.47235326295119,-0.482367763633388,-0.527343789333723,-256.262685515806,23,2,"normal",24
"4185",-24.89521,0.0147026959691597,0,0.778528274079322,80,0.0102547776104069,-5.04705032119434,7.60772555943993,-3.04085654962623,4.35948208713665,0.617319992169986,0.590170506754714,-3.86614159625255,-5.04705032119434,2.02916425196364,-3.04085654962623,1.47235326295119,-0.482367763633388,-0.527343789333723,-256.262685515806,23,2,"normal",25
"4186",-5.16852,0.493761145421772,1,0.870714830676432,80,0.0102547776104069,-5.04705032119434,7.60772555943993,-3.04085654962623,4.35948208713665,0.617319992169986,0.590170506754714,-3.86614159625255,-5.04705032119434,2.02916425196364,-3.04085654962623,1.47235326295119,-0.482367763633388,-0.527343789333723,-256.262685515806,23,2,"normal",26
"4187",-7.95609,0.354143959830639,0,0.706035269057452,80,0.0102547776104069,-5.04705032119434,7.60772555943993,-3.04085654962623,4.35948208713665,0.617319992169986,0.590170506754714,-3.86614159625255,-5.04705032119434,2.02916425196364,-3.04085654962623,1.47235326295119,-0.482367763633388,-0.527343789333723,-256.262685515806,23,2,"normal",27
"4188",-3.01899,0.602947736451966,0,0.76713459971359,80,0.0102547776104069,-5.04705032119434,7.60772555943993,-3.04085654962623,4.35948208713665,0.617319992169986,0.590170506754714,-3.86614159625255,-5.04705032119434,2.02916425196364,-3.04085654962623,1.47235326295119,-0.482367763633388,-0.527343789333723,-256.262685515806,23,2,"normal",28
"4189",-10.81936,0.229663682144283,1,0.666055928238171,80,0.0102547776104069,-5.04705032119434,7.60772555943993,-3.04085654962623,4.35948208713665,0.617319992169986,0.590170506754714,-3.86614159625255,-5.04705032119434,2.02916425196364,-3.04085654962623,1.47235326295119,-0.482367763633388,-0.527343789333723,-256.262685515806,23,2,"normal",29
"4190",-10.91695,0.225923202066553,1,0.735625205429372,80,0.0102547776104069,-5.04705032119434,7.60772555943993,-3.04085654962623,4.35948208713665,0.617319992169986,0.590170506754714,-3.86614159625255,-5.04705032119434,2.02916425196364,-3.04085654962623,1.47235326295119,-0.482367763633388,-0.527343789333723,-256.262685515806,23,2,"normal",30
"4191",-13.29214,0.14663070324908,0,0.830740996568397,80,0.0102547776104069,-5.04705032119434,7.60772555943993,-3.04085654962623,4.35948208713665,0.617319992169986,0.590170506754714,-3.86614159625255,-5.04705032119434,2.02916425196364,-3.04085654962623,1.47235326295119,-0.482367763633388,-0.527343789333723,-256.262685515806,23,2,"normal",31
"4192",-5.08994,0.497797043480835,1,0.677969699065209,80,0.0102547776104069,-5.04705032119434,7.60772555943993,-3.04085654962623,4.35948208713665,0.617319992169986,0.590170506754714,-3.86614159625255,-5.04705032119434,2.02916425196364,-3.04085654962623,1.47235326295119,-0.482367763633388,-0.527343789333723,-256.262685515806,23,2,"normal",32
"4193",-0.25768,0.730672276243771,1,0.679000372303932,80,0.0102547776104069,-5.04705032119434,7.60772555943993,-3.04085654962623,4.35948208713665,0.617319992169986,0.590170506754714,-3.86614159625255,-5.04705032119434,2.02916425196364,-3.04085654962623,1.47235326295119,-0.482367763633388,-0.527343789333723,-256.262685515806,23,2,"normal",33
"4194",-12.63073,0.166406382383731,0,0.78627067735914,80,0.0102547776104069,-5.04705032119434,7.60772555943993,-3.04085654962623,4.35948208713665,0.617319992169986,0.590170506754714,-3.86614159625255,-5.04705032119434,2.02916425196364,-3.04085654962623,1.47235326295119,-0.482367763633388,-0.527343789333723,-256.262685515806,23,2,"normal",34
"4195",-11.56636,0.201981224629291,1,0.654306397875116,80,0.0102547776104069,-5.04705032119434,7.60772555943993,-3.04085654962623,4.35948208713665,0.617319992169986,0.590170506754714,-3.86614159625255,-5.04705032119434,2.02916425196364,-3.04085654962623,1.47235326295119,-0.482367763633388,-0.527343789333723,-256.262685515806,23,2,"normal",35
"4196",-7.00531,0.400516508048926,0,0.666085932016975,80,0.0102547776104069,-5.04705032119434,7.60772555943993,-3.04085654962623,4.35948208713665,0.617319992169986,0.590170506754714,-3.86614159625255,-5.04705032119434,2.02916425196364,-3.04085654962623,1.47235326295119,-0.482367763633388,-0.527343789333723,-256.262685515806,23,2,"normal",36
"4197",-12.90817,0.157893387449078,0,0.655015782317789,80,0.0102547776104069,-5.04705032119434,7.60772555943993,-3.04085654962623,4.35948208713665,0.617319992169986,0.590170506754714,-3.86614159625255,-5.04705032119434,2.02916425196364,-3.04085654962623,1.47235326295119,-0.482367763633388,-0.527343789333723,-256.262685515806,23,2,"normal",37
"4198",-13.73576,0.134364288379867,0,0.680390171112725,80,0.0102547776104069,-5.04705032119434,7.60772555943993,-3.04085654962623,4.35948208713665,0.617319992169986,0.590170506754714,-3.86614159625255,-5.04705032119434,2.02916425196364,-3.04085654962623,1.47235326295119,-0.482367763633388,-0.527343789333723,-256.262685515806,23,2,"normal",38
"4199",0.37711,0.756696140514105,0,0.663614866168623,80,0.0102547776104069,-5.04705032119434,7.60772555943993,-3.04085654962623,4.35948208713665,0.617319992169986,0.590170506754714,-3.86614159625255,-5.04705032119434,2.02916425196364,-3.04085654962623,1.47235326295119,-0.482367763633388,-0.527343789333723,-256.262685515806,23,2,"normal",39
"4200",1.60507,0.802708672766338,1,0.617330683166343,80,0.0102547776104069,-5.04705032119434,7.60772555943993,-3.04085654962623,4.35948208713665,0.617319992169986,0.590170506754714,-3.86614159625255,-5.04705032119434,2.02916425196364,-3.04085654962623,1.47235326295119,-0.482367763633388,-0.527343789333723,-256.262685515806,23,2,"normal",40
"4201",-18.79212,0.0449312529651652,0,0.621504468915736,80,0.0102547776104069,-5.04705032119434,7.60772555943993,-3.04085654962623,4.35948208713665,0.617319992169986,0.590170506754714,-3.86614159625255,-5.04705032119434,2.02916425196364,-3.04085654962623,1.47235326295119,-0.482367763633388,-0.527343789333723,-256.262685515806,23,2,"normal",41
"4202",-3.4626,0.580798533738388,1,0.718746760571713,80,0.0102547776104069,-5.04705032119434,7.60772555943993,-3.04085654962623,4.35948208713665,0.617319992169986,0.590170506754714,-3.86614159625255,-5.04705032119434,2.02916425196364,-3.04085654962623,1.47235326295119,-0.482367763633388,-0.527343789333723,-256.262685515806,23,2,"normal",42
"4203",-18.21857,0.0510956483306141,0,0.620294590230546,80,0.0102547776104069,-5.04705032119434,7.60772555943993,-3.04085654962623,4.35948208713665,0.617319992169986,0.590170506754714,-3.86614159625255,-5.04705032119434,2.02916425196364,-3.04085654962623,1.47235326295119,-0.482367763633388,-0.527343789333723,-256.262685515806,23,2,"normal",43
"4204",-0.4971,0.720486525937453,1,0.801144885917905,80,0.0102547776104069,-5.04705032119434,7.60772555943993,-3.04085654962623,4.35948208713665,0.617319992169986,0.590170506754714,-3.86614159625255,-5.04705032119434,2.02916425196364,-3.04085654962623,1.47235326295119,-0.482367763633388,-0.527343789333723,-256.262685515806,23,2,"normal",44
"4205",-19.18165,0.0411965691763543,0,0.615982821806322,80,0.0102547776104069,-5.04705032119434,7.60772555943993,-3.04085654962623,4.35948208713665,0.617319992169986,0.590170506754714,-3.86614159625255,-5.04705032119434,2.02916425196364,-3.04085654962623,1.47235326295119,-0.482367763633388,-0.527343789333723,-256.262685515806,23,2,"normal",45
"4206",9.4275,0.961785086972756,1,0.764768315216815,80,0.0102547776104069,-5.04705032119434,7.60772555943993,-3.04085654962623,4.35948208713665,0.617319992169986,0.590170506754714,-3.86614159625255,-5.04705032119434,2.02916425196364,-3.04085654962623,1.47235326295119,-0.482367763633388,-0.527343789333723,-256.262685515806,23,2,"normal",46
"4207",1.19013,0.78782197746967,1,0.672923959725232,80,0.0102547776104069,-5.04705032119434,7.60772555943993,-3.04085654962623,4.35948208713665,0.617319992169986,0.590170506754714,-3.86614159625255,-5.04705032119434,2.02916425196364,-3.04085654962623,1.47235326295119,-0.482367763633388,-0.527343789333723,-256.262685515806,23,2,"normal",47
"4208",-15.77233,0.0879295018111779,0,0.731245817447028,80,0.0102547776104069,-5.04705032119434,7.60772555943993,-3.04085654962623,4.35948208713665,0.617319992169986,0.590170506754714,-3.86614159625255,-5.04705032119434,2.02916425196364,-3.04085654962623,1.47235326295119,-0.482367763633388,-0.527343789333723,-256.262685515806,23,2,"normal",48
"4209",-5.50404,0.476541474616591,0,0.724747534775333,80,0.0102547776104069,-5.04705032119434,7.60772555943993,-3.04085654962623,4.35948208713665,0.617319992169986,0.590170506754714,-3.86614159625255,-5.04705032119434,2.02916425196364,-3.04085654962623,1.47235326295119,-0.482367763633388,-0.527343789333723,-256.262685515806,23,2,"normal",49
"4210",-5.97783,0.452310811209289,0,0.710608438471141,80,0.0102547776104069,-5.04705032119434,7.60772555943993,-3.04085654962623,4.35948208713665,0.617319992169986,0.590170506754714,-3.86614159625255,-5.04705032119434,2.02916425196364,-3.04085654962623,1.47235326295119,-0.482367763633388,-0.527343789333723,-256.262685515806,23,2,"normal",50
"4211",1.29981,0.791823709729564,1,0.676093465171666,80,0.0102547776104069,-5.04705032119434,7.60772555943993,-3.04085654962623,4.35948208713665,0.617319992169986,0.590170506754714,-3.86614159625255,-5.04705032119434,2.02916425196364,-3.04085654962623,1.47235326295119,-0.482367763633388,-0.527343789333723,-256.262685515806,23,2,"normal",51
"4212",-9.03796,0.304038593940438,0,0.646586104485202,80,0.0102547776104069,-5.04705032119434,7.60772555943993,-3.04085654962623,4.35948208713665,0.617319992169986,0.590170506754714,-3.86614159625255,-5.04705032119434,2.02916425196364,-3.04085654962623,1.47235326295119,-0.482367763633388,-0.527343789333723,-256.262685515806,23,2,"normal",52
"4213",-19.98134,0.0345663276712319,0,0.64858848928143,80,0.0102547776104069,-5.04705032119434,7.60772555943993,-3.04085654962623,4.35948208713665,0.617319992169986,0.590170506754714,-3.86614159625255,-5.04705032119434,2.02916425196364,-3.04085654962623,1.47235326295119,-0.482367763633388,-0.527343789333723,-256.262685515806,23,2,"normal",53
"4214",-0.43443,0.723171684946529,0,0.752104811204255,80,0.0102547776104069,-5.04705032119434,7.60772555943993,-3.04085654962623,4.35948208713665,0.617319992169986,0.590170506754714,-3.86614159625255,-5.04705032119434,2.02916425196364,-3.04085654962623,1.47235326295119,-0.482367763633388,-0.527343789333723,-256.262685515806,23,2,"normal",54
"4215",-9.87131,0.26785994674218,0,0.769523911363169,80,0.0102547776104069,-5.04705032119434,7.60772555943993,-3.04085654962623,4.35948208713665,0.617319992169986,0.590170506754714,-3.86614159625255,-5.04705032119434,2.02916425196364,-3.04085654962623,1.47235326295119,-0.482367763633388,-0.527343789333723,-256.262685515806,23,2,"normal",55
"4216",-12.95923,0.156360979074076,0,0.674695070476666,80,0.0102547776104069,-5.04705032119434,7.60772555943993,-3.04085654962623,4.35948208713665,0.617319992169986,0.590170506754714,-3.86614159625255,-5.04705032119434,2.02916425196364,-3.04085654962623,1.47235326295119,-0.482367763633388,-0.527343789333723,-256.262685515806,23,2,"normal",56
"4217",-12.25658,0.17838581801393,0,0.635416549702277,80,0.0102547776104069,-5.04705032119434,7.60772555943993,-3.04085654962623,4.35948208713665,0.617319992169986,0.590170506754714,-3.86614159625255,-5.04705032119434,2.02916425196364,-3.04085654962623,1.47235326295119,-0.482367763633388,-0.527343789333723,-256.262685515806,23,2,"normal",57
"4218",-12.48199,0.17110010713656,1,0.707574466754299,80,0.0102547776104069,-5.04705032119434,7.60772555943993,-3.04085654962623,4.35948208713665,0.617319992169986,0.590170506754714,-3.86614159625255,-5.04705032119434,2.02916425196364,-3.04085654962623,1.47235326295119,-0.482367763633388,-0.527343789333723,-256.262685515806,23,2,"normal",58
"4219",0.855569999999999,0.775322697556606,1,0.732722410499336,80,0.0102547776104069,-5.04705032119434,7.60772555943993,-3.04085654962623,4.35948208713665,0.617319992169986,0.590170506754714,-3.86614159625255,-5.04705032119434,2.02916425196364,-3.04085654962623,1.47235326295119,-0.482367763633388,-0.527343789333723,-256.262685515806,23,2,"normal",59
"4220",-2.58894,0.624094526272008,1,0.818670618646386,80,0.0102547776104069,-5.04705032119434,7.60772555943993,-3.04085654962623,4.35948208713665,0.617319992169986,0.590170506754714,-3.86614159625255,-5.04705032119434,2.02916425196364,-3.04085654962623,1.47235326295119,-0.482367763633388,-0.527343789333723,-256.262685515806,23,2,"normal",60
"4221",-10.40219,0.246062206669095,0,0.719279639493357,80,0.0102547776104069,-5.04705032119434,7.60772555943993,-3.04085654962623,4.35948208713665,0.617319992169986,0.590170506754714,-3.86614159625255,-5.04705032119434,2.02916425196364,-3.04085654962623,1.47235326295119,-0.482367763633388,-0.527343789333723,-256.262685515806,23,2,"normal",61
"4222",0.263640000000001,0.752152053187311,1,0.830911183834374,80,0.0102547776104069,-5.04705032119434,7.60772555943993,-3.04085654962623,4.35948208713665,0.617319992169986,0.590170506754714,-3.86614159625255,-5.04705032119434,2.02916425196364,-3.04085654962623,1.47235326295119,-0.482367763633388,-0.527343789333723,-256.262685515806,23,2,"normal",62
"4223",-14.45288,0.116200188632008,0,0.694804873738279,80,0.0102547776104069,-5.04705032119434,7.60772555943993,-3.04085654962623,4.35948208713665,0.617319992169986,0.590170506754714,-3.86614159625255,-5.04705032119434,2.02916425196364,-3.04085654962623,1.47235326295119,-0.482367763633388,-0.527343789333723,-256.262685515806,23,2,"normal",63
"4224",3.35133,0.857697948269217,1,0.627573974787786,80,0.0102547776104069,-5.04705032119434,7.60772555943993,-3.04085654962623,4.35948208713665,0.617319992169986,0.590170506754714,-3.86614159625255,-5.04705032119434,2.02916425196364,-3.04085654962623,1.47235326295119,-0.482367763633388,-0.527343789333723,-256.262685515806,23,2,"normal",64
"4225",-8.80767,0.314427258707036,0,0.793222774629424,80,0.0102547776104069,-5.04705032119434,7.60772555943993,-3.04085654962623,4.35948208713665,0.617319992169986,0.590170506754714,-3.86614159625255,-5.04705032119434,2.02916425196364,-3.04085654962623,1.47235326295119,-0.482367763633388,-0.527343789333723,-256.262685515806,23,2,"normal",65
"4226",-0.37988,0.725498048424208,1,0.660996448684624,80,0.0102547776104069,-5.04705032119434,7.60772555943993,-3.04085654962623,4.35948208713665,0.617319992169986,0.590170506754714,-3.86614159625255,-5.04705032119434,2.02916425196364,-3.04085654962623,1.47235326295119,-0.482367763633388,-0.527343789333723,-256.262685515806,23,2,"normal",66
"4227",-1.2952,0.685174003580539,0,0.689120460859975,80,0.0102547776104069,-5.04705032119434,7.60772555943993,-3.04085654962623,4.35948208713665,0.617319992169986,0.590170506754714,-3.86614159625255,-5.04705032119434,2.02916425196364,-3.04085654962623,1.47235326295119,-0.482367763633388,-0.527343789333723,-256.262685515806,23,2,"normal",67
"4228",-1.98286,0.653234006966809,1,0.714003954096551,80,0.0102547776104069,-5.04705032119434,7.60772555943993,-3.04085654962623,4.35948208713665,0.617319992169986,0.590170506754714,-3.86614159625255,-5.04705032119434,2.02916425196364,-3.04085654962623,1.47235326295119,-0.482367763633388,-0.527343789333723,-256.262685515806,23,2,"normal",68
"4229",-1.88449,0.657880749122758,0,0.643648372335656,80,0.0102547776104069,-5.04705032119434,7.60772555943993,-3.04085654962623,4.35948208713665,0.617319992169986,0.590170506754714,-3.86614159625255,-5.04705032119434,2.02916425196364,-3.04085654962623,1.47235326295119,-0.482367763633388,-0.527343789333723,-256.262685515806,23,2,"normal",69
"4230",-15.36188,0.0960342860863471,0,0.630333718699175,80,0.0102547776104069,-5.04705032119434,7.60772555943993,-3.04085654962623,4.35948208713665,0.617319992169986,0.590170506754714,-3.86614159625255,-5.04705032119434,2.02916425196364,-3.04085654962623,1.47235326295119,-0.482367763633388,-0.527343789333723,-256.262685515806,23,2,"normal",70
"4231",-10.14811,0.256367634858344,0,0.836622732373755,80,0.0102547776104069,-5.04705032119434,7.60772555943993,-3.04085654962623,4.35948208713665,0.617319992169986,0.590170506754714,-3.86614159625255,-5.04705032119434,2.02916425196364,-3.04085654962623,1.47235326295119,-0.482367763633388,-0.527343789333723,-256.262685515806,23,2,"normal",71
"4232",-9.68581,0.27571229500602,1,0.777733702568213,80,0.0102547776104069,-5.04705032119434,7.60772555943993,-3.04085654962623,4.35948208713665,0.617319992169986,0.590170506754714,-3.86614159625255,-5.04705032119434,2.02916425196364,-3.04085654962623,1.47235326295119,-0.482367763633388,-0.527343789333723,-256.262685515806,23,2,"normal",72
"4233",1.40928,0.795770075631341,1,0.642654445725661,80,0.0102547776104069,-5.04705032119434,7.60772555943993,-3.04085654962623,4.35948208713665,0.617319992169986,0.590170506754714,-3.86614159625255,-5.04705032119434,2.02916425196364,-3.04085654962623,1.47235326295119,-0.482367763633388,-0.527343789333723,-256.262685515806,23,2,"normal",73
"4234",0.55194,0.763603234776678,1,0.728963948978272,80,0.0102547776104069,-5.04705032119434,7.60772555943993,-3.04085654962623,4.35948208713665,0.617319992169986,0.590170506754714,-3.86614159625255,-5.04705032119434,2.02916425196364,-3.04085654962623,1.47235326295119,-0.482367763633388,-0.527343789333723,-256.262685515806,23,2,"normal",74
"4235",1.0703,0.783395539679086,1,0.694516099935199,80,0.0102547776104069,-5.04705032119434,7.60772555943993,-3.04085654962623,4.35948208713665,0.617319992169986,0.590170506754714,-3.86614159625255,-5.04705032119434,2.02916425196364,-3.04085654962623,1.47235326295119,-0.482367763633388,-0.527343789333723,-256.262685515806,23,2,"normal",75
"4236",0.48112,0.760819177059152,0,0.668564461754608,80,0.0102547776104069,-5.04705032119434,7.60772555943993,-3.04085654962623,4.35948208713665,0.617319992169986,0.590170506754714,-3.86614159625255,-5.04705032119434,2.02916425196364,-3.04085654962623,1.47235326295119,-0.482367763633388,-0.527343789333723,-256.262685515806,23,2,"normal",76
"4237",6.09552,0.919702115363175,1,0.623363763592077,80,0.0102547776104069,-5.04705032119434,7.60772555943993,-3.04085654962623,4.35948208713665,0.617319992169986,0.590170506754714,-3.86614159625255,-5.04705032119434,2.02916425196364,-3.04085654962623,1.47235326295119,-0.482367763633388,-0.527343789333723,-256.262685515806,23,2,"normal",77
"4238",-13.89773,0.130083264128574,0,0.674042659660203,80,0.0102547776104069,-5.04705032119434,7.60772555943993,-3.04085654962623,4.35948208713665,0.617319992169986,0.590170506754714,-3.86614159625255,-5.04705032119434,2.02916425196364,-3.04085654962623,1.47235326295119,-0.482367763633388,-0.527343789333723,-256.262685515806,23,2,"normal",78
"4239",0.8636,0.775627820873495,1,0.682486532743543,80,0.0102547776104069,-5.04705032119434,7.60772555943993,-3.04085654962623,4.35948208713665,0.617319992169986,0.590170506754714,-3.86614159625255,-5.04705032119434,2.02916425196364,-3.04085654962623,1.47235326295119,-0.482367763633388,-0.527343789333723,-256.262685515806,23,2,"normal",79
"4240",-12.93136,0.157196089583144,0,0.784944314362175,80,0.0102547776104069,-5.04705032119434,7.60772555943993,-3.04085654962623,4.35948208713665,0.617319992169986,0.590170506754714,-3.86614159625255,-5.04705032119434,2.02916425196364,-3.04085654962623,1.47235326295119,-0.482367763633388,-0.527343789333723,-256.262685515806,23,2,"normal",80
"4241",9.5581311416,0.536232475005263,1,1.47256544538,80,0.00164756771830451,6.85314759986142,29.644281776048,-1.718247549563,1.94585945814732,0.423159464237558,1.16781457886092,-5.7120074318464,6.85314759986142,3.38926924937547,-1.718247549563,0.66570376026538,-0.860006186963339,0.155134120828528,-691.739931934581,24,2,"normal",1
"4242",-5.67175881846,0.336866943702232,0,1.80635909806207,80,0.00164756771830451,6.85314759986142,29.644281776048,-1.718247549563,1.94585945814732,0.423159464237558,1.16781457886092,-5.7120074318464,6.85314759986142,3.38926924937547,-1.718247549563,0.66570376026538,-0.860006186963339,0.155134120828528,-691.739931934581,24,2,"normal",2
"4243",-0.3052330579,0.404907511462805,0,1.2763759280542,80,0.00164756771830451,6.85314759986142,29.644281776048,-1.718247549563,1.94585945814732,0.423159464237558,1.16781457886092,-5.7120074318464,6.85314759986142,3.38926924937547,-1.718247549563,0.66570376026538,-0.860006186963339,0.155134120828528,-691.739931934581,24,2,"normal",3
"4244",6.94249658328,0.501198463106097,0,1.4470980853382,80,0.00164756771830451,6.85314759986142,29.644281776048,-1.718247549563,1.94585945814732,0.423159464237558,1.16781457886092,-5.7120074318464,6.85314759986142,3.38926924937547,-1.718247549563,0.66570376026538,-0.860006186963339,0.155134120828528,-691.739931934581,24,2,"normal",4
"4245",11.15328,0.557477334726319,1,1.56293362724941,80,0.00164756771830451,6.85314759986142,29.644281776048,-1.718247549563,1.94585945814732,0.423159464237558,1.16781457886092,-5.7120074318464,6.85314759986142,3.38926924937547,-1.718247549563,0.66570376026538,-0.860006186963339,0.155134120828528,-691.739931934581,24,2,"normal",5
"4246",5.2330366187,0.478279774629072,0,1.77568731786078,80,0.00164756771830451,6.85314759986142,29.644281776048,-1.718247549563,1.94585945814732,0.423159464237558,1.16781457886092,-5.7120074318464,6.85314759986142,3.38926924937547,-1.718247549563,0.66570376026538,-0.860006186963339,0.155134120828528,-691.739931934581,24,2,"normal",6
"4247",-18.8711,0.19377409730645,1,1.32207275132195,80,0.00164756771830451,6.85314759986142,29.644281776048,-1.718247549563,1.94585945814732,0.423159464237558,1.16781457886092,-5.7120074318464,6.85314759986142,3.38926924937547,-1.718247549563,0.66570376026538,-0.860006186963339,0.155134120828528,-691.739931934581,24,2,"normal",7
"4248",5.3623298567,0.48001163681296,0,1.9874327710032,80,0.00164756771830451,6.85314759986142,29.644281776048,-1.718247549563,1.94585945814732,0.423159464237558,1.16781457886092,-5.7120074318464,6.85314759986142,3.38926924937547,-1.718247549563,0.66570376026538,-0.860006186963339,0.155134120828528,-691.739931934581,24,2,"normal",8
"4249",7.5156033138,0.508884979216602,1,1.89772145670489,80,0.00164756771830451,6.85314759986142,29.644281776048,-1.718247549563,1.94585945814732,0.423159464237558,1.16781457886092,-5.7120074318464,6.85314759986142,3.38926924937547,-1.718247549563,0.66570376026538,-0.860006186963339,0.155134120828528,-691.739931934581,24,2,"normal",9
"4250",5.288788799,0.479026517444354,0,1.39692986434862,80,0.00164756771830451,6.85314759986142,29.644281776048,-1.718247549563,1.94585945814732,0.423159464237558,1.16781457886092,-5.7120074318464,6.85314759986142,3.38926924937547,-1.718247549563,0.66570376026538,-0.860006186963339,0.155134120828528,-691.739931934581,24,2,"normal",10
"4251",22.57166,0.701360688402715,1,1.45932928073391,80,0.00164756771830451,6.85314759986142,29.644281776048,-1.718247549563,1.94585945814732,0.423159464237558,1.16781457886092,-5.7120074318464,6.85314759986142,3.38926924937547,-1.718247549563,0.66570376026538,-0.860006186963339,0.155134120828528,-691.739931934581,24,2,"normal",11
"4252",4.86446,0.473345126571676,0,1.48009682820348,80,0.00164756771830451,6.85314759986142,29.644281776048,-1.718247549563,1.94585945814732,0.423159464237558,1.16781457886092,-5.7120074318464,6.85314759986142,3.38926924937547,-1.718247549563,0.66570376026538,-0.860006186963339,0.155134120828528,-691.739931934581,24,2,"normal",12
"4253",10.36095,0.546941642650114,1,1.55834960867292,80,0.00164756771830451,6.85314759986142,29.644281776048,-1.718247549563,1.94585945814732,0.423159464237558,1.16781457886092,-5.7120074318464,6.85314759986142,3.38926924937547,-1.718247549563,0.66570376026538,-0.860006186963339,0.155134120828528,-691.739931934581,24,2,"normal",13
"4254",15.27106,0.611412727757289,0,1.45980062552454,80,0.00164756771830451,6.85314759986142,29.644281776048,-1.718247549563,1.94585945814732,0.423159464237558,1.16781457886092,-5.7120074318464,6.85314759986142,3.38926924937547,-1.718247549563,0.66570376026538,-0.860006186963339,0.155134120828528,-691.739931934581,24,2,"normal",14
"4255",-0.1359,0.407115072216048,1,1.4069374762966,80,0.00164756771830451,6.85314759986142,29.644281776048,-1.718247549563,1.94585945814732,0.423159464237558,1.16781457886092,-5.7120074318464,6.85314759986142,3.38926924937547,-1.718247549563,0.66570376026538,-0.860006186963339,0.155134120828528,-691.739931934581,24,2,"normal",15
"4256",-15.9236,0.222062877566165,0,1.35234822976595,80,0.00164756771830451,6.85314759986142,29.644281776048,-1.718247549563,1.94585945814732,0.423159464237558,1.16781457886092,-5.7120074318464,6.85314759986142,3.38926924937547,-1.718247549563,0.66570376026538,-0.860006186963339,0.155134120828528,-691.739931934581,24,2,"normal",16
"4257",4.8818,0.473577194994438,1,1.56257765878081,80,0.00164756771830451,6.85314759986142,29.644281776048,-1.718247549563,1.94585945814732,0.423159464237558,1.16781457886092,-5.7120074318464,6.85314759986142,3.38926924937547,-1.718247549563,0.66570376026538,-0.860006186963339,0.155134120828528,-691.739931934581,24,2,"normal",17
"4258",-42.2128,0.0504325862486561,0,1.28598017144053,80,0.00164756771830451,6.85314759986142,29.644281776048,-1.718247549563,1.94585945814732,0.423159464237558,1.16781457886092,-5.7120074318464,6.85314759986142,3.38926924937547,-1.718247549563,0.66570376026538,-0.860006186963339,0.155134120828528,-691.739931934581,24,2,"normal",18
"4259",4.0129716993,0.461962064549353,0,1.4925939025194,80,0.00164756771830451,6.85314759986142,29.644281776048,-1.718247549563,1.94585945814732,0.423159464237558,1.16781457886092,-5.7120074318464,6.85314759986142,3.38926924937547,-1.718247549563,0.66570376026538,-0.860006186963339,0.155134120828528,-691.739931934581,24,2,"normal",19
"4260",31.142,0.792736999676829,1,1.30345620768321,80,0.00164756771830451,6.85314759986142,29.644281776048,-1.718247549563,1.94585945814732,0.423159464237558,1.16781457886092,-5.7120074318464,6.85314759986142,3.38926924937547,-1.718247549563,0.66570376026538,-0.860006186963339,0.155134120828528,-691.739931934581,24,2,"normal",20
"4261",-40.59126,0.0562157482724693,0,1.36922524375936,80,0.00164756771830451,6.85314759986142,29.644281776048,-1.718247549563,1.94585945814732,0.423159464237558,1.16781457886092,-5.7120074318464,6.85314759986142,3.38926924937547,-1.718247549563,0.66570376026538,-0.860006186963339,0.155134120828528,-691.739931934581,24,2,"normal",21
"4262",41.5064,0.87754380902197,0,1.36892616106755,80,0.00164756771830451,6.85314759986142,29.644281776048,-1.718247549563,1.94585945814732,0.423159464237558,1.16781457886092,-5.7120074318464,6.85314759986142,3.38926924937547,-1.718247549563,0.66570376026538,-0.860006186963339,0.155134120828528,-691.739931934581,24,2,"normal",22
"4263",-11.511904,0.268554023491872,0,1.3696032524456,80,0.00164756771830451,6.85314759986142,29.644281776048,-1.718247549563,1.94585945814732,0.423159464237558,1.16781457886092,-5.7120074318464,6.85314759986142,3.38926924937547,-1.718247549563,0.66570376026538,-0.860006186963339,0.155134120828528,-691.739931934581,24,2,"normal",23
"4264",11.0286,0.55582196673325,1,1.3582699826262,80,0.00164756771830451,6.85314759986142,29.644281776048,-1.718247549563,1.94585945814732,0.423159464237558,1.16781457886092,-5.7120074318464,6.85314759986142,3.38926924937547,-1.718247549563,0.66570376026538,-0.860006186963339,0.155134120828528,-691.739931934581,24,2,"normal",24
"4265",7.51747,0.508910011374113,1,1.41642604600619,80,0.00164756771830451,6.85314759986142,29.644281776048,-1.718247549563,1.94585945814732,0.423159464237558,1.16781457886092,-5.7120074318464,6.85314759986142,3.38926924937547,-1.718247549563,0.66570376026538,-0.860006186963339,0.155134120828528,-691.739931934581,24,2,"normal",25
"4266",-2.53238,0.376181022814571,1,1.70584789897529,80,0.00164756771830451,6.85314759986142,29.644281776048,-1.718247549563,1.94585945814732,0.423159464237558,1.16781457886092,-5.7120074318464,6.85314759986142,3.38926924937547,-1.718247549563,0.66570376026538,-0.860006186963339,0.155134120828528,-691.739931934581,24,2,"normal",26
"4267",33.02997,0.810364189515502,1,1.34987393881533,80,0.00164756771830451,6.85314759986142,29.644281776048,-1.718247549563,1.94585945814732,0.423159464237558,1.16781457886092,-5.7120074318464,6.85314759986142,3.38926924937547,-1.718247549563,0.66570376026538,-0.860006186963339,0.155134120828528,-691.739931934581,24,2,"normal",27
"4268",24.19673,0.720017781502886,1,1.8392838060386,80,0.00164756771830451,6.85314759986142,29.644281776048,-1.718247549563,1.94585945814732,0.423159464237558,1.16781457886092,-5.7120074318464,6.85314759986142,3.38926924937547,-1.718247549563,0.66570376026538,-0.860006186963339,0.155134120828528,-691.739931934581,24,2,"normal",28
"4269",1.87321867675,0.433515557973874,1,2.04067997381314,80,0.00164756771830451,6.85314759986142,29.644281776048,-1.718247549563,1.94585945814732,0.423159464237558,1.16781457886092,-5.7120074318464,6.85314759986142,3.38926924937547,-1.718247549563,0.66570376026538,-0.860006186963339,0.155134120828528,-691.739931934581,24,2,"normal",29
"4270",37.4616,0.847936514407199,1,1.77538344542996,80,0.00164756771830451,6.85314759986142,29.644281776048,-1.718247549563,1.94585945814732,0.423159464237558,1.16781457886092,-5.7120074318464,6.85314759986142,3.38926924937547,-1.718247549563,0.66570376026538,-0.860006186963339,0.155134120828528,-691.739931934581,24,2,"normal",30
"4271",6.86378,0.500142615593683,0,1.40216085808167,80,0.00164756771830451,6.85314759986142,29.644281776048,-1.718247549563,1.94585945814732,0.423159464237558,1.16781457886092,-5.7120074318464,6.85314759986142,3.38926924937547,-1.718247549563,0.66570376026538,-0.860006186963339,0.155134120828528,-691.739931934581,24,2,"normal",31
"4272",4.77526,0.47215147155461,0,1.35764658368088,80,0.00164756771830451,6.85314759986142,29.644281776048,-1.718247549563,1.94585945814732,0.423159464237558,1.16781457886092,-5.7120074318464,6.85314759986142,3.38926924937547,-1.718247549563,0.66570376026538,-0.860006186963339,0.155134120828528,-691.739931934581,24,2,"normal",32
"4273",4.53281379017,0.468908412104759,1,1.63394108441151,80,0.00164756771830451,6.85314759986142,29.644281776048,-1.718247549563,1.94585945814732,0.423159464237558,1.16781457886092,-5.7120074318464,6.85314759986142,3.38926924937547,-1.718247549563,0.66570376026538,-0.860006186963339,0.155134120828528,-691.739931934581,24,2,"normal",33
"4274",-24.2262,0.148387423206576,0,1.38933715271121,80,0.00164756771830451,6.85314759986142,29.644281776048,-1.718247549563,1.94585945814732,0.423159464237558,1.16781457886092,-5.7120074318464,6.85314759986142,3.38926924937547,-1.718247549563,0.66570376026538,-0.860006186963339,0.155134120828528,-691.739931934581,24,2,"normal",34
"4275",25.76327,0.737445992635486,1,1.4106920165695,80,0.00164756771830451,6.85314759986142,29.644281776048,-1.718247549563,1.94585945814732,0.423159464237558,1.16781457886092,-5.7120074318464,6.85314759986142,3.38926924937547,-1.718247549563,0.66570376026538,-0.860006186963339,0.155134120828528,-691.739931934581,24,2,"normal",35
"4276",15.7799,0.617951976569538,1,1.79466503123057,80,0.00164756771830451,6.85314759986142,29.644281776048,-1.718247549563,1.94585945814732,0.423159464237558,1.16781457886092,-5.7120074318464,6.85314759986142,3.38926924937547,-1.718247549563,0.66570376026538,-0.860006186963339,0.155134120828528,-691.739931934581,24,2,"normal",36
"4277",28.98815,0.771476258391072,0,1.5077280688128,80,0.00164756771830451,6.85314759986142,29.644281776048,-1.718247549563,1.94585945814732,0.423159464237558,1.16781457886092,-5.7120074318464,6.85314759986142,3.38926924937547,-1.718247549563,0.66570376026538,-0.860006186963339,0.155134120828528,-691.739931934581,24,2,"normal",37
"4278",-10.6104,0.278627814601613,1,1.47141737935163,80,0.00164756771830451,6.85314759986142,29.644281776048,-1.718247549563,1.94585945814732,0.423159464237558,1.16781457886092,-5.7120074318464,6.85314759986142,3.38926924937547,-1.718247549563,0.66570376026538,-0.860006186963339,0.155134120828528,-691.739931934581,24,2,"normal",38
"4279",-33.51736,0.0879877072496767,0,1.54694914709988,80,0.00164756771830451,6.85314759986142,29.644281776048,-1.718247549563,1.94585945814732,0.423159464237558,1.16781457886092,-5.7120074318464,6.85314759986142,3.38926924937547,-1.718247549563,0.66570376026538,-0.860006186963339,0.155134120828528,-691.739931934581,24,2,"normal",39
"4280",-2.95495,0.370802370397858,0,1.35322614796601,80,0.00164756771830451,6.85314759986142,29.644281776048,-1.718247549563,1.94585945814732,0.423159464237558,1.16781457886092,-5.7120074318464,6.85314759986142,3.38926924937547,-1.718247549563,0.66570376026538,-0.860006186963339,0.155134120828528,-691.739931934581,24,2,"normal",40
"4281",8.45326,0.521452373744163,1,1.31046342614518,80,0.00164756771830451,6.85314759986142,29.644281776048,-1.718247549563,1.94585945814732,0.423159464237558,1.16781457886092,-5.7120074318464,6.85314759986142,3.38926924937547,-1.718247549563,0.66570376026538,-0.860006186963339,0.155134120828528,-691.739931934581,24,2,"normal",41
"4282",-9.965,0.285951992642505,1,1.44094931425191,80,0.00164756771830451,6.85314759986142,29.644281776048,-1.718247549563,1.94585945814732,0.423159464237558,1.16781457886092,-5.7120074318464,6.85314759986142,3.38926924937547,-1.718247549563,0.66570376026538,-0.860006186963339,0.155134120828528,-691.739931934581,24,2,"normal",42
"4283",26.32692,0.743576930750432,0,1.58109020426324,80,0.00164756771830451,6.85314759986142,29.644281776048,-1.718247549563,1.94585945814732,0.423159464237558,1.16781457886092,-5.7120074318464,6.85314759986142,3.38926924937547,-1.718247549563,0.66570376026538,-0.860006186963339,0.155134120828528,-691.739931934581,24,2,"normal",43
"4284",1.22817761025,0.425000897581134,1,1.60206960921698,80,0.00164756771830451,6.85314759986142,29.644281776048,-1.718247549563,1.94585945814732,0.423159464237558,1.16781457886092,-5.7120074318464,6.85314759986142,3.38926924937547,-1.718247549563,0.66570376026538,-0.860006186963339,0.155134120828528,-691.739931934581,24,2,"normal",44
"4285",3.8112153539,0.459269136687319,0,1.4577167287654,80,0.00164756771830451,6.85314759986142,29.644281776048,-1.718247549563,1.94585945814732,0.423159464237558,1.16781457886092,-5.7120074318464,6.85314759986142,3.38926924937547,-1.718247549563,0.66570376026538,-0.860006186963339,0.155134120828528,-691.739931934581,24,2,"normal",45
"4286",1.10169355218,0.423335276983751,1,1.50859409918772,80,0.00164756771830451,6.85314759986142,29.644281776048,-1.718247549563,1.94585945814732,0.423159464237558,1.16781457886092,-5.7120074318464,6.85314759986142,3.38926924937547,-1.718247549563,0.66570376026538,-0.860006186963339,0.155134120828528,-691.739931934581,24,2,"normal",46
"4287",-7.16436,0.318756780241061,0,1.30806300963956,80,0.00164756771830451,6.85314759986142,29.644281776048,-1.718247549563,1.94585945814732,0.423159464237558,1.16781457886092,-5.7120074318464,6.85314759986142,3.38926924937547,-1.718247549563,0.66570376026538,-0.860006186963339,0.155134120828528,-691.739931934581,24,2,"normal",47
"4288",1.7992386694,0.432537351351754,0,1.31954975686179,80,0.00164756771830451,6.85314759986142,29.644281776048,-1.718247549563,1.94585945814732,0.423159464237558,1.16781457886092,-5.7120074318464,6.85314759986142,3.38926924937547,-1.718247549563,0.66570376026538,-0.860006186963339,0.155134120828528,-691.739931934581,24,2,"normal",48
"4289",2.64375737952,0.443727344734405,0,1.32617851436617,80,0.00164756771830451,6.85314759986142,29.644281776048,-1.718247549563,1.94585945814732,0.423159464237558,1.16781457886092,-5.7120074318464,6.85314759986142,3.38926924937547,-1.718247549563,0.66570376026538,-0.860006186963339,0.155134120828528,-691.739931934581,24,2,"normal",49
"4290",44.53672,0.896857791935331,0,1.47292061233725,80,0.00164756771830451,6.85314759986142,29.644281776048,-1.718247549563,1.94585945814732,0.423159464237558,1.16781457886092,-5.7120074318464,6.85314759986142,3.38926924937547,-1.718247549563,0.66570376026538,-0.860006186963339,0.155134120828528,-691.739931934581,24,2,"normal",50
"4291",5.08476149841,0.476294163262953,0,1.93559592964914,80,0.00164756771830451,6.85314759986142,29.644281776048,-1.718247549563,1.94585945814732,0.423159464237558,1.16781457886092,-5.7120074318464,6.85314759986142,3.38926924937547,-1.718247549563,0.66570376026538,-0.860006186963339,0.155134120828528,-691.739931934581,24,2,"normal",51
"4292",-34.88,0.0809808010406483,0,1.42417027647469,80,0.00164756771830451,6.85314759986142,29.644281776048,-1.718247549563,1.94585945814732,0.423159464237558,1.16781457886092,-5.7120074318464,6.85314759986142,3.38926924937547,-1.718247549563,0.66570376026538,-0.860006186963339,0.155134120828528,-691.739931934581,24,2,"normal",52
"4293",-11.32446,0.270633311413627,0,1.46638347887887,80,0.00164756771830451,6.85314759986142,29.644281776048,-1.718247549563,1.94585945814732,0.423159464237558,1.16781457886092,-5.7120074318464,6.85314759986142,3.38926924937547,-1.718247549563,0.66570376026538,-0.860006186963339,0.155134120828528,-691.739931934581,24,2,"normal",53
"4294",7.8557970963,0.513446277001303,1,1.57042265790411,80,0.00164756771830451,6.85314759986142,29.644281776048,-1.718247549563,1.94585945814732,0.423159464237558,1.16781457886092,-5.7120074318464,6.85314759986142,3.38926924937547,-1.718247549563,0.66570376026538,-0.860006186963339,0.155134120828528,-691.739931934581,24,2,"normal",54
"4295",21.298897,0.686362093840922,1,1.32480947395322,80,0.00164756771830451,6.85314759986142,29.644281776048,-1.718247549563,1.94585945814732,0.423159464237558,1.16781457886092,-5.7120074318464,6.85314759986142,3.38926924937547,-1.718247549563,0.66570376026538,-0.860006186963339,0.155134120828528,-691.739931934581,24,2,"normal",55
"4296",1.4438,0.427843441345534,0,1.45462183998025,80,0.00164756771830451,6.85314759986142,29.644281776048,-1.718247549563,1.94585945814732,0.423159464237558,1.16781457886092,-5.7120074318464,6.85314759986142,3.38926924937547,-1.718247549563,0.66570376026538,-0.860006186963339,0.155134120828528,-691.739931934581,24,2,"normal",56
"4297",-16.398382,0.217351460570925,0,1.3497279061835,80,0.00164756771830451,6.85314759986142,29.644281776048,-1.718247549563,1.94585945814732,0.423159464237558,1.16781457886092,-5.7120074318464,6.85314759986142,3.38926924937547,-1.718247549563,0.66570376026538,-0.860006186963339,0.155134120828528,-691.739931934581,24,2,"normal",57
"4298",1.14942,0.423963608139242,1,1.40917866571145,80,0.00164756771830451,6.85314759986142,29.644281776048,-1.718247549563,1.94585945814732,0.423159464237558,1.16781457886092,-5.7120074318464,6.85314759986142,3.38926924937547,-1.718247549563,0.66570376026538,-0.860006186963339,0.155134120828528,-691.739931934581,24,2,"normal",58
"4299",5.0125981571,0.475328006373269,1,1.48287373151242,80,0.00164756771830451,6.85314759986142,29.644281776048,-1.718247549563,1.94585945814732,0.423159464237558,1.16781457886092,-5.7120074318464,6.85314759986142,3.38926924937547,-1.718247549563,0.66570376026538,-0.860006186963339,0.155134120828528,-691.739931934581,24,2,"normal",59
"4300",-11.6624,0.266890475224029,0,1.51770556430246,80,0.00164756771830451,6.85314759986142,29.644281776048,-1.718247549563,1.94585945814732,0.423159464237558,1.16781457886092,-5.7120074318464,6.85314759986142,3.38926924937547,-1.718247549563,0.66570376026538,-0.860006186963339,0.155134120828528,-691.739931934581,24,2,"normal",60
"4301",2.28521,0.438970483963179,1,1.61277876349267,80,0.00164756771830451,6.85314759986142,29.644281776048,-1.718247549563,1.94585945814732,0.423159464237558,1.16781457886092,-5.7120074318464,6.85314759986142,3.38926924937547,-1.718247549563,0.66570376026538,-0.860006186963339,0.155134120828528,-691.739931934581,24,2,"normal",61
"4302",10.56625,0.549675039996727,1,1.62956771562701,80,0.00164756771830451,6.85314759986142,29.644281776048,-1.718247549563,1.94585945814732,0.423159464237558,1.16781457886092,-5.7120074318464,6.85314759986142,3.38926924937547,-1.718247549563,0.66570376026538,-0.860006186963339,0.155134120828528,-691.739931934581,24,2,"normal",62
"4303",0.61605,0.416953082248018,0,1.71401530298418,80,0.00164756771830451,6.85314759986142,29.644281776048,-1.718247549563,1.94585945814732,0.423159464237558,1.16781457886092,-5.7120074318464,6.85314759986142,3.38926924937547,-1.718247549563,0.66570376026538,-0.860006186963339,0.155134120828528,-691.739931934581,24,2,"normal",63
"4304",6.08612,0.489712774834149,1,1.43944621021766,80,0.00164756771830451,6.85314759986142,29.644281776048,-1.718247549563,1.94585945814732,0.423159464237558,1.16781457886092,-5.7120074318464,6.85314759986142,3.38926924937547,-1.718247549563,0.66570376026538,-0.860006186963339,0.155134120828528,-691.739931934581,24,2,"normal",64
"4305",-17.49456,0.206699114809486,0,1.36081070702067,80,0.00164756771830451,6.85314759986142,29.644281776048,-1.718247549563,1.94585945814732,0.423159464237558,1.16781457886092,-5.7120074318464,6.85314759986142,3.38926924937547,-1.718247549563,0.66570376026538,-0.860006186963339,0.155134120828528,-691.739931934581,24,2,"normal",65
"4306",2.08256,0.436285793496359,1,1.44181555924533,80,0.00164756771830451,6.85314759986142,29.644281776048,-1.718247549563,1.94585945814732,0.423159464237558,1.16781457886092,-5.7120074318464,6.85314759986142,3.38926924937547,-1.718247549563,0.66570376026538,-0.860006186963339,0.155134120828528,-691.739931934581,24,2,"normal",66
"4307",-37.936177,0.0668399539351615,1,1.506853132237,80,0.00164756771830451,6.85314759986142,29.644281776048,-1.718247549563,1.94585945814732,0.423159464237558,1.16781457886092,-5.7120074318464,6.85314759986142,3.38926924937547,-1.718247549563,0.66570376026538,-0.860006186963339,0.155134120828528,-691.739931934581,24,2,"normal",67
"4308",1.05560238847,0.422728661018054,0,1.70090718143913,80,0.00164756771830451,6.85314759986142,29.644281776048,-1.718247549563,1.94585945814732,0.423159464237558,1.16781457886092,-5.7120074318464,6.85314759986142,3.38926924937547,-1.718247549563,0.66570376026538,-0.860006186963339,0.155134120828528,-691.739931934581,24,2,"normal",68
"4309",11.40272,0.560786073721318,1,1.33015956731496,80,0.00164756771830451,6.85314759986142,29.644281776048,-1.718247549563,1.94585945814732,0.423159464237558,1.16781457886092,-5.7120074318464,6.85314759986142,3.38926924937547,-1.718247549563,0.66570376026538,-0.860006186963339,0.155134120828528,-691.739931934581,24,2,"normal",69
"4310",19.72669,0.667399401679287,0,1.45540382515269,80,0.00164756771830451,6.85314759986142,29.644281776048,-1.718247549563,1.94585945814732,0.423159464237558,1.16781457886092,-5.7120074318464,6.85314759986142,3.38926924937547,-1.718247549563,0.66570376026538,-0.860006186963339,0.155134120828528,-691.739931934581,24,2,"normal",70
"4311",30.2406,0.783986536989563,1,1.36488884007992,80,0.00164756771830451,6.85314759986142,29.644281776048,-1.718247549563,1.94585945814732,0.423159464237558,1.16781457886092,-5.7120074318464,6.85314759986142,3.38926924937547,-1.718247549563,0.66570376026538,-0.860006186963339,0.155134120828528,-691.739931934581,24,2,"normal",71
"4312",2.1382171198,0.437022845569383,1,1.67660254625519,80,0.00164756771830451,6.85314759986142,29.644281776048,-1.718247549563,1.94585945814732,0.423159464237558,1.16781457886092,-5.7120074318464,6.85314759986142,3.38926924937547,-1.718247549563,0.66570376026538,-0.860006186963339,0.155134120828528,-691.739931934581,24,2,"normal",72
"4313",4.148858,0.463776794386929,0,1.39844070692709,80,0.00164756771830451,6.85314759986142,29.644281776048,-1.718247549563,1.94585945814732,0.423159464237558,1.16781457886092,-5.7120074318464,6.85314759986142,3.38926924937547,-1.718247549563,0.66570376026538,-0.860006186963339,0.155134120828528,-691.739931934581,24,2,"normal",73
"4314",10.56758,0.549692740244028,1,1.52696190246287,80,0.00164756771830451,6.85314759986142,29.644281776048,-1.718247549563,1.94585945814732,0.423159464237558,1.16781457886092,-5.7120074318464,6.85314759986142,3.38926924937547,-1.718247549563,0.66570376026538,-0.860006186963339,0.155134120828528,-691.739931934581,24,2,"normal",74
"4315",2.9984,0.448440446869658,0,1.45894365865744,80,0.00164756771830451,6.85314759986142,29.644281776048,-1.718247549563,1.94585945814732,0.423159464237558,1.16781457886092,-5.7120074318464,6.85314759986142,3.38926924937547,-1.718247549563,0.66570376026538,-0.860006186963339,0.155134120828528,-691.739931934581,24,2,"normal",75
"4316",-12.72183,0.25533026176539,0,1.42991596200174,80,0.00164756771830451,6.85314759986142,29.644281776048,-1.718247549563,1.94585945814732,0.423159464237558,1.16781457886092,-5.7120074318464,6.85314759986142,3.38926924937547,-1.718247549563,0.66570376026538,-0.860006186963339,0.155134120828528,-691.739931934581,24,2,"normal",76
"4317",-9.194236,0.294817893321668,0,1.71128442744374,80,0.00164756771830451,6.85314759986142,29.644281776048,-1.718247549563,1.94585945814732,0.423159464237558,1.16781457886092,-5.7120074318464,6.85314759986142,3.38926924937547,-1.718247549563,0.66570376026538,-0.860006186963339,0.155134120828528,-691.739931934581,24,2,"normal",77
"4318",11.69047,0.56459766351325,0,1.46027371693898,80,0.00164756771830451,6.85314759986142,29.644281776048,-1.718247549563,1.94585945814732,0.423159464237558,1.16781457886092,-5.7120074318464,6.85314759986142,3.38926924937547,-1.718247549563,0.66570376026538,-0.860006186963339,0.155134120828528,-691.739931934581,24,2,"normal",78
"4319",-28.8383,0.115567479338437,0,1.32313232332211,80,0.00164756771830451,6.85314759986142,29.644281776048,-1.718247549563,1.94585945814732,0.423159464237558,1.16781457886092,-5.7120074318464,6.85314759986142,3.38926924937547,-1.718247549563,0.66570376026538,-0.860006186963339,0.155134120828528,-691.739931934581,24,2,"normal",79
"4320",18.4096,0.651171861586323,1,1.47204605415259,80,0.00164756771830451,6.85314759986142,29.644281776048,-1.718247549563,1.94585945814732,0.423159464237558,1.16781457886092,-5.7120074318464,6.85314759986142,3.38926924937547,-1.718247549563,0.66570376026538,-0.860006186963339,0.155134120828528,-691.739931934581,24,2,"normal",80
"4321",-8.1575199605,0.259413845933658,0,0.709449561611172,80,0.00278792977302229,-1.18598082096404,10.7366294016102,-1.84914334448491,2.82287157657472,0.506487887223601,0.477177433844943,-5.18371733217906,-1.18598082096404,2.3736612038472,-1.84914334448491,1.0377546564104,-0.680254870241549,-0.739866878550153,-462.545710209612,25,2,"normal",1
"4322",6.3110581014,0.756059270780716,0,0.981146853383891,80,0.00278792977302229,-1.18598082096404,10.7366294016102,-1.84914334448491,2.82287157657472,0.506487887223601,0.477177433844943,-5.18371733217906,-1.18598082096404,2.3736612038472,-1.84914334448491,1.0377546564104,-0.680254870241549,-0.739866878550153,-462.545710209612,25,2,"normal",2
"4323",12.900995289,0.902988470666146,1,0.776048878626205,80,0.00278792977302229,-1.18598082096404,10.7366294016102,-1.84914334448491,2.82287157657472,0.506487887223601,0.477177433844943,-5.18371733217906,-1.18598082096404,2.3736612038472,-1.84914334448491,1.0377546564104,-0.680254870241549,-0.739866878550153,-462.545710209612,25,2,"normal",3
"4324",7.90115264324,0.799645947755937,1,0.809629358438858,80,0.00278792977302229,-1.18598082096404,10.7366294016102,-1.84914334448491,2.82287157657472,0.506487887223601,0.477177433844943,-5.18371733217906,-1.18598082096404,2.3736612038472,-1.84914334448491,1.0377546564104,-0.680254870241549,-0.739866878550153,-462.545710209612,25,2,"normal",4
"4325",25.01427,0.989914797782733,1,0.572750368096901,80,0.00278792977302229,-1.18598082096404,10.7366294016102,-1.84914334448491,2.82287157657472,0.506487887223601,0.477177433844943,-5.18371733217906,-1.18598082096404,2.3736612038472,-1.84914334448491,1.0377546564104,-0.680254870241549,-0.739866878550153,-462.545710209612,25,2,"normal",5
"4326",10.89995,0.867785742271858,1,0.731638864934971,80,0.00278792977302229,-1.18598082096404,10.7366294016102,-1.84914334448491,2.82287157657472,0.506487887223601,0.477177433844943,-5.18371733217906,-1.18598082096404,2.3736612038472,-1.84914334448491,1.0377546564104,-0.680254870241549,-0.739866878550153,-462.545710209612,25,2,"normal",6
"4327",9.89995,0.847142426102586,1,0.650915075796352,80,0.00278792977302229,-1.18598082096404,10.7366294016102,-1.84914334448491,2.82287157657472,0.506487887223601,0.477177433844943,-5.18371733217906,-1.18598082096404,2.3736612038472,-1.84914334448491,1.0377546564104,-0.680254870241549,-0.739866878550153,-462.545710209612,25,2,"normal",7
"4328",12.16892,0.89103251934216,0,0.8903036949268,80,0.00278792977302229,-1.18598082096404,10.7366294016102,-1.84914334448491,2.82287157657472,0.506487887223601,0.477177433844943,-5.18371733217906,-1.18598082096404,2.3736612038472,-1.84914334448491,1.0377546564104,-0.680254870241549,-0.739866878550153,-462.545710209612,25,2,"normal",8
"4329",20.37761,0.975036722365334,1,0.726219936521318,80,0.00278792977302229,-1.18598082096404,10.7366294016102,-1.84914334448491,2.82287157657472,0.506487887223601,0.477177433844943,-5.18371733217906,-1.18598082096404,2.3736612038472,-1.84914334448491,1.0377546564104,-0.680254870241549,-0.739866878550153,-462.545710209612,25,2,"normal",9
"4330",-9.30014,0.226434818038111,0,0.639919861827901,80,0.00278792977302229,-1.18598082096404,10.7366294016102,-1.84914334448491,2.82287157657472,0.506487887223601,0.477177433844943,-5.18371733217906,-1.18598082096404,2.3736612038472,-1.84914334448491,1.0377546564104,-0.680254870241549,-0.739866878550153,-462.545710209612,25,2,"normal",10
"4331",-4.42255,0.382195793924668,1,0.925358943294374,80,0.00278792977302229,-1.18598082096404,10.7366294016102,-1.84914334448491,2.82287157657472,0.506487887223601,0.477177433844943,-5.18371733217906,-1.18598082096404,2.3736612038472,-1.84914334448491,1.0377546564104,-0.680254870241549,-0.739866878550153,-462.545710209612,25,2,"normal",11
"4332",-13.016175,0.137296377470917,0,0.715596614570755,80,0.00278792977302229,-1.18598082096404,10.7366294016102,-1.84914334448491,2.82287157657472,0.506487887223601,0.477177433844943,-5.18371733217906,-1.18598082096404,2.3736612038472,-1.84914334448491,1.0377546564104,-0.680254870241549,-0.739866878550153,-462.545710209612,25,2,"normal",12
"4333",13.94035,0.918215669350283,1,0.806097122895126,80,0.00278792977302229,-1.18598082096404,10.7366294016102,-1.84914334448491,2.82287157657472,0.506487887223601,0.477177433844943,-5.18371733217906,-1.18598082096404,2.3736612038472,-1.84914334448491,1.0377546564104,-0.680254870241549,-0.739866878550153,-462.545710209612,25,2,"normal",13
"4334",-10.01967,0.206964799490925,1,0.739032724942774,80,0.00278792977302229,-1.18598082096404,10.7366294016102,-1.84914334448491,2.82287157657472,0.506487887223601,0.477177433844943,-5.18371733217906,-1.18598082096404,2.3736612038472,-1.84914334448491,1.0377546564104,-0.680254870241549,-0.739866878550153,-462.545710209612,25,2,"normal",14
"4335",-8.25121,0.256617967955856,0,0.945970874795786,80,0.00278792977302229,-1.18598082096404,10.7366294016102,-1.84914334448491,2.82287157657472,0.506487887223601,0.477177433844943,-5.18371733217906,-1.18598082096404,2.3736612038472,-1.84914334448491,1.0377546564104,-0.680254870241549,-0.739866878550153,-462.545710209612,25,2,"normal",15
"4336",4.386,0.697004290236759,0,0.731801476981929,80,0.00278792977302229,-1.18598082096404,10.7366294016102,-1.84914334448491,2.82287157657472,0.506487887223601,0.477177433844943,-5.18371733217906,-1.18598082096404,2.3736612038472,-1.84914334448491,1.0377546564104,-0.680254870241549,-0.739866878550153,-462.545710209612,25,2,"normal",16
"4337",0.70955237027,0.569677687777255,1,0.937572345740604,80,0.00278792977302229,-1.18598082096404,10.7366294016102,-1.84914334448491,2.82287157657472,0.506487887223601,0.477177433844943,-5.18371733217906,-1.18598082096404,2.3736612038472,-1.84914334448491,1.0377546564104,-0.680254870241549,-0.739866878550153,-462.545710209612,25,2,"normal",17
"4338",-1.85456,0.475311994387644,1,0.645991725257681,80,0.00278792977302229,-1.18598082096404,10.7366294016102,-1.84914334448491,2.82287157657472,0.506487887223601,0.477177433844943,-5.18371733217906,-1.18598082096404,2.3736612038472,-1.84914334448491,1.0377546564104,-0.680254870241549,-0.739866878550153,-462.545710209612,25,2,"normal",18
"4339",-4.74744,0.370778270336831,1,0.815637561963885,80,0.00278792977302229,-1.18598082096404,10.7366294016102,-1.84914334448491,2.82287157657472,0.506487887223601,0.477177433844943,-5.18371733217906,-1.18598082096404,2.3736612038472,-1.84914334448491,1.0377546564104,-0.680254870241549,-0.739866878550153,-462.545710209612,25,2,"normal",19
"4340",17.15252,0.953641125574442,1,0.990766062391202,80,0.00278792977302229,-1.18598082096404,10.7366294016102,-1.84914334448491,2.82287157657472,0.506487887223601,0.477177433844943,-5.18371733217906,-1.18598082096404,2.3736612038472,-1.84914334448491,1.0377546564104,-0.680254870241549,-0.739866878550153,-462.545710209612,25,2,"normal",20
"4341",-14.53136,0.10912988427865,0,0.742647352140921,80,0.00278792977302229,-1.18598082096404,10.7366294016102,-1.84914334448491,2.82287157657472,0.506487887223601,0.477177433844943,-5.18371733217906,-1.18598082096404,2.3736612038472,-1.84914334448491,1.0377546564104,-0.680254870241549,-0.739866878550153,-462.545710209612,25,2,"normal",21
"4342",-13.81644,0.121840002662294,0,0.623737653242265,80,0.00278792977302229,-1.18598082096404,10.7366294016102,-1.84914334448491,2.82287157657472,0.506487887223601,0.477177433844943,-5.18371733217906,-1.18598082096404,2.3736612038472,-1.84914334448491,1.0377546564104,-0.680254870241549,-0.739866878550153,-462.545710209612,25,2,"normal",22
"4343",-11.40279,0.172490282604245,0,0.6201650282338,80,0.00278792977302229,-1.18598082096404,10.7366294016102,-1.84914334448491,2.82287157657472,0.506487887223601,0.477177433844943,-5.18371733217906,-1.18598082096404,2.3736612038472,-1.84914334448491,1.0377546564104,-0.680254870241549,-0.739866878550153,-462.545710209612,25,2,"normal",23
"4344",4.58693,0.703461455609458,1,1.01174405560849,80,0.00278792977302229,-1.18598082096404,10.7366294016102,-1.84914334448491,2.82287157657472,0.506487887223601,0.477177433844943,-5.18371733217906,-1.18598082096404,2.3736612038472,-1.84914334448491,1.0377546564104,-0.680254870241549,-0.739866878550153,-462.545710209612,25,2,"normal",24
"4345",-4.4084,0.382695510290591,1,0.663257596018287,80,0.00278792977302229,-1.18598082096404,10.7366294016102,-1.84914334448491,2.82287157657472,0.506487887223601,0.477177433844943,-5.18371733217906,-1.18598082096404,2.3736612038472,-1.84914334448491,1.0377546564104,-0.680254870241549,-0.739866878550153,-462.545710209612,25,2,"normal",25
"4346",5.097901,0.71958736818653,1,0.90838644120305,80,0.00278792977302229,-1.18598082096404,10.7366294016102,-1.84914334448491,2.82287157657472,0.506487887223601,0.477177433844943,-5.18371733217906,-1.18598082096404,2.3736612038472,-1.84914334448491,1.0377546564104,-0.680254870241549,-0.739866878550153,-462.545710209612,25,2,"normal",26
"4347",-13.11005,0.135415184086893,0,0.741621292882356,80,0.00278792977302229,-1.18598082096404,10.7366294016102,-1.84914334448491,2.82287157657472,0.506487887223601,0.477177433844943,-5.18371733217906,-1.18598082096404,2.3736612038472,-1.84914334448491,1.0377546564104,-0.680254870241549,-0.739866878550153,-462.545710209612,25,2,"normal",27
"4348",-4.84547,0.367355198336736,0,1.00694201334993,80,0.00278792977302229,-1.18598082096404,10.7366294016102,-1.84914334448491,2.82287157657472,0.506487887223601,0.477177433844943,-5.18371733217906,-1.18598082096404,2.3736612038472,-1.84914334448491,1.0377546564104,-0.680254870241549,-0.739866878550153,-462.545710209612,25,2,"normal",28
"4349",16.11875,0.944001929303053,1,0.641635070786846,80,0.00278792977302229,-1.18598082096404,10.7366294016102,-1.84914334448491,2.82287157657472,0.506487887223601,0.477177433844943,-5.18371733217906,-1.18598082096404,2.3736612038472,-1.84914334448491,1.0377546564104,-0.680254870241549,-0.739866878550153,-462.545710209612,25,2,"normal",29
"4350",7.3781,0.785860557446799,0,1.05861067099697,80,0.00278792977302229,-1.18598082096404,10.7366294016102,-1.84914334448491,2.82287157657472,0.506487887223601,0.477177433844943,-5.18371733217906,-1.18598082096404,2.3736612038472,-1.84914334448491,1.0377546564104,-0.680254870241549,-0.739866878550153,-462.545710209612,25,2,"normal",30
"4351",-2.73842,0.442836717480359,1,0.694578511971616,80,0.00278792977302229,-1.18598082096404,10.7366294016102,-1.84914334448491,2.82287157657472,0.506487887223601,0.477177433844943,-5.18371733217906,-1.18598082096404,2.3736612038472,-1.84914334448491,1.0377546564104,-0.680254870241549,-0.739866878550153,-462.545710209612,25,2,"normal",31
"4352",-31.07301,0.00546048621953964,0,0.612658215656819,80,0.00278792977302229,-1.18598082096404,10.7366294016102,-1.84914334448491,2.82287157657472,0.506487887223601,0.477177433844943,-5.18371733217906,-1.18598082096404,2.3736612038472,-1.84914334448491,1.0377546564104,-0.680254870241549,-0.739866878550153,-462.545710209612,25,2,"normal",32
"4353",-9.26463,0.22742219412677,1,0.759230003248616,80,0.00278792977302229,-1.18598082096404,10.7366294016102,-1.84914334448491,2.82287157657472,0.506487887223601,0.477177433844943,-5.18371733217906,-1.18598082096404,2.3736612038472,-1.84914334448491,1.0377546564104,-0.680254870241549,-0.739866878550153,-462.545710209612,25,2,"normal",33
"4354",-11.54308,0.169214603506533,0,0.799298548487697,80,0.00278792977302229,-1.18598082096404,10.7366294016102,-1.84914334448491,2.82287157657472,0.506487887223601,0.477177433844943,-5.18371733217906,-1.18598082096404,2.3736612038472,-1.84914334448491,1.0377546564104,-0.680254870241549,-0.739866878550153,-462.545710209612,25,2,"normal",34
"4355",-19.31704,0.0481709196076453,0,0.744656097786932,80,0.00278792977302229,-1.18598082096404,10.7366294016102,-1.84914334448491,2.82287157657472,0.506487887223601,0.477177433844943,-5.18371733217906,-1.18598082096404,2.3736612038472,-1.84914334448491,1.0377546564104,-0.680254870241549,-0.739866878550153,-462.545710209612,25,2,"normal",35
"4356",-9.94561,0.208921083762434,0,0.813736689252168,80,0.00278792977302229,-1.18598082096404,10.7366294016102,-1.84914334448491,2.82287157657472,0.506487887223601,0.477177433844943,-5.18371733217906,-1.18598082096404,2.3736612038472,-1.84914334448491,1.0377546564104,-0.680254870241549,-0.739866878550153,-462.545710209612,25,2,"normal",36
"4357",-12.12044,0.156165771114605,0,0.648612140944292,80,0.00278792977302229,-1.18598082096404,10.7366294016102,-1.84914334448491,2.82287157657472,0.506487887223601,0.477177433844943,-5.18371733217906,-1.18598082096404,2.3736612038472,-1.84914334448491,1.0377546564104,-0.680254870241549,-0.739866878550153,-462.545710209612,25,2,"normal",37
"4358",2.42132,0.630823764291595,1,0.740559442755678,80,0.00278792977302229,-1.18598082096404,10.7366294016102,-1.84914334448491,2.82287157657472,0.506487887223601,0.477177433844943,-5.18371733217906,-1.18598082096404,2.3736612038472,-1.84914334448491,1.0377546564104,-0.680254870241549,-0.739866878550153,-462.545710209612,25,2,"normal",38
"4359",-10.23092,0.20144558798833,0,0.974590809078711,80,0.00278792977302229,-1.18598082096404,10.7366294016102,-1.84914334448491,2.82287157657472,0.506487887223601,0.477177433844943,-5.18371733217906,-1.18598082096404,2.3736612038472,-1.84914334448491,1.0377546564104,-0.680254870241549,-0.739866878550153,-462.545710209612,25,2,"normal",39
"4360",-20.76458,0.036709073417671,0,0.788551234033835,80,0.00278792977302229,-1.18598082096404,10.7366294016102,-1.84914334448491,2.82287157657472,0.506487887223601,0.477177433844943,-5.18371733217906,-1.18598082096404,2.3736612038472,-1.84914334448491,1.0377546564104,-0.680254870241549,-0.739866878550153,-462.545710209612,25,2,"normal",40
"4361",1.41936,0.595330721578015,1,0.642467334119318,80,0.00278792977302229,-1.18598082096404,10.7366294016102,-1.84914334448491,2.82287157657472,0.506487887223601,0.477177433844943,-5.18371733217906,-1.18598082096404,2.3736612038472,-1.84914334448491,1.0377546564104,-0.680254870241549,-0.739866878550153,-462.545710209612,25,2,"normal",41
"4362",1.19767,0.587357551170721,1,1.01077023188861,80,0.00278792977302229,-1.18598082096404,10.7366294016102,-1.84914334448491,2.82287157657472,0.506487887223601,0.477177433844943,-5.18371733217906,-1.18598082096404,2.3736612038472,-1.84914334448491,1.0377546564104,-0.680254870241549,-0.739866878550153,-462.545710209612,25,2,"normal",42
"4363",-8.01578,0.263673776215307,1,0.899212197065754,80,0.00278792977302229,-1.18598082096404,10.7366294016102,-1.84914334448491,2.82287157657472,0.506487887223601,0.477177433844943,-5.18371733217906,-1.18598082096404,2.3736612038472,-1.84914334448491,1.0377546564104,-0.680254870241549,-0.739866878550153,-462.545710209612,25,2,"normal",43
"4364",-2.50871,0.451248586930002,0,0.617030913782457,80,0.00278792977302229,-1.18598082096404,10.7366294016102,-1.84914334448491,2.82287157657472,0.506487887223601,0.477177433844943,-5.18371733217906,-1.18598082096404,2.3736612038472,-1.84914334448491,1.0377546564104,-0.680254870241549,-0.739866878550153,-462.545710209612,25,2,"normal",44
"4365",-18.54967,0.0554063089338833,0,0.673216167251546,80,0.00278792977302229,-1.18598082096404,10.7366294016102,-1.84914334448491,2.82287157657472,0.506487887223601,0.477177433844943,-5.18371733217906,-1.18598082096404,2.3736612038472,-1.84914334448491,1.0377546564104,-0.680254870241549,-0.739866878550153,-462.545710209612,25,2,"normal",45
"4366",-5.49106,0.345089267513716,0,0.884909800781512,80,0.00278792977302229,-1.18598082096404,10.7366294016102,-1.84914334448491,2.82287157657472,0.506487887223601,0.477177433844943,-5.18371733217906,-1.18598082096404,2.3736612038472,-1.84914334448491,1.0377546564104,-0.680254870241549,-0.739866878550153,-462.545710209612,25,2,"normal",46
"4367",12.58071,0.897885771915611,1,0.780142221753505,80,0.00278792977302229,-1.18598082096404,10.7366294016102,-1.84914334448491,2.82287157657472,0.506487887223601,0.477177433844943,-5.18371733217906,-1.18598082096404,2.3736612038472,-1.84914334448491,1.0377546564104,-0.680254870241549,-0.739866878550153,-462.545710209612,25,2,"normal",47
"4368",16.3198,0.945998413284611,1,0.612983774342342,80,0.00278792977302229,-1.18598082096404,10.7366294016102,-1.84914334448491,2.82287157657472,0.506487887223601,0.477177433844943,-5.18371733217906,-1.18598082096404,2.3736612038472,-1.84914334448491,1.0377546564104,-0.680254870241549,-0.739866878550153,-462.545710209612,25,2,"normal",48
"4369",-31.48642,0.00515973184871989,0,0.546369379301966,80,0.00278792977302229,-1.18598082096404,10.7366294016102,-1.84914334448491,2.82287157657472,0.506487887223601,0.477177433844943,-5.18371733217906,-1.18598082096404,2.3736612038472,-1.84914334448491,1.0377546564104,-0.680254870241549,-0.739866878550153,-462.545710209612,25,2,"normal",49
"4370",-12.74672,0.142797334832181,0,0.62753046139063,80,0.00278792977302229,-1.18598082096404,10.7366294016102,-1.84914334448491,2.82287157657472,0.506487887223601,0.477177433844943,-5.18371733217906,-1.18598082096404,2.3736612038472,-1.84914334448491,1.0377546564104,-0.680254870241549,-0.739866878550153,-462.545710209612,25,2,"normal",50
"4371",9.570555,0.839887170325629,1,0.653903508867145,80,0.00278792977302229,-1.18598082096404,10.7366294016102,-1.84914334448491,2.82287157657472,0.506487887223601,0.477177433844943,-5.18371733217906,-1.18598082096404,2.3736612038472,-1.84914334448491,1.0377546564104,-0.680254870241549,-0.739866878550153,-462.545710209612,25,2,"normal",51
"4372",-7.65028,0.274823366873508,1,0.874141735170269,80,0.00278792977302229,-1.18598082096404,10.7366294016102,-1.84914334448491,2.82287157657472,0.506487887223601,0.477177433844943,-5.18371733217906,-1.18598082096404,2.3736612038472,-1.84914334448491,1.0377546564104,-0.680254870241549,-0.739866878550153,-462.545710209612,25,2,"normal",52
"4373",-21.89095,0.0295380125499203,0,0.603883973120851,80,0.00278792977302229,-1.18598082096404,10.7366294016102,-1.84914334448491,2.82287157657472,0.506487887223601,0.477177433844943,-5.18371733217906,-1.18598082096404,2.3736612038472,-1.84914334448491,1.0377546564104,-0.680254870241549,-0.739866878550153,-462.545710209612,25,2,"normal",53
"4374",-10.22529,0.201591505853038,0,0.862717774059228,80,0.00278792977302229,-1.18598082096404,10.7366294016102,-1.84914334448491,2.82287157657472,0.506487887223601,0.477177433844943,-5.18371733217906,-1.18598082096404,2.3736612038472,-1.84914334448491,1.0377546564104,-0.680254870241549,-0.739866878550153,-462.545710209612,25,2,"normal",54
"4375",-7.39161,0.282854107560998,0,0.742862856640367,80,0.00278792977302229,-1.18598082096404,10.7366294016102,-1.84914334448491,2.82287157657472,0.506487887223601,0.477177433844943,-5.18371733217906,-1.18598082096404,2.3736612038472,-1.84914334448491,1.0377546564104,-0.680254870241549,-0.739866878550153,-462.545710209612,25,2,"normal",55
"4376",-11.16527,0.178129618559404,1,0.745308882746367,80,0.00278792977302229,-1.18598082096404,10.7366294016102,-1.84914334448491,2.82287157657472,0.506487887223601,0.477177433844943,-5.18371733217906,-1.18598082096404,2.3736612038472,-1.84914334448491,1.0377546564104,-0.680254870241549,-0.739866878550153,-462.545710209612,25,2,"normal",56
"4377",-12.60263,0.145800744173558,0,0.683025484248722,80,0.00278792977302229,-1.18598082096404,10.7366294016102,-1.84914334448491,2.82287157657472,0.506487887223601,0.477177433844943,-5.18371733217906,-1.18598082096404,2.3736612038472,-1.84914334448491,1.0377546564104,-0.680254870241549,-0.739866878550153,-462.545710209612,25,2,"normal",57
"4378",-5.513648,0.34431943619472,0,0.752949837961118,80,0.00278792977302229,-1.18598082096404,10.7366294016102,-1.84914334448491,2.82287157657472,0.506487887223601,0.477177433844943,-5.18371733217906,-1.18598082096404,2.3736612038472,-1.84914334448491,1.0377546564104,-0.680254870241549,-0.739866878550153,-462.545710209612,25,2,"normal",58
"4379",-8.75226,0.241940333776572,1,0.858061262116126,80,0.00278792977302229,-1.18598082096404,10.7366294016102,-1.84914334448491,2.82287157657472,0.506487887223601,0.477177433844943,-5.18371733217906,-1.18598082096404,2.3736612038472,-1.84914334448491,1.0377546564104,-0.680254870241549,-0.739866878550153,-462.545710209612,25,2,"normal",59
"4380",6.54248,0.76270962052559,1,0.755164392154394,80,0.00278792977302229,-1.18598082096404,10.7366294016102,-1.84914334448491,2.82287157657472,0.506487887223601,0.477177433844943,-5.18371733217906,-1.18598082096404,2.3736612038472,-1.84914334448491,1.0377546564104,-0.680254870241549,-0.739866878550153,-462.545710209612,25,2,"normal",60
"4381",-14.79487,0.104701252831681,1,0.711936053665396,80,0.00278792977302229,-1.18598082096404,10.7366294016102,-1.84914334448491,2.82287157657472,0.506487887223601,0.477177433844943,-5.18371733217906,-1.18598082096404,2.3736612038472,-1.84914334448491,1.0377546564104,-0.680254870241549,-0.739866878550153,-462.545710209612,25,2,"normal",61
"4382",-16.33271,0.0815053209083207,0,0.954668730428256,80,0.00278792977302229,-1.18598082096404,10.7366294016102,-1.84914334448491,2.82287157657472,0.506487887223601,0.477177433844943,-5.18371733217906,-1.18598082096404,2.3736612038472,-1.84914334448491,1.0377546564104,-0.680254870241549,-0.739866878550153,-462.545710209612,25,2,"normal",62
"4383",9.40357,0.836122661169943,1,0.715956961234916,80,0.00278792977302229,-1.18598082096404,10.7366294016102,-1.84914334448491,2.82287157657472,0.506487887223601,0.477177433844943,-5.18371733217906,-1.18598082096404,2.3736612038472,-1.84914334448491,1.0377546564104,-0.680254870241549,-0.739866878550153,-462.545710209612,25,2,"normal",63
"4384",-13.32198,0.131235037452699,0,1.02365267974181,80,0.00278792977302229,-1.18598082096404,10.7366294016102,-1.84914334448491,2.82287157657472,0.506487887223601,0.477177433844943,-5.18371733217906,-1.18598082096404,2.3736612038472,-1.84914334448491,1.0377546564104,-0.680254870241549,-0.739866878550153,-462.545710209612,25,2,"normal",64
"4385",12.81049,0.901566555061017,1,0.678620866384991,80,0.00278792977302229,-1.18598082096404,10.7366294016102,-1.84914334448491,2.82287157657472,0.506487887223601,0.477177433844943,-5.18371733217906,-1.18598082096404,2.3736612038472,-1.84914334448491,1.0377546564104,-0.680254870241549,-0.739866878550153,-462.545710209612,25,2,"normal",65
"4386",10.71451,0.864114031942495,1,1.26303184041173,80,0.00278792977302229,-1.18598082096404,10.7366294016102,-1.84914334448491,2.82287157657472,0.506487887223601,0.477177433844943,-5.18371733217906,-1.18598082096404,2.3736612038472,-1.84914334448491,1.0377546564104,-0.680254870241549,-0.739866878550153,-462.545710209612,25,2,"normal",66
"4387",-18.14512,0.0595734781101395,0,0.578951378847828,80,0.00278792977302229,-1.18598082096404,10.7366294016102,-1.84914334448491,2.82287157657472,0.506487887223601,0.477177433844943,-5.18371733217906,-1.18598082096404,2.3736612038472,-1.84914334448491,1.0377546564104,-0.680254870241549,-0.739866878550153,-462.545710209612,25,2,"normal",67
"4388",-11.58851,0.168162635555623,1,0.622562752086809,80,0.00278792977302229,-1.18598082096404,10.7366294016102,-1.84914334448491,2.82287157657472,0.506487887223601,0.477177433844943,-5.18371733217906,-1.18598082096404,2.3736612038472,-1.84914334448491,1.0377546564104,-0.680254870241549,-0.739866878550153,-462.545710209612,25,2,"normal",68
"4389",-2.12659,0.465288952640019,1,0.629084807028636,80,0.00278792977302229,-1.18598082096404,10.7366294016102,-1.84914334448491,2.82287157657472,0.506487887223601,0.477177433844943,-5.18371733217906,-1.18598082096404,2.3736612038472,-1.84914334448491,1.0377546564104,-0.680254870241549,-0.739866878550153,-462.545710209612,25,2,"normal",69
"4390",1.52784,0.599217926114067,1,0.841280818542028,80,0.00278792977302229,-1.18598082096404,10.7366294016102,-1.84914334448491,2.82287157657472,0.506487887223601,0.477177433844943,-5.18371733217906,-1.18598082096404,2.3736612038472,-1.84914334448491,1.0377546564104,-0.680254870241549,-0.739866878550153,-462.545710209612,25,2,"normal",70
"4391",-5.61699,0.340805758361542,0,0.65765604459893,80,0.00278792977302229,-1.18598082096404,10.7366294016102,-1.84914334448491,2.82287157657472,0.506487887223601,0.477177433844943,-5.18371733217906,-1.18598082096404,2.3736612038472,-1.84914334448491,1.0377546564104,-0.680254870241549,-0.739866878550153,-462.545710209612,25,2,"normal",71
"4392",-14.67769,0.106653774819232,0,0.737145883093069,80,0.00278792977302229,-1.18598082096404,10.7366294016102,-1.84914334448491,2.82287157657472,0.506487887223601,0.477177433844943,-5.18371733217906,-1.18598082096404,2.3736612038472,-1.84914334448491,1.0377546564104,-0.680254870241549,-0.739866878550153,-462.545710209612,25,2,"normal",72
"4393",-13.62783,0.125364870134048,0,0.928212683284899,80,0.00278792977302229,-1.18598082096404,10.7366294016102,-1.84914334448491,2.82287157657472,0.506487887223601,0.477177433844943,-5.18371733217906,-1.18598082096404,2.3736612038472,-1.84914334448491,1.0377546564104,-0.680254870241549,-0.739866878550153,-462.545710209612,25,2,"normal",73
"4394",-15.6515,0.0912329482895859,0,0.608076637312917,80,0.00278792977302229,-1.18598082096404,10.7366294016102,-1.84914334448491,2.82287157657472,0.506487887223601,0.477177433844943,-5.18371733217906,-1.18598082096404,2.3736612038472,-1.84914334448491,1.0377546564104,-0.680254870241549,-0.739866878550153,-462.545710209612,25,2,"normal",74
"4395",-10.832623,0.186224344872244,0,0.59526527630574,80,0.00278792977302229,-1.18598082096404,10.7366294016102,-1.84914334448491,2.82287157657472,0.506487887223601,0.477177433844943,-5.18371733217906,-1.18598082096404,2.3736612038472,-1.84914334448491,1.0377546564104,-0.680254870241549,-0.739866878550153,-462.545710209612,25,2,"normal",75
"4396",10.991538,0.869573085046056,1,0.611780166672574,80,0.00278792977302229,-1.18598082096404,10.7366294016102,-1.84914334448491,2.82287157657472,0.506487887223601,0.477177433844943,-5.18371733217906,-1.18598082096404,2.3736612038472,-1.84914334448491,1.0377546564104,-0.680254870241549,-0.739866878550153,-462.545710209612,25,2,"normal",76
"4397",-12.76376,0.142445004141032,0,1.05806640681372,80,0.00278792977302229,-1.18598082096404,10.7366294016102,-1.84914334448491,2.82287157657472,0.506487887223601,0.477177433844943,-5.18371733217906,-1.18598082096404,2.3736612038472,-1.84914334448491,1.0377546564104,-0.680254870241549,-0.739866878550153,-462.545710209612,25,2,"normal",77
"4398",-8.24823,0.256706650616751,0,0.705151600762064,80,0.00278792977302229,-1.18598082096404,10.7366294016102,-1.84914334448491,2.82287157657472,0.506487887223601,0.477177433844943,-5.18371733217906,-1.18598082096404,2.3736612038472,-1.84914334448491,1.0377546564104,-0.680254870241549,-0.739866878550153,-462.545710209612,25,2,"normal",78
"4399",0.87355,0.575635415923567,1,1.08368144458253,80,0.00278792977302229,-1.18598082096404,10.7366294016102,-1.84914334448491,2.82287157657472,0.506487887223601,0.477177433844943,-5.18371733217906,-1.18598082096404,2.3736612038472,-1.84914334448491,1.0377546564104,-0.680254870241549,-0.739866878550153,-462.545710209612,25,2,"normal",79
"4400",0.60404,0.565836030415864,0,0.539189980702973,80,0.00278792977302229,-1.18598082096404,10.7366294016102,-1.84914334448491,2.82287157657472,0.506487887223601,0.477177433844943,-5.18371733217906,-1.18598082096404,2.3736612038472,-1.84914334448491,1.0377546564104,-0.680254870241549,-0.739866878550153,-462.545710209612,25,2,"normal",80
"4401",8.6933391465,0.474281117535811,0,0.616999715019536,80,0.00881926235984653,9.39923135581098,10.7486914896112,-2.26043495638183,2.57888513023249,0.399356459313548,0.344977176805231,-4.01987392731121,9.39923135581098,2.37478402526833,-2.26043495638183,0.947357185477819,-0.917900879182004,-1.0642770183268,2433.0268735515,26,2,"normal",1
"4402",11.635253145,0.580942845948637,1,0.550118111088492,80,0.00881926235984653,9.39923135581098,10.7486914896112,-2.26043495638183,2.57888513023249,0.399356459313548,0.344977176805231,-4.01987392731121,9.39923135581098,2.37478402526833,-2.26043495638183,0.947357185477819,-0.917900879182004,-1.0642770183268,2433.0268735515,26,2,"normal",2
"4403",2.3468676788,0.260181483354449,0,0.60767461022897,80,0.00881926235984653,9.39923135581098,10.7486914896112,-2.26043495638183,2.57888513023249,0.399356459313548,0.344977176805231,-4.01987392731121,9.39923135581098,2.37478402526833,-2.26043495638183,0.947357185477819,-0.917900879182004,-1.0642770183268,2433.0268735515,26,2,"normal",3
"4404",12.3643435373,0.606754616879306,1,0.596873731971844,80,0.00881926235984653,9.39923135581098,10.7486914896112,-2.26043495638183,2.57888513023249,0.399356459313548,0.344977176805231,-4.01987392731121,9.39923135581098,2.37478402526833,-2.26043495638183,0.947357185477819,-0.917900879182004,-1.0642770183268,2433.0268735515,26,2,"normal",4
"4405",17.2036,0.761410277358016,1,0.456413763433225,80,0.00881926235984653,9.39923135581098,10.7486914896112,-2.26043495638183,2.57888513023249,0.399356459313548,0.344977176805231,-4.01987392731121,9.39923135581098,2.37478402526833,-2.26043495638183,0.947357185477819,-0.917900879182004,-1.0642770183268,2433.0268735515,26,2,"normal",5
"4406",-0.990256,0.172752424677855,0,0.486409794782419,80,0.00881926235984653,9.39923135581098,10.7486914896112,-2.26043495638183,2.57888513023249,0.399356459313548,0.344977176805231,-4.01987392731121,9.39923135581098,2.37478402526833,-2.26043495638183,0.947357185477819,-0.917900879182004,-1.0642770183268,2433.0268735515,26,2,"normal",6
"4407",7.38555,0.427006856089119,1,0.614205042716395,80,0.00881926235984653,9.39923135581098,10.7486914896112,-2.26043495638183,2.57888513023249,0.399356459313548,0.344977176805231,-4.01987392731121,9.39923135581098,2.37478402526833,-2.26043495638183,0.947357185477819,-0.917900879182004,-1.0642770183268,2433.0268735515,26,2,"normal",7
"4408",0.52406,0.20970015864895,0,0.582515039445403,80,0.00881926235984653,9.39923135581098,10.7486914896112,-2.26043495638183,2.57888513023249,0.399356459313548,0.344977176805231,-4.01987392731121,9.39923135581098,2.37478402526833,-2.26043495638183,0.947357185477819,-0.917900879182004,-1.0642770183268,2433.0268735515,26,2,"normal",8
"4409",11.49587,0.575963037398353,0,0.500279132488361,80,0.00881926235984653,9.39923135581098,10.7486914896112,-2.26043495638183,2.57888513023249,0.399356459313548,0.344977176805231,-4.01987392731121,9.39923135581098,2.37478402526833,-2.26043495638183,0.947357185477819,-0.917900879182004,-1.0642770183268,2433.0268735515,26,2,"normal",9
"4410",12.79309,0.621716971005641,1,0.452440569291556,80,0.00881926235984653,9.39923135581098,10.7486914896112,-2.26043495638183,2.57888513023249,0.399356459313548,0.344977176805231,-4.01987392731121,9.39923135581098,2.37478402526833,-2.26043495638183,0.947357185477819,-0.917900879182004,-1.0642770183268,2433.0268735515,26,2,"normal",10
"4411",-1.61426,0.158892260640891,0,0.539384631587044,80,0.00881926235984653,9.39923135581098,10.7486914896112,-2.26043495638183,2.57888513023249,0.399356459313548,0.344977176805231,-4.01987392731121,9.39923135581098,2.37478402526833,-2.26043495638183,0.947357185477819,-0.917900879182004,-1.0642770183268,2433.0268735515,26,2,"normal",11
"4412",2.56401,0.266607522228138,0,0.459411467758639,80,0.00881926235984653,9.39923135581098,10.7486914896112,-2.26043495638183,2.57888513023249,0.399356459313548,0.344977176805231,-4.01987392731121,9.39923135581098,2.37478402526833,-2.26043495638183,0.947357185477819,-0.917900879182004,-1.0642770183268,2433.0268735515,26,2,"normal",12
"4413",16.29422,0.735169564576903,1,0.559188888394933,80,0.00881926235984653,9.39923135581098,10.7486914896112,-2.26043495638183,2.57888513023249,0.399356459313548,0.344977176805231,-4.01987392731121,9.39923135581098,2.37478402526833,-2.26043495638183,0.947357185477819,-0.917900879182004,-1.0642770183268,2433.0268735515,26,2,"normal",13
"4414",0.87925,0.219034836515417,0,0.496995809086465,80,0.00881926235984653,9.39923135581098,10.7486914896112,-2.26043495638183,2.57888513023249,0.399356459313548,0.344977176805231,-4.01987392731121,9.39923135581098,2.37478402526833,-2.26043495638183,0.947357185477819,-0.917900879182004,-1.0642770183268,2433.0268735515,26,2,"normal",14
"4415",8.04185,0.450640065075075,1,0.477747504893931,80,0.00881926235984653,9.39923135581098,10.7486914896112,-2.26043495638183,2.57888513023249,0.399356459313548,0.344977176805231,-4.01987392731121,9.39923135581098,2.37478402526833,-2.26043495638183,0.947357185477819,-0.917900879182004,-1.0642770183268,2433.0268735515,26,2,"normal",15
"4416",9.94076,0.519736199739258,1,0.695156144275657,80,0.00881926235984653,9.39923135581098,10.7486914896112,-2.26043495638183,2.57888513023249,0.399356459313548,0.344977176805231,-4.01987392731121,9.39923135581098,2.37478402526833,-2.26043495638183,0.947357185477819,-0.917900879182004,-1.0642770183268,2433.0268735515,26,2,"normal",16
"4417",8.39433,0.463413831206325,0,0.56526027617987,80,0.00881926235984653,9.39923135581098,10.7486914896112,-2.26043495638183,2.57888513023249,0.399356459313548,0.344977176805231,-4.01987392731121,9.39923135581098,2.37478402526833,-2.26043495638183,0.947357185477819,-0.917900879182004,-1.0642770183268,2433.0268735515,26,2,"normal",17
"4418",11.8043,0.586964386622673,1,0.770707851506041,80,0.00881926235984653,9.39923135581098,10.7486914896112,-2.26043495638183,2.57888513023249,0.399356459313548,0.344977176805231,-4.01987392731121,9.39923135581098,2.37478402526833,-2.26043495638183,0.947357185477819,-0.917900879182004,-1.0642770183268,2433.0268735515,26,2,"normal",18
"4419",12.42495,0.608880210937023,0,0.617653490469427,80,0.00881926235984653,9.39923135581098,10.7486914896112,-2.26043495638183,2.57888513023249,0.399356459313548,0.344977176805231,-4.01987392731121,9.39923135581098,2.37478402526833,-2.26043495638183,0.947357185477819,-0.917900879182004,-1.0642770183268,2433.0268735515,26,2,"normal",19
"4420",21.9488,0.871828331997611,1,0.613578065597044,80,0.00881926235984653,9.39923135581098,10.7486914896112,-2.26043495638183,2.57888513023249,0.399356459313548,0.344977176805231,-4.01987392731121,9.39923135581098,2.37478402526833,-2.26043495638183,0.947357185477819,-0.917900879182004,-1.0642770183268,2433.0268735515,26,2,"normal",20
"4421",13.1207,0.633024797920769,0,0.496708160605129,80,0.00881926235984653,9.39923135581098,10.7486914896112,-2.26043495638183,2.57888513023249,0.399356459313548,0.344977176805231,-4.01987392731121,9.39923135581098,2.37478402526833,-2.26043495638183,0.947357185477819,-0.917900879182004,-1.0642770183268,2433.0268735515,26,2,"normal",21
"4422",15.16394,0.700529785978086,1,0.512540052980071,80,0.00881926235984653,9.39923135581098,10.7486914896112,-2.26043495638183,2.57888513023249,0.399356459313548,0.344977176805231,-4.01987392731121,9.39923135581098,2.37478402526833,-2.26043495638183,0.947357185477819,-0.917900879182004,-1.0642770183268,2433.0268735515,26,2,"normal",22
"4423",18.49804,0.796048515576376,1,0.65335567376354,80,0.00881926235984653,9.39923135581098,10.7486914896112,-2.26043495638183,2.57888513023249,0.399356459313548,0.344977176805231,-4.01987392731121,9.39923135581098,2.37478402526833,-2.26043495638183,0.947357185477819,-0.917900879182004,-1.0642770183268,2433.0268735515,26,2,"normal",23
"4424",7.45191,0.429385663947108,0,0.569725523967054,80,0.00881926235984653,9.39923135581098,10.7486914896112,-2.26043495638183,2.57888513023249,0.399356459313548,0.344977176805231,-4.01987392731121,9.39923135581098,2.37478402526833,-2.26043495638183,0.947357185477819,-0.917900879182004,-1.0642770183268,2433.0268735515,26,2,"normal",24
"4425",2.01402,0.250496046908201,0,0.632389143705381,80,0.00881926235984653,9.39923135581098,10.7486914896112,-2.26043495638183,2.57888513023249,0.399356459313548,0.344977176805231,-4.01987392731121,9.39923135581098,2.37478402526833,-2.26043495638183,0.947357185477819,-0.917900879182004,-1.0642770183268,2433.0268735515,26,2,"normal",25
"4426",16.58363,0.743684644776475,1,0.541891501217369,80,0.00881926235984653,9.39923135581098,10.7486914896112,-2.26043495638183,2.57888513023249,0.399356459313548,0.344977176805231,-4.01987392731121,9.39923135581098,2.37478402526833,-2.26043495638183,0.947357185477819,-0.917900879182004,-1.0642770183268,2433.0268735515,26,2,"normal",26
"4427",18.72154,0.801693395550808,1,0.421556372780372,80,0.00881926235984653,9.39923135581098,10.7486914896112,-2.26043495638183,2.57888513023249,0.399356459313548,0.344977176805231,-4.01987392731121,9.39923135581098,2.37478402526833,-2.26043495638183,0.947357185477819,-0.917900879182004,-1.0642770183268,2433.0268735515,26,2,"normal",27
"4428",4.72352,0.334747331358418,0,0.552875948286052,80,0.00881926235984653,9.39923135581098,10.7486914896112,-2.26043495638183,2.57888513023249,0.399356459313548,0.344977176805231,-4.01987392731121,9.39923135581098,2.37478402526833,-2.26043495638183,0.947357185477819,-0.917900879182004,-1.0642770183268,2433.0268735515,26,2,"normal",28
"4429",17.34812,0.765438796515801,0,0.484564073948775,80,0.00881926235984653,9.39923135581098,10.7486914896112,-2.26043495638183,2.57888513023249,0.399356459313548,0.344977176805231,-4.01987392731121,9.39923135581098,2.37478402526833,-2.26043495638183,0.947357185477819,-0.917900879182004,-1.0642770183268,2433.0268735515,26,2,"normal",29
"4430",11.12732,0.562737052926744,0,0.648367388259556,80,0.00881926235984653,9.39923135581098,10.7486914896112,-2.26043495638183,2.57888513023249,0.399356459313548,0.344977176805231,-4.01987392731121,9.39923135581098,2.37478402526833,-2.26043495638183,0.947357185477819,-0.917900879182004,-1.0642770183268,2433.0268735515,26,2,"normal",30
"4431",3.81621,0.305233102718902,0,0.600998836915151,80,0.00881926235984653,9.39923135581098,10.7486914896112,-2.26043495638183,2.57888513023249,0.399356459313548,0.344977176805231,-4.01987392731121,9.39923135581098,2.37478402526833,-2.26043495638183,0.947357185477819,-0.917900879182004,-1.0642770183268,2433.0268735515,26,2,"normal",31
"4432",3.73263,0.302575667485586,0,0.515328875085618,80,0.00881926235984653,9.39923135581098,10.7486914896112,-2.26043495638183,2.57888513023249,0.399356459313548,0.344977176805231,-4.01987392731121,9.39923135581098,2.37478402526833,-2.26043495638183,0.947357185477819,-0.917900879182004,-1.0642770183268,2433.0268735515,26,2,"normal",32
"4433",11.86821,0.589235461599392,0,0.59781621173695,80,0.00881926235984653,9.39923135581098,10.7486914896112,-2.26043495638183,2.57888513023249,0.399356459313548,0.344977176805231,-4.01987392731121,9.39923135581098,2.37478402526833,-2.26043495638183,0.947357185477819,-0.917900879182004,-1.0642770183268,2433.0268735515,26,2,"normal",33
"4434",6.65561,0.401041194209228,1,0.900884899771073,80,0.00881926235984653,9.39923135581098,10.7486914896112,-2.26043495638183,2.57888513023249,0.399356459313548,0.344977176805231,-4.01987392731121,9.39923135581098,2.37478402526833,-2.26043495638183,0.947357185477819,-0.917900879182004,-1.0642770183268,2433.0268735515,26,2,"normal",34
"4435",-11.1888,0.0360511364670935,0,0.436518415356333,80,0.00881926235984653,9.39923135581098,10.7486914896112,-2.26043495638183,2.57888513023249,0.399356459313548,0.344977176805231,-4.01987392731121,9.39923135581098,2.37478402526833,-2.26043495638183,0.947357185477819,-0.917900879182004,-1.0642770183268,2433.0268735515,26,2,"normal",35
"4436",8.34339,0.461565035493959,1,0.515433874420108,80,0.00881926235984653,9.39923135581098,10.7486914896112,-2.26043495638183,2.57888513023249,0.399356459313548,0.344977176805231,-4.01987392731121,9.39923135581098,2.37478402526833,-2.26043495638183,0.947357185477819,-0.917900879182004,-1.0642770183268,2433.0268735515,26,2,"normal",36
"4437",20.15046,0.835380029794129,1,0.488165211299189,80,0.00881926235984653,9.39923135581098,10.7486914896112,-2.26043495638183,2.57888513023249,0.399356459313548,0.344977176805231,-4.01987392731121,9.39923135581098,2.37478402526833,-2.26043495638183,0.947357185477819,-0.917900879182004,-1.0642770183268,2433.0268735515,26,2,"normal",37
"4438",15.41111,0.708285980718929,1,0.485779217641435,80,0.00881926235984653,9.39923135581098,10.7486914896112,-2.26043495638183,2.57888513023249,0.399356459313548,0.344977176805231,-4.01987392731121,9.39923135581098,2.37478402526833,-2.26043495638183,0.947357185477819,-0.917900879182004,-1.0642770183268,2433.0268735515,26,2,"normal",38
"4439",7.21997,0.421083487481002,1,0.586042611008011,80,0.00881926235984653,9.39923135581098,10.7486914896112,-2.26043495638183,2.57888513023249,0.399356459313548,0.344977176805231,-4.01987392731121,9.39923135581098,2.37478402526833,-2.26043495638183,0.947357185477819,-0.917900879182004,-1.0642770183268,2433.0268735515,26,2,"normal",39
"4440",1.04814,0.223560536826079,1,0.57632948592074,80,0.00881926235984653,9.39923135581098,10.7486914896112,-2.26043495638183,2.57888513023249,0.399356459313548,0.344977176805231,-4.01987392731121,9.39923135581098,2.37478402526833,-2.26043495638183,0.947357185477819,-0.917900879182004,-1.0642770183268,2433.0268735515,26,2,"normal",40
"4441",3.97134,0.310193894064685,1,0.505235966458917,80,0.00881926235984653,9.39923135581098,10.7486914896112,-2.26043495638183,2.57888513023249,0.399356459313548,0.344977176805231,-4.01987392731121,9.39923135581098,2.37478402526833,-2.26043495638183,0.947357185477819,-0.917900879182004,-1.0642770183268,2433.0268735515,26,2,"normal",41
"4442",23.548016,0.898807044591432,1,0.481350085851904,80,0.00881926235984653,9.39923135581098,10.7486914896112,-2.26043495638183,2.57888513023249,0.399356459313548,0.344977176805231,-4.01987392731121,9.39923135581098,2.37478402526833,-2.26043495638183,0.947357185477819,-0.917900879182004,-1.0642770183268,2433.0268735515,26,2,"normal",42
"4443",0.9521,0.220980133005333,0,0.487682079656378,80,0.00881926235984653,9.39923135581098,10.7486914896112,-2.26043495638183,2.57888513023249,0.399356459313548,0.344977176805231,-4.01987392731121,9.39923135581098,2.37478402526833,-2.26043495638183,0.947357185477819,-0.917900879182004,-1.0642770183268,2433.0268735515,26,2,"normal",43
"4444",16.23806,0.733499913673327,1,0.521739698029421,80,0.00881926235984653,9.39923135581098,10.7486914896112,-2.26043495638183,2.57888513023249,0.399356459313548,0.344977176805231,-4.01987392731121,9.39923135581098,2.37478402526833,-2.26043495638183,0.947357185477819,-0.917900879182004,-1.0642770183268,2433.0268735515,26,2,"normal",44
"4445",1.82943,0.245212295928668,0,0.680337501942872,80,0.00881926235984653,9.39923135581098,10.7486914896112,-2.26043495638183,2.57888513023249,0.399356459313548,0.344977176805231,-4.01987392731121,9.39923135581098,2.37478402526833,-2.26043495638183,0.947357185477819,-0.917900879182004,-1.0642770183268,2433.0268735515,26,2,"normal",45
"4446",15.0751,0.69771831954106,0,0.680849312943254,80,0.00881926235984653,9.39923135581098,10.7486914896112,-2.26043495638183,2.57888513023249,0.399356459313548,0.344977176805231,-4.01987392731121,9.39923135581098,2.37478402526833,-2.26043495638183,0.947357185477819,-0.917900879182004,-1.0642770183268,2433.0268735515,26,2,"normal",46
"4447",4.23033,0.318556420937207,0,0.457637797820386,80,0.00881926235984653,9.39923135581098,10.7486914896112,-2.26043495638183,2.57888513023249,0.399356459313548,0.344977176805231,-4.01987392731121,9.39923135581098,2.37478402526833,-2.26043495638183,0.947357185477819,-0.917900879182004,-1.0642770183268,2433.0268735515,26,2,"normal",47
"4448",16.17,0.731469023866019,0,0.510042977693761,80,0.00881926235984653,9.39923135581098,10.7486914896112,-2.26043495638183,2.57888513023249,0.399356459313548,0.344977176805231,-4.01987392731121,9.39923135581098,2.37478402526833,-2.26043495638183,0.947357185477819,-0.917900879182004,-1.0642770183268,2433.0268735515,26,2,"normal",48
"4449",-7.27807,0.0681372780654656,0,0.49069718531819,80,0.00881926235984653,9.39923135581098,10.7486914896112,-2.26043495638183,2.57888513023249,0.399356459313548,0.344977176805231,-4.01987392731121,9.39923135581098,2.37478402526833,-2.26043495638183,0.947357185477819,-0.917900879182004,-1.0642770183268,2433.0268735515,26,2,"normal",49
"4450",10.44926,0.538224043026181,1,0.576573031229044,80,0.00881926235984653,9.39923135581098,10.7486914896112,-2.26043495638183,2.57888513023249,0.399356459313548,0.344977176805231,-4.01987392731121,9.39923135581098,2.37478402526833,-2.26043495638183,0.947357185477819,-0.917900879182004,-1.0642770183268,2433.0268735515,26,2,"normal",50
"4451",21.0832,0.855108440523551,1,0.596916316721441,80,0.00881926235984653,9.39923135581098,10.7486914896112,-2.26043495638183,2.57888513023249,0.399356459313548,0.344977176805231,-4.01987392731121,9.39923135581098,2.37478402526833,-2.26043495638183,0.947357185477819,-0.917900879182004,-1.0642770183268,2433.0268735515,26,2,"normal",51
"4452",-3.88201,0.115209900584148,0,0.511532141386643,80,0.00881926235984653,9.39923135581098,10.7486914896112,-2.26043495638183,2.57888513023249,0.399356459313548,0.344977176805231,-4.01987392731121,9.39923135581098,2.37478402526833,-2.26043495638183,0.947357185477819,-0.917900879182004,-1.0642770183268,2433.0268735515,26,2,"normal",52
"4453",2.34986,0.260269465589258,1,0.501332573539365,80,0.00881926235984653,9.39923135581098,10.7486914896112,-2.26043495638183,2.57888513023249,0.399356459313548,0.344977176805231,-4.01987392731121,9.39923135581098,2.37478402526833,-2.26043495638183,0.947357185477819,-0.917900879182004,-1.0642770183268,2433.0268735515,26,2,"normal",53
"4454",6.66109,0.401234607674355,0,0.504742402717669,80,0.00881926235984653,9.39923135581098,10.7486914896112,-2.26043495638183,2.57888513023249,0.399356459313548,0.344977176805231,-4.01987392731121,9.39923135581098,2.37478402526833,-2.26043495638183,0.947357185477819,-0.917900879182004,-1.0642770183268,2433.0268735515,26,2,"normal",54
"4455",12.48006,0.610810107938639,0,0.53526827212343,80,0.00881926235984653,9.39923135581098,10.7486914896112,-2.26043495638183,2.57888513023249,0.399356459313548,0.344977176805231,-4.01987392731121,9.39923135581098,2.37478402526833,-2.26043495638183,0.947357185477819,-0.917900879182004,-1.0642770183268,2433.0268735515,26,2,"normal",55
"4456",23.55065,0.898847420032755,1,0.527040129104974,80,0.00881926235984653,9.39923135581098,10.7486914896112,-2.26043495638183,2.57888513023249,0.399356459313548,0.344977176805231,-4.01987392731121,9.39923135581098,2.37478402526833,-2.26043495638183,0.947357185477819,-0.917900879182004,-1.0642770183268,2433.0268735515,26,2,"normal",56
"4457",-4.53288,0.104559016494267,1,0.419561803293597,80,0.00881926235984653,9.39923135581098,10.7486914896112,-2.26043495638183,2.57888513023249,0.399356459313548,0.344977176805231,-4.01987392731121,9.39923135581098,2.37478402526833,-2.26043495638183,0.947357185477819,-0.917900879182004,-1.0642770183268,2433.0268735515,26,2,"normal",57
"4458",15.15146,0.70013558645161,0,0.459041912270663,80,0.00881926235984653,9.39923135581098,10.7486914896112,-2.26043495638183,2.57888513023249,0.399356459313548,0.344977176805231,-4.01987392731121,9.39923135581098,2.37478402526833,-2.26043495638183,0.947357185477819,-0.917900879182004,-1.0642770183268,2433.0268735515,26,2,"normal",58
"4459",0.0945100000000014,0.198747152822155,0,0.438938716146391,80,0.00881926235984653,9.39923135581098,10.7486914896112,-2.26043495638183,2.57888513023249,0.399356459313548,0.344977176805231,-4.01987392731121,9.39923135581098,2.37478402526833,-2.26043495638183,0.947357185477819,-0.917900879182004,-1.0642770183268,2433.0268735515,26,2,"normal",59
"4460",25.15274,0.921063926086933,1,0.429393527435647,80,0.00881926235984653,9.39923135581098,10.7486914896112,-2.26043495638183,2.57888513023249,0.399356459313548,0.344977176805231,-4.01987392731121,9.39923135581098,2.37478402526833,-2.26043495638183,0.947357185477819,-0.917900879182004,-1.0642770183268,2433.0268735515,26,2,"normal",60
"4461",17.80034,0.777785576437424,1,0.535666321289177,80,0.00881926235984653,9.39923135581098,10.7486914896112,-2.26043495638183,2.57888513023249,0.399356459313548,0.344977176805231,-4.01987392731121,9.39923135581098,2.37478402526833,-2.26043495638183,0.947357185477819,-0.917900879182004,-1.0642770183268,2433.0268735515,26,2,"normal",61
"4462",9.75994768,0.51314952531308,1,0.464714844276285,80,0.00881926235984653,9.39923135581098,10.7486914896112,-2.26043495638183,2.57888513023249,0.399356459313548,0.344977176805231,-4.01987392731121,9.39923135581098,2.37478402526833,-2.26043495638183,0.947357185477819,-0.917900879182004,-1.0642770183268,2433.0268735515,26,2,"normal",62
"4463",-5.3564,0.0922313375563523,0,0.441444851782199,80,0.00881926235984653,9.39923135581098,10.7486914896112,-2.26043495638183,2.57888513023249,0.399356459313548,0.344977176805231,-4.01987392731121,9.39923135581098,2.37478402526833,-2.26043495638183,0.947357185477819,-0.917900879182004,-1.0642770183268,2433.0268735515,26,2,"normal",63
"4464",18.94444,0.807222644666544,1,0.484123931708376,80,0.00881926235984653,9.39923135581098,10.7486914896112,-2.26043495638183,2.57888513023249,0.399356459313548,0.344977176805231,-4.01987392731121,9.39923135581098,2.37478402526833,-2.26043495638183,0.947357185477819,-0.917900879182004,-1.0642770183268,2433.0268735515,26,2,"normal",64
"4465",2.59219,0.267447596112668,0,0.422567071000815,80,0.00881926235984653,9.39923135581098,10.7486914896112,-2.26043495638183,2.57888513023249,0.399356459313548,0.344977176805231,-4.01987392731121,9.39923135581098,2.37478402526833,-2.26043495638183,0.947357185477819,-0.917900879182004,-1.0642770183268,2433.0268735515,26,2,"normal",65
"4466",29.6866,0.96215051196676,1,0.453792969208624,80,0.00881926235984653,9.39923135581098,10.7486914896112,-2.26043495638183,2.57888513023249,0.399356459313548,0.344977176805231,-4.01987392731121,9.39923135581098,2.37478402526833,-2.26043495638183,0.947357185477819,-0.917900879182004,-1.0642770183268,2433.0268735515,26,2,"normal",66
"4467",2.01821,0.250616713574805,1,0.483337212941092,80,0.00881926235984653,9.39923135581098,10.7486914896112,-2.26043495638183,2.57888513023249,0.399356459313548,0.344977176805231,-4.01987392731121,9.39923135581098,2.37478402526833,-2.26043495638183,0.947357185477819,-0.917900879182004,-1.0642770183268,2433.0268735515,26,2,"normal",67
"4468",14.04729,0.664334936700426,0,0.443485704024032,80,0.00881926235984653,9.39923135581098,10.7486914896112,-2.26043495638183,2.57888513023249,0.399356459313548,0.344977176805231,-4.01987392731121,9.39923135581098,2.37478402526833,-2.26043495638183,0.947357185477819,-0.917900879182004,-1.0642770183268,2433.0268735515,26,2,"normal",68
"4469",-0.207099999999999,0.191278752603847,0,0.449792783377965,80,0.00881926235984653,9.39923135581098,10.7486914896112,-2.26043495638183,2.57888513023249,0.399356459313548,0.344977176805231,-4.01987392731121,9.39923135581098,2.37478402526833,-2.26043495638183,0.947357185477819,-0.917900879182004,-1.0642770183268,2433.0268735515,26,2,"normal",69
"4470",-0.0370699999999999,0.195466332572736,0,0.465008958913867,80,0.00881926235984653,9.39923135581098,10.7486914896112,-2.26043495638183,2.57888513023249,0.399356459313548,0.344977176805231,-4.01987392731121,9.39923135581098,2.37478402526833,-2.26043495638183,0.947357185477819,-0.917900879182004,-1.0642770183268,2433.0268735515,26,2,"normal",70
"4471",-13.99,0.0233359682174523,0,0.47714954007511,80,0.00881926235984653,9.39923135581098,10.7486914896112,-2.26043495638183,2.57888513023249,0.399356459313548,0.344977176805231,-4.01987392731121,9.39923135581098,2.37478402526833,-2.26043495638183,0.947357185477819,-0.917900879182004,-1.0642770183268,2433.0268735515,26,2,"normal",71
"4472",5.96452,0.376866790385746,1,0.533631851222134,80,0.00881926235984653,9.39923135581098,10.7486914896112,-2.26043495638183,2.57888513023249,0.399356459313548,0.344977176805231,-4.01987392731121,9.39923135581098,2.37478402526833,-2.26043495638183,0.947357185477819,-0.917900879182004,-1.0642770183268,2433.0268735515,26,2,"normal",72
"4473",1.52531,0.236645974939994,0,0.552677780382692,80,0.00881926235984653,9.39923135581098,10.7486914896112,-2.26043495638183,2.57888513023249,0.399356459313548,0.344977176805231,-4.01987392731121,9.39923135581098,2.37478402526833,-2.26043495638183,0.947357185477819,-0.917900879182004,-1.0642770183268,2433.0268735515,26,2,"normal",73
"4474",18.50818,0.796306794732084,1,0.600733317642038,80,0.00881926235984653,9.39923135581098,10.7486914896112,-2.26043495638183,2.57888513023249,0.399356459313548,0.344977176805231,-4.01987392731121,9.39923135581098,2.37478402526833,-2.26043495638183,0.947357185477819,-0.917900879182004,-1.0642770183268,2433.0268735515,26,2,"normal",74
"4475",17.71212,0.775408030475178,1,0.573059216733035,80,0.00881926235984653,9.39923135581098,10.7486914896112,-2.26043495638183,2.57888513023249,0.399356459313548,0.344977176805231,-4.01987392731121,9.39923135581098,2.37478402526833,-2.26043495638183,0.947357185477819,-0.917900879182004,-1.0642770183268,2433.0268735515,26,2,"normal",75
"4476",2.56172,0.266539316479633,0,0.524954982874574,80,0.00881926235984653,9.39923135581098,10.7486914896112,-2.26043495638183,2.57888513023249,0.399356459313548,0.344977176805231,-4.01987392731121,9.39923135581098,2.37478402526833,-2.26043495638183,0.947357185477819,-0.917900879182004,-1.0642770183268,2433.0268735515,26,2,"normal",76
"4477",-0.3066,0.188855471209219,0,0.472494292738647,80,0.00881926235984653,9.39923135581098,10.7486914896112,-2.26043495638183,2.57888513023249,0.399356459313548,0.344977176805231,-4.01987392731121,9.39923135581098,2.37478402526833,-2.26043495638183,0.947357185477819,-0.917900879182004,-1.0642770183268,2433.0268735515,26,2,"normal",77
"4478",19.12411,0.811606118521158,1,0.539865932925938,80,0.00881926235984653,9.39923135581098,10.7486914896112,-2.26043495638183,2.57888513023249,0.399356459313548,0.344977176805231,-4.01987392731121,9.39923135581098,2.37478402526833,-2.26043495638183,0.947357185477819,-0.917900879182004,-1.0642770183268,2433.0268735515,26,2,"normal",78
"4479",-2.8734,0.133356099755922,0,0.429150119141128,80,0.00881926235984653,9.39923135581098,10.7486914896112,-2.26043495638183,2.57888513023249,0.399356459313548,0.344977176805231,-4.01987392731121,9.39923135581098,2.37478402526833,-2.26043495638183,0.947357185477819,-0.917900879182004,-1.0642770183268,2433.0268735515,26,2,"normal",79
"4480",19.42149,0.818716740022648,1,0.533748074299192,80,0.00881926235984653,9.39923135581098,10.7486914896112,-2.26043495638183,2.57888513023249,0.399356459313548,0.344977176805231,-4.01987392731121,9.39923135581098,2.37478402526833,-2.26043495638183,0.947357185477819,-0.917900879182004,-1.0642770183268,2433.0268735515,26,2,"normal",80
"4481",7.9309629601,0.424109007937026,0,0.422326385721221,80,0.1491866781055,15.0442290036299,25.9099615689608,-2.40839596269154,2.19527090295382,0.542475459819802,0.220785344154841,-0.855055840584911,15.0442290036299,3.2546275113217,-2.40839596269154,0.786305457113931,-0.611612429945875,-1.51056434289251,1260.52644224012,27,2,"normal",1
"4482",12.67239808,0.474412557189747,0,0.34990048495935,80,0.1491866781055,15.0442290036299,25.9099615689608,-2.40839596269154,2.19527090295382,0.542475459819802,0.220785344154841,-0.855055840584911,15.0442290036299,3.2546275113217,-2.40839596269154,0.786305457113931,-0.611612429945875,-1.51056434289251,1260.52644224012,27,2,"normal",2
"4483",17.338883112,0.524757066138152,1,0.500684587690836,80,0.1491866781055,15.0442290036299,25.9099615689608,-2.40839596269154,2.19527090295382,0.542475459819802,0.220785344154841,-0.855055840584911,15.0442290036299,3.2546275113217,-2.40839596269154,0.786305457113931,-0.611612429945875,-1.51056434289251,1260.52644224012,27,2,"normal",3
"4484",11.668439125,0.463633839298282,1,0.293997439544418,80,0.1491866781055,15.0442290036299,25.9099615689608,-2.40839596269154,2.19527090295382,0.542475459819802,0.220785344154841,-0.855055840584911,15.0442290036299,3.2546275113217,-2.40839596269154,0.786305457113931,-0.611612429945875,-1.51056434289251,1260.52644224012,27,2,"normal",4
"4485",7.71339213589,0.421848126402927,1,0.358130594861771,80,0.1491866781055,15.0442290036299,25.9099615689608,-2.40839596269154,2.19527090295382,0.542475459819802,0.220785344154841,-0.855055840584911,15.0442290036299,3.2546275113217,-2.40839596269154,0.786305457113931,-0.611612429945875,-1.51056434289251,1260.52644224012,27,2,"normal",5
"4486",1.7797567256,0.362723093008672,0,0.414473846019499,80,0.1491866781055,15.0442290036299,25.9099615689608,-2.40839596269154,2.19527090295382,0.542475459819802,0.220785344154841,-0.855055840584911,15.0442290036299,3.2546275113217,-2.40839596269154,0.786305457113931,-0.611612429945875,-1.51056434289251,1260.52644224012,27,2,"normal",6
"4487",28.70106,0.640980490834678,1,0.459008220933363,80,0.1491866781055,15.0442290036299,25.9099615689608,-2.40839596269154,2.19527090295382,0.542475459819802,0.220785344154841,-0.855055840584911,15.0442290036299,3.2546275113217,-2.40839596269154,0.786305457113931,-0.611612429945875,-1.51056434289251,1260.52644224012,27,2,"normal",7
"4488",3.45293,0.378832257457279,0,1.31434996602531,80,0.1491866781055,15.0442290036299,25.9099615689608,-2.40839596269154,2.19527090295382,0.542475459819802,0.220785344154841,-0.855055840584911,15.0442290036299,3.2546275113217,-2.40839596269154,0.786305457113931,-0.611612429945875,-1.51056434289251,1260.52644224012,27,2,"normal",8
"4489",-12.54272,0.249870452955866,0,0.366442128408923,80,0.1491866781055,15.0442290036299,25.9099615689608,-2.40839596269154,2.19527090295382,0.542475459819802,0.220785344154841,-0.855055840584911,15.0442290036299,3.2546275113217,-2.40839596269154,0.786305457113931,-0.611612429945875,-1.51056434289251,1260.52644224012,27,2,"normal",9
"4490",29.1031,0.644744912168421,1,0.418715341108683,80,0.1491866781055,15.0442290036299,25.9099615689608,-2.40839596269154,2.19527090295382,0.542475459819802,0.220785344154841,-0.855055840584911,15.0442290036299,3.2546275113217,-2.40839596269154,0.786305457113931,-0.611612429945875,-1.51056434289251,1260.52644224012,27,2,"normal",10
"4491",-14.3206,0.239370596564387,0,0.315431880329686,80,0.1491866781055,15.0442290036299,25.9099615689608,-2.40839596269154,2.19527090295382,0.542475459819802,0.220785344154841,-0.855055840584911,15.0442290036299,3.2546275113217,-2.40839596269154,0.786305457113931,-0.611612429945875,-1.51056434289251,1260.52644224012,27,2,"normal",11
"4492",-10.30647,0.264207504086678,1,0.725352507887676,80,0.1491866781055,15.0442290036299,25.9099615689608,-2.40839596269154,2.19527090295382,0.542475459819802,0.220785344154841,-0.855055840584911,15.0442290036299,3.2546275113217,-2.40839596269154,0.786305457113931,-0.611612429945875,-1.51056434289251,1260.52644224012,27,2,"normal",12
"4493",-10.6265,0.26207822182265,0,0.35848821261213,80,0.1491866781055,15.0442290036299,25.9099615689608,-2.40839596269154,2.19527090295382,0.542475459819802,0.220785344154841,-0.855055840584911,15.0442290036299,3.2546275113217,-2.40839596269154,0.786305457113931,-0.611612429945875,-1.51056434289251,1260.52644224012,27,2,"normal",13
"4494",49.77658,0.787638070068612,1,0.29713295359281,80,0.1491866781055,15.0442290036299,25.9099615689608,-2.40839596269154,2.19527090295382,0.542475459819802,0.220785344154841,-0.855055840584911,15.0442290036299,3.2546275113217,-2.40839596269154,0.786305457113931,-0.611612429945875,-1.51056434289251,1260.52644224012,27,2,"normal",14
"4495",-1.83353,0.329781187726227,0,0.312172123295158,80,0.1491866781055,15.0442290036299,25.9099615689608,-2.40839596269154,2.19527090295382,0.542475459819802,0.220785344154841,-0.855055840584911,15.0442290036299,3.2546275113217,-2.40839596269154,0.786305457113931,-0.611612429945875,-1.51056434289251,1260.52644224012,27,2,"normal",15
"4496",-7.88572,0.281150115446435,0,0.30765216362665,80,0.1491866781055,15.0442290036299,25.9099615689608,-2.40839596269154,2.19527090295382,0.542475459819802,0.220785344154841,-0.855055840584911,15.0442290036299,3.2546275113217,-2.40839596269154,0.786305457113931,-0.611612429945875,-1.51056434289251,1260.52644224012,27,2,"normal",16
"4497",16.39228,0.514556594755361,1,0.393780265265142,80,0.1491866781055,15.0442290036299,25.9099615689608,-2.40839596269154,2.19527090295382,0.542475459819802,0.220785344154841,-0.855055840584911,15.0442290036299,3.2546275113217,-2.40839596269154,0.786305457113931,-0.611612429945875,-1.51056434289251,1260.52644224012,27,2,"normal",17
"4498",28.8114,0.642016743043277,0,0.344070170445585,80,0.1491866781055,15.0442290036299,25.9099615689608,-2.40839596269154,2.19527090295382,0.542475459819802,0.220785344154841,-0.855055840584911,15.0442290036299,3.2546275113217,-2.40839596269154,0.786305457113931,-0.611612429945875,-1.51056434289251,1260.52644224012,27,2,"normal",18
"4499",15.60882,0.506098864011533,1,0.361760656177591,80,0.1491866781055,15.0442290036299,25.9099615689608,-2.40839596269154,2.19527090295382,0.542475459819802,0.220785344154841,-0.855055840584911,15.0442290036299,3.2546275113217,-2.40839596269154,0.786305457113931,-0.611612429945875,-1.51056434289251,1260.52644224012,27,2,"normal",19
"4500",-26.87803,0.186254696610565,1,0.442044169344684,80,0.1491866781055,15.0442290036299,25.9099615689608,-2.40839596269154,2.19527090295382,0.542475459819802,0.220785344154841,-0.855055840584911,15.0442290036299,3.2546275113217,-2.40839596269154,0.786305457113931,-0.611612429945875,-1.51056434289251,1260.52644224012,27,2,"normal",20
"4501",6.80649,0.412483520319265,0,0.312806982387892,80,0.1491866781055,15.0442290036299,25.9099615689608,-2.40839596269154,2.19527090295382,0.542475459819802,0.220785344154841,-0.855055840584911,15.0442290036299,3.2546275113217,-2.40839596269154,0.786305457113931,-0.611612429945875,-1.51056434289251,1260.52644224012,27,2,"normal",21
"4502",42.3418,0.748345424976771,1,0.283780019450667,80,0.1491866781055,15.0442290036299,25.9099615689608,-2.40839596269154,2.19527090295382,0.542475459819802,0.220785344154841,-0.855055840584911,15.0442290036299,3.2546275113217,-2.40839596269154,0.786305457113931,-0.611612429945875,-1.51056434289251,1260.52644224012,27,2,"normal",22
"4503",9.8263654942,0.444009481230545,0,0.259506759700097,80,0.1491866781055,15.0442290036299,25.9099615689608,-2.40839596269154,2.19527090295382,0.542475459819802,0.220785344154841,-0.855055840584911,15.0442290036299,3.2546275113217,-2.40839596269154,0.786305457113931,-0.611612429945875,-1.51056434289251,1260.52644224012,27,2,"normal",23
"4504",3.57441,0.380020892641199,1,0.548247164014031,80,0.1491866781055,15.0442290036299,25.9099615689608,-2.40839596269154,2.19527090295382,0.542475459819802,0.220785344154841,-0.855055840584911,15.0442290036299,3.2546275113217,-2.40839596269154,0.786305457113931,-0.611612429945875,-1.51056434289251,1260.52644224012,27,2,"normal",24
"4505",-33.0662,0.171405493001088,0,0.415605913221616,80,0.1491866781055,15.0442290036299,25.9099615689608,-2.40839596269154,2.19527090295382,0.542475459819802,0.220785344154841,-0.855055840584911,15.0442290036299,3.2546275113217,-2.40839596269154,0.786305457113931,-0.611612429945875,-1.51056434289251,1260.52644224012,27,2,"normal",25
"4506",-12.5854,0.249609100392503,0,0.329681606447046,80,0.1491866781055,15.0442290036299,25.9099615689608,-2.40839596269154,2.19527090295382,0.542475459819802,0.220785344154841,-0.855055840584911,15.0442290036299,3.2546275113217,-2.40839596269154,0.786305457113931,-0.611612429945875,-1.51056434289251,1260.52644224012,27,2,"normal",26
"4507",-0.59249,0.340792020500846,0,0.54616597950351,80,0.1491866781055,15.0442290036299,25.9099615689608,-2.40839596269154,2.19527090295382,0.542475459819802,0.220785344154841,-0.855055840584911,15.0442290036299,3.2546275113217,-2.40839596269154,0.786305457113931,-0.611612429945875,-1.51056434289251,1260.52644224012,27,2,"normal",27
"4508",11.57907,0.462676750364005,1,0.577598872693413,80,0.1491866781055,15.0442290036299,25.9099615689608,-2.40839596269154,2.19527090295382,0.542475459819802,0.220785344154841,-0.855055840584911,15.0442290036299,3.2546275113217,-2.40839596269154,0.786305457113931,-0.611612429945875,-1.51056434289251,1260.52644224012,27,2,"normal",28
"4509",21.72385,0.571369362453646,1,0.394413397238385,80,0.1491866781055,15.0442290036299,25.9099615689608,-2.40839596269154,2.19527090295382,0.542475459819802,0.220785344154841,-0.855055840584911,15.0442290036299,3.2546275113217,-2.40839596269154,0.786305457113931,-0.611612429945875,-1.51056434289251,1260.52644224012,27,2,"normal",29
"4510",25.8609,0.613546501529338,1,0.292365748348784,80,0.1491866781055,15.0442290036299,25.9099615689608,-2.40839596269154,2.19527090295382,0.542475459819802,0.220785344154841,-0.855055840584911,15.0442290036299,3.2546275113217,-2.40839596269154,0.786305457113931,-0.611612429945875,-1.51056434289251,1260.52644224012,27,2,"normal",30
"4511",5.34821,0.397647000256734,0,0.515013204504027,80,0.1491866781055,15.0442290036299,25.9099615689608,-2.40839596269154,2.19527090295382,0.542475459819802,0.220785344154841,-0.855055840584911,15.0442290036299,3.2546275113217,-2.40839596269154,0.786305457113931,-0.611612429945875,-1.51056434289251,1260.52644224012,27,2,"normal",31
"4512",19.69979,0.550025276421198,0,0.394824517953217,80,0.1491866781055,15.0442290036299,25.9099615689608,-2.40839596269154,2.19527090295382,0.542475459819802,0.220785344154841,-0.855055840584911,15.0442290036299,3.2546275113217,-2.40839596269154,0.786305457113931,-0.611612429945875,-1.51056434289251,1260.52644224012,27,2,"normal",32
"4513",12.96476,0.477559331691736,0,0.454920587936654,80,0.1491866781055,15.0442290036299,25.9099615689608,-2.40839596269154,2.19527090295382,0.542475459819802,0.220785344154841,-0.855055840584911,15.0442290036299,3.2546275113217,-2.40839596269154,0.786305457113931,-0.611612429945875,-1.51056434289251,1260.52644224012,27,2,"normal",33
"4514",-13.0025,0.247079101989673,1,0.326358343866977,80,0.1491866781055,15.0442290036299,25.9099615689608,-2.40839596269154,2.19527090295382,0.542475459819802,0.220785344154841,-0.855055840584911,15.0442290036299,3.2546275113217,-2.40839596269154,0.786305457113931,-0.611612429945875,-1.51056434289251,1260.52644224012,27,2,"normal",34
"4515",10.279405301,0.448813690072317,1,0.46613181067679,80,0.1491866781055,15.0442290036299,25.9099615689608,-2.40839596269154,2.19527090295382,0.542475459819802,0.220785344154841,-0.855055840584911,15.0442290036299,3.2546275113217,-2.40839596269154,0.786305457113931,-0.611612429945875,-1.51056434289251,1260.52644224012,27,2,"normal",35
"4516",18.11372,0.533082690908741,1,0.393111258878007,80,0.1491866781055,15.0442290036299,25.9099615689608,-2.40839596269154,2.19527090295382,0.542475459819802,0.220785344154841,-0.855055840584911,15.0442290036299,3.2546275113217,-2.40839596269154,0.786305457113931,-0.611612429945875,-1.51056434289251,1260.52644224012,27,2,"normal",36
"4517",-7.7914,0.281840009259163,1,0.355230474936015,80,0.1491866781055,15.0442290036299,25.9099615689608,-2.40839596269154,2.19527090295382,0.542475459819802,0.220785344154841,-0.855055840584911,15.0442290036299,3.2546275113217,-2.40839596269154,0.786305457113931,-0.611612429945875,-1.51056434289251,1260.52644224012,27,2,"normal",37
"4518",-26.35897,0.187793991503436,0,0.367602446061117,80,0.1491866781055,15.0442290036299,25.9099615689608,-2.40839596269154,2.19527090295382,0.542475459819802,0.220785344154841,-0.855055840584911,15.0442290036299,3.2546275113217,-2.40839596269154,0.786305457113931,-0.611612429945875,-1.51056434289251,1260.52644224012,27,2,"normal",38
"4519",-8.6091,0.275932934660119,1,0.519365597156842,80,0.1491866781055,15.0442290036299,25.9099615689608,-2.40839596269154,2.19527090295382,0.542475459819802,0.220785344154841,-0.855055840584911,15.0442290036299,3.2546275113217,-2.40839596269154,0.786305457113931,-0.611612429945875,-1.51056434289251,1260.52644224012,27,2,"normal",39
"4520",-26.28574,0.188015166219776,0,0.444680356760261,80,0.1491866781055,15.0442290036299,25.9099615689608,-2.40839596269154,2.19527090295382,0.542475459819802,0.220785344154841,-0.855055840584911,15.0442290036299,3.2546275113217,-2.40839596269154,0.786305457113931,-0.611612429945875,-1.51056434289251,1260.52644224012,27,2,"normal",40
"4521",32.18133,0.672477517043515,1,0.708967153471458,80,0.1491866781055,15.0442290036299,25.9099615689608,-2.40839596269154,2.19527090295382,0.542475459819802,0.220785344154841,-0.855055840584911,15.0442290036299,3.2546275113217,-2.40839596269154,0.786305457113931,-0.611612429945875,-1.51056434289251,1260.52644224012,27,2,"normal",41
"4522",4.6862027508,0.391011387928459,1,0.272950759134189,80,0.1491866781055,15.0442290036299,25.9099615689608,-2.40839596269154,2.19527090295382,0.542475459819802,0.220785344154841,-0.855055840584911,15.0442290036299,3.2546275113217,-2.40839596269154,0.786305457113931,-0.611612429945875,-1.51056434289251,1260.52644224012,27,2,"normal",42
"4523",-16.3523,0.228332312802295,0,0.546728467679251,80,0.1491866781055,15.0442290036299,25.9099615689608,-2.40839596269154,2.19527090295382,0.542475459819802,0.220785344154841,-0.855055840584911,15.0442290036299,3.2546275113217,-2.40839596269154,0.786305457113931,-0.611612429945875,-1.51056434289251,1260.52644224012,27,2,"normal",43
"4524",4.0855978216,0.385049481978217,0,0.401749854381475,80,0.1491866781055,15.0442290036299,25.9099615689608,-2.40839596269154,2.19527090295382,0.542475459819802,0.220785344154841,-0.855055840584911,15.0442290036299,3.2546275113217,-2.40839596269154,0.786305457113931,-0.611612429945875,-1.51056434289251,1260.52644224012,27,2,"normal",44
"4525",13.04861,0.478462376657381,0,0.311277395556412,80,0.1491866781055,15.0442290036299,25.9099615689608,-2.40839596269154,2.19527090295382,0.542475459819802,0.220785344154841,-0.855055840584911,15.0442290036299,3.2546275113217,-2.40839596269154,0.786305457113931,-0.611612429945875,-1.51056434289251,1260.52644224012,27,2,"normal",45
"4526",6.9086677642,0.413533611018007,0,0.447923607988284,80,0.1491866781055,15.0442290036299,25.9099615689608,-2.40839596269154,2.19527090295382,0.542475459819802,0.220785344154841,-0.855055840584911,15.0442290036299,3.2546275113217,-2.40839596269154,0.786305457113931,-0.611612429945875,-1.51056434289251,1260.52644224012,27,2,"normal",46
"4527",-5.21784,0.301511123173903,1,0.41814953913354,80,0.1491866781055,15.0442290036299,25.9099615689608,-2.40839596269154,2.19527090295382,0.542475459819802,0.220785344154841,-0.855055840584911,15.0442290036299,3.2546275113217,-2.40839596269154,0.786305457113931,-0.611612429945875,-1.51056434289251,1260.52644224012,27,2,"normal",47
"4528",5.6041029325,0.400229224792051,1,0.373625436623553,80,0.1491866781055,15.0442290036299,25.9099615689608,-2.40839596269154,2.19527090295382,0.542475459819802,0.220785344154841,-0.855055840584911,15.0442290036299,3.2546275113217,-2.40839596269154,0.786305457113931,-0.611612429945875,-1.51056434289251,1260.52644224012,27,2,"normal",48
"4529",-21.4625,0.204909799944496,0,0.431915859591628,80,0.1491866781055,15.0442290036299,25.9099615689608,-2.40839596269154,2.19527090295382,0.542475459819802,0.220785344154841,-0.855055840584911,15.0442290036299,3.2546275113217,-2.40839596269154,0.786305457113931,-0.611612429945875,-1.51056434289251,1260.52644224012,27,2,"normal",49
"4530",-29.797406,0.1784832217043,0,0.474755668623825,80,0.1491866781055,15.0442290036299,25.9099615689608,-2.40839596269154,2.19527090295382,0.542475459819802,0.220785344154841,-0.855055840584911,15.0442290036299,3.2546275113217,-2.40839596269154,0.786305457113931,-0.611612429945875,-1.51056434289251,1260.52644224012,27,2,"normal",50
"4531",-10.714192,0.261499293549819,1,0.445690845800404,80,0.1491866781055,15.0442290036299,25.9099615689608,-2.40839596269154,2.19527090295382,0.542475459819802,0.220785344154841,-0.855055840584911,15.0442290036299,3.2546275113217,-2.40839596269154,0.786305457113931,-0.611612429945875,-1.51056434289251,1260.52644224012,27,2,"normal",51
"4532",-35.64059,0.166882657963599,0,0.526794037786061,80,0.1491866781055,15.0442290036299,25.9099615689608,-2.40839596269154,2.19527090295382,0.542475459819802,0.220785344154841,-0.855055840584911,15.0442290036299,3.2546275113217,-2.40839596269154,0.786305457113931,-0.611612429945875,-1.51056434289251,1260.52644224012,27,2,"normal",52
"4533",14.94538,0.498932124525631,0,0.329270964848432,80,0.1491866781055,15.0442290036299,25.9099615689608,-2.40839596269154,2.19527090295382,0.542475459819802,0.220785344154841,-0.855055840584911,15.0442290036299,3.2546275113217,-2.40839596269154,0.786305457113931,-0.611612429945875,-1.51056434289251,1260.52644224012,27,2,"normal",53
"4534",5.1294223597,0.395446752381307,1,0.412028672233499,80,0.1491866781055,15.0442290036299,25.9099615689608,-2.40839596269154,2.19527090295382,0.542475459819802,0.220785344154841,-0.855055840584911,15.0442290036299,3.2546275113217,-2.40839596269154,0.786305457113931,-0.611612429945875,-1.51056434289251,1260.52644224012,27,2,"normal",54
"4535",-3.47907,0.3157052932695,0,0.287540488140261,80,0.1491866781055,15.0442290036299,25.9099615689608,-2.40839596269154,2.19527090295382,0.542475459819802,0.220785344154841,-0.855055840584911,15.0442290036299,3.2546275113217,-2.40839596269154,0.786305457113931,-0.611612429945875,-1.51056434289251,1260.52644224012,27,2,"normal",55
"4536",24.97024,0.60466573477971,1,0.299103441603193,80,0.1491866781055,15.0442290036299,25.9099615689608,-2.40839596269154,2.19527090295382,0.542475459819802,0.220785344154841,-0.855055840584911,15.0442290036299,3.2546275113217,-2.40839596269154,0.786305457113931,-0.611612429945875,-1.51056434289251,1260.52644224012,27,2,"normal",56
"4537",-4.1288,0.310318049192385,0,0.410613829578999,80,0.1491866781055,15.0442290036299,25.9099615689608,-2.40839596269154,2.19527090295382,0.542475459819802,0.220785344154841,-0.855055840584911,15.0442290036299,3.2546275113217,-2.40839596269154,0.786305457113931,-0.611612429945875,-1.51056434289251,1260.52644224012,27,2,"normal",57
"4538",-20.0139,0.210940899986451,1,0.284745301851183,80,0.1491866781055,15.0442290036299,25.9099615689608,-2.40839596269154,2.19527090295382,0.542475459819802,0.220785344154841,-0.855055840584911,15.0442290036299,3.2546275113217,-2.40839596269154,0.786305457113931,-0.611612429945875,-1.51056434289251,1260.52644224012,27,2,"normal",58
"4539",25.8074,0.613016539098981,1,0.434551941460317,80,0.1491866781055,15.0442290036299,25.9099615689608,-2.40839596269154,2.19527090295382,0.542475459819802,0.220785344154841,-0.855055840584911,15.0442290036299,3.2546275113217,-2.40839596269154,0.786305457113931,-0.611612429945875,-1.51056434289251,1260.52644224012,27,2,"normal",59
"4540",-16.84426,0.225811048221516,1,0.490741211106797,80,0.1491866781055,15.0442290036299,25.9099615689608,-2.40839596269154,2.19527090295382,0.542475459819802,0.220785344154841,-0.855055840584911,15.0442290036299,3.2546275113217,-2.40839596269154,0.786305457113931,-0.611612429945875,-1.51056434289251,1260.52644224012,27,2,"normal",60
"4541",12.80397,0.475828324918385,0,0.455200438401798,80,0.1491866781055,15.0442290036299,25.9099615689608,-2.40839596269154,2.19527090295382,0.542475459819802,0.220785344154841,-0.855055840584911,15.0442290036299,3.2546275113217,-2.40839596269154,0.786305457113931,-0.611612429945875,-1.51056434289251,1260.52644224012,27,2,"normal",61
"4542",-21.78697,0.203622149230311,0,0.351117112069384,80,0.1491866781055,15.0442290036299,25.9099615689608,-2.40839596269154,2.19527090295382,0.542475459819802,0.220785344154841,-0.855055840584911,15.0442290036299,3.2546275113217,-2.40839596269154,0.786305457113931,-0.611612429945875,-1.51056434289251,1260.52644224012,27,2,"normal",62
"4543",-23.1143,0.198589009492214,1,0.293475434153582,80,0.1491866781055,15.0442290036299,25.9099615689608,-2.40839596269154,2.19527090295382,0.542475459819802,0.220785344154841,-0.855055840584911,15.0442290036299,3.2546275113217,-2.40839596269154,0.786305457113931,-0.611612429945875,-1.51056434289251,1260.52644224012,27,2,"normal",63
"4544",-25.71848,0.189762509930598,0,0.48125001736316,80,0.1491866781055,15.0442290036299,25.9099615689608,-2.40839596269154,2.19527090295382,0.542475459819802,0.220785344154841,-0.855055840584911,15.0442290036299,3.2546275113217,-2.40839596269154,0.786305457113931,-0.611612429945875,-1.51056434289251,1260.52644224012,27,2,"normal",64
"4545",-8.8642,0.274124374045386,0,0.284160051500933,80,0.1491866781055,15.0442290036299,25.9099615689608,-2.40839596269154,2.19527090295382,0.542475459819802,0.220785344154841,-0.855055840584911,15.0442290036299,3.2546275113217,-2.40839596269154,0.786305457113931,-0.611612429945875,-1.51056434289251,1260.52644224012,27,2,"normal",65
"4546",3.880011852547,0.383021963086681,0,0.361080097929275,80,0.1491866781055,15.0442290036299,25.9099615689608,-2.40839596269154,2.19527090295382,0.542475459819802,0.220785344154841,-0.855055840584911,15.0442290036299,3.2546275113217,-2.40839596269154,0.786305457113931,-0.611612429945875,-1.51056434289251,1260.52644224012,27,2,"normal",66
"4547",1.40567,0.359191334708979,0,0.349463591218025,80,0.1491866781055,15.0442290036299,25.9099615689608,-2.40839596269154,2.19527090295382,0.542475459819802,0.220785344154841,-0.855055840584911,15.0442290036299,3.2546275113217,-2.40839596269154,0.786305457113931,-0.611612429945875,-1.51056434289251,1260.52644224012,27,2,"normal",67
"4548",4.01046,0.384307665966612,0,0.368429025357638,80,0.1491866781055,15.0442290036299,25.9099615689608,-2.40839596269154,2.19527090295382,0.542475459819802,0.220785344154841,-0.855055840584911,15.0442290036299,3.2546275113217,-2.40839596269154,0.786305457113931,-0.611612429945875,-1.51056434289251,1260.52644224012,27,2,"normal",68
"4549",8.0765410103,0.42562470135292,0,0.354876159050681,80,0.1491866781055,15.0442290036299,25.9099615689608,-2.40839596269154,2.19527090295382,0.542475459819802,0.220785344154841,-0.855055840584911,15.0442290036299,3.2546275113217,-2.40839596269154,0.786305457113931,-0.611612429945875,-1.51056434289251,1260.52644224012,27,2,"normal",69
"4550",48.93214,0.78384177301082,1,0.370521100281017,80,0.1491866781055,15.0442290036299,25.9099615689608,-2.40839596269154,2.19527090295382,0.542475459819802,0.220785344154841,-0.855055840584911,15.0442290036299,3.2546275113217,-2.40839596269154,0.786305457113931,-0.611612429945875,-1.51056434289251,1260.52644224012,27,2,"normal",70
"4551",-32.77897,0.171964687037024,0,0.31381729037529,80,0.1491866781055,15.0442290036299,25.9099615689608,-2.40839596269154,2.19527090295382,0.542475459819802,0.220785344154841,-0.855055840584911,15.0442290036299,3.2546275113217,-2.40839596269154,0.786305457113931,-0.611612429945875,-1.51056434289251,1260.52644224012,27,2,"normal",71
"4552",36.628108,0.708795124971331,1,0.357619795142502,80,0.1491866781055,15.0442290036299,25.9099615689608,-2.40839596269154,2.19527090295382,0.542475459819802,0.220785344154841,-0.855055840584911,15.0442290036299,3.2546275113217,-2.40839596269154,0.786305457113931,-0.611612429945875,-1.51056434289251,1260.52644224012,27,2,"normal",72
"4553",-31.34354,0.17493584035414,0,0.362784033377405,80,0.1491866781055,15.0442290036299,25.9099615689608,-2.40839596269154,2.19527090295382,0.542475459819802,0.220785344154841,-0.855055840584911,15.0442290036299,3.2546275113217,-2.40839596269154,0.786305457113931,-0.611612429945875,-1.51056434289251,1260.52644224012,27,2,"normal",73
"4554",38.70827,0.724143337878146,1,0.305380269832055,80,0.1491866781055,15.0442290036299,25.9099615689608,-2.40839596269154,2.19527090295382,0.542475459819802,0.220785344154841,-0.855055840584911,15.0442290036299,3.2546275113217,-2.40839596269154,0.786305457113931,-0.611612429945875,-1.51056434289251,1260.52644224012,27,2,"normal",74
"4555",-22.638489,0.200350432391583,0,0.447514976801035,80,0.1491866781055,15.0442290036299,25.9099615689608,-2.40839596269154,2.19527090295382,0.542475459819802,0.220785344154841,-0.855055840584911,15.0442290036299,3.2546275113217,-2.40839596269154,0.786305457113931,-0.611612429945875,-1.51056434289251,1260.52644224012,27,2,"normal",75
"4556",-8.84949,0.274228218130795,1,0.377181806422875,80,0.1491866781055,15.0442290036299,25.9099615689608,-2.40839596269154,2.19527090295382,0.542475459819802,0.220785344154841,-0.855055840584911,15.0442290036299,3.2546275113217,-2.40839596269154,0.786305457113931,-0.611612429945875,-1.51056434289251,1260.52644224012,27,2,"normal",76
"4557",23.86304,0.593462761172737,0,0.318186352783231,80,0.1491866781055,15.0442290036299,25.9099615689608,-2.40839596269154,2.19527090295382,0.542475459819802,0.220785344154841,-0.855055840584911,15.0442290036299,3.2546275113217,-2.40839596269154,0.786305457113931,-0.611612429945875,-1.51056434289251,1260.52644224012,27,2,"normal",77
"4558",47.22079,0.77563823993259,1,0.37900380000435,80,0.1491866781055,15.0442290036299,25.9099615689608,-2.40839596269154,2.19527090295382,0.542475459819802,0.220785344154841,-0.855055840584911,15.0442290036299,3.2546275113217,-2.40839596269154,0.786305457113931,-0.611612429945875,-1.51056434289251,1260.52644224012,27,2,"normal",78
"4559",-32.1368,0.173256958374115,0,0.343789470051815,80,0.1491866781055,15.0442290036299,25.9099615689608,-2.40839596269154,2.19527090295382,0.542475459819802,0.220785344154841,-0.855055840584911,15.0442290036299,3.2546275113217,-2.40839596269154,0.786305457113931,-0.611612429945875,-1.51056434289251,1260.52644224012,27,2,"normal",79
"4560",-21.73771,0.203816168459954,0,0.298417076354752,80,0.1491866781055,15.0442290036299,25.9099615689608,-2.40839596269154,2.19527090295382,0.542475459819802,0.220785344154841,-0.855055840584911,15.0442290036299,3.2546275113217,-2.40839596269154,0.786305457113931,-0.611612429945875,-1.51056434289251,1260.52644224012,27,2,"normal",80
"4561",-7.7505249548,0.358790923662183,0,0.78723725147074,80,0.000600089543852416,9.10768555612196,46.5507915067224,-2.21079516479794,3.11757162515239,0.498970606780755,0.498582669471999,-6.7240835936899,9.10768555612196,3.84054400694527,-2.21079516479794,1.13705437349735,-0.695208089212526,-0.69598586687623,-949.825906422278,28,2,"normal",1
"4562",7.0180420193,0.482119163838352,0,0.619363151461495,80,0.000600089543852416,9.10768555612196,46.5507915067224,-2.21079516479794,3.11757162515239,0.498970606780755,0.498582669471999,-6.7240835936899,9.10768555612196,3.84054400694527,-2.21079516479794,1.13705437349735,-0.695208089212526,-0.69598586687623,-949.825906422278,28,2,"normal",2
"4563",14.2602368319,0.544014695594745,1,0.806505887445688,80,0.000600089543852416,9.10768555612196,46.5507915067224,-2.21079516479794,3.11757162515239,0.498970606780755,0.498582669471999,-6.7240835936899,9.10768555612196,3.84054400694527,-2.21079516479794,1.13705437349735,-0.695208089212526,-0.69598586687623,-949.825906422278,28,2,"normal",3
"4564",7.98845381685,0.490420570880769,1,0.604941406601739,80,0.000600089543852416,9.10768555612196,46.5507915067224,-2.21079516479794,3.11757162515239,0.498970606780755,0.498582669471999,-6.7240835936899,9.10768555612196,3.84054400694527,-2.21079516479794,1.13705437349735,-0.695208089212526,-0.69598586687623,-949.825906422278,28,2,"normal",4
"4565",1.1154,0.431922594737562,1,0.905892005035373,80,0.000600089543852416,9.10768555612196,46.5507915067224,-2.21079516479794,3.11757162515239,0.498970606780755,0.498582669471999,-6.7240835936899,9.10768555612196,3.84054400694527,-2.21079516479794,1.13705437349735,-0.695208089212526,-0.69598586687623,-949.825906422278,28,2,"normal",5
"4566",-10.2063,0.339300166471158,0,1.16966737989236,80,0.000600089543852416,9.10768555612196,46.5507915067224,-2.21079516479794,3.11757162515239,0.498970606780755,0.498582669471999,-6.7240835936899,9.10768555612196,3.84054400694527,-2.21079516479794,1.13705437349735,-0.695208089212526,-0.69598586687623,-949.825906422278,28,2,"normal",6
"4567",-4.612984,0.384232986549471,1,0.710280404233643,80,0.000600089543852416,9.10768555612196,46.5507915067224,-2.21079516479794,3.11757162515239,0.498970606780755,0.498582669471999,-6.7240835936899,9.10768555612196,3.84054400694527,-2.21079516479794,1.13705437349735,-0.695208089212526,-0.69598586687623,-949.825906422278,28,2,"normal",7
"4568",-2.8100586917,0.399090522798149,1,0.561372450641177,80,0.000600089543852416,9.10768555612196,46.5507915067224,-2.21079516479794,3.11757162515239,0.498970606780755,0.498582669471999,-6.7240835936899,9.10768555612196,3.84054400694527,-2.21079516479794,1.13705437349735,-0.695208089212526,-0.69598586687623,-949.825906422278,28,2,"normal",8
"4569",-10.05573,0.340483508223861,0,0.780883097929722,80,0.000600089543852416,9.10768555612196,46.5507915067224,-2.21079516479794,3.11757162515239,0.498970606780755,0.498582669471999,-6.7240835936899,9.10768555612196,3.84054400694527,-2.21079516479794,1.13705437349735,-0.695208089212526,-0.69598586687623,-949.825906422278,28,2,"normal",9
"4570",6.27006,0.475725648047104,1,0.676981320362194,80,0.000600089543852416,9.10768555612196,46.5507915067224,-2.21079516479794,3.11757162515239,0.498970606780755,0.498582669471999,-6.7240835936899,9.10768555612196,3.84054400694527,-2.21079516479794,1.13705437349735,-0.695208089212526,-0.69598586687623,-949.825906422278,28,2,"normal",10
"4571",36.45574,0.721296248176702,1,0.582885042108048,80,0.000600089543852416,9.10768555612196,46.5507915067224,-2.21079516479794,3.11757162515239,0.498970606780755,0.498582669471999,-6.7240835936899,9.10768555612196,3.84054400694527,-2.21079516479794,1.13705437349735,-0.695208089212526,-0.69598586687623,-949.825906422278,28,2,"normal",11
"4572",-9.53542,0.344584739573267,1,0.566706467543263,80,0.000600089543852416,9.10768555612196,46.5507915067224,-2.21079516479794,3.11757162515239,0.498970606780755,0.498582669471999,-6.7240835936899,9.10768555612196,3.84054400694527,-2.21079516479794,1.13705437349735,-0.695208089212526,-0.69598586687623,-949.825906422278,28,2,"normal",12
"4573",9.72097,0.505249414150459,0,0.715676361485179,80,0.000600089543852416,9.10768555612196,46.5507915067224,-2.21079516479794,3.11757162515239,0.498970606780755,0.498582669471999,-6.7240835936899,9.10768555612196,3.84054400694527,-2.21079516479794,1.13705437349735,-0.695208089212526,-0.69598586687623,-949.825906422278,28,2,"normal",13
"4574",32.426899,0.691563591156028,1,0.698441942129095,80,0.000600089543852416,9.10768555612196,46.5507915067224,-2.21079516479794,3.11757162515239,0.498970606780755,0.498582669471999,-6.7240835936899,9.10768555612196,3.84054400694527,-2.21079516479794,1.13705437349735,-0.695208089212526,-0.69598586687623,-949.825906422278,28,2,"normal",14
"4575",32.6764,0.693444888188536,1,0.667016652391535,80,0.000600089543852416,9.10768555612196,46.5507915067224,-2.21079516479794,3.11757162515239,0.498970606780755,0.498582669471999,-6.7240835936899,9.10768555612196,3.84054400694527,-2.21079516479794,1.13705437349735,-0.695208089212526,-0.69598586687623,-949.825906422278,28,2,"normal",15
"4576",-24.3878,0.236218921054074,0,0.723585074793446,80,0.000600089543852416,9.10768555612196,46.5507915067224,-2.21079516479794,3.11757162515239,0.498970606780755,0.498582669471999,-6.7240835936899,9.10768555612196,3.84054400694527,-2.21079516479794,1.13705437349735,-0.695208089212526,-0.69598586687623,-949.825906422278,28,2,"normal",16
"4577",32.60548,0.69291065135057,1,1.41236671566006,80,0.000600089543852416,9.10768555612196,46.5507915067224,-2.21079516479794,3.11757162515239,0.498970606780755,0.498582669471999,-6.7240835936899,9.10768555612196,3.84054400694527,-2.21079516479794,1.13705437349735,-0.695208089212526,-0.69598586687623,-949.825906422278,28,2,"normal",17
"4578",8.07724,0.49118035638763,1,0.766351921273732,80,0.000600089543852416,9.10768555612196,46.5507915067224,-2.21079516479794,3.11757162515239,0.498970606780755,0.498582669471999,-6.7240835936899,9.10768555612196,3.84054400694527,-2.21079516479794,1.13705437349735,-0.695208089212526,-0.69598586687623,-949.825906422278,28,2,"normal",18
"4579",0.0674799999999998,0.423101692157043,1,0.97112294942206,80,0.000600089543852416,9.10768555612196,46.5507915067224,-2.21079516479794,3.11757162515239,0.498970606780755,0.498582669471999,-6.7240835936899,9.10768555612196,3.84054400694527,-2.21079516479794,1.13705437349735,-0.695208089212526,-0.69598586687623,-949.825906422278,28,2,"normal",19
"4580",-20.55053,0.262310525915152,0,0.576751843773293,80,0.000600089543852416,9.10768555612196,46.5507915067224,-2.21079516479794,3.11757162515239,0.498970606780755,0.498582669471999,-6.7240835936899,9.10768555612196,3.84054400694527,-2.21079516479794,1.13705437349735,-0.695208089212526,-0.69598586687623,-949.825906422278,28,2,"normal",20
"4581",7.31222,0.484635060264883,0,0.593395291909595,80,0.000600089543852416,9.10768555612196,46.5507915067224,-2.21079516479794,3.11757162515239,0.498970606780755,0.498582669471999,-6.7240835936899,9.10768555612196,3.84054400694527,-2.21079516479794,1.13705437349735,-0.695208089212526,-0.69598586687623,-949.825906422278,28,2,"normal",21
"4582",12.8005,0.531576473294827,1,0.63819326332341,80,0.000600089543852416,9.10768555612196,46.5507915067224,-2.21079516479794,3.11757162515239,0.498970606780755,0.498582669471999,-6.7240835936899,9.10768555612196,3.84054400694527,-2.21079516479794,1.13705437349735,-0.695208089212526,-0.69598586687623,-949.825906422278,28,2,"normal",22
"4583",16.22908,0.560720473770614,1,0.656512581513364,80,0.000600089543852416,9.10768555612196,46.5507915067224,-2.21079516479794,3.11757162515239,0.498970606780755,0.498582669471999,-6.7240835936899,9.10768555612196,3.84054400694527,-2.21079516479794,1.13705437349735,-0.695208089212526,-0.69598586687623,-949.825906422278,28,2,"normal",23
"4584",14.79314,0.54854538992111,1,0.793947344209939,80,0.000600089543852416,9.10768555612196,46.5507915067224,-2.21079516479794,3.11757162515239,0.498970606780755,0.498582669471999,-6.7240835936899,9.10768555612196,3.84054400694527,-2.21079516479794,1.13705437349735,-0.695208089212526,-0.69598586687623,-949.825906422278,28,2,"normal",24
"4585",-22.86115,0.24642430524885,0,0.615533026442447,80,0.000600089543852416,9.10768555612196,46.5507915067224,-2.21079516479794,3.11757162515239,0.498970606780755,0.498582669471999,-6.7240835936899,9.10768555612196,3.84054400694527,-2.21079516479794,1.13705437349735,-0.695208089212526,-0.69598586687623,-949.825906422278,28,2,"normal",25
"4586",-24.3453,0.236499829912267,0,0.951479104017143,80,0.000600089543852416,9.10768555612196,46.5507915067224,-2.21079516479794,3.11757162515239,0.498970606780755,0.498582669471999,-6.7240835936899,9.10768555612196,3.84054400694527,-2.21079516479794,1.13705437349735,-0.695208089212526,-0.69598586687623,-949.825906422278,28,2,"normal",26
"4587",-3.5158,0.393255869164548,0,0.659412106074282,80,0.000600089543852416,9.10768555612196,46.5507915067224,-2.21079516479794,3.11757162515239,0.498970606780755,0.498582669471999,-6.7240835936899,9.10768555612196,3.84054400694527,-2.21079516479794,1.13705437349735,-0.695208089212526,-0.69598586687623,-949.825906422278,28,2,"normal",27
"4588",-22.40354,0.249528893709055,0,0.80267978588106,80,0.000600089543852416,9.10768555612196,46.5507915067224,-2.21079516479794,3.11757162515239,0.498970606780755,0.498582669471999,-6.7240835936899,9.10768555612196,3.84054400694527,-2.21079516479794,1.13705437349735,-0.695208089212526,-0.69598586687623,-949.825906422278,28,2,"normal",28
"4589",3.3507,0.45084692809569,0,0.646368025332798,80,0.000600089543852416,9.10768555612196,46.5507915067224,-2.21079516479794,3.11757162515239,0.498970606780755,0.498582669471999,-6.7240835936899,9.10768555612196,3.84054400694527,-2.21079516479794,1.13705437349735,-0.695208089212526,-0.69598586687623,-949.825906422278,28,2,"normal",29
"4590",-20.81876,0.260439731831407,0,0.59233085535264,80,0.000600089543852416,9.10768555612196,46.5507915067224,-2.21079516479794,3.11757162515239,0.498970606780755,0.498582669471999,-6.7240835936899,9.10768555612196,3.84054400694527,-2.21079516479794,1.13705437349735,-0.695208089212526,-0.69598586687623,-949.825906422278,28,2,"normal",30
"4591",-23.834324,0.239891587701256,0,0.713501415703597,80,0.000600089543852416,9.10768555612196,46.5507915067224,-2.21079516479794,3.11757162515239,0.498970606780755,0.498582669471999,-6.7240835936899,9.10768555612196,3.84054400694527,-2.21079516479794,1.13705437349735,-0.695208089212526,-0.69598586687623,-949.825906422278,28,2,"normal",31
"4592",29.552102,0.669532594616406,0,0.924896824526195,80,0.000600089543852416,9.10768555612196,46.5507915067224,-2.21079516479794,3.11757162515239,0.498970606780755,0.498582669471999,-6.7240835936899,9.10768555612196,3.84054400694527,-2.21079516479794,1.13705437349735,-0.695208089212526,-0.69598586687623,-949.825906422278,28,2,"normal",32
"4593",2.96116,0.447539711976217,0,0.719060414628972,80,0.000600089543852416,9.10768555612196,46.5507915067224,-2.21079516479794,3.11757162515239,0.498970606780755,0.498582669471999,-6.7240835936899,9.10768555612196,3.84054400694527,-2.21079516479794,1.13705437349735,-0.695208089212526,-0.69598586687623,-949.825906422278,28,2,"normal",33
"4594",-26.51592,0.2223910107012,0,0.702447783734129,80,0.000600089543852416,9.10768555612196,46.5507915067224,-2.21079516479794,3.11757162515239,0.498970606780755,0.498582669471999,-6.7240835936899,9.10768555612196,3.84054400694527,-2.21079516479794,1.13705437349735,-0.695208089212526,-0.69598586687623,-949.825906422278,28,2,"normal",34
"4595",32.1244,0.689275896831295,0,0.649937171916958,80,0.000600089543852416,9.10768555612196,46.5507915067224,-2.21079516479794,3.11757162515239,0.498970606780755,0.498582669471999,-6.7240835936899,9.10768555612196,3.84054400694527,-2.21079516479794,1.13705437349735,-0.695208089212526,-0.69598586687623,-949.825906422278,28,2,"normal",35
"4596",-12.545658,0.321125092748355,1,0.667833443006706,80,0.000600089543852416,9.10768555612196,46.5507915067224,-2.21079516479794,3.11757162515239,0.498970606780755,0.498582669471999,-6.7240835936899,9.10768555612196,3.84054400694527,-2.21079516479794,1.13705437349735,-0.695208089212526,-0.69598586687623,-949.825906422278,28,2,"normal",36
"4597",17.9589,0.575310187647781,1,0.737058105862787,80,0.000600089543852416,9.10768555612196,46.5507915067224,-2.21079516479794,3.11757162515239,0.498970606780755,0.498582669471999,-6.7240835936899,9.10768555612196,3.84054400694527,-2.21079516479794,1.13705437349735,-0.695208089212526,-0.69598586687623,-949.825906422278,28,2,"normal",37
"4598",16.94876,0.566801658167408,1,0.708698905878888,80,0.000600089543852416,9.10768555612196,46.5507915067224,-2.21079516479794,3.11757162515239,0.498970606780755,0.498582669471999,-6.7240835936899,9.10768555612196,3.84054400694527,-2.21079516479794,1.13705437349735,-0.695208089212526,-0.69598586687623,-949.825906422278,28,2,"normal",38
"4599",18.7116,0.581627703800522,1,0.686503835285439,80,0.000600089543852416,9.10768555612196,46.5507915067224,-2.21079516479794,3.11757162515239,0.498970606780755,0.498582669471999,-6.7240835936899,9.10768555612196,3.84054400694527,-2.21079516479794,1.13705437349735,-0.695208089212526,-0.69598586687623,-949.825906422278,28,2,"normal",39
"4600",-0.199599999999999,0.420859519642671,0,0.715168694947406,80,0.000600089543852416,9.10768555612196,46.5507915067224,-2.21079516479794,3.11757162515239,0.498970606780755,0.498582669471999,-6.7240835936899,9.10768555612196,3.84054400694527,-2.21079516479794,1.13705437349735,-0.695208089212526,-0.69598586687623,-949.825906422278,28,2,"normal",40
"4601",28.21961,0.659111456664831,1,1.70364256750625,80,0.000600089543852416,9.10768555612196,46.5507915067224,-2.21079516479794,3.11757162515239,0.498970606780755,0.498582669471999,-6.7240835936899,9.10768555612196,3.84054400694527,-2.21079516479794,1.13705437349735,-0.695208089212526,-0.69598586687623,-949.825906422278,28,2,"normal",41
"4602",-18.72792,0.275202757191085,0,0.784164416724249,80,0.000600089543852416,9.10768555612196,46.5507915067224,-2.21079516479794,3.11757162515239,0.498970606780755,0.498582669471999,-6.7240835936899,9.10768555612196,3.84054400694527,-2.21079516479794,1.13705437349735,-0.695208089212526,-0.69598586687623,-949.825906422278,28,2,"normal",42
"4603",5.240261,0.466933827125265,1,0.993964180896653,80,0.000600089543852416,9.10768555612196,46.5507915067224,-2.21079516479794,3.11757162515239,0.498970606780755,0.498582669471999,-6.7240835936899,9.10768555612196,3.84054400694527,-2.21079516479794,1.13705437349735,-0.695208089212526,-0.69598586687623,-949.825906422278,28,2,"normal",43
"4604",11.35862,0.519259946857427,1,0.868903101718984,80,0.000600089543852416,9.10768555612196,46.5507915067224,-2.21079516479794,3.11757162515239,0.498970606780755,0.498582669471999,-6.7240835936899,9.10768555612196,3.84054400694527,-2.21079516479794,1.13705437349735,-0.695208089212526,-0.69598586687623,-949.825906422278,28,2,"normal",44
"4605",-20.70645,0.26122220825937,1,0.660879194745112,80,0.000600089543852416,9.10768555612196,46.5507915067224,-2.21079516479794,3.11757162515239,0.498970606780755,0.498582669471999,-6.7240835936899,9.10768555612196,3.84054400694527,-2.21079516479794,1.13705437349735,-0.695208089212526,-0.69598586687623,-949.825906422278,28,2,"normal",45
"4606",-47.64052,0.11187709645107,0,0.625068942976287,80,0.000600089543852416,9.10768555612196,46.5507915067224,-2.21079516479794,3.11757162515239,0.498970606780755,0.498582669471999,-6.7240835936899,9.10768555612196,3.84054400694527,-2.21079516479794,1.13705437349735,-0.695208089212526,-0.69598586687623,-949.825906422278,28,2,"normal",46
"4607",-4.68443,0.383647554850856,0,0.668902612159683,80,0.000600089543852416,9.10768555612196,46.5507915067224,-2.21079516479794,3.11757162515239,0.498970606780755,0.498582669471999,-6.7240835936899,9.10768555612196,3.84054400694527,-2.21079516479794,1.13705437349735,-0.695208089212526,-0.69598586687623,-949.825906422278,28,2,"normal",47
"4608",-42.5008,0.13423034551367,0,0.808256791634034,80,0.000600089543852416,9.10768555612196,46.5507915067224,-2.21079516479794,3.11757162515239,0.498970606780755,0.498582669471999,-6.7240835936899,9.10768555612196,3.84054400694527,-2.21079516479794,1.13705437349735,-0.695208089212526,-0.69598586687623,-949.825906422278,28,2,"normal",48
"4609",25.9714,0.641253197444165,1,0.61348061224203,80,0.000600089543852416,9.10768555612196,46.5507915067224,-2.21079516479794,3.11757162515239,0.498970606780755,0.498582669471999,-6.7240835936899,9.10768555612196,3.84054400694527,-2.21079516479794,1.13705437349735,-0.695208089212526,-0.69598586687623,-949.825906422278,28,2,"normal",49
"4610",18.52685,0.580078958804242,0,0.894350340503697,80,0.000600089543852416,9.10768555612196,46.5507915067224,-2.21079516479794,3.11757162515239,0.498970606780755,0.498582669471999,-6.7240835936899,9.10768555612196,3.84054400694527,-2.21079516479794,1.13705437349735,-0.695208089212526,-0.69598586687623,-949.825906422278,28,2,"normal",50
"4611",-8.12028,0.355831087864978,1,0.851611176151398,80,0.000600089543852416,9.10768555612196,46.5507915067224,-2.21079516479794,3.11757162515239,0.498970606780755,0.498582669471999,-6.7240835936899,9.10768555612196,3.84054400694527,-2.21079516479794,1.13705437349735,-0.695208089212526,-0.69598586687623,-949.825906422278,28,2,"normal",51
"4612",18.258932,0.577830818683031,1,0.752775921583163,80,0.000600089543852416,9.10768555612196,46.5507915067224,-2.21079516479794,3.11757162515239,0.498970606780755,0.498582669471999,-6.7240835936899,9.10768555612196,3.84054400694527,-2.21079516479794,1.13705437349735,-0.695208089212526,-0.69598586687623,-949.825906422278,28,2,"normal",52
"4613",-9.031981,0.348570507722441,0,0.845894329825813,80,0.000600089543852416,9.10768555612196,46.5507915067224,-2.21079516479794,3.11757162515239,0.498970606780755,0.498582669471999,-6.7240835936899,9.10768555612196,3.84054400694527,-2.21079516479794,1.13705437349735,-0.695208089212526,-0.69598586687623,-949.825906422278,28,2,"normal",53
"4614",-14.25645,0.30809731087816,0,0.595454583079823,80,0.000600089543852416,9.10768555612196,46.5507915067224,-2.21079516479794,3.11757162515239,0.498970606780755,0.498582669471999,-6.7240835936899,9.10768555612196,3.84054400694527,-2.21079516479794,1.13705437349735,-0.695208089212526,-0.69598586687623,-949.825906422278,28,2,"normal",54
"4615",13.78207,0.539944457769317,1,0.930045744003887,80,0.000600089543852416,9.10768555612196,46.5507915067224,-2.21079516479794,3.11757162515239,0.498970606780755,0.498582669471999,-6.7240835936899,9.10768555612196,3.84054400694527,-2.21079516479794,1.13705437349735,-0.695208089212526,-0.69598586687623,-949.825906422278,28,2,"normal",55
"4616",7.54996,0.486668735304815,1,0.756700654738856,80,0.000600089543852416,9.10768555612196,46.5507915067224,-2.21079516479794,3.11757162515239,0.498970606780755,0.498582669471999,-6.7240835936899,9.10768555612196,3.84054400694527,-2.21079516479794,1.13705437349735,-0.695208089212526,-0.69598586687623,-949.825906422278,28,2,"normal",56
"4617",13.18761,0.534878503784024,1,0.667906574066584,80,0.000600089543852416,9.10768555612196,46.5507915067224,-2.21079516479794,3.11757162515239,0.498970606780755,0.498582669471999,-6.7240835936899,9.10768555612196,3.84054400694527,-2.21079516479794,1.13705437349735,-0.695208089212526,-0.69598586687623,-949.825906422278,28,2,"normal",57
"4618",13.23875,0.535314550628741,1,1.16714686691534,80,0.000600089543852416,9.10768555612196,46.5507915067224,-2.21079516479794,3.11757162515239,0.498970606780755,0.498582669471999,-6.7240835936899,9.10768555612196,3.84054400694527,-2.21079516479794,1.13705437349735,-0.695208089212526,-0.69598586687623,-949.825906422278,28,2,"normal",58
"4619",21.801392,0.607323386749145,0,0.696563112067374,80,0.000600089543852416,9.10768555612196,46.5507915067224,-2.21079516479794,3.11757162515239,0.498970606780755,0.498582669471999,-6.7240835936899,9.10768555612196,3.84054400694527,-2.21079516479794,1.13705437349735,-0.695208089212526,-0.69598586687623,-949.825906422278,28,2,"normal",59
"4620",18.262863,0.577863822865772,1,0.810916163273122,80,0.000600089543852416,9.10768555612196,46.5507915067224,-2.21079516479794,3.11757162515239,0.498970606780755,0.498582669471999,-6.7240835936899,9.10768555612196,3.84054400694527,-2.21079516479794,1.13705437349735,-0.695208089212526,-0.69598586687623,-949.825906422278,28,2,"normal",60
"4621",-1.1252604264,0.413108818574735,0,0.687306460750364,80,0.000600089543852416,9.10768555612196,46.5507915067224,-2.21079516479794,3.11757162515239,0.498970606780755,0.498582669471999,-6.7240835936899,9.10768555612196,3.84054400694527,-2.21079516479794,1.13705437349735,-0.695208089212526,-0.69598586687623,-949.825906422278,28,2,"normal",61
"4622",-12.38934,0.322326872380552,0,0.705209839992484,80,0.000600089543852416,9.10768555612196,46.5507915067224,-2.21079516479794,3.11757162515239,0.498970606780755,0.498582669471999,-6.7240835936899,9.10768555612196,3.84054400694527,-2.21079516479794,1.13705437349735,-0.695208089212526,-0.69598586687623,-949.825906422278,28,2,"normal",62
"4623",-12.14199,0.324232316282354,0,0.585709387079586,80,0.000600089543852416,9.10768555612196,46.5507915067224,-2.21079516479794,3.11757162515239,0.498970606780755,0.498582669471999,-6.7240835936899,9.10768555612196,3.84054400694527,-2.21079516479794,1.13705437349735,-0.695208089212526,-0.69598586687623,-949.825906422278,28,2,"normal",63
"4624",-25.67653,0.227789025228527,0,0.742329449057869,80,0.000600089543852416,9.10768555612196,46.5507915067224,-2.21079516479794,3.11757162515239,0.498970606780755,0.498582669471999,-6.7240835936899,9.10768555612196,3.84054400694527,-2.21079516479794,1.13705437349735,-0.695208089212526,-0.69598586687623,-949.825906422278,28,2,"normal",64
"4625",-19.52975,0.26949264265459,1,0.63505695729718,80,0.000600089543852416,9.10768555612196,46.5507915067224,-2.21079516479794,3.11757162515239,0.498970606780755,0.498582669471999,-6.7240835936899,9.10768555612196,3.84054400694527,-2.21079516479794,1.13705437349735,-0.695208089212526,-0.69598586687623,-949.825906422278,28,2,"normal",65
"4626",21.41418,0.604126322040715,0,0.759545752202375,80,0.000600089543852416,9.10768555612196,46.5507915067224,-2.21079516479794,3.11757162515239,0.498970606780755,0.498582669471999,-6.7240835936899,9.10768555612196,3.84054400694527,-2.21079516479794,1.13705437349735,-0.695208089212526,-0.69598586687623,-949.825906422278,28,2,"normal",66
"4627",12.79364,0.53151793749091,0,0.979851614785742,80,0.000600089543852416,9.10768555612196,46.5507915067224,-2.21079516479794,3.11757162515239,0.498970606780755,0.498582669471999,-6.7240835936899,9.10768555612196,3.84054400694527,-2.21079516479794,1.13705437349735,-0.695208089212526,-0.69598586687623,-949.825906422278,28,2,"normal",67
"4628",27.03332,0.649729860096176,1,0.948719741747015,80,0.000600089543852416,9.10768555612196,46.5507915067224,-2.21079516479794,3.11757162515239,0.498970606780755,0.498582669471999,-6.7240835936899,9.10768555612196,3.84054400694527,-2.21079516479794,1.13705437349735,-0.695208089212526,-0.69598586687623,-949.825906422278,28,2,"normal",68
"4629",-22.58588,0.248289341306721,0,0.710624016082415,80,0.000600089543852416,9.10768555612196,46.5507915067224,-2.21079516479794,3.11757162515239,0.498970606780755,0.498582669471999,-6.7240835936899,9.10768555612196,3.84054400694527,-2.21079516479794,1.13705437349735,-0.695208089212526,-0.69598586687623,-949.825906422278,28,2,"normal",69
"4630",0.38447,0.42576610402423,0,0.564781624567173,80,0.000600089543852416,9.10768555612196,46.5507915067224,-2.21079516479794,3.11757162515239,0.498970606780755,0.498582669471999,-6.7240835936899,9.10768555612196,3.84054400694527,-2.21079516479794,1.13705437349735,-0.695208089212526,-0.69598586687623,-949.825906422278,28,2,"normal",70
"4631",8.58268,0.495506175115774,0,0.743790459368579,80,0.000600089543852416,9.10768555612196,46.5507915067224,-2.21079516479794,3.11757162515239,0.498970606780755,0.498582669471999,-6.7240835936899,9.10768555612196,3.84054400694527,-2.21079516479794,1.13705437349735,-0.695208089212526,-0.69598586687623,-949.825906422278,28,2,"normal",71
"4632",-36.18337,0.165693653119177,1,0.81268076123241,80,0.000600089543852416,9.10768555612196,46.5507915067224,-2.21079516479794,3.11757162515239,0.498970606780755,0.498582669471999,-6.7240835936899,9.10768555612196,3.84054400694527,-2.21079516479794,1.13705437349735,-0.695208089212526,-0.69598586687623,-949.825906422278,28,2,"normal",72
"4633",1.47824,0.434984994771426,1,0.741110485478541,80,0.000600089543852416,9.10768555612196,46.5507915067224,-2.21079516479794,3.11757162515239,0.498970606780755,0.498582669471999,-6.7240835936899,9.10768555612196,3.84054400694527,-2.21079516479794,1.13705437349735,-0.695208089212526,-0.69598586687623,-949.825906422278,28,2,"normal",73
"4634",28.15014,0.658564706039446,0,0.584195013770605,80,0.000600089543852416,9.10768555612196,46.5507915067224,-2.21079516479794,3.11757162515239,0.498970606780755,0.498582669471999,-6.7240835936899,9.10768555612196,3.84054400694527,-2.21079516479794,1.13705437349735,-0.695208089212526,-0.69598586687623,-949.825906422278,28,2,"normal",74
"4635",-9.12697,0.347817171604876,0,0.894427036505209,80,0.000600089543852416,9.10768555612196,46.5507915067224,-2.21079516479794,3.11757162515239,0.498970606780755,0.498582669471999,-6.7240835936899,9.10768555612196,3.84054400694527,-2.21079516479794,1.13705437349735,-0.695208089212526,-0.69598586687623,-949.825906422278,28,2,"normal",75
"4636",21.07768,0.601342244218952,1,0.691198693837773,80,0.000600089543852416,9.10768555612196,46.5507915067224,-2.21079516479794,3.11757162515239,0.498970606780755,0.498582669471999,-6.7240835936899,9.10768555612196,3.84054400694527,-2.21079516479794,1.13705437349735,-0.695208089212526,-0.69598586687623,-949.825906422278,28,2,"normal",76
"4637",28.96395,0.664948423579248,0,0.788464432006307,80,0.000600089543852416,9.10768555612196,46.5507915067224,-2.21079516479794,3.11757162515239,0.498970606780755,0.498582669471999,-6.7240835936899,9.10768555612196,3.84054400694527,-2.21079516479794,1.13705437349735,-0.695208089212526,-0.69598586687623,-949.825906422278,28,2,"normal",77
"4638",29.61972,0.670058007791359,1,0.699863785150667,80,0.000600089543852416,9.10768555612196,46.5507915067224,-2.21079516479794,3.11757162515239,0.498970606780755,0.498582669471999,-6.7240835936899,9.10768555612196,3.84054400694527,-2.21079516479794,1.13705437349735,-0.695208089212526,-0.69598586687623,-949.825906422278,28,2,"normal",78
"4639",-17.93087,0.280937421772404,0,0.731391091761849,80,0.000600089543852416,9.10768555612196,46.5507915067224,-2.21079516479794,3.11757162515239,0.498970606780755,0.498582669471999,-6.7240835936899,9.10768555612196,3.84054400694527,-2.21079516479794,1.13705437349735,-0.695208089212526,-0.69598586687623,-949.825906422278,28,2,"normal",79
"4640",0.40951,0.425976720531422,1,0.593455617388075,80,0.000600089543852416,9.10768555612196,46.5507915067224,-2.21079516479794,3.11757162515239,0.498970606780755,0.498582669471999,-6.7240835936899,9.10768555612196,3.84054400694527,-2.21079516479794,1.13705437349735,-0.695208089212526,-0.69598586687623,-949.825906422278,28,2,"normal",80
"4641",-9.0982308729,0.326088209857568,0,0.261889213231885,80,0.016139852235373,0.720878860485509,21.0306128665841,-1.73616106708513,1.99334170021132,0.297377716011147,0.107378844939752,-3.4005044064442,0.720878860485509,3.0459791317809,-1.73616106708513,0.689812476716049,-1.21275217711397,-2.2313920907996,1341.06549102305,29,2,"normal",1
"4642",6.5665775196,0.605945056274727,1,0.383696149601235,80,0.016139852235373,0.720878860485509,21.0306128665841,-1.73616106708513,1.99334170021132,0.297377716011147,0.107378844939752,-3.4005044064442,0.720878860485509,3.0459791317809,-1.73616106708513,0.689812476716049,-1.21275217711397,-2.2313920907996,1341.06549102305,29,2,"normal",2
"4643",-0.5822339181,0.476093711402712,0,0.267732277214295,80,0.016139852235373,0.720878860485509,21.0306128665841,-1.73616106708513,1.99334170021132,0.297377716011147,0.107378844939752,-3.4005044064442,0.720878860485509,3.0459791317809,-1.73616106708513,0.689812476716049,-1.21275217711397,-2.2313920907996,1341.06549102305,29,2,"normal",3
"4644",2.9722864129,0.541250878150049,0,0.457525146599325,80,0.016139852235373,0.720878860485509,21.0306128665841,-1.73616106708513,1.99334170021132,0.297377716011147,0.107378844939752,-3.4005044064442,0.720878860485509,3.0459791317809,-1.73616106708513,0.689812476716049,-1.21275217711397,-2.2313920907996,1341.06549102305,29,2,"normal",4
"4645",18.61702,0.792835354633297,1,0.366992874789519,80,0.016139852235373,0.720878860485509,21.0306128665841,-1.73616106708513,1.99334170021132,0.297377716011147,0.107378844939752,-3.4005044064442,0.720878860485509,3.0459791317809,-1.73616106708513,0.689812476716049,-1.21275217711397,-2.2313920907996,1341.06549102305,29,2,"normal",5
"4646",12.0118,0.697729294793029,1,0.521440621674928,80,0.016139852235373,0.720878860485509,21.0306128665841,-1.73616106708513,1.99334170021132,0.297377716011147,0.107378844939752,-3.4005044064442,0.720878860485509,3.0459791317809,-1.73616106708513,0.689812476716049,-1.21275217711397,-2.2313920907996,1341.06549102305,29,2,"normal",6
"4647",-7.02034,0.361037291144302,0,0.574992609415745,80,0.016139852235373,0.720878860485509,21.0306128665841,-1.73616106708513,1.99334170021132,0.297377716011147,0.107378844939752,-3.4005044064442,0.720878860485509,3.0459791317809,-1.73616106708513,0.689812476716049,-1.21275217711397,-2.2313920907996,1341.06549102305,29,2,"normal",7
"4648",-10.8446322,0.297921915949822,0,0.335391495502283,80,0.016139852235373,0.720878860485509,21.0306128665841,-1.73616106708513,1.99334170021132,0.297377716011147,0.107378844939752,-3.4005044064442,0.720878860485509,3.0459791317809,-1.73616106708513,0.689812476716049,-1.21275217711397,-2.2313920907996,1341.06549102305,29,2,"normal",8
"4649",9.4043,0.654988135519457,1,0.416463754802272,80,0.016139852235373,0.720878860485509,21.0306128665841,-1.73616106708513,1.99334170021132,0.297377716011147,0.107378844939752,-3.4005044064442,0.720878860485509,3.0459791317809,-1.73616106708513,0.689812476716049,-1.21275217711397,-2.2313920907996,1341.06549102305,29,2,"normal",9
"4650",7.69543,0.625724965090076,0,0.505909339508652,80,0.016139852235373,0.720878860485509,21.0306128665841,-1.73616106708513,1.99334170021132,0.297377716011147,0.107378844939752,-3.4005044064442,0.720878860485509,3.0459791317809,-1.73616106708513,0.689812476716049,-1.21275217711397,-2.2313920907996,1341.06549102305,29,2,"normal",10
"4651",4.21198,0.563793948895497,0,0.418157072078847,80,0.016139852235373,0.720878860485509,21.0306128665841,-1.73616106708513,1.99334170021132,0.297377716011147,0.107378844939752,-3.4005044064442,0.720878860485509,3.0459791317809,-1.73616106708513,0.689812476716049,-1.21275217711397,-2.2313920907996,1341.06549102305,29,2,"normal",11
"4652",5.04588,0.578839082615603,1,0.393333066162313,80,0.016139852235373,0.720878860485509,21.0306128665841,-1.73616106708513,1.99334170021132,0.297377716011147,0.107378844939752,-3.4005044064442,0.720878860485509,3.0459791317809,-1.73616106708513,0.689812476716049,-1.21275217711397,-2.2313920907996,1341.06549102305,29,2,"normal",12
"4653",1.16173,0.508092228708453,1,0.391690588657444,80,0.016139852235373,0.720878860485509,21.0306128665841,-1.73616106708513,1.99334170021132,0.297377716011147,0.107378844939752,-3.4005044064442,0.720878860485509,3.0459791317809,-1.73616106708513,0.689812476716049,-1.21275217711397,-2.2313920907996,1341.06549102305,29,2,"normal",13
"4654",2.74584,0.537115390328373,1,0.409586948963138,80,0.016139852235373,0.720878860485509,21.0306128665841,-1.73616106708513,1.99334170021132,0.297377716011147,0.107378844939752,-3.4005044064442,0.720878860485509,3.0459791317809,-1.73616106708513,0.689812476716049,-1.21275217711397,-2.2313920907996,1341.06549102305,29,2,"normal",14
"4655",4.16408,0.562926504886593,1,0.4496689918164,80,0.016139852235373,0.720878860485509,21.0306128665841,-1.73616106708513,1.99334170021132,0.297377716011147,0.107378844939752,-3.4005044064442,0.720878860485509,3.0459791317809,-1.73616106708513,0.689812476716049,-1.21275217711397,-2.2313920907996,1341.06549102305,29,2,"normal",15
"4656",25.23413,0.865906265288037,1,0.306545495744817,80,0.016139852235373,0.720878860485509,21.0306128665841,-1.73616106708513,1.99334170021132,0.297377716011147,0.107378844939752,-3.4005044064442,0.720878860485509,3.0459791317809,-1.73616106708513,0.689812476716049,-1.21275217711397,-2.2313920907996,1341.06549102305,29,2,"normal",16
"4657",-0.73104,0.473367897918603,0,0.360098232353128,80,0.016139852235373,0.720878860485509,21.0306128665841,-1.73616106708513,1.99334170021132,0.297377716011147,0.107378844939752,-3.4005044064442,0.720878860485509,3.0459791317809,-1.73616106708513,0.689812476716049,-1.21275217711397,-2.2313920907996,1341.06549102305,29,2,"normal",17
"4658",30.33365,0.906874329250382,1,0.205422423724226,80,0.016139852235373,0.720878860485509,21.0306128665841,-1.73616106708513,1.99334170021132,0.297377716011147,0.107378844939752,-3.4005044064442,0.720878860485509,3.0459791317809,-1.73616106708513,0.689812476716049,-1.21275217711397,-2.2313920907996,1341.06549102305,29,2,"normal",18
"4659",11.28767,0.686115662591914,1,0.286542207890125,80,0.016139852235373,0.720878860485509,21.0306128665841,-1.73616106708513,1.99334170021132,0.297377716011147,0.107378844939752,-3.4005044064442,0.720878860485509,3.0459791317809,-1.73616106708513,0.689812476716049,-1.21275217711397,-2.2313920907996,1341.06549102305,29,2,"normal",19
"4660",-6.4932983,0.370119474356001,0,0.545720724944448,80,0.016139852235373,0.720878860485509,21.0306128665841,-1.73616106708513,1.99334170021132,0.297377716011147,0.107378844939752,-3.4005044064442,0.720878860485509,3.0459791317809,-1.73616106708513,0.689812476716049,-1.21275217711397,-2.2313920907996,1341.06549102305,29,2,"normal",20
"4661",2.15254,0.526261098623848,1,0.520462449381455,80,0.016139852235373,0.720878860485509,21.0306128665841,-1.73616106708513,1.99334170021132,0.297377716011147,0.107378844939752,-3.4005044064442,0.720878860485509,3.0459791317809,-1.73616106708513,0.689812476716049,-1.21275217711397,-2.2313920907996,1341.06549102305,29,2,"normal",21
"4662",5.97556,0.595467233128252,0,0.333045358058015,80,0.016139852235373,0.720878860485509,21.0306128665841,-1.73616106708513,1.99334170021132,0.297377716011147,0.107378844939752,-3.4005044064442,0.720878860485509,3.0459791317809,-1.73616106708513,0.689812476716049,-1.21275217711397,-2.2313920907996,1341.06549102305,29,2,"normal",22
"4663",12.71714,0.708837162345199,1,0.255962760813493,80,0.016139852235373,0.720878860485509,21.0306128665841,-1.73616106708513,1.99334170021132,0.297377716011147,0.107378844939752,-3.4005044064442,0.720878860485509,3.0459791317809,-1.73616106708513,0.689812476716049,-1.21275217711397,-2.2313920907996,1341.06549102305,29,2,"normal",23
"4664",1.67627,0.517532338067899,1,0.320560964776554,80,0.016139852235373,0.720878860485509,21.0306128665841,-1.73616106708513,1.99334170021132,0.297377716011147,0.107378844939752,-3.4005044064442,0.720878860485509,3.0459791317809,-1.73616106708513,0.689812476716049,-1.21275217711397,-2.2313920907996,1341.06549102305,29,2,"normal",24
"4665",8.49113,0.639460625731822,1,0.506035842045864,80,0.016139852235373,0.720878860485509,21.0306128665841,-1.73616106708513,1.99334170021132,0.297377716011147,0.107378844939752,-3.4005044064442,0.720878860485509,3.0459791317809,-1.73616106708513,0.689812476716049,-1.21275217711397,-2.2313920907996,1341.06549102305,29,2,"normal",25
"4666",6.152031,0.598603873185121,0,0.522152609335973,80,0.016139852235373,0.720878860485509,21.0306128665841,-1.73616106708513,1.99334170021132,0.297377716011147,0.107378844939752,-3.4005044064442,0.720878860485509,3.0459791317809,-1.73616106708513,0.689812476716049,-1.21275217711397,-2.2313920907996,1341.06549102305,29,2,"normal",26
"4667",2.564981,0.533809340528018,0,0.411540059669463,80,0.016139852235373,0.720878860485509,21.0306128665841,-1.73616106708513,1.99334170021132,0.297377716011147,0.107378844939752,-3.4005044064442,0.720878860485509,3.0459791317809,-1.73616106708513,0.689812476716049,-1.21275217711397,-2.2313920907996,1341.06549102305,29,2,"normal",27
"4668",2.7523,0.537233428069346,0,0.37344180253635,80,0.016139852235373,0.720878860485509,21.0306128665841,-1.73616106708513,1.99334170021132,0.297377716011147,0.107378844939752,-3.4005044064442,0.720878860485509,3.0459791317809,-1.73616106708513,0.689812476716049,-1.21275217711397,-2.2313920907996,1341.06549102305,29,2,"normal",28
"4669",-2.09784,0.448410533534133,1,0.334195532647898,80,0.016139852235373,0.720878860485509,21.0306128665841,-1.73616106708513,1.99334170021132,0.297377716011147,0.107378844939752,-3.4005044064442,0.720878860485509,3.0459791317809,-1.73616106708513,0.689812476716049,-1.21275217711397,-2.2313920907996,1341.06549102305,29,2,"normal",29
"4670",-0.31261,0.481035604032438,0,0.327507170982445,80,0.016139852235373,0.720878860485509,21.0306128665841,-1.73616106708513,1.99334170021132,0.297377716011147,0.107378844939752,-3.4005044064442,0.720878860485509,3.0459791317809,-1.73616106708513,0.689812476716049,-1.21275217711397,-2.2313920907996,1341.06549102305,29,2,"normal",30
"4671",-3.43494,0.424204139531801,0,0.482032574649193,80,0.016139852235373,0.720878860485509,21.0306128665841,-1.73616106708513,1.99334170021132,0.297377716011147,0.107378844939752,-3.4005044064442,0.720878860485509,3.0459791317809,-1.73616106708513,0.689812476716049,-1.21275217711397,-2.2313920907996,1341.06549102305,29,2,"normal",31
"4672",8.43485,0.638495167730489,1,0.440227619307172,80,0.016139852235373,0.720878860485509,21.0306128665841,-1.73616106708513,1.99334170021132,0.297377716011147,0.107378844939752,-3.4005044064442,0.720878860485509,3.0459791317809,-1.73616106708513,0.689812476716049,-1.21275217711397,-2.2313920907996,1341.06549102305,29,2,"normal",32
"4673",-3.3922,0.424973712919836,0,0.450334070802995,80,0.016139852235373,0.720878860485509,21.0306128665841,-1.73616106708513,1.99334170021132,0.297377716011147,0.107378844939752,-3.4005044064442,0.720878860485509,3.0459791317809,-1.73616106708513,0.689812476716049,-1.21275217711397,-2.2313920907996,1341.06549102305,29,2,"normal",33
"4674",16.75044,0.76808762544452,1,0.352291198441771,80,0.016139852235373,0.720878860485509,21.0306128665841,-1.73616106708513,1.99334170021132,0.297377716011147,0.107378844939752,-3.4005044064442,0.720878860485509,3.0459791317809,-1.73616106708513,0.689812476716049,-1.21275217711397,-2.2313920907996,1341.06549102305,29,2,"normal",34
"4675",7.12491,0.615768667440305,1,0.440893578004292,80,0.016139852235373,0.720878860485509,21.0306128665841,-1.73616106708513,1.99334170021132,0.297377716011147,0.107378844939752,-3.4005044064442,0.720878860485509,3.0459791317809,-1.73616106708513,0.689812476716049,-1.21275217711397,-2.2313920907996,1341.06549102305,29,2,"normal",35
"4676",-2.12578,0.447902263164881,0,0.459266192778603,80,0.016139852235373,0.720878860485509,21.0306128665841,-1.73616106708513,1.99334170021132,0.297377716011147,0.107378844939752,-3.4005044064442,0.720878860485509,3.0459791317809,-1.73616106708513,0.689812476716049,-1.21275217711397,-2.2313920907996,1341.06549102305,29,2,"normal",36
"4677",3.24783,0.546276533623111,1,0.379945188527028,80,0.016139852235373,0.720878860485509,21.0306128665841,-1.73616106708513,1.99334170021132,0.297377716011147,0.107378844939752,-3.4005044064442,0.720878860485509,3.0459791317809,-1.73616106708513,0.689812476716049,-1.21275217711397,-2.2313920907996,1341.06549102305,29,2,"normal",37
"4678",-2.133921,0.447754183359665,0,0.340443701721003,80,0.016139852235373,0.720878860485509,21.0306128665841,-1.73616106708513,1.99334170021132,0.297377716011147,0.107378844939752,-3.4005044064442,0.720878860485509,3.0459791317809,-1.73616106708513,0.689812476716049,-1.21275217711397,-2.2313920907996,1341.06549102305,29,2,"normal",38
"4679",0.0465399999999998,0.487623103483579,1,0.395303862989347,80,0.016139852235373,0.720878860485509,21.0306128665841,-1.73616106708513,1.99334170021132,0.297377716011147,0.107378844939752,-3.4005044064442,0.720878860485509,3.0459791317809,-1.73616106708513,0.689812476716049,-1.21275217711397,-2.2313920907996,1341.06549102305,29,2,"normal",39
"4680",-4.16711,0.411071260719533,0,0.29521181558915,80,0.016139852235373,0.720878860485509,21.0306128665841,-1.73616106708513,1.99334170021132,0.297377716011147,0.107378844939752,-3.4005044064442,0.720878860485509,3.0459791317809,-1.73616106708513,0.689812476716049,-1.21275217711397,-2.2313920907996,1341.06549102305,29,2,"normal",40
"4681",-3.91662,0.415553128378022,1,0.442061970709134,80,0.016139852235373,0.720878860485509,21.0306128665841,-1.73616106708513,1.99334170021132,0.297377716011147,0.107378844939752,-3.4005044064442,0.720878860485509,3.0459791317809,-1.73616106708513,0.689812476716049,-1.21275217711397,-2.2313920907996,1341.06549102305,29,2,"normal",41
"4682",9.42892,0.655403062178312,1,0.315196352250634,80,0.016139852235373,0.720878860485509,21.0306128665841,-1.73616106708513,1.99334170021132,0.297377716011147,0.107378844939752,-3.4005044064442,0.720878860485509,3.0459791317809,-1.73616106708513,0.689812476716049,-1.21275217711397,-2.2313920907996,1341.06549102305,29,2,"normal",42
"4683",9.37517,0.654496941707504,0,0.292327335022836,80,0.016139852235373,0.720878860485509,21.0306128665841,-1.73616106708513,1.99334170021132,0.297377716011147,0.107378844939752,-3.4005044064442,0.720878860485509,3.0459791317809,-1.73616106708513,0.689812476716049,-1.21275217711397,-2.2313920907996,1341.06549102305,29,2,"normal",43
"4684",-4.93015,0.397497506282279,1,0.340776787375651,80,0.016139852235373,0.720878860485509,21.0306128665841,-1.73616106708513,1.99334170021132,0.297377716011147,0.107378844939752,-3.4005044064442,0.720878860485509,3.0459791317809,-1.73616106708513,0.689812476716049,-1.21275217711397,-2.2313920907996,1341.06549102305,29,2,"normal",44
"4685",-7.40568,0.354449462406041,1,0.261047352399826,80,0.016139852235373,0.720878860485509,21.0306128665841,-1.73616106708513,1.99334170021132,0.297377716011147,0.107378844939752,-3.4005044064442,0.720878860485509,3.0459791317809,-1.73616106708513,0.689812476716049,-1.21275217711397,-2.2313920907996,1341.06549102305,29,2,"normal",45
"4686",-6.301529,0.373443837826537,0,0.46567042300367,80,0.016139852235373,0.720878860485509,21.0306128665841,-1.73616106708513,1.99334170021132,0.297377716011147,0.107378844939752,-3.4005044064442,0.720878860485509,3.0459791317809,-1.73616106708513,0.689812476716049,-1.21275217711397,-2.2313920907996,1341.06549102305,29,2,"normal",46
"4687",16.54992,0.765324591312199,0,0.345887383599032,80,0.016139852235373,0.720878860485509,21.0306128665841,-1.73616106708513,1.99334170021132,0.297377716011147,0.107378844939752,-3.4005044064442,0.720878860485509,3.0459791317809,-1.73616106708513,0.689812476716049,-1.21275217711397,-2.2313920907996,1341.06549102305,29,2,"normal",47
"4688",-8.51597,0.335734128655684,0,0.522385109297996,80,0.016139852235373,0.720878860485509,21.0306128665841,-1.73616106708513,1.99334170021132,0.297377716011147,0.107378844939752,-3.4005044064442,0.720878860485509,3.0459791317809,-1.73616106708513,0.689812476716049,-1.21275217711397,-2.2313920907996,1341.06549102305,29,2,"normal",48
"4689",-18.10952,0.195450568416908,0,0.319265964367223,80,0.016139852235373,0.720878860485509,21.0306128665841,-1.73616106708513,1.99334170021132,0.297377716011147,0.107378844939752,-3.4005044064442,0.720878860485509,3.0459791317809,-1.73616106708513,0.689812476716049,-1.21275217711397,-2.2313920907996,1341.06549102305,29,2,"normal",49
"4690",10.58562,0.674662574461408,0,0.361916224761367,80,0.016139852235373,0.720878860485509,21.0306128665841,-1.73616106708513,1.99334170021132,0.297377716011147,0.107378844939752,-3.4005044064442,0.720878860485509,3.0459791317809,-1.73616106708513,0.689812476716049,-1.21275217711397,-2.2313920907996,1341.06549102305,29,2,"normal",50
"4691",4.980016,0.577654919763446,1,0.470161034913934,80,0.016139852235373,0.720878860485509,21.0306128665841,-1.73616106708513,1.99334170021132,0.297377716011147,0.107378844939752,-3.4005044064442,0.720878860485509,3.0459791317809,-1.73616106708513,0.689812476716049,-1.21275217711397,-2.2313920907996,1341.06549102305,29,2,"normal",51
"4692",7.73553,0.626421482721319,1,0.441272426294554,80,0.016139852235373,0.720878860485509,21.0306128665841,-1.73616106708513,1.99334170021132,0.297377716011147,0.107378844939752,-3.4005044064442,0.720878860485509,3.0459791317809,-1.73616106708513,0.689812476716049,-1.21275217711397,-2.2313920907996,1341.06549102305,29,2,"normal",52
"4693",16.82432,0.769100605277867,1,0.323806120100334,80,0.016139852235373,0.720878860485509,21.0306128665841,-1.73616106708513,1.99334170021132,0.297377716011147,0.107378844939752,-3.4005044064442,0.720878860485509,3.0459791317809,-1.73616106708513,0.689812476716049,-1.21275217711397,-2.2313920907996,1341.06549102305,29,2,"normal",53
"4694",-12.43051,0.273429893969639,0,0.42829758714705,80,0.016139852235373,0.720878860485509,21.0306128665841,-1.73616106708513,1.99334170021132,0.297377716011147,0.107378844939752,-3.4005044064442,0.720878860485509,3.0459791317809,-1.73616106708513,0.689812476716049,-1.21275217711397,-2.2313920907996,1341.06549102305,29,2,"normal",54
"4695",-13.72002,0.254342491422475,0,0.40165842124331,80,0.016139852235373,0.720878860485509,21.0306128665841,-1.73616106708513,1.99334170021132,0.297377716011147,0.107378844939752,-3.4005044064442,0.720878860485509,3.0459791317809,-1.73616106708513,0.689812476716049,-1.21275217711397,-2.2313920907996,1341.06549102305,29,2,"normal",55
"4696",-8.826285,0.330578285558329,0,0.402414367029694,80,0.016139852235373,0.720878860485509,21.0306128665841,-1.73616106708513,1.99334170021132,0.297377716011147,0.107378844939752,-3.4005044064442,0.720878860485509,3.0459791317809,-1.73616106708513,0.689812476716049,-1.21275217711397,-2.2313920907996,1341.06549102305,29,2,"normal",56
"4697",11.23007,0.685183033241326,1,0.334939990967203,80,0.016139852235373,0.720878860485509,21.0306128665841,-1.73616106708513,1.99334170021132,0.297377716011147,0.107378844939752,-3.4005044064442,0.720878860485509,3.0459791317809,-1.73616106708513,0.689812476716049,-1.21275217711397,-2.2313920907996,1341.06549102305,29,2,"normal",57
"4698",5.44438,0.585987018184636,0,0.378368847049272,80,0.016139852235373,0.720878860485509,21.0306128665841,-1.73616106708513,1.99334170021132,0.297377716011147,0.107378844939752,-3.4005044064442,0.720878860485509,3.0459791317809,-1.73616106708513,0.689812476716049,-1.21275217711397,-2.2313920907996,1341.06549102305,29,2,"normal",58
"4699",-15.203123,0.233364425016272,0,0.3768242775053,80,0.016139852235373,0.720878860485509,21.0306128665841,-1.73616106708513,1.99334170021132,0.297377716011147,0.107378844939752,-3.4005044064442,0.720878860485509,3.0459791317809,-1.73616106708513,0.689812476716049,-1.21275217711397,-2.2313920907996,1341.06549102305,29,2,"normal",59
"4700",20.01758,0.810225504810633,1,0.310302401708387,80,0.016139852235373,0.720878860485509,21.0306128665841,-1.73616106708513,1.99334170021132,0.297377716011147,0.107378844939752,-3.4005044064442,0.720878860485509,3.0459791317809,-1.73616106708513,0.689812476716049,-1.21275217711397,-2.2313920907996,1341.06549102305,29,2,"normal",60
"4701",12.31307,0.702498976866374,1,0.359559820474012,80,0.016139852235373,0.720878860485509,21.0306128665841,-1.73616106708513,1.99334170021132,0.297377716011147,0.107378844939752,-3.4005044064442,0.720878860485509,3.0459791317809,-1.73616106708513,0.689812476716049,-1.21275217711397,-2.2313920907996,1341.06549102305,29,2,"normal",61
"4702",12.94681,0.712409041387153,0,0.404623990464634,80,0.016139852235373,0.720878860485509,21.0306128665841,-1.73616106708513,1.99334170021132,0.297377716011147,0.107378844939752,-3.4005044064442,0.720878860485509,3.0459791317809,-1.73616106708513,0.689812476716049,-1.21275217711397,-2.2313920907996,1341.06549102305,29,2,"normal",62
"4703",-11.09016,0.294059728008897,0,0.462117464945189,80,0.016139852235373,0.720878860485509,21.0306128665841,-1.73616106708513,1.99334170021132,0.297377716011147,0.107378844939752,-3.4005044064442,0.720878860485509,3.0459791317809,-1.73616106708513,0.689812476716049,-1.21275217711397,-2.2313920907996,1341.06549102305,29,2,"normal",63
"4704",-2.52402,0.440668039284206,1,0.317207417733781,80,0.016139852235373,0.720878860485509,21.0306128665841,-1.73616106708513,1.99334170021132,0.297377716011147,0.107378844939752,-3.4005044064442,0.720878860485509,3.0459791317809,-1.73616106708513,0.689812476716049,-1.21275217711397,-2.2313920907996,1341.06549102305,29,2,"normal",64
"4705",8.47346,0.639157607329339,0,0.451539658433266,80,0.016139852235373,0.720878860485509,21.0306128665841,-1.73616106708513,1.99334170021132,0.297377716011147,0.107378844939752,-3.4005044064442,0.720878860485509,3.0459791317809,-1.73616106708513,0.689812476716049,-1.21275217711397,-2.2313920907996,1341.06549102305,29,2,"normal",65
"4706",-17.977515,0.197078095460528,0,0.537520333406427,80,0.016139852235373,0.720878860485509,21.0306128665841,-1.73616106708513,1.99334170021132,0.297377716011147,0.107378844939752,-3.4005044064442,0.720878860485509,3.0459791317809,-1.73616106708513,0.689812476716049,-1.21275217711397,-2.2313920907996,1341.06549102305,29,2,"normal",66
"4707",25.9290269,0.872249243109983,1,0.444943690782025,80,0.016139852235373,0.720878860485509,21.0306128665841,-1.73616106708513,1.99334170021132,0.297377716011147,0.107378844939752,-3.4005044064442,0.720878860485509,3.0459791317809,-1.73616106708513,0.689812476716049,-1.21275217711397,-2.2313920907996,1341.06549102305,29,2,"normal",67
"4708",-18.44575,0.191346326162122,1,0.412393275442826,80,0.016139852235373,0.720878860485509,21.0306128665841,-1.73616106708513,1.99334170021132,0.297377716011147,0.107378844939752,-3.4005044064442,0.720878860485509,3.0459791317809,-1.73616106708513,0.689812476716049,-1.21275217711397,-2.2313920907996,1341.06549102305,29,2,"normal",68
"4709",22.21994,0.835483970731302,1,0.229084821921714,80,0.016139852235373,0.720878860485509,21.0306128665841,-1.73616106708513,1.99334170021132,0.297377716011147,0.107378844939752,-3.4005044064442,0.720878860485509,3.0459791317809,-1.73616106708513,0.689812476716049,-1.21275217711397,-2.2313920907996,1341.06549102305,29,2,"normal",69
"4710",-17.761068,0.199766436712032,0,0.30379587181291,80,0.016139852235373,0.720878860485509,21.0306128665841,-1.73616106708513,1.99334170021132,0.297377716011147,0.107378844939752,-3.4005044064442,0.720878860485509,3.0459791317809,-1.73616106708513,0.689812476716049,-1.21275217711397,-2.2313920907996,1341.06549102305,29,2,"normal",70
"4711",16.04358,0.758259242805886,1,0.48067335855626,80,0.016139852235373,0.720878860485509,21.0306128665841,-1.73616106708513,1.99334170021132,0.297377716011147,0.107378844939752,-3.4005044064442,0.720878860485509,3.0459791317809,-1.73616106708513,0.689812476716049,-1.21275217711397,-2.2313920907996,1341.06549102305,29,2,"normal",71
"4712",-17.83117,0.198893069894161,0,0.396039355781758,80,0.016139852235373,0.720878860485509,21.0306128665841,-1.73616106708513,1.99334170021132,0.297377716011147,0.107378844939752,-3.4005044064442,0.720878860485509,3.0459791317809,-1.73616106708513,0.689812476716049,-1.21275217711397,-2.2313920907996,1341.06549102305,29,2,"normal",72
"4713",-16.46353,0.216391792851113,0,0.313539605376553,80,0.016139852235373,0.720878860485509,21.0306128665841,-1.73616106708513,1.99334170021132,0.297377716011147,0.107378844939752,-3.4005044064442,0.720878860485509,3.0459791317809,-1.73616106708513,0.689812476716049,-1.21275217711397,-2.2313920907996,1341.06549102305,29,2,"normal",73
"4714",-17.95373,0.197372316272621,0,0.323191496886189,80,0.016139852235373,0.720878860485509,21.0306128665841,-1.73616106708513,1.99334170021132,0.297377716011147,0.107378844939752,-3.4005044064442,0.720878860485509,3.0459791317809,-1.73616106708513,0.689812476716049,-1.21275217711397,-2.2313920907996,1341.06549102305,29,2,"normal",74
"4715",9.37216,0.654446170722312,1,0.463784605847058,80,0.016139852235373,0.720878860485509,21.0306128665841,-1.73616106708513,1.99334170021132,0.297377716011147,0.107378844939752,-3.4005044064442,0.720878860485509,3.0459791317809,-1.73616106708513,0.689812476716049,-1.21275217711397,-2.2313920907996,1341.06549102305,29,2,"normal",75
"4716",-3.47157,0.423544828143598,0,0.506180651064554,80,0.016139852235373,0.720878860485509,21.0306128665841,-1.73616106708513,1.99334170021132,0.297377716011147,0.107378844939752,-3.4005044064442,0.720878860485509,3.0459791317809,-1.73616106708513,0.689812476716049,-1.21275217711397,-2.2313920907996,1341.06549102305,29,2,"normal",76
"4717",12.941353,0.712324433957798,1,0.339324461697631,80,0.016139852235373,0.720878860485509,21.0306128665841,-1.73616106708513,1.99334170021132,0.297377716011147,0.107378844939752,-3.4005044064442,0.720878860485509,3.0459791317809,-1.73616106708513,0.689812476716049,-1.21275217711397,-2.2313920907996,1341.06549102305,29,2,"normal",77
"4718",20.14906,0.811805307326954,1,0.276454422358332,80,0.016139852235373,0.720878860485509,21.0306128665841,-1.73616106708513,1.99334170021132,0.297377716011147,0.107378844939752,-3.4005044064442,0.720878860485509,3.0459791317809,-1.73616106708513,0.689812476716049,-1.21275217711397,-2.2313920907996,1341.06549102305,29,2,"normal",78
"4719",-5.04445,0.395475155620216,0,0.401113319313953,80,0.016139852235373,0.720878860485509,21.0306128665841,-1.73616106708513,1.99334170021132,0.297377716011147,0.107378844939752,-3.4005044064442,0.720878860485509,3.0459791317809,-1.73616106708513,0.689812476716049,-1.21275217711397,-2.2313920907996,1341.06549102305,29,2,"normal",79
"4720",-13.67669,0.254971299345954,0,0.452324589313074,80,0.016139852235373,0.720878860485509,21.0306128665841,-1.73616106708513,1.99334170021132,0.297377716011147,0.107378844939752,-3.4005044064442,0.720878860485509,3.0459791317809,-1.73616106708513,0.689812476716049,-1.21275217711397,-2.2313920907996,1341.06549102305,29,2,"normal",80
"4721",-9.391943094,0.446973179508014,0,0.688786625771336,80,0.0316914396223052,-5.24808667895755,29.1015177732434,-2.34375936621215,2.6608372932931,0.404425554158837,0.38855516839208,-2.69308079475548,-5.24808667895755,3.37079032997344,-2.34375936621215,0.97864084517802,-0.905287603528491,-0.945320115672773,-1684.16108017726,30,2,"normal",1
"4722",5.75613482072,0.637995371432729,1,0.488444909142345,80,0.0316914396223052,-5.24808667895755,29.1015177732434,-2.34375936621215,2.6608372932931,0.404425554158837,0.38855516839208,-2.69308079475548,-5.24808667895755,3.37079032997344,-2.34375936621215,0.97864084517802,-0.905287603528491,-0.945320115672773,-1684.16108017726,30,2,"normal",2
"4723",-1.620392842,0.54645832434062,1,0.537910270139962,80,0.0316914396223052,-5.24808667895755,29.1015177732434,-2.34375936621215,2.6608372932931,0.404425554158837,0.38855516839208,-2.69308079475548,-5.24808667895755,3.37079032997344,-2.34375936621215,0.97864084517802,-0.905287603528491,-0.945320115672773,-1684.16108017726,30,2,"normal",3
"4724",-5.25938275662,0.499854961207094,1,0.484430274741729,80,0.0316914396223052,-5.24808667895755,29.1015177732434,-2.34375936621215,2.6608372932931,0.404425554158837,0.38855516839208,-2.69308079475548,-5.24808667895755,3.37079032997344,-2.34375936621215,0.97864084517802,-0.905287603528491,-0.945320115672773,-1684.16108017726,30,2,"normal",4
"4725",-9.3922933022,0.446968728282256,1,0.575192127005082,80,0.0316914396223052,-5.24808667895755,29.1015177732434,-2.34375936621215,2.6608372932931,0.404425554158837,0.38855516839208,-2.69308079475548,-5.24808667895755,3.37079032997344,-2.34375936621215,0.97864084517802,-0.905287603528491,-0.945320115672773,-1684.16108017726,30,2,"normal",5
"4726",-6.66608,0.481800524156079,0,0.481378029440649,80,0.0316914396223052,-5.24808667895755,29.1015177732434,-2.34375936621215,2.6608372932931,0.404425554158837,0.38855516839208,-2.69308079475548,-5.24808667895755,3.37079032997344,-2.34375936621215,0.97864084517802,-0.905287603528491,-0.945320115672773,-1684.16108017726,30,2,"normal",6
"4727",15.91686,0.749582913572901,1,0.543622018522417,80,0.0316914396223052,-5.24808667895755,29.1015177732434,-2.34375936621215,2.6608372932931,0.404425554158837,0.38855516839208,-2.69308079475548,-5.24808667895755,3.37079032997344,-2.34375936621215,0.97864084517802,-0.905287603528491,-0.945320115672773,-1684.16108017726,30,2,"normal",7
"4728",1.68412,0.588173146560403,0,0.505759629601351,80,0.0316914396223052,-5.24808667895755,29.1015177732434,-2.34375936621215,2.6608372932931,0.404425554158837,0.38855516839208,-2.69308079475548,-5.24808667895755,3.37079032997344,-2.34375936621215,0.97864084517802,-0.905287603528491,-0.945320115672773,-1684.16108017726,30,2,"normal",8
"4729",-33.9016,0.183806445668485,0,0.598738832557572,80,0.0316914396223052,-5.24808667895755,29.1015177732434,-2.34375936621215,2.6608372932931,0.404425554158837,0.38855516839208,-2.69308079475548,-5.24808667895755,3.37079032997344,-2.34375936621215,0.97864084517802,-0.905287603528491,-0.945320115672773,-1684.16108017726,30,2,"normal",9
"4730",-10.64646,0.431081724036883,0,0.54185824104739,80,0.0316914396223052,-5.24808667895755,29.1015177732434,-2.34375936621215,2.6608372932931,0.404425554158837,0.38855516839208,-2.69308079475548,-5.24808667895755,3.37079032997344,-2.34375936621215,0.97864084517802,-0.905287603528491,-0.945320115672773,-1684.16108017726,30,2,"normal",10
"4731",-4.14501314181,0.51415979609125,0,0.648898856307594,80,0.0316914396223052,-5.24808667895755,29.1015177732434,-2.34375936621215,2.6608372932931,0.404425554158837,0.38855516839208,-2.69308079475548,-5.24808667895755,3.37079032997344,-2.34375936621215,0.97864084517802,-0.905287603528491,-0.945320115672773,-1684.16108017726,30,2,"normal",11
"4732",29.7928,0.861274643210859,1,0.488418244074057,80,0.0316914396223052,-5.24808667895755,29.1015177732434,-2.34375936621215,2.6608372932931,0.404425554158837,0.38855516839208,-2.69308079475548,-5.24808667895755,3.37079032997344,-2.34375936621215,0.97864084517802,-0.905287603528491,-0.945320115672773,-1684.16108017726,30,2,"normal",12
"4733",20.00031,0.787721822987845,1,0.573429506701352,80,0.0316914396223052,-5.24808667895755,29.1015177732434,-2.34375936621215,2.6608372932931,0.404425554158837,0.38855516839208,-2.69308079475548,-5.24808667895755,3.37079032997344,-2.34375936621215,0.97864084517802,-0.905287603528491,-0.945320115672773,-1684.16108017726,30,2,"normal",13
"4734",8.16688,0.666334236357518,0,0.641799272492642,80,0.0316914396223052,-5.24808667895755,29.1015177732434,-2.34375936621215,2.6608372932931,0.404425554158837,0.38855516839208,-2.69308079475548,-5.24808667895755,3.37079032997344,-2.34375936621215,0.97864084517802,-0.905287603528491,-0.945320115672773,-1684.16108017726,30,2,"normal",14
"4735",17.02194,0.760322966383674,1,0.610383736358291,80,0.0316914396223052,-5.24808667895755,29.1015177732434,-2.34375936621215,2.6608372932931,0.404425554158837,0.38855516839208,-2.69308079475548,-5.24808667895755,3.37079032997344,-2.34375936621215,0.97864084517802,-0.905287603528491,-0.945320115672773,-1684.16108017726,30,2,"normal",15
"4736",0.39201521426,0.57196668161637,0,0.511854016695467,80,0.0316914396223052,-5.24808667895755,29.1015177732434,-2.34375936621215,2.6608372932931,0.404425554158837,0.38855516839208,-2.69308079475548,-5.24808667895755,3.37079032997344,-2.34375936621215,0.97864084517802,-0.905287603528491,-0.945320115672773,-1684.16108017726,30,2,"normal",16
"4737",22.6668,0.810279851384387,1,0.536720737581454,80,0.0316914396223052,-5.24808667895755,29.1015177732434,-2.34375936621215,2.6608372932931,0.404425554158837,0.38855516839208,-2.69308079475548,-5.24808667895755,3.37079032997344,-2.34375936621215,0.97864084517802,-0.905287603528491,-0.945320115672773,-1684.16108017726,30,2,"normal",17
"4738",-5.20428,0.500562466529281,0,0.60626851608438,80,0.0316914396223052,-5.24808667895755,29.1015177732434,-2.34375936621215,2.6608372932931,0.404425554158837,0.38855516839208,-2.69308079475548,-5.24808667895755,3.37079032997344,-2.34375936621215,0.97864084517802,-0.905287603528491,-0.945320115672773,-1684.16108017726,30,2,"normal",18
"4739",11.43935,0.703077642584274,1,0.560598707240475,80,0.0316914396223052,-5.24808667895755,29.1015177732434,-2.34375936621215,2.6608372932931,0.404425554158837,0.38855516839208,-2.69308079475548,-5.24808667895755,3.37079032997344,-2.34375936621215,0.97864084517802,-0.905287603528491,-0.945320115672773,-1684.16108017726,30,2,"normal",19
"4740",1.50645933528,0.585954238276881,1,0.557521117151002,80,0.0316914396223052,-5.24808667895755,29.1015177732434,-2.34375936621215,2.6608372932931,0.404425554158837,0.38855516839208,-2.69308079475548,-5.24808667895755,3.37079032997344,-2.34375936621215,0.97864084517802,-0.905287603528491,-0.945320115672773,-1684.16108017726,30,2,"normal",20
"4741",17.043978,0.760534042320499,1,0.630440259185451,80,0.0316914396223052,-5.24808667895755,29.1015177732434,-2.34375936621215,2.6608372932931,0.404425554158837,0.38855516839208,-2.69308079475548,-5.24808667895755,3.37079032997344,-2.34375936621215,0.97864084517802,-0.905287603528491,-0.945320115672773,-1684.16108017726,30,2,"normal",21
"4742",-7.46771,0.471528202602335,1,0.531005707352983,80,0.0316914396223052,-5.24808667895755,29.1015177732434,-2.34375936621215,2.6608372932931,0.404425554158837,0.38855516839208,-2.69308079475548,-5.24808667895755,3.37079032997344,-2.34375936621215,0.97864084517802,-0.905287603528491,-0.945320115672773,-1684.16108017726,30,2,"normal",22
"4743",5.24277,0.631838490471078,1,0.460024215348485,80,0.0316914396223052,-5.24808667895755,29.1015177732434,-2.34375936621215,2.6608372932931,0.404425554158837,0.38855516839208,-2.69308079475548,-5.24808667895755,3.37079032997344,-2.34375936621215,0.97864084517802,-0.905287603528491,-0.945320115672773,-1684.16108017726,30,2,"normal",23
"4744",5.30042,0.632531886367127,0,0.57309086708332,80,0.0316914396223052,-5.24808667895755,29.1015177732434,-2.34375936621215,2.6608372932931,0.404425554158837,0.38855516839208,-2.69308079475548,-5.24808667895755,3.37079032997344,-2.34375936621215,0.97864084517802,-0.905287603528491,-0.945320115672773,-1684.16108017726,30,2,"normal",24
"4745",-16.20455,0.362575699769586,1,0.588061067926817,80,0.0316914396223052,-5.24808667895755,29.1015177732434,-2.34375936621215,2.6608372932931,0.404425554158837,0.38855516839208,-2.69308079475548,-5.24808667895755,3.37079032997344,-2.34375936621215,0.97864084517802,-0.905287603528491,-0.945320115672773,-1684.16108017726,30,2,"normal",25
"4746",-29.45828,0.221568533621405,1,0.488216640214072,80,0.0316914396223052,-5.24808667895755,29.1015177732434,-2.34375936621215,2.6608372932931,0.404425554158837,0.38855516839208,-2.69308079475548,-5.24808667895755,3.37079032997344,-2.34375936621215,0.97864084517802,-0.905287603528491,-0.945320115672773,-1684.16108017726,30,2,"normal",26
"4747",-8.4994939154,0.458339439987638,1,0.796348743730093,80,0.0316914396223052,-5.24808667895755,29.1015177732434,-2.34375936621215,2.6608372932931,0.404425554158837,0.38855516839208,-2.69308079475548,-5.24808667895755,3.37079032997344,-2.34375936621215,0.97864084517802,-0.905287603528491,-0.945320115672773,-1684.16108017726,30,2,"normal",27
"4748",-10.2542705794,0.436037480971139,1,0.499965399957418,80,0.0316914396223052,-5.24808667895755,29.1015177732434,-2.34375936621215,2.6608372932931,0.404425554158837,0.38855516839208,-2.69308079475548,-5.24808667895755,3.37079032997344,-2.34375936621215,0.97864084517802,-0.905287603528491,-0.945320115672773,-1684.16108017726,30,2,"normal",28
"4749",-13.6295,0.393854166995377,1,0.464014331128168,80,0.0316914396223052,-5.24808667895755,29.1015177732434,-2.34375936621215,2.6608372932931,0.404425554158837,0.38855516839208,-2.69308079475548,-5.24808667895755,3.37079032997344,-2.34375936621215,0.97864084517802,-0.905287603528491,-0.945320115672773,-1684.16108017726,30,2,"normal",29
"4750",-33.8093,0.184537454865481,0,0.514999979126436,80,0.0316914396223052,-5.24808667895755,29.1015177732434,-2.34375936621215,2.6608372932931,0.404425554158837,0.38855516839208,-2.69308079475548,-5.24808667895755,3.37079032997344,-2.34375936621215,0.97864084517802,-0.905287603528491,-0.945320115672773,-1684.16108017726,30,2,"normal",30
"4751",-11.8849417244,0.415517410636244,0,0.637931514562128,80,0.0316914396223052,-5.24808667895755,29.1015177732434,-2.34375936621215,2.6608372932931,0.404425554158837,0.38855516839208,-2.69308079475548,-5.24808667895755,3.37079032997344,-2.34375936621215,0.97864084517802,-0.905287603528491,-0.945320115672773,-1684.16108017726,30,2,"normal",31
"4752",7.317,0.656456984447705,1,0.590778252252519,80,0.0316914396223052,-5.24808667895755,29.1015177732434,-2.34375936621215,2.6608372932931,0.404425554158837,0.38855516839208,-2.69308079475548,-5.24808667895755,3.37079032997344,-2.34375936621215,0.97864084517802,-0.905287603528491,-0.945320115672773,-1684.16108017726,30,2,"normal",32
"4753",45.669,0.930759109812514,1,0.57424723032044,80,0.0316914396223052,-5.24808667895755,29.1015177732434,-2.34375936621215,2.6608372932931,0.404425554158837,0.38855516839208,-2.69308079475548,-5.24808667895755,3.37079032997344,-2.34375936621215,0.97864084517802,-0.905287603528491,-0.945320115672773,-1684.16108017726,30,2,"normal",33
"4754",-12.1975488065,0.411611510564738,1,0.541958224009781,80,0.0316914396223052,-5.24808667895755,29.1015177732434,-2.34375936621215,2.6608372932931,0.404425554158837,0.38855516839208,-2.69308079475548,-5.24808667895755,3.37079032997344,-2.34375936621215,0.97864084517802,-0.905287603528491,-0.945320115672773,-1684.16108017726,30,2,"normal",34
"4755",-43.8175,0.118355834734055,0,0.495550136311379,80,0.0316914396223052,-5.24808667895755,29.1015177732434,-2.34375936621215,2.6608372932931,0.404425554158837,0.38855516839208,-2.69308079475548,-5.24808667895755,3.37079032997344,-2.34375936621215,0.97864084517802,-0.905287603528491,-0.945320115672773,-1684.16108017726,30,2,"normal",35
"4756",-24.44168,0.270317854771015,1,0.550217962688975,80,0.0316914396223052,-5.24808667895755,29.1015177732434,-2.34375936621215,2.6608372932931,0.404425554158837,0.38855516839208,-2.69308079475548,-5.24808667895755,3.37079032997344,-2.34375936621215,0.97864084517802,-0.905287603528491,-0.945320115672773,-1684.16108017726,30,2,"normal",36
"4757",-15.51647396503,0.370841923627647,1,0.544634447452953,80,0.0316914396223052,-5.24808667895755,29.1015177732434,-2.34375936621215,2.6608372932931,0.404425554158837,0.38855516839208,-2.69308079475548,-5.24808667895755,3.37079032997344,-2.34375936621215,0.97864084517802,-0.905287603528491,-0.945320115672773,-1684.16108017726,30,2,"normal",37
"4758",-15.835914309,0.366995459084062,1,0.581230555411287,80,0.0316914396223052,-5.24808667895755,29.1015177732434,-2.34375936621215,2.6608372932931,0.404425554158837,0.38855516839208,-2.69308079475548,-5.24808667895755,3.37079032997344,-2.34375936621215,0.97864084517802,-0.905287603528491,-0.945320115672773,-1684.16108017726,30,2,"normal",38
"4759",-18.9686579456,0.330145987428268,0,0.872543833241649,80,0.0316914396223052,-5.24808667895755,29.1015177732434,-2.34375936621215,2.6608372932931,0.404425554158837,0.38855516839208,-2.69308079475548,-5.24808667895755,3.37079032997344,-2.34375936621215,0.97864084517802,-0.905287603528491,-0.945320115672773,-1684.16108017726,30,2,"normal",39
"4760",34.4304,0.887412709622123,1,0.463815548393662,80,0.0316914396223052,-5.24808667895755,29.1015177732434,-2.34375936621215,2.6608372932931,0.404425554158837,0.38855516839208,-2.69308079475548,-5.24808667895755,3.37079032997344,-2.34375936621215,0.97864084517802,-0.905287603528491,-0.945320115672773,-1684.16108017726,30,2,"normal",40
"4761",6.1515,0.642709245390913,0,0.604473391251057,80,0.0316914396223052,-5.24808667895755,29.1015177732434,-2.34375936621215,2.6608372932931,0.404425554158837,0.38855516839208,-2.69308079475548,-5.24808667895755,3.37079032997344,-2.34375936621215,0.97864084517802,-0.905287603528491,-0.945320115672773,-1684.16108017726,30,2,"normal",41
"4762",-15.38953043535,0.372374650968112,0,0.583953545586123,80,0.0316914396223052,-5.24808667895755,29.1015177732434,-2.34375936621215,2.6608372932931,0.404425554158837,0.38855516839208,-2.69308079475548,-5.24808667895755,3.37079032997344,-2.34375936621215,0.97864084517802,-0.905287603528491,-0.945320115672773,-1684.16108017726,30,2,"normal",42
"4763",-13.7944960213,0.391823394304294,0,0.620049823194943,80,0.0316914396223052,-5.24808667895755,29.1015177732434,-2.34375936621215,2.6608372932931,0.404425554158837,0.38855516839208,-2.69308079475548,-5.24808667895755,3.37079032997344,-2.34375936621215,0.97864084517802,-0.905287603528491,-0.945320115672773,-1684.16108017726,30,2,"normal",43
"4764",-24.126,0.273590449415302,0,0.51719725635329,80,0.0316914396223052,-5.24808667895755,29.1015177732434,-2.34375936621215,2.6608372932931,0.404425554158837,0.38855516839208,-2.69308079475548,-5.24808667895755,3.37079032997344,-2.34375936621215,0.97864084517802,-0.905287603528491,-0.945320115672773,-1684.16108017726,30,2,"normal",44
"4765",-31.55655,0.203084320763846,0,0.511236116195969,80,0.0316914396223052,-5.24808667895755,29.1015177732434,-2.34375936621215,2.6608372932931,0.404425554158837,0.38855516839208,-2.69308079475548,-5.24808667895755,3.37079032997344,-2.34375936621215,0.97864084517802,-0.905287603528491,-0.945320115672773,-1684.16108017726,30,2,"normal",45
"4766",-41.58381,0.130887079830085,0,0.479489480706205,80,0.0316914396223052,-5.24808667895755,29.1015177732434,-2.34375936621215,2.6608372932931,0.404425554158837,0.38855516839208,-2.69308079475548,-5.24808667895755,3.37079032997344,-2.34375936621215,0.97864084517802,-0.905287603528491,-0.945320115672773,-1684.16108017726,30,2,"normal",46
"4767",35.88171,0.894521275278166,1,0.485488222255729,80,0.0316914396223052,-5.24808667895755,29.1015177732434,-2.34375936621215,2.6608372932931,0.404425554158837,0.38855516839208,-2.69308079475548,-5.24808667895755,3.37079032997344,-2.34375936621215,0.97864084517802,-0.905287603528491,-0.945320115672773,-1684.16108017726,30,2,"normal",47
"4768",-38.5498,0.149933349255858,0,0.50329771053542,80,0.0316914396223052,-5.24808667895755,29.1015177732434,-2.34375936621215,2.6608372932931,0.404425554158837,0.38855516839208,-2.69308079475548,-5.24808667895755,3.37079032997344,-2.34375936621215,0.97864084517802,-0.905287603528491,-0.945320115672773,-1684.16108017726,30,2,"normal",48
"4769",-23.80724,0.276918421687347,1,0.501269799317776,80,0.0316914396223052,-5.24808667895755,29.1015177732434,-2.34375936621215,2.6608372932931,0.404425554158837,0.38855516839208,-2.69308079475548,-5.24808667895755,3.37079032997344,-2.34375936621215,0.97864084517802,-0.905287603528491,-0.945320115672773,-1684.16108017726,30,2,"normal",49
"4770",-43.3687,0.120774707323726,0,0.572256268949888,80,0.0316914396223052,-5.24808667895755,29.1015177732434,-2.34375936621215,2.6608372932931,0.404425554158837,0.38855516839208,-2.69308079475548,-5.24808667895755,3.37079032997344,-2.34375936621215,0.97864084517802,-0.905287603528491,-0.945320115672773,-1684.16108017726,30,2,"normal",50
"4771",-34.4734,0.179328634582409,0,0.564475780403456,80,0.0316914396223052,-5.24808667895755,29.1015177732434,-2.34375936621215,2.6608372932931,0.404425554158837,0.38855516839208,-2.69308079475548,-5.24808667895755,3.37079032997344,-2.34375936621215,0.97864084517802,-0.905287603528491,-0.945320115672773,-1684.16108017726,30,2,"normal",51
"4772",-32.1448,0.198110828444679,0,0.459566097301702,80,0.0316914396223052,-5.24808667895755,29.1015177732434,-2.34375936621215,2.6608372932931,0.404425554158837,0.38855516839208,-2.69308079475548,-5.24808667895755,3.37079032997344,-2.34375936621215,0.97864084517802,-0.905287603528491,-0.945320115672773,-1684.16108017726,30,2,"normal",52
"4773",11.8631,0.707674260462011,1,0.637866730145007,80,0.0316914396223052,-5.24808667895755,29.1015177732434,-2.34375936621215,2.6608372932931,0.404425554158837,0.38855516839208,-2.69308079475548,-5.24808667895755,3.37079032997344,-2.34375936621215,0.97864084517802,-0.905287603528491,-0.945320115672773,-1684.16108017726,30,2,"normal",53
"4774",-31.35129,0.20484134212533,0,0.461998013570991,80,0.0316914396223052,-5.24808667895755,29.1015177732434,-2.34375936621215,2.6608372932931,0.404425554158837,0.38855516839208,-2.69308079475548,-5.24808667895755,3.37079032997344,-2.34375936621215,0.97864084517802,-0.905287603528491,-0.945320115672773,-1684.16108017726,30,2,"normal",54
"4775",20.1212,0.788785258395964,1,0.471994203319577,80,0.0316914396223052,-5.24808667895755,29.1015177732434,-2.34375936621215,2.6608372932931,0.404425554158837,0.38855516839208,-2.69308079475548,-5.24808667895755,3.37079032997344,-2.34375936621215,0.97864084517802,-0.905287603528491,-0.945320115672773,-1684.16108017726,30,2,"normal",55
"4776",-44.4663,0.114945426965245,0,0.51125569891422,80,0.0316914396223052,-5.24808667895755,29.1015177732434,-2.34375936621215,2.6608372932931,0.404425554158837,0.38855516839208,-2.69308079475548,-5.24808667895755,3.37079032997344,-2.34375936621215,0.97864084517802,-0.905287603528491,-0.945320115672773,-1684.16108017726,30,2,"normal",56
"4777",-31.16161,0.206474912982768,0,0.520739629127672,80,0.0316914396223052,-5.24808667895755,29.1015177732434,-2.34375936621215,2.6608372932931,0.404425554158837,0.38855516839208,-2.69308079475548,-5.24808667895755,3.37079032997344,-2.34375936621215,0.97864084517802,-0.905287603528491,-0.945320115672773,-1684.16108017726,30,2,"normal",57
"4778",16.34923,0.753821244890267,1,0.547820509343654,80,0.0316914396223052,-5.24808667895755,29.1015177732434,-2.34375936621215,2.6608372932931,0.404425554158837,0.38855516839208,-2.69308079475548,-5.24808667895755,3.37079032997344,-2.34375936621215,0.97864084517802,-0.905287603528491,-0.945320115672773,-1684.16108017726,30,2,"normal",58
"4779",-30.6964,0.210521643934352,0,0.748927185932208,80,0.0316914396223052,-5.24808667895755,29.1015177732434,-2.34375936621215,2.6608372932931,0.404425554158837,0.38855516839208,-2.69308079475548,-5.24808667895755,3.37079032997344,-2.34375936621215,0.97864084517802,-0.905287603528491,-0.945320115672773,-1684.16108017726,30,2,"normal",59
"4780",10.2072,0.689495397112462,1,0.596393922839274,80,0.0316914396223052,-5.24808667895755,29.1015177732434,-2.34375936621215,2.6608372932931,0.404425554158837,0.38855516839208,-2.69308079475548,-5.24808667895755,3.37079032997344,-2.34375936621215,0.97864084517802,-0.905287603528491,-0.945320115672773,-1684.16108017726,30,2,"normal",60
"4781",16.94539,0.759588834143672,1,0.562770571015327,80,0.0316914396223052,-5.24808667895755,29.1015177732434,-2.34375936621215,2.6608372932931,0.404425554158837,0.38855516839208,-2.69308079475548,-5.24808667895755,3.37079032997344,-2.34375936621215,0.97864084517802,-0.905287603528491,-0.945320115672773,-1684.16108017726,30,2,"normal",61
"4782",-35.34603,0.172663624084286,0,0.53402581217162,80,0.0316914396223052,-5.24808667895755,29.1015177732434,-2.34375936621215,2.6608372932931,0.404425554158837,0.38855516839208,-2.69308079475548,-5.24808667895755,3.37079032997344,-2.34375936621215,0.97864084517802,-0.905287603528491,-0.945320115672773,-1684.16108017726,30,2,"normal",62
"4783",-30.67784,0.210684275462868,0,0.541146939855018,80,0.0316914396223052,-5.24808667895755,29.1015177732434,-2.34375936621215,2.6608372932931,0.404425554158837,0.38855516839208,-2.69308079475548,-5.24808667895755,3.37079032997344,-2.34375936621215,0.97864084517802,-0.905287603528491,-0.945320115672773,-1684.16108017726,30,2,"normal",63
"4784",8.6241,0.671593798165426,1,0.575422689476519,80,0.0316914396223052,-5.24808667895755,29.1015177732434,-2.34375936621215,2.6608372932931,0.404425554158837,0.38855516839208,-2.69308079475548,-5.24808667895755,3.37079032997344,-2.34375936621215,0.97864084517802,-0.905287603528491,-0.945320115672773,-1684.16108017726,30,2,"normal",64
"4785",-27.0841,0.243858802142733,0,0.558996057715981,80,0.0316914396223052,-5.24808667895755,29.1015177732434,-2.34375936621215,2.6608372932931,0.404425554158837,0.38855516839208,-2.69308079475548,-5.24808667895755,3.37079032997344,-2.34375936621215,0.97864084517802,-0.905287603528491,-0.945320115672773,-1684.16108017726,30,2,"normal",65
"4786",-34.64775,0.177980691911346,0,0.568815709592264,80,0.0316914396223052,-5.24808667895755,29.1015177732434,-2.34375936621215,2.6608372932931,0.404425554158837,0.38855516839208,-2.69308079475548,-5.24808667895755,3.37079032997344,-2.34375936621215,0.97864084517802,-0.905287603528491,-0.945320115672773,-1684.16108017726,30,2,"normal",66
"4787",-39.8054,0.141762902701511,1,0.500066870108194,80,0.0316914396223052,-5.24808667895755,29.1015177732434,-2.34375936621215,2.6608372932931,0.404425554158837,0.38855516839208,-2.69308079475548,-5.24808667895755,3.37079032997344,-2.34375936621215,0.97864084517802,-0.905287603528491,-0.945320115672773,-1684.16108017726,30,2,"normal",67
"4788",19.84054,0.786310481397649,1,0.468880926397448,80,0.0316914396223052,-5.24808667895755,29.1015177732434,-2.34375936621215,2.6608372932931,0.404425554158837,0.38855516839208,-2.69308079475548,-5.24808667895755,3.37079032997344,-2.34375936621215,0.97864084517802,-0.905287603528491,-0.945320115672773,-1684.16108017726,30,2,"normal",68
"4789",0.9572,0.579074662580035,1,0.634768817491258,80,0.0316914396223052,-5.24808667895755,29.1015177732434,-2.34375936621215,2.6608372932931,0.404425554158837,0.38855516839208,-2.69308079475548,-5.24808667895755,3.37079032997344,-2.34375936621215,0.97864084517802,-0.905287603528491,-0.945320115672773,-1684.16108017726,30,2,"normal",69
"4790",-23.77668,0.277238708624927,0,0.584822471860204,80,0.0316914396223052,-5.24808667895755,29.1015177732434,-2.34375936621215,2.6608372932931,0.404425554158837,0.38855516839208,-2.69308079475548,-5.24808667895755,3.37079032997344,-2.34375936621215,0.97864084517802,-0.905287603528491,-0.945320115672773,-1684.16108017726,30,2,"normal",70
"4791",-24.22475,0.272564232591336,1,0.622838182727925,80,0.0316914396223052,-5.24808667895755,29.1015177732434,-2.34375936621215,2.6608372932931,0.404425554158837,0.38855516839208,-2.69308079475548,-5.24808667895755,3.37079032997344,-2.34375936621215,0.97864084517802,-0.905287603528491,-0.945320115672773,-1684.16108017726,30,2,"normal",71
"4792",-28.1809,0.23338270074488,1,0.484176461699532,80,0.0316914396223052,-5.24808667895755,29.1015177732434,-2.34375936621215,2.6608372932931,0.404425554158837,0.38855516839208,-2.69308079475548,-5.24808667895755,3.37079032997344,-2.34375936621215,0.97864084517802,-0.905287603528491,-0.945320115672773,-1684.16108017726,30,2,"normal",72
"4793",-23.928,0.275654884990416,1,0.575471307504042,80,0.0316914396223052,-5.24808667895755,29.1015177732434,-2.34375936621215,2.6608372932931,0.404425554158837,0.38855516839208,-2.69308079475548,-5.24808667895755,3.37079032997344,-2.34375936621215,0.97864084517802,-0.905287603528491,-0.945320115672773,-1684.16108017726,30,2,"normal",73
"4794",-38.173,0.152465704528588,0,0.487807122903222,80,0.0316914396223052,-5.24808667895755,29.1015177732434,-2.34375936621215,2.6608372932931,0.404425554158837,0.38855516839208,-2.69308079475548,-5.24808667895755,3.37079032997344,-2.34375936621215,0.97864084517802,-0.905287603528491,-0.945320115672773,-1684.16108017726,30,2,"normal",74
"4795",19.8449,0.786349084738138,1,0.66326156771312,80,0.0316914396223052,-5.24808667895755,29.1015177732434,-2.34375936621215,2.6608372932931,0.404425554158837,0.38855516839208,-2.69308079475548,-5.24808667895755,3.37079032997344,-2.34375936621215,0.97864084517802,-0.905287603528491,-0.945320115672773,-1684.16108017726,30,2,"normal",75
"4796",13.1733,0.72163600966872,1,0.539753909741438,80,0.0316914396223052,-5.24808667895755,29.1015177732434,-2.34375936621215,2.6608372932931,0.404425554158837,0.38855516839208,-2.69308079475548,-5.24808667895755,3.37079032997344,-2.34375936621215,0.97864084517802,-0.905287603528491,-0.945320115672773,-1684.16108017726,30,2,"normal",76
"4797",22.7508,0.810959734788325,0,0.541221800155429,80,0.0316914396223052,-5.24808667895755,29.1015177732434,-2.34375936621215,2.6608372932931,0.404425554158837,0.38855516839208,-2.69308079475548,-5.24808667895755,3.37079032997344,-2.34375936621215,0.97864084517802,-0.905287603528491,-0.945320115672773,-1684.16108017726,30,2,"normal",77
"4798",-36.4639,0.164422775853992,1,0.580475849461248,80,0.0316914396223052,-5.24808667895755,29.1015177732434,-2.34375936621215,2.6608372932931,0.404425554158837,0.38855516839208,-2.69308079475548,-5.24808667895755,3.37079032997344,-2.34375936621215,0.97864084517802,-0.905287603528491,-0.945320115672773,-1684.16108017726,30,2,"normal",78
"4799",-41.3001,0.132567992778261,0,0.482298369306497,80,0.0316914396223052,-5.24808667895755,29.1015177732434,-2.34375936621215,2.6608372932931,0.404425554158837,0.38855516839208,-2.69308079475548,-5.24808667895755,3.37079032997344,-2.34375936621215,0.97864084517802,-0.905287603528491,-0.945320115672773,-1684.16108017726,30,2,"normal",79
"4800",-45.8072,0.108215311564852,0,0.519035972871493,80,0.0316914396223052,-5.24808667895755,29.1015177732434,-2.34375936621215,2.6608372932931,0.404425554158837,0.38855516839208,-2.69308079475548,-5.24808667895755,3.37079032997344,-2.34375936621215,0.97864084517802,-0.905287603528491,-0.945320115672773,-1684.16108017726,30,2,"normal",80
