"","X","prob","resp","trials","real_lambda_con","real_alpha_con","real_beta_con","real_lambda_uncon","real_alpha_uncon","real_beta_uncon","id","subs","sessions","model","trials.1"
"1",-9.137346902,0.00477256000962147,0,200,0.00477079786006577,0.927279792901524,2.17113805244524,-4.64250713285339,0.927279792901524,0.775251478208956,-114.607458783044,1,1,"normal",1
"2",6.2341868956,0.988041714407613,1,200,0.00477079786006577,0.927279792901524,2.17113805244524,-4.64250713285339,0.927279792901524,0.775251478208956,-114.607458783044,1,1,"normal",2
"3",-0.5858137201,0.245381609116866,1,200,0.00477079786006577,0.927279792901524,2.17113805244524,-4.64250713285339,0.927279792901524,0.775251478208956,-114.607458783044,1,1,"normal",3
"4",-5.9866214849,0.00548900195122043,0,200,0.00477079786006577,0.927279792901524,2.17113805244524,-4.64250713285339,0.927279792901524,0.775251478208956,-114.607458783044,1,1,"normal",4
"5",-3.0521,0.0378641110231438,0,200,0.00477079786006577,0.927279792901524,2.17113805244524,-4.64250713285339,0.927279792901524,0.775251478208956,-114.607458783044,1,1,"normal",5
"6",-1.71479,0.115523946042345,0,200,0.00477079786006577,0.927279792901524,2.17113805244524,-4.64250713285339,0.927279792901524,0.775251478208956,-114.607458783044,1,1,"normal",6
"7",-3.13268,0.0352215454536984,0,200,0.00477079786006577,0.927279792901524,2.17113805244524,-4.64250713285339,0.927279792901524,0.775251478208956,-114.607458783044,1,1,"normal",7
"8",-3.53096,0.0245961536188034,0,200,0.00477079786006577,0.927279792901524,2.17113805244524,-4.64250713285339,0.927279792901524,0.775251478208956,-114.607458783044,1,1,"normal",8
"9",9.29765,0.995171957713034,1,200,0.00477079786006577,0.927279792901524,2.17113805244524,-4.64250713285339,0.927279792901524,0.775251478208956,-114.607458783044,1,1,"normal",9
"10",-2.854097,0.0451659313015255,0,200,0.00477079786006577,0.927279792901524,2.17113805244524,-4.64250713285339,0.927279792901524,0.775251478208956,-114.607458783044,1,1,"normal",10
"11",32.85078,0.995229202139934,1,200,0.00477079786006577,0.927279792901524,2.17113805244524,-4.64250713285339,0.927279792901524,0.775251478208956,-114.607458783044,1,1,"normal",11
"12",-2.11991,0.0842393019091403,0,200,0.00477079786006577,0.927279792901524,2.17113805244524,-4.64250713285339,0.927279792901524,0.775251478208956,-114.607458783044,1,1,"normal",12
"13",-1.24157,0.162164951047892,0,200,0.00477079786006577,0.927279792901524,2.17113805244524,-4.64250713285339,0.927279792901524,0.775251478208956,-114.607458783044,1,1,"normal",13
"14",-0.411825,0.27089845484832,0,200,0.00477079786006577,0.927279792901524,2.17113805244524,-4.64250713285339,0.927279792901524,0.775251478208956,-114.607458783044,1,1,"normal",14
"15",4.49832,0.94569856090324,1,200,0.00477079786006577,0.927279792901524,2.17113805244524,-4.64250713285339,0.927279792901524,0.775251478208956,-114.607458783044,1,1,"normal",15
"16",7.40661,0.993821628530402,1,200,0.00477079786006577,0.927279792901524,2.17113805244524,-4.64250713285339,0.927279792901524,0.775251478208956,-114.607458783044,1,1,"normal",16
"17",1.332694,0.573356716753568,1,200,0.00477079786006577,0.927279792901524,2.17113805244524,-4.64250713285339,0.927279792901524,0.775251478208956,-114.607458783044,1,1,"normal",17
"18",-1.056718,0.183458943110789,0,200,0.00477079786006577,0.927279792901524,2.17113805244524,-4.64250713285339,0.927279792901524,0.775251478208956,-114.607458783044,1,1,"normal",18
"19",2.48145,0.760443484525938,1,200,0.00477079786006577,0.927279792901524,2.17113805244524,-4.64250713285339,0.927279792901524,0.775251478208956,-114.607458783044,1,1,"normal",19
"20",-0.67932,0.232235431253602,0,200,0.00477079786006577,0.927279792901524,2.17113805244524,-4.64250713285339,0.927279792901524,0.775251478208956,-114.607458783044,1,1,"normal",20
"21",2.591649,0.775681079677193,0,200,0.00477079786006577,0.927279792901524,2.17113805244524,-4.64250713285339,0.927279792901524,0.775251478208956,-114.607458783044,1,1,"normal",21
"22",2.337281,0.739660839022757,1,200,0.00477079786006577,0.927279792901524,2.17113805244524,-4.64250713285339,0.927279792901524,0.775251478208956,-114.607458783044,1,1,"normal",22
"23",-0.0644399999999998,0.325596800670318,1,200,0.00477079786006577,0.927279792901524,2.17113805244524,-4.64250713285339,0.927279792901524,0.775251478208956,-114.607458783044,1,1,"normal",23
"24",-4.8807513,0.0084704047451745,0,200,0.00477079786006577,0.927279792901524,2.17113805244524,-4.64250713285339,0.927279792901524,0.775251478208956,-114.607458783044,1,1,"normal",24
"25",-2.755017,0.0492828951690129,0,200,0.00477079786006577,0.927279792901524,2.17113805244524,-4.64250713285339,0.927279792901524,0.775251478208956,-114.607458783044,1,1,"normal",25
"26",5.34854,0.974572053102859,1,200,0.00477079786006577,0.927279792901524,2.17113805244524,-4.64250713285339,0.927279792901524,0.775251478208956,-114.607458783044,1,1,"normal",26
"27",-2.2295059,0.0770507716250992,0,200,0.00477079786006577,0.927279792901524,2.17113805244524,-4.64250713285339,0.927279792901524,0.775251478208956,-114.607458783044,1,1,"normal",27
"28",0.52985,0.428071778002327,1,200,0.00477079786006577,0.927279792901524,2.17113805244524,-4.64250713285339,0.927279792901524,0.775251478208956,-114.607458783044,1,1,"normal",28
"29",-1.82151,0.106536341984498,0,200,0.00477079786006577,0.927279792901524,2.17113805244524,-4.64250713285339,0.927279792901524,0.775251478208956,-114.607458783044,1,1,"normal",29
"30",-3.032699,0.0385277988158991,0,200,0.00477079786006577,0.927279792901524,2.17113805244524,-4.64250713285339,0.927279792901524,0.775251478208956,-114.607458783044,1,1,"normal",30
"31",0.0776600000000001,0.349231082673717,1,200,0.00477079786006577,0.927279792901524,2.17113805244524,-4.64250713285339,0.927279792901524,0.775251478208956,-114.607458783044,1,1,"normal",31
"32",1.5576,0.61312369241056,0,200,0.00477079786006577,0.927279792901524,2.17113805244524,-4.64250713285339,0.927279792901524,0.775251478208956,-114.607458783044,1,1,"normal",32
"33",-0.0990000000000002,0.319950939143748,0,200,0.00477079786006577,0.927279792901524,2.17113805244524,-4.64250713285339,0.927279792901524,0.775251478208956,-114.607458783044,1,1,"normal",33
"34",3.59506,0.886691534575495,1,200,0.00477079786006577,0.927279792901524,2.17113805244524,-4.64250713285339,0.927279792901524,0.775251478208956,-114.607458783044,1,1,"normal",34
"35",-1.353802,0.15008319465363,0,200,0.00477079786006577,0.927279792901524,2.17113805244524,-4.64250713285339,0.927279792901524,0.775251478208956,-114.607458783044,1,1,"normal",35
"36",1.63821,0.627110146932108,1,200,0.00477079786006577,0.927279792901524,2.17113805244524,-4.64250713285339,0.927279792901524,0.775251478208956,-114.607458783044,1,1,"normal",36
"37",-1.244,0.161896581933695,0,200,0.00477079786006577,0.927279792901524,2.17113805244524,-4.64250713285339,0.927279792901524,0.775251478208956,-114.607458783044,1,1,"normal",37
"38",-2.001907,0.0925696854690272,0,200,0.00477079786006577,0.927279792901524,2.17113805244524,-4.64250713285339,0.927279792901524,0.775251478208956,-114.607458783044,1,1,"normal",38
"39",-1.412107,0.144058925763798,1,200,0.00477079786006577,0.927279792901524,2.17113805244524,-4.64250713285339,0.927279792901524,0.775251478208956,-114.607458783044,1,1,"normal",39
"40",3.53921,0.881837954664477,1,200,0.00477079786006577,0.927279792901524,2.17113805244524,-4.64250713285339,0.927279792901524,0.775251478208956,-114.607458783044,1,1,"normal",40
"41",-0.98634,0.192020258616364,0,200,0.00477079786006577,0.927279792901524,2.17113805244524,-4.64250713285339,0.927279792901524,0.775251478208956,-114.607458783044,1,1,"normal",41
"42",-1.246075,0.161667656640106,0,200,0.00477079786006577,0.927279792901524,2.17113805244524,-4.64250713285339,0.927279792901524,0.775251478208956,-114.607458783044,1,1,"normal",42
"43",1.5798764,0.617004726503332,1,200,0.00477079786006577,0.927279792901524,2.17113805244524,-4.64250713285339,0.927279792901524,0.775251478208956,-114.607458783044,1,1,"normal",43
"44",0.838723,0.48388759607602,1,200,0.00477079786006577,0.927279792901524,2.17113805244524,-4.64250713285339,0.927279792901524,0.775251478208956,-114.607458783044,1,1,"normal",44
"45",-1.45159796,0.140076224671716,0,200,0.00477079786006577,0.927279792901524,2.17113805244524,-4.64250713285339,0.927279792901524,0.775251478208956,-114.607458783044,1,1,"normal",45
"46",2.7297,0.793947762847459,1,200,0.00477079786006577,0.927279792901524,2.17113805244524,-4.64250713285339,0.927279792901524,0.775251478208956,-114.607458783044,1,1,"normal",46
"47",1.59569,0.619752568922871,0,200,0.00477079786006577,0.927279792901524,2.17113805244524,-4.64250713285339,0.927279792901524,0.775251478208956,-114.607458783044,1,1,"normal",47
"48",1.424055,0.589627755214552,1,200,0.00477079786006577,0.927279792901524,2.17113805244524,-4.64250713285339,0.927279792901524,0.775251478208956,-114.607458783044,1,1,"normal",48
"49",-0.982066,0.19254819230622,1,200,0.00477079786006577,0.927279792901524,2.17113805244524,-4.64250713285339,0.927279792901524,0.775251478208956,-114.607458783044,1,1,"normal",49
"50",-1.8944023,0.10071000279314,0,200,0.00477079786006577,0.927279792901524,2.17113805244524,-4.64250713285339,0.927279792901524,0.775251478208956,-114.607458783044,1,1,"normal",50
"51",-0.931365,0.198880542639839,1,200,0.00477079786006577,0.927279792901524,2.17113805244524,-4.64250713285339,0.927279792901524,0.775251478208956,-114.607458783044,1,1,"normal",51
"52",1.220261,0.553159656214807,0,200,0.00477079786006577,0.927279792901524,2.17113805244524,-4.64250713285339,0.927279792901524,0.775251478208956,-114.607458783044,1,1,"normal",52
"53",-0.556498,0.249586217363103,0,200,0.00477079786006577,0.927279792901524,2.17113805244524,-4.64250713285339,0.927279792901524,0.775251478208956,-114.607458783044,1,1,"normal",53
"54",2.357579,0.742643502832906,0,200,0.00477079786006577,0.927279792901524,2.17113805244524,-4.64250713285339,0.927279792901524,0.775251478208956,-114.607458783044,1,1,"normal",54
"55",2.398712,0.74863142913575,1,200,0.00477079786006577,0.927279792901524,2.17113805244524,-4.64250713285339,0.927279792901524,0.775251478208956,-114.607458783044,1,1,"normal",55
"56",2.462645,0.757786407313882,0,200,0.00477079786006577,0.927279792901524,2.17113805244524,-4.64250713285339,0.927279792901524,0.775251478208956,-114.607458783044,1,1,"normal",56
"57",3.266399,0.85591381933674,1,200,0.00477079786006577,0.927279792901524,2.17113805244524,-4.64250713285339,0.927279792901524,0.775251478208956,-114.607458783044,1,1,"normal",57
"58",3.009088,0.828024263911715,0,200,0.00477079786006577,0.927279792901524,2.17113805244524,-4.64250713285339,0.927279792901524,0.775251478208956,-114.607458783044,1,1,"normal",58
"59",-1.365388,0.148872381186333,0,200,0.00477079786006577,0.927279792901524,2.17113805244524,-4.64250713285339,0.927279792901524,0.775251478208956,-114.607458783044,1,1,"normal",59
"60",4.06287,0.921599267997213,1,200,0.00477079786006577,0.927279792901524,2.17113805244524,-4.64250713285339,0.927279792901524,0.775251478208956,-114.607458783044,1,1,"normal",60
"61",-1.687538,0.117907376089662,0,200,0.00477079786006577,0.927279792901524,2.17113805244524,-4.64250713285339,0.927279792901524,0.775251478208956,-114.607458783044,1,1,"normal",61
"62",3.391904,0.868301211554708,1,200,0.00477079786006577,0.927279792901524,2.17113805244524,-4.64250713285339,0.927279792901524,0.775251478208956,-114.607458783044,1,1,"normal",62
"63",-1.781007,0.109882857243583,0,200,0.00477079786006577,0.927279792901524,2.17113805244524,-4.64250713285339,0.927279792901524,0.775251478208956,-114.607458783044,1,1,"normal",63
"64",-1.944273,0.0968673718122774,0,200,0.00477079786006577,0.927279792901524,2.17113805244524,-4.64250713285339,0.927279792901524,0.775251478208956,-114.607458783044,1,1,"normal",64
"65",-0.68755,0.231097947635784,0,200,0.00477079786006577,0.927279792901524,2.17113805244524,-4.64250713285339,0.927279792901524,0.775251478208956,-114.607458783044,1,1,"normal",65
"66",-1.548025,0.130681090777827,1,200,0.00477079786006577,0.927279792901524,2.17113805244524,-4.64250713285339,0.927279792901524,0.775251478208956,-114.607458783044,1,1,"normal",66
"67",4.46119,0.943926667828919,0,200,0.00477079786006577,0.927279792901524,2.17113805244524,-4.64250713285339,0.927279792901524,0.775251478208956,-114.607458783044,1,1,"normal",67
"68",-1.379698,0.147386282654272,0,200,0.00477079786006577,0.927279792901524,2.17113805244524,-4.64250713285339,0.927279792901524,0.775251478208956,-114.607458783044,1,1,"normal",68
"69",-1.5535,0.130161613532272,0,200,0.00477079786006577,0.927279792901524,2.17113805244524,-4.64250713285339,0.927279792901524,0.775251478208956,-114.607458783044,1,1,"normal",69
"70",-1.10961,0.177189133636708,1,200,0.00477079786006577,0.927279792901524,2.17113805244524,-4.64250713285339,0.927279792901524,0.775251478208956,-114.607458783044,1,1,"normal",70
"71",4.135129,0.92612365413991,0,200,0.00477079786006577,0.927279792901524,2.17113805244524,-4.64250713285339,0.927279792901524,0.775251478208956,-114.607458783044,1,1,"normal",71
"72",3.714633,0.896577316408764,1,200,0.00477079786006577,0.927279792901524,2.17113805244524,-4.64250713285339,0.927279792901524,0.775251478208956,-114.607458783044,1,1,"normal",72
"73",5.26424,0.972564889562781,1,200,0.00477079786006577,0.927279792901524,2.17113805244524,-4.64250713285339,0.927279792901524,0.775251478208956,-114.607458783044,1,1,"normal",73
"74",4.03584,0.919849874854654,1,200,0.00477079786006577,0.927279792901524,2.17113805244524,-4.64250713285339,0.927279792901524,0.775251478208956,-114.607458783044,1,1,"normal",74
"75",-2.78763,0.0478920095323405,0,200,0.00477079786006577,0.927279792901524,2.17113805244524,-4.64250713285339,0.927279792901524,0.775251478208956,-114.607458783044,1,1,"normal",75
"76",3.87634,0.90887706920466,1,200,0.00477079786006577,0.927279792901524,2.17113805244524,-4.64250713285339,0.927279792901524,0.775251478208956,-114.607458783044,1,1,"normal",76
"77",3.79653,0.902957752904666,1,200,0.00477079786006577,0.927279792901524,2.17113805244524,-4.64250713285339,0.927279792901524,0.775251478208956,-114.607458783044,1,1,"normal",77
"78",5.43016,0.976369941928173,1,200,0.00477079786006577,0.927279792901524,2.17113805244524,-4.64250713285339,0.927279792901524,0.775251478208956,-114.607458783044,1,1,"normal",78
"79",4.13781,0.926287308589313,1,200,0.00477079786006577,0.927279792901524,2.17113805244524,-4.64250713285339,0.927279792901524,0.775251478208956,-114.607458783044,1,1,"normal",79
"80",-0.27244,0.292277824876009,1,200,0.00477079786006577,0.927279792901524,2.17113805244524,-4.64250713285339,0.927279792901524,0.775251478208956,-114.607458783044,1,1,"normal",80
"81",3.968598,0.915360845779863,1,200,0.00477079786006577,0.927279792901524,2.17113805244524,-4.64250713285339,0.927279792901524,0.775251478208956,-114.607458783044,1,1,"normal",81
"82",-1.661423,0.120225426285846,0,200,0.00477079786006577,0.927279792901524,2.17113805244524,-4.64250713285339,0.927279792901524,0.775251478208956,-114.607458783044,1,1,"normal",82
"83",-1.91155,0.099375677505507,0,200,0.00477079786006577,0.927279792901524,2.17113805244524,-4.64250713285339,0.927279792901524,0.775251478208956,-114.607458783044,1,1,"normal",83
"84",-1.347803,0.150712804487036,0,200,0.00477079786006577,0.927279792901524,2.17113805244524,-4.64250713285339,0.927279792901524,0.775251478208956,-114.607458783044,1,1,"normal",84
"85",4.52546,0.946962578693111,1,200,0.00477079786006577,0.927279792901524,2.17113805244524,-4.64250713285339,0.927279792901524,0.775251478208956,-114.607458783044,1,1,"normal",85
"86",2.319168,0.736983906105218,1,200,0.00477079786006577,0.927279792901524,2.17113805244524,-4.64250713285339,0.927279792901524,0.775251478208956,-114.607458783044,1,1,"normal",86
"87",4.95795,0.963838879125198,1,200,0.00477079786006577,0.927279792901524,2.17113805244524,-4.64250713285339,0.927279792901524,0.775251478208956,-114.607458783044,1,1,"normal",87
"88",4.54675,0.947935982452248,1,200,0.00477079786006577,0.927279792901524,2.17113805244524,-4.64250713285339,0.927279792901524,0.775251478208956,-114.607458783044,1,1,"normal",88
"89",-1.361802,0.149246414634201,1,200,0.00477079786006577,0.927279792901524,2.17113805244524,-4.64250713285339,0.927279792901524,0.775251478208956,-114.607458783044,1,1,"normal",89
"90",-1.245896,0.16168739626684,0,200,0.00477079786006577,0.927279792901524,2.17113805244524,-4.64250713285339,0.927279792901524,0.775251478208956,-114.607458783044,1,1,"normal",90
"91",-1.46953,0.138293720934361,1,200,0.00477079786006577,0.927279792901524,2.17113805244524,-4.64250713285339,0.927279792901524,0.775251478208956,-114.607458783044,1,1,"normal",91
"92",-2.349844,0.0697427149726861,0,200,0.00477079786006577,0.927279792901524,2.17113805244524,-4.64250713285339,0.927279792901524,0.775251478208956,-114.607458783044,1,1,"normal",92
"93",4.22798,0.931619505332528,1,200,0.00477079786006577,0.927279792901524,2.17113805244524,-4.64250713285339,0.927279792901524,0.775251478208956,-114.607458783044,1,1,"normal",93
"94",-0.925217,0.19965711379152,0,200,0.00477079786006577,0.927279792901524,2.17113805244524,-4.64250713285339,0.927279792901524,0.775251478208956,-114.607458783044,1,1,"normal",94
"95",-3.18679,0.0335470086472966,0,200,0.00477079786006577,0.927279792901524,2.17113805244524,-4.64250713285339,0.927279792901524,0.775251478208956,-114.607458783044,1,1,"normal",95
"96",-1.43985,0.141252794354792,0,200,0.00477079786006577,0.927279792901524,2.17113805244524,-4.64250713285339,0.927279792901524,0.775251478208956,-114.607458783044,1,1,"normal",96
"97",-0.925251,0.199652813988745,0,200,0.00477079786006577,0.927279792901524,2.17113805244524,-4.64250713285339,0.927279792901524,0.775251478208956,-114.607458783044,1,1,"normal",97
"98",2.460792,0.757523700068154,1,200,0.00477079786006577,0.927279792901524,2.17113805244524,-4.64250713285339,0.927279792901524,0.775251478208956,-114.607458783044,1,1,"normal",98
"99",-1.270689,0.158968805430087,0,200,0.00477079786006577,0.927279792901524,2.17113805244524,-4.64250713285339,0.927279792901524,0.775251478208956,-114.607458783044,1,1,"normal",99
"100",-1.846482,0.104512028892373,0,200,0.00477079786006577,0.927279792901524,2.17113805244524,-4.64250713285339,0.927279792901524,0.775251478208956,-114.607458783044,1,1,"normal",100
"101",-1.11214,0.176892774556001,1,200,0.00477079786006577,0.927279792901524,2.17113805244524,-4.64250713285339,0.927279792901524,0.775251478208956,-114.607458783044,1,1,"normal",101
"102",3.163424,0.845156094245067,1,200,0.00477079786006577,0.927279792901524,2.17113805244524,-4.64250713285339,0.927279792901524,0.775251478208956,-114.607458783044,1,1,"normal",102
"103",-1.588266,0.126897792693872,0,200,0.00477079786006577,0.927279792901524,2.17113805244524,-4.64250713285339,0.927279792901524,0.775251478208956,-114.607458783044,1,1,"normal",103
"104",-2.774391,0.0484523398535742,0,200,0.00477079786006577,0.927279792901524,2.17113805244524,-4.64250713285339,0.927279792901524,0.775251478208956,-114.607458783044,1,1,"normal",104
"105",4.148678,0.92694766138751,1,200,0.00477079786006577,0.927279792901524,2.17113805244524,-4.64250713285339,0.927279792901524,0.775251478208956,-114.607458783044,1,1,"normal",105
"106",-1.726705,0.114493234961486,0,200,0.00477079786006577,0.927279792901524,2.17113805244524,-4.64250713285339,0.927279792901524,0.775251478208956,-114.607458783044,1,1,"normal",106
"107",-2.869243,0.0445647156541024,0,200,0.00477079786006577,0.927279792901524,2.17113805244524,-4.64250713285339,0.927279792901524,0.775251478208956,-114.607458783044,1,1,"normal",107
"108",-1.55603,0.129922067840218,0,200,0.00477079786006577,0.927279792901524,2.17113805244524,-4.64250713285339,0.927279792901524,0.775251478208956,-114.607458783044,1,1,"normal",108
"109",4.51296,0.946383644005163,1,200,0.00477079786006577,0.927279792901524,2.17113805244524,-4.64250713285339,0.927279792901524,0.775251478208956,-114.607458783044,1,1,"normal",109
"110",3.739757,0.898568056577004,1,200,0.00477079786006577,0.927279792901524,2.17113805244524,-4.64250713285339,0.927279792901524,0.775251478208956,-114.607458783044,1,1,"normal",110
"111",-0.38916,0.274319825720744,0,200,0.00477079786006577,0.927279792901524,2.17113805244524,-4.64250713285339,0.927279792901524,0.775251478208956,-114.607458783044,1,1,"normal",111
"112",3.438838,0.872730905337531,1,200,0.00477079786006577,0.927279792901524,2.17113805244524,-4.64250713285339,0.927279792901524,0.775251478208956,-114.607458783044,1,1,"normal",112
"113",-1.88668,0.101315395605435,0,200,0.00477079786006577,0.927279792901524,2.17113805244524,-4.64250713285339,0.927279792901524,0.775251478208956,-114.607458783044,1,1,"normal",113
"114",-1.612174,0.124688148981626,0,200,0.00477079786006577,0.927279792901524,2.17113805244524,-4.64250713285339,0.927279792901524,0.775251478208956,-114.607458783044,1,1,"normal",114
"115",2.89898,0.815063058019737,1,200,0.00477079786006577,0.927279792901524,2.17113805244524,-4.64250713285339,0.927279792901524,0.775251478208956,-114.607458783044,1,1,"normal",115
"116",2.79458,0.802209559809679,0,200,0.00477079786006577,0.927279792901524,2.17113805244524,-4.64250713285339,0.927279792901524,0.775251478208956,-114.607458783044,1,1,"normal",116
"117",3.276149,0.856904567633205,0,200,0.00477079786006577,0.927279792901524,2.17113805244524,-4.64250713285339,0.927279792901524,0.775251478208956,-114.607458783044,1,1,"normal",117
"118",-1.751367,0.112381716386973,0,200,0.00477079786006577,0.927279792901524,2.17113805244524,-4.64250713285339,0.927279792901524,0.775251478208956,-114.607458783044,1,1,"normal",118
"119",3.792021,0.902614595771293,1,200,0.00477079786006577,0.927279792901524,2.17113805244524,-4.64250713285339,0.927279792901524,0.775251478208956,-114.607458783044,1,1,"normal",119
"120",5.14721,0.969508087861753,1,200,0.00477079786006577,0.927279792901524,2.17113805244524,-4.64250713285339,0.927279792901524,0.775251478208956,-114.607458783044,1,1,"normal",120
"121",-1.636435,0.122474785836318,1,200,0.00477079786006577,0.927279792901524,2.17113805244524,-4.64250713285339,0.927279792901524,0.775251478208956,-114.607458783044,1,1,"normal",121
"122",4.55144,0.948148287587089,1,200,0.00477079786006577,0.927279792901524,2.17113805244524,-4.64250713285339,0.927279792901524,0.775251478208956,-114.607458783044,1,1,"normal",122
"123",-2.125516,0.0838589494829513,0,200,0.00477079786006577,0.927279792901524,2.17113805244524,-4.64250713285339,0.927279792901524,0.775251478208956,-114.607458783044,1,1,"normal",123
"124",2.779394,0.800294498615686,1,200,0.00477079786006577,0.927279792901524,2.17113805244524,-4.64250713285339,0.927279792901524,0.775251478208956,-114.607458783044,1,1,"normal",124
"125",-0.62558,0.239741140953046,1,200,0.00477079786006577,0.927279792901524,2.17113805244524,-4.64250713285339,0.927279792901524,0.775251478208956,-114.607458783044,1,1,"normal",125
"126",-2.609592,0.0559301772753621,0,200,0.00477079786006577,0.927279792901524,2.17113805244524,-4.64250713285339,0.927279792901524,0.775251478208956,-114.607458783044,1,1,"normal",126
"127",4.36714,0.939212714699753,1,200,0.00477079786006577,0.927279792901524,2.17113805244524,-4.64250713285339,0.927279792901524,0.775251478208956,-114.607458783044,1,1,"normal",127
"128",-1.929862,0.0979658885515513,0,200,0.00477079786006577,0.927279792901524,2.17113805244524,-4.64250713285339,0.927279792901524,0.775251478208956,-114.607458783044,1,1,"normal",128
"129",3.27138,0.856420564837484,1,200,0.00477079786006577,0.927279792901524,2.17113805244524,-4.64250713285339,0.927279792901524,0.775251478208956,-114.607458783044,1,1,"normal",129
"130",-1.345027,0.151004770345421,0,200,0.00477079786006577,0.927279792901524,2.17113805244524,-4.64250713285339,0.927279792901524,0.775251478208956,-114.607458783044,1,1,"normal",130
"131",-1.2596,0.160180868568802,0,200,0.00477079786006577,0.927279792901524,2.17113805244524,-4.64250713285339,0.927279792901524,0.775251478208956,-114.607458783044,1,1,"normal",131
"132",3.316804,0.860984020639806,1,200,0.00477079786006577,0.927279792901524,2.17113805244524,-4.64250713285339,0.927279792901524,0.775251478208956,-114.607458783044,1,1,"normal",132
"133",-1.784954,0.109553286573276,0,200,0.00477079786006577,0.927279792901524,2.17113805244524,-4.64250713285339,0.927279792901524,0.775251478208956,-114.607458783044,1,1,"normal",133
"134",-1.357704,0.149674649804684,1,200,0.00477079786006577,0.927279792901524,2.17113805244524,-4.64250713285339,0.927279792901524,0.775251478208956,-114.607458783044,1,1,"normal",134
"135",-1.98153,0.0940717675323341,0,200,0.00477079786006577,0.927279792901524,2.17113805244524,-4.64250713285339,0.927279792901524,0.775251478208956,-114.607458783044,1,1,"normal",135
"136",3.580284,0.885422199574113,1,200,0.00477079786006577,0.927279792901524,2.17113805244524,-4.64250713285339,0.927279792901524,0.775251478208956,-114.607458783044,1,1,"normal",136
"137",-1.753396,0.112209306993913,0,200,0.00477079786006577,0.927279792901524,2.17113805244524,-4.64250713285339,0.927279792901524,0.775251478208956,-114.607458783044,1,1,"normal",137
"138",4.14648,0.926814503079517,1,200,0.00477079786006577,0.927279792901524,2.17113805244524,-4.64250713285339,0.927279792901524,0.775251478208956,-114.607458783044,1,1,"normal",138
"139",2.626011,0.780314258628953,1,200,0.00477079786006577,0.927279792901524,2.17113805244524,-4.64250713285339,0.927279792901524,0.775251478208956,-114.607458783044,1,1,"normal",139
"140",-1.636097,0.122505422487469,0,200,0.00477079786006577,0.927279792901524,2.17113805244524,-4.64250713285339,0.927279792901524,0.775251478208956,-114.607458783044,1,1,"normal",140
"141",3.41205,0.870216061980208,1,200,0.00477079786006577,0.927279792901524,2.17113805244524,-4.64250713285339,0.927279792901524,0.775251478208956,-114.607458783044,1,1,"normal",141
"142",-2.271442,0.0744357467942506,0,200,0.00477079786006577,0.927279792901524,2.17113805244524,-4.64250713285339,0.927279792901524,0.775251478208956,-114.607458783044,1,1,"normal",142
"143",2.604451,0.77741386496094,0,200,0.00477079786006577,0.927279792901524,2.17113805244524,-4.64250713285339,0.927279792901524,0.775251478208956,-114.607458783044,1,1,"normal",143
"144",-1.538218,0.131615335073354,0,200,0.00477079786006577,0.927279792901524,2.17113805244524,-4.64250713285339,0.927279792901524,0.775251478208956,-114.607458783044,1,1,"normal",144
"145",-1.588552,0.126871192293182,0,200,0.00477079786006577,0.927279792901524,2.17113805244524,-4.64250713285339,0.927279792901524,0.775251478208956,-114.607458783044,1,1,"normal",145
"146",-2.332617,0.0707522949880713,0,200,0.00477079786006577,0.927279792901524,2.17113805244524,-4.64250713285339,0.927279792901524,0.775251478208956,-114.607458783044,1,1,"normal",146
"147",-1.06848,0.182052453070841,0,200,0.00477079786006577,0.927279792901524,2.17113805244524,-4.64250713285339,0.927279792901524,0.775251478208956,-114.607458783044,1,1,"normal",147
"148",-0.75477,0.221927876199009,0,200,0.00477079786006577,0.927279792901524,2.17113805244524,-4.64250713285339,0.927279792901524,0.775251478208956,-114.607458783044,1,1,"normal",148
"149",2.982838,0.824990014597165,1,200,0.00477079786006577,0.927279792901524,2.17113805244524,-4.64250713285339,0.927279792901524,0.775251478208956,-114.607458783044,1,1,"normal",149
"150",-1.06908,0.181980892813794,0,200,0.00477079786006577,0.927279792901524,2.17113805244524,-4.64250713285339,0.927279792901524,0.775251478208956,-114.607458783044,1,1,"normal",150
"151",3.5041,0.878708762409127,1,200,0.00477079786006577,0.927279792901524,2.17113805244524,-4.64250713285339,0.927279792901524,0.775251478208956,-114.607458783044,1,1,"normal",151
"152",-1.596235,0.126158127787892,1,200,0.00477079786006577,0.927279792901524,2.17113805244524,-4.64250713285339,0.927279792901524,0.775251478208956,-114.607458783044,1,1,"normal",152
"153",-1.0291,0.186788904580237,0,200,0.00477079786006577,0.927279792901524,2.17113805244524,-4.64250713285339,0.927279792901524,0.775251478208956,-114.607458783044,1,1,"normal",153
"154",-0.39517,0.27341046632577,0,200,0.00477079786006577,0.927279792901524,2.17113805244524,-4.64250713285339,0.927279792901524,0.775251478208956,-114.607458783044,1,1,"normal",154
"155",-2.706367,0.051424611502238,0,200,0.00477079786006577,0.927279792901524,2.17113805244524,-4.64250713285339,0.927279792901524,0.775251478208956,-114.607458783044,1,1,"normal",155
"156",-1.55042,0.130453665162834,0,200,0.00477079786006577,0.927279792901524,2.17113805244524,-4.64250713285339,0.927279792901524,0.775251478208956,-114.607458783044,1,1,"normal",156
"157",-1.290159,0.156855794413629,0,200,0.00477079786006577,0.927279792901524,2.17113805244524,-4.64250713285339,0.927279792901524,0.775251478208956,-114.607458783044,1,1,"normal",157
"158",2.722039,0.79295847067348,1,200,0.00477079786006577,0.927279792901524,2.17113805244524,-4.64250713285339,0.927279792901524,0.775251478208956,-114.607458783044,1,1,"normal",158
"159",-1.486837,0.136588690965903,0,200,0.00477079786006577,0.927279792901524,2.17113805244524,-4.64250713285339,0.927279792901524,0.775251478208956,-114.607458783044,1,1,"normal",159
"160",4.029327,0.91942365776094,1,200,0.00477079786006577,0.927279792901524,2.17113805244524,-4.64250713285339,0.927279792901524,0.775251478208956,-114.607458783044,1,1,"normal",160
"161",-2.20539,0.078588235210926,0,200,0.00477079786006577,0.927279792901524,2.17113805244524,-4.64250713285339,0.927279792901524,0.775251478208956,-114.607458783044,1,1,"normal",161
"162",3.02869,0.830267261286812,1,200,0.00477079786006577,0.927279792901524,2.17113805244524,-4.64250713285339,0.927279792901524,0.775251478208956,-114.607458783044,1,1,"normal",162
"163",3.009605,0.828083673112448,1,200,0.00477079786006577,0.927279792901524,2.17113805244524,-4.64250713285339,0.927279792901524,0.775251478208956,-114.607458783044,1,1,"normal",163
"164",2.620381,0.779559034852777,0,200,0.00477079786006577,0.927279792901524,2.17113805244524,-4.64250713285339,0.927279792901524,0.775251478208956,-114.607458783044,1,1,"normal",164
"165",3.332468,0.862533573885008,1,200,0.00477079786006577,0.927279792901524,2.17113805244524,-4.64250713285339,0.927279792901524,0.775251478208956,-114.607458783044,1,1,"normal",165
"166",-1.737105,0.113599212607374,0,200,0.00477079786006577,0.927279792901524,2.17113805244524,-4.64250713285339,0.927279792901524,0.775251478208956,-114.607458783044,1,1,"normal",166
"167",-1.599287,0.125875682001799,0,200,0.00477079786006577,0.927279792901524,2.17113805244524,-4.64250713285339,0.927279792901524,0.775251478208956,-114.607458783044,1,1,"normal",167
"168",3.81665,0.90447753785047,1,200,0.00477079786006577,0.927279792901524,2.17113805244524,-4.64250713285339,0.927279792901524,0.775251478208956,-114.607458783044,1,1,"normal",168
"169",-1.306545,0.155092408334947,0,200,0.00477079786006577,0.927279792901524,2.17113805244524,-4.64250713285339,0.927279792901524,0.775251478208956,-114.607458783044,1,1,"normal",169
"170",-1.32144,0.153501311568852,0,200,0.00477079786006577,0.927279792901524,2.17113805244524,-4.64250713285339,0.927279792901524,0.775251478208956,-114.607458783044,1,1,"normal",170
"171",-0.89702,0.203242794783324,0,200,0.00477079786006577,0.927279792901524,2.17113805244524,-4.64250713285339,0.927279792901524,0.775251478208956,-114.607458783044,1,1,"normal",171
"172",3.50829,0.879085377527636,1,200,0.00477079786006577,0.927279792901524,2.17113805244524,-4.64250713285339,0.927279792901524,0.775251478208956,-114.607458783044,1,1,"normal",172
"173",-1.378663,0.147493419732396,0,200,0.00477079786006577,0.927279792901524,2.17113805244524,-4.64250713285339,0.927279792901524,0.775251478208956,-114.607458783044,1,1,"normal",173
"174",-1.919319,0.0987756590735031,0,200,0.00477079786006577,0.927279792901524,2.17113805244524,-4.64250713285339,0.927279792901524,0.775251478208956,-114.607458783044,1,1,"normal",174
"175",-0.68979,0.230788907193973,0,200,0.00477079786006577,0.927279792901524,2.17113805244524,-4.64250713285339,0.927279792901524,0.775251478208956,-114.607458783044,1,1,"normal",175
"176",3.99807,0.917352623651151,1,200,0.00477079786006577,0.927279792901524,2.17113805244524,-4.64250713285339,0.927279792901524,0.775251478208956,-114.607458783044,1,1,"normal",176
"177",2.780731,0.800463564166456,1,200,0.00477079786006577,0.927279792901524,2.17113805244524,-4.64250713285339,0.927279792901524,0.775251478208956,-114.607458783044,1,1,"normal",177
"178",3.52655,0.880716596070031,1,200,0.00477079786006577,0.927279792901524,2.17113805244524,-4.64250713285339,0.927279792901524,0.775251478208956,-114.607458783044,1,1,"normal",178
"179",3.344693,0.863734354610437,1,200,0.00477079786006577,0.927279792901524,2.17113805244524,-4.64250713285339,0.927279792901524,0.775251478208956,-114.607458783044,1,1,"normal",179
"180",-1.17446,0.169695191996755,1,200,0.00477079786006577,0.927279792901524,2.17113805244524,-4.64250713285339,0.927279792901524,0.775251478208956,-114.607458783044,1,1,"normal",180
"181",-1.027328,0.187003870028084,0,200,0.00477079786006577,0.927279792901524,2.17113805244524,-4.64250713285339,0.927279792901524,0.775251478208956,-114.607458783044,1,1,"normal",181
"182",-1.566177,0.128964533601336,0,200,0.00477079786006577,0.927279792901524,2.17113805244524,-4.64250713285339,0.927279792901524,0.775251478208956,-114.607458783044,1,1,"normal",182
"183",2.345622,0.740888703726002,0,200,0.00477079786006577,0.927279792901524,2.17113805244524,-4.64250713285339,0.927279792901524,0.775251478208956,-114.607458783044,1,1,"normal",183
"184",-1.011287,0.188957027044869,0,200,0.00477079786006577,0.927279792901524,2.17113805244524,-4.64250713285339,0.927279792901524,0.775251478208956,-114.607458783044,1,1,"normal",184
"185",-0.8919,0.203898107035378,0,200,0.00477079786006577,0.927279792901524,2.17113805244524,-4.64250713285339,0.927279792901524,0.775251478208956,-114.607458783044,1,1,"normal",185
"186",-1.310219,0.154698901518099,0,200,0.00477079786006577,0.927279792901524,2.17113805244524,-4.64250713285339,0.927279792901524,0.775251478208956,-114.607458783044,1,1,"normal",186
"187",3.65793,0.891974593859596,0,200,0.00477079786006577,0.927279792901524,2.17113805244524,-4.64250713285339,0.927279792901524,0.775251478208956,-114.607458783044,1,1,"normal",187
"188",3.809797,0.903961986275667,1,200,0.00477079786006577,0.927279792901524,2.17113805244524,-4.64250713285339,0.927279792901524,0.775251478208956,-114.607458783044,1,1,"normal",188
"189",-2.486155,0.0621714348861103,1,200,0.00477079786006577,0.927279792901524,2.17113805244524,-4.64250713285339,0.927279792901524,0.775251478208956,-114.607458783044,1,1,"normal",189
"190",3.17569,0.846465732868724,1,200,0.00477079786006577,0.927279792901524,2.17113805244524,-4.64250713285339,0.927279792901524,0.775251478208956,-114.607458783044,1,1,"normal",190
"191",3.288342,0.858136805136664,1,200,0.00477079786006577,0.927279792901524,2.17113805244524,-4.64250713285339,0.927279792901524,0.775251478208956,-114.607458783044,1,1,"normal",191
"192",2.690947,0.788913828058391,1,200,0.00477079786006577,0.927279792901524,2.17113805244524,-4.64250713285339,0.927279792901524,0.775251478208956,-114.607458783044,1,1,"normal",192
"193",2.961104,0.822451335482975,1,200,0.00477079786006577,0.927279792901524,2.17113805244524,-4.64250713285339,0.927279792901524,0.775251478208956,-114.607458783044,1,1,"normal",193
"194",3.136608,0.842266333466014,1,200,0.00477079786006577,0.927279792901524,2.17113805244524,-4.64250713285339,0.927279792901524,0.775251478208956,-114.607458783044,1,1,"normal",194
"195",-1.419503,0.143307039846086,0,200,0.00477079786006577,0.927279792901524,2.17113805244524,-4.64250713285339,0.927279792901524,0.775251478208956,-114.607458783044,1,1,"normal",195
"196",2.824172,0.805908299762488,1,200,0.00477079786006577,0.927279792901524,2.17113805244524,-4.64250713285339,0.927279792901524,0.775251478208956,-114.607458783044,1,1,"normal",196
"197",4.16241,0.927775049269141,1,200,0.00477079786006577,0.927279792901524,2.17113805244524,-4.64250713285339,0.927279792901524,0.775251478208956,-114.607458783044,1,1,"normal",197
"198",3.029356,0.8303431269268,1,200,0.00477079786006577,0.927279792901524,2.17113805244524,-4.64250713285339,0.927279792901524,0.775251478208956,-114.607458783044,1,1,"normal",198
"199",-1.311304,0.154582822837237,0,200,0.00477079786006577,0.927279792901524,2.17113805244524,-4.64250713285339,0.927279792901524,0.775251478208956,-114.607458783044,1,1,"normal",199
"200",3.151776,0.843905364676346,1,200,0.00477079786006577,0.927279792901524,2.17113805244524,-4.64250713285339,0.927279792901524,0.775251478208956,-114.607458783044,1,1,"normal",200
"201",-8.2504491052,0.223472722448028,0,200,0.00476680508573733,-2.64102973329386,7.29010157392314,-4.64335246533042,-2.64102973329386,1.98651747924629,-426.831396601535,2,1,"normal",1
"202",8.037173199322,0.924420721456711,1,200,0.00476680508573733,-2.64102973329386,7.29010157392314,-4.64335246533042,-2.64102973329386,1.98651747924629,-426.831396601535,2,1,"normal",2
"203",-0.647084125,0.606743527920806,1,200,0.00476680508573733,-2.64102973329386,7.29010157392314,-4.64335246533042,-2.64102973329386,1.98651747924629,-426.831396601535,2,1,"normal",3
"204",-4.6162101316,0.394236587654425,0,200,0.00476680508573733,-2.64102973329386,7.29010157392314,-4.64335246533042,-2.64102973329386,1.98651747924629,-426.831396601535,2,1,"normal",4
"205",-1.2284,0.576091042755117,1,200,0.00476680508573733,-2.64102973329386,7.29010157392314,-4.64335246533042,-2.64102973329386,1.98651747924629,-426.831396601535,2,1,"normal",5
"206",-8.00647,0.233434253367645,0,200,0.00476680508573733,-2.64102973329386,7.29010157392314,-4.64335246533042,-2.64102973329386,1.98651747924629,-426.831396601535,2,1,"normal",6
"207",-3.50932,0.453047868886913,1,200,0.00476680508573733,-2.64102973329386,7.29010157392314,-4.64335246533042,-2.64102973329386,1.98651747924629,-426.831396601535,2,1,"normal",7
"208",-3.706368,0.442461279590038,1,200,0.00476680508573733,-2.64102973329386,7.29010157392314,-4.64335246533042,-2.64102973329386,1.98651747924629,-426.831396601535,2,1,"normal",8
"209",1.66932,0.720702736767259,1,200,0.00476680508573733,-2.64102973329386,7.29010157392314,-4.64335246533042,-2.64102973329386,1.98651747924629,-426.831396601535,2,1,"normal",9
"210",-5.94219,0.32700156594579,0,200,0.00476680508573733,-2.64102973329386,7.29010157392314,-4.64335246533042,-2.64102973329386,1.98651747924629,-426.831396601535,2,1,"normal",10
"211",-2.77677,0.492643015631877,0,200,0.00476680508573733,-2.64102973329386,7.29010157392314,-4.64335246533042,-2.64102973329386,1.98651747924629,-426.831396601535,2,1,"normal",11
"212",-1.314967,0.571481003358537,0,200,0.00476680508573733,-2.64102973329386,7.29010157392314,-4.64335246533042,-2.64102973329386,1.98651747924629,-426.831396601535,2,1,"normal",12
"213",2.13716,0.741580920149598,0,200,0.00476680508573733,-2.64102973329386,7.29010157392314,-4.64335246533042,-2.64102973329386,1.98651747924629,-426.831396601535,2,1,"normal",13
"214",22.23194,0.994913690640614,1,200,0.00476680508573733,-2.64102973329386,7.29010157392314,-4.64335246533042,-2.64102973329386,1.98651747924629,-426.831396601535,2,1,"normal",14
"215",32.22399,0.995232337588785,1,200,0.00476680508573733,-2.64102973329386,7.29010157392314,-4.64335246533042,-2.64102973329386,1.98651747924629,-426.831396601535,2,1,"normal",15
"216",-6.31563,0.308950856276624,1,200,0.00476680508573733,-2.64102973329386,7.29010157392314,-4.64335246533042,-2.64102973329386,1.98651747924629,-426.831396601535,2,1,"normal",16
"217",6.88144,0.900406899609049,1,200,0.00476680508573733,-2.64102973329386,7.29010157392314,-4.64335246533042,-2.64102973329386,1.98651747924629,-426.831396601535,2,1,"normal",17
"218",-3.13898,0.47303101520899,1,200,0.00476680508573733,-2.64102973329386,7.29010157392314,-4.64335246533042,-2.64102973329386,1.98651747924629,-426.831396601535,2,1,"normal",18
"219",19.26326,0.993916487213385,1,200,0.00476680508573733,-2.64102973329386,7.29010157392314,-4.64335246533042,-2.64102973329386,1.98651747924629,-426.831396601535,2,1,"normal",19
"220",16.67036,0.991235015935771,1,200,0.00476680508573733,-2.64102973329386,7.29010157392314,-4.64335246533042,-2.64102973329386,1.98651747924629,-426.831396601535,2,1,"normal",20
"221",-13.31533,0.0756516650721935,0,200,0.00476680508573733,-2.64102973329386,7.29010157392314,-4.64335246533042,-2.64102973329386,1.98651747924629,-426.831396601535,2,1,"normal",21
"222",-40.92028,0.00476688006237499,0,200,0.00476680508573733,-2.64102973329386,7.29010157392314,-4.64335246533042,-2.64102973329386,1.98651747924629,-426.831396601535,2,1,"normal",22
"223",-3.8701252503,0.433694695776706,1,200,0.00476680508573733,-2.64102973329386,7.29010157392314,-4.64335246533042,-2.64102973329386,1.98651747924629,-426.831396601535,2,1,"normal",23
"224",-12.69969,0.087796417309815,0,200,0.00476680508573733,-2.64102973329386,7.29010157392314,-4.64335246533042,-2.64102973329386,1.98651747924629,-426.831396601535,2,1,"normal",24
"225",2.5424,0.758972296242494,1,200,0.00476680508573733,-2.64102973329386,7.29010157392314,-4.64335246533042,-2.64102973329386,1.98651747924629,-426.831396601535,2,1,"normal",25
"226",-3.87092,0.43365222696124,1,200,0.00476680508573733,-2.64102973329386,7.29010157392314,-4.64335246533042,-2.64102973329386,1.98651747924629,-426.831396601535,2,1,"normal",26
"227",-19.20404,0.0162004237560565,0,200,0.00476680508573733,-2.64102973329386,7.29010157392314,-4.64335246533042,-2.64102973329386,1.98651747924629,-426.831396601535,2,1,"normal",27
"228",5.6404,0.868471435321249,1,200,0.00476680508573733,-2.64102973329386,7.29010157392314,-4.64335246533042,-2.64102973329386,1.98651747924629,-426.831396601535,2,1,"normal",28
"229",11.59675,0.970067345722108,1,200,0.00476680508573733,-2.64102973329386,7.29010157392314,-4.64335246533042,-2.64102973329386,1.98651747924629,-426.831396601535,2,1,"normal",29
"230",-11.01101,0.129028306924788,0,200,0.00476680508573733,-2.64102973329386,7.29010157392314,-4.64335246533042,-2.64102973329386,1.98651747924629,-426.831396601535,2,1,"normal",30
"231",10.11599,0.955548232484261,1,200,0.00476680508573733,-2.64102973329386,7.29010157392314,-4.64335246533042,-2.64102973329386,1.98651747924629,-426.831396601535,2,1,"normal",31
"232",-9.2348,0.185893165577313,0,200,0.00476680508573733,-2.64102973329386,7.29010157392314,-4.64335246533042,-2.64102973329386,1.98651747924629,-426.831396601535,2,1,"normal",32
"233",-7.96479,0.235161009872492,0,200,0.00476680508573733,-2.64102973329386,7.29010157392314,-4.64335246533042,-2.64102973329386,1.98651747924629,-426.831396601535,2,1,"normal",33
"234",-8.94333,0.196576920214199,0,200,0.00476680508573733,-2.64102973329386,7.29010157392314,-4.64335246533042,-2.64102973329386,1.98651747924629,-426.831396601535,2,1,"normal",34
"235",3.952039,0.814081574166183,1,200,0.00476680508573733,-2.64102973329386,7.29010157392314,-4.64335246533042,-2.64102973329386,1.98651747924629,-426.831396601535,2,1,"normal",35
"236",0.60946,0.670515728860149,0,200,0.00476680508573733,-2.64102973329386,7.29010157392314,-4.64335246533042,-2.64102973329386,1.98651747924629,-426.831396601535,2,1,"normal",36
"237",6.53448,0.892142712862423,1,200,0.00476680508573733,-2.64102973329386,7.29010157392314,-4.64335246533042,-2.64102973329386,1.98651747924629,-426.831396601535,2,1,"normal",37
"238",4.02526,0.81670618966154,1,200,0.00476680508573733,-2.64102973329386,7.29010157392314,-4.64335246533042,-2.64102973329386,1.98651747924629,-426.831396601535,2,1,"normal",38
"239",-12.28154,0.0968956995167936,0,200,0.00476680508573733,-2.64102973329386,7.29010157392314,-4.64335246533042,-2.64102973329386,1.98651747924629,-426.831396601535,2,1,"normal",39
"240",4.0446,0.817395430080816,1,200,0.00476680508573733,-2.64102973329386,7.29010157392314,-4.64335246533042,-2.64102973329386,1.98651747924629,-426.831396601535,2,1,"normal",40
"241",5.2179,0.856062020282298,1,200,0.00476680508573733,-2.64102973329386,7.29010157392314,-4.64335246533042,-2.64102973329386,1.98651747924629,-426.831396601535,2,1,"normal",41
"242",1.79185,0.726251162726883,1,200,0.00476680508573733,-2.64102973329386,7.29010157392314,-4.64335246533042,-2.64102973329386,1.98651747924629,-426.831396601535,2,1,"normal",42
"243",-6.31506,0.308978066310751,0,200,0.00476680508573733,-2.64102973329386,7.29010157392314,-4.64335246533042,-2.64102973329386,1.98651747924629,-426.831396601535,2,1,"normal",43
"244",2.09041,0.739532483972907,0,200,0.00476680508573733,-2.64102973329386,7.29010157392314,-4.64335246533042,-2.64102973329386,1.98651747924629,-426.831396601535,2,1,"normal",44
"245",4.07398,0.818439271826896,1,200,0.00476680508573733,-2.64102973329386,7.29010157392314,-4.64335246533042,-2.64102973329386,1.98651747924629,-426.831396601535,2,1,"normal",45
"246",-9.38442,0.180556069073086,0,200,0.00476680508573733,-2.64102973329386,7.29010157392314,-4.64335246533042,-2.64102973329386,1.98651747924629,-426.831396601535,2,1,"normal",46
"247",3.23142,0.786982876173281,1,200,0.00476680508573733,-2.64102973329386,7.29010157392314,-4.64335246533042,-2.64102973329386,1.98651747924629,-426.831396601535,2,1,"normal",47
"248",1.08488,0.693494090764501,0,200,0.00476680508573733,-2.64102973329386,7.29010157392314,-4.64335246533042,-2.64102973329386,1.98651747924629,-426.831396601535,2,1,"normal",48
"249",-0.64408,0.606900370857119,0,200,0.00476680508573733,-2.64102973329386,7.29010157392314,-4.64335246533042,-2.64102973329386,1.98651747924629,-426.831396601535,2,1,"normal",49
"250",2.49987,0.757178262479216,1,200,0.00476680508573733,-2.64102973329386,7.29010157392314,-4.64335246533042,-2.64102973329386,1.98651747924629,-426.831396601535,2,1,"normal",50
"251",1.29547,0.703435999079568,0,200,0.00476680508573733,-2.64102973329386,7.29010157392314,-4.64335246533042,-2.64102973329386,1.98651747924629,-426.831396601535,2,1,"normal",51
"252",-8.160843,0.227102108353172,0,200,0.00476680508573733,-2.64102973329386,7.29010157392314,-4.64335246533042,-2.64102973329386,1.98651747924629,-426.831396601535,2,1,"normal",52
"253",8.77063,0.937044445741635,1,200,0.00476680508573733,-2.64102973329386,7.29010157392314,-4.64335246533042,-2.64102973329386,1.98651747924629,-426.831396601535,2,1,"normal",53
"254",-1.49912,0.561641750310462,0,200,0.00476680508573733,-2.64102973329386,7.29010157392314,-4.64335246533042,-2.64102973329386,1.98651747924629,-426.831396601535,2,1,"normal",54
"255",-2.8155033,0.49054406647278,1,200,0.00476680508573733,-2.64102973329386,7.29010157392314,-4.64335246533042,-2.64102973329386,1.98651747924629,-426.831396601535,2,1,"normal",55
"256",-3.55882,0.450384924969904,0,200,0.00476680508573733,-2.64102973329386,7.29010157392314,-4.64335246533042,-2.64102973329386,1.98651747924629,-426.831396601535,2,1,"normal",56
"257",-2.884411,0.486810670831142,1,200,0.00476680508573733,-2.64102973329386,7.29010157392314,-4.64335246533042,-2.64102973329386,1.98651747924629,-426.831396601535,2,1,"normal",57
"258",-4.171494,0.417650944000231,0,200,0.00476680508573733,-2.64102973329386,7.29010157392314,-4.64335246533042,-2.64102973329386,1.98651747924629,-426.831396601535,2,1,"normal",58
"259",-5.062404,0.371130126611059,0,200,0.00476680508573733,-2.64102973329386,7.29010157392314,-4.64335246533042,-2.64102973329386,1.98651747924629,-426.831396601535,2,1,"normal",59
"260",3.372348,0.792461919201839,1,200,0.00476680508573733,-2.64102973329386,7.29010157392314,-4.64335246533042,-2.64102973329386,1.98651747924629,-426.831396601535,2,1,"normal",60
"261",4.31856,0.826978617425262,1,200,0.00476680508573733,-2.64102973329386,7.29010157392314,-4.64335246533042,-2.64102973329386,1.98651747924629,-426.831396601535,2,1,"normal",61
"262",-6.078769,0.320348723802389,1,200,0.00476680508573733,-2.64102973329386,7.29010157392314,-4.64335246533042,-2.64102973329386,1.98651747924629,-426.831396601535,2,1,"normal",62
"263",-11.28941,0.121392566925823,0,200,0.00476680508573733,-2.64102973329386,7.29010157392314,-4.64335246533042,-2.64102973329386,1.98651747924629,-426.831396601535,2,1,"normal",63
"264",4.75397,0.841514240969622,1,200,0.00476680508573733,-2.64102973329386,7.29010157392314,-4.64335246533042,-2.64102973329386,1.98651747924629,-426.831396601535,2,1,"normal",64
"265",4.42745,0.830693896708601,1,200,0.00476680508573733,-2.64102973329386,7.29010157392314,-4.64335246533042,-2.64102973329386,1.98651747924629,-426.831396601535,2,1,"normal",65
"266",-8.30061,0.221455917672689,0,200,0.00476680508573733,-2.64102973329386,7.29010157392314,-4.64335246533042,-2.64102973329386,1.98651747924629,-426.831396601535,2,1,"normal",66
"267",1.18232,0.698112963632509,1,200,0.00476680508573733,-2.64102973329386,7.29010157392314,-4.64335246533042,-2.64102973329386,1.98651747924629,-426.831396601535,2,1,"normal",67
"268",-6.12997,0.31786967651804,1,200,0.00476680508573733,-2.64102973329386,7.29010157392314,-4.64335246533042,-2.64102973329386,1.98651747924629,-426.831396601535,2,1,"normal",68
"269",3.99392,0.815585738288619,1,200,0.00476680508573733,-2.64102973329386,7.29010157392314,-4.64335246533042,-2.64102973329386,1.98651747924629,-426.831396601535,2,1,"normal",69
"270",3.99003,0.815446358519672,0,200,0.00476680508573733,-2.64102973329386,7.29010157392314,-4.64335246533042,-2.64102973329386,1.98651747924629,-426.831396601535,2,1,"normal",70
"271",5.62925,0.868154150626672,1,200,0.00476680508573733,-2.64102973329386,7.29010157392314,-4.64335246533042,-2.64102973329386,1.98651747924629,-426.831396601535,2,1,"normal",71
"272",-7.753831,0.244011068208419,0,200,0.00476680508573733,-2.64102973329386,7.29010157392314,-4.64335246533042,-2.64102973329386,1.98651747924629,-426.831396601535,2,1,"normal",72
"273",2.6929,0.765260967260932,0,200,0.00476680508573733,-2.64102973329386,7.29010157392314,-4.64335246533042,-2.64102973329386,1.98651747924629,-426.831396601535,2,1,"normal",73
"274",-6.55584,0.297580947680496,0,200,0.00476680508573733,-2.64102973329386,7.29010157392314,-4.64335246533042,-2.64102973329386,1.98651747924629,-426.831396601535,2,1,"normal",74
"275",-6.938359,0.279890133366715,0,200,0.00476680508573733,-2.64102973329386,7.29010157392314,-4.64335246533042,-2.64102973329386,1.98651747924629,-426.831396601535,2,1,"normal",75
"276",5.92604,0.87641246591261,1,200,0.00476680508573733,-2.64102973329386,7.29010157392314,-4.64335246533042,-2.64102973329386,1.98651747924629,-426.831396601535,2,1,"normal",76
"277",-6.319542,0.308764138458013,0,200,0.00476680508573733,-2.64102973329386,7.29010157392314,-4.64335246533042,-2.64102973329386,1.98651747924629,-426.831396601535,2,1,"normal",77
"278",5.57833,0.866698162609126,1,200,0.00476680508573733,-2.64102973329386,7.29010157392314,-4.64335246533042,-2.64102973329386,1.98651747924629,-426.831396601535,2,1,"normal",78
"279",3.86606,0.810969078174453,1,200,0.00476680508573733,-2.64102973329386,7.29010157392314,-4.64335246533042,-2.64102973329386,1.98651747924629,-426.831396601535,2,1,"normal",79
"280",-4.3385967,0.408813092297336,1,200,0.00476680508573733,-2.64102973329386,7.29010157392314,-4.64335246533042,-2.64102973329386,1.98651747924629,-426.831396601535,2,1,"normal",80
"281",0.91281,0.685260655462436,1,200,0.00476680508573733,-2.64102973329386,7.29010157392314,-4.64335246533042,-2.64102973329386,1.98651747924629,-426.831396601535,2,1,"normal",81
"282",2.31738,0.749396766038352,0,200,0.00476680508573733,-2.64102973329386,7.29010157392314,-4.64335246533042,-2.64102973329386,1.98651747924629,-426.831396601535,2,1,"normal",82
"283",-9.762584,0.167514584249054,0,200,0.00476680508573733,-2.64102973329386,7.29010157392314,-4.64335246533042,-2.64102973329386,1.98651747924629,-426.831396601535,2,1,"normal",83
"284",1.10795,0.694590543460873,1,200,0.00476680508573733,-2.64102973329386,7.29010157392314,-4.64335246533042,-2.64102973329386,1.98651747924629,-426.831396601535,2,1,"normal",84
"285",-11.25458,0.122329259400369,0,200,0.00476680508573733,-2.64102973329386,7.29010157392314,-4.64335246533042,-2.64102973329386,1.98651747924629,-426.831396601535,2,1,"normal",85
"286",3.506597,0.797600694806502,1,200,0.00476680508573733,-2.64102973329386,7.29010157392314,-4.64335246533042,-2.64102973329386,1.98651747924629,-426.831396601535,2,1,"normal",86
"287",-7.90294,0.237736694209609,0,200,0.00476680508573733,-2.64102973329386,7.29010157392314,-4.64335246533042,-2.64102973329386,1.98651747924629,-426.831396601535,2,1,"normal",87
"288",-6.71676,0.290075090764004,1,200,0.00476680508573733,-2.64102973329386,7.29010157392314,-4.64335246533042,-2.64102973329386,1.98651747924629,-426.831396601535,2,1,"normal",88
"289",-8.5503,0.211577276364588,0,200,0.00476680508573733,-2.64102973329386,7.29010157392314,-4.64335246533042,-2.64102973329386,1.98651747924629,-426.831396601535,2,1,"normal",89
"290",1.99114,0.735154518331705,1,200,0.00476680508573733,-2.64102973329386,7.29010157392314,-4.64335246533042,-2.64102973329386,1.98651747924629,-426.831396601535,2,1,"normal",90
"291",4.511499,0.833525085393907,1,200,0.00476680508573733,-2.64102973329386,7.29010157392314,-4.64335246533042,-2.64102973329386,1.98651747924629,-426.831396601535,2,1,"normal",91
"292",2.07187,0.738717751568688,1,200,0.00476680508573733,-2.64102973329386,7.29010157392314,-4.64335246533042,-2.64102973329386,1.98651747924629,-426.831396601535,2,1,"normal",92
"293",2.97786,0.776908870689088,1,200,0.00476680508573733,-2.64102973329386,7.29010157392314,-4.64335246533042,-2.64102973329386,1.98651747924629,-426.831396601535,2,1,"normal",93
"294",0.88887,0.684107512035943,1,200,0.00476680508573733,-2.64102973329386,7.29010157392314,-4.64335246533042,-2.64102973329386,1.98651747924629,-426.831396601535,2,1,"normal",94
"295",4.44847,0.831404940244556,1,200,0.00476680508573733,-2.64102973329386,7.29010157392314,-4.64335246533042,-2.64102973329386,1.98651747924629,-426.831396601535,2,1,"normal",95
"296",1.55527,0.715488489606439,1,200,0.00476680508573733,-2.64102973329386,7.29010157392314,-4.64335246533042,-2.64102973329386,1.98651747924629,-426.831396601535,2,1,"normal",96
"297",1.964,0.733950958149215,1,200,0.00476680508573733,-2.64102973329386,7.29010157392314,-4.64335246533042,-2.64102973329386,1.98651747924629,-426.831396601535,2,1,"normal",97
"298",-7.72182,0.245369928076216,1,200,0.00476680508573733,-2.64102973329386,7.29010157392314,-4.64335246533042,-2.64102973329386,1.98651747924629,-426.831396601535,2,1,"normal",98
"299",-7.01392,0.276458303647086,0,200,0.00476680508573733,-2.64102973329386,7.29010157392314,-4.64335246533042,-2.64102973329386,1.98651747924629,-426.831396601535,2,1,"normal",99
"300",-9.60237,0.172961232951,0,200,0.00476680508573733,-2.64102973329386,7.29010157392314,-4.64335246533042,-2.64102973329386,1.98651747924629,-426.831396601535,2,1,"normal",100
"301",3.62333,0.802004651268791,1,200,0.00476680508573733,-2.64102973329386,7.29010157392314,-4.64335246533042,-2.64102973329386,1.98651747924629,-426.831396601535,2,1,"normal",101
"302",2.6841,0.764895840553704,1,200,0.00476680508573733,-2.64102973329386,7.29010157392314,-4.64335246533042,-2.64102973329386,1.98651747924629,-426.831396601535,2,1,"normal",102
"303",-8.37451,0.218504227311891,0,200,0.00476680508573733,-2.64102973329386,7.29010157392314,-4.64335246533042,-2.64102973329386,1.98651747924629,-426.831396601535,2,1,"normal",103
"304",-9.53336,0.175342908511689,0,200,0.00476680508573733,-2.64102973329386,7.29010157392314,-4.64335246533042,-2.64102973329386,1.98651747924629,-426.831396601535,2,1,"normal",104
"305",-9.15285,0.188858816339864,0,200,0.00476680508573733,-2.64102973329386,7.29010157392314,-4.64335246533042,-2.64102973329386,1.98651747924629,-426.831396601535,2,1,"normal",105
"306",-7.66539,0.247775502998773,1,200,0.00476680508573733,-2.64102973329386,7.29010157392314,-4.64335246533042,-2.64102973329386,1.98651747924629,-426.831396601535,2,1,"normal",106
"307",-7.44393,0.257339810798732,0,200,0.00476680508573733,-2.64102973329386,7.29010157392314,-4.64335246533042,-2.64102973329386,1.98651747924629,-426.831396601535,2,1,"normal",107
"308",0.17743,0.649044617360151,1,200,0.00476680508573733,-2.64102973329386,7.29010157392314,-4.64335246533042,-2.64102973329386,1.98651747924629,-426.831396601535,2,1,"normal",108
"309",1.28065,0.702741314950961,1,200,0.00476680508573733,-2.64102973329386,7.29010157392314,-4.64335246533042,-2.64102973329386,1.98651747924629,-426.831396601535,2,1,"normal",109
"310",-6.16816,0.316026006407733,0,200,0.00476680508573733,-2.64102973329386,7.29010157392314,-4.64335246533042,-2.64102973329386,1.98651747924629,-426.831396601535,2,1,"normal",110
"311",3.23463,0.787108635276974,1,200,0.00476680508573733,-2.64102973329386,7.29010157392314,-4.64335246533042,-2.64102973329386,1.98651747924629,-426.831396601535,2,1,"normal",111
"312",-7.68054,0.247128401436312,0,200,0.00476680508573733,-2.64102973329386,7.29010157392314,-4.64335246533042,-2.64102973329386,1.98651747924629,-426.831396601535,2,1,"normal",112
"313",2.38664,0.752365933388002,1,200,0.00476680508573733,-2.64102973329386,7.29010157392314,-4.64335246533042,-2.64102973329386,1.98651747924629,-426.831396601535,2,1,"normal",113
"314",3.5351,0.79868155728435,1,200,0.00476680508573733,-2.64102973329386,7.29010157392314,-4.64335246533042,-2.64102973329386,1.98651747924629,-426.831396601535,2,1,"normal",114
"315",-7.64014,0.248856065966302,0,200,0.00476680508573733,-2.64102973329386,7.29010157392314,-4.64335246533042,-2.64102973329386,1.98651747924629,-426.831396601535,2,1,"normal",115
"316",-7.66925,0.247610542807977,0,200,0.00476680508573733,-2.64102973329386,7.29010157392314,-4.64335246533042,-2.64102973329386,1.98651747924629,-426.831396601535,2,1,"normal",116
"317",-7.30436,0.263467132851839,0,200,0.00476680508573733,-2.64102973329386,7.29010157392314,-4.64335246533042,-2.64102973329386,1.98651747924629,-426.831396601535,2,1,"normal",117
"318",-7.30631,0.263381001916186,0,200,0.00476680508573733,-2.64102973329386,7.29010157392314,-4.64335246533042,-2.64102973329386,1.98651747924629,-426.831396601535,2,1,"normal",118
"319",4.25829,0.824899287037306,1,200,0.00476680508573733,-2.64102973329386,7.29010157392314,-4.64335246533042,-2.64102973329386,1.98651747924629,-426.831396601535,2,1,"normal",119
"320",1.26333,0.701928480772899,1,200,0.00476680508573733,-2.64102973329386,7.29010157392314,-4.64335246533042,-2.64102973329386,1.98651747924629,-426.831396601535,2,1,"normal",120
"321",-11.24196,0.122669960708886,0,200,0.00476680508573733,-2.64102973329386,7.29010157392314,-4.64335246533042,-2.64102973329386,1.98651747924629,-426.831396601535,2,1,"normal",121
"322",-6.47052,0.301597035875842,0,200,0.00476680508573733,-2.64102973329386,7.29010157392314,-4.64335246533042,-2.64102973329386,1.98651747924629,-426.831396601535,2,1,"normal",122
"323",0.15961,0.648147867034015,1,200,0.00476680508573733,-2.64102973329386,7.29010157392314,-4.64335246533042,-2.64102973329386,1.98651747924629,-426.831396601535,2,1,"normal",123
"324",3.62027,0.801889974231632,1,200,0.00476680508573733,-2.64102973329386,7.29010157392314,-4.64335246533042,-2.64102973329386,1.98651747924629,-426.831396601535,2,1,"normal",124
"325",0.43598,0.661957964371691,0,200,0.00476680508573733,-2.64102973329386,7.29010157392314,-4.64335246533042,-2.64102973329386,1.98651747924629,-426.831396601535,2,1,"normal",125
"326",1.6005,0.717562049238075,1,200,0.00476680508573733,-2.64102973329386,7.29010157392314,-4.64335246533042,-2.64102973329386,1.98651747924629,-426.831396601535,2,1,"normal",126
"327",1.04844,0.691758586759531,0,200,0.00476680508573733,-2.64102973329386,7.29010157392314,-4.64335246533042,-2.64102973329386,1.98651747924629,-426.831396601535,2,1,"normal",127
"328",2.54622,0.759133071452463,1,200,0.00476680508573733,-2.64102973329386,7.29010157392314,-4.64335246533042,-2.64102973329386,1.98651747924629,-426.831396601535,2,1,"normal",128
"329",3.27764,0.788789342743461,1,200,0.00476680508573733,-2.64102973329386,7.29010157392314,-4.64335246533042,-2.64102973329386,1.98651747924629,-426.831396601535,2,1,"normal",129
"330",-7.90657,0.237585088424675,0,200,0.00476680508573733,-2.64102973329386,7.29010157392314,-4.64335246533042,-2.64102973329386,1.98651747924629,-426.831396601535,2,1,"normal",130
"331",-7.63765,0.248962763754118,0,200,0.00476680508573733,-2.64102973329386,7.29010157392314,-4.64335246533042,-2.64102973329386,1.98651747924629,-426.831396601535,2,1,"normal",131
"332",-7.82941,0.240819358430906,0,200,0.00476680508573733,-2.64102973329386,7.29010157392314,-4.64335246533042,-2.64102973329386,1.98651747924629,-426.831396601535,2,1,"normal",132
"333",1.59368,0.717249864872913,1,200,0.00476680508573733,-2.64102973329386,7.29010157392314,-4.64335246533042,-2.64102973329386,1.98651747924629,-426.831396601535,2,1,"normal",133
"334",3.2942,0.789434319746449,1,200,0.00476680508573733,-2.64102973329386,7.29010157392314,-4.64335246533042,-2.64102973329386,1.98651747924629,-426.831396601535,2,1,"normal",134
"335",-6.17424,0.315732916432968,0,200,0.00476680508573733,-2.64102973329386,7.29010157392314,-4.64335246533042,-2.64102973329386,1.98651747924629,-426.831396601535,2,1,"normal",135
"336",3.45434,0.795609788779449,1,200,0.00476680508573733,-2.64102973329386,7.29010157392314,-4.64335246533042,-2.64102973329386,1.98651747924629,-426.831396601535,2,1,"normal",136
"337",4.24666,0.82449616869089,1,200,0.00476680508573733,-2.64102973329386,7.29010157392314,-4.64335246533042,-2.64102973329386,1.98651747924629,-426.831396601535,2,1,"normal",137
"338",-7.22917,0.266799459255443,0,200,0.00476680508573733,-2.64102973329386,7.29010157392314,-4.64335246533042,-2.64102973329386,1.98651747924629,-426.831396601535,2,1,"normal",138
"339",-5.71254,0.338314757955664,1,200,0.00476680508573733,-2.64102973329386,7.29010157392314,-4.64335246533042,-2.64102973329386,1.98651747924629,-426.831396601535,2,1,"normal",139
"340",-8.14751,0.227645051287892,0,200,0.00476680508573733,-2.64102973329386,7.29010157392314,-4.64335246533042,-2.64102973329386,1.98651747924629,-426.831396601535,2,1,"normal",140
"341",4.82221,0.843714872597852,1,200,0.00476680508573733,-2.64102973329386,7.29010157392314,-4.64335246533042,-2.64102973329386,1.98651747924629,-426.831396601535,2,1,"normal",141
"342",-6.04439,0.322017905185616,0,200,0.00476680508573733,-2.64102973329386,7.29010157392314,-4.64335246533042,-2.64102973329386,1.98651747924629,-426.831396601535,2,1,"normal",142
"343",-6.98017,0.27798854679238,0,200,0.00476680508573733,-2.64102973329386,7.29010157392314,-4.64335246533042,-2.64102973329386,1.98651747924629,-426.831396601535,2,1,"normal",143
"344",-6.89075,0.282063254987237,0,200,0.00476680508573733,-2.64102973329386,7.29010157392314,-4.64335246533042,-2.64102973329386,1.98651747924629,-426.831396601535,2,1,"normal",144
"345",-7.69094,0.246684724142878,0,200,0.00476680508573733,-2.64102973329386,7.29010157392314,-4.64335246533042,-2.64102973329386,1.98651747924629,-426.831396601535,2,1,"normal",145
"346",2.54745,0.759184826631708,1,200,0.00476680508573733,-2.64102973329386,7.29010157392314,-4.64335246533042,-2.64102973329386,1.98651747924629,-426.831396601535,2,1,"normal",146
"347",2.30726,0.748961307763767,1,200,0.00476680508573733,-2.64102973329386,7.29010157392314,-4.64335246533042,-2.64102973329386,1.98651747924629,-426.831396601535,2,1,"normal",147
"348",-6.66169,0.292633508290115,0,200,0.00476680508573733,-2.64102973329386,7.29010157392314,-4.64335246533042,-2.64102973329386,1.98651747924629,-426.831396601535,2,1,"normal",148
"349",-7.17916,0.269027869968902,0,200,0.00476680508573733,-2.64102973329386,7.29010157392314,-4.64335246533042,-2.64102973329386,1.98651747924629,-426.831396601535,2,1,"normal",149
"350",0.83685,0.681595496350045,1,200,0.00476680508573733,-2.64102973329386,7.29010157392314,-4.64335246533042,-2.64102973329386,1.98651747924629,-426.831396601535,2,1,"normal",150
"351",-9.05647,0.192384958862024,1,200,0.00476680508573733,-2.64102973329386,7.29010157392314,-4.64335246533042,-2.64102973329386,1.98651747924629,-426.831396601535,2,1,"normal",151
"352",-6.89138,0.282034444269139,0,200,0.00476680508573733,-2.64102973329386,7.29010157392314,-4.64335246533042,-2.64102973329386,1.98651747924629,-426.831396601535,2,1,"normal",152
"353",1.85099,0.72890902526753,1,200,0.00476680508573733,-2.64102973329386,7.29010157392314,-4.64335246533042,-2.64102973329386,1.98651747924629,-426.831396601535,2,1,"normal",153
"354",-8.10532,0.229368042906999,0,200,0.00476680508573733,-2.64102973329386,7.29010157392314,-4.64335246533042,-2.64102973329386,1.98651747924629,-426.831396601535,2,1,"normal",154
"355",1.43206,0.709802481813174,0,200,0.00476680508573733,-2.64102973329386,7.29010157392314,-4.64335246533042,-2.64102973329386,1.98651747924629,-426.831396601535,2,1,"normal",155
"356",-7.5028,0.254778289431509,1,200,0.00476680508573733,-2.64102973329386,7.29010157392314,-4.64335246533042,-2.64102973329386,1.98651747924629,-426.831396601535,2,1,"normal",156
"357",0.95436,0.687257654148813,0,200,0.00476680508573733,-2.64102973329386,7.29010157392314,-4.64335246533042,-2.64102973329386,1.98651747924629,-426.831396601535,2,1,"normal",157
"358",2.26705,0.747227041154693,1,200,0.00476680508573733,-2.64102973329386,7.29010157392314,-4.64335246533042,-2.64102973329386,1.98651747924629,-426.831396601535,2,1,"normal",158
"359",-7.72439,0.245260678199843,0,200,0.00476680508573733,-2.64102973329386,7.29010157392314,-4.64335246533042,-2.64102973329386,1.98651747924629,-426.831396601535,2,1,"normal",159
"360",-7.50683,0.254603440216515,0,200,0.00476680508573733,-2.64102973329386,7.29010157392314,-4.64335246533042,-2.64102973329386,1.98651747924629,-426.831396601535,2,1,"normal",160
"361",2.80278,0.769792853254995,1,200,0.00476680508573733,-2.64102973329386,7.29010157392314,-4.64335246533042,-2.64102973329386,1.98651747924629,-426.831396601535,2,1,"normal",161
"362",2.48001,0.756337977364206,1,200,0.00476680508573733,-2.64102973329386,7.29010157392314,-4.64335246533042,-2.64102973329386,1.98651747924629,-426.831396601535,2,1,"normal",162
"363",-6.10254,0.319196752261551,1,200,0.00476680508573733,-2.64102973329386,7.29010157392314,-4.64335246533042,-2.64102973329386,1.98651747924629,-426.831396601535,2,1,"normal",163
"364",1.04864,0.69176812405526,1,200,0.00476680508573733,-2.64102973329386,7.29010157392314,-4.64335246533042,-2.64102973329386,1.98651747924629,-426.831396601535,2,1,"normal",164
"365",2.47267,0.756027011279151,1,200,0.00476680508573733,-2.64102973329386,7.29010157392314,-4.64335246533042,-2.64102973329386,1.98651747924629,-426.831396601535,2,1,"normal",165
"366",-7.44781,0.257170564574841,0,200,0.00476680508573733,-2.64102973329386,7.29010157392314,-4.64335246533042,-2.64102973329386,1.98651747924629,-426.831396601535,2,1,"normal",166
"367",2.25463,0.746690058094078,0,200,0.00476680508573733,-2.64102973329386,7.29010157392314,-4.64335246533042,-2.64102973329386,1.98651747924629,-426.831396601535,2,1,"normal",167
"368",-6.55165,0.297777590410827,0,200,0.00476680508573733,-2.64102973329386,7.29010157392314,-4.64335246533042,-2.64102973329386,1.98651747924629,-426.831396601535,2,1,"normal",168
"369",-7.48048,0.2557478516451,1,200,0.00476680508573733,-2.64102973329386,7.29010157392314,-4.64335246533042,-2.64102973329386,1.98651747924629,-426.831396601535,2,1,"normal",169
"370",0.69328,0.674618443482225,0,200,0.00476680508573733,-2.64102973329386,7.29010157392314,-4.64335246533042,-2.64102973329386,1.98651747924629,-426.831396601535,2,1,"normal",170
"371",-6.93988,0.279820844356055,1,200,0.00476680508573733,-2.64102973329386,7.29010157392314,-4.64335246533042,-2.64102973329386,1.98651747924629,-426.831396601535,2,1,"normal",171
"372",1.3923,0.707956033833268,1,200,0.00476680508573733,-2.64102973329386,7.29010157392314,-4.64335246533042,-2.64102973329386,1.98651747924629,-426.831396601535,2,1,"normal",172
"373",-7.14784,0.270428327839887,0,200,0.00476680508573733,-2.64102973329386,7.29010157392314,-4.64335246533042,-2.64102973329386,1.98651747924629,-426.831396601535,2,1,"normal",173
"374",1.68238,0.721296778398336,1,200,0.00476680508573733,-2.64102973329386,7.29010157392314,-4.64335246533042,-2.64102973329386,1.98651747924629,-426.831396601535,2,1,"normal",174
"375",-7.25804,0.26551739886927,0,200,0.00476680508573733,-2.64102973329386,7.29010157392314,-4.64335246533042,-2.64102973329386,1.98651747924629,-426.831396601535,2,1,"normal",175
"376",1.82767,0.727862557270243,0,200,0.00476680508573733,-2.64102973329386,7.29010157392314,-4.64335246533042,-2.64102973329386,1.98651747924629,-426.831396601535,2,1,"normal",176
"377",1.03086,0.690919741682765,1,200,0.00476680508573733,-2.64102973329386,7.29010157392314,-4.64335246533042,-2.64102973329386,1.98651747924629,-426.831396601535,2,1,"normal",177
"378",-8.42902,0.216342020433243,0,200,0.00476680508573733,-2.64102973329386,7.29010157392314,-4.64335246533042,-2.64102973329386,1.98651747924629,-426.831396601535,2,1,"normal",178
"379",2.07608,0.738902875983034,1,200,0.00476680508573733,-2.64102973329386,7.29010157392314,-4.64335246533042,-2.64102973329386,1.98651747924629,-426.831396601535,2,1,"normal",179
"380",4.16364,0.821600878629777,1,200,0.00476680508573733,-2.64102973329386,7.29010157392314,-4.64335246533042,-2.64102973329386,1.98651747924629,-426.831396601535,2,1,"normal",180
"381",-7.5052,0.254674153099967,0,200,0.00476680508573733,-2.64102973329386,7.29010157392314,-4.64335246533042,-2.64102973329386,1.98651747924629,-426.831396601535,2,1,"normal",181
"382",-7.71651,0.245595739501285,0,200,0.00476680508573733,-2.64102973329386,7.29010157392314,-4.64335246533042,-2.64102973329386,1.98651747924629,-426.831396601535,2,1,"normal",182
"383",1.38639,0.707681097108156,1,200,0.00476680508573733,-2.64102973329386,7.29010157392314,-4.64335246533042,-2.64102973329386,1.98651747924629,-426.831396601535,2,1,"normal",183
"384",-7.37958,0.260155402983607,0,200,0.00476680508573733,-2.64102973329386,7.29010157392314,-4.64335246533042,-2.64102973329386,1.98651747924629,-426.831396601535,2,1,"normal",184
"385",2.0595,0.738173411369809,1,200,0.00476680508573733,-2.64102973329386,7.29010157392314,-4.64335246533042,-2.64102973329386,1.98651747924629,-426.831396601535,2,1,"normal",185
"386",-7.27253,0.264875135907117,0,200,0.00476680508573733,-2.64102973329386,7.29010157392314,-4.64335246533042,-2.64102973329386,1.98651747924629,-426.831396601535,2,1,"normal",186
"387",-6.3306,0.308236619139499,1,200,0.00476680508573733,-2.64102973329386,7.29010157392314,-4.64335246533042,-2.64102973329386,1.98651747924629,-426.831396601535,2,1,"normal",187
"388",2.12793,0.741177170117591,1,200,0.00476680508573733,-2.64102973329386,7.29010157392314,-4.64335246533042,-2.64102973329386,1.98651747924629,-426.831396601535,2,1,"normal",188
"389",-6.9392,0.279851820638059,0,200,0.00476680508573733,-2.64102973329386,7.29010157392314,-4.64335246533042,-2.64102973329386,1.98651747924629,-426.831396601535,2,1,"normal",189
"390",-8.30523,0.221270702451815,0,200,0.00476680508573733,-2.64102973329386,7.29010157392314,-4.64335246533042,-2.64102973329386,1.98651747924629,-426.831396601535,2,1,"normal",190
"391",2.48632,0.756605130778665,1,200,0.00476680508573733,-2.64102973329386,7.29010157392314,-4.64335246533042,-2.64102973329386,1.98651747924629,-426.831396601535,2,1,"normal",191
"392",-6.37335,0.306201056064554,0,200,0.00476680508573733,-2.64102973329386,7.29010157392314,-4.64335246533042,-2.64102973329386,1.98651747924629,-426.831396601535,2,1,"normal",192
"393",-7.24829,0.265950018803731,1,200,0.00476680508573733,-2.64102973329386,7.29010157392314,-4.64335246533042,-2.64102973329386,1.98651747924629,-426.831396601535,2,1,"normal",193
"394",1.2754,0.702495039959837,0,200,0.00476680508573733,-2.64102973329386,7.29010157392314,-4.64335246533042,-2.64102973329386,1.98651747924629,-426.831396601535,2,1,"normal",194
"395",4.53798,0.83441050079452,1,200,0.00476680508573733,-2.64102973329386,7.29010157392314,-4.64335246533042,-2.64102973329386,1.98651747924629,-426.831396601535,2,1,"normal",195
"396",-7.75459,0.243978899482977,0,200,0.00476680508573733,-2.64102973329386,7.29010157392314,-4.64335246533042,-2.64102973329386,1.98651747924629,-426.831396601535,2,1,"normal",196
"397",2.46652,0.755766291510754,1,200,0.00476680508573733,-2.64102973329386,7.29010157392314,-4.64335246533042,-2.64102973329386,1.98651747924629,-426.831396601535,2,1,"normal",197
"398",2.25188,0.746571077725798,1,200,0.00476680508573733,-2.64102973329386,7.29010157392314,-4.64335246533042,-2.64102973329386,1.98651747924629,-426.831396601535,2,1,"normal",198
"399",2.14276,0.741825719032963,1,200,0.00476680508573733,-2.64102973329386,7.29010157392314,-4.64335246533042,-2.64102973329386,1.98651747924629,-426.831396601535,2,1,"normal",199
"400",-6.71098,0.290343110717146,0,200,0.00476680508573733,-2.64102973329386,7.29010157392314,-4.64335246533042,-2.64102973329386,1.98651747924629,-426.831396601535,2,1,"normal",200
"401",8.10767664348,0.83262406755969,1,200,0.0256779531753564,-1.356771932723,9.10793057691506,-2.91625374403632,-1.356771932723,2.20914552596285,673.020232168204,3,1,"normal",1
"402",-6.00844508455,0.314797013558479,1,200,0.0256779531753564,-1.356771932723,9.10793057691506,-2.91625374403632,-1.356771932723,2.20914552596285,673.020232168204,3,1,"normal",2
"403",-14.9334766652,0.0902115224656286,0,200,0.0256779531753564,-1.356771932723,9.10793057691506,-2.91625374403632,-1.356771932723,2.20914552596285,673.020232168204,3,1,"normal",3
"404",-8.8641807706,0.220048122815118,1,200,0.0256779531753564,-1.356771932723,9.10793057691506,-2.91625374403632,-1.356771932723,2.20914552596285,673.020232168204,3,1,"normal",4
"405",22.86581,0.970610206663159,1,200,0.0256779531753564,-1.356771932723,9.10793057691506,-2.91625374403632,-1.356771932723,2.20914552596285,673.020232168204,3,1,"normal",5
"406",-12.71979,0.126319145713961,0,200,0.0256779531753564,-1.356771932723,9.10793057691506,-2.91625374403632,-1.356771932723,2.20914552596285,673.020232168204,3,1,"normal",6
"407",-5.26361,0.342506255330891,0,200,0.0256779531753564,-1.356771932723,9.10793057691506,-2.91625374403632,-1.356771932723,2.20914552596285,673.020232168204,3,1,"normal",7
"408",22.46186,0.970091687306343,1,200,0.0256779531753564,-1.356771932723,9.10793057691506,-2.91625374403632,-1.356771932723,2.20914552596285,673.020232168204,3,1,"normal",8
"409",-6.16059,0.309271936247408,0,200,0.0256779531753564,-1.356771932723,9.10793057691506,-2.91625374403632,-1.356771932723,2.20914552596285,673.020232168204,3,1,"normal",9
"410",2.963356,0.67300067510153,0,200,0.0256779531753564,-1.356771932723,9.10793057691506,-2.91625374403632,-1.356771932723,2.20914552596285,673.020232168204,3,1,"normal",10
"411",-21.00633,0.0403694062939576,0,200,0.0256779531753564,-1.356771932723,9.10793057691506,-2.91625374403632,-1.356771932723,2.20914552596285,673.020232168204,3,1,"normal",11
"412",0.893511785473,0.592561514709034,1,200,0.0256779531753564,-1.356771932723,9.10793057691506,-2.91625374403632,-1.356771932723,2.20914552596285,673.020232168204,3,1,"normal",12
"413",-3.59219,0.408037737538092,1,200,0.0256779531753564,-1.356771932723,9.10793057691506,-2.91625374403632,-1.356771932723,2.20914552596285,673.020232168204,3,1,"normal",13
"414",-1.58005,0.490723241997431,0,200,0.0256779531753564,-1.356771932723,9.10793057691506,-2.91625374403632,-1.356771932723,2.20914552596285,673.020232168204,3,1,"normal",14
"415",-16.29275,0.0735980639292522,0,200,0.0256779531753564,-1.356771932723,9.10793057691506,-2.91625374403632,-1.356771932723,2.20914552596285,673.020232168204,3,1,"normal",15
"416",8.3725,0.838940399472622,1,200,0.0256779531753564,-1.356771932723,9.10793057691506,-2.91625374403632,-1.356771932723,2.20914552596285,673.020232168204,3,1,"normal",16
"417",11.63772,0.901437806501574,0,200,0.0256779531753564,-1.356771932723,9.10793057691506,-2.91625374403632,-1.356771932723,2.20914552596285,673.020232168204,3,1,"normal",17
"418",12.7945,0.917285460246016,1,200,0.0256779531753564,-1.356771932723,9.10793057691506,-2.91625374403632,-1.356771932723,2.20914552596285,673.020232168204,3,1,"normal",18
"419",34.9082,0.974289590632284,1,200,0.0256779531753564,-1.356771932723,9.10793057691506,-2.91625374403632,-1.356771932723,2.20914552596285,673.020232168204,3,1,"normal",19
"420",-34.7348507,0.0257953965403213,0,200,0.0256779531753564,-1.356771932723,9.10793057691506,-2.91625374403632,-1.356771932723,2.20914552596285,673.020232168204,3,1,"normal",20
"421",-12.87828,0.123327712937914,0,200,0.0256779531753564,-1.356771932723,9.10793057691506,-2.91625374403632,-1.356771932723,2.20914552596285,673.020232168204,3,1,"normal",21
"422",-30.668,0.0262897982332269,0,200,0.0256779531753564,-1.356771932723,9.10793057691506,-2.91625374403632,-1.356771932723,2.20914552596285,673.020232168204,3,1,"normal",22
"423",16.5796,0.951119594647929,1,200,0.0256779531753564,-1.356771932723,9.10793057691506,-2.91625374403632,-1.356771932723,2.20914552596285,673.020232168204,3,1,"normal",23
"424",-13.74187,0.108157132324463,0,200,0.0256779531753564,-1.356771932723,9.10793057691506,-2.91625374403632,-1.356771932723,2.20914552596285,673.020232168204,3,1,"normal",24
"425",-7.23223,0.271788114109772,0,200,0.0256779531753564,-1.356771932723,9.10793057691506,-2.91625374403632,-1.356771932723,2.20914552596285,673.020232168204,3,1,"normal",25
"426",-17.37548,0.0629679472423442,0,200,0.0256779531753564,-1.356771932723,9.10793057691506,-2.91625374403632,-1.356771932723,2.20914552596285,673.020232168204,3,1,"normal",26
"427",20.58803,0.966743313049551,1,200,0.0256779531753564,-1.356771932723,9.10793057691506,-2.91625374403632,-1.356771932723,2.20914552596285,673.020232168204,3,1,"normal",27
"428",16.51979,0.950759815557915,1,200,0.0256779531753564,-1.356771932723,9.10793057691506,-2.91625374403632,-1.356771932723,2.20914552596285,673.020232168204,3,1,"normal",28
"429",-1.60358,0.489745845329927,1,200,0.0256779531753564,-1.356771932723,9.10793057691506,-2.91625374403632,-1.356771932723,2.20914552596285,673.020232168204,3,1,"normal",29
"430",-0.34108,0.542116886130824,1,200,0.0256779531753564,-1.356771932723,9.10793057691506,-2.91625374403632,-1.356771932723,2.20914552596285,673.020232168204,3,1,"normal",30
"431",5.4795,0.759500299356656,1,200,0.0256779531753564,-1.356771932723,9.10793057691506,-2.91625374403632,-1.356771932723,2.20914552596285,673.020232168204,3,1,"normal",31
"432",-8.21428,0.239834499521402,0,200,0.0256779531753564,-1.356771932723,9.10793057691506,-2.91625374403632,-1.356771932723,2.20914552596285,673.020232168204,3,1,"normal",32
"433",-15.55115,0.0821808060244946,0,200,0.0256779531753564,-1.356771932723,9.10793057691506,-2.91625374403632,-1.356771932723,2.20914552596285,673.020232168204,3,1,"normal",33
"434",1.17223,0.603750618681986,1,200,0.0256779531753564,-1.356771932723,9.10793057691506,-2.91625374403632,-1.356771932723,2.20914552596285,673.020232168204,3,1,"normal",34
"435",-1.85891,0.479145641082696,1,200,0.0256779531753564,-1.356771932723,9.10793057691506,-2.91625374403632,-1.356771932723,2.20914552596285,673.020232168204,3,1,"normal",35
"436",3.157687,0.680179480986284,1,200,0.0256779531753564,-1.356771932723,9.10793057691506,-2.91625374403632,-1.356771932723,2.20914552596285,673.020232168204,3,1,"normal",36
"437",0.68762,0.58424093251166,1,200,0.0256779531753564,-1.356771932723,9.10793057691506,-2.91625374403632,-1.356771932723,2.20914552596285,673.020232168204,3,1,"normal",37
"438",2.25657,0.646294954262789,0,200,0.0256779531753564,-1.356771932723,9.10793057691506,-2.91625374403632,-1.356771932723,2.20914552596285,673.020232168204,3,1,"normal",38
"439",-18.51654,0.0539279274506259,0,200,0.0256779531753564,-1.356771932723,9.10793057691506,-2.91625374403632,-1.356771932723,2.20914552596285,673.020232168204,3,1,"normal",39
"440",7.42746,0.815511670257336,0,200,0.0256779531753564,-1.356771932723,9.10793057691506,-2.91625374403632,-1.356771932723,2.20914552596285,673.020232168204,3,1,"normal",40
"441",-7.84504,0.251565376931042,0,200,0.0256779531753564,-1.356771932723,9.10793057691506,-2.91625374403632,-1.356771932723,2.20914552596285,673.020232168204,3,1,"normal",41
"442",-24.08911,0.0316375102386326,0,200,0.0256779531753564,-1.356771932723,9.10793057691506,-2.91625374403632,-1.356771932723,2.20914552596285,673.020232168204,3,1,"normal",42
"443",-6.98265,0.280284386840117,0,200,0.0256779531753564,-1.356771932723,9.10793057691506,-2.91625374403632,-1.356771932723,2.20914552596285,673.020232168204,3,1,"normal",43
"444",-11.93139,0.142184742348051,0,200,0.0256779531753564,-1.356771932723,9.10793057691506,-2.91625374403632,-1.356771932723,2.20914552596285,673.020232168204,3,1,"normal",44
"445",-3.41226,0.415309530702511,0,200,0.0256779531753564,-1.356771932723,9.10793057691506,-2.91625374403632,-1.356771932723,2.20914552596285,673.020232168204,3,1,"normal",45
"446",7.966535,0.829178561800534,1,200,0.0256779531753564,-1.356771932723,9.10793057691506,-2.91625374403632,-1.356771932723,2.20914552596285,673.020232168204,3,1,"normal",46
"447",-13.52596,0.111773877680742,0,200,0.0256779531753564,-1.356771932723,9.10793057691506,-2.91625374403632,-1.356771932723,2.20914552596285,673.020232168204,3,1,"normal",47
"448",-7.51466,0.26235328369629,0,200,0.0256779531753564,-1.356771932723,9.10793057691506,-2.91625374403632,-1.356771932723,2.20914552596285,673.020232168204,3,1,"normal",48
"449",10.04307,0.874381725495238,1,200,0.0256779531753564,-1.356771932723,9.10793057691506,-2.91625374403632,-1.356771932723,2.20914552596285,673.020232168204,3,1,"normal",49
"450",5.028624,0.745104710396504,1,200,0.0256779531753564,-1.356771932723,9.10793057691506,-2.91625374403632,-1.356771932723,2.20914552596285,673.020232168204,3,1,"normal",50
"451",13.391743,0.924337175320802,1,200,0.0256779531753564,-1.356771932723,9.10793057691506,-2.91625374403632,-1.356771932723,2.20914552596285,673.020232168204,3,1,"normal",51
"452",-4.849061,0.358366532885259,0,200,0.0256779531753564,-1.356771932723,9.10793057691506,-2.91625374403632,-1.356771932723,2.20914552596285,673.020232168204,3,1,"normal",52
"453",-5.368563,0.33853843932359,0,200,0.0256779531753564,-1.356771932723,9.10793057691506,-2.91625374403632,-1.356771932723,2.20914552596285,673.020232168204,3,1,"normal",53
"454",8.72828,0.847122241277849,1,200,0.0256779531753564,-1.356771932723,9.10793057691506,-2.91625374403632,-1.356771932723,2.20914552596285,673.020232168204,3,1,"normal",54
"455",2.40107,0.651827185813826,1,200,0.0256779531753564,-1.356771932723,9.10793057691506,-2.91625374403632,-1.356771932723,2.20914552596285,673.020232168204,3,1,"normal",55
"456",13.09706,0.920949465111303,1,200,0.0256779531753564,-1.356771932723,9.10793057691506,-2.91625374403632,-1.356771932723,2.20914552596285,673.020232168204,3,1,"normal",56
"457",-3.7534975,0.401548386957608,0,200,0.0256779531753564,-1.356771932723,9.10793057691506,-2.91625374403632,-1.356771932723,2.20914552596285,673.020232168204,3,1,"normal",57
"458",-11.184817,0.158753248693903,0,200,0.0256779531753564,-1.356771932723,9.10793057691506,-2.91625374403632,-1.356771932723,2.20914552596285,673.020232168204,3,1,"normal",58
"459",3.76055,0.701958789177282,0,200,0.0256779531753564,-1.356771932723,9.10793057691506,-2.91625374403632,-1.356771932723,2.20914552596285,673.020232168204,3,1,"normal",59
"460",-8.314451,0.236712498698155,1,200,0.0256779531753564,-1.356771932723,9.10793057691506,-2.91625374403632,-1.356771932723,2.20914552596285,673.020232168204,3,1,"normal",60
"461",2.895016,0.670458633094467,0,200,0.0256779531753564,-1.356771932723,9.10793057691506,-2.91625374403632,-1.356771932723,2.20914552596285,673.020232168204,3,1,"normal",61
"462",11.3935,0.897699760706505,1,200,0.0256779531753564,-1.356771932723,9.10793057691506,-2.91625374403632,-1.356771932723,2.20914552596285,673.020232168204,3,1,"normal",62
"463",5.363579,0.75584869008553,1,200,0.0256779531753564,-1.356771932723,9.10793057691506,-2.91625374403632,-1.356771932723,2.20914552596285,673.020232168204,3,1,"normal",63
"464",8.88558,0.850629083347374,1,200,0.0256779531753564,-1.356771932723,9.10793057691506,-2.91625374403632,-1.356771932723,2.20914552596285,673.020232168204,3,1,"normal",64
"465",5.84364,0.770744055184121,1,200,0.0256779531753564,-1.356771932723,9.10793057691506,-2.91625374403632,-1.356771932723,2.20914552596285,673.020232168204,3,1,"normal",65
"466",1.22574,0.60588823470077,1,200,0.0256779531753564,-1.356771932723,9.10793057691506,-2.91625374403632,-1.356771932723,2.20914552596285,673.020232168204,3,1,"normal",66
"467",10.92858,0.890186362853208,1,200,0.0256779531753564,-1.356771932723,9.10793057691506,-2.91625374403632,-1.356771932723,2.20914552596285,673.020232168204,3,1,"normal",67
"468",-12.85407,0.123780438811982,0,200,0.0256779531753564,-1.356771932723,9.10793057691506,-2.91625374403632,-1.356771932723,2.20914552596285,673.020232168204,3,1,"normal",68
"469",7.8091,0.825270308836623,0,200,0.0256779531753564,-1.356771932723,9.10793057691506,-2.91625374403632,-1.356771932723,2.20914552596285,673.020232168204,3,1,"normal",69
"470",8.96077,0.852281523596825,1,200,0.0256779531753564,-1.356771932723,9.10793057691506,-2.91625374403632,-1.356771932723,2.20914552596285,673.020232168204,3,1,"normal",70
"471",-6.54212,0.295632383783358,0,200,0.0256779531753564,-1.356771932723,9.10793057691506,-2.91625374403632,-1.356771932723,2.20914552596285,673.020232168204,3,1,"normal",71
"472",-9.169275,0.211147300708068,1,200,0.0256779531753564,-1.356771932723,9.10793057691506,-2.91625374403632,-1.356771932723,2.20914552596285,673.020232168204,3,1,"normal",72
"473",9.24476,0.858384254414891,1,200,0.0256779531753564,-1.356771932723,9.10793057691506,-2.91625374403632,-1.356771932723,2.20914552596285,673.020232168204,3,1,"normal",73
"474",10.724632,0.886722447893116,1,200,0.0256779531753564,-1.356771932723,9.10793057691506,-2.91625374403632,-1.356771932723,2.20914552596285,673.020232168204,3,1,"normal",74
"475",-10.56397,0.173697151044659,1,200,0.0256779531753564,-1.356771932723,9.10793057691506,-2.91625374403632,-1.356771932723,2.20914552596285,673.020232168204,3,1,"normal",75
"476",-11.4702,0.152240143602645,0,200,0.0256779531753564,-1.356771932723,9.10793057691506,-2.91625374403632,-1.356771932723,2.20914552596285,673.020232168204,3,1,"normal",76
"477",7.385483,0.814413720311143,1,200,0.0256779531753564,-1.356771932723,9.10793057691506,-2.91625374403632,-1.356771932723,2.20914552596285,673.020232168204,3,1,"normal",77
"478",-15.282159,0.0855762100327669,0,200,0.0256779531753564,-1.356771932723,9.10793057691506,-2.91625374403632,-1.356771932723,2.20914552596285,673.020232168204,3,1,"normal",78
"479",-14.93443,0.0901984818466994,0,200,0.0256779531753564,-1.356771932723,9.10793057691506,-2.91625374403632,-1.356771932723,2.20914552596285,673.020232168204,3,1,"normal",79
"480",-4.96361,0.35395487871444,1,200,0.0256779531753564,-1.356771932723,9.10793057691506,-2.91625374403632,-1.356771932723,2.20914552596285,673.020232168204,3,1,"normal",80
"481",3.84853,0.705072254215655,0,200,0.0256779531753564,-1.356771932723,9.10793057691506,-2.91625374403632,-1.356771932723,2.20914552596285,673.020232168204,3,1,"normal",81
"482",6.633298,0.793917144669787,1,200,0.0256779531753564,-1.356771932723,9.10793057691506,-2.91625374403632,-1.356771932723,2.20914552596285,673.020232168204,3,1,"normal",82
"483",-12.72044,0.126306743509089,0,200,0.0256779531753564,-1.356771932723,9.10793057691506,-2.91625374403632,-1.356771932723,2.20914552596285,673.020232168204,3,1,"normal",83
"484",2.70385,0.663300821414441,1,200,0.0256779531753564,-1.356771932723,9.10793057691506,-2.91625374403632,-1.356771932723,2.20914552596285,673.020232168204,3,1,"normal",84
"485",5.9491,0.773935372441727,0,200,0.0256779531753564,-1.356771932723,9.10793057691506,-2.91625374403632,-1.356771932723,2.20914552596285,673.020232168204,3,1,"normal",85
"486",7.98801,0.829706355194943,1,200,0.0256779531753564,-1.356771932723,9.10793057691506,-2.91625374403632,-1.356771932723,2.20914552596285,673.020232168204,3,1,"normal",86
"487",8.43494,0.840401494912092,1,200,0.0256779531753564,-1.356771932723,9.10793057691506,-2.91625374403632,-1.356771932723,2.20914552596285,673.020232168204,3,1,"normal",87
"488",-14.55009,0.0956226770109828,0,200,0.0256779531753564,-1.356771932723,9.10793057691506,-2.91625374403632,-1.356771932723,2.20914552596285,673.020232168204,3,1,"normal",88
"489",12.95474,0.919249767332694,1,200,0.0256779531753564,-1.356771932723,9.10793057691506,-2.91625374403632,-1.356771932723,2.20914552596285,673.020232168204,3,1,"normal",89
"490",2.81439,0.66744812844828,1,200,0.0256779531753564,-1.356771932723,9.10793057691506,-2.91625374403632,-1.356771932723,2.20914552596285,673.020232168204,3,1,"normal",90
"491",-7.600077,0.259538179186415,0,200,0.0256779531753564,-1.356771932723,9.10793057691506,-2.91625374403632,-1.356771932723,2.20914552596285,673.020232168204,3,1,"normal",91
"492",-7.990927,0.246888901629248,0,200,0.0256779531753564,-1.356771932723,9.10793057691506,-2.91625374403632,-1.356771932723,2.20914552596285,673.020232168204,3,1,"normal",92
"493",-10.82944,0.167176977346845,0,200,0.0256779531753564,-1.356771932723,9.10793057691506,-2.91625374403632,-1.356771932723,2.20914552596285,673.020232168204,3,1,"normal",93
"494",-9.44563,0.203302436887332,0,200,0.0256779531753564,-1.356771932723,9.10793057691506,-2.91625374403632,-1.356771932723,2.20914552596285,673.020232168204,3,1,"normal",94
"495",6.78025,0.798043486651674,1,200,0.0256779531753564,-1.356771932723,9.10793057691506,-2.91625374403632,-1.356771932723,2.20914552596285,673.020232168204,3,1,"normal",95
"496",-9.01789,0.215532466348497,0,200,0.0256779531753564,-1.356771932723,9.10793057691506,-2.91625374403632,-1.356771932723,2.20914552596285,673.020232168204,3,1,"normal",96
"497",-4.76467,0.361630381123537,0,200,0.0256779531753564,-1.356771932723,9.10793057691506,-2.91625374403632,-1.356771932723,2.20914552596285,673.020232168204,3,1,"normal",97
"498",8.336737,0.838098709223137,1,200,0.0256779531753564,-1.356771932723,9.10793057691506,-2.91625374403632,-1.356771932723,2.20914552596285,673.020232168204,3,1,"normal",98
"499",7.3356,0.813102651845007,1,200,0.0256779531753564,-1.356771932723,9.10793057691506,-2.91625374403632,-1.356771932723,2.20914552596285,673.020232168204,3,1,"normal",99
"500",8.08188,0.831998440251428,1,200,0.0256779531753564,-1.356771932723,9.10793057691506,-2.91625374403632,-1.356771932723,2.20914552596285,673.020232168204,3,1,"normal",100
"501",4.95911,0.742839580253394,1,200,0.0256779531753564,-1.356771932723,9.10793057691506,-2.91625374403632,-1.356771932723,2.20914552596285,673.020232168204,3,1,"normal",101
"502",8.42381,0.840141839097333,1,200,0.0256779531753564,-1.356771932723,9.10793057691506,-2.91625374403632,-1.356771932723,2.20914552596285,673.020232168204,3,1,"normal",102
"503",-9.885034,0.191259091068001,0,200,0.0256779531753564,-1.356771932723,9.10793057691506,-2.91625374403632,-1.356771932723,2.20914552596285,673.020232168204,3,1,"normal",103
"504",4.19547,0.71718098532147,1,200,0.0256779531753564,-1.356771932723,9.10793057691506,-2.91625374403632,-1.356771932723,2.20914552596285,673.020232168204,3,1,"normal",104
"505",-11.12266,0.160201481643479,0,200,0.0256779531753564,-1.356771932723,9.10793057691506,-2.91625374403632,-1.356771932723,2.20914552596285,673.020232168204,3,1,"normal",105
"506",-10.28184,0.180840206009833,0,200,0.0256779531753564,-1.356771932723,9.10793057691506,-2.91625374403632,-1.356771932723,2.20914552596285,673.020232168204,3,1,"normal",106
"507",-10.66857,0.171104817735234,0,200,0.0256779531753564,-1.356771932723,9.10793057691506,-2.91625374403632,-1.356771932723,2.20914552596285,673.020232168204,3,1,"normal",107
"508",6.911474,0.801678290689142,1,200,0.0256779531753564,-1.356771932723,9.10793057691506,-2.91625374403632,-1.356771932723,2.20914552596285,673.020232168204,3,1,"normal",108
"509",5.43595,0.758132495155897,0,200,0.0256779531753564,-1.356771932723,9.10793057691506,-2.91625374403632,-1.356771932723,2.20914552596285,673.020232168204,3,1,"normal",109
"510",-8.953208,0.217424953956641,0,200,0.0256779531753564,-1.356771932723,9.10793057691506,-2.91625374403632,-1.356771932723,2.20914552596285,673.020232168204,3,1,"normal",110
"511",9.32188,0.860003865210925,0,200,0.0256779531753564,-1.356771932723,9.10793057691506,-2.91625374403632,-1.356771932723,2.20914552596285,673.020232168204,3,1,"normal",111
"512",6.632999,0.793908688847156,0,200,0.0256779531753564,-1.356771932723,9.10793057691506,-2.91625374403632,-1.356771932723,2.20914552596285,673.020232168204,3,1,"normal",112
"513",-11.747944,0.146115223216633,0,200,0.0256779531753564,-1.356771932723,9.10793057691506,-2.91625374403632,-1.356771932723,2.20914552596285,673.020232168204,3,1,"normal",113
"514",4.39215,0.72392267699245,0,200,0.0256779531753564,-1.356771932723,9.10793057691506,-2.91625374403632,-1.356771932723,2.20914552596285,673.020232168204,3,1,"normal",114
"515",-11.56351,0.150158974631757,0,200,0.0256779531753564,-1.356771932723,9.10793057691506,-2.91625374403632,-1.356771932723,2.20914552596285,673.020232168204,3,1,"normal",115
"516",-10.74344,0.169267874033164,0,200,0.0256779531753564,-1.356771932723,9.10793057691506,-2.91625374403632,-1.356771932723,2.20914552596285,673.020232168204,3,1,"normal",116
"517",9.62213,0.866157483019922,1,200,0.0256779531753564,-1.356771932723,9.10793057691506,-2.91625374403632,-1.356771932723,2.20914552596285,673.020232168204,3,1,"normal",117
"518",-4.47531,0.372906035029383,1,200,0.0256779531753564,-1.356771932723,9.10793057691506,-2.91625374403632,-1.356771932723,2.20914552596285,673.020232168204,3,1,"normal",118
"519",-8.55281,0.229388936953312,0,200,0.0256779531753564,-1.356771932723,9.10793057691506,-2.91625374403632,-1.356771932723,2.20914552596285,673.020232168204,3,1,"normal",119
"520",-10.67313,0.170992494328611,0,200,0.0256779531753564,-1.356771932723,9.10793057691506,-2.91625374403632,-1.356771932723,2.20914552596285,673.020232168204,3,1,"normal",120
"521",-7.78776,0.253416218891657,1,200,0.0256779531753564,-1.356771932723,9.10793057691506,-2.91625374403632,-1.356771932723,2.20914552596285,673.020232168204,3,1,"normal",121
"522",-8.003376,0.246492347117921,0,200,0.0256779531753564,-1.356771932723,9.10793057691506,-2.91625374403632,-1.356771932723,2.20914552596285,673.020232168204,3,1,"normal",122
"523",-11.514926,0.151239615169321,0,200,0.0256779531753564,-1.356771932723,9.10793057691506,-2.91625374403632,-1.356771932723,2.20914552596285,673.020232168204,3,1,"normal",123
"524",-7.789907,0.253346695813639,1,200,0.0256779531753564,-1.356771932723,9.10793057691506,-2.91625374403632,-1.356771932723,2.20914552596285,673.020232168204,3,1,"normal",124
"525",6.52579,0.790861100662298,1,200,0.0256779531753564,-1.356771932723,9.10793057691506,-2.91625374403632,-1.356771932723,2.20914552596285,673.020232168204,3,1,"normal",125
"526",-7.879263,0.250463502980757,0,200,0.0256779531753564,-1.356771932723,9.10793057691506,-2.91625374403632,-1.356771932723,2.20914552596285,673.020232168204,3,1,"normal",126
"527",9.394602,0.86151645545928,0,200,0.0256779531753564,-1.356771932723,9.10793057691506,-2.91625374403632,-1.356771932723,2.20914552596285,673.020232168204,3,1,"normal",127
"528",-8.1338,0.242361611106424,0,200,0.0256779531753564,-1.356771932723,9.10793057691506,-2.91625374403632,-1.356771932723,2.20914552596285,673.020232168204,3,1,"normal",128
"529",8.99652,0.853061799281214,1,200,0.0256779531753564,-1.356771932723,9.10793057691506,-2.91625374403632,-1.356771932723,2.20914552596285,673.020232168204,3,1,"normal",129
"530",8.13688,0.833330096549229,1,200,0.0256779531753564,-1.356771932723,9.10793057691506,-2.91625374403632,-1.356771932723,2.20914552596285,673.020232168204,3,1,"normal",130
"531",10.36241,0.880312090747425,1,200,0.0256779531753564,-1.356771932723,9.10793057691506,-2.91625374403632,-1.356771932723,2.20914552596285,673.020232168204,3,1,"normal",131
"532",3.03638,0.675706964217878,0,200,0.0256779531753564,-1.356771932723,9.10793057691506,-2.91625374403632,-1.356771932723,2.20914552596285,673.020232168204,3,1,"normal",132
"533",-10.0946,0.185702352514407,1,200,0.0256779531753564,-1.356771932723,9.10793057691506,-2.91625374403632,-1.356771932723,2.20914552596285,673.020232168204,3,1,"normal",133
"534",6.5018016,0.790174915765128,0,200,0.0256779531753564,-1.356771932723,9.10793057691506,-2.91625374403632,-1.356771932723,2.20914552596285,673.020232168204,3,1,"normal",134
"535",8.765555,0.847959361334142,1,200,0.0256779531753564,-1.356771932723,9.10793057691506,-2.91625374403632,-1.356771932723,2.20914552596285,673.020232168204,3,1,"normal",135
"536",-16.75263,0.0688201031646049,0,200,0.0256779531753564,-1.356771932723,9.10793057691506,-2.91625374403632,-1.356771932723,2.20914552596285,673.020232168204,3,1,"normal",136
"537",15.034484,0.940212127940565,1,200,0.0256779531753564,-1.356771932723,9.10793057691506,-2.91625374403632,-1.356771932723,2.20914552596285,673.020232168204,3,1,"normal",137
"538",-9.94116,0.189759004838124,0,200,0.0256779531753564,-1.356771932723,9.10793057691506,-2.91625374403632,-1.356771932723,2.20914552596285,673.020232168204,3,1,"normal",138
"539",8.7804768,0.848293409399586,1,200,0.0256779531753564,-1.356771932723,9.10793057691506,-2.91625374403632,-1.356771932723,2.20914552596285,673.020232168204,3,1,"normal",139
"540",-7.17953,0.273569869267112,1,200,0.0256779531753564,-1.356771932723,9.10793057691506,-2.91625374403632,-1.356771932723,2.20914552596285,673.020232168204,3,1,"normal",140
"541",-10.329134,0.179627437296189,1,200,0.0256779531753564,-1.356771932723,9.10793057691506,-2.91625374403632,-1.356771932723,2.20914552596285,673.020232168204,3,1,"normal",141
"542",-16.97301,0.0666702942650138,0,200,0.0256779531753564,-1.356771932723,9.10793057691506,-2.91625374403632,-1.356771932723,2.20914552596285,673.020232168204,3,1,"normal",142
"543",6.69825,0.795748233819258,1,200,0.0256779531753564,-1.356771932723,9.10793057691506,-2.91625374403632,-1.356771932723,2.20914552596285,673.020232168204,3,1,"normal",143
"544",7.37698,0.814190722983789,1,200,0.0256779531753564,-1.356771932723,9.10793057691506,-2.91625374403632,-1.356771932723,2.20914552596285,673.020232168204,3,1,"normal",144
"545",6.98318,0.803644544275246,1,200,0.0256779531753564,-1.356771932723,9.10793057691506,-2.91625374403632,-1.356771932723,2.20914552596285,673.020232168204,3,1,"normal",145
"546",-12.09464,0.138763387421189,0,200,0.0256779531753564,-1.356771932723,9.10793057691506,-2.91625374403632,-1.356771932723,2.20914552596285,673.020232168204,3,1,"normal",146
"547",9.2741462,0.859003288651696,1,200,0.0256779531753564,-1.356771932723,9.10793057691506,-2.91625374403632,-1.356771932723,2.20914552596285,673.020232168204,3,1,"normal",147
"548",10.639882,0.885252391085193,1,200,0.0256779531753564,-1.356771932723,9.10793057691506,-2.91625374403632,-1.356771932723,2.20914552596285,673.020232168204,3,1,"normal",148
"549",8.9145483,0.851267539102054,1,200,0.0256779531753564,-1.356771932723,9.10793057691506,-2.91625374403632,-1.356771932723,2.20914552596285,673.020232168204,3,1,"normal",149
"550",6.35597,0.785969875598228,1,200,0.0256779531753564,-1.356771932723,9.10793057691506,-2.91625374403632,-1.356771932723,2.20914552596285,673.020232168204,3,1,"normal",150
"551",-14.274774,0.0997177346883445,0,200,0.0256779531753564,-1.356771932723,9.10793057691506,-2.91625374403632,-1.356771932723,2.20914552596285,673.020232168204,3,1,"normal",151
"552",-7.607181,0.259304862022731,0,200,0.0256779531753564,-1.356771932723,9.10793057691506,-2.91625374403632,-1.356771932723,2.20914552596285,673.020232168204,3,1,"normal",152
"553",9.162543,0.856639932721818,1,200,0.0256779531753564,-1.356771932723,9.10793057691506,-2.91625374403632,-1.356771932723,2.20914552596285,673.020232168204,3,1,"normal",153
"554",-11.71413,0.146849673780886,0,200,0.0256779531753564,-1.356771932723,9.10793057691506,-2.91625374403632,-1.356771932723,2.20914552596285,673.020232168204,3,1,"normal",154
"555",4.5666,0.729826064382713,1,200,0.0256779531753564,-1.356771932723,9.10793057691506,-2.91625374403632,-1.356771932723,2.20914552596285,673.020232168204,3,1,"normal",155
"556",-10.808967,0.167672878637023,0,200,0.0256779531753564,-1.356771932723,9.10793057691506,-2.91625374403632,-1.356771932723,2.20914552596285,673.020232168204,3,1,"normal",156
"557",5.29811,0.753771119888825,0,200,0.0256779531753564,-1.356771932723,9.10793057691506,-2.91625374403632,-1.356771932723,2.20914552596285,673.020232168204,3,1,"normal",157
"558",7.56941,0.819188428189915,0,200,0.0256779531753564,-1.356771932723,9.10793057691506,-2.91625374403632,-1.356771932723,2.20914552596285,673.020232168204,3,1,"normal",158
"559",-8.57328,0.22876695913708,0,200,0.0256779531753564,-1.356771932723,9.10793057691506,-2.91625374403632,-1.356771932723,2.20914552596285,673.020232168204,3,1,"normal",159
"560",-15.32014,0.0850873709759927,1,200,0.0256779531753564,-1.356771932723,9.10793057691506,-2.91625374403632,-1.356771932723,2.20914552596285,673.020232168204,3,1,"normal",160
"561",-11.3057,0.155967140236875,0,200,0.0256779531753564,-1.356771932723,9.10793057691506,-2.91625374403632,-1.356771932723,2.20914552596285,673.020232168204,3,1,"normal",161
"562",10.64135,0.885278008737269,1,200,0.0256779531753564,-1.356771932723,9.10793057691506,-2.91625374403632,-1.356771932723,2.20914552596285,673.020232168204,3,1,"normal",162
"563",-11.71041,0.146930663007825,0,200,0.0256779531753564,-1.356771932723,9.10793057691506,-2.91625374403632,-1.356771932723,2.20914552596285,673.020232168204,3,1,"normal",163
"564",8.64596,0.845260028039581,0,200,0.0256779531753564,-1.356771932723,9.10793057691506,-2.91625374403632,-1.356771932723,2.20914552596285,673.020232168204,3,1,"normal",164
"565",-11.9788485,0.141182718283357,0,200,0.0256779531753564,-1.356771932723,9.10793057691506,-2.91625374403632,-1.356771932723,2.20914552596285,673.020232168204,3,1,"normal",165
"566",13.996569,0.930754887986073,0,200,0.0256779531753564,-1.356771932723,9.10793057691506,-2.91625374403632,-1.356771932723,2.20914552596285,673.020232168204,3,1,"normal",166
"567",-10.10104,0.185533513020596,1,200,0.0256779531753564,-1.356771932723,9.10793057691506,-2.91625374403632,-1.356771932723,2.20914552596285,673.020232168204,3,1,"normal",167
"568",-14.85446,0.091299477875778,0,200,0.0256779531753564,-1.356771932723,9.10793057691506,-2.91625374403632,-1.356771932723,2.20914552596285,673.020232168204,3,1,"normal",168
"569",-10.50971,0.175053816785051,0,200,0.0256779531753564,-1.356771932723,9.10793057691506,-2.91625374403632,-1.356771932723,2.20914552596285,673.020232168204,3,1,"normal",169
"570",8.62365,0.844752141098598,0,200,0.0256779531753564,-1.356771932723,9.10793057691506,-2.91625374403632,-1.356771932723,2.20914552596285,673.020232168204,3,1,"normal",170
"571",-15.83785,0.0787299068567836,0,200,0.0256779531753564,-1.356771932723,9.10793057691506,-2.91625374403632,-1.356771932723,2.20914552596285,673.020232168204,3,1,"normal",171
"572",10.693225,0.886179776494593,1,200,0.0256779531753564,-1.356771932723,9.10793057691506,-2.91625374403632,-1.356771932723,2.20914552596285,673.020232168204,3,1,"normal",172
"573",10.197374,0.877280208587499,1,200,0.0256779531753564,-1.356771932723,9.10793057691506,-2.91625374403632,-1.356771932723,2.20914552596285,673.020232168204,3,1,"normal",173
"574",-10.48549,0.175662020505368,0,200,0.0256779531753564,-1.356771932723,9.10793057691506,-2.91625374403632,-1.356771932723,2.20914552596285,673.020232168204,3,1,"normal",174
"575",-7.76248,0.254235693013491,0,200,0.0256779531753564,-1.356771932723,9.10793057691506,-2.91625374403632,-1.356771932723,2.20914552596285,673.020232168204,3,1,"normal",175
"576",-12.55344,0.12952955805511,0,200,0.0256779531753564,-1.356771932723,9.10793057691506,-2.91625374403632,-1.356771932723,2.20914552596285,673.020232168204,3,1,"normal",176
"577",-10.466608,0.176137304337283,0,200,0.0256779531753564,-1.356771932723,9.10793057691506,-2.91625374403632,-1.356771932723,2.20914552596285,673.020232168204,3,1,"normal",177
"578",10.31752,0.879494359572558,1,200,0.0256779531753564,-1.356771932723,9.10793057691506,-2.91625374403632,-1.356771932723,2.20914552596285,673.020232168204,3,1,"normal",178
"579",7.743,0.823608965607402,1,200,0.0256779531753564,-1.356771932723,9.10793057691506,-2.91625374403632,-1.356771932723,2.20914552596285,673.020232168204,3,1,"normal",179
"580",10.011854,0.873787817795295,1,200,0.0256779531753564,-1.356771932723,9.10793057691506,-2.91625374403632,-1.356771932723,2.20914552596285,673.020232168204,3,1,"normal",180
"581",-8.544034,0.229655932994101,0,200,0.0256779531753564,-1.356771932723,9.10793057691506,-2.91625374403632,-1.356771932723,2.20914552596285,673.020232168204,3,1,"normal",181
"582",11.76655,0.903352988314298,0,200,0.0256779531753564,-1.356771932723,9.10793057691506,-2.91625374403632,-1.356771932723,2.20914552596285,673.020232168204,3,1,"normal",182
"583",5.57184,0.762384257306526,1,200,0.0256779531753564,-1.356771932723,9.10793057691506,-2.91625374403632,-1.356771932723,2.20914552596285,673.020232168204,3,1,"normal",183
"584",-9.356536,0.205808833827566,0,200,0.0256779531753564,-1.356771932723,9.10793057691506,-2.91625374403632,-1.356771932723,2.20914552596285,673.020232168204,3,1,"normal",184
"585",-9.69203,0.196483734630819,0,200,0.0256779531753564,-1.356771932723,9.10793057691506,-2.91625374403632,-1.356771932723,2.20914552596285,673.020232168204,3,1,"normal",185
"586",-11.55536,0.150339803040852,0,200,0.0256779531753564,-1.356771932723,9.10793057691506,-2.91625374403632,-1.356771932723,2.20914552596285,673.020232168204,3,1,"normal",186
"587",-8.6078,0.227720581409314,0,200,0.0256779531753564,-1.356771932723,9.10793057691506,-2.91625374403632,-1.356771932723,2.20914552596285,673.020232168204,3,1,"normal",187
"588",11.22652,0.895061816837722,1,200,0.0256779531753564,-1.356771932723,9.10793057691506,-2.91625374403632,-1.356771932723,2.20914552596285,673.020232168204,3,1,"normal",188
"589",-11.376286,0.15435882608517,0,200,0.0256779531753564,-1.356771932723,9.10793057691506,-2.91625374403632,-1.356771932723,2.20914552596285,673.020232168204,3,1,"normal",189
"590",9.30254,0.859599207163804,1,200,0.0256779531753564,-1.356771932723,9.10793057691506,-2.91625374403632,-1.356771932723,2.20914552596285,673.020232168204,3,1,"normal",190
"591",8.288434,0.836956291532348,1,200,0.0256779531753564,-1.356771932723,9.10793057691506,-2.91625374403632,-1.356771932723,2.20914552596285,673.020232168204,3,1,"normal",191
"592",-4.37128,0.376990495903005,0,200,0.0256779531753564,-1.356771932723,9.10793057691506,-2.91625374403632,-1.356771932723,2.20914552596285,673.020232168204,3,1,"normal",192
"593",-8.438705,0.232876221537776,1,200,0.0256779531753564,-1.356771932723,9.10793057691506,-2.91625374403632,-1.356771932723,2.20914552596285,673.020232168204,3,1,"normal",193
"594",8.73226,0.847211805170936,0,200,0.0256779531753564,-1.356771932723,9.10793057691506,-2.91625374403632,-1.356771932723,2.20914552596285,673.020232168204,3,1,"normal",194
"595",8.840106,0.849622230280678,1,200,0.0256779531753564,-1.356771932723,9.10793057691506,-2.91625374403632,-1.356771932723,2.20914552596285,673.020232168204,3,1,"normal",195
"596",-11.423854,0.153282683163747,0,200,0.0256779531753564,-1.356771932723,9.10793057691506,-2.91625374403632,-1.356771932723,2.20914552596285,673.020232168204,3,1,"normal",196
"597",8.511928,0.842188244716904,0,200,0.0256779531753564,-1.356771932723,9.10793057691506,-2.91625374403632,-1.356771932723,2.20914552596285,673.020232168204,3,1,"normal",197
"598",7.4263,0.815481394727004,0,200,0.0256779531753564,-1.356771932723,9.10793057691506,-2.91625374403632,-1.356771932723,2.20914552596285,673.020232168204,3,1,"normal",198
"599",-4.80992,0.35987889846209,0,200,0.0256779531753564,-1.356771932723,9.10793057691506,-2.91625374403632,-1.356771932723,2.20914552596285,673.020232168204,3,1,"normal",199
"600",11.766918,0.903358403452965,1,200,0.0256779531753564,-1.356771932723,9.10793057691506,-2.91625374403632,-1.356771932723,2.20914552596285,673.020232168204,3,1,"normal",200
"601",8.35160886124,0.00492749683636289,0,200,0.00492749131039659,18.9219510004578,1.85053194717414,-4.60987423749056,18.9219510004578,0.615473136771865,496.328184823436,4,1,"normal",1
"602",8.9911879837,0.00492753106831109,0,200,0.00492749131039659,18.9219510004578,1.85053194717414,-4.60987423749056,18.9219510004578,0.615473136771865,496.328184823436,4,1,"normal",2
"603",19.354259941,0.5914472323015,1,200,0.00492749131039659,18.9219510004578,1.85053194717414,-4.60987423749056,18.9219510004578,0.615473136771865,496.328184823436,4,1,"normal",3
"604",13.165110134,0.00585085556559499,0,200,0.00492749131039659,18.9219510004578,1.85053194717414,-4.60987423749056,18.9219510004578,0.615473136771865,496.328184823436,4,1,"normal",4
"605",16.59716,0.108404351360131,0,200,0.00492749131039659,18.9219510004578,1.85053194717414,-4.60987423749056,18.9219510004578,0.615473136771865,496.328184823436,4,1,"normal",5
"606",17.62938,0.244974880050801,1,200,0.00492749131039659,18.9219510004578,1.85053194717414,-4.60987423749056,18.9219510004578,0.615473136771865,496.328184823436,4,1,"normal",6
"607",17.72962422,0.262053666079509,0,200,0.00492749131039659,18.9219510004578,1.85053194717414,-4.60987423749056,18.9219510004578,0.615473136771865,496.328184823436,4,1,"normal",7
"608",7.82877,0.00492749232033953,0,200,0.00492749131039659,18.9219510004578,1.85053194717414,-4.60987423749056,18.9219510004578,0.615473136771865,496.328184823436,4,1,"normal",8
"609",14.30588,0.0111728445259748,0,200,0.00492749131039659,18.9219510004578,1.85053194717414,-4.60987423749056,18.9219510004578,0.615473136771865,496.328184823436,4,1,"normal",9
"610",16.76732,0.125868781278839,1,200,0.00492749131039659,18.9219510004578,1.85053194717414,-4.60987423749056,18.9219510004578,0.615473136771865,496.328184823436,4,1,"normal",10
"611",9.65248,0.00492776206328831,0,200,0.00492749131039659,18.9219510004578,1.85053194717414,-4.60987423749056,18.9219510004578,0.615473136771865,496.328184823436,4,1,"normal",11
"612",14.46006,0.012800509040858,0,200,0.00492749131039659,18.9219510004578,1.85053194717414,-4.60987423749056,18.9219510004578,0.615473136771865,496.328184823436,4,1,"normal",12
"613",20.3882,0.783100816995406,1,200,0.00492749131039659,18.9219510004578,1.85053194717414,-4.60987423749056,18.9219510004578,0.615473136771865,496.328184823436,4,1,"normal",13
"614",16.87439,0.137865579261843,0,200,0.00492749131039659,18.9219510004578,1.85053194717414,-4.60987423749056,18.9219510004578,0.615473136771865,496.328184823436,4,1,"normal",14
"615",18.95077,0.506151395217151,0,200,0.00492749131039659,18.9219510004578,1.85053194717414,-4.60987423749056,18.9219510004578,0.615473136771865,496.328184823436,4,1,"normal",15
"616",12.59441,0.00523829947758163,0,200,0.00492749131039659,18.9219510004578,1.85053194717414,-4.60987423749056,18.9219510004578,0.615473136771865,496.328184823436,4,1,"normal",16
"617",25.66303,0.994938982513517,1,200,0.00492749131039659,18.9219510004578,1.85053194717414,-4.60987423749056,18.9219510004578,0.615473136771865,496.328184823436,4,1,"normal",17
"618",18.01401,0.313695609066435,0,200,0.00492749131039659,18.9219510004578,1.85053194717414,-4.60987423749056,18.9219510004578,0.615473136771865,496.328184823436,4,1,"normal",18
"619",12.52555,0.00519839412314082,0,200,0.00492749131039659,18.9219510004578,1.85053194717414,-4.60987423749056,18.9219510004578,0.615473136771865,496.328184823436,4,1,"normal",19
"620",21.07655,0.874127750554349,1,200,0.00492749131039659,18.9219510004578,1.85053194717414,-4.60987423749056,18.9219510004578,0.615473136771865,496.328184823436,4,1,"normal",20
"621",16.47141,0.0967261539945027,0,200,0.00492749131039659,18.9219510004578,1.85053194717414,-4.60987423749056,18.9219510004578,0.615473136771865,496.328184823436,4,1,"normal",21
"622",14.48786,0.0131307445722614,0,200,0.00492749131039659,18.9219510004578,1.85053194717414,-4.60987423749056,18.9219510004578,0.615473136771865,496.328184823436,4,1,"normal",22
"623",16.42744,0.092881794292397,0,200,0.00492749131039659,18.9219510004578,1.85053194717414,-4.60987423749056,18.9219510004578,0.615473136771865,496.328184823436,4,1,"normal",23
"624",22.27895,0.960582502946691,1,200,0.00492749131039659,18.9219510004578,1.85053194717414,-4.60987423749056,18.9219510004578,0.615473136771865,496.328184823436,4,1,"normal",24
"625",32.89109,0.995072508689582,1,200,0.00492749131039659,18.9219510004578,1.85053194717414,-4.60987423749056,18.9219510004578,0.615473136771865,496.328184823436,4,1,"normal",25
"626",20.80365,0.841981980756899,0,200,0.00492749131039659,18.9219510004578,1.85053194717414,-4.60987423749056,18.9219510004578,0.615473136771865,496.328184823436,4,1,"normal",26
"627",15.03801,0.0226671333310926,0,200,0.00492749131039659,18.9219510004578,1.85053194717414,-4.60987423749056,18.9219510004578,0.615473136771865,496.328184823436,4,1,"normal",27
"628",20.58215,0.812073641516719,1,200,0.00492749131039659,18.9219510004578,1.85053194717414,-4.60987423749056,18.9219510004578,0.615473136771865,496.328184823436,4,1,"normal",28
"629",23.8343,0.991141048815794,1,200,0.00492749131039659,18.9219510004578,1.85053194717414,-4.60987423749056,18.9219510004578,0.615473136771865,496.328184823436,4,1,"normal",29
"630",17.86721,0.286475474058924,1,200,0.00492749131039659,18.9219510004578,1.85053194717414,-4.60987423749056,18.9219510004578,0.615473136771865,496.328184823436,4,1,"normal",30
"631",23.84532,0.991209897172209,1,200,0.00492749131039659,18.9219510004578,1.85053194717414,-4.60987423749056,18.9219510004578,0.615473136771865,496.328184823436,4,1,"normal",31
"632",15.55463,0.0389945581442216,0,200,0.00492749131039659,18.9219510004578,1.85053194717414,-4.60987423749056,18.9219510004578,0.615473136771865,496.328184823436,4,1,"normal",32
"633",15.68286,0.044561403181123,0,200,0.00492749131039659,18.9219510004578,1.85053194717414,-4.60987423749056,18.9219510004578,0.615473136771865,496.328184823436,4,1,"normal",33
"634",15.16877,0.0259896497216566,0,200,0.00492749131039659,18.9219510004578,1.85053194717414,-4.60987423749056,18.9219510004578,0.615473136771865,496.328184823436,4,1,"normal",34
"635",16.93566,0.145086799703196,0,200,0.00492749131039659,18.9219510004578,1.85053194717414,-4.60987423749056,18.9219510004578,0.615473136771865,496.328184823436,4,1,"normal",35
"636",21.08586,0.875133797962625,1,200,0.00492749131039659,18.9219510004578,1.85053194717414,-4.60987423749056,18.9219510004578,0.615473136771865,496.328184823436,4,1,"normal",36
"637",19.97605,0.71340802000713,1,200,0.00492749131039659,18.9219510004578,1.85053194717414,-4.60987423749056,18.9219510004578,0.615473136771865,496.328184823436,4,1,"normal",37
"638",19.95842,0.71019968292777,1,200,0.00492749131039659,18.9219510004578,1.85053194717414,-4.60987423749056,18.9219510004578,0.615473136771865,496.328184823436,4,1,"normal",38
"639",17.76684,0.268550170258039,0,200,0.00492749131039659,18.9219510004578,1.85053194717414,-4.60987423749056,18.9219510004578,0.615473136771865,496.328184823436,4,1,"normal",39
"640",17.21576,0.181434911608135,0,200,0.00492749131039659,18.9219510004578,1.85053194717414,-4.60987423749056,18.9219510004578,0.615473136771865,496.328184823436,4,1,"normal",40
"641",20.67422,0.8249212086446,1,200,0.00492749131039659,18.9219510004578,1.85053194717414,-4.60987423749056,18.9219510004578,0.615473136771865,496.328184823436,4,1,"normal",41
"642",17.55946,0.233436352108588,0,200,0.00492749131039659,18.9219510004578,1.85053194717414,-4.60987423749056,18.9219510004578,0.615473136771865,496.328184823436,4,1,"normal",42
"643",16.58661,0.107385064674471,0,200,0.00492749131039659,18.9219510004578,1.85053194717414,-4.60987423749056,18.9219510004578,0.615473136771865,496.328184823436,4,1,"normal",43
"644",16.21592,0.0760492587480311,0,200,0.00492749131039659,18.9219510004578,1.85053194717414,-4.60987423749056,18.9219510004578,0.615473136771865,496.328184823436,4,1,"normal",44
"645",19.58328,0.638217781921492,1,200,0.00492749131039659,18.9219510004578,1.85053194717414,-4.60987423749056,18.9219510004578,0.615473136771865,496.328184823436,4,1,"normal",45
"646",16.39587,0.090196421371118,0,200,0.00492749131039659,18.9219510004578,1.85053194717414,-4.60987423749056,18.9219510004578,0.615473136771865,496.328184823436,4,1,"normal",46
"647",20.78986,0.840220022311316,0,200,0.00492749131039659,18.9219510004578,1.85053194717414,-4.60987423749056,18.9219510004578,0.615473136771865,496.328184823436,4,1,"normal",47
"648",21.5734,0.91986408986157,1,200,0.00492749131039659,18.9219510004578,1.85053194717414,-4.60987423749056,18.9219510004578,0.615473136771865,496.328184823436,4,1,"normal",48
"649",20.91163,0.855319318030784,1,200,0.00492749131039659,18.9219510004578,1.85053194717414,-4.60987423749056,18.9219510004578,0.615473136771865,496.328184823436,4,1,"normal",49
"650",16.29293,0.081866049553813,0,200,0.00492749131039659,18.9219510004578,1.85053194717414,-4.60987423749056,18.9219510004578,0.615473136771865,496.328184823436,4,1,"normal",50
"651",17.77089,0.269262131246059,0,200,0.00492749131039659,18.9219510004578,1.85053194717414,-4.60987423749056,18.9219510004578,0.615473136771865,496.328184823436,4,1,"normal",51
"652",20.21909,0.755788465299554,1,200,0.00492749131039659,18.9219510004578,1.85053194717414,-4.60987423749056,18.9219510004578,0.615473136771865,496.328184823436,4,1,"normal",52
"653",17.3624,0.20264147107445,0,200,0.00492749131039659,18.9219510004578,1.85053194717414,-4.60987423749056,18.9219510004578,0.615473136771865,496.328184823436,4,1,"normal",53
"654",16.67201,0.115847441265386,0,200,0.00492749131039659,18.9219510004578,1.85053194717414,-4.60987423749056,18.9219510004578,0.615473136771865,496.328184823436,4,1,"normal",54
"655",15.56539,0.0394355387680978,0,200,0.00492749131039659,18.9219510004578,1.85053194717414,-4.60987423749056,18.9219510004578,0.615473136771865,496.328184823436,4,1,"normal",55
"656",18.30469,0.370643791318744,1,200,0.00492749131039659,18.9219510004578,1.85053194717414,-4.60987423749056,18.9219510004578,0.615473136771865,496.328184823436,4,1,"normal",56
"657",17.06084,0.160653458367026,0,200,0.00492749131039659,18.9219510004578,1.85053194717414,-4.60987423749056,18.9219510004578,0.615473136771865,496.328184823436,4,1,"normal",57
"658",20.60994,0.816013552655203,0,200,0.00492749131039659,18.9219510004578,1.85053194717414,-4.60987423749056,18.9219510004578,0.615473136771865,496.328184823436,4,1,"normal",58
"659",20.39819,0.784655428324332,1,200,0.00492749131039659,18.9219510004578,1.85053194717414,-4.60987423749056,18.9219510004578,0.615473136771865,496.328184823436,4,1,"normal",59
"660",20.55019,0.807476472941209,1,200,0.00492749131039659,18.9219510004578,1.85053194717414,-4.60987423749056,18.9219510004578,0.615473136771865,496.328184823436,4,1,"normal",60
"661",18.40623,0.391323807667881,1,200,0.00492749131039659,18.9219510004578,1.85053194717414,-4.60987423749056,18.9219510004578,0.615473136771865,496.328184823436,4,1,"normal",61
"662",19.16097,0.550878992485347,1,200,0.00492749131039659,18.9219510004578,1.85053194717414,-4.60987423749056,18.9219510004578,0.615473136771865,496.328184823436,4,1,"normal",62
"663",20.73256,0.83275627370477,0,200,0.00492749131039659,18.9219510004578,1.85053194717414,-4.60987423749056,18.9219510004578,0.615473136771865,496.328184823436,4,1,"normal",63
"664",17.05808,0.16029843377914,0,200,0.00492749131039659,18.9219510004578,1.85053194717414,-4.60987423749056,18.9219510004578,0.615473136771865,496.328184823436,4,1,"normal",64
"665",22.25564,0.959611515707969,1,200,0.00492749131039659,18.9219510004578,1.85053194717414,-4.60987423749056,18.9219510004578,0.615473136771865,496.328184823436,4,1,"normal",65
"666",17.16591,0.174565024379549,0,200,0.00492749131039659,18.9219510004578,1.85053194717414,-4.60987423749056,18.9219510004578,0.615473136771865,496.328184823436,4,1,"normal",66
"667",20.98427,0.86383490088069,1,200,0.00492749131039659,18.9219510004578,1.85053194717414,-4.60987423749056,18.9219510004578,0.615473136771865,496.328184823436,4,1,"normal",67
"668",16.23709,0.07761359944258,0,200,0.00492749131039659,18.9219510004578,1.85053194717414,-4.60987423749056,18.9219510004578,0.615473136771865,496.328184823436,4,1,"normal",68
"669",17.43645,0.213909216924003,0,200,0.00492749131039659,18.9219510004578,1.85053194717414,-4.60987423749056,18.9219510004578,0.615473136771865,496.328184823436,4,1,"normal",69
"670",16.58397,0.10713114526041,0,200,0.00492749131039659,18.9219510004578,1.85053194717414,-4.60987423749056,18.9219510004578,0.615473136771865,496.328184823436,4,1,"normal",70
"671",20.34739,0.776681068119708,1,200,0.00492749131039659,18.9219510004578,1.85053194717414,-4.60987423749056,18.9219510004578,0.615473136771865,496.328184823436,4,1,"normal",71
"672",17.9757,0.306482593581487,0,200,0.00492749131039659,18.9219510004578,1.85053194717414,-4.60987423749056,18.9219510004578,0.615473136771865,496.328184823436,4,1,"normal",72
"673",17.14834,0.172184980924293,0,200,0.00492749131039659,18.9219510004578,1.85053194717414,-4.60987423749056,18.9219510004578,0.615473136771865,496.328184823436,4,1,"normal",73
"674",20.57626,0.811231720788548,0,200,0.00492749131039659,18.9219510004578,1.85053194717414,-4.60987423749056,18.9219510004578,0.615473136771865,496.328184823436,4,1,"normal",74
"675",17.95955,0.303464494830328,1,200,0.00492749131039659,18.9219510004578,1.85053194717414,-4.60987423749056,18.9219510004578,0.615473136771865,496.328184823436,4,1,"normal",75
"676",21.41276,0.90679923043094,1,200,0.00492749131039659,18.9219510004578,1.85053194717414,-4.60987423749056,18.9219510004578,0.615473136771865,496.328184823436,4,1,"normal",76
"677",17.46735,0.218720220248558,0,200,0.00492749131039659,18.9219510004578,1.85053194717414,-4.60987423749056,18.9219510004578,0.615473136771865,496.328184823436,4,1,"normal",77
"678",21.44291,0.909372114880844,1,200,0.00492749131039659,18.9219510004578,1.85053194717414,-4.60987423749056,18.9219510004578,0.615473136771865,496.328184823436,4,1,"normal",78
"679",20.03947,0.724804344494959,1,200,0.00492749131039659,18.9219510004578,1.85053194717414,-4.60987423749056,18.9219510004578,0.615473136771865,496.328184823436,4,1,"normal",79
"680",16.68438,0.11711347702043,0,200,0.00492749131039659,18.9219510004578,1.85053194717414,-4.60987423749056,18.9219510004578,0.615473136771865,496.328184823436,4,1,"normal",80
"681",20.09375,0.734373184157738,1,200,0.00492749131039659,18.9219510004578,1.85053194717414,-4.60987423749056,18.9219510004578,0.615473136771865,496.328184823436,4,1,"normal",81
"682",20.94162,0.858879405667478,1,200,0.00492749131039659,18.9219510004578,1.85053194717414,-4.60987423749056,18.9219510004578,0.615473136771865,496.328184823436,4,1,"normal",82
"683",19.96525,0.711444665660206,0,200,0.00492749131039659,18.9219510004578,1.85053194717414,-4.60987423749056,18.9219510004578,0.615473136771865,496.328184823436,4,1,"normal",83
"684",20.4691,0.795497295424689,1,200,0.00492749131039659,18.9219510004578,1.85053194717414,-4.60987423749056,18.9219510004578,0.615473136771865,496.328184823436,4,1,"normal",84
"685",20.59958,0.814551028059879,1,200,0.00492749131039659,18.9219510004578,1.85053194717414,-4.60987423749056,18.9219510004578,0.615473136771865,496.328184823436,4,1,"normal",85
"686",20.85755,0.84874127477682,1,200,0.00492749131039659,18.9219510004578,1.85053194717414,-4.60987423749056,18.9219510004578,0.615473136771865,496.328184823436,4,1,"normal",86
"687",17.67981,0.253489097489428,0,200,0.00492749131039659,18.9219510004578,1.85053194717414,-4.60987423749056,18.9219510004578,0.615473136771865,496.328184823436,4,1,"normal",87
"688",17.53802,0.229961292417664,0,200,0.00492749131039659,18.9219510004578,1.85053194717414,-4.60987423749056,18.9219510004578,0.615473136771865,496.328184823436,4,1,"normal",88
"689",20.73773,0.83343913089091,1,200,0.00492749131039659,18.9219510004578,1.85053194717414,-4.60987423749056,18.9219510004578,0.615473136771865,496.328184823436,4,1,"normal",89
"690",17.19356,0.178354124098525,0,200,0.00492749131039659,18.9219510004578,1.85053194717414,-4.60987423749056,18.9219510004578,0.615473136771865,496.328184823436,4,1,"normal",90
"691",20.19402,0.751582899536892,1,200,0.00492749131039659,18.9219510004578,1.85053194717414,-4.60987423749056,18.9219510004578,0.615473136771865,496.328184823436,4,1,"normal",91
"692",17.67008,0.251834013592139,1,200,0.00492749131039659,18.9219510004578,1.85053194717414,-4.60987423749056,18.9219510004578,0.615473136771865,496.328184823436,4,1,"normal",92
"693",20.00723,0.719039577160004,1,200,0.00492749131039659,18.9219510004578,1.85053194717414,-4.60987423749056,18.9219510004578,0.615473136771865,496.328184823436,4,1,"normal",93
"694",20.34212,0.775844008369129,1,200,0.00492749131039659,18.9219510004578,1.85053194717414,-4.60987423749056,18.9219510004578,0.615473136771865,496.328184823436,4,1,"normal",94
"695",17.69337,0.255805423130078,0,200,0.00492749131039659,18.9219510004578,1.85053194717414,-4.60987423749056,18.9219510004578,0.615473136771865,496.328184823436,4,1,"normal",95
"696",17.63955,0.246679087420401,0,200,0.00492749131039659,18.9219510004578,1.85053194717414,-4.60987423749056,18.9219510004578,0.615473136771865,496.328184823436,4,1,"normal",96
"697",20.36213,0.779012545812105,1,200,0.00492749131039659,18.9219510004578,1.85053194717414,-4.60987423749056,18.9219510004578,0.615473136771865,496.328184823436,4,1,"normal",97
"698",16.95279,0.147152398876328,0,200,0.00492749131039659,18.9219510004578,1.85053194717414,-4.60987423749056,18.9219510004578,0.615473136771865,496.328184823436,4,1,"normal",98
"699",18.06144,0.322727493767572,1,200,0.00492749131039659,18.9219510004578,1.85053194717414,-4.60987423749056,18.9219510004578,0.615473136771865,496.328184823436,4,1,"normal",99
"700",20.61809,0.817158855871687,1,200,0.00492749131039659,18.9219510004578,1.85053194717414,-4.60987423749056,18.9219510004578,0.615473136771865,496.328184823436,4,1,"normal",100
"701",17.70921,0.25852551914576,0,200,0.00492749131039659,18.9219510004578,1.85053194717414,-4.60987423749056,18.9219510004578,0.615473136771865,496.328184823436,4,1,"normal",101
"702",17.2651,0.188404629461031,0,200,0.00492749131039659,18.9219510004578,1.85053194717414,-4.60987423749056,18.9219510004578,0.615473136771865,496.328184823436,4,1,"normal",102
"703",17.31747,0.195986538566769,1,200,0.00492749131039659,18.9219510004578,1.85053194717414,-4.60987423749056,18.9219510004578,0.615473136771865,496.328184823436,4,1,"normal",103
"704",17.4462,0.215420357441877,1,200,0.00492749131039659,18.9219510004578,1.85053194717414,-4.60987423749056,18.9219510004578,0.615473136771865,496.328184823436,4,1,"normal",104
"705",16.87043,0.137407812553915,0,200,0.00492749131039659,18.9219510004578,1.85053194717414,-4.60987423749056,18.9219510004578,0.615473136771865,496.328184823436,4,1,"normal",105
"706",19.86485,0.692889290014351,1,200,0.00492749131039659,18.9219510004578,1.85053194717414,-4.60987423749056,18.9219510004578,0.615473136771865,496.328184823436,4,1,"normal",106
"707",20.36768,0.779886678142627,1,200,0.00492749131039659,18.9219510004578,1.85053194717414,-4.60987423749056,18.9219510004578,0.615473136771865,496.328184823436,4,1,"normal",107
"708",19.72233,0.66566677956831,0,200,0.00492749131039659,18.9219510004578,1.85053194717414,-4.60987423749056,18.9219510004578,0.615473136771865,496.328184823436,4,1,"normal",108
"709",17.45183,0.216295842996336,0,200,0.00492749131039659,18.9219510004578,1.85053194717414,-4.60987423749056,18.9219510004578,0.615473136771865,496.328184823436,4,1,"normal",109
"710",21.1554,0.882462366458449,1,200,0.00492749131039659,18.9219510004578,1.85053194717414,-4.60987423749056,18.9219510004578,0.615473136771865,496.328184823436,4,1,"normal",110
"711",21.17015,0.883974890265496,1,200,0.00492749131039659,18.9219510004578,1.85053194717414,-4.60987423749056,18.9219510004578,0.615473136771865,496.328184823436,4,1,"normal",111
"712",17.56835,0.234886013522535,0,200,0.00492749131039659,18.9219510004578,1.85053194717414,-4.60987423749056,18.9219510004578,0.615473136771865,496.328184823436,4,1,"normal",112
"713",17.25384,0.186799190162678,0,200,0.00492749131039659,18.9219510004578,1.85053194717414,-4.60987423749056,18.9219510004578,0.615473136771865,496.328184823436,4,1,"normal",113
"714",20.77856,0.838766296179323,1,200,0.00492749131039659,18.9219510004578,1.85053194717414,-4.60987423749056,18.9219510004578,0.615473136771865,496.328184823436,4,1,"normal",114
"715",20.15607,0.745141949066924,1,200,0.00492749131039659,18.9219510004578,1.85053194717414,-4.60987423749056,18.9219510004578,0.615473136771865,496.328184823436,4,1,"normal",115
"716",20.63774,0.819901251675465,1,200,0.00492749131039659,18.9219510004578,1.85053194717414,-4.60987423749056,18.9219510004578,0.615473136771865,496.328184823436,4,1,"normal",116
"717",17.56036,0.233582879376733,1,200,0.00492749131039659,18.9219510004578,1.85053194717414,-4.60987423749056,18.9219510004578,0.615473136771865,496.328184823436,4,1,"normal",117
"718",16.73126,0.122004985455144,0,200,0.00492749131039659,18.9219510004578,1.85053194717414,-4.60987423749056,18.9219510004578,0.615473136771865,496.328184823436,4,1,"normal",118
"719",21.07185,0.873617619657667,1,200,0.00492749131039659,18.9219510004578,1.85053194717414,-4.60987423749056,18.9219510004578,0.615473136771865,496.328184823436,4,1,"normal",119
"720",17.26008,0.187687798895949,0,200,0.00492749131039659,18.9219510004578,1.85053194717414,-4.60987423749056,18.9219510004578,0.615473136771865,496.328184823436,4,1,"normal",120
"721",17.81134,0.276425819585704,0,200,0.00492749131039659,18.9219510004578,1.85053194717414,-4.60987423749056,18.9219510004578,0.615473136771865,496.328184823436,4,1,"normal",121
"722",20.29669,0.76855249971801,1,200,0.00492749131039659,18.9219510004578,1.85053194717414,-4.60987423749056,18.9219510004578,0.615473136771865,496.328184823436,4,1,"normal",122
"723",19.94414,0.707588392505444,1,200,0.00492749131039659,18.9219510004578,1.85053194717414,-4.60987423749056,18.9219510004578,0.615473136771865,496.328184823436,4,1,"normal",123
"724",20.13554,0.741620490667577,0,200,0.00492749131039659,18.9219510004578,1.85053194717414,-4.60987423749056,18.9219510004578,0.615473136771865,496.328184823436,4,1,"normal",124
"725",16.78498,0.127793345213509,0,200,0.00492749131039659,18.9219510004578,1.85053194717414,-4.60987423749056,18.9219510004578,0.615473136771865,496.328184823436,4,1,"normal",125
"726",20.19508,0.751761517170023,1,200,0.00492749131039659,18.9219510004578,1.85053194717414,-4.60987423749056,18.9219510004578,0.615473136771865,496.328184823436,4,1,"normal",126
"727",17.13118,0.169881287193083,0,200,0.00492749131039659,18.9219510004578,1.85053194717414,-4.60987423749056,18.9219510004578,0.615473136771865,496.328184823436,4,1,"normal",127
"728",20.64359,0.820712502090285,0,200,0.00492749131039659,18.9219510004578,1.85053194717414,-4.60987423749056,18.9219510004578,0.615473136771865,496.328184823436,4,1,"normal",128
"729",17.36472,0.202988849340692,0,200,0.00492749131039659,18.9219510004578,1.85053194717414,-4.60987423749056,18.9219510004578,0.615473136771865,496.328184823436,4,1,"normal",129
"730",17.2649,0.188376037126527,0,200,0.00492749131039659,18.9219510004578,1.85053194717414,-4.60987423749056,18.9219510004578,0.615473136771865,496.328184823436,4,1,"normal",130
"731",20.84283,0.846915474471907,1,200,0.00492749131039659,18.9219510004578,1.85053194717414,-4.60987423749056,18.9219510004578,0.615473136771865,496.328184823436,4,1,"normal",131
"732",17.40925,0.209727282688337,0,200,0.00492749131039659,18.9219510004578,1.85053194717414,-4.60987423749056,18.9219510004578,0.615473136771865,496.328184823436,4,1,"normal",132
"733",20.72684,0.831998594145337,1,200,0.00492749131039659,18.9219510004578,1.85053194717414,-4.60987423749056,18.9219510004578,0.615473136771865,496.328184823436,4,1,"normal",133
"734",20.63437,0.819432834865051,1,200,0.00492749131039659,18.9219510004578,1.85053194717414,-4.60987423749056,18.9219510004578,0.615473136771865,496.328184823436,4,1,"normal",134
"735",17.60939,0.241644170129295,0,200,0.00492749131039659,18.9219510004578,1.85053194717414,-4.60987423749056,18.9219510004578,0.615473136771865,496.328184823436,4,1,"normal",135
"736",17.26953,0.189038658940765,0,200,0.00492749131039659,18.9219510004578,1.85053194717414,-4.60987423749056,18.9219510004578,0.615473136771865,496.328184823436,4,1,"normal",136
"737",17.51922,0.226938794485478,1,200,0.00492749131039659,18.9219510004578,1.85053194717414,-4.60987423749056,18.9219510004578,0.615473136771865,496.328184823436,4,1,"normal",137
"738",20.77553,0.838374972884023,1,200,0.00492749131039659,18.9219510004578,1.85053194717414,-4.60987423749056,18.9219510004578,0.615473136771865,496.328184823436,4,1,"normal",138
"739",20.52581,0.803922276057945,1,200,0.00492749131039659,18.9219510004578,1.85053194717414,-4.60987423749056,18.9219510004578,0.615473136771865,496.328184823436,4,1,"normal",139
"740",16.47908,0.0974092931559813,0,200,0.00492749131039659,18.9219510004578,1.85053194717414,-4.60987423749056,18.9219510004578,0.615473136771865,496.328184823436,4,1,"normal",140
"741",17.19444,0.178475592403729,0,200,0.00492749131039659,18.9219510004578,1.85053194717414,-4.60987423749056,18.9219510004578,0.615473136771865,496.328184823436,4,1,"normal",141
"742",17.04084,0.158092876821236,0,200,0.00492749131039659,18.9219510004578,1.85053194717414,-4.60987423749056,18.9219510004578,0.615473136771865,496.328184823436,4,1,"normal",142
"743",16.98361,0.150920291958451,1,200,0.00492749131039659,18.9219510004578,1.85053194717414,-4.60987423749056,18.9219510004578,0.615473136771865,496.328184823436,4,1,"normal",143
"744",16.98729,0.151374618872266,0,200,0.00492749131039659,18.9219510004578,1.85053194717414,-4.60987423749056,18.9219510004578,0.615473136771865,496.328184823436,4,1,"normal",144
"745",20.1711,0.747703561979978,1,200,0.00492749131039659,18.9219510004578,1.85053194717414,-4.60987423749056,18.9219510004578,0.615473136771865,496.328184823436,4,1,"normal",145
"746",17.30617,0.194334586383304,0,200,0.00492749131039659,18.9219510004578,1.85053194717414,-4.60987423749056,18.9219510004578,0.615473136771865,496.328184823436,4,1,"normal",146
"747",19.87624,0.695021238967327,1,200,0.00492749131039659,18.9219510004578,1.85053194717414,-4.60987423749056,18.9219510004578,0.615473136771865,496.328184823436,4,1,"normal",147
"748",17.57737,0.236362089017958,0,200,0.00492749131039659,18.9219510004578,1.85053194717414,-4.60987423749056,18.9219510004578,0.615473136771865,496.328184823436,4,1,"normal",148
"749",17.13136,0.169905345031356,0,200,0.00492749131039659,18.9219510004578,1.85053194717414,-4.60987423749056,18.9219510004578,0.615473136771865,496.328184823436,4,1,"normal",149
"750",20.11831,0.738645216382705,1,200,0.00492749131039659,18.9219510004578,1.85053194717414,-4.60987423749056,18.9219510004578,0.615473136771865,496.328184823436,4,1,"normal",150
"751",20.00386,0.718433557004812,1,200,0.00492749131039659,18.9219510004578,1.85053194717414,-4.60987423749056,18.9219510004578,0.615473136771865,496.328184823436,4,1,"normal",151
"752",19.8878,0.69717809963277,1,200,0.00492749131039659,18.9219510004578,1.85053194717414,-4.60987423749056,18.9219510004578,0.615473136771865,496.328184823436,4,1,"normal",152
"753",19.6634,0.654133623444418,1,200,0.00492749131039659,18.9219510004578,1.85053194717414,-4.60987423749056,18.9219510004578,0.615473136771865,496.328184823436,4,1,"normal",153
"754",16.9377,0.145331718779623,0,200,0.00492749131039659,18.9219510004578,1.85053194717414,-4.60987423749056,18.9219510004578,0.615473136771865,496.328184823436,4,1,"normal",154
"755",20.02935,0.723001252681836,0,200,0.00492749131039659,18.9219510004578,1.85053194717414,-4.60987423749056,18.9219510004578,0.615473136771865,496.328184823436,4,1,"normal",155
"756",20.81456,0.843366535340291,1,200,0.00492749131039659,18.9219510004578,1.85053194717414,-4.60987423749056,18.9219510004578,0.615473136771865,496.328184823436,4,1,"normal",156
"757",17.29837,0.193199424389214,0,200,0.00492749131039659,18.9219510004578,1.85053194717414,-4.60987423749056,18.9219510004578,0.615473136771865,496.328184823436,4,1,"normal",157
"758",17.15548,0.173149570427235,0,200,0.00492749131039659,18.9219510004578,1.85053194717414,-4.60987423749056,18.9219510004578,0.615473136771865,496.328184823436,4,1,"normal",158
"759",16.82152,0.131843205455011,0,200,0.00492749131039659,18.9219510004578,1.85053194717414,-4.60987423749056,18.9219510004578,0.615473136771865,496.328184823436,4,1,"normal",159
"760",20.25859,0.76233390828951,1,200,0.00492749131039659,18.9219510004578,1.85053194717414,-4.60987423749056,18.9219510004578,0.615473136771865,496.328184823436,4,1,"normal",160
"761",20.4258,0.788917211214016,1,200,0.00492749131039659,18.9219510004578,1.85053194717414,-4.60987423749056,18.9219510004578,0.615473136771865,496.328184823436,4,1,"normal",161
"762",16.93617,0.145148002317601,0,200,0.00492749131039659,18.9219510004578,1.85053194717414,-4.60987423749056,18.9219510004578,0.615473136771865,496.328184823436,4,1,"normal",162
"763",17.24837,0.186022451661315,0,200,0.00492749131039659,18.9219510004578,1.85053194717414,-4.60987423749056,18.9219510004578,0.615473136771865,496.328184823436,4,1,"normal",163
"764",20.46415,0.794751501437039,1,200,0.00492749131039659,18.9219510004578,1.85053194717414,-4.60987423749056,18.9219510004578,0.615473136771865,496.328184823436,4,1,"normal",164
"765",17.71258,0.259106204307691,0,200,0.00492749131039659,18.9219510004578,1.85053194717414,-4.60987423749056,18.9219510004578,0.615473136771865,496.328184823436,4,1,"normal",165
"766",16.9343,0.144923681228,0,200,0.00492749131039659,18.9219510004578,1.85053194717414,-4.60987423749056,18.9219510004578,0.615473136771865,496.328184823436,4,1,"normal",166
"767",17.55343,0.232455973378499,1,200,0.00492749131039659,18.9219510004578,1.85053194717414,-4.60987423749056,18.9219510004578,0.615473136771865,496.328184823436,4,1,"normal",167
"768",20.25793,0.762225360065947,1,200,0.00492749131039659,18.9219510004578,1.85053194717414,-4.60987423749056,18.9219510004578,0.615473136771865,496.328184823436,4,1,"normal",168
"769",17.5796,0.236727824821175,0,200,0.00492749131039659,18.9219510004578,1.85053194717414,-4.60987423749056,18.9219510004578,0.615473136771865,496.328184823436,4,1,"normal",169
"770",20.35089,0.777235976735246,0,200,0.00492749131039659,18.9219510004578,1.85053194717414,-4.60987423749056,18.9219510004578,0.615473136771865,496.328184823436,4,1,"normal",170
"771",17.24747,0.185894850535878,0,200,0.00492749131039659,18.9219510004578,1.85053194717414,-4.60987423749056,18.9219510004578,0.615473136771865,496.328184823436,4,1,"normal",171
"772",20.39148,0.783611975551042,1,200,0.00492749131039659,18.9219510004578,1.85053194717414,-4.60987423749056,18.9219510004578,0.615473136771865,496.328184823436,4,1,"normal",172
"773",17.02681,0.156313326267469,0,200,0.00492749131039659,18.9219510004578,1.85053194717414,-4.60987423749056,18.9219510004578,0.615473136771865,496.328184823436,4,1,"normal",173
"774",17.47372,0.219719922231848,0,200,0.00492749131039659,18.9219510004578,1.85053194717414,-4.60987423749056,18.9219510004578,0.615473136771865,496.328184823436,4,1,"normal",174
"775",20.9321,0.85775606443371,1,200,0.00492749131039659,18.9219510004578,1.85053194717414,-4.60987423749056,18.9219510004578,0.615473136771865,496.328184823436,4,1,"normal",175
"776",20.18515,0.750085486476557,1,200,0.00492749131039659,18.9219510004578,1.85053194717414,-4.60987423749056,18.9219510004578,0.615473136771865,496.328184823436,4,1,"normal",176
"777",17.20441,0.179855539253242,0,200,0.00492749131039659,18.9219510004578,1.85053194717414,-4.60987423749056,18.9219510004578,0.615473136771865,496.328184823436,4,1,"normal",177
"778",20.39991,0.784922415467633,1,200,0.00492749131039659,18.9219510004578,1.85053194717414,-4.60987423749056,18.9219510004578,0.615473136771865,496.328184823436,4,1,"normal",178
"779",20.31538,0.771568601662127,1,200,0.00492749131039659,18.9219510004578,1.85053194717414,-4.60987423749056,18.9219510004578,0.615473136771865,496.328184823436,4,1,"normal",179
"780",17.30794,0.194592763656752,0,200,0.00492749131039659,18.9219510004578,1.85053194717414,-4.60987423749056,18.9219510004578,0.615473136771865,496.328184823436,4,1,"normal",180
"781",17.07622,0.162641579460357,0,200,0.00492749131039659,18.9219510004578,1.85053194717414,-4.60987423749056,18.9219510004578,0.615473136771865,496.328184823436,4,1,"normal",181
"782",20.17622,0.748572987064975,1,200,0.00492749131039659,18.9219510004578,1.85053194717414,-4.60987423749056,18.9219510004578,0.615473136771865,496.328184823436,4,1,"normal",182
"783",20.24784,0.760562411669301,1,200,0.00492749131039659,18.9219510004578,1.85053194717414,-4.60987423749056,18.9219510004578,0.615473136771865,496.328184823436,4,1,"normal",183
"784",20.41692,0.787552112997082,1,200,0.00492749131039659,18.9219510004578,1.85053194717414,-4.60987423749056,18.9219510004578,0.615473136771865,496.328184823436,4,1,"normal",184
"785",17.17959,0.17643304180841,0,200,0.00492749131039659,18.9219510004578,1.85053194717414,-4.60987423749056,18.9219510004578,0.615473136771865,496.328184823436,4,1,"normal",185
"786",17.38454,0.205971468201346,1,200,0.00492749131039659,18.9219510004578,1.85053194717414,-4.60987423749056,18.9219510004578,0.615473136771865,496.328184823436,4,1,"normal",186
"787",17.3598,0.202252603765817,1,200,0.00492749131039659,18.9219510004578,1.85053194717414,-4.60987423749056,18.9219510004578,0.615473136771865,496.328184823436,4,1,"normal",187
"788",20.38151,0.782056014338683,1,200,0.00492749131039659,18.9219510004578,1.85053194717414,-4.60987423749056,18.9219510004578,0.615473136771865,496.328184823436,4,1,"normal",188
"789",17.3432,0.199780711002001,1,200,0.00492749131039659,18.9219510004578,1.85053194717414,-4.60987423749056,18.9219510004578,0.615473136771865,496.328184823436,4,1,"normal",189
"790",20.22504,0.756780773600582,1,200,0.00492749131039659,18.9219510004578,1.85053194717414,-4.60987423749056,18.9219510004578,0.615473136771865,496.328184823436,4,1,"normal",190
"791",19.97268,0.712796078020146,1,200,0.00492749131039659,18.9219510004578,1.85053194717414,-4.60987423749056,18.9219510004578,0.615473136771865,496.328184823436,4,1,"normal",191
"792",17.18402,0.177040759901535,0,200,0.00492749131039659,18.9219510004578,1.85053194717414,-4.60987423749056,18.9219510004578,0.615473136771865,496.328184823436,4,1,"normal",192
"793",17.535,0.22947420586723,0,200,0.00492749131039659,18.9219510004578,1.85053194717414,-4.60987423749056,18.9219510004578,0.615473136771865,496.328184823436,4,1,"normal",193
"794",20.34799,0.776776252790531,1,200,0.00492749131039659,18.9219510004578,1.85053194717414,-4.60987423749056,18.9219510004578,0.615473136771865,496.328184823436,4,1,"normal",194
"795",20.18288,0.74970148089182,1,200,0.00492749131039659,18.9219510004578,1.85053194717414,-4.60987423749056,18.9219510004578,0.615473136771865,496.328184823436,4,1,"normal",195
"796",20.26225,0.762935349915123,1,200,0.00492749131039659,18.9219510004578,1.85053194717414,-4.60987423749056,18.9219510004578,0.615473136771865,496.328184823436,4,1,"normal",196
"797",20.31429,0.771393328895777,0,200,0.00492749131039659,18.9219510004578,1.85053194717414,-4.60987423749056,18.9219510004578,0.615473136771865,496.328184823436,4,1,"normal",197
"798",20.29373,0.768072742066098,1,200,0.00492749131039659,18.9219510004578,1.85053194717414,-4.60987423749056,18.9219510004578,0.615473136771865,496.328184823436,4,1,"normal",198
"799",17.33623,0.198748428241125,0,200,0.00492749131039659,18.9219510004578,1.85053194717414,-4.60987423749056,18.9219510004578,0.615473136771865,496.328184823436,4,1,"normal",199
"800",20.53674,0.805520744063019,0,200,0.00492749131039659,18.9219510004578,1.85053194717414,-4.60987423749056,18.9219510004578,0.615473136771865,496.328184823436,4,1,"normal",200
"801",-7.69722257071,0.943126968493199,1,200,0.0106761150485537,-10.3607885114655,1.59248788239841,-3.82501560378081,-10.3607885114655,0.465297499266258,145.100579131834,5,1,"normal",1
"802",-9.27651600562,0.746640950640215,1,200,0.0106761150485537,-10.3607885114655,1.59248788239841,-3.82501560378081,-10.3607885114655,0.465297499266258,145.100579131834,5,1,"normal",2
"803",-18.1701645916,0.0106765748168837,0,200,0.0106761150485537,-10.3607885114655,1.59248788239841,-3.82501560378081,-10.3607885114655,0.465297499266258,145.100579131834,5,1,"normal",3
"804",-14.0511135758,0.0207002022087539,0,200,0.0106761150485537,-10.3607885114655,1.59248788239841,-3.82501560378081,-10.3607885114655,0.465297499266258,145.100579131834,5,1,"normal",4
"805",-10.7716715348,0.40037202145292,0,200,0.0106761150485537,-10.3607885114655,1.59248788239841,-3.82501560378081,-10.3607885114655,0.465297499266258,145.100579131834,5,1,"normal",5
"806",-1.96041,0.989323819991819,1,200,0.0106761150485537,-10.3607885114655,1.59248788239841,-3.82501560378081,-10.3607885114655,0.465297499266258,145.100579131834,5,1,"normal",6
"807",27.72526,0.989323884951446,1,200,0.0106761150485537,-10.3607885114655,1.59248788239841,-3.82501560378081,-10.3607885114655,0.465297499266258,145.100579131834,5,1,"normal",7
"808",-13.46307,0.0358304532849566,0,200,0.0106761150485537,-10.3607885114655,1.59248788239841,-3.82501560378081,-10.3607885114655,0.465297499266258,145.100579131834,5,1,"normal",8
"809",-12.64898,0.0844446800064882,0,200,0.0106761150485537,-10.3607885114655,1.59248788239841,-3.82501560378081,-10.3607885114655,0.465297499266258,145.100579131834,5,1,"normal",9
"810",-12.84823,0.0685590328440144,0,200,0.0106761150485537,-10.3607885114655,1.59248788239841,-3.82501560378081,-10.3607885114655,0.465297499266258,145.100579131834,5,1,"normal",10
"811",-4.34073,0.989247232971188,1,200,0.0106761150485537,-10.3607885114655,1.59248788239841,-3.82501560378081,-10.3607885114655,0.465297499266258,145.100579131834,5,1,"normal",11
"812",-13.48672,0.0349735379865213,0,200,0.0106761150485537,-10.3607885114655,1.59248788239841,-3.82501560378081,-10.3607885114655,0.465297499266258,145.100579131834,5,1,"normal",12
"813",-9.0784,0.783484023383886,0,200,0.0106761150485537,-10.3607885114655,1.59248788239841,-3.82501560378081,-10.3607885114655,0.465297499266258,145.100579131834,5,1,"normal",13
"814",-8.50964,0.869408865679886,1,200,0.0106761150485537,-10.3607885114655,1.59248788239841,-3.82501560378081,-10.3607885114655,0.465297499266258,145.100579131834,5,1,"normal",14
"815",-8.62404,0.854537605283786,1,200,0.0106761150485537,-10.3607885114655,1.59248788239841,-3.82501560378081,-10.3607885114655,0.465297499266258,145.100579131834,5,1,"normal",15
"816",-7.64806,0.946026894294944,1,200,0.0106761150485537,-10.3607885114655,1.59248788239841,-3.82501560378081,-10.3607885114655,0.465297499266258,145.100579131834,5,1,"normal",16
"817",-11.50727,0.241425328472486,0,200,0.0106761150485537,-10.3607885114655,1.59248788239841,-3.82501560378081,-10.3607885114655,0.465297499266258,145.100579131834,5,1,"normal",17
"818",-11.21327,0.300567517014419,0,200,0.0106761150485537,-10.3607885114655,1.59248788239841,-3.82501560378081,-10.3607885114655,0.465297499266258,145.100579131834,5,1,"normal",18
"819",-8.02849,0.919330880169636,1,200,0.0106761150485537,-10.3607885114655,1.59248788239841,-3.82501560378081,-10.3607885114655,0.465297499266258,145.100579131834,5,1,"normal",19
"820",-7.93033,0.927199561616134,1,200,0.0106761150485537,-10.3607885114655,1.59248788239841,-3.82501560378081,-10.3607885114655,0.465297499266258,145.100579131834,5,1,"normal",20
"821",-8.45327,0.876296939611156,1,200,0.0106761150485537,-10.3607885114655,1.59248788239841,-3.82501560378081,-10.3607885114655,0.465297499266258,145.100579131834,5,1,"normal",21
"822",-10.16626,0.547573446907573,1,200,0.0106761150485537,-10.3607885114655,1.59248788239841,-3.82501560378081,-10.3607885114655,0.465297499266258,145.100579131834,5,1,"normal",22
"823",-10.82942,0.386744400798296,0,200,0.0106761150485537,-10.3607885114655,1.59248788239841,-3.82501560378081,-10.3607885114655,0.465297499266258,145.100579131834,5,1,"normal",23
"824",-9.7251,0.651807377408839,1,200,0.0106761150485537,-10.3607885114655,1.59248788239841,-3.82501560378081,-10.3607885114655,0.465297499266258,145.100579131834,5,1,"normal",24
"825",-9.63936,0.671001817172614,0,200,0.0106761150485537,-10.3607885114655,1.59248788239841,-3.82501560378081,-10.3607885114655,0.465297499266258,145.100579131834,5,1,"normal",25
"826",-11.19407,0.304659438180174,1,200,0.0106761150485537,-10.3607885114655,1.59248788239841,-3.82501560378081,-10.3607885114655,0.465297499266258,145.100579131834,5,1,"normal",26
"827",-13.17239,0.0485855083905481,0,200,0.0106761150485537,-10.3607885114655,1.59248788239841,-3.82501560378081,-10.3607885114655,0.465297499266258,145.100579131834,5,1,"normal",27
"828",-11.36152,0.269889062090985,0,200,0.0106761150485537,-10.3607885114655,1.59248788239841,-3.82501560378081,-10.3607885114655,0.465297499266258,145.100579131834,5,1,"normal",28
"829",-10.13015,0.556347679320711,1,200,0.0106761150485537,-10.3607885114655,1.59248788239841,-3.82501560378081,-10.3607885114655,0.465297499266258,145.100579131834,5,1,"normal",29
"830",-12.35092,0.114123734634139,0,200,0.0106761150485537,-10.3607885114655,1.59248788239841,-3.82501560378081,-10.3607885114655,0.465297499266258,145.100579131834,5,1,"normal",30
"831",-7.15191,0.967840788218034,1,200,0.0106761150485537,-10.3607885114655,1.59248788239841,-3.82501560378081,-10.3607885114655,0.465297499266258,145.100579131834,5,1,"normal",31
"832",-12.48992,0.0993551682027697,0,200,0.0106761150485537,-10.3607885114655,1.59248788239841,-3.82501560378081,-10.3607885114655,0.465297499266258,145.100579131834,5,1,"normal",32
"833",-11.13511,0.317385004039481,1,200,0.0106761150485537,-10.3607885114655,1.59248788239841,-3.82501560378081,-10.3607885114655,0.465297499266258,145.100579131834,5,1,"normal",33
"834",-12.73416,0.0772882884692986,0,200,0.0106761150485537,-10.3607885114655,1.59248788239841,-3.82501560378081,-10.3607885114655,0.465297499266258,145.100579131834,5,1,"normal",34
"835",-12.01836,0.156463456523418,0,200,0.0106761150485537,-10.3607885114655,1.59248788239841,-3.82501560378081,-10.3607885114655,0.465297499266258,145.100579131834,5,1,"normal",35
"836",-8.88809,0.815574196824163,1,200,0.0106761150485537,-10.3607885114655,1.59248788239841,-3.82501560378081,-10.3607885114655,0.465297499266258,145.100579131834,5,1,"normal",36
"837",-10.94352,0.360259311693471,1,200,0.0106761150485537,-10.3607885114655,1.59248788239841,-3.82501560378081,-10.3607885114655,0.465297499266258,145.100579131834,5,1,"normal",37
"838",-11.72066,0.203051042428376,0,200,0.0106761150485537,-10.3607885114655,1.59248788239841,-3.82501560378081,-10.3607885114655,0.465297499266258,145.100579131834,5,1,"normal",38
"839",-12.12955,0.141179531396963,0,200,0.0106761150485537,-10.3607885114655,1.59248788239841,-3.82501560378081,-10.3607885114655,0.465297499266258,145.100579131834,5,1,"normal",39
"840",-11.06372,0.333101461813816,0,200,0.0106761150485537,-10.3607885114655,1.59248788239841,-3.82501560378081,-10.3607885114655,0.465297499266258,145.100579131834,5,1,"normal",40
"841",-9.40041,0.721926270969619,1,200,0.0106761150485537,-10.3607885114655,1.59248788239841,-3.82501560378081,-10.3607885114655,0.465297499266258,145.100579131834,5,1,"normal",41
"842",-9.36052,0.730017760874069,1,200,0.0106761150485537,-10.3607885114655,1.59248788239841,-3.82501560378081,-10.3607885114655,0.465297499266258,145.100579131834,5,1,"normal",42
"843",-9.30241,0.741578260530837,0,200,0.0106761150485537,-10.3607885114655,1.59248788239841,-3.82501560378081,-10.3607885114655,0.465297499266258,145.100579131834,5,1,"normal",43
"844",-9.08556,0.782212437157274,1,200,0.0106761150485537,-10.3607885114655,1.59248788239841,-3.82501560378081,-10.3607885114655,0.465297499266258,145.100579131834,5,1,"normal",44
"845",-10.33343,0.506707048423695,1,200,0.0106761150485537,-10.3607885114655,1.59248788239841,-3.82501560378081,-10.3607885114655,0.465297499266258,145.100579131834,5,1,"normal",45
"846",-8.96314,0.803315646554164,1,200,0.0106761150485537,-10.3607885114655,1.59248788239841,-3.82501560378081,-10.3607885114655,0.465297499266258,145.100579131834,5,1,"normal",46
"847",-12.10664,0.144234906672546,0,200,0.0106761150485537,-10.3607885114655,1.59248788239841,-3.82501560378081,-10.3607885114655,0.465297499266258,145.100579131834,5,1,"normal",47
"848",-10.00515,0.586471139300602,1,200,0.0106761150485537,-10.3607885114655,1.59248788239841,-3.82501560378081,-10.3607885114655,0.465297499266258,145.100579131834,5,1,"normal",48
"849",-8.00803,0.921031102957995,1,200,0.0106761150485537,-10.3607885114655,1.59248788239841,-3.82501560378081,-10.3607885114655,0.465297499266258,145.100579131834,5,1,"normal",49
"850",-12.02661,0.155289957392631,0,200,0.0106761150485537,-10.3607885114655,1.59248788239841,-3.82501560378081,-10.3607885114655,0.465297499266258,145.100579131834,5,1,"normal",50
"851",-8.99828,0.797397624881933,1,200,0.0106761150485537,-10.3607885114655,1.59248788239841,-3.82501560378081,-10.3607885114655,0.465297499266258,145.100579131834,5,1,"normal",51
"852",-11.64069,0.216957141103981,1,200,0.0106761150485537,-10.3607885114655,1.59248788239841,-3.82501560378081,-10.3607885114655,0.465297499266258,145.100579131834,5,1,"normal",52
"853",-8.80373,0.828729301168923,1,200,0.0106761150485537,-10.3607885114655,1.59248788239841,-3.82501560378081,-10.3607885114655,0.465297499266258,145.100579131834,5,1,"normal",53
"854",-9.16177,0.768395603059337,1,200,0.0106761150485537,-10.3607885114655,1.59248788239841,-3.82501560378081,-10.3607885114655,0.465297499266258,145.100579131834,5,1,"normal",54
"855",-12.3841,0.11044639109434,0,200,0.0106761150485537,-10.3607885114655,1.59248788239841,-3.82501560378081,-10.3607885114655,0.465297499266258,145.100579131834,5,1,"normal",55
"856",-12.17629,0.135096116385957,0,200,0.0106761150485537,-10.3607885114655,1.59248788239841,-3.82501560378081,-10.3607885114655,0.465297499266258,145.100579131834,5,1,"normal",56
"857",-13.35809,0.03994532482039,0,200,0.0106761150485537,-10.3607885114655,1.59248788239841,-3.82501560378081,-10.3607885114655,0.465297499266258,145.100579131834,5,1,"normal",57
"858",-11.78071,0.192992032380898,0,200,0.0106761150485537,-10.3607885114655,1.59248788239841,-3.82501560378081,-10.3607885114655,0.465297499266258,145.100579131834,5,1,"normal",58
"859",-11.92139,0.170732722179411,1,200,0.0106761150485537,-10.3607885114655,1.59248788239841,-3.82501560378081,-10.3607885114655,0.465297499266258,145.100579131834,5,1,"normal",59
"860",-8.62201,0.854812004745345,1,200,0.0106761150485537,-10.3607885114655,1.59248788239841,-3.82501560378081,-10.3607885114655,0.465297499266258,145.100579131834,5,1,"normal",60
"861",-9.46333,0.708914235237336,1,200,0.0106761150485537,-10.3607885114655,1.59248788239841,-3.82501560378081,-10.3607885114655,0.465297499266258,145.100579131834,5,1,"normal",61
"862",-9.60802,0.677904730008715,1,200,0.0106761150485537,-10.3607885114655,1.59248788239841,-3.82501560378081,-10.3607885114655,0.465297499266258,145.100579131834,5,1,"normal",62
"863",-9.98122,0.592183668394024,1,200,0.0106761150485537,-10.3607885114655,1.59248788239841,-3.82501560378081,-10.3607885114655,0.465297499266258,145.100579131834,5,1,"normal",63
"864",-9.80422,0.633723996867297,1,200,0.0106761150485537,-10.3607885114655,1.59248788239841,-3.82501560378081,-10.3607885114655,0.465297499266258,145.100579131834,5,1,"normal",64
"865",-12.2659,0.123991314249831,0,200,0.0106761150485537,-10.3607885114655,1.59248788239841,-3.82501560378081,-10.3607885114655,0.465297499266258,145.100579131834,5,1,"normal",65
"866",-11.9003,0.173952359888411,0,200,0.0106761150485537,-10.3607885114655,1.59248788239841,-3.82501560378081,-10.3607885114655,0.465297499266258,145.100579131834,5,1,"normal",66
"867",-12.31824,0.117840481248378,1,200,0.0106761150485537,-10.3607885114655,1.59248788239841,-3.82501560378081,-10.3607885114655,0.465297499266258,145.100579131834,5,1,"normal",67
"868",-12.91998,0.0635454207841686,0,200,0.0106761150485537,-10.3607885114655,1.59248788239841,-3.82501560378081,-10.3607885114655,0.465297499266258,145.100579131834,5,1,"normal",68
"869",-12.07697,0.148264023560911,0,200,0.0106761150485537,-10.3607885114655,1.59248788239841,-3.82501560378081,-10.3607885114655,0.465297499266258,145.100579131834,5,1,"normal",69
"870",-12.60739,0.088145133067715,0,200,0.0106761150485537,-10.3607885114655,1.59248788239841,-3.82501560378081,-10.3607885114655,0.465297499266258,145.100579131834,5,1,"normal",70
"871",-11.97986,0.162023716321554,1,200,0.0106761150485537,-10.3607885114655,1.59248788239841,-3.82501560378081,-10.3607885114655,0.465297499266258,145.100579131834,5,1,"normal",71
"872",-12.03364,0.1542949986909,0,200,0.0106761150485537,-10.3607885114655,1.59248788239841,-3.82501560378081,-10.3607885114655,0.465297499266258,145.100579131834,5,1,"normal",72
"873",-9.65438,0.667671485245613,1,200,0.0106761150485537,-10.3607885114655,1.59248788239841,-3.82501560378081,-10.3607885114655,0.465297499266258,145.100579131834,5,1,"normal",73
"874",-11.64199,0.216726469410271,0,200,0.0106761150485537,-10.3607885114655,1.59248788239841,-3.82501560378081,-10.3607885114655,0.465297499266258,145.100579131834,5,1,"normal",74
"875",-12.80078,0.0720744923568265,0,200,0.0106761150485537,-10.3607885114655,1.59248788239841,-3.82501560378081,-10.3607885114655,0.465297499266258,145.100579131834,5,1,"normal",75
"876",-11.14481,0.315275172652053,0,200,0.0106761150485537,-10.3607885114655,1.59248788239841,-3.82501560378081,-10.3607885114655,0.465297499266258,145.100579131834,5,1,"normal",76
"877",-10.18743,0.542417826987868,1,200,0.0106761150485537,-10.3607885114655,1.59248788239841,-3.82501560378081,-10.3607885114655,0.465297499266258,145.100579131834,5,1,"normal",77
"878",-9.08705,0.781947242515786,1,200,0.0106761150485537,-10.3607885114655,1.59248788239841,-3.82501560378081,-10.3607885114655,0.465297499266258,145.100579131834,5,1,"normal",78
"879",-12.12249,0.142115913517483,0,200,0.0106761150485537,-10.3607885114655,1.59248788239841,-3.82501560378081,-10.3607885114655,0.465297499266258,145.100579131834,5,1,"normal",79
"880",-11.68018,0.210017840328254,0,200,0.0106761150485537,-10.3607885114655,1.59248788239841,-3.82501560378081,-10.3607885114655,0.465297499266258,145.100579131834,5,1,"normal",80
"881",-9.64159,0.670508258984208,0,200,0.0106761150485537,-10.3607885114655,1.59248788239841,-3.82501560378081,-10.3607885114655,0.465297499266258,145.100579131834,5,1,"normal",81
"882",-9.21039,0.759315101471812,1,200,0.0106761150485537,-10.3607885114655,1.59248788239841,-3.82501560378081,-10.3607885114655,0.465297499266258,145.100579131834,5,1,"normal",82
"883",-12.34768,0.114488008294105,0,200,0.0106761150485537,-10.3607885114655,1.59248788239841,-3.82501560378081,-10.3607885114655,0.465297499266258,145.100579131834,5,1,"normal",83
"884",-12.21794,0.12984389740557,0,200,0.0106761150485537,-10.3607885114655,1.59248788239841,-3.82501560378081,-10.3607885114655,0.465297499266258,145.100579131834,5,1,"normal",84
"885",-9.6406,0.67072741084489,0,200,0.0106761150485537,-10.3607885114655,1.59248788239841,-3.82501560378081,-10.3607885114655,0.465297499266258,145.100579131834,5,1,"normal",85
"886",-9.31247,0.739596491812359,1,200,0.0106761150485537,-10.3607885114655,1.59248788239841,-3.82501560378081,-10.3607885114655,0.465297499266258,145.100579131834,5,1,"normal",86
"887",-12.05314,0.151559242280378,0,200,0.0106761150485537,-10.3607885114655,1.59248788239841,-3.82501560378081,-10.3607885114655,0.465297499266258,145.100579131834,5,1,"normal",87
"888",-11.97212,0.163158245235461,0,200,0.0106761150485537,-10.3607885114655,1.59248788239841,-3.82501560378081,-10.3607885114655,0.465297499266258,145.100579131834,5,1,"normal",88
"889",-11.73766,0.200169795609744,1,200,0.0106761150485537,-10.3607885114655,1.59248788239841,-3.82501560378081,-10.3607885114655,0.465297499266258,145.100579131834,5,1,"normal",89
"890",-11.76641,0.195357377751856,0,200,0.0106761150485537,-10.3607885114655,1.59248788239841,-3.82501560378081,-10.3607885114655,0.465297499266258,145.100579131834,5,1,"normal",90
"891",-9.26397,0.749073893816008,1,200,0.0106761150485537,-10.3607885114655,1.59248788239841,-3.82501560378081,-10.3607885114655,0.465297499266258,145.100579131834,5,1,"normal",91
"892",-11.9249,0.170200908210992,0,200,0.0106761150485537,-10.3607885114655,1.59248788239841,-3.82501560378081,-10.3607885114655,0.465297499266258,145.100579131834,5,1,"normal",92
"893",-9.77471,0.640507829709679,1,200,0.0106761150485537,-10.3607885114655,1.59248788239841,-3.82501560378081,-10.3607885114655,0.465297499266258,145.100579131834,5,1,"normal",93
"894",-11.72217,0.202794050899519,0,200,0.0106761150485537,-10.3607885114655,1.59248788239841,-3.82501560378081,-10.3607885114655,0.465297499266258,145.100579131834,5,1,"normal",94
"895",-9.76275,0.643244207944136,1,200,0.0106761150485537,-10.3607885114655,1.59248788239841,-3.82501560378081,-10.3607885114655,0.465297499266258,145.100579131834,5,1,"normal",95
"896",-9.5581,0.688767233396648,1,200,0.0106761150485537,-10.3607885114655,1.59248788239841,-3.82501560378081,-10.3607885114655,0.465297499266258,145.100579131834,5,1,"normal",96
"897",-12.1284,0.141331744534372,0,200,0.0106761150485537,-10.3607885114655,1.59248788239841,-3.82501560378081,-10.3607885114655,0.465297499266258,145.100579131834,5,1,"normal",97
"898",-9.56357,0.687585134827396,0,200,0.0106761150485537,-10.3607885114655,1.59248788239841,-3.82501560378081,-10.3607885114655,0.465297499266258,145.100579131834,5,1,"normal",98
"899",-9.8678,0.618960997828804,1,200,0.0106761150485537,-10.3607885114655,1.59248788239841,-3.82501560378081,-10.3607885114655,0.465297499266258,145.100579131834,5,1,"normal",99
"900",-9.42784,0.716290573029679,0,200,0.0106761150485537,-10.3607885114655,1.59248788239841,-3.82501560378081,-10.3607885114655,0.465297499266258,145.100579131834,5,1,"normal",100
"901",-12.42873,0.105651376450289,0,200,0.0106761150485537,-10.3607885114655,1.59248788239841,-3.82501560378081,-10.3607885114655,0.465297499266258,145.100579131834,5,1,"normal",101
"902",-8.59193,0.858833304902805,1,200,0.0106761150485537,-10.3607885114655,1.59248788239841,-3.82501560378081,-10.3607885114655,0.465297499266258,145.100579131834,5,1,"normal",102
"903",-11.58067,0.227770987002378,0,200,0.0106761150485537,-10.3607885114655,1.59248788239841,-3.82501560378081,-10.3607885114655,0.465297499266258,145.100579131834,5,1,"normal",103
"904",-9.17212,0.766479751492785,1,200,0.0106761150485537,-10.3607885114655,1.59248788239841,-3.82501560378081,-10.3607885114655,0.465297499266258,145.100579131834,5,1,"normal",104
"905",-9.83783,0.625944074756419,1,200,0.0106761150485537,-10.3607885114655,1.59248788239841,-3.82501560378081,-10.3607885114655,0.465297499266258,145.100579131834,5,1,"normal",105
"906",-11.79934,0.189938767460519,1,200,0.0106761150485537,-10.3607885114655,1.59248788239841,-3.82501560378081,-10.3607885114655,0.465297499266258,145.100579131834,5,1,"normal",106
"907",-9.56046,0.688257473967364,0,200,0.0106761150485537,-10.3607885114655,1.59248788239841,-3.82501560378081,-10.3607885114655,0.465297499266258,145.100579131834,5,1,"normal",107
"908",-12.04229,0.153077077074072,0,200,0.0106761150485537,-10.3607885114655,1.59248788239841,-3.82501560378081,-10.3607885114655,0.465297499266258,145.100579131834,5,1,"normal",108
"909",-11.71701,0.203673106751921,1,200,0.0106761150485537,-10.3607885114655,1.59248788239841,-3.82501560378081,-10.3607885114655,0.465297499266258,145.100579131834,5,1,"normal",109
"910",-11.85983,0.180246727683086,0,200,0.0106761150485537,-10.3607885114655,1.59248788239841,-3.82501560378081,-10.3607885114655,0.465297499266258,145.100579131834,5,1,"normal",110
"911",-9.05294,0.787968328370652,1,200,0.0106761150485537,-10.3607885114655,1.59248788239841,-3.82501560378081,-10.3607885114655,0.465297499266258,145.100579131834,5,1,"normal",111
"912",-12.14445,0.139218405646768,0,200,0.0106761150485537,-10.3607885114655,1.59248788239841,-3.82501560378081,-10.3607885114655,0.465297499266258,145.100579131834,5,1,"normal",112
"913",-11.71169,0.204581963360518,1,200,0.0106761150485537,-10.3607885114655,1.59248788239841,-3.82501560378081,-10.3607885114655,0.465297499266258,145.100579131834,5,1,"normal",113
"914",-12.5344,0.0949766340016695,0,200,0.0106761150485537,-10.3607885114655,1.59248788239841,-3.82501560378081,-10.3607885114655,0.465297499266258,145.100579131834,5,1,"normal",114
"915",-12.23093,0.128238146959686,0,200,0.0106761150485537,-10.3607885114655,1.59248788239841,-3.82501560378081,-10.3607885114655,0.465297499266258,145.100579131834,5,1,"normal",115
"916",-9.29769,0.742505217495631,1,200,0.0106761150485537,-10.3607885114655,1.59248788239841,-3.82501560378081,-10.3607885114655,0.465297499266258,145.100579131834,5,1,"normal",116
"917",-9.54675,0.691213498618827,1,200,0.0106761150485537,-10.3607885114655,1.59248788239841,-3.82501560378081,-10.3607885114655,0.465297499266258,145.100579131834,5,1,"normal",117
"918",-12.34925,0.114311377400809,0,200,0.0106761150485537,-10.3607885114655,1.59248788239841,-3.82501560378081,-10.3607885114655,0.465297499266258,145.100579131834,5,1,"normal",118
"919",-8.47233,0.874000097287197,0,200,0.0106761150485537,-10.3607885114655,1.59248788239841,-3.82501560378081,-10.3607885114655,0.465297499266258,145.100579131834,5,1,"normal",119
"920",-9.46661,0.708227766718427,1,200,0.0106761150485537,-10.3607885114655,1.59248788239841,-3.82501560378081,-10.3607885114655,0.465297499266258,145.100579131834,5,1,"normal",120
"921",-9.39995,0.722020287849585,1,200,0.0106761150485537,-10.3607885114655,1.59248788239841,-3.82501560378081,-10.3607885114655,0.465297499266258,145.100579131834,5,1,"normal",121
"922",-9.70646,0.656017366547158,0,200,0.0106761150485537,-10.3607885114655,1.59248788239841,-3.82501560378081,-10.3607885114655,0.465297499266258,145.100579131834,5,1,"normal",122
"923",-12.08998,0.146487250070515,0,200,0.0106761150485537,-10.3607885114655,1.59248788239841,-3.82501560378081,-10.3607885114655,0.465297499266258,145.100579131834,5,1,"normal",123
"924",-8.86404,0.819392075848944,1,200,0.0106761150485537,-10.3607885114655,1.59248788239841,-3.82501560378081,-10.3607885114655,0.465297499266258,145.100579131834,5,1,"normal",124
"925",-9.46634,0.70828430482828,0,200,0.0106761150485537,-10.3607885114655,1.59248788239841,-3.82501560378081,-10.3607885114655,0.465297499266258,145.100579131834,5,1,"normal",125
"926",-12.23912,0.127233616443522,0,200,0.0106761150485537,-10.3607885114655,1.59248788239841,-3.82501560378081,-10.3607885114655,0.465297499266258,145.100579131834,5,1,"normal",126
"927",-8.44489,0.877296423697828,1,200,0.0106761150485537,-10.3607885114655,1.59248788239841,-3.82501560378081,-10.3607885114655,0.465297499266258,145.100579131834,5,1,"normal",127
"928",-11.93304,0.168972010861369,0,200,0.0106761150485537,-10.3607885114655,1.59248788239841,-3.82501560378081,-10.3607885114655,0.465297499266258,145.100579131834,5,1,"normal",128
"929",-9.41024,0.719913264406426,1,200,0.0106761150485537,-10.3607885114655,1.59248788239841,-3.82501560378081,-10.3607885114655,0.465297499266258,145.100579131834,5,1,"normal",129
"930",-9.28335,0.745310180177357,1,200,0.0106761150485537,-10.3607885114655,1.59248788239841,-3.82501560378081,-10.3607885114655,0.465297499266258,145.100579131834,5,1,"normal",130
"931",-8.80551,0.828458578283383,1,200,0.0106761150485537,-10.3607885114655,1.59248788239841,-3.82501560378081,-10.3607885114655,0.465297499266258,145.100579131834,5,1,"normal",131
"932",-12.22574,0.128877866911427,0,200,0.0106761150485537,-10.3607885114655,1.59248788239841,-3.82501560378081,-10.3607885114655,0.465297499266258,145.100579131834,5,1,"normal",132
"933",-9.13013,0.774194230912753,0,200,0.0106761150485537,-10.3607885114655,1.59248788239841,-3.82501560378081,-10.3607885114655,0.465297499266258,145.100579131834,5,1,"normal",133
"934",-9.02119,0.793478504183095,1,200,0.0106761150485537,-10.3607885114655,1.59248788239841,-3.82501560378081,-10.3607885114655,0.465297499266258,145.100579131834,5,1,"normal",134
"935",-9.56661,0.68692729310864,0,200,0.0106761150485537,-10.3607885114655,1.59248788239841,-3.82501560378081,-10.3607885114655,0.465297499266258,145.100579131834,5,1,"normal",135
"936",-12.13939,0.139882103977156,0,200,0.0106761150485537,-10.3607885114655,1.59248788239841,-3.82501560378081,-10.3607885114655,0.465297499266258,145.100579131834,5,1,"normal",136
"937",-9.06261,0.786272006759508,1,200,0.0106761150485537,-10.3607885114655,1.59248788239841,-3.82501560378081,-10.3607885114655,0.465297499266258,145.100579131834,5,1,"normal",137
"938",-11.96085,0.164820202735266,0,200,0.0106761150485537,-10.3607885114655,1.59248788239841,-3.82501560378081,-10.3607885114655,0.465297499266258,145.100579131834,5,1,"normal",138
"939",-11.52741,0.237632308909218,1,200,0.0106761150485537,-10.3607885114655,1.59248788239841,-3.82501560378081,-10.3607885114655,0.465297499266258,145.100579131834,5,1,"normal",139
"940",-8.83467,0.82398150418412,1,200,0.0106761150485537,-10.3607885114655,1.59248788239841,-3.82501560378081,-10.3607885114655,0.465297499266258,145.100579131834,5,1,"normal",140
"941",-12.29146,0.120956954075475,1,200,0.0106761150485537,-10.3607885114655,1.59248788239841,-3.82501560378081,-10.3607885114655,0.465297499266258,145.100579131834,5,1,"normal",141
"942",-12.44384,0.104066924336513,0,200,0.0106761150485537,-10.3607885114655,1.59248788239841,-3.82501560378081,-10.3607885114655,0.465297499266258,145.100579131834,5,1,"normal",142
"943",-9.20152,0.760986924672407,1,200,0.0106761150485537,-10.3607885114655,1.59248788239841,-3.82501560378081,-10.3607885114655,0.465297499266258,145.100579131834,5,1,"normal",143
"944",-9.33722,0.73468581033478,1,200,0.0106761150485537,-10.3607885114655,1.59248788239841,-3.82501560378081,-10.3607885114655,0.465297499266258,145.100579131834,5,1,"normal",144
"945",-9.57871,0.684302717612899,0,200,0.0106761150485537,-10.3607885114655,1.59248788239841,-3.82501560378081,-10.3607885114655,0.465297499266258,145.100579131834,5,1,"normal",145
"946",-9.22055,0.757391857689843,1,200,0.0106761150485537,-10.3607885114655,1.59248788239841,-3.82501560378081,-10.3607885114655,0.465297499266258,145.100579131834,5,1,"normal",146
"947",-11.86153,0.179979254506645,0,200,0.0106761150485537,-10.3607885114655,1.59248788239841,-3.82501560378081,-10.3607885114655,0.465297499266258,145.100579131834,5,1,"normal",147
"948",-9.49398,0.702468743751492,0,200,0.0106761150485537,-10.3607885114655,1.59248788239841,-3.82501560378081,-10.3607885114655,0.465297499266258,145.100579131834,5,1,"normal",148
"949",-11.97032,0.16342289076058,1,200,0.0106761150485537,-10.3607885114655,1.59248788239841,-3.82501560378081,-10.3607885114655,0.465297499266258,145.100579131834,5,1,"normal",149
"950",-9.36594,0.728925687527339,0,200,0.0106761150485537,-10.3607885114655,1.59248788239841,-3.82501560378081,-10.3607885114655,0.465297499266258,145.100579131834,5,1,"normal",150
"951",-12.28095,0.122197551572986,0,200,0.0106761150485537,-10.3607885114655,1.59248788239841,-3.82501560378081,-10.3607885114655,0.465297499266258,145.100579131834,5,1,"normal",151
"952",-12.10047,0.145066060549292,0,200,0.0106761150485537,-10.3607885114655,1.59248788239841,-3.82501560378081,-10.3607885114655,0.465297499266258,145.100579131834,5,1,"normal",152
"953",-8.63703,0.852772678581061,1,200,0.0106761150485537,-10.3607885114655,1.59248788239841,-3.82501560378081,-10.3607885114655,0.465297499266258,145.100579131834,5,1,"normal",153
"954",-8.63275,0.853355922057505,1,200,0.0106761150485537,-10.3607885114655,1.59248788239841,-3.82501560378081,-10.3607885114655,0.465297499266258,145.100579131834,5,1,"normal",154
"955",-8.61282,0.856049463267076,1,200,0.0106761150485537,-10.3607885114655,1.59248788239841,-3.82501560378081,-10.3607885114655,0.465297499266258,145.100579131834,5,1,"normal",155
"956",-8.67147,0.848017569692847,1,200,0.0106761150485537,-10.3607885114655,1.59248788239841,-3.82501560378081,-10.3607885114655,0.465297499266258,145.100579131834,5,1,"normal",156
"957",-9.0251,0.792804863076264,1,200,0.0106761150485537,-10.3607885114655,1.59248788239841,-3.82501560378081,-10.3607885114655,0.465297499266258,145.100579131834,5,1,"normal",157
"958",-8.78409,0.831696744160484,1,200,0.0106761150485537,-10.3607885114655,1.59248788239841,-3.82501560378081,-10.3607885114655,0.465297499266258,145.100579131834,5,1,"normal",158
"959",-9.16682,0.767461981744816,1,200,0.0106761150485537,-10.3607885114655,1.59248788239841,-3.82501560378081,-10.3607885114655,0.465297499266258,145.100579131834,5,1,"normal",159
"960",-12.42616,0.105922821534453,0,200,0.0106761150485537,-10.3607885114655,1.59248788239841,-3.82501560378081,-10.3607885114655,0.465297499266258,145.100579131834,5,1,"normal",160
"961",-8.67995,0.846829822148167,1,200,0.0106761150485537,-10.3607885114655,1.59248788239841,-3.82501560378081,-10.3607885114655,0.465297499266258,145.100579131834,5,1,"normal",161
"962",-13.05657,0.0549557137349634,0,200,0.0106761150485537,-10.3607885114655,1.59248788239841,-3.82501560378081,-10.3607885114655,0.465297499266258,145.100579131834,5,1,"normal",162
"963",-12.5232,0.0960636021797012,0,200,0.0106761150485537,-10.3607885114655,1.59248788239841,-3.82501560378081,-10.3607885114655,0.465297499266258,145.100579131834,5,1,"normal",163
"964",-12.08097,0.14771607238806,1,200,0.0106761150485537,-10.3607885114655,1.59248788239841,-3.82501560378081,-10.3607885114655,0.465297499266258,145.100579131834,5,1,"normal",164
"965",-8.89595,0.814314792965376,0,200,0.0106761150485537,-10.3607885114655,1.59248788239841,-3.82501560378081,-10.3607885114655,0.465297499266258,145.100579131834,5,1,"normal",165
"966",-12.6066,0.0882167589323932,0,200,0.0106761150485537,-10.3607885114655,1.59248788239841,-3.82501560378081,-10.3607885114655,0.465297499266258,145.100579131834,5,1,"normal",166
"967",-12.10416,0.144568561164054,0,200,0.0106761150485537,-10.3607885114655,1.59248788239841,-3.82501560378081,-10.3607885114655,0.465297499266258,145.100579131834,5,1,"normal",167
"968",-11.62787,0.219240018116096,0,200,0.0106761150485537,-10.3607885114655,1.59248788239841,-3.82501560378081,-10.3607885114655,0.465297499266258,145.100579131834,5,1,"normal",168
"969",-11.87751,0.177478157162758,0,200,0.0106761150485537,-10.3607885114655,1.59248788239841,-3.82501560378081,-10.3607885114655,0.465297499266258,145.100579131834,5,1,"normal",169
"970",-8.89299,0.814789745237098,1,200,0.0106761150485537,-10.3607885114655,1.59248788239841,-3.82501560378081,-10.3607885114655,0.465297499266258,145.100579131834,5,1,"normal",170
"971",-12.06417,0.15002745090038,0,200,0.0106761150485537,-10.3607885114655,1.59248788239841,-3.82501560378081,-10.3607885114655,0.465297499266258,145.100579131834,5,1,"normal",171
"972",-12.33594,0.115815699707644,0,200,0.0106761150485537,-10.3607885114655,1.59248788239841,-3.82501560378081,-10.3607885114655,0.465297499266258,145.100579131834,5,1,"normal",172
"973",-11.99413,0.159946679327886,0,200,0.0106761150485537,-10.3607885114655,1.59248788239841,-3.82501560378081,-10.3607885114655,0.465297499266258,145.100579131834,5,1,"normal",173
"974",-9.3265,0.736818873321817,0,200,0.0106761150485537,-10.3607885114655,1.59248788239841,-3.82501560378081,-10.3607885114655,0.465297499266258,145.100579131834,5,1,"normal",174
"975",-11.93773,0.168266769505718,0,200,0.0106761150485537,-10.3607885114655,1.59248788239841,-3.82501560378081,-10.3607885114655,0.465297499266258,145.100579131834,5,1,"normal",175
"976",-8.85769,0.82039114783987,1,200,0.0106761150485537,-10.3607885114655,1.59248788239841,-3.82501560378081,-10.3607885114655,0.465297499266258,145.100579131834,5,1,"normal",176
"977",-12.29183,0.120913459681172,0,200,0.0106761150485537,-10.3607885114655,1.59248788239841,-3.82501560378081,-10.3607885114655,0.465297499266258,145.100579131834,5,1,"normal",177
"978",-11.94593,0.167038659348212,1,200,0.0106761150485537,-10.3607885114655,1.59248788239841,-3.82501560378081,-10.3607885114655,0.465297499266258,145.100579131834,5,1,"normal",178
"979",-11.29112,0.284250117923788,0,200,0.0106761150485537,-10.3607885114655,1.59248788239841,-3.82501560378081,-10.3607885114655,0.465297499266258,145.100579131834,5,1,"normal",179
"980",-12.05813,0.150864854810548,0,200,0.0106761150485537,-10.3607885114655,1.59248788239841,-3.82501560378081,-10.3607885114655,0.465297499266258,145.100579131834,5,1,"normal",180
"981",-12.2352,0.127713658745201,0,200,0.0106761150485537,-10.3607885114655,1.59248788239841,-3.82501560378081,-10.3607885114655,0.465297499266258,145.100579131834,5,1,"normal",181
"982",-12.66744,0.08284603535015,0,200,0.0106761150485537,-10.3607885114655,1.59248788239841,-3.82501560378081,-10.3607885114655,0.465297499266258,145.100579131834,5,1,"normal",182
"983",-8.54325,0.865164447762671,1,200,0.0106761150485537,-10.3607885114655,1.59248788239841,-3.82501560378081,-10.3607885114655,0.465297499266258,145.100579131834,5,1,"normal",183
"984",-8.73391,0.839114971582892,1,200,0.0106761150485537,-10.3607885114655,1.59248788239841,-3.82501560378081,-10.3607885114655,0.465297499266258,145.100579131834,5,1,"normal",184
"985",-8.7868,0.831289426970292,1,200,0.0106761150485537,-10.3607885114655,1.59248788239841,-3.82501560378081,-10.3607885114655,0.465297499266258,145.100579131834,5,1,"normal",185
"986",-9.18134,0.764765222620834,1,200,0.0106761150485537,-10.3607885114655,1.59248788239841,-3.82501560378081,-10.3607885114655,0.465297499266258,145.100579131834,5,1,"normal",186
"987",-11.55652,0.23221183426768,1,200,0.0106761150485537,-10.3607885114655,1.59248788239841,-3.82501560378081,-10.3607885114655,0.465297499266258,145.100579131834,5,1,"normal",187
"988",-12.06947,0.149295435664284,0,200,0.0106761150485537,-10.3607885114655,1.59248788239841,-3.82501560378081,-10.3607885114655,0.465297499266258,145.100579131834,5,1,"normal",188
"989",-8.95637,0.804442780409615,1,200,0.0106761150485537,-10.3607885114655,1.59248788239841,-3.82501560378081,-10.3607885114655,0.465297499266258,145.100579131834,5,1,"normal",189
"990",-9.10995,0.777846509719902,1,200,0.0106761150485537,-10.3607885114655,1.59248788239841,-3.82501560378081,-10.3607885114655,0.465297499266258,145.100579131834,5,1,"normal",190
"991",-9.07458,0.784160560108758,1,200,0.0106761150485537,-10.3607885114655,1.59248788239841,-3.82501560378081,-10.3607885114655,0.465297499266258,145.100579131834,5,1,"normal",191
"992",-13.03651,0.0561419167193615,0,200,0.0106761150485537,-10.3607885114655,1.59248788239841,-3.82501560378081,-10.3607885114655,0.465297499266258,145.100579131834,5,1,"normal",192
"993",-8.83701,0.823618796019733,1,200,0.0106761150485537,-10.3607885114655,1.59248788239841,-3.82501560378081,-10.3607885114655,0.465297499266258,145.100579131834,5,1,"normal",193
"994",-9.46333,0.708914235237336,1,200,0.0106761150485537,-10.3607885114655,1.59248788239841,-3.82501560378081,-10.3607885114655,0.465297499266258,145.100579131834,5,1,"normal",194
"995",-9.43518,0.714772776004391,1,200,0.0106761150485537,-10.3607885114655,1.59248788239841,-3.82501560378081,-10.3607885114655,0.465297499266258,145.100579131834,5,1,"normal",195
"996",-11.8866,0.176066056352687,0,200,0.0106761150485537,-10.3607885114655,1.59248788239841,-3.82501560378081,-10.3607885114655,0.465297499266258,145.100579131834,5,1,"normal",196
"997",-12.21033,0.130791729532308,0,200,0.0106761150485537,-10.3607885114655,1.59248788239841,-3.82501560378081,-10.3607885114655,0.465297499266258,145.100579131834,5,1,"normal",197
"998",-11.96689,0.163928024955873,0,200,0.0106761150485537,-10.3607885114655,1.59248788239841,-3.82501560378081,-10.3607885114655,0.465297499266258,145.100579131834,5,1,"normal",198
"999",-11.76016,0.196397095991186,0,200,0.0106761150485537,-10.3607885114655,1.59248788239841,-3.82501560378081,-10.3607885114655,0.465297499266258,145.100579131834,5,1,"normal",199
"1000",-9.29202,0.743616321212953,1,200,0.0106761150485537,-10.3607885114655,1.59248788239841,-3.82501560378081,-10.3607885114655,0.465297499266258,145.100579131834,5,1,"normal",200
"1001",7.42064811076,0.000416209727598957,0,200,0.00039747836594608,15.2470297856511,1.89849559063038,-7.13642759720638,15.2470297856511,0.641061778132574,464.761033405871,6,1,"normal",1
"1002",10.9684997718,0.0124971912150473,0,200,0.00039747836594608,15.2470297856511,1.89849559063038,-7.13642759720638,15.2470297856511,0.641061778132574,464.761033405871,6,1,"normal",2
"1003",18.360790798,0.949152572924663,1,200,0.00039747836594608,15.2470297856511,1.89849559063038,-7.13642759720638,15.2470297856511,0.641061778132574,464.761033405871,6,1,"normal",3
"1004",13.56990775,0.188758991196769,1,200,0.00039747836594608,15.2470297856511,1.89849559063038,-7.13642759720638,15.2470297856511,0.641061778132574,464.761033405871,6,1,"normal",4
"1005",11.531920638,0.0255588349895893,0,200,0.00039747836594608,15.2470297856511,1.89849559063038,-7.13642759720638,15.2470297856511,0.641061778132574,464.761033405871,6,1,"normal",5
"1006",13.97717015,0.251984357210487,0,200,0.00039747836594608,15.2470297856511,1.89849559063038,-7.13642759720638,15.2470297856511,0.641061778132574,464.761033405871,6,1,"normal",6
"1007",13.0568,0.124617217703264,0,200,0.00039747836594608,15.2470297856511,1.89849559063038,-7.13642759720638,15.2470297856511,0.641061778132574,464.761033405871,6,1,"normal",7
"1008",13.22197,0.143345201976023,0,200,0.00039747836594608,15.2470297856511,1.89849559063038,-7.13642759720638,15.2470297856511,0.641061778132574,464.761033405871,6,1,"normal",8
"1009",20.59846,0.997194066232804,1,200,0.00039747836594608,15.2470297856511,1.89849559063038,-7.13642759720638,15.2470297856511,0.641061778132574,464.761033405871,6,1,"normal",9
"1010",15.79362,0.613200983227074,0,200,0.00039747836594608,15.2470297856511,1.89849559063038,-7.13642759720638,15.2470297856511,0.641061778132574,464.761033405871,6,1,"normal",10
"1011",17.55219,0.88735683339858,1,200,0.00039747836594608,15.2470297856511,1.89849559063038,-7.13642759720638,15.2470297856511,0.641061778132574,464.761033405871,6,1,"normal",11
"1012",23.784,0.999599073607816,1,200,0.00039747836594608,15.2470297856511,1.89849559063038,-7.13642759720638,15.2470297856511,0.641061778132574,464.761033405871,6,1,"normal",12
"1013",12.78352,0.0975306277379435,0,200,0.00039747836594608,15.2470297856511,1.89849559063038,-7.13642759720638,15.2470297856511,0.641061778132574,464.761033405871,6,1,"normal",13
"1014",13.19966,0.140709715067178,0,200,0.00039747836594608,15.2470297856511,1.89849559063038,-7.13642759720638,15.2470297856511,0.641061778132574,464.761033405871,6,1,"normal",14
"1015",14.35001,0.318433066032377,0,200,0.00039747836594608,15.2470297856511,1.89849559063038,-7.13642759720638,15.2470297856511,0.641061778132574,464.761033405871,6,1,"normal",15
"1016",11.47237,0.0237716068027748,0,200,0.00039747836594608,15.2470297856511,1.89849559063038,-7.13642759720638,15.2470297856511,0.641061778132574,464.761033405871,6,1,"normal",16
"1017",23.93171,0.999600136811215,1,200,0.00039747836594608,15.2470297856511,1.89849559063038,-7.13642759720638,15.2470297856511,0.641061778132574,464.761033405871,6,1,"normal",17
"1018",17.86369,0.91561105562652,1,200,0.00039747836594608,15.2470297856511,1.89849559063038,-7.13642759720638,15.2470297856511,0.641061778132574,464.761033405871,6,1,"normal",18
"1019",19.02122,0.976214729716488,1,200,0.00039747836594608,15.2470297856511,1.89849559063038,-7.13642759720638,15.2470297856511,0.641061778132574,464.761033405871,6,1,"normal",19
"1020",18.36028,0.949124623347047,1,200,0.00039747836594608,15.2470297856511,1.89849559063038,-7.13642759720638,15.2470297856511,0.641061778132574,464.761033405871,6,1,"normal",20
"1021",20.68762,0.997523980676043,1,200,0.00039747836594608,15.2470297856511,1.89849559063038,-7.13642759720638,15.2470297856511,0.641061778132574,464.761033405871,6,1,"normal",21
"1022",14.44022,0.335558925800913,1,200,0.00039747836594608,15.2470297856511,1.89849559063038,-7.13642759720638,15.2470297856511,0.641061778132574,464.761033405871,6,1,"normal",22
"1023",18.71282,0.965670147333262,1,200,0.00039747836594608,15.2470297856511,1.89849559063038,-7.13642759720638,15.2470297856511,0.641061778132574,464.761033405871,6,1,"normal",23
"1024",15.12167,0.473697451637179,1,200,0.00039747836594608,15.2470297856511,1.89849559063038,-7.13642759720638,15.2470297856511,0.641061778132574,464.761033405871,6,1,"normal",24
"1025",13.13921,0.133735344152541,0,200,0.00039747836594608,15.2470297856511,1.89849559063038,-7.13642759720638,15.2470297856511,0.641061778132574,464.761033405871,6,1,"normal",25
"1026",12.25544,0.0578913047174375,1,200,0.00039747836594608,15.2470297856511,1.89849559063038,-7.13642759720638,15.2470297856511,0.641061778132574,464.761033405871,6,1,"normal",26
"1027",11.75178,0.0331775701653977,0,200,0.00039747836594608,15.2470297856511,1.89849559063038,-7.13642759720638,15.2470297856511,0.641061778132574,464.761033405871,6,1,"normal",27
"1028",16.29092,0.70862332711908,0,200,0.00039747836594608,15.2470297856511,1.89849559063038,-7.13642759720638,15.2470297856511,0.641061778132574,464.761033405871,6,1,"normal",28
"1029",18.10099,0.933271171524704,1,200,0.00039747836594608,15.2470297856511,1.89849559063038,-7.13642759720638,15.2470297856511,0.641061778132574,464.761033405871,6,1,"normal",29
"1030",10.40681,0.00578702305641042,0,200,0.00039747836594608,15.2470297856511,1.89849559063038,-7.13642759720638,15.2470297856511,0.641061778132574,464.761033405871,6,1,"normal",30
"1031",16.87422,0.80406177388406,1,200,0.00039747836594608,15.2470297856511,1.89849559063038,-7.13642759720638,15.2470297856511,0.641061778132574,464.761033405871,6,1,"normal",31
"1032",12.52473,0.0761340943953444,0,200,0.00039747836594608,15.2470297856511,1.89849559063038,-7.13642759720638,15.2470297856511,0.641061778132574,464.761033405871,6,1,"normal",32
"1033",16.95026,0.814929287674577,1,200,0.00039747836594608,15.2470297856511,1.89849559063038,-7.13642759720638,15.2470297856511,0.641061778132574,464.761033405871,6,1,"normal",33
"1034",15.82022,0.618548441994545,0,200,0.00039747836594608,15.2470297856511,1.89849559063038,-7.13642759720638,15.2470297856511,0.641061778132574,464.761033405871,6,1,"normal",34
"1035",20.93652,0.998239643019973,1,200,0.00039747836594608,15.2470297856511,1.89849559063038,-7.13642759720638,15.2470297856511,0.641061778132574,464.761033405871,6,1,"normal",35
"1036",12.47778,0.0726700446028339,0,200,0.00039747836594608,15.2470297856511,1.89849559063038,-7.13642759720638,15.2470297856511,0.641061778132574,464.761033405871,6,1,"normal",36
"1037",16.96929,0.817589150973559,1,200,0.00039747836594608,15.2470297856511,1.89849559063038,-7.13642759720638,15.2470297856511,0.641061778132574,464.761033405871,6,1,"normal",37
"1038",17.58752,0.89086627768656,1,200,0.00039747836594608,15.2470297856511,1.89849559063038,-7.13642759720638,15.2470297856511,0.641061778132574,464.761033405871,6,1,"normal",38
"1039",17.86352,0.915597247801816,1,200,0.00039747836594608,15.2470297856511,1.89849559063038,-7.13642759720638,15.2470297856511,0.641061778132574,464.761033405871,6,1,"normal",39
"1040",13.4871,0.177216737222886,0,200,0.00039747836594608,15.2470297856511,1.89849559063038,-7.13642759720638,15.2470297856511,0.641061778132574,464.761033405871,6,1,"normal",40
"1041",17.36194,0.867066804772014,1,200,0.00039747836594608,15.2470297856511,1.89849559063038,-7.13642759720638,15.2470297856511,0.641061778132574,464.761033405871,6,1,"normal",41
"1042",16.76459,0.787726999091613,1,200,0.00039747836594608,15.2470297856511,1.89849559063038,-7.13642759720638,15.2470297856511,0.641061778132574,464.761033405871,6,1,"normal",42
"1043",14.66821,0.380322694513425,1,200,0.00039747836594608,15.2470297856511,1.89849559063038,-7.13642759720638,15.2470297856511,0.641061778132574,464.761033405871,6,1,"normal",43
"1044",12.30623,0.0610381866847244,0,200,0.00039747836594608,15.2470297856511,1.89849559063038,-7.13642759720638,15.2470297856511,0.641061778132574,464.761033405871,6,1,"normal",44
"1045",16.10122,0.673481540099242,1,200,0.00039747836594608,15.2470297856511,1.89849559063038,-7.13642759720638,15.2470297856511,0.641061778132574,464.761033405871,6,1,"normal",45
"1046",13.38451,0.163551628234789,0,200,0.00039747836594608,15.2470297856511,1.89849559063038,-7.13642759720638,15.2470297856511,0.641061778132574,464.761033405871,6,1,"normal",46
"1047",16.74896,0.785334835480383,1,200,0.00039747836594608,15.2470297856511,1.89849559063038,-7.13642759720638,15.2470297856511,0.641061778132574,464.761033405871,6,1,"normal",47
"1048",17.6381,0.895752169498085,1,200,0.00039747836594608,15.2470297856511,1.89849559063038,-7.13642759720638,15.2470297856511,0.641061778132574,464.761033405871,6,1,"normal",48
"1049",16.98543,0.819826204804224,0,200,0.00039747836594608,15.2470297856511,1.89849559063038,-7.13642759720638,15.2470297856511,0.641061778132574,464.761033405871,6,1,"normal",49
"1050",12.26179,0.0582775705036684,0,200,0.00039747836594608,15.2470297856511,1.89849559063038,-7.13642759720638,15.2470297856511,0.641061778132574,464.761033405871,6,1,"normal",50
"1051",17.28573,0.858270091678611,1,200,0.00039747836594608,15.2470297856511,1.89849559063038,-7.13642759720638,15.2470297856511,0.641061778132574,464.761033405871,6,1,"normal",51
"1052",18.77676,0.968129925244098,0,200,0.00039747836594608,15.2470297856511,1.89849559063038,-7.13642759720638,15.2470297856511,0.641061778132574,464.761033405871,6,1,"normal",52
"1053",14.39316,0.326579265606955,0,200,0.00039747836594608,15.2470297856511,1.89849559063038,-7.13642759720638,15.2470297856511,0.641061778132574,464.761033405871,6,1,"normal",53
"1054",12.99132,0.117690050092971,0,200,0.00039747836594608,15.2470297856511,1.89849559063038,-7.13642759720638,15.2470297856511,0.641061778132574,464.761033405871,6,1,"normal",54
"1055",16.51942,0.748440292057743,1,200,0.00039747836594608,15.2470297856511,1.89849559063038,-7.13642759720638,15.2470297856511,0.641061778132574,464.761033405871,6,1,"normal",55
"1056",13.62727,0.197020601034364,0,200,0.00039747836594608,15.2470297856511,1.89849559063038,-7.13642759720638,15.2470297856511,0.641061778132574,464.761033405871,6,1,"normal",56
"1057",16.49607,0.744507656001305,0,200,0.00039747836594608,15.2470297856511,1.89849559063038,-7.13642759720638,15.2470297856511,0.641061778132574,464.761033405871,6,1,"normal",57
"1058",16.81833,0.795831810335693,1,200,0.00039747836594608,15.2470297856511,1.89849559063038,-7.13642759720638,15.2470297856511,0.641061778132574,464.761033405871,6,1,"normal",58
"1059",17.12365,0.838271455701267,1,200,0.00039747836594608,15.2470297856511,1.89849559063038,-7.13642759720638,15.2470297856511,0.641061778132574,464.761033405871,6,1,"normal",59
"1060",13.95891,0.248928692792274,0,200,0.00039747836594608,15.2470297856511,1.89849559063038,-7.13642759720638,15.2470297856511,0.641061778132574,464.761033405871,6,1,"normal",60
"1061",13.59153,0.191847680389725,0,200,0.00039747836594608,15.2470297856511,1.89849559063038,-7.13642759720638,15.2470297856511,0.641061778132574,464.761033405871,6,1,"normal",61
"1062",13.12532,0.132167079671888,0,200,0.00039747836594608,15.2470297856511,1.89849559063038,-7.13642759720638,15.2470297856511,0.641061778132574,464.761033405871,6,1,"normal",62
"1063",18.00622,0.926598153706247,1,200,0.00039747836594608,15.2470297856511,1.89849559063038,-7.13642759720638,15.2470297856511,0.641061778132574,464.761033405871,6,1,"normal",63
"1064",14.08895,0.271113443904881,0,200,0.00039747836594608,15.2470297856511,1.89849559063038,-7.13642759720638,15.2470297856511,0.641061778132574,464.761033405871,6,1,"normal",64
"1065",15.85491,0.625488193188567,1,200,0.00039747836594608,15.2470297856511,1.89849559063038,-7.13642759720638,15.2470297856511,0.641061778132574,464.761033405871,6,1,"normal",65
"1066",13.16148,0.136276462992228,0,200,0.00039747836594608,15.2470297856511,1.89849559063038,-7.13642759720638,15.2470297856511,0.641061778132574,464.761033405871,6,1,"normal",66
"1067",13.17576,0.137923219759426,1,200,0.00039747836594608,15.2470297856511,1.89849559063038,-7.13642759720638,15.2470297856511,0.641061778132574,464.761033405871,6,1,"normal",67
"1068",16.90929,0.809121348443282,1,200,0.00039747836594608,15.2470297856511,1.89849559063038,-7.13642759720638,15.2470297856511,0.641061778132574,464.761033405871,6,1,"normal",68
"1069",17.64781,0.896671622395307,1,200,0.00039747836594608,15.2470297856511,1.89849559063038,-7.13642759720638,15.2470297856511,0.641061778132574,464.761033405871,6,1,"normal",69
"1070",15.9975,0.653566085061165,1,200,0.00039747836594608,15.2470297856511,1.89849559063038,-7.13642759720638,15.2470297856511,0.641061778132574,464.761033405871,6,1,"normal",70
"1071",16.88595,0.805763078795128,1,200,0.00039747836594608,15.2470297856511,1.89849559063038,-7.13642759720638,15.2470297856511,0.641061778132574,464.761033405871,6,1,"normal",71
"1072",12.42009,0.0685813786948446,0,200,0.00039747836594608,15.2470297856511,1.89849559063038,-7.13642759720638,15.2470297856511,0.641061778132574,464.761033405871,6,1,"normal",72
"1073",15.66189,0.586419453614828,1,200,0.00039747836594608,15.2470297856511,1.89849559063038,-7.13642759720638,15.2470297856511,0.641061778132574,464.761033405871,6,1,"normal",73
"1074",12.85362,0.104025750547593,1,200,0.00039747836594608,15.2470297856511,1.89849559063038,-7.13642759720638,15.2470297856511,0.641061778132574,464.761033405871,6,1,"normal",74
"1075",13.30906,0.153951725786557,0,200,0.00039747836594608,15.2470297856511,1.89849559063038,-7.13642759720638,15.2470297856511,0.641061778132574,464.761033405871,6,1,"normal",75
"1076",16.05001,0.663706097047099,1,200,0.00039747836594608,15.2470297856511,1.89849559063038,-7.13642759720638,15.2470297856511,0.641061778132574,464.761033405871,6,1,"normal",76
"1077",12.8673,0.10532919402966,0,200,0.00039747836594608,15.2470297856511,1.89849559063038,-7.13642759720638,15.2470297856511,0.641061778132574,464.761033405871,6,1,"normal",77
"1078",17.2518,0.85422912280781,1,200,0.00039747836594608,15.2470297856511,1.89849559063038,-7.13642759720638,15.2470297856511,0.641061778132574,464.761033405871,6,1,"normal",78
"1079",12.65437,0.0863552271998301,0,200,0.00039747836594608,15.2470297856511,1.89849559063038,-7.13642759720638,15.2470297856511,0.641061778132574,464.761033405871,6,1,"normal",79
"1080",13.12332,0.131942319937818,0,200,0.00039747836594608,15.2470297856511,1.89849559063038,-7.13642759720638,15.2470297856511,0.641061778132574,464.761033405871,6,1,"normal",80
"1081",16.88454,0.805559052342144,1,200,0.00039747836594608,15.2470297856511,1.89849559063038,-7.13642759720638,15.2470297856511,0.641061778132574,464.761033405871,6,1,"normal",81
"1082",12.55646,0.0785458544789409,0,200,0.00039747836594608,15.2470297856511,1.89849559063038,-7.13642759720638,15.2470297856511,0.641061778132574,464.761033405871,6,1,"normal",82
"1083",13.31603,0.154822548638571,0,200,0.00039747836594608,15.2470297856511,1.89849559063038,-7.13642759720638,15.2470297856511,0.641061778132574,464.761033405871,6,1,"normal",83
"1084",12.87242,0.10582007184552,0,200,0.00039747836594608,15.2470297856511,1.89849559063038,-7.13642759720638,15.2470297856511,0.641061778132574,464.761033405871,6,1,"normal",84
"1085",11.89876,0.0392625505333083,0,200,0.00039747836594608,15.2470297856511,1.89849559063038,-7.13642759720638,15.2470297856511,0.641061778132574,464.761033405871,6,1,"normal",85
"1086",17.0055,0.822583769143133,0,200,0.00039747836594608,15.2470297856511,1.89849559063038,-7.13642759720638,15.2470297856511,0.641061778132574,464.761033405871,6,1,"normal",86
"1087",16.43871,0.734712079380658,1,200,0.00039747836594608,15.2470297856511,1.89849559063038,-7.13642759720638,15.2470297856511,0.641061778132574,464.761033405871,6,1,"normal",87
"1088",13.20914,0.14182553192027,1,200,0.00039747836594608,15.2470297856511,1.89849559063038,-7.13642759720638,15.2470297856511,0.641061778132574,464.761033405871,6,1,"normal",88
"1089",13.54255,0.184895319482369,1,200,0.00039747836594608,15.2470297856511,1.89849559063038,-7.13642759720638,15.2470297856511,0.641061778132574,464.761033405871,6,1,"normal",89
"1090",16.89596,0.807207760693958,1,200,0.00039747836594608,15.2470297856511,1.89849559063038,-7.13642759720638,15.2470297856511,0.641061778132574,464.761033405871,6,1,"normal",90
"1091",13.55182,0.186198944902028,0,200,0.00039747836594608,15.2470297856511,1.89849559063038,-7.13642759720638,15.2470297856511,0.641061778132574,464.761033405871,6,1,"normal",91
"1092",16.39885,0.727794272109703,1,200,0.00039747836594608,15.2470297856511,1.89849559063038,-7.13642759720638,15.2470297856511,0.641061778132574,464.761033405871,6,1,"normal",92
"1093",13.42994,0.169516050333124,1,200,0.00039747836594608,15.2470297856511,1.89849559063038,-7.13642759720638,15.2470297856511,0.641061778132574,464.761033405871,6,1,"normal",93
"1094",16.96868,0.817504263252549,1,200,0.00039747836594608,15.2470297856511,1.89849559063038,-7.13642759720638,15.2470297856511,0.641061778132574,464.761033405871,6,1,"normal",94
"1095",12.85414,0.10407508088731,0,200,0.00039747836594608,15.2470297856511,1.89849559063038,-7.13642759720638,15.2470297856511,0.641061778132574,464.761033405871,6,1,"normal",95
"1096",12.35674,0.0642997553323678,0,200,0.00039747836594608,15.2470297856511,1.89849559063038,-7.13642759720638,15.2470297856511,0.641061778132574,464.761033405871,6,1,"normal",96
"1097",12.55179,0.0781872819372256,0,200,0.00039747836594608,15.2470297856511,1.89849559063038,-7.13642759720638,15.2470297856511,0.641061778132574,464.761033405871,6,1,"normal",97
"1098",14.10842,0.274518093542085,1,200,0.00039747836594608,15.2470297856511,1.89849559063038,-7.13642759720638,15.2470297856511,0.641061778132574,464.761033405871,6,1,"normal",98
"1099",17.00656,0.822728663655794,1,200,0.00039747836594608,15.2470297856511,1.89849559063038,-7.13642759720638,15.2470297856511,0.641061778132574,464.761033405871,6,1,"normal",99
"1100",13.19747,0.140452799488531,1,200,0.00039747836594608,15.2470297856511,1.89849559063038,-7.13642759720638,15.2470297856511,0.641061778132574,464.761033405871,6,1,"normal",100
"1101",16.43721,0.734453378926835,1,200,0.00039747836594608,15.2470297856511,1.89849559063038,-7.13642759720638,15.2470297856511,0.641061778132574,464.761033405871,6,1,"normal",101
"1102",16.3475,0.718751916525679,0,200,0.00039747836594608,15.2470297856511,1.89849559063038,-7.13642759720638,15.2470297856511,0.641061778132574,464.761033405871,6,1,"normal",102
"1103",13.46473,0.174177005743191,0,200,0.00039747836594608,15.2470297856511,1.89849559063038,-7.13642759720638,15.2470297856511,0.641061778132574,464.761033405871,6,1,"normal",103
"1104",18.16349,0.937406773324458,1,200,0.00039747836594608,15.2470297856511,1.89849559063038,-7.13642759720638,15.2470297856511,0.641061778132574,464.761033405871,6,1,"normal",104
"1105",12.77878,0.0971024756431889,0,200,0.00039747836594608,15.2470297856511,1.89849559063038,-7.13642759720638,15.2470297856511,0.641061778132574,464.761033405871,6,1,"normal",105
"1106",13.1494,0.134893989132216,0,200,0.00039747836594608,15.2470297856511,1.89849559063038,-7.13642759720638,15.2470297856511,0.641061778132574,464.761033405871,6,1,"normal",106
"1107",17.02545,0.825298216843613,1,200,0.00039747836594608,15.2470297856511,1.89849559063038,-7.13642759720638,15.2470297856511,0.641061778132574,464.761033405871,6,1,"normal",107
"1108",12.31125,0.0613563968438288,0,200,0.00039747836594608,15.2470297856511,1.89849559063038,-7.13642759720638,15.2470297856511,0.641061778132574,464.761033405871,6,1,"normal",108
"1109",17.71271,0.902665593871665,1,200,0.00039747836594608,15.2470297856511,1.89849559063038,-7.13642759720638,15.2470297856511,0.641061778132574,464.761033405871,6,1,"normal",109
"1110",16.06837,0.66722402739565,1,200,0.00039747836594608,15.2470297856511,1.89849559063038,-7.13642759720638,15.2470297856511,0.641061778132574,464.761033405871,6,1,"normal",110
"1111",12.94719,0.113178595928773,0,200,0.00039747836594608,15.2470297856511,1.89849559063038,-7.13642759720638,15.2470297856511,0.641061778132574,464.761033405871,6,1,"normal",111
"1112",16.61742,0.764589854981569,1,200,0.00039747836594608,15.2470297856511,1.89849559063038,-7.13642759720638,15.2470297856511,0.641061778132574,464.761033405871,6,1,"normal",112
"1113",13.56321,0.187808501052244,0,200,0.00039747836594608,15.2470297856511,1.89849559063038,-7.13642759720638,15.2470297856511,0.641061778132574,464.761033405871,6,1,"normal",113
"1114",13.39207,0.164534572372304,0,200,0.00039747836594608,15.2470297856511,1.89849559063038,-7.13642759720638,15.2470297856511,0.641061778132574,464.761033405871,6,1,"normal",114
"1115",13.23259,0.144611421158062,0,200,0.00039747836594608,15.2470297856511,1.89849559063038,-7.13642759720638,15.2470297856511,0.641061778132574,464.761033405871,6,1,"normal",115
"1116",15.6236,0.578552631816484,0,200,0.00039747836594608,15.2470297856511,1.89849559063038,-7.13642759720638,15.2470297856511,0.641061778132574,464.761033405871,6,1,"normal",116
"1117",16.60378,0.762377012969712,0,200,0.00039747836594608,15.2470297856511,1.89849559063038,-7.13642759720638,15.2470297856511,0.641061778132574,464.761033405871,6,1,"normal",117
"1118",16.35282,0.719695439173022,1,200,0.00039747836594608,15.2470297856511,1.89849559063038,-7.13642759720638,15.2470297856511,0.641061778132574,464.761033405871,6,1,"normal",118
"1119",12.87197,0.10577686183418,0,200,0.00039747836594608,15.2470297856511,1.89849559063038,-7.13642759720638,15.2470297856511,0.641061778132574,464.761033405871,6,1,"normal",119
"1120",15.83184,0.62087740901059,1,200,0.00039747836594608,15.2470297856511,1.89849559063038,-7.13642759720638,15.2470297856511,0.641061778132574,464.761033405871,6,1,"normal",120
"1121",14.00293,0.256328523837449,1,200,0.00039747836594608,15.2470297856511,1.89849559063038,-7.13642759720638,15.2470297856511,0.641061778132574,464.761033405871,6,1,"normal",121
"1122",12.79293,0.0983847277180208,0,200,0.00039747836594608,15.2470297856511,1.89849559063038,-7.13642759720638,15.2470297856511,0.641061778132574,464.761033405871,6,1,"normal",122
"1123",13.24116,0.145638715104128,0,200,0.00039747836594608,15.2470297856511,1.89849559063038,-7.13642759720638,15.2470297856511,0.641061778132574,464.761033405871,6,1,"normal",123
"1124",16.37977,0.724451384185543,1,200,0.00039747836594608,15.2470297856511,1.89849559063038,-7.13642759720638,15.2470297856511,0.641061778132574,464.761033405871,6,1,"normal",124
"1125",13.01799,0.120477731036101,0,200,0.00039747836594608,15.2470297856511,1.89849559063038,-7.13642759720638,15.2470297856511,0.641061778132574,464.761033405871,6,1,"normal",125
"1126",13.16864,0.137100452735564,1,200,0.00039747836594608,15.2470297856511,1.89849559063038,-7.13642759720638,15.2470297856511,0.641061778132574,464.761033405871,6,1,"normal",126
"1127",13.23539,0.14494651976086,0,200,0.00039747836594608,15.2470297856511,1.89849559063038,-7.13642759720638,15.2470297856511,0.641061778132574,464.761033405871,6,1,"normal",127
"1128",11.98733,0.0433537138040201,0,200,0.00039747836594608,15.2470297856511,1.89849559063038,-7.13642759720638,15.2470297856511,0.641061778132574,464.761033405871,6,1,"normal",128
"1129",12.67341,0.0879394601935964,0,200,0.00039747836594608,15.2470297856511,1.89849559063038,-7.13642759720638,15.2470297856511,0.641061778132574,464.761033405871,6,1,"normal",129
"1130",17.29339,0.859171741353735,0,200,0.00039747836594608,15.2470297856511,1.89849559063038,-7.13642759720638,15.2470297856511,0.641061778132574,464.761033405871,6,1,"normal",130
"1131",15.91056,0.636535575551612,1,200,0.00039747836594608,15.2470297856511,1.89849559063038,-7.13642759720638,15.2470297856511,0.641061778132574,464.761033405871,6,1,"normal",131
"1132",12.98703,0.117245951954316,0,200,0.00039747836594608,15.2470297856511,1.89849559063038,-7.13642759720638,15.2470297856511,0.641061778132574,464.761033405871,6,1,"normal",132
"1133",16.55796,0.7548604779942,1,200,0.00039747836594608,15.2470297856511,1.89849559063038,-7.13642759720638,15.2470297856511,0.641061778132574,464.761033405871,6,1,"normal",133
"1134",16.54688,0.753023808214033,0,200,0.00039747836594608,15.2470297856511,1.89849559063038,-7.13642759720638,15.2470297856511,0.641061778132574,464.761033405871,6,1,"normal",134
"1135",16.29134,0.708699137109823,1,200,0.00039747836594608,15.2470297856511,1.89849559063038,-7.13642759720638,15.2470297856511,0.641061778132574,464.761033405871,6,1,"normal",135
"1136",17.35624,0.866422219393566,1,200,0.00039747836594608,15.2470297856511,1.89849559063038,-7.13642759720638,15.2470297856511,0.641061778132574,464.761033405871,6,1,"normal",136
"1137",13.66133,0.202028310458813,0,200,0.00039747836594608,15.2470297856511,1.89849559063038,-7.13642759720638,15.2470297856511,0.641061778132574,464.761033405871,6,1,"normal",137
"1138",17.0295,0.825846024550488,1,200,0.00039747836594608,15.2470297856511,1.89849559063038,-7.13642759720638,15.2470297856511,0.641061778132574,464.761033405871,6,1,"normal",138
"1139",12.95046,0.113508580610341,0,200,0.00039747836594608,15.2470297856511,1.89849559063038,-7.13642759720638,15.2470297856511,0.641061778132574,464.761033405871,6,1,"normal",139
"1140",13.34203,0.158099700933286,0,200,0.00039747836594608,15.2470297856511,1.89849559063038,-7.13642759720638,15.2470297856511,0.641061778132574,464.761033405871,6,1,"normal",140
"1141",16.74294,0.784409304529447,1,200,0.00039747836594608,15.2470297856511,1.89849559063038,-7.13642759720638,15.2470297856511,0.641061778132574,464.761033405871,6,1,"normal",141
"1142",13.57133,0.188961207318193,0,200,0.00039747836594608,15.2470297856511,1.89849559063038,-7.13642759720638,15.2470297856511,0.641061778132574,464.761033405871,6,1,"normal",142
"1143",13.53658,0.184058786180338,0,200,0.00039747836594608,15.2470297856511,1.89849559063038,-7.13642759720638,15.2470297856511,0.641061778132574,464.761033405871,6,1,"normal",143
"1144",17.41484,0.872946526346121,1,200,0.00039747836594608,15.2470297856511,1.89849559063038,-7.13642759720638,15.2470297856511,0.641061778132574,464.761033405871,6,1,"normal",144
"1145",12.90352,0.108837479377863,0,200,0.00039747836594608,15.2470297856511,1.89849559063038,-7.13642759720638,15.2470297856511,0.641061778132574,464.761033405871,6,1,"normal",145
"1146",16.37594,0.723777923769463,0,200,0.00039747836594608,15.2470297856511,1.89849559063038,-7.13642759720638,15.2470297856511,0.641061778132574,464.761033405871,6,1,"normal",146
"1147",13.58802,0.191344186371132,0,200,0.00039747836594608,15.2470297856511,1.89849559063038,-7.13642759720638,15.2470297856511,0.641061778132574,464.761033405871,6,1,"normal",147
"1148",14.22085,0.294581765942378,1,200,0.00039747836594608,15.2470297856511,1.89849559063038,-7.13642759720638,15.2470297856511,0.641061778132574,464.761033405871,6,1,"normal",148
"1149",12.89755,0.108253486589653,0,200,0.00039747836594608,15.2470297856511,1.89849559063038,-7.13642759720638,15.2470297856511,0.641061778132574,464.761033405871,6,1,"normal",149
"1150",17.51955,0.884043336804309,1,200,0.00039747836594608,15.2470297856511,1.89849559063038,-7.13642759720638,15.2470297856511,0.641061778132574,464.761033405871,6,1,"normal",150
"1151",18.20743,0.940191829808169,1,200,0.00039747836594608,15.2470297856511,1.89849559063038,-7.13642759720638,15.2470297856511,0.641061778132574,464.761033405871,6,1,"normal",151
"1152",16.95092,0.81502193977676,1,200,0.00039747836594608,15.2470297856511,1.89849559063038,-7.13642759720638,15.2470297856511,0.641061778132574,464.761033405871,6,1,"normal",152
"1153",16.23523,0.698490622624402,0,200,0.00039747836594608,15.2470297856511,1.89849559063038,-7.13642759720638,15.2470297856511,0.641061778132574,464.761033405871,6,1,"normal",153
"1154",13.62908,0.197284808453501,0,200,0.00039747836594608,15.2470297856511,1.89849559063038,-7.13642759720638,15.2470297856511,0.641061778132574,464.761033405871,6,1,"normal",154
"1155",13.34352,0.158288880689931,0,200,0.00039747836594608,15.2470297856511,1.89849559063038,-7.13642759720638,15.2470297856511,0.641061778132574,464.761033405871,6,1,"normal",155
"1156",16.77527,0.789352547404955,1,200,0.00039747836594608,15.2470297856511,1.89849559063038,-7.13642759720638,15.2470297856511,0.641061778132574,464.761033405871,6,1,"normal",156
"1157",13.80433,0.223871672262997,1,200,0.00039747836594608,15.2470297856511,1.89849559063038,-7.13642759720638,15.2470297856511,0.641061778132574,464.761033405871,6,1,"normal",157
"1158",16.52862,0.749980919848613,1,200,0.00039747836594608,15.2470297856511,1.89849559063038,-7.13642759720638,15.2470297856511,0.641061778132574,464.761033405871,6,1,"normal",158
"1159",13.4924,0.177941817994017,0,200,0.00039747836594608,15.2470297856511,1.89849559063038,-7.13642759720638,15.2470297856511,0.641061778132574,464.761033405871,6,1,"normal",159
"1160",16.94001,0.813486664016838,1,200,0.00039747836594608,15.2470297856511,1.89849559063038,-7.13642759720638,15.2470297856511,0.641061778132574,464.761033405871,6,1,"normal",160
"1161",13.21786,0.142857190021628,0,200,0.00039747836594608,15.2470297856511,1.89849559063038,-7.13642759720638,15.2470297856511,0.641061778132574,464.761033405871,6,1,"normal",161
"1162",12.97049,0.115544899530866,0,200,0.00039747836594608,15.2470297856511,1.89849559063038,-7.13642759720638,15.2470297856511,0.641061778132574,464.761033405871,6,1,"normal",162
"1163",16.54748,0.753123455493896,1,200,0.00039747836594608,15.2470297856511,1.89849559063038,-7.13642759720638,15.2470297856511,0.641061778132574,464.761033405871,6,1,"normal",163
"1164",14.16459,0.284457229015677,0,200,0.00039747836594608,15.2470297856511,1.89849559063038,-7.13642759720638,15.2470297856511,0.641061778132574,464.761033405871,6,1,"normal",164
"1165",13.67147,0.203533781673441,1,200,0.00039747836594608,15.2470297856511,1.89849559063038,-7.13642759720638,15.2470297856511,0.641061778132574,464.761033405871,6,1,"normal",165
"1166",16.94813,0.814630076937599,1,200,0.00039747836594608,15.2470297856511,1.89849559063038,-7.13642759720638,15.2470297856511,0.641061778132574,464.761033405871,6,1,"normal",166
"1167",17.05357,0.829079135911242,1,200,0.00039747836594608,15.2470297856511,1.89849559063038,-7.13642759720638,15.2470297856511,0.641061778132574,464.761033405871,6,1,"normal",167
"1168",17.12035,0.837845984623657,1,200,0.00039747836594608,15.2470297856511,1.89849559063038,-7.13642759720638,15.2470297856511,0.641061778132574,464.761033405871,6,1,"normal",168
"1169",16.80776,0.794252454329415,1,200,0.00039747836594608,15.2470297856511,1.89849559063038,-7.13642759720638,15.2470297856511,0.641061778132574,464.761033405871,6,1,"normal",169
"1170",13.69689,0.207337220422214,0,200,0.00039747836594608,15.2470297856511,1.89849559063038,-7.13642759720638,15.2470297856511,0.641061778132574,464.761033405871,6,1,"normal",170
"1171",17.21331,0.849551863072646,1,200,0.00039747836594608,15.2470297856511,1.89849559063038,-7.13642759720638,15.2470297856511,0.641061778132574,464.761033405871,6,1,"normal",171
"1172",16.5212,0.748738761691986,0,200,0.00039747836594608,15.2470297856511,1.89849559063038,-7.13642759720638,15.2470297856511,0.641061778132574,464.761033405871,6,1,"normal",172
"1173",12.95849,0.11432183116605,0,200,0.00039747836594608,15.2470297856511,1.89849559063038,-7.13642759720638,15.2470297856511,0.641061778132574,464.761033405871,6,1,"normal",173
"1174",12.84332,0.103052137213321,1,200,0.00039747836594608,15.2470297856511,1.89849559063038,-7.13642759720638,15.2470297856511,0.641061778132574,464.761033405871,6,1,"normal",174
"1175",12.11171,0.0496789856065985,0,200,0.00039747836594608,15.2470297856511,1.89849559063038,-7.13642759720638,15.2470297856511,0.641061778132574,464.761033405871,6,1,"normal",175
"1176",17.12018,0.83782404663436,1,200,0.00039747836594608,15.2470297856511,1.89849559063038,-7.13642759720638,15.2470297856511,0.641061778132574,464.761033405871,6,1,"normal",176
"1177",16.43003,0.733213292712948,1,200,0.00039747836594608,15.2470297856511,1.89849559063038,-7.13642759720638,15.2470297856511,0.641061778132574,464.761033405871,6,1,"normal",177
"1178",47.893395,0.999602521634054,1,200,0.00039747836594608,15.2470297856511,1.89849559063038,-7.13642759720638,15.2470297856511,0.641061778132574,464.761033405871,6,1,"normal",178
"1179",13.40996,0.166875874871136,0,200,0.00039747836594608,15.2470297856511,1.89849559063038,-7.13642759720638,15.2470297856511,0.641061778132574,464.761033405871,6,1,"normal",179
"1180",17.04179,0.827501673156006,1,200,0.00039747836594608,15.2470297856511,1.89849559063038,-7.13642759720638,15.2470297856511,0.641061778132574,464.761033405871,6,1,"normal",180
"1181",13.22282,0.14344626980458,0,200,0.00039747836594608,15.2470297856511,1.89849559063038,-7.13642759720638,15.2470297856511,0.641061778132574,464.761033405871,6,1,"normal",181
"1182",16.63057,0.766712367191942,0,200,0.00039747836594608,15.2470297856511,1.89849559063038,-7.13642759720638,15.2470297856511,0.641061778132574,464.761033405871,6,1,"normal",182
"1183",13.07345,0.126423358346994,0,200,0.00039747836594608,15.2470297856511,1.89849559063038,-7.13642759720638,15.2470297856511,0.641061778132574,464.761033405871,6,1,"normal",183
"1184",16.93446,0.81270262999108,1,200,0.00039747836594608,15.2470297856511,1.89849559063038,-7.13642759720638,15.2470297856511,0.641061778132574,464.761033405871,6,1,"normal",184
"1185",13.7042,0.208438721267663,0,200,0.00039747836594608,15.2470297856511,1.89849559063038,-7.13642759720638,15.2470297856511,0.641061778132574,464.761033405871,6,1,"normal",185
"1186",13.40287,0.165945425214172,0,200,0.00039747836594608,15.2470297856511,1.89849559063038,-7.13642759720638,15.2470297856511,0.641061778132574,464.761033405871,6,1,"normal",186
"1187",13.44151,0.171057142661111,0,200,0.00039747836594608,15.2470297856511,1.89849559063038,-7.13642759720638,15.2470297856511,0.641061778132574,464.761033405871,6,1,"normal",187
"1188",17.34112,0.864701934713613,1,200,0.00039747836594608,15.2470297856511,1.89849559063038,-7.13642759720638,15.2470297856511,0.641061778132574,464.761033405871,6,1,"normal",188
"1189",13.17146,0.137425920635917,0,200,0.00039747836594608,15.2470297856511,1.89849559063038,-7.13642759720638,15.2470297856511,0.641061778132574,464.761033405871,6,1,"normal",189
"1190",13.38533,0.163658058575631,0,200,0.00039747836594608,15.2470297856511,1.89849559063038,-7.13642759720638,15.2470297856511,0.641061778132574,464.761033405871,6,1,"normal",190
"1191",16.70827,0.779034092748069,0,200,0.00039747836594608,15.2470297856511,1.89849559063038,-7.13642759720638,15.2470297856511,0.641061778132574,464.761033405871,6,1,"normal",191
"1192",16.70589,0.77866230011147,0,200,0.00039747836594608,15.2470297856511,1.89849559063038,-7.13642759720638,15.2470297856511,0.641061778132574,464.761033405871,6,1,"normal",192
"1193",13.09595,0.128893054125607,0,200,0.00039747836594608,15.2470297856511,1.89849559063038,-7.13642759720638,15.2470297856511,0.641061778132574,464.761033405871,6,1,"normal",193
"1194",13.23743,0.145190993036087,0,200,0.00039747836594608,15.2470297856511,1.89849559063038,-7.13642759720638,15.2470297856511,0.641061778132574,464.761033405871,6,1,"normal",194
"1195",13.70848,0.209085251912055,0,200,0.00039747836594608,15.2470297856511,1.89849559063038,-7.13642759720638,15.2470297856511,0.641061778132574,464.761033405871,6,1,"normal",195
"1196",13.34704,0.158736393482648,0,200,0.00039747836594608,15.2470297856511,1.89849559063038,-7.13642759720638,15.2470297856511,0.641061778132574,464.761033405871,6,1,"normal",196
"1197",12.98954,0.117505640729436,0,200,0.00039747836594608,15.2470297856511,1.89849559063038,-7.13642759720638,15.2470297856511,0.641061778132574,464.761033405871,6,1,"normal",197
"1198",17.31458,0.861645615800378,1,200,0.00039747836594608,15.2470297856511,1.89849559063038,-7.13642759720638,15.2470297856511,0.641061778132574,464.761033405871,6,1,"normal",198
"1199",16.90122,0.807964259269256,1,200,0.00039747836594608,15.2470297856511,1.89849559063038,-7.13642759720638,15.2470297856511,0.641061778132574,464.761033405871,6,1,"normal",199
"1200",16.96361,0.816797763933736,1,200,0.00039747836594608,15.2470297856511,1.89849559063038,-7.13642759720638,15.2470297856511,0.641061778132574,464.761033405871,6,1,"normal",200
"1201",7.61861706245,0.337740457088908,1,200,0.143247908006433,14.0655252077642,10.655957467718,-0.912464368678502,14.0655252077642,2.36611912239724,244.093722943035,7,1,"normal",1
"1202",-6.6866995651,0.161612669728935,1,200,0.143247908006433,14.0655252077642,10.655957467718,-0.912464368678502,14.0655252077642,2.36611912239724,244.093722943035,7,1,"normal",2
"1203",-11.1816633589,0.149605823189889,0,200,0.143247908006433,14.0655252077642,10.655957467718,-0.912464368678502,14.0655252077642,2.36611912239724,244.093722943035,7,1,"normal",3
"1204",-7.710405654605,0.157874207409468,0,200,0.143247908006433,14.0655252077642,10.655957467718,-0.912464368678502,14.0655252077642,2.36611912239724,244.093722943035,7,1,"normal",4
"1205",-13.03601,0.147165183860245,0,200,0.143247908006433,14.0655252077642,10.655957467718,-0.912464368678502,14.0655252077642,2.36611912239724,244.093722943035,7,1,"normal",5
"1206",-7.88045,0.15732038255913,0,200,0.143247908006433,14.0655252077642,10.655957467718,-0.912464368678502,14.0655252077642,2.36611912239724,244.093722943035,7,1,"normal",6
"1207",6.91009,0.322303375465861,0,200,0.143247908006433,14.0655252077642,10.655957467718,-0.912464368678502,14.0655252077642,2.36611912239724,244.093722943035,7,1,"normal",7
"1208",1.4015,0.22696261213907,0,200,0.143247908006433,14.0655252077642,10.655957467718,-0.912464368678502,14.0655252077642,2.36611912239724,244.093722943035,7,1,"normal",8
"1209",-10.92093,0.150038874645582,0,200,0.143247908006433,14.0655252077642,10.655957467718,-0.912464368678502,14.0655252077642,2.36611912239724,244.093722943035,7,1,"normal",9
"1210",17.55034,0.591455037581383,1,200,0.143247908006433,14.0655252077642,10.655957467718,-0.912464368678502,14.0655252077642,2.36611912239724,244.093722943035,7,1,"normal",10
"1211",2.8048,0.246928589880994,0,200,0.143247908006433,14.0655252077642,10.655957467718,-0.912464368678502,14.0655252077642,2.36611912239724,244.093722943035,7,1,"normal",11
"1212",-1.58982,0.193831220291402,0,200,0.143247908006433,14.0655252077642,10.655957467718,-0.912464368678502,14.0655252077642,2.36611912239724,244.093722943035,7,1,"normal",12
"1213",9.44867348,0.380424681759186,0,200,0.143247908006433,14.0655252077642,10.655957467718,-0.912464368678502,14.0655252077642,2.36611912239724,244.093722943035,7,1,"normal",13
"1214",24.24079,0.735587150747212,1,200,0.143247908006433,14.0655252077642,10.655957467718,-0.912464368678502,14.0655252077642,2.36611912239724,244.093722943035,7,1,"normal",14
"1215",14.98165,0.524441846198061,0,200,0.143247908006433,14.0655252077642,10.655957467718,-0.912464368678502,14.0655252077642,2.36611912239724,244.093722943035,7,1,"normal",15
"1216",18.39834,0.612628514718899,1,200,0.143247908006433,14.0655252077642,10.655957467718,-0.912464368678502,14.0655252077642,2.36611912239724,244.093722943035,7,1,"normal",16
"1217",20.13,0.65366115622513,1,200,0.143247908006433,14.0655252077642,10.655957467718,-0.912464368678502,14.0655252077642,2.36611912239724,244.093722943035,7,1,"normal",17
"1218",6.47811,0.313219970652595,0,200,0.143247908006433,14.0655252077642,10.655957467718,-0.912464368678502,14.0655252077642,2.36611912239724,244.093722943035,7,1,"normal",18
"1219",45.9209,0.85575501692317,1,200,0.143247908006433,14.0655252077642,10.655957467718,-0.912464368678502,14.0655252077642,2.36611912239724,244.093722943035,7,1,"normal",19
"1220",9.73427,0.387409841402255,0,200,0.143247908006433,14.0655252077642,10.655957467718,-0.912464368678502,14.0655252077642,2.36611912239724,244.093722943035,7,1,"normal",20
"1221",18.85286,0.62370683942429,1,200,0.143247908006433,14.0655252077642,10.655957467718,-0.912464368678502,14.0655252077642,2.36611912239724,244.093722943035,7,1,"normal",21
"1222",12.83705,0.467256933737005,1,200,0.143247908006433,14.0655252077642,10.655957467718,-0.912464368678502,14.0655252077642,2.36611912239724,244.093722943035,7,1,"normal",22
"1223",9.90064,0.391514478828447,0,200,0.143247908006433,14.0655252077642,10.655957467718,-0.912464368678502,14.0655252077642,2.36611912239724,244.093722943035,7,1,"normal",23
"1224",8.64633,0.361245046597779,1,200,0.143247908006433,14.0655252077642,10.655957467718,-0.912464368678502,14.0655252077642,2.36611912239724,244.093722943035,7,1,"normal",24
"1225",12.43499,0.45661374395921,0,200,0.143247908006433,14.0655252077642,10.655957467718,-0.912464368678502,14.0655252077642,2.36611912239724,244.093722943035,7,1,"normal",25
"1226",15.7695,0.545324139364746,1,200,0.143247908006433,14.0655252077642,10.655957467718,-0.912464368678502,14.0655252077642,2.36611912239724,244.093722943035,7,1,"normal",26
"1227",9.51334,0.381999387705561,0,200,0.143247908006433,14.0655252077642,10.655957467718,-0.912464368678502,14.0655252077642,2.36611912239724,244.093722943035,7,1,"normal",27
"1228",13.10444,0.474361800755596,1,200,0.143247908006433,14.0655252077642,10.655957467718,-0.912464368678502,14.0655252077642,2.36611912239724,244.093722943035,7,1,"normal",28
"1229",-3.3765,0.179517224242349,0,200,0.143247908006433,14.0655252077642,10.655957467718,-0.912464368678502,14.0655252077642,2.36611912239724,244.093722943035,7,1,"normal",29
"1230",-8.5099,0.155422629039489,0,200,0.143247908006433,14.0655252077642,10.655957467718,-0.912464368678502,14.0655252077642,2.36611912239724,244.093722943035,7,1,"normal",30
"1231",3.78769,0.26268407942635,0,200,0.143247908006433,14.0655252077642,10.655957467718,-0.912464368678502,14.0655252077642,2.36611912239724,244.093722943035,7,1,"normal",31
"1232",14.70538,0.517081838796473,1,200,0.143247908006433,14.0655252077642,10.655957467718,-0.912464368678502,14.0655252077642,2.36611912239724,244.093722943035,7,1,"normal",32
"1233",21.33411,0.680100424290424,1,200,0.143247908006433,14.0655252077642,10.655957467718,-0.912464368678502,14.0655252077642,2.36611912239724,244.093722943035,7,1,"normal",33
"1234",9.33248,0.377605654601686,0,200,0.143247908006433,14.0655252077642,10.655957467718,-0.912464368678502,14.0655252077642,2.36611912239724,244.093722943035,7,1,"normal",34
"1235",20.03483,0.651493551213697,1,200,0.143247908006433,14.0655252077642,10.655957467718,-0.912464368678502,14.0655252077642,2.36611912239724,244.093722943035,7,1,"normal",35
"1236",9.60292,0.38418750939263,1,200,0.143247908006433,14.0655252077642,10.655957467718,-0.912464368678502,14.0655252077642,2.36611912239724,244.093722943035,7,1,"normal",36
"1237",20.8259,0.669169916257895,1,200,0.143247908006433,14.0655252077642,10.655957467718,-0.912464368678502,14.0655252077642,2.36611912239724,244.093722943035,7,1,"normal",37
"1238",22.15814,0.69707472978985,1,200,0.143247908006433,14.0655252077642,10.655957467718,-0.912464368678502,14.0655252077642,2.36611912239724,244.093722943035,7,1,"normal",38
"1239",5.77451,0.298981390150341,1,200,0.143247908006433,14.0655252077642,10.655957467718,-0.912464368678502,14.0655252077642,2.36611912239724,244.093722943035,7,1,"normal",39
"1240",16.84622,0.573444758796492,0,200,0.143247908006433,14.0655252077642,10.655957467718,-0.912464368678502,14.0655252077642,2.36611912239724,244.093722943035,7,1,"normal",40
"1241",11.26946,0.426158478376968,1,200,0.143247908006433,14.0655252077642,10.655957467718,-0.912464368678502,14.0655252077642,2.36611912239724,244.093722943035,7,1,"normal",41
"1242",19.48558,0.638775129270404,0,200,0.143247908006433,14.0655252077642,10.655957467718,-0.912464368678502,14.0655252077642,2.36611912239724,244.093722943035,7,1,"normal",42
"1243",14.16733,0.502719416491116,1,200,0.143247908006433,14.0655252077642,10.655957467718,-0.912464368678502,14.0655252077642,2.36611912239724,244.093722943035,7,1,"normal",43
"1244",0.377700000000001,0.214226922828379,0,200,0.143247908006433,14.0655252077642,10.655957467718,-0.912464368678502,14.0655252077642,2.36611912239724,244.093722943035,7,1,"normal",44
"1245",-11.96065,0.148452823161985,0,200,0.143247908006433,14.0655252077642,10.655957467718,-0.912464368678502,14.0655252077642,2.36611912239724,244.093722943035,7,1,"normal",45
"1246",3.10941,0.251654443039197,1,200,0.143247908006433,14.0655252077642,10.655957467718,-0.912464368678502,14.0655252077642,2.36611912239724,244.093722943035,7,1,"normal",46
"1247",17.52601,0.590838734363466,1,200,0.143247908006433,14.0655252077642,10.655957467718,-0.912464368678502,14.0655252077642,2.36611912239724,244.093722943035,7,1,"normal",47
"1248",15.60732,0.541041903062195,1,200,0.143247908006433,14.0655252077642,10.655957467718,-0.912464368678502,14.0655252077642,2.36611912239724,244.093722943035,7,1,"normal",48
"1249",18.33628,0.611100468476658,1,200,0.143247908006433,14.0655252077642,10.655957467718,-0.912464368678502,14.0655252077642,2.36611912239724,244.093722943035,7,1,"normal",49
"1250",15.34914,0.53420578253213,0,200,0.143247908006433,14.0655252077642,10.655957467718,-0.912464368678502,14.0655252077642,2.36611912239724,244.093722943035,7,1,"normal",50
"1251",0.685499999999999,0.217897300237989,0,200,0.143247908006433,14.0655252077642,10.655957467718,-0.912464368678502,14.0655252077642,2.36611912239724,244.093722943035,7,1,"normal",51
"1252",-1.59316,0.193800905059038,0,200,0.143247908006433,14.0655252077642,10.655957467718,-0.912464368678502,14.0655252077642,2.36611912239724,244.093722943035,7,1,"normal",52
"1253",5.09414,0.285890543759289,1,200,0.143247908006433,14.0655252077642,10.655957467718,-0.912464368678502,14.0655252077642,2.36611912239724,244.093722943035,7,1,"normal",53
"1254",-5.24771,0.168191635198918,0,200,0.143247908006433,14.0655252077642,10.655957467718,-0.912464368678502,14.0655252077642,2.36611912239724,244.093722943035,7,1,"normal",54
"1255",10.03747,0.394909179403308,0,200,0.143247908006433,14.0655252077642,10.655957467718,-0.912464368678502,14.0655252077642,2.36611912239724,244.093722943035,7,1,"normal",55
"1256",16.41227,0.562184295742471,1,200,0.143247908006433,14.0655252077642,10.655957467718,-0.912464368678502,14.0655252077642,2.36611912239724,244.093722943035,7,1,"normal",56
"1257",18.84607,0.623542849379063,1,200,0.143247908006433,14.0655252077642,10.655957467718,-0.912464368678502,14.0655252077642,2.36611912239724,244.093722943035,7,1,"normal",57
"1258",3.93008,0.265088289438982,0,200,0.143247908006433,14.0655252077642,10.655957467718,-0.912464368678502,14.0655252077642,2.36611912239724,244.093722943035,7,1,"normal",58
"1259",5.24022,0.28864402570168,0,200,0.143247908006433,14.0655252077642,10.655957467718,-0.912464368678502,14.0655252077642,2.36611912239724,244.093722943035,7,1,"normal",59
"1260",3.82664,0.263338680158604,0,200,0.143247908006433,14.0655252077642,10.655957467718,-0.912464368678502,14.0655252077642,2.36611912239724,244.093722943035,7,1,"normal",60
"1261",18.13866,0.606211076026721,0,200,0.143247908006433,14.0655252077642,10.655957467718,-0.912464368678502,14.0655252077642,2.36611912239724,244.093722943035,7,1,"normal",61
"1262",21.02128,0.673412657885591,1,200,0.143247908006433,14.0655252077642,10.655957467718,-0.912464368678502,14.0655252077642,2.36611912239724,244.093722943035,7,1,"normal",62
"1263",14.03995,0.499316823584807,0,200,0.143247908006433,14.0655252077642,10.655957467718,-0.912464368678502,14.0655252077642,2.36611912239724,244.093722943035,7,1,"normal",63
"1264",41.283,0.85295513336485,1,200,0.143247908006433,14.0655252077642,10.655957467718,-0.912464368678502,14.0655252077642,2.36611912239724,244.093722943035,7,1,"normal",64
"1265",21.05647,0.674171479751836,0,200,0.143247908006433,14.0655252077642,10.655957467718,-0.912464368678502,14.0655252077642,2.36611912239724,244.093722943035,7,1,"normal",65
"1266",19.60102,0.641477137078778,1,200,0.143247908006433,14.0655252077642,10.655957467718,-0.912464368678502,14.0655252077642,2.36611912239724,244.093722943035,7,1,"normal",66
"1267",22.46395,0.703130107378402,0,200,0.143247908006433,14.0655252077642,10.655957467718,-0.912464368678502,14.0655252077642,2.36611912239724,244.093722943035,7,1,"normal",67
"1268",2.0433,0.235728242577269,0,200,0.143247908006433,14.0655252077642,10.655957467718,-0.912464368678502,14.0655252077642,2.36611912239724,244.093722943035,7,1,"normal",68
"1269",9.0807,0.371544184304931,0,200,0.143247908006433,14.0655252077642,10.655957467718,-0.912464368678502,14.0655252077642,2.36611912239724,244.093722943035,7,1,"normal",69
"1270",26.9931,0.776460854267478,1,200,0.143247908006433,14.0655252077642,10.655957467718,-0.912464368678502,14.0655252077642,2.36611912239724,244.093722943035,7,1,"normal",70
"1271",4.98815,0.283912494610285,0,200,0.143247908006433,14.0655252077642,10.655957467718,-0.912464368678502,14.0655252077642,2.36611912239724,244.093722943035,7,1,"normal",71
"1272",6.11794,0.305843789151602,0,200,0.143247908006433,14.0655252077642,10.655957467718,-0.912464368678502,14.0655252077642,2.36611912239724,244.093722943035,7,1,"normal",72
"1273",19.25694,0.63337970515895,1,200,0.143247908006433,14.0655252077642,10.655957467718,-0.912464368678502,14.0655252077642,2.36611912239724,244.093722943035,7,1,"normal",73
"1274",14.94159,0.523375522145279,1,200,0.143247908006433,14.0655252077642,10.655957467718,-0.912464368678502,14.0655252077642,2.36611912239724,244.093722943035,7,1,"normal",74
"1275",6.20805,0.307672140887953,0,200,0.143247908006433,14.0655252077642,10.655957467718,-0.912464368678502,14.0655252077642,2.36611912239724,244.093722943035,7,1,"normal",75
"1276",-1.4614,0.195007435882228,0,200,0.143247908006433,14.0655252077642,10.655957467718,-0.912464368678502,14.0655252077642,2.36611912239724,244.093722943035,7,1,"normal",76
"1277",2.78416,0.246613463667312,0,200,0.143247908006433,14.0655252077642,10.655957467718,-0.912464368678502,14.0655252077642,2.36611912239724,244.093722943035,7,1,"normal",77
"1278",18.35622,0.6115918241726,1,200,0.143247908006433,14.0655252077642,10.655957467718,-0.912464368678502,14.0655252077642,2.36611912239724,244.093722943035,7,1,"normal",78
"1279",19.34421,0.635445887041147,0,200,0.143247908006433,14.0655252077642,10.655957467718,-0.912464368678502,14.0655252077642,2.36611912239724,244.093722943035,7,1,"normal",79
"1280",4.07075,0.267493654504337,1,200,0.143247908006433,14.0655252077642,10.655957467718,-0.912464368678502,14.0655252077642,2.36611912239724,244.093722943035,7,1,"normal",80
"1281",20.46584,0.661221707196664,0,200,0.143247908006433,14.0655252077642,10.655957467718,-0.912464368678502,14.0655252077642,2.36611912239724,244.093722943035,7,1,"normal",81
"1282",2.3687,0.240407377968928,0,200,0.143247908006433,14.0655252077642,10.655957467718,-0.912464368678502,14.0655252077642,2.36611912239724,244.093722943035,7,1,"normal",82
"1283",-9.52569,0.152821606205825,0,200,0.143247908006433,14.0655252077642,10.655957467718,-0.912464368678502,14.0655252077642,2.36611912239724,244.093722943035,7,1,"normal",83
"1284",18.97013,0.62653165805817,1,200,0.143247908006433,14.0655252077642,10.655957467718,-0.912464368678502,14.0655252077642,2.36611912239724,244.093722943035,7,1,"normal",84
"1285",2.5919,0.243709079795982,1,200,0.143247908006433,14.0655252077642,10.655957467718,-0.912464368678502,14.0655252077642,2.36611912239724,244.093722943035,7,1,"normal",85
"1286",21.95168,0.692911017729453,1,200,0.143247908006433,14.0655252077642,10.655957467718,-0.912464368678502,14.0655252077642,2.36611912239724,244.093722943035,7,1,"normal",86
"1287",11.98484,0.444770920659193,0,200,0.143247908006433,14.0655252077642,10.655957467718,-0.912464368678502,14.0655252077642,2.36611912239724,244.093722943035,7,1,"normal",87
"1288",20.76314,0.667796487079737,1,200,0.143247908006433,14.0655252077642,10.655957467718,-0.912464368678502,14.0655252077642,2.36611912239724,244.093722943035,7,1,"normal",88
"1289",22.97983,0.713037292300225,0,200,0.143247908006433,14.0655252077642,10.655957467718,-0.912464368678502,14.0655252077642,2.36611912239724,244.093722943035,7,1,"normal",89
"1290",8.36525,0.354692311192554,1,200,0.143247908006433,14.0655252077642,10.655957467718,-0.912464368678502,14.0655252077642,2.36611912239724,244.093722943035,7,1,"normal",90
"1291",26.6383,0.771828305022345,1,200,0.143247908006433,14.0655252077642,10.655957467718,-0.912464368678502,14.0655252077642,2.36611912239724,244.093722943035,7,1,"normal",91
"1292",-1.1872,0.1975888559583,0,200,0.143247908006433,14.0655252077642,10.655957467718,-0.912464368678502,14.0655252077642,2.36611912239724,244.093722943035,7,1,"normal",92
"1293",5.03211,0.284730880149001,0,200,0.143247908006433,14.0655252077642,10.655957467718,-0.912464368678502,14.0655252077642,2.36611912239724,244.093722943035,7,1,"normal",93
"1294",2.26701,0.238928023048405,0,200,0.143247908006433,14.0655252077642,10.655957467718,-0.912464368678502,14.0655252077642,2.36611912239724,244.093722943035,7,1,"normal",94
"1295",1.2788,0.22535610908534,0,200,0.143247908006433,14.0655252077642,10.655957467718,-0.912464368678502,14.0655252077642,2.36611912239724,244.093722943035,7,1,"normal",95
"1296",-0.898700000000002,0.200409490439124,0,200,0.143247908006433,14.0655252077642,10.655957467718,-0.912464368678502,14.0655252077642,2.36611912239724,244.093722943035,7,1,"normal",96
"1297",3.2588,0.254023646579068,0,200,0.143247908006433,14.0655252077642,10.655957467718,-0.912464368678502,14.0655252077642,2.36611912239724,244.093722943035,7,1,"normal",97
"1298",21.51407,0.683887779917956,1,200,0.143247908006433,14.0655252077642,10.655957467718,-0.912464368678502,14.0655252077642,2.36611912239724,244.093722943035,7,1,"normal",98
"1299",7.62198,0.337815272612764,0,200,0.143247908006433,14.0655252077642,10.655957467718,-0.912464368678502,14.0655252077642,2.36611912239724,244.093722943035,7,1,"normal",99
"1300",-0.2241,0.207435055393807,0,200,0.143247908006433,14.0655252077642,10.655957467718,-0.912464368678502,14.0655252077642,2.36611912239724,244.093722943035,7,1,"normal",100
"1301",3.0308,0.250421368848284,0,200,0.143247908006433,14.0655252077642,10.655957467718,-0.912464368678502,14.0655252077642,2.36611912239724,244.093722943035,7,1,"normal",101
"1302",0.781269999999999,0.21906688145552,0,200,0.143247908006433,14.0655252077642,10.655957467718,-0.912464368678502,14.0655252077642,2.36611912239724,244.093722943035,7,1,"normal",102
"1303",3.5948,0.25947629932045,1,200,0.143247908006433,14.0655252077642,10.655957467718,-0.912464368678502,14.0655252077642,2.36611912239724,244.093722943035,7,1,"normal",103
"1304",4.7636,0.279777003918655,1,200,0.143247908006433,14.0655252077642,10.655957467718,-0.912464368678502,14.0655252077642,2.36611912239724,244.093722943035,7,1,"normal",104
"1305",28.0965,0.789707481852346,1,200,0.143247908006433,14.0655252077642,10.655957467718,-0.912464368678502,14.0655252077642,2.36611912239724,244.093722943035,7,1,"normal",105
"1306",5.72254,0.297957663423898,0,200,0.143247908006433,14.0655252077642,10.655957467718,-0.912464368678502,14.0655252077642,2.36611912239724,244.093722943035,7,1,"normal",106
"1307",3.54624,0.258677650653474,0,200,0.143247908006433,14.0655252077642,10.655957467718,-0.912464368678502,14.0655252077642,2.36611912239724,244.093722943035,7,1,"normal",107
"1308",6.04107,0.304293163376984,0,200,0.143247908006433,14.0655252077642,10.655957467718,-0.912464368678502,14.0655252077642,2.36611912239724,244.093722943035,7,1,"normal",108
"1309",18.28945,0.609945050222849,0,200,0.143247908006433,14.0655252077642,10.655957467718,-0.912464368678502,14.0655252077642,2.36611912239724,244.093722943035,7,1,"normal",109
"1310",5.03949,0.284868551796887,1,200,0.143247908006433,14.0655252077642,10.655957467718,-0.912464368678502,14.0655252077642,2.36611912239724,244.093722943035,7,1,"normal",110
"1311",19.35421,0.635682112205546,1,200,0.143247908006433,14.0655252077642,10.655957467718,-0.912464368678502,14.0655252077642,2.36611912239724,244.093722943035,7,1,"normal",111
"1312",20.11125,0.653234969243702,1,200,0.143247908006433,14.0655252077642,10.655957467718,-0.912464368678502,14.0655252077642,2.36611912239724,244.093722943035,7,1,"normal",112
"1313",2.50886,0.24247192054372,0,200,0.143247908006433,14.0655252077642,10.655957467718,-0.912464368678502,14.0655252077642,2.36611912239724,244.093722943035,7,1,"normal",113
"1314",4.26956,0.27094426911619,1,200,0.143247908006433,14.0655252077642,10.655957467718,-0.912464368678502,14.0655252077642,2.36611912239724,244.093722943035,7,1,"normal",114
"1315",21.30929,0.67957461750499,1,200,0.143247908006433,14.0655252077642,10.655957467718,-0.912464368678502,14.0655252077642,2.36611912239724,244.093722943035,7,1,"normal",115
"1316",2.81938,0.247151582714983,0,200,0.143247908006433,14.0655252077642,10.655957467718,-0.912464368678502,14.0655252077642,2.36611912239724,244.093722943035,7,1,"normal",116
"1317",3.00765,0.250060027490452,0,200,0.143247908006433,14.0655252077642,10.655957467718,-0.912464368678502,14.0655252077642,2.36611912239724,244.093722943035,7,1,"normal",117
"1318",26.5354,0.77045013215985,1,200,0.143247908006433,14.0655252077642,10.655957467718,-0.912464368678502,14.0655252077642,2.36611912239724,244.093722943035,7,1,"normal",118
"1319",18.82742,0.623092179076946,1,200,0.143247908006433,14.0655252077642,10.655957467718,-0.912464368678502,14.0655252077642,2.36611912239724,244.093722943035,7,1,"normal",119
"1320",23.9184,0.730049579097598,1,200,0.143247908006433,14.0655252077642,10.655957467718,-0.912464368678502,14.0655252077642,2.36611912239724,244.093722943035,7,1,"normal",120
"1321",0.6387,0.217330537266122,1,200,0.143247908006433,14.0655252077642,10.655957467718,-0.912464368678502,14.0655252077642,2.36611912239724,244.093722943035,7,1,"normal",121
"1322",5.45169,0.292685707878868,0,200,0.143247908006433,14.0655252077642,10.655957467718,-0.912464368678502,14.0655252077642,2.36611912239724,244.093722943035,7,1,"normal",122
"1323",19.88992,0.648172221371178,1,200,0.143247908006433,14.0655252077642,10.655957467718,-0.912464368678502,14.0655252077642,2.36611912239724,244.093722943035,7,1,"normal",123
"1324",22.4923,0.703684638584241,1,200,0.143247908006433,14.0655252077642,10.655957467718,-0.912464368678502,14.0655252077642,2.36611912239724,244.093722943035,7,1,"normal",124
"1325",20.97379,0.67238600895274,0,200,0.143247908006433,14.0655252077642,10.655957467718,-0.912464368678502,14.0655252077642,2.36611912239724,244.093722943035,7,1,"normal",125
"1326",0.67456,0.217764532883999,0,200,0.143247908006433,14.0655252077642,10.655957467718,-0.912464368678502,14.0655252077642,2.36611912239724,244.093722943035,7,1,"normal",126
"1327",5.58733,0.295312543648192,0,200,0.143247908006433,14.0655252077642,10.655957467718,-0.912464368678502,14.0655252077642,2.36611912239724,244.093722943035,7,1,"normal",127
"1328",22.5296,0.70441245775956,1,200,0.143247908006433,14.0655252077642,10.655957467718,-0.912464368678502,14.0655252077642,2.36611912239724,244.093722943035,7,1,"normal",128
"1329",2.54183,0.242961872239531,0,200,0.143247908006433,14.0655252077642,10.655957467718,-0.912464368678502,14.0655252077642,2.36611912239724,244.093722943035,7,1,"normal",129
"1330",20.83127,0.669287194935922,1,200,0.143247908006433,14.0655252077642,10.655957467718,-0.912464368678502,14.0655252077642,2.36611912239724,244.093722943035,7,1,"normal",130
"1331",6.36455,0.310874703809537,0,200,0.143247908006433,14.0655252077642,10.655957467718,-0.912464368678502,14.0655252077642,2.36611912239724,244.093722943035,7,1,"normal",131
"1332",20.35451,0.658730878577675,1,200,0.143247908006433,14.0655252077642,10.655957467718,-0.912464368678502,14.0655252077642,2.36611912239724,244.093722943035,7,1,"normal",132
"1333",21.9832,0.69355059361218,1,200,0.143247908006433,14.0655252077642,10.655957467718,-0.912464368678502,14.0655252077642,2.36611912239724,244.093722943035,7,1,"normal",133
"1334",18.30581,0.610348924013721,0,200,0.143247908006433,14.0655252077642,10.655957467718,-0.912464368678502,14.0655252077642,2.36611912239724,244.093722943035,7,1,"normal",134
"1335",5.50816,0.293776060370325,0,200,0.143247908006433,14.0655252077642,10.655957467718,-0.912464368678502,14.0655252077642,2.36611912239724,244.093722943035,7,1,"normal",135
"1336",21.00843,0.673135157665521,1,200,0.143247908006433,14.0655252077642,10.655957467718,-0.912464368678502,14.0655252077642,2.36611912239724,244.093722943035,7,1,"normal",136
"1337",0.158800000000001,0.211698095076606,0,200,0.143247908006433,14.0655252077642,10.655957467718,-0.912464368678502,14.0655252077642,2.36611912239724,244.093722943035,7,1,"normal",137
"1338",4.96856,0.283548720044398,0,200,0.143247908006433,14.0655252077642,10.655957467718,-0.912464368678502,14.0655252077642,2.36611912239724,244.093722943035,7,1,"normal",138
"1339",1.7065,0.231052037177518,0,200,0.143247908006433,14.0655252077642,10.655957467718,-0.912464368678502,14.0655252077642,2.36611912239724,244.093722943035,7,1,"normal",139
"1340",6.485,0.313362840621682,1,200,0.143247908006433,14.0655252077642,10.655957467718,-0.912464368678502,14.0655252077642,2.36611912239724,244.093722943035,7,1,"normal",140
"1341",23.0335,0.714045532484983,1,200,0.143247908006433,14.0655252077642,10.655957467718,-0.912464368678502,14.0655252077642,2.36611912239724,244.093722943035,7,1,"normal",141
"1342",1.9463,0.23436412751967,0,200,0.143247908006433,14.0655252077642,10.655957467718,-0.912464368678502,14.0655252077642,2.36611912239724,244.093722943035,7,1,"normal",142
"1343",23.9757,0.731045299230296,1,200,0.143247908006433,14.0655252077642,10.655957467718,-0.912464368678502,14.0655252077642,2.36611912239724,244.093722943035,7,1,"normal",143
"1344",2.1341,0.23701792644878,1,200,0.143247908006433,14.0655252077642,10.655957467718,-0.912464368678502,14.0655252077642,2.36611912239724,244.093722943035,7,1,"normal",144
"1345",1.3572,0.22638004660085,0,200,0.143247908006433,14.0655252077642,10.655957467718,-0.912464368678502,14.0655252077642,2.36611912239724,244.093722943035,7,1,"normal",145
"1346",0.744100000000001,0.218611384823916,1,200,0.143247908006433,14.0655252077642,10.655957467718,-0.912464368678502,14.0655252077642,2.36611912239724,244.093722943035,7,1,"normal",146
"1347",17.03713,0.578361959311658,0,200,0.143247908006433,14.0655252077642,10.655957467718,-0.912464368678502,14.0655252077642,2.36611912239724,244.093722943035,7,1,"normal",147
"1348",3.78172,0.262583950125659,1,200,0.143247908006433,14.0655252077642,10.655957467718,-0.912464368678502,14.0655252077642,2.36611912239724,244.093722943035,7,1,"normal",148
"1349",17.97841,0.602220663993631,1,200,0.143247908006433,14.0655252077642,10.655957467718,-0.912464368678502,14.0655252077642,2.36611912239724,244.093722943035,7,1,"normal",149
"1350",21.28692,0.679099999547567,0,200,0.143247908006433,14.0655252077642,10.655957467718,-0.912464368678502,14.0655252077642,2.36611912239724,244.093722943035,7,1,"normal",150
"1351",-1.1125,0.198308818629409,0,200,0.143247908006433,14.0655252077642,10.655957467718,-0.912464368678502,14.0655252077642,2.36611912239724,244.093722943035,7,1,"normal",151
"1352",24.8042,0.744885883618624,1,200,0.143247908006433,14.0655252077642,10.655957467718,-0.912464368678502,14.0655252077642,2.36611912239724,244.093722943035,7,1,"normal",152
"1353",26.9254,0.775591139103897,1,200,0.143247908006433,14.0655252077642,10.655957467718,-0.912464368678502,14.0655252077642,2.36611912239724,244.093722943035,7,1,"normal",153
"1354",24.7248,0.743604643210256,0,200,0.143247908006433,14.0655252077642,10.655957467718,-0.912464368678502,14.0655252077642,2.36611912239724,244.093722943035,7,1,"normal",154
"1355",-1.0851,0.198574710454715,0,200,0.143247908006433,14.0655252077642,10.655957467718,-0.912464368678502,14.0655252077642,2.36611912239724,244.093722943035,7,1,"normal",155
"1356",1.99618,0.235063835205514,0,200,0.143247908006433,14.0655252077642,10.655957467718,-0.912464368678502,14.0655252077642,2.36611912239724,244.093722943035,7,1,"normal",156
"1357",27.0944,0.777749749182708,1,200,0.143247908006433,14.0655252077642,10.655957467718,-0.912464368678502,14.0655252077642,2.36611912239724,244.093722943035,7,1,"normal",157
"1358",21.65024,0.686724041785244,1,200,0.143247908006433,14.0655252077642,10.655957467718,-0.912464368678502,14.0655252077642,2.36611912239724,244.093722943035,7,1,"normal",158
"1359",-1.9805,0.190379022206612,0,200,0.143247908006433,14.0655252077642,10.655957467718,-0.912464368678502,14.0655252077642,2.36611912239724,244.093722943035,7,1,"normal",159
"1360",21.30718,0.679529879124202,1,200,0.143247908006433,14.0655252077642,10.655957467718,-0.912464368678502,14.0655252077642,2.36611912239724,244.093722943035,7,1,"normal",160
"1361",-4.219,0.173993124403132,0,200,0.143247908006433,14.0655252077642,10.655957467718,-0.912464368678502,14.0655252077642,2.36611912239724,244.093722943035,7,1,"normal",161
"1362",18.67845,0.619479810184473,0,200,0.143247908006433,14.0655252077642,10.655957467718,-0.912464368678502,14.0655252077642,2.36611912239724,244.093722943035,7,1,"normal",162
"1363",22.8083,0.709786437784838,1,200,0.143247908006433,14.0655252077642,10.655957467718,-0.912464368678502,14.0655252077642,2.36611912239724,244.093722943035,7,1,"normal",163
"1364",28.2258,0.791147455386991,1,200,0.143247908006433,14.0655252077642,10.655957467718,-0.912464368678502,14.0655252077642,2.36611912239724,244.093722943035,7,1,"normal",164
"1365",0.314300000000001,0.213487574048078,1,200,0.143247908006433,14.0655252077642,10.655957467718,-0.912464368678502,14.0655252077642,2.36611912239724,244.093722943035,7,1,"normal",165
"1366",2.8574,0.247734592948579,0,200,0.143247908006433,14.0655252077642,10.655957467718,-0.912464368678502,14.0655252077642,2.36611912239724,244.093722943035,7,1,"normal",166
"1367",-1.0024,0.199383150792073,0,200,0.143247908006433,14.0655252077642,10.655957467718,-0.912464368678502,14.0655252077642,2.36611912239724,244.093722943035,7,1,"normal",167
"1368",29.0784,0.800073756987446,1,200,0.143247908006433,14.0655252077642,10.655957467718,-0.912464368678502,14.0655252077642,2.36611912239724,244.093722943035,7,1,"normal",168
"1369",3.5722,0.259104159416326,1,200,0.143247908006433,14.0655252077642,10.655957467718,-0.912464368678502,14.0655252077642,2.36611912239724,244.093722943035,7,1,"normal",169
"1370",-3.1843,0.180882073139222,0,200,0.143247908006433,14.0655252077642,10.655957467718,-0.912464368678502,14.0655252077642,2.36611912239724,244.093722943035,7,1,"normal",170
"1371",21.7918,0.689645342582302,1,200,0.143247908006433,14.0655252077642,10.655957467718,-0.912464368678502,14.0655252077642,2.36611912239724,244.093722943035,7,1,"normal",171
"1372",-0.48,0.204698036464526,1,200,0.143247908006433,14.0655252077642,10.655957467718,-0.912464368678502,14.0655252077642,2.36611912239724,244.093722943035,7,1,"normal",172
"1373",27.4736,0.782442765096224,1,200,0.143247908006433,14.0655252077642,10.655957467718,-0.912464368678502,14.0655252077642,2.36611912239724,244.093722943035,7,1,"normal",173
"1374",1.7575,0.231749280508079,0,200,0.143247908006433,14.0655252077642,10.655957467718,-0.912464368678502,14.0655252077642,2.36611912239724,244.093722943035,7,1,"normal",174
"1375",-5.0079,0.169456720356269,0,200,0.143247908006433,14.0655252077642,10.655957467718,-0.912464368678502,14.0655252077642,2.36611912239724,244.093722943035,7,1,"normal",175
"1376",-1.4786,0.194848694567768,0,200,0.143247908006433,14.0655252077642,10.655957467718,-0.912464368678502,14.0655252077642,2.36611912239724,244.093722943035,7,1,"normal",176
"1377",1.72537,0.23130956707548,1,200,0.143247908006433,14.0655252077642,10.655957467718,-0.912464368678502,14.0655252077642,2.36611912239724,244.093722943035,7,1,"normal",177
"1378",26.9963,0.776501797996918,1,200,0.143247908006433,14.0655252077642,10.655957467718,-0.912464368678502,14.0655252077642,2.36611912239724,244.093722943035,7,1,"normal",178
"1379",21.5409,0.684448637995164,1,200,0.143247908006433,14.0655252077642,10.655957467718,-0.912464368678502,14.0655252077642,2.36611912239724,244.093722943035,7,1,"normal",179
"1380",0.0375999999999994,0.210326759734506,0,200,0.143247908006433,14.0655252077642,10.655957467718,-0.912464368678502,14.0655252077642,2.36611912239724,244.093722943035,7,1,"normal",180
"1381",21.0492,0.674014847068535,1,200,0.143247908006433,14.0655252077642,10.655957467718,-0.912464368678502,14.0655252077642,2.36611912239724,244.093722943035,7,1,"normal",181
"1382",19.00198,0.627296412716674,0,200,0.143247908006433,14.0655252077642,10.655957467718,-0.912464368678502,14.0655252077642,2.36611912239724,244.093722943035,7,1,"normal",182
"1383",27.6324,0.784346848976271,1,200,0.143247908006433,14.0655252077642,10.655957467718,-0.912464368678502,14.0655252077642,2.36611912239724,244.093722943035,7,1,"normal",183
"1384",-1.9038,0.191041966478589,0,200,0.143247908006433,14.0655252077642,10.655957467718,-0.912464368678502,14.0655252077642,2.36611912239724,244.093722943035,7,1,"normal",184
"1385",0.505500000000001,0.215734540285712,0,200,0.143247908006433,14.0655252077642,10.655957467718,-0.912464368678502,14.0655252077642,2.36611912239724,244.093722943035,7,1,"normal",185
"1386",22.4304,0.702472359521702,1,200,0.143247908006433,14.0655252077642,10.655957467718,-0.912464368678502,14.0655252077642,2.36611912239724,244.093722943035,7,1,"normal",186
"1387",20.86149,0.669946487605815,0,200,0.143247908006433,14.0655252077642,10.655957467718,-0.912464368678502,14.0655252077642,2.36611912239724,244.093722943035,7,1,"normal",187
"1388",23.5249,0.723077782929423,1,200,0.143247908006433,14.0655252077642,10.655957467718,-0.912464368678502,14.0655252077642,2.36611912239724,244.093722943035,7,1,"normal",188
"1389",23.4424,0.721586570379789,1,200,0.143247908006433,14.0655252077642,10.655957467718,-0.912464368678502,14.0655252077642,2.36611912239724,244.093722943035,7,1,"normal",189
"1390",2.6584,0.244707336367491,0,200,0.143247908006433,14.0655252077642,10.655957467718,-0.912464368678502,14.0655252077642,2.36611912239724,244.093722943035,7,1,"normal",190
"1391",21.38415,0.68115797227883,1,200,0.143247908006433,14.0655252077642,10.655957467718,-0.912464368678502,14.0655252077642,2.36611912239724,244.093722943035,7,1,"normal",191
"1392",0.779300000000001,0.21904269046781,1,200,0.143247908006433,14.0655252077642,10.655957467718,-0.912464368678502,14.0655252077642,2.36611912239724,244.093722943035,7,1,"normal",192
"1393",27.3299,0.780688681078326,1,200,0.143247908006433,14.0655252077642,10.655957467718,-0.912464368678502,14.0655252077642,2.36611912239724,244.093722943035,7,1,"normal",193
"1394",0.446099999999999,0.215030941154393,1,200,0.143247908006433,14.0655252077642,10.655957467718,-0.912464368678502,14.0655252077642,2.36611912239724,244.093722943035,7,1,"normal",194
"1395",22.761,0.708882389501607,1,200,0.143247908006433,14.0655252077642,10.655957467718,-0.912464368678502,14.0655252077642,2.36611912239724,244.093722943035,7,1,"normal",195
"1396",0.162000000000001,0.211734579269194,0,200,0.143247908006433,14.0655252077642,10.655957467718,-0.912464368678502,14.0655252077642,2.36611912239724,244.093722943035,7,1,"normal",196
"1397",-4.3662,0.173101618694844,0,200,0.143247908006433,14.0655252077642,10.655957467718,-0.912464368678502,14.0655252077642,2.36611912239724,244.093722943035,7,1,"normal",197
"1398",25.2171,0.751394190591024,1,200,0.143247908006433,14.0655252077642,10.655957467718,-0.912464368678502,14.0655252077642,2.36611912239724,244.093722943035,7,1,"normal",198
"1399",24.9743,0.747598447508652,0,200,0.143247908006433,14.0655252077642,10.655957467718,-0.912464368678502,14.0655252077642,2.36611912239724,244.093722943035,7,1,"normal",199
"1400",5.5652,0.294882139437798,0,200,0.143247908006433,14.0655252077642,10.655957467718,-0.912464368678502,14.0655252077642,2.36611912239724,244.093722943035,7,1,"normal",200
"1401",9.1203776021,0.30874421867165,1,200,0.00391843871526372,10.7454891050487,3.2263011376702,-4.84104706373799,10.7454891050487,1.17133632242339,-298.01367276161,8,1,"normal",1
"1402",-4.56714830316,0.00391946701427344,0,200,0.00391843871526372,10.7454891050487,3.2263011376702,-4.84104706373799,10.7454891050487,1.17133632242339,-298.01367276161,8,1,"normal",2
"1403",0.6826212642,0.0048186251311586,0,200,0.00391843871526372,10.7454891050487,3.2263011376702,-4.84104706373799,10.7454891050487,1.17133632242339,-298.01367276161,8,1,"normal",3
"1404",4.92575803503,0.0392674208695284,0,200,0.00391843871526372,10.7454891050487,3.2263011376702,-4.84104706373799,10.7454891050487,1.17133632242339,-298.01367276161,8,1,"normal",4
"1405",17.83409,0.982185716443664,1,200,0.00391843871526372,10.7454891050487,3.2263011376702,-4.84104706373799,10.7454891050487,1.17133632242339,-298.01367276161,8,1,"normal",5
"1406",20.86617,0.99523461675789,1,200,0.00391843871526372,10.7454891050487,3.2263011376702,-4.84104706373799,10.7454891050487,1.17133632242339,-298.01367276161,8,1,"normal",6
"1407",5.41815,0.0528783512777087,0,200,0.00391843871526372,10.7454891050487,3.2263011376702,-4.84104706373799,10.7454891050487,1.17133632242339,-298.01367276161,8,1,"normal",7
"1408",4.65709,0.0332591577976438,0,200,0.00391843871526372,10.7454891050487,3.2263011376702,-4.84104706373799,10.7454891050487,1.17133632242339,-298.01367276161,8,1,"normal",8
"1409",12.07755,0.658896022049458,0,200,0.00391843871526372,10.7454891050487,3.2263011376702,-4.84104706373799,10.7454891050487,1.17133632242339,-298.01367276161,8,1,"normal",9
"1410",21.44418,0.995628699106166,1,200,0.00391843871526372,10.7454891050487,3.2263011376702,-4.84104706373799,10.7454891050487,1.17133632242339,-298.01367276161,8,1,"normal",10
"1411",2.0802,0.0075076075765105,0,200,0.00391843871526372,10.7454891050487,3.2263011376702,-4.84104706373799,10.7454891050487,1.17133632242339,-298.01367276161,8,1,"normal",11
"1412",16.67546,0.963309886329828,1,200,0.00391843871526372,10.7454891050487,3.2263011376702,-4.84104706373799,10.7454891050487,1.17133632242339,-298.01367276161,8,1,"normal",12
"1413",8.16405,0.214078080294526,0,200,0.00391843871526372,10.7454891050487,3.2263011376702,-4.84104706373799,10.7454891050487,1.17133632242339,-298.01367276161,8,1,"normal",13
"1414",17.96334,0.983543655907591,1,200,0.00391843871526372,10.7454891050487,3.2263011376702,-4.84104706373799,10.7454891050487,1.17133632242339,-298.01367276161,8,1,"normal",14
"1415",6.68253,0.107060370893579,1,200,0.00391843871526372,10.7454891050487,3.2263011376702,-4.84104706373799,10.7454891050487,1.17133632242339,-298.01367276161,8,1,"normal",15
"1416",13.59584,0.809068434047802,0,200,0.00391843871526372,10.7454891050487,3.2263011376702,-4.84104706373799,10.7454891050487,1.17133632242339,-298.01367276161,8,1,"normal",16
"1417",13.83166,0.828015967972726,1,200,0.00391843871526372,10.7454891050487,3.2263011376702,-4.84104706373799,10.7454891050487,1.17133632242339,-298.01367276161,8,1,"normal",17
"1418",7.60046,0.167454080560451,0,200,0.00391843871526372,10.7454891050487,3.2263011376702,-4.84104706373799,10.7454891050487,1.17133632242339,-298.01367276161,8,1,"normal",18
"1419",7.98636,0.198601211789912,0,200,0.00391843871526372,10.7454891050487,3.2263011376702,-4.84104706373799,10.7454891050487,1.17133632242339,-298.01367276161,8,1,"normal",19
"1420",8.41167,0.236804304639817,1,200,0.00391843871526372,10.7454891050487,3.2263011376702,-4.84104706373799,10.7454891050487,1.17133632242339,-298.01367276161,8,1,"normal",20
"1421",20.3739,0.994671787971009,1,200,0.00391843871526372,10.7454891050487,3.2263011376702,-4.84104706373799,10.7454891050487,1.17133632242339,-298.01367276161,8,1,"normal",21
"1422",7.0258,0.127413192631785,0,200,0.00391843871526372,10.7454891050487,3.2263011376702,-4.84104706373799,10.7454891050487,1.17133632242339,-298.01367276161,8,1,"normal",22
"1423",16.69308,0.963707105728009,1,200,0.00391843871526372,10.7454891050487,3.2263011376702,-4.84104706373799,10.7454891050487,1.17133632242339,-298.01367276161,8,1,"normal",23
"1424",5.74846,0.0641525754394153,0,200,0.00391843871526372,10.7454891050487,3.2263011376702,-4.84104706373799,10.7454891050487,1.17133632242339,-298.01367276161,8,1,"normal",24
"1425",16.47911,0.958605788032071,1,200,0.00391843871526372,10.7454891050487,3.2263011376702,-4.84104706373799,10.7454891050487,1.17133632242339,-298.01367276161,8,1,"normal",25
"1426",7.58354,0.166166625683278,0,200,0.00391843871526372,10.7454891050487,3.2263011376702,-4.84104706373799,10.7454891050487,1.17133632242339,-298.01367276161,8,1,"normal",26
"1427",15.98122,0.944178412854248,1,200,0.00391843871526372,10.7454891050487,3.2263011376702,-4.84104706373799,10.7454891050487,1.17133632242339,-298.01367276161,8,1,"normal",27
"1428",17.7566,0.981312243563499,1,200,0.00391843871526372,10.7454891050487,3.2263011376702,-4.84104706373799,10.7454891050487,1.17133632242339,-298.01367276161,8,1,"normal",28
"1429",6.12676,0.0794529084968545,0,200,0.00391843871526372,10.7454891050487,3.2263011376702,-4.84104706373799,10.7454891050487,1.17133632242339,-298.01367276161,8,1,"normal",29
"1430",12.31403,0.685115599406411,1,200,0.00391843871526372,10.7454891050487,3.2263011376702,-4.84104706373799,10.7454891050487,1.17133632242339,-298.01367276161,8,1,"normal",30
"1431",12.76495,0.732485479623889,1,200,0.00391843871526372,10.7454891050487,3.2263011376702,-4.84104706373799,10.7454891050487,1.17133632242339,-298.01367276161,8,1,"normal",31
"1432",5.88847,0.0695052291747991,0,200,0.00391843871526372,10.7454891050487,3.2263011376702,-4.84104706373799,10.7454891050487,1.17133632242339,-298.01367276161,8,1,"normal",32
"1433",15.25115,0.915442645733602,1,200,0.00391843871526372,10.7454891050487,3.2263011376702,-4.84104706373799,10.7454891050487,1.17133632242339,-298.01367276161,8,1,"normal",33
"1434",12.96301,0.752070316530035,1,200,0.00391843871526372,10.7454891050487,3.2263011376702,-4.84104706373799,10.7454891050487,1.17133632242339,-298.01367276161,8,1,"normal",34
"1435",11.75871,0.622292625995894,0,200,0.00391843871526372,10.7454891050487,3.2263011376702,-4.84104706373799,10.7454891050487,1.17133632242339,-298.01367276161,8,1,"normal",35
"1436",17.92514,0.98315480843225,1,200,0.00391843871526372,10.7454891050487,3.2263011376702,-4.84104706373799,10.7454891050487,1.17133632242339,-298.01367276161,8,1,"normal",36
"1437",2.44862,0.00893975282640776,0,200,0.00391843871526372,10.7454891050487,3.2263011376702,-4.84104706373799,10.7454891050487,1.17133632242339,-298.01367276161,8,1,"normal",37
"1438",13.34066,0.787143037850262,0,200,0.00391843871526372,10.7454891050487,3.2263011376702,-4.84104706373799,10.7454891050487,1.17133632242339,-298.01367276161,8,1,"normal",38
"1439",3.48408,0.0160253452055304,0,200,0.00391843871526372,10.7454891050487,3.2263011376702,-4.84104706373799,10.7454891050487,1.17133632242339,-298.01367276161,8,1,"normal",39
"1440",6.00849,0.0743807739664877,0,200,0.00391843871526372,10.7454891050487,3.2263011376702,-4.84104706373799,10.7454891050487,1.17133632242339,-298.01367276161,8,1,"normal",40
"1441",17.30168,0.975175310442102,1,200,0.00391843871526372,10.7454891050487,3.2263011376702,-4.84104706373799,10.7454891050487,1.17133632242339,-298.01367276161,8,1,"normal",41
"1442",5.90316,0.0700875508772327,0,200,0.00391843871526372,10.7454891050487,3.2263011376702,-4.84104706373799,10.7454891050487,1.17133632242339,-298.01367276161,8,1,"normal",42
"1443",3.58265,0.0170195999713035,0,200,0.00391843871526372,10.7454891050487,3.2263011376702,-4.84104706373799,10.7454891050487,1.17133632242339,-298.01367276161,8,1,"normal",43
"1444",17.1189,0.972162194855464,1,200,0.00391843871526372,10.7454891050487,3.2263011376702,-4.84104706373799,10.7454891050487,1.17133632242339,-298.01367276161,8,1,"normal",44
"1445",15.86827,0.940358024933597,1,200,0.00391843871526372,10.7454891050487,3.2263011376702,-4.84104706373799,10.7454891050487,1.17133632242339,-298.01367276161,8,1,"normal",45
"1446",15.41084,0.922578735066324,0,200,0.00391843871526372,10.7454891050487,3.2263011376702,-4.84104706373799,10.7454891050487,1.17133632242339,-298.01367276161,8,1,"normal",46
"1447",7.80879,0.183845962836563,1,200,0.00391843871526372,10.7454891050487,3.2263011376702,-4.84104706373799,10.7454891050487,1.17133632242339,-298.01367276161,8,1,"normal",47
"1448",6.37157,0.0908281602920036,0,200,0.00391843871526372,10.7454891050487,3.2263011376702,-4.84104706373799,10.7454891050487,1.17133632242339,-298.01367276161,8,1,"normal",48
"1449",13.90995,0.834023935602353,1,200,0.00391843871526372,10.7454891050487,3.2263011376702,-4.84104706373799,10.7454891050487,1.17133632242339,-298.01367276161,8,1,"normal",49
"1450",14.86462,0.896023946441509,0,200,0.00391843871526372,10.7454891050487,3.2263011376702,-4.84104706373799,10.7454891050487,1.17133632242339,-298.01367276161,8,1,"normal",50
"1451",6.64108,0.104777827231982,1,200,0.00391843871526372,10.7454891050487,3.2263011376702,-4.84104706373799,10.7454891050487,1.17133632242339,-298.01367276161,8,1,"normal",51
"1452",14.1219,0.849579827769152,1,200,0.00391843871526372,10.7454891050487,3.2263011376702,-4.84104706373799,10.7454891050487,1.17133632242339,-298.01367276161,8,1,"normal",52
"1453",7.28104,0.144262793288352,0,200,0.00391843871526372,10.7454891050487,3.2263011376702,-4.84104706373799,10.7454891050487,1.17133632242339,-298.01367276161,8,1,"normal",53
"1454",6.90725,0.120088566133458,0,200,0.00391843871526372,10.7454891050487,3.2263011376702,-4.84104706373799,10.7454891050487,1.17133632242339,-298.01367276161,8,1,"normal",54
"1455",4.50438,0.0302396193355759,0,200,0.00391843871526372,10.7454891050487,3.2263011376702,-4.84104706373799,10.7454891050487,1.17133632242339,-298.01367276161,8,1,"normal",55
"1456",7.14428,0.135050144621915,0,200,0.00391843871526372,10.7454891050487,3.2263011376702,-4.84104706373799,10.7454891050487,1.17133632242339,-298.01367276161,8,1,"normal",56
"1457",15.23064,0.914489471426203,0,200,0.00391843871526372,10.7454891050487,3.2263011376702,-4.84104706373799,10.7454891050487,1.17133632242339,-298.01367276161,8,1,"normal",57
"1458",16.14506,0.949347102441298,1,200,0.00391843871526372,10.7454891050487,3.2263011376702,-4.84104706373799,10.7454891050487,1.17133632242339,-298.01367276161,8,1,"normal",58
"1459",17.15706,0.972819736006419,1,200,0.00391843871526372,10.7454891050487,3.2263011376702,-4.84104706373799,10.7454891050487,1.17133632242339,-298.01367276161,8,1,"normal",59
"1460",19.17714,0.991634516160038,1,200,0.00391843871526372,10.7454891050487,3.2263011376702,-4.84104706373799,10.7454891050487,1.17133632242339,-298.01367276161,8,1,"normal",60
"1461",17.14621,0.97263434372636,1,200,0.00391843871526372,10.7454891050487,3.2263011376702,-4.84104706373799,10.7454891050487,1.17133632242339,-298.01367276161,8,1,"normal",61
"1462",16.14716,0.949410569408151,1,200,0.00391843871526372,10.7454891050487,3.2263011376702,-4.84104706373799,10.7454891050487,1.17133632242339,-298.01367276161,8,1,"normal",62
"1463",12.32857,0.68669884990885,0,200,0.00391843871526372,10.7454891050487,3.2263011376702,-4.84104706373799,10.7454891050487,1.17133632242339,-298.01367276161,8,1,"normal",63
"1464",13.1316,0.768105147733997,1,200,0.00391843871526372,10.7454891050487,3.2263011376702,-4.84104706373799,10.7454891050487,1.17133632242339,-298.01367276161,8,1,"normal",64
"1465",17.01518,0.970295650042413,1,200,0.00391843871526372,10.7454891050487,3.2263011376702,-4.84104706373799,10.7454891050487,1.17133632242339,-298.01367276161,8,1,"normal",65
"1466",14.38903,0.867715014065895,1,200,0.00391843871526372,10.7454891050487,3.2263011376702,-4.84104706373799,10.7454891050487,1.17133632242339,-298.01367276161,8,1,"normal",66
"1467",15.19919,0.913011428753457,1,200,0.00391843871526372,10.7454891050487,3.2263011376702,-4.84104706373799,10.7454891050487,1.17133632242339,-298.01367276161,8,1,"normal",67
"1468",13.97649,0.839019131165762,1,200,0.00391843871526372,10.7454891050487,3.2263011376702,-4.84104706373799,10.7454891050487,1.17133632242339,-298.01367276161,8,1,"normal",68
"1469",4.70948,0.0343591351562167,0,200,0.00391843871526372,10.7454891050487,3.2263011376702,-4.84104706373799,10.7454891050487,1.17133632242339,-298.01367276161,8,1,"normal",69
"1470",7.504,0.160202829109508,0,200,0.00391843871526372,10.7454891050487,3.2263011376702,-4.84104706373799,10.7454891050487,1.17133632242339,-298.01367276161,8,1,"normal",70
"1471",8.35274,0.231275791412453,0,200,0.00391843871526372,10.7454891050487,3.2263011376702,-4.84104706373799,10.7454891050487,1.17133632242339,-298.01367276161,8,1,"normal",71
"1472",14.32129,0.863270579697858,1,200,0.00391843871526372,10.7454891050487,3.2263011376702,-4.84104706373799,10.7454891050487,1.17133632242339,-298.01367276161,8,1,"normal",72
"1473",6.32416,0.0885308486598579,0,200,0.00391843871526372,10.7454891050487,3.2263011376702,-4.84104706373799,10.7454891050487,1.17133632242339,-298.01367276161,8,1,"normal",73
"1474",16.01151,0.945166748655635,1,200,0.00391843871526372,10.7454891050487,3.2263011376702,-4.84104706373799,10.7454891050487,1.17133632242339,-298.01367276161,8,1,"normal",74
"1475",7.34799,0.1489290382896,0,200,0.00391843871526372,10.7454891050487,3.2263011376702,-4.84104706373799,10.7454891050487,1.17133632242339,-298.01367276161,8,1,"normal",75
"1476",4.81827,0.0367525101787074,0,200,0.00391843871526372,10.7454891050487,3.2263011376702,-4.84104706373799,10.7454891050487,1.17133632242339,-298.01367276161,8,1,"normal",76
"1477",8.4887,0.244141602393601,0,200,0.00391843871526372,10.7454891050487,3.2263011376702,-4.84104706373799,10.7454891050487,1.17133632242339,-298.01367276161,8,1,"normal",77
"1478",8.2992,0.226317409433372,0,200,0.00391843871526372,10.7454891050487,3.2263011376702,-4.84104706373799,10.7454891050487,1.17133632242339,-298.01367276161,8,1,"normal",78
"1479",19.03667,0.991034620795734,1,200,0.00391843871526372,10.7454891050487,3.2263011376702,-4.84104706373799,10.7454891050487,1.17133632242339,-298.01367276161,8,1,"normal",79
"1480",184.97603335,0.996081561284736,1,200,0.00391843871526372,10.7454891050487,3.2263011376702,-4.84104706373799,10.7454891050487,1.17133632242339,-298.01367276161,8,1,"normal",80
"1481",15.58708,0.929883080719167,1,200,0.00391843871526372,10.7454891050487,3.2263011376702,-4.84104706373799,10.7454891050487,1.17133632242339,-298.01367276161,8,1,"normal",81
"1482",8.01985,0.201464141930246,0,200,0.00391843871526372,10.7454891050487,3.2263011376702,-4.84104706373799,10.7454891050487,1.17133632242339,-298.01367276161,8,1,"normal",82
"1483",6.62172,0.103724414080903,0,200,0.00391843871526372,10.7454891050487,3.2263011376702,-4.84104706373799,10.7454891050487,1.17133632242339,-298.01367276161,8,1,"normal",83
"1484",6.40529,0.0924902115107215,0,200,0.00391843871526372,10.7454891050487,3.2263011376702,-4.84104706373799,10.7454891050487,1.17133632242339,-298.01367276161,8,1,"normal",84
"1485",7.63435,0.170052637694472,0,200,0.00391843871526372,10.7454891050487,3.2263011376702,-4.84104706373799,10.7454891050487,1.17133632242339,-298.01367276161,8,1,"normal",85
"1486",14.89932,0.897895359898272,1,200,0.00391843871526372,10.7454891050487,3.2263011376702,-4.84104706373799,10.7454891050487,1.17133632242339,-298.01367276161,8,1,"normal",86
"1487",7.35798,0.149634149399108,0,200,0.00391843871526372,10.7454891050487,3.2263011376702,-4.84104706373799,10.7454891050487,1.17133632242339,-298.01367276161,8,1,"normal",87
"1488",14.05599,0.844853364704465,1,200,0.00391843871526372,10.7454891050487,3.2263011376702,-4.84104706373799,10.7454891050487,1.17133632242339,-298.01367276161,8,1,"normal",88
"1489",6.93481,0.121763270843583,0,200,0.00391843871526372,10.7454891050487,3.2263011376702,-4.84104706373799,10.7454891050487,1.17133632242339,-298.01367276161,8,1,"normal",89
"1490",16.48007,0.958630061777049,1,200,0.00391843871526372,10.7454891050487,3.2263011376702,-4.84104706373799,10.7454891050487,1.17133632242339,-298.01367276161,8,1,"normal",90
"1491",13.45747,0.797361026522144,1,200,0.00391843871526372,10.7454891050487,3.2263011376702,-4.84104706373799,10.7454891050487,1.17133632242339,-298.01367276161,8,1,"normal",91
"1492",9.12448,0.309187694718826,0,200,0.00391843871526372,10.7454891050487,3.2263011376702,-4.84104706373799,10.7454891050487,1.17133632242339,-298.01367276161,8,1,"normal",92
"1493",7.65158,0.171383914410412,0,200,0.00391843871526372,10.7454891050487,3.2263011376702,-4.84104706373799,10.7454891050487,1.17133632242339,-298.01367276161,8,1,"normal",93
"1494",14.44182,0.871106346388557,1,200,0.00391843871526372,10.7454891050487,3.2263011376702,-4.84104706373799,10.7454891050487,1.17133632242339,-298.01367276161,8,1,"normal",94
"1495",8.41744,0.237349583263601,0,200,0.00391843871526372,10.7454891050487,3.2263011376702,-4.84104706373799,10.7454891050487,1.17133632242339,-298.01367276161,8,1,"normal",95
"1496",7.63322,0.169965567108781,1,200,0.00391843871526372,10.7454891050487,3.2263011376702,-4.84104706373799,10.7454891050487,1.17133632242339,-298.01367276161,8,1,"normal",96
"1497",16.13651,0.949087986539382,1,200,0.00391843871526372,10.7454891050487,3.2263011376702,-4.84104706373799,10.7454891050487,1.17133632242339,-298.01367276161,8,1,"normal",97
"1498",14.95171,0.900672103298697,1,200,0.00391843871526372,10.7454891050487,3.2263011376702,-4.84104706373799,10.7454891050487,1.17133632242339,-298.01367276161,8,1,"normal",98
"1499",8.03394,0.202676182864651,0,200,0.00391843871526372,10.7454891050487,3.2263011376702,-4.84104706373799,10.7454891050487,1.17133632242339,-298.01367276161,8,1,"normal",99
"1500",15.51126,0.926812652854809,1,200,0.00391843871526372,10.7454891050487,3.2263011376702,-4.84104706373799,10.7454891050487,1.17133632242339,-298.01367276161,8,1,"normal",100
"1501",6.75724,0.111268629127373,0,200,0.00391843871526372,10.7454891050487,3.2263011376702,-4.84104706373799,10.7454891050487,1.17133632242339,-298.01367276161,8,1,"normal",101
"1502",15.29678,0.917533070246683,1,200,0.00391843871526372,10.7454891050487,3.2263011376702,-4.84104706373799,10.7454891050487,1.17133632242339,-298.01367276161,8,1,"normal",102
"1503",15.72551,0.93521602774807,1,200,0.00391843871526372,10.7454891050487,3.2263011376702,-4.84104706373799,10.7454891050487,1.17133632242339,-298.01367276161,8,1,"normal",103
"1504",6.88648,0.118837652931932,1,200,0.00391843871526372,10.7454891050487,3.2263011376702,-4.84104706373799,10.7454891050487,1.17133632242339,-298.01367276161,8,1,"normal",104
"1505",15.30504,0.917907055526741,1,200,0.00391843871526372,10.7454891050487,3.2263011376702,-4.84104706373799,10.7454891050487,1.17133632242339,-298.01367276161,8,1,"normal",105
"1506",7.85946,0.187983251349583,0,200,0.00391843871526372,10.7454891050487,3.2263011376702,-4.84104706373799,10.7454891050487,1.17133632242339,-298.01367276161,8,1,"normal",106
"1507",8.99336,0.295156496885032,0,200,0.00391843871526372,10.7454891050487,3.2263011376702,-4.84104706373799,10.7454891050487,1.17133632242339,-298.01367276161,8,1,"normal",107
"1508",13.87212,0.831138497966995,1,200,0.00391843871526372,10.7454891050487,3.2263011376702,-4.84104706373799,10.7454891050487,1.17133632242339,-298.01367276161,8,1,"normal",108
"1509",7.85954,0.187989829815091,0,200,0.00391843871526372,10.7454891050487,3.2263011376702,-4.84104706373799,10.7454891050487,1.17133632242339,-298.01367276161,8,1,"normal",109
"1510",13.79077,0.82482196681012,1,200,0.00391843871526372,10.7454891050487,3.2263011376702,-4.84104706373799,10.7454891050487,1.17133632242339,-298.01367276161,8,1,"normal",110
"1511",7.8352,0.185995066719739,0,200,0.00391843871526372,10.7454891050487,3.2263011376702,-4.84104706373799,10.7454891050487,1.17133632242339,-298.01367276161,8,1,"normal",111
"1512",8.03077,0.202403106354145,0,200,0.00391843871526372,10.7454891050487,3.2263011376702,-4.84104706373799,10.7454891050487,1.17133632242339,-298.01367276161,8,1,"normal",112
"1513",8.11078,0.209364308120551,1,200,0.00391843871526372,10.7454891050487,3.2263011376702,-4.84104706373799,10.7454891050487,1.17133632242339,-298.01367276161,8,1,"normal",113
"1514",8.91582,0.287001994399003,0,200,0.00391843871526372,10.7454891050487,3.2263011376702,-4.84104706373799,10.7454891050487,1.17133632242339,-298.01367276161,8,1,"normal",114
"1515",14.25614,0.858897371561067,1,200,0.00391843871526372,10.7454891050487,3.2263011376702,-4.84104706373799,10.7454891050487,1.17133632242339,-298.01367276161,8,1,"normal",115
"1516",15.15007,0.910662849616938,1,200,0.00391843871526372,10.7454891050487,3.2263011376702,-4.84104706373799,10.7454891050487,1.17133632242339,-298.01367276161,8,1,"normal",116
"1517",6.74591,0.110622603168338,1,200,0.00391843871526372,10.7454891050487,3.2263011376702,-4.84104706373799,10.7454891050487,1.17133632242339,-298.01367276161,8,1,"normal",117
"1518",14.30702,0.862320994646966,1,200,0.00391843871526372,10.7454891050487,3.2263011376702,-4.84104706373799,10.7454891050487,1.17133632242339,-298.01367276161,8,1,"normal",118
"1519",7.84215,0.186563268748359,0,200,0.00391843871526372,10.7454891050487,3.2263011376702,-4.84104706373799,10.7454891050487,1.17133632242339,-298.01367276161,8,1,"normal",119
"1520",8.07005,0.205802745164103,0,200,0.00391843871526372,10.7454891050487,3.2263011376702,-4.84104706373799,10.7454891050487,1.17133632242339,-298.01367276161,8,1,"normal",120
"1521",14.05728,0.84494683196916,1,200,0.00391843871526372,10.7454891050487,3.2263011376702,-4.84104706373799,10.7454891050487,1.17133632242339,-298.01367276161,8,1,"normal",121
"1522",8.40775,0.236434257493557,0,200,0.00391843871526372,10.7454891050487,3.2263011376702,-4.84104706373799,10.7454891050487,1.17133632242339,-298.01367276161,8,1,"normal",122
"1523",8.78149,0.273138214395364,0,200,0.00391843871526372,10.7454891050487,3.2263011376702,-4.84104706373799,10.7454891050487,1.17133632242339,-298.01367276161,8,1,"normal",123
"1524",13.65417,0.813873551029404,1,200,0.00391843871526372,10.7454891050487,3.2263011376702,-4.84104706373799,10.7454891050487,1.17133632242339,-298.01367276161,8,1,"normal",124
"1525",8.51732,0.246899327026224,0,200,0.00391843871526372,10.7454891050487,3.2263011376702,-4.84104706373799,10.7454891050487,1.17133632242339,-298.01367276161,8,1,"normal",125
"1526",13.40723,0.793003569662291,1,200,0.00391843871526372,10.7454891050487,3.2263011376702,-4.84104706373799,10.7454891050487,1.17133632242339,-298.01367276161,8,1,"normal",126
"1527",12.54612,0.709956956631966,1,200,0.00391843871526372,10.7454891050487,3.2263011376702,-4.84104706373799,10.7454891050487,1.17133632242339,-298.01367276161,8,1,"normal",127
"1528",14.60107,0.88095653828886,1,200,0.00391843871526372,10.7454891050487,3.2263011376702,-4.84104706373799,10.7454891050487,1.17133632242339,-298.01367276161,8,1,"normal",128
"1529",8.47673,0.242993267450006,0,200,0.00391843871526372,10.7454891050487,3.2263011376702,-4.84104706373799,10.7454891050487,1.17133632242339,-298.01367276161,8,1,"normal",129
"1530",9.40161,0.339773540878385,1,200,0.00391843871526372,10.7454891050487,3.2263011376702,-4.84104706373799,10.7454891050487,1.17133632242339,-298.01367276161,8,1,"normal",130
"1531",7.00168,0.125897363191934,0,200,0.00391843871526372,10.7454891050487,3.2263011376702,-4.84104706373799,10.7454891050487,1.17133632242339,-298.01367276161,8,1,"normal",131
"1532",13.19378,0.773866779164894,1,200,0.00391843871526372,10.7454891050487,3.2263011376702,-4.84104706373799,10.7454891050487,1.17133632242339,-298.01367276161,8,1,"normal",132
"1533",7.84204,0.186554267034322,0,200,0.00391843871526372,10.7454891050487,3.2263011376702,-4.84104706373799,10.7454891050487,1.17133632242339,-298.01367276161,8,1,"normal",133
"1534",8.33134,0.229286519813576,0,200,0.00391843871526372,10.7454891050487,3.2263011376702,-4.84104706373799,10.7454891050487,1.17133632242339,-298.01367276161,8,1,"normal",134
"1535",6.5249,0.0985765465432164,0,200,0.00391843871526372,10.7454891050487,3.2263011376702,-4.84104706373799,10.7454891050487,1.17133632242339,-298.01367276161,8,1,"normal",135
"1536",13.63901,0.812632157900456,1,200,0.00391843871526372,10.7454891050487,3.2263011376702,-4.84104706373799,10.7454891050487,1.17133632242339,-298.01367276161,8,1,"normal",136
"1537",7.67121,0.172908956918383,0,200,0.00391843871526372,10.7454891050487,3.2263011376702,-4.84104706373799,10.7454891050487,1.17133632242339,-298.01367276161,8,1,"normal",137
"1538",13.20835,0.775204779305924,1,200,0.00391843871526372,10.7454891050487,3.2263011376702,-4.84104706373799,10.7454891050487,1.17133632242339,-298.01367276161,8,1,"normal",138
"1539",7.39986,0.152615107936071,1,200,0.00391843871526372,10.7454891050487,3.2263011376702,-4.84104706373799,10.7454891050487,1.17133632242339,-298.01367276161,8,1,"normal",139
"1540",6.64783,0.105147003822432,0,200,0.00391843871526372,10.7454891050487,3.2263011376702,-4.84104706373799,10.7454891050487,1.17133632242339,-298.01367276161,8,1,"normal",140
"1541",14.07322,0.846098603792972,1,200,0.00391843871526372,10.7454891050487,3.2263011376702,-4.84104706373799,10.7454891050487,1.17133632242339,-298.01367276161,8,1,"normal",141
"1542",8.03625,0.202875317624921,1,200,0.00391843871526372,10.7454891050487,3.2263011376702,-4.84104706373799,10.7454891050487,1.17133632242339,-298.01367276161,8,1,"normal",142
"1543",6.9949,0.125473630591192,0,200,0.00391843871526372,10.7454891050487,3.2263011376702,-4.84104706373799,10.7454891050487,1.17133632242339,-298.01367276161,8,1,"normal",143
"1544",7.02618,0.12743717877797,0,200,0.00391843871526372,10.7454891050487,3.2263011376702,-4.84104706373799,10.7454891050487,1.17133632242339,-298.01367276161,8,1,"normal",144
"1545",6.58981,0.10200568699198,0,200,0.00391843871526372,10.7454891050487,3.2263011376702,-4.84104706373799,10.7454891050487,1.17133632242339,-298.01367276161,8,1,"normal",145
"1546",15.60443,0.930570657329669,1,200,0.00391843871526372,10.7454891050487,3.2263011376702,-4.84104706373799,10.7454891050487,1.17133632242339,-298.01367276161,8,1,"normal",146
"1547",13.20595,0.774984697674519,1,200,0.00391843871526372,10.7454891050487,3.2263011376702,-4.84104706373799,10.7454891050487,1.17133632242339,-298.01367276161,8,1,"normal",147
"1548",14.19124,0.854444350305273,1,200,0.00391843871526372,10.7454891050487,3.2263011376702,-4.84104706373799,10.7454891050487,1.17133632242339,-298.01367276161,8,1,"normal",148
"1549",7.82366,0.185054042645159,0,200,0.00391843871526372,10.7454891050487,3.2263011376702,-4.84104706373799,10.7454891050487,1.17133632242339,-298.01367276161,8,1,"normal",149
"1550",12.51878,0.707079753931011,1,200,0.00391843871526372,10.7454891050487,3.2263011376702,-4.84104706373799,10.7454891050487,1.17133632242339,-298.01367276161,8,1,"normal",150
"1551",13.54747,0.805025110272398,1,200,0.00391843871526372,10.7454891050487,3.2263011376702,-4.84104706373799,10.7454891050487,1.17133632242339,-298.01367276161,8,1,"normal",151
"1552",7.54338,0.163137249335089,0,200,0.00391843871526372,10.7454891050487,3.2263011376702,-4.84104706373799,10.7454891050487,1.17133632242339,-298.01367276161,8,1,"normal",152
"1553",13.93655,0.836033063041447,1,200,0.00391843871526372,10.7454891050487,3.2263011376702,-4.84104706373799,10.7454891050487,1.17133632242339,-298.01367276161,8,1,"normal",153
"1554",7.68826,0.174240756785916,0,200,0.00391843871526372,10.7454891050487,3.2263011376702,-4.84104706373799,10.7454891050487,1.17133632242339,-298.01367276161,8,1,"normal",154
"1555",12.85848,0.741832358969898,0,200,0.00391843871526372,10.7454891050487,3.2263011376702,-4.84104706373799,10.7454891050487,1.17133632242339,-298.01367276161,8,1,"normal",155
"1556",8.15732,0.213479084878461,0,200,0.00391843871526372,10.7454891050487,3.2263011376702,-4.84104706373799,10.7454891050487,1.17133632242339,-298.01367276161,8,1,"normal",156
"1557",7.28351,0.144433117365767,0,200,0.00391843871526372,10.7454891050487,3.2263011376702,-4.84104706373799,10.7454891050487,1.17133632242339,-298.01367276161,8,1,"normal",157
"1558",8.26101,0.222818453513021,1,200,0.00391843871526372,10.7454891050487,3.2263011376702,-4.84104706373799,10.7454891050487,1.17133632242339,-298.01367276161,8,1,"normal",158
"1559",13.18791,0.773326423465099,0,200,0.00391843871526372,10.7454891050487,3.2263011376702,-4.84104706373799,10.7454891050487,1.17133632242339,-298.01367276161,8,1,"normal",159
"1560",13.72096,0.819280168134585,0,200,0.00391843871526372,10.7454891050487,3.2263011376702,-4.84104706373799,10.7454891050487,1.17133632242339,-298.01367276161,8,1,"normal",160
"1561",12.26723,0.679996126178611,0,200,0.00391843871526372,10.7454891050487,3.2263011376702,-4.84104706373799,10.7454891050487,1.17133632242339,-298.01367276161,8,1,"normal",161
"1562",15.32221,0.918680136704814,1,200,0.00391843871526372,10.7454891050487,3.2263011376702,-4.84104706373799,10.7454891050487,1.17133632242339,-298.01367276161,8,1,"normal",162
"1563",14.23426,0.85740689499908,1,200,0.00391843871526372,10.7454891050487,3.2263011376702,-4.84104706373799,10.7454891050487,1.17133632242339,-298.01367276161,8,1,"normal",163
"1564",12.7138,0.727301125193024,1,200,0.00391843871526372,10.7454891050487,3.2263011376702,-4.84104706373799,10.7454891050487,1.17133632242339,-298.01367276161,8,1,"normal",164
"1565",13.91798,0.834632169588369,1,200,0.00391843871526372,10.7454891050487,3.2263011376702,-4.84104706373799,10.7454891050487,1.17133632242339,-298.01367276161,8,1,"normal",165
"1566",7.26706,0.143301410307062,0,200,0.00391843871526372,10.7454891050487,3.2263011376702,-4.84104706373799,10.7454891050487,1.17133632242339,-298.01367276161,8,1,"normal",166
"1567",7.30417,0.145863254927288,0,200,0.00391843871526372,10.7454891050487,3.2263011376702,-4.84104706373799,10.7454891050487,1.17133632242339,-298.01367276161,8,1,"normal",167
"1568",13.37116,0.789840351174669,0,200,0.00391843871526372,10.7454891050487,3.2263011376702,-4.84104706373799,10.7454891050487,1.17133632242339,-298.01367276161,8,1,"normal",168
"1569",14.67376,0.885264550024448,1,200,0.00391843871526372,10.7454891050487,3.2263011376702,-4.84104706373799,10.7454891050487,1.17133632242339,-298.01367276161,8,1,"normal",169
"1570",7.09405,0.131773572197563,0,200,0.00391843871526372,10.7454891050487,3.2263011376702,-4.84104706373799,10.7454891050487,1.17133632242339,-298.01367276161,8,1,"normal",170
"1571",6.95093,0.122750683548915,1,200,0.00391843871526372,10.7454891050487,3.2263011376702,-4.84104706373799,10.7454891050487,1.17133632242339,-298.01367276161,8,1,"normal",171
"1572",7.91036,0.192198251838339,0,200,0.00391843871526372,10.7454891050487,3.2263011376702,-4.84104706373799,10.7454891050487,1.17133632242339,-298.01367276161,8,1,"normal",172
"1573",14.18459,0.853982612397696,1,200,0.00391843871526372,10.7454891050487,3.2263011376702,-4.84104706373799,10.7454891050487,1.17133632242339,-298.01367276161,8,1,"normal",173
"1574",7.0869,0.131311825800581,0,200,0.00391843871526372,10.7454891050487,3.2263011376702,-4.84104706373799,10.7454891050487,1.17133632242339,-298.01367276161,8,1,"normal",174
"1575",7.76273,0.180136035878966,0,200,0.00391843871526372,10.7454891050487,3.2263011376702,-4.84104706373799,10.7454891050487,1.17133632242339,-298.01367276161,8,1,"normal",175
"1576",8.46183,0.241568025902401,1,200,0.00391843871526372,10.7454891050487,3.2263011376702,-4.84104706373799,10.7454891050487,1.17133632242339,-298.01367276161,8,1,"normal",176
"1577",7.29454,0.145195422819932,1,200,0.00391843871526372,10.7454891050487,3.2263011376702,-4.84104706373799,10.7454891050487,1.17133632242339,-298.01367276161,8,1,"normal",177
"1578",14.38675,0.867567119415319,1,200,0.00391843871526372,10.7454891050487,3.2263011376702,-4.84104706373799,10.7454891050487,1.17133632242339,-298.01367276161,8,1,"normal",178
"1579",7.66972,0.172792888688092,0,200,0.00391843871526372,10.7454891050487,3.2263011376702,-4.84104706373799,10.7454891050487,1.17133632242339,-298.01367276161,8,1,"normal",179
"1580",14.85505,0.895503278386719,1,200,0.00391843871526372,10.7454891050487,3.2263011376702,-4.84104706373799,10.7454891050487,1.17133632242339,-298.01367276161,8,1,"normal",180
"1581",13.57585,0.807403877360143,1,200,0.00391843871526372,10.7454891050487,3.2263011376702,-4.84104706373799,10.7454891050487,1.17133632242339,-298.01367276161,8,1,"normal",181
"1582",7.89351,0.190796385780678,1,200,0.00391843871526372,10.7454891050487,3.2263011376702,-4.84104706373799,10.7454891050487,1.17133632242339,-298.01367276161,8,1,"normal",182
"1583",13.7092,0.818335608356002,1,200,0.00391843871526372,10.7454891050487,3.2263011376702,-4.84104706373799,10.7454891050487,1.17133632242339,-298.01367276161,8,1,"normal",183
"1584",13.60241,0.809613531110045,1,200,0.00391843871526372,10.7454891050487,3.2263011376702,-4.84104706373799,10.7454891050487,1.17133632242339,-298.01367276161,8,1,"normal",184
"1585",8.95153,0.290743921401079,1,200,0.00391843871526372,10.7454891050487,3.2263011376702,-4.84104706373799,10.7454891050487,1.17133632242339,-298.01367276161,8,1,"normal",185
"1586",14.18863,0.854263247920193,1,200,0.00391843871526372,10.7454891050487,3.2263011376702,-4.84104706373799,10.7454891050487,1.17133632242339,-298.01367276161,8,1,"normal",186
"1587",7.05671,0.12937492835791,0,200,0.00391843871526372,10.7454891050487,3.2263011376702,-4.84104706373799,10.7454891050487,1.17133632242339,-298.01367276161,8,1,"normal",187
"1588",7.32832,0.147547405008151,0,200,0.00391843871526372,10.7454891050487,3.2263011376702,-4.84104706373799,10.7454891050487,1.17133632242339,-298.01367276161,8,1,"normal",188
"1589",13.26571,0.780427440626941,1,200,0.00391843871526372,10.7454891050487,3.2263011376702,-4.84104706373799,10.7454891050487,1.17133632242339,-298.01367276161,8,1,"normal",189
"1590",6.76971,0.111982905969655,0,200,0.00391843871526372,10.7454891050487,3.2263011376702,-4.84104706373799,10.7454891050487,1.17133632242339,-298.01367276161,8,1,"normal",190
"1591",12.88639,0.74458768009537,1,200,0.00391843871526372,10.7454891050487,3.2263011376702,-4.84104706373799,10.7454891050487,1.17133632242339,-298.01367276161,8,1,"normal",191
"1592",13.48372,0.799615244232249,1,200,0.00391843871526372,10.7454891050487,3.2263011376702,-4.84104706373799,10.7454891050487,1.17133632242339,-298.01367276161,8,1,"normal",192
"1593",6.70772,0.108465692000634,0,200,0.00391843871526372,10.7454891050487,3.2263011376702,-4.84104706373799,10.7454891050487,1.17133632242339,-298.01367276161,8,1,"normal",193
"1594",12.78391,0.734394224688444,0,200,0.00391843871526372,10.7454891050487,3.2263011376702,-4.84104706373799,10.7454891050487,1.17133632242339,-298.01367276161,8,1,"normal",194
"1595",14.15644,0.852016785559673,0,200,0.00391843871526372,10.7454891050487,3.2263011376702,-4.84104706373799,10.7454891050487,1.17133632242339,-298.01367276161,8,1,"normal",195
"1596",7.45079,0.156294670547702,0,200,0.00391843871526372,10.7454891050487,3.2263011376702,-4.84104706373799,10.7454891050487,1.17133632242339,-298.01367276161,8,1,"normal",196
"1597",13.28319,0.782004714360939,1,200,0.00391843871526372,10.7454891050487,3.2263011376702,-4.84104706373799,10.7454891050487,1.17133632242339,-298.01367276161,8,1,"normal",197
"1598",13.11628,0.766672851012127,1,200,0.00391843871526372,10.7454891050487,3.2263011376702,-4.84104706373799,10.7454891050487,1.17133632242339,-298.01367276161,8,1,"normal",198
"1599",14.52399,0.876259902475536,1,200,0.00391843871526372,10.7454891050487,3.2263011376702,-4.84104706373799,10.7454891050487,1.17133632242339,-298.01367276161,8,1,"normal",199
"1600",7.49599,0.159610337425192,0,200,0.00391843871526372,10.7454891050487,3.2263011376702,-4.84104706373799,10.7454891050487,1.17133632242339,-298.01367276161,8,1,"normal",200
"1601",8.4776560936,0.644907239215999,1,200,0.0197246932142989,6.26457290844626,5.70912984299808,-3.19248818181497,6.26457290844626,1.74206662028595,969.958935112139,9,1,"normal",1
"1602",-6.47944984099,0.0320200072732599,0,200,0.0197246932142989,6.26457290844626,5.70912984299808,-3.19248818181497,6.26457290844626,1.74206662028595,969.958935112139,9,1,"normal",2
"1603",1.128242358,0.196608219022482,0,200,0.0197246932142989,6.26457290844626,5.70912984299808,-3.19248818181497,6.26457290844626,1.74206662028595,969.958935112139,9,1,"normal",3
"1604",4.2517668028,0.367645225920761,0,200,0.0197246932142989,6.26457290844626,5.70912984299808,-3.19248818181497,6.26457290844626,1.74206662028595,969.958935112139,9,1,"normal",4
"1605",14.43459,0.907072920842898,1,200,0.0197246932142989,6.26457290844626,5.70912984299808,-3.19248818181497,6.26457290844626,1.74206662028595,969.958935112139,9,1,"normal",5
"1606",6.52861,0.517716198717152,0,200,0.0197246932142989,6.26457290844626,5.70912984299808,-3.19248818181497,6.26457290844626,1.74206662028595,969.958935112139,9,1,"normal",6
"1607",16.19971,0.940978919914036,1,200,0.0197246932142989,6.26457290844626,5.70912984299808,-3.19248818181497,6.26457290844626,1.74206662028595,969.958935112139,9,1,"normal",7
"1608",36.8592,0.980275266571039,1,200,0.0197246932142989,6.26457290844626,5.70912984299808,-3.19248818181497,6.26457290844626,1.74206662028595,969.958935112139,9,1,"normal",8
"1609",1.18023,0.198945842382495,1,200,0.0197246932142989,6.26457290844626,5.70912984299808,-3.19248818181497,6.26457290844626,1.74206662028595,969.958935112139,9,1,"normal",9
"1610",-1.93543,0.0922068842036027,0,200,0.0197246932142989,6.26457290844626,5.70912984299808,-3.19248818181497,6.26457290844626,1.74206662028595,969.958935112139,9,1,"normal",10
"1611",15.13378,0.922497879953536,1,200,0.0197246932142989,6.26457290844626,5.70912984299808,-3.19248818181497,6.26457290844626,1.74206662028595,969.958935112139,9,1,"normal",11
"1612",13.19238,0.872235661575178,1,200,0.0197246932142989,6.26457290844626,5.70912984299808,-3.19248818181497,6.26457290844626,1.74206662028595,969.958935112139,9,1,"normal",12
"1613",17.89788,0.960303913854386,1,200,0.0197246932142989,6.26457290844626,5.70912984299808,-3.19248818181497,6.26457290844626,1.74206662028595,969.958935112139,9,1,"normal",13
"1614",1.6318,0.22004622255346,0,200,0.0197246932142989,6.26457290844626,5.70912984299808,-3.19248818181497,6.26457290844626,1.74206662028595,969.958935112139,9,1,"normal",14
"1615",0.48046,0.169088495364738,0,200,0.0197246932142989,6.26457290844626,5.70912984299808,-3.19248818181497,6.26457290844626,1.74206662028595,969.958935112139,9,1,"normal",15
"1616",8.45333,0.643391373593753,1,200,0.0197246932142989,6.26457290844626,5.70912984299808,-3.19248818181497,6.26457290844626,1.74206662028595,969.958935112139,9,1,"normal",16
"1617",10.48698,0.759564939268617,1,200,0.0197246932142989,6.26457290844626,5.70912984299808,-3.19248818181497,6.26457290844626,1.74206662028595,969.958935112139,9,1,"normal",17
"1618",14.81689,0.915855305852517,1,200,0.0197246932142989,6.26457290844626,5.70912984299808,-3.19248818181497,6.26457290844626,1.74206662028595,969.958935112139,9,1,"normal",18
"1619",1.653908,0.221115534237143,0,200,0.0197246932142989,6.26457290844626,5.70912984299808,-3.19248818181497,6.26457290844626,1.74206662028595,969.958935112139,9,1,"normal",19
"1620",1.54903,0.216072668954597,0,200,0.0197246932142989,6.26457290844626,5.70912984299808,-3.19248818181497,6.26457290844626,1.74206662028595,969.958935112139,9,1,"normal",20
"1621",11.85574,0.823026898035456,1,200,0.0197246932142989,6.26457290844626,5.70912984299808,-3.19248818181497,6.26457290844626,1.74206662028595,969.958935112139,9,1,"normal",21
"1622",11.84903,0.822747922393261,1,200,0.0197246932142989,6.26457290844626,5.70912984299808,-3.19248818181497,6.26457290844626,1.74206662028595,969.958935112139,9,1,"normal",22
"1623",4.41391,0.377922684520773,1,200,0.0197246932142989,6.26457290844626,5.70912984299808,-3.19248818181497,6.26457290844626,1.74206662028595,969.958935112139,9,1,"normal",23
"1624",5.76321,0.466391070688073,0,200,0.0197246932142989,6.26457290844626,5.70912984299808,-3.19248818181497,6.26457290844626,1.74206662028595,969.958935112139,9,1,"normal",24
"1625",7.02665,0.551000112038818,1,200,0.0197246932142989,6.26457290844626,5.70912984299808,-3.19248818181497,6.26457290844626,1.74206662028595,969.958935112139,9,1,"normal",25
"1626",8.40767,0.640539425841442,0,200,0.0197246932142989,6.26457290844626,5.70912984299808,-3.19248818181497,6.26457290844626,1.74206662028595,969.958935112139,9,1,"normal",26
"1627",-9.73387,0.0221619270900997,0,200,0.0197246932142989,6.26457290844626,5.70912984299808,-3.19248818181497,6.26457290844626,1.74206662028595,969.958935112139,9,1,"normal",27
"1628",11.40522,0.80358501713522,1,200,0.0197246932142989,6.26457290844626,5.70912984299808,-3.19248818181497,6.26457290844626,1.74206662028595,969.958935112139,9,1,"normal",28
"1629",9.73054,0.719106467492662,1,200,0.0197246932142989,6.26457290844626,5.70912984299808,-3.19248818181497,6.26457290844626,1.74206662028595,969.958935112139,9,1,"normal",29
"1630",10.98983,0.784390585330139,1,200,0.0197246932142989,6.26457290844626,5.70912984299808,-3.19248818181497,6.26457290844626,1.74206662028595,969.958935112139,9,1,"normal",30
"1631",4.16846,0.362404181030162,1,200,0.0197246932142989,6.26457290844626,5.70912984299808,-3.19248818181497,6.26457290844626,1.74206662028595,969.958935112139,9,1,"normal",31
"1632",2.61613,0.27080673049579,0,200,0.0197246932142989,6.26457290844626,5.70912984299808,-3.19248818181497,6.26457290844626,1.74206662028595,969.958935112139,9,1,"normal",32
"1633",-1.01786,0.116790830584271,0,200,0.0197246932142989,6.26457290844626,5.70912984299808,-3.19248818181497,6.26457290844626,1.74206662028595,969.958935112139,9,1,"normal",33
"1634",1.46291,0.211988502766649,1,200,0.0197246932142989,6.26457290844626,5.70912984299808,-3.19248818181497,6.26457290844626,1.74206662028595,969.958935112139,9,1,"normal",34
"1635",1.29171,0.204022653628473,0,200,0.0197246932142989,6.26457290844626,5.70912984299808,-3.19248818181497,6.26457290844626,1.74206662028595,969.958935112139,9,1,"normal",35
"1636",0.59885,0.173894957888406,0,200,0.0197246932142989,6.26457290844626,5.70912984299808,-3.19248818181497,6.26457290844626,1.74206662028595,969.958935112139,9,1,"normal",36
"1637",11.90642,0.825123608162056,1,200,0.0197246932142989,6.26457290844626,5.70912984299808,-3.19248818181497,6.26457290844626,1.74206662028595,969.958935112139,9,1,"normal",37
"1638",1.1012,0.195399798326623,0,200,0.0197246932142989,6.26457290844626,5.70912984299808,-3.19248818181497,6.26457290844626,1.74206662028595,969.958935112139,9,1,"normal",38
"1639",4.46377,0.381102518764537,0,200,0.0197246932142989,6.26457290844626,5.70912984299808,-3.19248818181497,6.26457290844626,1.74206662028595,969.958935112139,9,1,"normal",39
"1640",-0.0202900000000001,0.149862221793381,0,200,0.0197246932142989,6.26457290844626,5.70912984299808,-3.19248818181497,6.26457290844626,1.74206662028595,969.958935112139,9,1,"normal",40
"1641",1.1933,0.199536530422197,0,200,0.0197246932142989,6.26457290844626,5.70912984299808,-3.19248818181497,6.26457290844626,1.74206662028595,969.958935112139,9,1,"normal",41
"1642",3.82499,0.341101723170416,0,200,0.0197246932142989,6.26457290844626,5.70912984299808,-3.19248818181497,6.26457290844626,1.74206662028595,969.958935112139,9,1,"normal",42
"1643",11.06381,0.787897158422188,1,200,0.0197246932142989,6.26457290844626,5.70912984299808,-3.19248818181497,6.26457290844626,1.74206662028595,969.958935112139,9,1,"normal",43
"1644",1.69836,0.223275704135195,0,200,0.0197246932142989,6.26457290844626,5.70912984299808,-3.19248818181497,6.26457290844626,1.74206662028595,969.958935112139,9,1,"normal",44
"1645",8.50848,0.646824415807203,1,200,0.0197246932142989,6.26457290844626,5.70912984299808,-3.19248818181497,6.26457290844626,1.74206662028595,969.958935112139,9,1,"normal",45
"1646",1.82808,0.22965648917701,0,200,0.0197246932142989,6.26457290844626,5.70912984299808,-3.19248818181497,6.26457290844626,1.74206662028595,969.958935112139,9,1,"normal",46
"1647",7.64376,0.591680259612708,1,200,0.0197246932142989,6.26457290844626,5.70912984299808,-3.19248818181497,6.26457290844626,1.74206662028595,969.958935112139,9,1,"normal",47
"1648",8.82416,0.666216837887777,1,200,0.0197246932142989,6.26457290844626,5.70912984299808,-3.19248818181497,6.26457290844626,1.74206662028595,969.958935112139,9,1,"normal",48
"1649",2.17057,0.24704568123565,0,200,0.0197246932142989,6.26457290844626,5.70912984299808,-3.19248818181497,6.26457290844626,1.74206662028595,969.958935112139,9,1,"normal",49
"1650",6.42941,0.511062543871055,0,200,0.0197246932142989,6.26457290844626,5.70912984299808,-3.19248818181497,6.26457290844626,1.74206662028595,969.958935112139,9,1,"normal",50
"1651",4.89965,0.409249917107312,1,200,0.0197246932142989,6.26457290844626,5.70912984299808,-3.19248818181497,6.26457290844626,1.74206662028595,969.958935112139,9,1,"normal",51
"1652",11.87359,0.823767469006594,1,200,0.0197246932142989,6.26457290844626,5.70912984299808,-3.19248818181497,6.26457290844626,1.74206662028595,969.958935112139,9,1,"normal",52
"1653",1.66817,0.221807131065483,0,200,0.0197246932142989,6.26457290844626,5.70912984299808,-3.19248818181497,6.26457290844626,1.74206662028595,969.958935112139,9,1,"normal",53
"1654",1.8716,0.231822718486706,0,200,0.0197246932142989,6.26457290844626,5.70912984299808,-3.19248818181497,6.26457290844626,1.74206662028595,969.958935112139,9,1,"normal",54
"1655",6.23745,0.498179481805861,0,200,0.0197246932142989,6.26457290844626,5.70912984299808,-3.19248818181497,6.26457290844626,1.74206662028595,969.958935112139,9,1,"normal",55
"1656",2.88941,0.28598700996494,1,200,0.0197246932142989,6.26457290844626,5.70912984299808,-3.19248818181497,6.26457290844626,1.74206662028595,969.958935112139,9,1,"normal",56
"1657",3.22225,0.305061815707567,0,200,0.0197246932142989,6.26457290844626,5.70912984299808,-3.19248818181497,6.26457290844626,1.74206662028595,969.958935112139,9,1,"normal",57
"1658",7.81114,0.602551832064835,0,200,0.0197246932142989,6.26457290844626,5.70912984299808,-3.19248818181497,6.26457290844626,1.74206662028595,969.958935112139,9,1,"normal",58
"1659",12.22301,0.837806948128049,1,200,0.0197246932142989,6.26457290844626,5.70912984299808,-3.19248818181497,6.26457290844626,1.74206662028595,969.958935112139,9,1,"normal",59
"1660",5.18122,0.427717985139723,0,200,0.0197246932142989,6.26457290844626,5.70912984299808,-3.19248818181497,6.26457290844626,1.74206662028595,969.958935112139,9,1,"normal",60
"1661",9.39819,0.700232049757233,0,200,0.0197246932142989,6.26457290844626,5.70912984299808,-3.19248818181497,6.26457290844626,1.74206662028595,969.958935112139,9,1,"normal",61
"1662",0.49089,0.169507923704173,1,200,0.0197246932142989,6.26457290844626,5.70912984299808,-3.19248818181497,6.26457290844626,1.74206662028595,969.958935112139,9,1,"normal",62
"1663",1.15716,0.19790614875013,0,200,0.0197246932142989,6.26457290844626,5.70912984299808,-3.19248818181497,6.26457290844626,1.74206662028595,969.958935112139,9,1,"normal",63
"1664",2.84306,0.28338103535389,0,200,0.0197246932142989,6.26457290844626,5.70912984299808,-3.19248818181497,6.26457290844626,1.74206662028595,969.958935112139,9,1,"normal",64
"1665",10.38093,0.754112949779568,0,200,0.0197246932142989,6.26457290844626,5.70912984299808,-3.19248818181497,6.26457290844626,1.74206662028595,969.958935112139,9,1,"normal",65
"1666",9.72562,0.718831736838732,1,200,0.0197246932142989,6.26457290844626,5.70912984299808,-3.19248818181497,6.26457290844626,1.74206662028595,969.958935112139,9,1,"normal",66
"1667",8.3072,0.634234046042331,0,200,0.0197246932142989,6.26457290844626,5.70912984299808,-3.19248818181497,6.26457290844626,1.74206662028595,969.958935112139,9,1,"normal",67
"1668",12.85004,0.860827842700491,1,200,0.0197246932142989,6.26457290844626,5.70912984299808,-3.19248818181497,6.26457290844626,1.74206662028595,969.958935112139,9,1,"normal",68
"1669",3.67492,0.331960224443243,1,200,0.0197246932142989,6.26457290844626,5.70912984299808,-3.19248818181497,6.26457290844626,1.74206662028595,969.958935112139,9,1,"normal",69
"1670",0.82561,0.183380040070826,0,200,0.0197246932142989,6.26457290844626,5.70912984299808,-3.19248818181497,6.26457290844626,1.74206662028595,969.958935112139,9,1,"normal",70
"1671",4.37898,0.375700356682311,0,200,0.0197246932142989,6.26457290844626,5.70912984299808,-3.19248818181497,6.26457290844626,1.74206662028595,969.958935112139,9,1,"normal",71
"1672",12.0258,0.829990166228094,1,200,0.0197246932142989,6.26457290844626,5.70912984299808,-3.19248818181497,6.26457290844626,1.74206662028595,969.958935112139,9,1,"normal",72
"1673",2.88735,0.285870921812382,0,200,0.0197246932142989,6.26457290844626,5.70912984299808,-3.19248818181497,6.26457290844626,1.74206662028595,969.958935112139,9,1,"normal",73
"1674",5.02565,0.417489974204832,1,200,0.0197246932142989,6.26457290844626,5.70912984299808,-3.19248818181497,6.26457290844626,1.74206662028595,969.958935112139,9,1,"normal",74
"1675",2.97331,0.29073599971433,1,200,0.0197246932142989,6.26457290844626,5.70912984299808,-3.19248818181497,6.26457290844626,1.74206662028595,969.958935112139,9,1,"normal",75
"1676",13.23918,0.873732574357521,1,200,0.0197246932142989,6.26457290844626,5.70912984299808,-3.19248818181497,6.26457290844626,1.74206662028595,969.958935112139,9,1,"normal",76
"1677",8.51497,0.647227562649041,1,200,0.0197246932142989,6.26457290844626,5.70912984299808,-3.19248818181497,6.26457290844626,1.74206662028595,969.958935112139,9,1,"normal",77
"1678",1.13364,0.196850037220094,1,200,0.0197246932142989,6.26457290844626,5.70912984299808,-3.19248818181497,6.26457290844626,1.74206662028595,969.958935112139,9,1,"normal",78
"1679",11.06034,0.787733531926938,1,200,0.0197246932142989,6.26457290844626,5.70912984299808,-3.19248818181497,6.26457290844626,1.74206662028595,969.958935112139,9,1,"normal",79
"1680",3.32368,0.310996509405959,1,200,0.0197246932142989,6.26457290844626,5.70912984299808,-3.19248818181497,6.26457290844626,1.74206662028595,969.958935112139,9,1,"normal",80
"1681",11.25201,0.79664601450778,1,200,0.0197246932142989,6.26457290844626,5.70912984299808,-3.19248818181497,6.26457290844626,1.74206662028595,969.958935112139,9,1,"normal",81
"1682",9.43898,0.702582438877119,0,200,0.0197246932142989,6.26457290844626,5.70912984299808,-3.19248818181497,6.26457290844626,1.74206662028595,969.958935112139,9,1,"normal",82
"1683",14.79021,0.915270136237432,0,200,0.0197246932142989,6.26457290844626,5.70912984299808,-3.19248818181497,6.26457290844626,1.74206662028595,969.958935112139,9,1,"normal",83
"1684",0.19815,0.15803015521445,0,200,0.0197246932142989,6.26457290844626,5.70912984299808,-3.19248818181497,6.26457290844626,1.74206662028595,969.958935112139,9,1,"normal",84
"1685",7.68854,0.594596720729284,0,200,0.0197246932142989,6.26457290844626,5.70912984299808,-3.19248818181497,6.26457290844626,1.74206662028595,969.958935112139,9,1,"normal",85
"1686",10.87138,0.778697528905602,1,200,0.0197246932142989,6.26457290844626,5.70912984299808,-3.19248818181497,6.26457290844626,1.74206662028595,969.958935112139,9,1,"normal",86
"1687",7.11473,0.556853458801534,1,200,0.0197246932142989,6.26457290844626,5.70912984299808,-3.19248818181497,6.26457290844626,1.74206662028595,969.958935112139,9,1,"normal",87
"1688",12.51238,0.848775974330199,1,200,0.0197246932142989,6.26457290844626,5.70912984299808,-3.19248818181497,6.26457290844626,1.74206662028595,969.958935112139,9,1,"normal",88
"1689",1.64001,0.220442929536027,0,200,0.0197246932142989,6.26457290844626,5.70912984299808,-3.19248818181497,6.26457290844626,1.74206662028595,969.958935112139,9,1,"normal",89
"1690",2.56624,0.268084182771501,0,200,0.0197246932142989,6.26457290844626,5.70912984299808,-3.19248818181497,6.26457290844626,1.74206662028595,969.958935112139,9,1,"normal",90
"1691",9.63401,0.713690190316231,1,200,0.0197246932142989,6.26457290844626,5.70912984299808,-3.19248818181497,6.26457290844626,1.74206662028595,969.958935112139,9,1,"normal",91
"1692",9.92569,0.72988636199759,0,200,0.0197246932142989,6.26457290844626,5.70912984299808,-3.19248818181497,6.26457290844626,1.74206662028595,969.958935112139,9,1,"normal",92
"1693",-1.57373,0.101261246084585,0,200,0.0197246932142989,6.26457290844626,5.70912984299808,-3.19248818181497,6.26457290844626,1.74206662028595,969.958935112139,9,1,"normal",93
"1694",0.0442,0.152238486974815,0,200,0.0197246932142989,6.26457290844626,5.70912984299808,-3.19248818181497,6.26457290844626,1.74206662028595,969.958935112139,9,1,"normal",94
"1695",10.58663,0.764620134295157,1,200,0.0197246932142989,6.26457290844626,5.70912984299808,-3.19248818181497,6.26457290844626,1.74206662028595,969.958935112139,9,1,"normal",95
"1696",12.8787,0.861814011555572,1,200,0.0197246932142989,6.26457290844626,5.70912984299808,-3.19248818181497,6.26457290844626,1.74206662028595,969.958935112139,9,1,"normal",96
"1697",1.88801,0.232642845543147,0,200,0.0197246932142989,6.26457290844626,5.70912984299808,-3.19248818181497,6.26457290844626,1.74206662028595,969.958935112139,9,1,"normal",97
"1698",12.20476,0.837095208715683,1,200,0.0197246932142989,6.26457290844626,5.70912984299808,-3.19248818181497,6.26457290844626,1.74206662028595,969.958935112139,9,1,"normal",98
"1699",8.40759,0.64053442142817,0,200,0.0197246932142989,6.26457290844626,5.70912984299808,-3.19248818181497,6.26457290844626,1.74206662028595,969.958935112139,9,1,"normal",99
"1700",11.57981,0.811290347425408,1,200,0.0197246932142989,6.26457290844626,5.70912984299808,-3.19248818181497,6.26457290844626,1.74206662028595,969.958935112139,9,1,"normal",100
"1701",9.94966,0.731194473134482,0,200,0.0197246932142989,6.26457290844626,5.70912984299808,-3.19248818181497,6.26457290844626,1.74206662028595,969.958935112139,9,1,"normal",101
"1702",11.31866,0.799684940643551,1,200,0.0197246932142989,6.26457290844626,5.70912984299808,-3.19248818181497,6.26457290844626,1.74206662028595,969.958935112139,9,1,"normal",102
"1703",3.74386,0.336146546661247,1,200,0.0197246932142989,6.26457290844626,5.70912984299808,-3.19248818181497,6.26457290844626,1.74206662028595,969.958935112139,9,1,"normal",103
"1704",14.66043,0.91236494767427,1,200,0.0197246932142989,6.26457290844626,5.70912984299808,-3.19248818181497,6.26457290844626,1.74206662028595,969.958935112139,9,1,"normal",104
"1705",10.08356,0.738436281183226,1,200,0.0197246932142989,6.26457290844626,5.70912984299808,-3.19248818181497,6.26457290844626,1.74206662028595,969.958935112139,9,1,"normal",105
"1706",1.02774,0.192143238070829,1,200,0.0197246932142989,6.26457290844626,5.70912984299808,-3.19248818181497,6.26457290844626,1.74206662028595,969.958935112139,9,1,"normal",106
"1707",3.95491,0.34909936402958,1,200,0.0197246932142989,6.26457290844626,5.70912984299808,-3.19248818181497,6.26457290844626,1.74206662028595,969.958935112139,9,1,"normal",107
"1708",-1.17255,0.112267408097135,0,200,0.0197246932142989,6.26457290844626,5.70912984299808,-3.19248818181497,6.26457290844626,1.74206662028595,969.958935112139,9,1,"normal",108
"1709",-0.520639999999999,0.132417712432104,0,200,0.0197246932142989,6.26457290844626,5.70912984299808,-3.19248818181497,6.26457290844626,1.74206662028595,969.958935112139,9,1,"normal",109
"1710",0.01363,0.151108408358437,0,200,0.0197246932142989,6.26457290844626,5.70912984299808,-3.19248818181497,6.26457290844626,1.74206662028595,969.958935112139,9,1,"normal",110
"1711",-1.67913,0.09853937037135,0,200,0.0197246932142989,6.26457290844626,5.70912984299808,-3.19248818181497,6.26457290844626,1.74206662028595,969.958935112139,9,1,"normal",111
"1712",11.59651,0.812016064980287,1,200,0.0197246932142989,6.26457290844626,5.70912984299808,-3.19248818181497,6.26457290844626,1.74206662028595,969.958935112139,9,1,"normal",112
"1713",9.65515,0.714881031438359,1,200,0.0197246932142989,6.26457290844626,5.70912984299808,-3.19248818181497,6.26457290844626,1.74206662028595,969.958935112139,9,1,"normal",113
"1714",1.41732,0.209847262162366,0,200,0.0197246932142989,6.26457290844626,5.70912984299808,-3.19248818181497,6.26457290844626,1.74206662028595,969.958935112139,9,1,"normal",114
"1715",-1.01942,0.116744422896717,1,200,0.0197246932142989,6.26457290844626,5.70912984299808,-3.19248818181497,6.26457290844626,1.74206662028595,969.958935112139,9,1,"normal",115
"1716",10.40435,0.75532331891985,1,200,0.0197246932142989,6.26457290844626,5.70912984299808,-3.19248818181497,6.26457290844626,1.74206662028595,969.958935112139,9,1,"normal",116
"1717",9.92462,0.729827886722049,1,200,0.0197246932142989,6.26457290844626,5.70912984299808,-3.19248818181497,6.26457290844626,1.74206662028595,969.958935112139,9,1,"normal",117
"1718",0.867220000000001,0.185160290153356,0,200,0.0197246932142989,6.26457290844626,5.70912984299808,-3.19248818181497,6.26457290844626,1.74206662028595,969.958935112139,9,1,"normal",118
"1719",0.45722,0.168156719591138,0,200,0.0197246932142989,6.26457290844626,5.70912984299808,-3.19248818181497,6.26457290844626,1.74206662028595,969.958935112139,9,1,"normal",119
"1720",9.64598,0.714364795153866,1,200,0.0197246932142989,6.26457290844626,5.70912984299808,-3.19248818181497,6.26457290844626,1.74206662028595,969.958935112139,9,1,"normal",120
"1721",10.30678,0.750257205227026,1,200,0.0197246932142989,6.26457290844626,5.70912984299808,-3.19248818181497,6.26457290844626,1.74206662028595,969.958935112139,9,1,"normal",121
"1722",0.60821,0.174279223554565,0,200,0.0197246932142989,6.26457290844626,5.70912984299808,-3.19248818181497,6.26457290844626,1.74206662028595,969.958935112139,9,1,"normal",122
"1723",-0.67169,0.127492770223441,0,200,0.0197246932142989,6.26457290844626,5.70912984299808,-3.19248818181497,6.26457290844626,1.74206662028595,969.958935112139,9,1,"normal",123
"1724",11.97111,0.827773327465921,1,200,0.0197246932142989,6.26457290844626,5.70912984299808,-3.19248818181497,6.26457290844626,1.74206662028595,969.958935112139,9,1,"normal",124
"1725",1.9165,0.234070993300232,1,200,0.0197246932142989,6.26457290844626,5.70912984299808,-3.19248818181497,6.26457290844626,1.74206662028595,969.958935112139,9,1,"normal",125
"1726",12.84262,0.860571593165288,1,200,0.0197246932142989,6.26457290844626,5.70912984299808,-3.19248818181497,6.26457290844626,1.74206662028595,969.958935112139,9,1,"normal",126
"1727",0.82047,0.183160983968305,0,200,0.0197246932142989,6.26457290844626,5.70912984299808,-3.19248818181497,6.26457290844626,1.74206662028595,969.958935112139,9,1,"normal",127
"1728",3.21947,0.304899938475224,1,200,0.0197246932142989,6.26457290844626,5.70912984299808,-3.19248818181497,6.26457290844626,1.74206662028595,969.958935112139,9,1,"normal",128
"1729",-0.24842,0.141691509651278,0,200,0.0197246932142989,6.26457290844626,5.70912984299808,-3.19248818181497,6.26457290844626,1.74206662028595,969.958935112139,9,1,"normal",129
"1730",9.59417,0.711438883352243,0,200,0.0197246932142989,6.26457290844626,5.70912984299808,-3.19248818181497,6.26457290844626,1.74206662028595,969.958935112139,9,1,"normal",130
"1731",13.64358,0.886051695314791,1,200,0.0197246932142989,6.26457290844626,5.70912984299808,-3.19248818181497,6.26457290844626,1.74206662028595,969.958935112139,9,1,"normal",131
"1732",11.25466,0.796767437335098,0,200,0.0197246932142989,6.26457290844626,5.70912984299808,-3.19248818181497,6.26457290844626,1.74206662028595,969.958935112139,9,1,"normal",132
"1733",12.12423,0.833926261614491,1,200,0.0197246932142989,6.26457290844626,5.70912984299808,-3.19248818181497,6.26457290844626,1.74206662028595,969.958935112139,9,1,"normal",133
"1734",0.87145,0.185341956686475,0,200,0.0197246932142989,6.26457290844626,5.70912984299808,-3.19248818181497,6.26457290844626,1.74206662028595,969.958935112139,9,1,"normal",134
"1735",1.83719,0.230108886781446,0,200,0.0197246932142989,6.26457290844626,5.70912984299808,-3.19248818181497,6.26457290844626,1.74206662028595,969.958935112139,9,1,"normal",135
"1736",10.62557,0.766577545435822,1,200,0.0197246932142989,6.26457290844626,5.70912984299808,-3.19248818181497,6.26457290844626,1.74206662028595,969.958935112139,9,1,"normal",136
"1737",-0.528110000000001,0.132170469597971,0,200,0.0197246932142989,6.26457290844626,5.70912984299808,-3.19248818181497,6.26457290844626,1.74206662028595,969.958935112139,9,1,"normal",137
"1738",12.18284,0.836237206991493,1,200,0.0197246932142989,6.26457290844626,5.70912984299808,-3.19248818181497,6.26457290844626,1.74206662028595,969.958935112139,9,1,"normal",138
"1739",0.38896,0.165442189000519,0,200,0.0197246932142989,6.26457290844626,5.70912984299808,-3.19248818181497,6.26457290844626,1.74206662028595,969.958935112139,9,1,"normal",139
"1740",11.55068,0.810019733734231,0,200,0.0197246932142989,6.26457290844626,5.70912984299808,-3.19248818181497,6.26457290844626,1.74206662028595,969.958935112139,9,1,"normal",140
"1741",10.54897,0.762717425883935,1,200,0.0197246932142989,6.26457290844626,5.70912984299808,-3.19248818181497,6.26457290844626,1.74206662028595,969.958935112139,9,1,"normal",141
"1742",10.82258,0.776324052747223,0,200,0.0197246932142989,6.26457290844626,5.70912984299808,-3.19248818181497,6.26457290844626,1.74206662028595,969.958935112139,9,1,"normal",142
"1743",-0.38358,0.137022610140231,0,200,0.0197246932142989,6.26457290844626,5.70912984299808,-3.19248818181497,6.26457290844626,1.74206662028595,969.958935112139,9,1,"normal",143
"1744",12.78099,0.858428348200403,1,200,0.0197246932142989,6.26457290844626,5.70912984299808,-3.19248818181497,6.26457290844626,1.74206662028595,969.958935112139,9,1,"normal",144
"1745",10.64771,0.767685931563241,1,200,0.0197246932142989,6.26457290844626,5.70912984299808,-3.19248818181497,6.26457290844626,1.74206662028595,969.958935112139,9,1,"normal",145
"1746",0.28053,0.161198436052803,0,200,0.0197246932142989,6.26457290844626,5.70912984299808,-3.19248818181497,6.26457290844626,1.74206662028595,969.958935112139,9,1,"normal",146
"1747",1.59049,0.218057150797727,0,200,0.0197246932142989,6.26457290844626,5.70912984299808,-3.19248818181497,6.26457290844626,1.74206662028595,969.958935112139,9,1,"normal",147
"1748",0.52971,0.171075833542339,0,200,0.0197246932142989,6.26457290844626,5.70912984299808,-3.19248818181497,6.26457290844626,1.74206662028595,969.958935112139,9,1,"normal",148
"1749",14.66453,0.912458229514842,1,200,0.0197246932142989,6.26457290844626,5.70912984299808,-3.19248818181497,6.26457290844626,1.74206662028595,969.958935112139,9,1,"normal",149
"1750",10.49635,0.760043083151775,1,200,0.0197246932142989,6.26457290844626,5.70912984299808,-3.19248818181497,6.26457290844626,1.74206662028595,969.958935112139,9,1,"normal",150
"1751",0.927659999999999,0.18776808801949,0,200,0.0197246932142989,6.26457290844626,5.70912984299808,-3.19248818181497,6.26457290844626,1.74206662028595,969.958935112139,9,1,"normal",151
"1752",12.9911,0.865626499059321,0,200,0.0197246932142989,6.26457290844626,5.70912984299808,-3.19248818181497,6.26457290844626,1.74206662028595,969.958935112139,9,1,"normal",152
"1753",13.22924,0.873415889557262,1,200,0.0197246932142989,6.26457290844626,5.70912984299808,-3.19248818181497,6.26457290844626,1.74206662028595,969.958935112139,9,1,"normal",153
"1754",11.24214,0.796193338517693,0,200,0.0197246932142989,6.26457290844626,5.70912984299808,-3.19248818181497,6.26457290844626,1.74206662028595,969.958935112139,9,1,"normal",154
"1755",1.60775,0.218886790930698,0,200,0.0197246932142989,6.26457290844626,5.70912984299808,-3.19248818181497,6.26457290844626,1.74206662028595,969.958935112139,9,1,"normal",155
"1756",8.89406,0.670448279331184,1,200,0.0197246932142989,6.26457290844626,5.70912984299808,-3.19248818181497,6.26457290844626,1.74206662028595,969.958935112139,9,1,"normal",156
"1757",10.72506,0.771532364796886,1,200,0.0197246932142989,6.26457290844626,5.70912984299808,-3.19248818181497,6.26457290844626,1.74206662028595,969.958935112139,9,1,"normal",157
"1758",10.77908,0.774194649067039,0,200,0.0197246932142989,6.26457290844626,5.70912984299808,-3.19248818181497,6.26457290844626,1.74206662028595,969.958935112139,9,1,"normal",158
"1759",12.43444,0.845879979566429,1,200,0.0197246932142989,6.26457290844626,5.70912984299808,-3.19248818181497,6.26457290844626,1.74206662028595,969.958935112139,9,1,"normal",159
"1760",16.36258,0.943324806703315,1,200,0.0197246932142989,6.26457290844626,5.70912984299808,-3.19248818181497,6.26457290844626,1.74206662028595,969.958935112139,9,1,"normal",160
"1761",1.15686,0.19789265338017,1,200,0.0197246932142989,6.26457290844626,5.70912984299808,-3.19248818181497,6.26457290844626,1.74206662028595,969.958935112139,9,1,"normal",161
"1762",13.95305,0.894749163636014,1,200,0.0197246932142989,6.26457290844626,5.70912984299808,-3.19248818181497,6.26457290844626,1.74206662028595,969.958935112139,9,1,"normal",162
"1763",12.36264,0.843174039502983,1,200,0.0197246932142989,6.26457290844626,5.70912984299808,-3.19248818181497,6.26457290844626,1.74206662028595,969.958935112139,9,1,"normal",163
"1764",-0.0625,0.148322812897485,0,200,0.0197246932142989,6.26457290844626,5.70912984299808,-3.19248818181497,6.26457290844626,1.74206662028595,969.958935112139,9,1,"normal",164
"1765",13.40969,0.879060598388721,1,200,0.0197246932142989,6.26457290844626,5.70912984299808,-3.19248818181497,6.26457290844626,1.74206662028595,969.958935112139,9,1,"normal",165
"1766",0.37768,0.164996808236331,1,200,0.0197246932142989,6.26457290844626,5.70912984299808,-3.19248818181497,6.26457290844626,1.74206662028595,969.958935112139,9,1,"normal",166
"1767",11.43134,0.804751510110654,1,200,0.0197246932142989,6.26457290844626,5.70912984299808,-3.19248818181497,6.26457290844626,1.74206662028595,969.958935112139,9,1,"normal",167
"1768",11.99545,0.828762574095589,1,200,0.0197246932142989,6.26457290844626,5.70912984299808,-3.19248818181497,6.26457290844626,1.74206662028595,969.958935112139,9,1,"normal",168
"1769",7.99151,0.614170611532693,1,200,0.0197246932142989,6.26457290844626,5.70912984299808,-3.19248818181497,6.26457290844626,1.74206662028595,969.958935112139,9,1,"normal",169
"1770",11.48155,0.806980296912504,1,200,0.0197246932142989,6.26457290844626,5.70912984299808,-3.19248818181497,6.26457290844626,1.74206662028595,969.958935112139,9,1,"normal",170
"1771",-1.05832,0.115592430681635,0,200,0.0197246932142989,6.26457290844626,5.70912984299808,-3.19248818181497,6.26457290844626,1.74206662028595,969.958935112139,9,1,"normal",171
"1772",11.3226,0.799863608859056,1,200,0.0197246932142989,6.26457290844626,5.70912984299808,-3.19248818181497,6.26457290844626,1.74206662028595,969.958935112139,9,1,"normal",172
"1773",11.68034,0.815629064595173,1,200,0.0197246932142989,6.26457290844626,5.70912984299808,-3.19248818181497,6.26457290844626,1.74206662028595,969.958935112139,9,1,"normal",173
"1774",0.38205,0.165169246231142,0,200,0.0197246932142989,6.26457290844626,5.70912984299808,-3.19248818181497,6.26457290844626,1.74206662028595,969.958935112139,9,1,"normal",174
"1775",10.24341,0.746933771486526,1,200,0.0197246932142989,6.26457290844626,5.70912984299808,-3.19248818181497,6.26457290844626,1.74206662028595,969.958935112139,9,1,"normal",175
"1776",9.71205,0.718073250287235,1,200,0.0197246932142989,6.26457290844626,5.70912984299808,-3.19248818181497,6.26457290844626,1.74206662028595,969.958935112139,9,1,"normal",176
"1777",12.09342,0.832701632806039,1,200,0.0197246932142989,6.26457290844626,5.70912984299808,-3.19248818181497,6.26457290844626,1.74206662028595,969.958935112139,9,1,"normal",177
"1778",11.18628,0.793618526786395,1,200,0.0197246932142989,6.26457290844626,5.70912984299808,-3.19248818181497,6.26457290844626,1.74206662028595,969.958935112139,9,1,"normal",178
"1779",-0.25722,0.141383645711425,0,200,0.0197246932142989,6.26457290844626,5.70912984299808,-3.19248818181497,6.26457290844626,1.74206662028595,969.958935112139,9,1,"normal",179
"1780",2.49907,0.264442944256381,1,200,0.0197246932142989,6.26457290844626,5.70912984299808,-3.19248818181497,6.26457290844626,1.74206662028595,969.958935112139,9,1,"normal",180
"1781",12.35862,0.843021455788815,1,200,0.0197246932142989,6.26457290844626,5.70912984299808,-3.19248818181497,6.26457290844626,1.74206662028595,969.958935112139,9,1,"normal",181
"1782",-0.28058,0.140569033408635,0,200,0.0197246932142989,6.26457290844626,5.70912984299808,-3.19248818181497,6.26457290844626,1.74206662028595,969.958935112139,9,1,"normal",182
"1783",11.7332,0.817881597254744,0,200,0.0197246932142989,6.26457290844626,5.70912984299808,-3.19248818181497,6.26457290844626,1.74206662028595,969.958935112139,9,1,"normal",183
"1784",10.46494,0.7584379665239,1,200,0.0197246932142989,6.26457290844626,5.70912984299808,-3.19248818181497,6.26457290844626,1.74206662028595,969.958935112139,9,1,"normal",184
"1785",2.17136,0.247086687070356,1,200,0.0197246932142989,6.26457290844626,5.70912984299808,-3.19248818181497,6.26457290844626,1.74206662028595,969.958935112139,9,1,"normal",185
"1786",1.25015,0.202119800859853,0,200,0.0197246932142989,6.26457290844626,5.70912984299808,-3.19248818181497,6.26457290844626,1.74206662028595,969.958935112139,9,1,"normal",186
"1787",9.77598,0.721637008496668,0,200,0.0197246932142989,6.26457290844626,5.70912984299808,-3.19248818181497,6.26457290844626,1.74206662028595,969.958935112139,9,1,"normal",187
"1788",10.13134,0.740993224935747,0,200,0.0197246932142989,6.26457290844626,5.70912984299808,-3.19248818181497,6.26457290844626,1.74206662028595,969.958935112139,9,1,"normal",188
"1789",-0.412669999999999,0.136034373110583,1,200,0.0197246932142989,6.26457290844626,5.70912984299808,-3.19248818181497,6.26457290844626,1.74206662028595,969.958935112139,9,1,"normal",189
"1790",-0.83,0.122498283901109,0,200,0.0197246932142989,6.26457290844626,5.70912984299808,-3.19248818181497,6.26457290844626,1.74206662028595,969.958935112139,9,1,"normal",190
"1791",0.108169999999999,0.154624662822169,0,200,0.0197246932142989,6.26457290844626,5.70912984299808,-3.19248818181497,6.26457290844626,1.74206662028595,969.958935112139,9,1,"normal",191
"1792",10.51804,0.761147675846536,0,200,0.0197246932142989,6.26457290844626,5.70912984299808,-3.19248818181497,6.26457290844626,1.74206662028595,969.958935112139,9,1,"normal",192
"1793",-1.10422,0.114246028519202,1,200,0.0197246932142989,6.26457290844626,5.70912984299808,-3.19248818181497,6.26457290844626,1.74206662028595,969.958935112139,9,1,"normal",193
"1794",11.62992,0.813461991312916,1,200,0.0197246932142989,6.26457290844626,5.70912984299808,-3.19248818181497,6.26457290844626,1.74206662028595,969.958935112139,9,1,"normal",194
"1795",12.56556,0.850727315034875,1,200,0.0197246932142989,6.26457290844626,5.70912984299808,-3.19248818181497,6.26457290844626,1.74206662028595,969.958935112139,9,1,"normal",195
"1796",12.47083,0.847237463650269,1,200,0.0197246932142989,6.26457290844626,5.70912984299808,-3.19248818181497,6.26457290844626,1.74206662028595,969.958935112139,9,1,"normal",196
"1797",11.30039,0.79885501938082,0,200,0.0197246932142989,6.26457290844626,5.70912984299808,-3.19248818181497,6.26457290844626,1.74206662028595,969.958935112139,9,1,"normal",197
"1798",-1.82317,0.0949310971874981,0,200,0.0197246932142989,6.26457290844626,5.70912984299808,-3.19248818181497,6.26457290844626,1.74206662028595,969.958935112139,9,1,"normal",198
"1799",13.47924,0.881177591979247,1,200,0.0197246932142989,6.26457290844626,5.70912984299808,-3.19248818181497,6.26457290844626,1.74206662028595,969.958935112139,9,1,"normal",199
"1800",12.16319,0.835465150009058,1,200,0.0197246932142989,6.26457290844626,5.70912984299808,-3.19248818181497,6.26457290844626,1.74206662028595,969.958935112139,9,1,"normal",200
"1801",-8.4408999926,0.104354695917548,0,200,0.0574076483327405,-5.7974595717801,1.63569201382656,-2.04247160634103,-5.7974595717801,0.492065964851008,-1329.02413951164,10,1,"normal",1
"1802",6.7678030099,0.942592351667253,1,200,0.0574076483327405,-5.7974595717801,1.63569201382656,-2.04247160634103,-5.7974595717801,0.492065964851008,-1329.02413951164,10,1,"normal",2
"1803",1.60747884745,0.942589705002723,1,200,0.0574076483327405,-5.7974595717801,1.63569201382656,-2.04247160634103,-5.7974595717801,0.492065964851008,-1329.02413951164,10,1,"normal",3
"1804",-3.19350166201,0.893290455740144,0,200,0.0574076483327405,-5.7974595717801,1.63569201382656,-2.04247160634103,-5.7974595717801,0.492065964851008,-1329.02413951164,10,1,"normal",4
"1805",4.40239,0.942592351468326,1,200,0.0574076483327405,-5.7974595717801,1.63569201382656,-2.04247160634103,-5.7974595717801,0.492065964851008,-1329.02413951164,10,1,"normal",5
"1806",-10.35018,0.0597887510861348,0,200,0.0574076483327405,-5.7974595717801,1.63569201382656,-2.04247160634103,-5.7974595717801,0.492065964851008,-1329.02413951164,10,1,"normal",6
"1807",-5.115725,0.643030588196771,0,200,0.0574076483327405,-5.7974595717801,1.63569201382656,-2.04247160634103,-5.7974595717801,0.492065964851008,-1329.02413951164,10,1,"normal",7
"1808",-11.79539,0.0575163056716429,0,200,0.0574076483327405,-5.7974595717801,1.63569201382656,-2.04247160634103,-5.7974595717801,0.492065964851008,-1329.02413951164,10,1,"normal",8
"1809",1.11347,0.942581780086151,1,200,0.0574076483327405,-5.7974595717801,1.63569201382656,-2.04247160634103,-5.7974595717801,0.492065964851008,-1329.02413951164,10,1,"normal",9
"1810",4.46048,0.942592351508806,1,200,0.0574076483327405,-5.7974595717801,1.63569201382656,-2.04247160634103,-5.7974595717801,0.492065964851008,-1329.02413951164,10,1,"normal",10
"1811",-0.84663,0.941498268119425,1,200,0.0574076483327405,-5.7974595717801,1.63569201382656,-2.04247160634103,-5.7974595717801,0.492065964851008,-1329.02413951164,10,1,"normal",11
"1812",-4.540387,0.746889306669408,1,200,0.0574076483327405,-5.7974595717801,1.63569201382656,-2.04247160634103,-5.7974595717801,0.492065964851008,-1329.02413951164,10,1,"normal",12
"1813",0.3428,0.942515301057578,1,200,0.0574076483327405,-5.7974595717801,1.63569201382656,-2.04247160634103,-5.7974595717801,0.492065964851008,-1329.02413951164,10,1,"normal",13
"1814",-5.41693,0.58141932085678,0,200,0.0574076483327405,-5.7974595717801,1.63569201382656,-2.04247160634103,-5.7974595717801,0.492065964851008,-1329.02413951164,10,1,"normal",14
"1815",-2.26075,0.929048142379168,1,200,0.0574076483327405,-5.7974595717801,1.63569201382656,-2.04247160634103,-5.7974595717801,0.492065964851008,-1329.02413951164,10,1,"normal",15
"1816",-4.95852,0.673485487489176,0,200,0.0574076483327405,-5.7974595717801,1.63569201382656,-2.04247160634103,-5.7974595717801,0.492065964851008,-1329.02413951164,10,1,"normal",16
"1817",-6.66921,0.320336118923328,0,200,0.0574076483327405,-5.7974595717801,1.63569201382656,-2.04247160634103,-5.7974595717801,0.492065964851008,-1329.02413951164,10,1,"normal",17
"1818",-5.38152,0.588840772836661,1,200,0.0574076483327405,-5.7974595717801,1.63569201382656,-2.04247160634103,-5.7974595717801,0.492065964851008,-1329.02413951164,10,1,"normal",18
"1819",-2.41694,0.925437286123293,0,200,0.0574076483327405,-5.7974595717801,1.63569201382656,-2.04247160634103,-5.7974595717801,0.492065964851008,-1329.02413951164,10,1,"normal",19
"1820",-1.05887,0.940924852945299,1,200,0.0574076483327405,-5.7974595717801,1.63569201382656,-2.04247160634103,-5.7974595717801,0.492065964851008,-1329.02413951164,10,1,"normal",20
"1821",-2.47247,0.923970046844352,1,200,0.0574076483327405,-5.7974595717801,1.63569201382656,-2.04247160634103,-5.7974595717801,0.492065964851008,-1329.02413951164,10,1,"normal",21
"1822",-4.83139,0.697052636701467,0,200,0.0574076483327405,-5.7974595717801,1.63569201382656,-2.04247160634103,-5.7974595717801,0.492065964851008,-1329.02413951164,10,1,"normal",22
"1823",-4.34535,0.776767446378722,1,200,0.0574076483327405,-5.7974595717801,1.63569201382656,-2.04247160634103,-5.7974595717801,0.492065964851008,-1329.02413951164,10,1,"normal",23
"1824",-4.33422,0.778382860106587,0,200,0.0574076483327405,-5.7974595717801,1.63569201382656,-2.04247160634103,-5.7974595717801,0.492065964851008,-1329.02413951164,10,1,"normal",24
"1825",0.91034,0.942574136466802,1,200,0.0574076483327405,-5.7974595717801,1.63569201382656,-2.04247160634103,-5.7974595717801,0.492065964851008,-1329.02413951164,10,1,"normal",25
"1826",-7.28482,0.218149890206788,0,200,0.0574076483327405,-5.7974595717801,1.63569201382656,-2.04247160634103,-5.7974595717801,0.492065964851008,-1329.02413951164,10,1,"normal",26
"1827",0.40062,0.942525480258543,1,200,0.0574076483327405,-5.7974595717801,1.63569201382656,-2.04247160634103,-5.7974595717801,0.492065964851008,-1329.02413951164,10,1,"normal",27
"1828",-1.39314,0.939454810562494,1,200,0.0574076483327405,-5.7974595717801,1.63569201382656,-2.04247160634103,-5.7974595717801,0.492065964851008,-1329.02413951164,10,1,"normal",28
"1829",-1.41813,0.939308060719324,1,200,0.0574076483327405,-5.7974595717801,1.63569201382656,-2.04247160634103,-5.7974595717801,0.492065964851008,-1329.02413951164,10,1,"normal",29
"1830",-1.31923,0.939855006411941,1,200,0.0574076483327405,-5.7974595717801,1.63569201382656,-2.04247160634103,-5.7974595717801,0.492065964851008,-1329.02413951164,10,1,"normal",30
"1831",-0.16292,0.942339365281314,1,200,0.0574076483327405,-5.7974595717801,1.63569201382656,-2.04247160634103,-5.7974595717801,0.492065964851008,-1329.02413951164,10,1,"normal",31
"1832",-2.70633,0.916574643748881,1,200,0.0574076483327405,-5.7974595717801,1.63569201382656,-2.04247160634103,-5.7974595717801,0.492065964851008,-1329.02413951164,10,1,"normal",32
"1833",-2.27412,0.928766941878586,1,200,0.0574076483327405,-5.7974595717801,1.63569201382656,-2.04247160634103,-5.7974595717801,0.492065964851008,-1329.02413951164,10,1,"normal",33
"1834",-4.78131,0.706051155055691,1,200,0.0574076483327405,-5.7974595717801,1.63569201382656,-2.04247160634103,-5.7974595717801,0.492065964851008,-1329.02413951164,10,1,"normal",34
"1835",-7.52044,0.186721546423563,1,200,0.0574076483327405,-5.7974595717801,1.63569201382656,-2.04247160634103,-5.7974595717801,0.492065964851008,-1329.02413951164,10,1,"normal",35
"1836",-3.20276,0.89272498989921,1,200,0.0574076483327405,-5.7974595717801,1.63569201382656,-2.04247160634103,-5.7974595717801,0.492065964851008,-1329.02413951164,10,1,"normal",36
"1837",-10.83416,0.0583261347913586,0,200,0.0574076483327405,-5.7974595717801,1.63569201382656,-2.04247160634103,-5.7974595717801,0.492065964851008,-1329.02413951164,10,1,"normal",37
"1838",-7.64288,0.172139546279832,0,200,0.0574076483327405,-5.7974595717801,1.63569201382656,-2.04247160634103,-5.7974595717801,0.492065964851008,-1329.02413951164,10,1,"normal",38
"1839",-1.79388,0.936228023142572,1,200,0.0574076483327405,-5.7974595717801,1.63569201382656,-2.04247160634103,-5.7974595717801,0.492065964851008,-1329.02413951164,10,1,"normal",39
"1840",-1.18719,0.940457196324847,1,200,0.0574076483327405,-5.7974595717801,1.63569201382656,-2.04247160634103,-5.7974595717801,0.492065964851008,-1329.02413951164,10,1,"normal",40
"1841",-2.77646,0.913930916007424,1,200,0.0574076483327405,-5.7974595717801,1.63569201382656,-2.04247160634103,-5.7974595717801,0.492065964851008,-1329.02413951164,10,1,"normal",41
"1842",-7.97515,0.138433688499054,0,200,0.0574076483327405,-5.7974595717801,1.63569201382656,-2.04247160634103,-5.7974595717801,0.492065964851008,-1329.02413951164,10,1,"normal",42
"1843",-7.0962,0.246480926236729,0,200,0.0574076483327405,-5.7974595717801,1.63569201382656,-2.04247160634103,-5.7974595717801,0.492065964851008,-1329.02413951164,10,1,"normal",43
"1844",-6.24368,0.404844966063279,1,200,0.0574076483327405,-5.7974595717801,1.63569201382656,-2.04247160634103,-5.7974595717801,0.492065964851008,-1329.02413951164,10,1,"normal",44
"1845",-3.27394,0.888205197198889,1,200,0.0574076483327405,-5.7974595717801,1.63569201382656,-2.04247160634103,-5.7974595717801,0.492065964851008,-1329.02413951164,10,1,"normal",45
"1846",-6.26574,0.400264857416555,1,200,0.0574076483327405,-5.7974595717801,1.63569201382656,-2.04247160634103,-5.7974595717801,0.492065964851008,-1329.02413951164,10,1,"normal",46
"1847",-7.40823,0.201135116202598,0,200,0.0574076483327405,-5.7974595717801,1.63569201382656,-2.04247160634103,-5.7974595717801,0.492065964851008,-1329.02413951164,10,1,"normal",47
"1848",-7.84482,0.150656129370759,0,200,0.0574076483327405,-5.7974595717801,1.63569201382656,-2.04247160634103,-5.7974595717801,0.492065964851008,-1329.02413951164,10,1,"normal",48
"1849",0.0316399999999999,0.942430505588443,1,200,0.0574076483327405,-5.7974595717801,1.63569201382656,-2.04247160634103,-5.7974595717801,0.492065964851008,-1329.02413951164,10,1,"normal",49
"1850",-3.57678,0.865325374305548,0,200,0.0574076483327405,-5.7974595717801,1.63569201382656,-2.04247160634103,-5.7974595717801,0.492065964851008,-1329.02413951164,10,1,"normal",50
"1851",-3.24099,0.890335726405987,0,200,0.0574076483327405,-5.7974595717801,1.63569201382656,-2.04247160634103,-5.7974595717801,0.492065964851008,-1329.02413951164,10,1,"normal",51
"1852",-1.50963,0.938716779230726,1,200,0.0574076483327405,-5.7974595717801,1.63569201382656,-2.04247160634103,-5.7974595717801,0.492065964851008,-1329.02413951164,10,1,"normal",52
"1853",-7.46367,0.193887839579281,0,200,0.0574076483327405,-5.7974595717801,1.63569201382656,-2.04247160634103,-5.7974595717801,0.492065964851008,-1329.02413951164,10,1,"normal",53
"1854",-0.44864,0.942116464468858,1,200,0.0574076483327405,-5.7974595717801,1.63569201382656,-2.04247160634103,-5.7974595717801,0.492065964851008,-1329.02413951164,10,1,"normal",54
"1855",-7.56568,0.181194954754682,1,200,0.0574076483327405,-5.7974595717801,1.63569201382656,-2.04247160634103,-5.7974595717801,0.492065964851008,-1329.02413951164,10,1,"normal",55
"1856",-6.11757,0.431328411641435,0,200,0.0574076483327405,-5.7974595717801,1.63569201382656,-2.04247160634103,-5.7974595717801,0.492065964851008,-1329.02413951164,10,1,"normal",56
"1857",-8.56169,0.0977005361600569,0,200,0.0574076483327405,-5.7974595717801,1.63569201382656,-2.04247160634103,-5.7974595717801,0.492065964851008,-1329.02413951164,10,1,"normal",57
"1858",-0.52704,0.942029199740917,1,200,0.0574076483327405,-5.7974595717801,1.63569201382656,-2.04247160634103,-5.7974595717801,0.492065964851008,-1329.02413951164,10,1,"normal",58
"1859",-9.61217,0.0661230862921396,0,200,0.0574076483327405,-5.7974595717801,1.63569201382656,-2.04247160634103,-5.7974595717801,0.492065964851008,-1329.02413951164,10,1,"normal",59
"1860",-7.41655,0.200031810266308,0,200,0.0574076483327405,-5.7974595717801,1.63569201382656,-2.04247160634103,-5.7974595717801,0.492065964851008,-1329.02413951164,10,1,"normal",60
"1861",-2.55356,0.92163762928731,1,200,0.0574076483327405,-5.7974595717801,1.63569201382656,-2.04247160634103,-5.7974595717801,0.492065964851008,-1329.02413951164,10,1,"normal",61
"1862",-4.13762,0.805291855773447,0,200,0.0574076483327405,-5.7974595717801,1.63569201382656,-2.04247160634103,-5.7974595717801,0.492065964851008,-1329.02413951164,10,1,"normal",62
"1863",-1.69777,0.93719407805991,1,200,0.0574076483327405,-5.7974595717801,1.63569201382656,-2.04247160634103,-5.7974595717801,0.492065964851008,-1329.02413951164,10,1,"normal",63
"1864",-3.30386,0.886212359383139,1,200,0.0574076483327405,-5.7974595717801,1.63569201382656,-2.04247160634103,-5.7974595717801,0.492065964851008,-1329.02413951164,10,1,"normal",64
"1865",-2.64633,0.918672738738372,1,200,0.0574076483327405,-5.7974595717801,1.63569201382656,-2.04247160634103,-5.7974595717801,0.492065964851008,-1329.02413951164,10,1,"normal",65
"1866",-7.74741,0.160625484932271,0,200,0.0574076483327405,-5.7974595717801,1.63569201382656,-2.04247160634103,-5.7974595717801,0.492065964851008,-1329.02413951164,10,1,"normal",66
"1867",-7.37572,0.205499340254087,0,200,0.0574076483327405,-5.7974595717801,1.63569201382656,-2.04247160634103,-5.7974595717801,0.492065964851008,-1329.02413951164,10,1,"normal",67
"1868",-9.04969,0.0781119424783393,0,200,0.0574076483327405,-5.7974595717801,1.63569201382656,-2.04247160634103,-5.7974595717801,0.492065964851008,-1329.02413951164,10,1,"normal",68
"1869",-2.09829,0.932091253605897,1,200,0.0574076483327405,-5.7974595717801,1.63569201382656,-2.04247160634103,-5.7974595717801,0.492065964851008,-1329.02413951164,10,1,"normal",69
"1870",-7.46734,0.193416768858325,0,200,0.0574076483327405,-5.7974595717801,1.63569201382656,-2.04247160634103,-5.7974595717801,0.492065964851008,-1329.02413951164,10,1,"normal",70
"1871",-1.58612,0.938151350910016,1,200,0.0574076483327405,-5.7974595717801,1.63569201382656,-2.04247160634103,-5.7974595717801,0.492065964851008,-1329.02413951164,10,1,"normal",71
"1872",-7.48859,0.190710363516189,0,200,0.0574076483327405,-5.7974595717801,1.63569201382656,-2.04247160634103,-5.7974595717801,0.492065964851008,-1329.02413951164,10,1,"normal",72
"1873",-6.31687,0.389718362028771,0,200,0.0574076483327405,-5.7974595717801,1.63569201382656,-2.04247160634103,-5.7974595717801,0.492065964851008,-1329.02413951164,10,1,"normal",73
"1874",-3.01296,0.903337883897748,0,200,0.0574076483327405,-5.7974595717801,1.63569201382656,-2.04247160634103,-5.7974595717801,0.492065964851008,-1329.02413951164,10,1,"normal",74
"1875",-7.74076,0.16133263891042,0,200,0.0574076483327405,-5.7974595717801,1.63569201382656,-2.04247160634103,-5.7974595717801,0.492065964851008,-1329.02413951164,10,1,"normal",75
"1876",-7.27534,0.219507090491026,0,200,0.0574076483327405,-5.7974595717801,1.63569201382656,-2.04247160634103,-5.7974595717801,0.492065964851008,-1329.02413951164,10,1,"normal",76
"1877",-7.00569,0.261048685122332,0,200,0.0574076483327405,-5.7974595717801,1.63569201382656,-2.04247160634103,-5.7974595717801,0.492065964851008,-1329.02413951164,10,1,"normal",77
"1878",-2.70209,0.916727765750006,1,200,0.0574076483327405,-5.7974595717801,1.63569201382656,-2.04247160634103,-5.7974595717801,0.492065964851008,-1329.02413951164,10,1,"normal",78
"1879",-0.87378,0.941436663198074,1,200,0.0574076483327405,-5.7974595717801,1.63569201382656,-2.04247160634103,-5.7974595717801,0.492065964851008,-1329.02413951164,10,1,"normal",79
"1880",-7.13974,0.239695129912537,1,200,0.0574076483327405,-5.7974595717801,1.63569201382656,-2.04247160634103,-5.7974595717801,0.492065964851008,-1329.02413951164,10,1,"normal",80
"1881",-6.33576,0.385847815745559,0,200,0.0574076483327405,-5.7974595717801,1.63569201382656,-2.04247160634103,-5.7974595717801,0.492065964851008,-1329.02413951164,10,1,"normal",81
"1882",-7.7021,0.165511663080647,0,200,0.0574076483327405,-5.7974595717801,1.63569201382656,-2.04247160634103,-5.7974595717801,0.492065964851008,-1329.02413951164,10,1,"normal",82
"1883",-5.66566,0.52842409713899,1,200,0.0574076483327405,-5.7974595717801,1.63569201382656,-2.04247160634103,-5.7974595717801,0.492065964851008,-1329.02413951164,10,1,"normal",83
"1884",-0.0638399999999999,0.942390501523582,1,200,0.0574076483327405,-5.7974595717801,1.63569201382656,-2.04247160634103,-5.7974595717801,0.492065964851008,-1329.02413951164,10,1,"normal",84
"1885",-2.33635,0.927391263542395,1,200,0.0574076483327405,-5.7974595717801,1.63569201382656,-2.04247160634103,-5.7974595717801,0.492065964851008,-1329.02413951164,10,1,"normal",85
"1886",-6.03015,0.44993224741625,0,200,0.0574076483327405,-5.7974595717801,1.63569201382656,-2.04247160634103,-5.7974595717801,0.492065964851008,-1329.02413951164,10,1,"normal",86
"1887",-7.61331,0.17555229234532,1,200,0.0574076483327405,-5.7974595717801,1.63569201382656,-2.04247160634103,-5.7974595717801,0.492065964851008,-1329.02413951164,10,1,"normal",87
"1888",-2.17285,0.930777341523607,1,200,0.0574076483327405,-5.7974595717801,1.63569201382656,-2.04247160634103,-5.7974595717801,0.492065964851008,-1329.02413951164,10,1,"normal",88
"1889",-8.02265,0.134287861930663,0,200,0.0574076483327405,-5.7974595717801,1.63569201382656,-2.04247160634103,-5.7974595717801,0.492065964851008,-1329.02413951164,10,1,"normal",89
"1890",-6.34547,0.383863928700528,0,200,0.0574076483327405,-5.7974595717801,1.63569201382656,-2.04247160634103,-5.7974595717801,0.492065964851008,-1329.02413951164,10,1,"normal",90
"1891",-8.1153,0.126660665443174,0,200,0.0574076483327405,-5.7974595717801,1.63569201382656,-2.04247160634103,-5.7974595717801,0.492065964851008,-1329.02413951164,10,1,"normal",91
"1892",-2.87336,0.909917046093917,1,200,0.0574076483327405,-5.7974595717801,1.63569201382656,-2.04247160634103,-5.7974595717801,0.492065964851008,-1329.02413951164,10,1,"normal",92
"1893",-2.83742,0.911456343603969,1,200,0.0574076483327405,-5.7974595717801,1.63569201382656,-2.04247160634103,-5.7974595717801,0.492065964851008,-1329.02413951164,10,1,"normal",93
"1894",-2.14998,0.931194689221063,1,200,0.0574076483327405,-5.7974595717801,1.63569201382656,-2.04247160634103,-5.7974595717801,0.492065964851008,-1329.02413951164,10,1,"normal",94
"1895",-3.56588,0.866257469563666,1,200,0.0574076483327405,-5.7974595717801,1.63569201382656,-2.04247160634103,-5.7974595717801,0.492065964851008,-1329.02413951164,10,1,"normal",95
"1896",-1.95553,0.934256779668144,1,200,0.0574076483327405,-5.7974595717801,1.63569201382656,-2.04247160634103,-5.7974595717801,0.492065964851008,-1329.02413951164,10,1,"normal",96
"1897",-3.17132,0.894624649463574,1,200,0.0574076483327405,-5.7974595717801,1.63569201382656,-2.04247160634103,-5.7974595717801,0.492065964851008,-1329.02413951164,10,1,"normal",97
"1898",-2.32183,0.927722297089591,1,200,0.0574076483327405,-5.7974595717801,1.63569201382656,-2.04247160634103,-5.7974595717801,0.492065964851008,-1329.02413951164,10,1,"normal",98
"1899",-3.04396,0.901740827586738,0,200,0.0574076483327405,-5.7974595717801,1.63569201382656,-2.04247160634103,-5.7974595717801,0.492065964851008,-1329.02413951164,10,1,"normal",99
"1900",-2.94676,0.906579985242845,1,200,0.0574076483327405,-5.7974595717801,1.63569201382656,-2.04247160634103,-5.7974595717801,0.492065964851008,-1329.02413951164,10,1,"normal",100
"1901",-3.503,0.871470968968213,1,200,0.0574076483327405,-5.7974595717801,1.63569201382656,-2.04247160634103,-5.7974595717801,0.492065964851008,-1329.02413951164,10,1,"normal",101
"1902",-6.9366,0.272578933156539,1,200,0.0574076483327405,-5.7974595717801,1.63569201382656,-2.04247160634103,-5.7974595717801,0.492065964851008,-1329.02413951164,10,1,"normal",102
"1903",-7.39055,0.203498035734762,0,200,0.0574076483327405,-5.7974595717801,1.63569201382656,-2.04247160634103,-5.7974595717801,0.492065964851008,-1329.02413951164,10,1,"normal",103
"1904",-8.11671,0.126549193822212,1,200,0.0574076483327405,-5.7974595717801,1.63569201382656,-2.04247160634103,-5.7974595717801,0.492065964851008,-1329.02413951164,10,1,"normal",104
"1905",-8.00979,0.135394316225212,0,200,0.0574076483327405,-5.7974595717801,1.63569201382656,-2.04247160634103,-5.7974595717801,0.492065964851008,-1329.02413951164,10,1,"normal",105
"1906",-7.98415,0.137635699508288,0,200,0.0574076483327405,-5.7974595717801,1.63569201382656,-2.04247160634103,-5.7974595717801,0.492065964851008,-1329.02413951164,10,1,"normal",106
"1907",-2.06403,0.932651201781289,1,200,0.0574076483327405,-5.7974595717801,1.63569201382656,-2.04247160634103,-5.7974595717801,0.492065964851008,-1329.02413951164,10,1,"normal",107
"1908",-7.17478,0.23434047731326,0,200,0.0574076483327405,-5.7974595717801,1.63569201382656,-2.04247160634103,-5.7974595717801,0.492065964851008,-1329.02413951164,10,1,"normal",108
"1909",-7.57897,0.179602393118849,1,200,0.0574076483327405,-5.7974595717801,1.63569201382656,-2.04247160634103,-5.7974595717801,0.492065964851008,-1329.02413951164,10,1,"normal",109
"1910",-2.38873,0.926144251544616,1,200,0.0574076483327405,-5.7974595717801,1.63569201382656,-2.04247160634103,-5.7974595717801,0.492065964851008,-1329.02413951164,10,1,"normal",110
"1911",-3.26772,0.888612491523228,1,200,0.0574076483327405,-5.7974595717801,1.63569201382656,-2.04247160634103,-5.7974595717801,0.492065964851008,-1329.02413951164,10,1,"normal",111
"1912",-7.13761,0.240023696613913,1,200,0.0574076483327405,-5.7974595717801,1.63569201382656,-2.04247160634103,-5.7974595717801,0.492065964851008,-1329.02413951164,10,1,"normal",112
"1913",-8.0287,0.133771404394951,0,200,0.0574076483327405,-5.7974595717801,1.63569201382656,-2.04247160634103,-5.7974595717801,0.492065964851008,-1329.02413951164,10,1,"normal",113
"1914",-9.35186,0.070587340151052,0,200,0.0574076483327405,-5.7974595717801,1.63569201382656,-2.04247160634103,-5.7974595717801,0.492065964851008,-1329.02413951164,10,1,"normal",114
"1915",-8.11456,0.126719222791307,1,200,0.0574076483327405,-5.7974595717801,1.63569201382656,-2.04247160634103,-5.7974595717801,0.492065964851008,-1329.02413951164,10,1,"normal",115
"1916",-8.8158,0.0861735364669017,0,200,0.0574076483327405,-5.7974595717801,1.63569201382656,-2.04247160634103,-5.7974595717801,0.492065964851008,-1329.02413951164,10,1,"normal",116
"1917",-8.34011,0.110549701950191,0,200,0.0574076483327405,-5.7974595717801,1.63569201382656,-2.04247160634103,-5.7974595717801,0.492065964851008,-1329.02413951164,10,1,"normal",117
"1918",-3.08169,0.899727099595898,1,200,0.0574076483327405,-5.7974595717801,1.63569201382656,-2.04247160634103,-5.7974595717801,0.492065964851008,-1329.02413951164,10,1,"normal",118
"1919",-3.12639,0.897239476119108,1,200,0.0574076483327405,-5.7974595717801,1.63569201382656,-2.04247160634103,-5.7974595717801,0.492065964851008,-1329.02413951164,10,1,"normal",119
"1920",-6.99346,0.263064186607712,1,200,0.0574076483327405,-5.7974595717801,1.63569201382656,-2.04247160634103,-5.7974595717801,0.492065964851008,-1329.02413951164,10,1,"normal",120
"1921",-8.80498,0.0866017947701187,0,200,0.0574076483327405,-5.7974595717801,1.63569201382656,-2.04247160634103,-5.7974595717801,0.492065964851008,-1329.02413951164,10,1,"normal",121
"1922",-2.67461,0.917702121761769,1,200,0.0574076483327405,-5.7974595717801,1.63569201382656,-2.04247160634103,-5.7974595717801,0.492065964851008,-1329.02413951164,10,1,"normal",122
"1923",-8.78286,0.0874936667296484,0,200,0.0574076483327405,-5.7974595717801,1.63569201382656,-2.04247160634103,-5.7974595717801,0.492065964851008,-1329.02413951164,10,1,"normal",123
"1924",-7.77119,0.158124683107815,1,200,0.0574076483327405,-5.7974595717801,1.63569201382656,-2.04247160634103,-5.7974595717801,0.492065964851008,-1329.02413951164,10,1,"normal",124
"1925",-8.89004,0.0833728759919603,1,200,0.0574076483327405,-5.7974595717801,1.63569201382656,-2.04247160634103,-5.7974595717801,0.492065964851008,-1329.02413951164,10,1,"normal",125
"1926",-4.25144,0.790089112371175,0,200,0.0574076483327405,-5.7974595717801,1.63569201382656,-2.04247160634103,-5.7974595717801,0.492065964851008,-1329.02413951164,10,1,"normal",126
"1927",-7.9494,0.140749294408141,0,200,0.0574076483327405,-5.7974595717801,1.63569201382656,-2.04247160634103,-5.7974595717801,0.492065964851008,-1329.02413951164,10,1,"normal",127
"1928",-1.72297,0.93695424134974,1,200,0.0574076483327405,-5.7974595717801,1.63569201382656,-2.04247160634103,-5.7974595717801,0.492065964851008,-1329.02413951164,10,1,"normal",128
"1929",-8.43759,0.104548623448685,0,200,0.0574076483327405,-5.7974595717801,1.63569201382656,-2.04247160634103,-5.7974595717801,0.492065964851008,-1329.02413951164,10,1,"normal",129
"1930",-8.87103,0.0840675161536779,0,200,0.0574076483327405,-5.7974595717801,1.63569201382656,-2.04247160634103,-5.7974595717801,0.492065964851008,-1329.02413951164,10,1,"normal",130
"1931",-1.66913,0.937455641350521,1,200,0.0574076483327405,-5.7974595717801,1.63569201382656,-2.04247160634103,-5.7974595717801,0.492065964851008,-1329.02413951164,10,1,"normal",131
"1932",-8.44497,0.104117108059713,0,200,0.0574076483327405,-5.7974595717801,1.63569201382656,-2.04247160634103,-5.7974595717801,0.492065964851008,-1329.02413951164,10,1,"normal",132
"1933",-9.27423,0.0722519564254298,1,200,0.0574076483327405,-5.7974595717801,1.63569201382656,-2.04247160634103,-5.7974595717801,0.492065964851008,-1329.02413951164,10,1,"normal",133
"1934",-9.20987,0.0737653586454308,0,200,0.0574076483327405,-5.7974595717801,1.63569201382656,-2.04247160634103,-5.7974595717801,0.492065964851008,-1329.02413951164,10,1,"normal",134
"1935",-8.26404,0.115635662644048,0,200,0.0574076483327405,-5.7974595717801,1.63569201382656,-2.04247160634103,-5.7974595717801,0.492065964851008,-1329.02413951164,10,1,"normal",135
"1936",-2.61139,0.919828112477228,1,200,0.0574076483327405,-5.7974595717801,1.63569201382656,-2.04247160634103,-5.7974595717801,0.492065964851008,-1329.02413951164,10,1,"normal",136
"1937",-7.49441,0.189975427179915,0,200,0.0574076483327405,-5.7974595717801,1.63569201382656,-2.04247160634103,-5.7974595717801,0.492065964851008,-1329.02413951164,10,1,"normal",137
"1938",-8.07219,0.13013500967487,1,200,0.0574076483327405,-5.7974595717801,1.63569201382656,-2.04247160634103,-5.7974595717801,0.492065964851008,-1329.02413951164,10,1,"normal",138
"1939",-8.74232,0.0891863584098804,0,200,0.0574076483327405,-5.7974595717801,1.63569201382656,-2.04247160634103,-5.7974595717801,0.492065964851008,-1329.02413951164,10,1,"normal",139
"1940",-3.38128,0.88079201791095,1,200,0.0574076483327405,-5.7974595717801,1.63569201382656,-2.04247160634103,-5.7974595717801,0.492065964851008,-1329.02413951164,10,1,"normal",140
"1941",-3.42793,0.877337408982261,0,200,0.0574076483327405,-5.7974595717801,1.63569201382656,-2.04247160634103,-5.7974595717801,0.492065964851008,-1329.02413951164,10,1,"normal",141
"1942",-2.40434,0.925756180737327,1,200,0.0574076483327405,-5.7974595717801,1.63569201382656,-2.04247160634103,-5.7974595717801,0.492065964851008,-1329.02413951164,10,1,"normal",142
"1943",-8.40495,0.106495129206506,0,200,0.0574076483327405,-5.7974595717801,1.63569201382656,-2.04247160634103,-5.7974595717801,0.492065964851008,-1329.02413951164,10,1,"normal",143
"1944",-9.16519,0.0748916291677265,0,200,0.0574076483327405,-5.7974595717801,1.63569201382656,-2.04247160634103,-5.7974595717801,0.492065964851008,-1329.02413951164,10,1,"normal",144
"1945",-2.92335,0.907673096320532,1,200,0.0574076483327405,-5.7974595717801,1.63569201382656,-2.04247160634103,-5.7974595717801,0.492065964851008,-1329.02413951164,10,1,"normal",145
"1946",-8.52633,0.0995648689791911,0,200,0.0574076483327405,-5.7974595717801,1.63569201382656,-2.04247160634103,-5.7974595717801,0.492065964851008,-1329.02413951164,10,1,"normal",146
"1947",-7.72406,0.163123605489245,0,200,0.0574076483327405,-5.7974595717801,1.63569201382656,-2.04247160634103,-5.7974595717801,0.492065964851008,-1329.02413951164,10,1,"normal",147
"1948",-8.19848,0.120314786908007,0,200,0.0574076483327405,-5.7974595717801,1.63569201382656,-2.04247160634103,-5.7974595717801,0.492065964851008,-1329.02413951164,10,1,"normal",148
"1949",-8.77449,0.0878369339946131,0,200,0.0574076483327405,-5.7974595717801,1.63569201382656,-2.04247160634103,-5.7974595717801,0.492065964851008,-1329.02413951164,10,1,"normal",149
"1950",-7.59635,0.177540889514139,0,200,0.0574076483327405,-5.7974595717801,1.63569201382656,-2.04247160634103,-5.7974595717801,0.492065964851008,-1329.02413951164,10,1,"normal",150
"1951",-7.81032,0.154104152353968,0,200,0.0574076483327405,-5.7974595717801,1.63569201382656,-2.04247160634103,-5.7974595717801,0.492065964851008,-1329.02413951164,10,1,"normal",151
"1952",-8.35373,0.109676950539226,0,200,0.0574076483327405,-5.7974595717801,1.63569201382656,-2.04247160634103,-5.7974595717801,0.492065964851008,-1329.02413951164,10,1,"normal",152
"1953",-2.99734,0.9041233171237,0,200,0.0574076483327405,-5.7974595717801,1.63569201382656,-2.04247160634103,-5.7974595717801,0.492065964851008,-1329.02413951164,10,1,"normal",153
"1954",-3.71267,0.852983068688195,1,200,0.0574076483327405,-5.7974595717801,1.63569201382656,-2.04247160634103,-5.7974595717801,0.492065964851008,-1329.02413951164,10,1,"normal",154
"1955",-8.34007,0.110552281799695,0,200,0.0574076483327405,-5.7974595717801,1.63569201382656,-2.04247160634103,-5.7974595717801,0.492065964851008,-1329.02413951164,10,1,"normal",155
"1956",-2.94762,0.906539305322168,1,200,0.0574076483327405,-5.7974595717801,1.63569201382656,-2.04247160634103,-5.7974595717801,0.492065964851008,-1329.02413951164,10,1,"normal",156
"1957",-2.75631,0.914712288123401,1,200,0.0574076483327405,-5.7974595717801,1.63569201382656,-2.04247160634103,-5.7974595717801,0.492065964851008,-1329.02413951164,10,1,"normal",157
"1958",-3.467,0.874332140377741,1,200,0.0574076483327405,-5.7974595717801,1.63569201382656,-2.04247160634103,-5.7974595717801,0.492065964851008,-1329.02413951164,10,1,"normal",158
"1959",-3.18227,0.893969638403458,1,200,0.0574076483327405,-5.7974595717801,1.63569201382656,-2.04247160634103,-5.7974595717801,0.492065964851008,-1329.02413951164,10,1,"normal",159
"1960",-9.19007,0.074256606798636,0,200,0.0574076483327405,-5.7974595717801,1.63569201382656,-2.04247160634103,-5.7974595717801,0.492065964851008,-1329.02413951164,10,1,"normal",160
"1961",-8.02064,0.134460021596809,1,200,0.0574076483327405,-5.7974595717801,1.63569201382656,-2.04247160634103,-5.7974595717801,0.492065964851008,-1329.02413951164,10,1,"normal",161
"1962",-3.18487,0.893813076897499,1,200,0.0574076483327405,-5.7974595717801,1.63569201382656,-2.04247160634103,-5.7974595717801,0.492065964851008,-1329.02413951164,10,1,"normal",162
"1963",-8.07858,0.129611891387004,1,200,0.0574076483327405,-5.7974595717801,1.63569201382656,-2.04247160634103,-5.7974595717801,0.492065964851008,-1329.02413951164,10,1,"normal",163
"1964",-8.02526,0.134064740416635,0,200,0.0574076483327405,-5.7974595717801,1.63569201382656,-2.04247160634103,-5.7974595717801,0.492065964851008,-1329.02413951164,10,1,"normal",164
"1965",-7.84776,0.150366463891071,1,200,0.0574076483327405,-5.7974595717801,1.63569201382656,-2.04247160634103,-5.7974595717801,0.492065964851008,-1329.02413951164,10,1,"normal",165
"1966",-8.72381,0.0899847578105593,0,200,0.0574076483327405,-5.7974595717801,1.63569201382656,-2.04247160634103,-5.7974595717801,0.492065964851008,-1329.02413951164,10,1,"normal",166
"1967",-2.93844,0.906971619411512,1,200,0.0574076483327405,-5.7974595717801,1.63569201382656,-2.04247160634103,-5.7974595717801,0.492065964851008,-1329.02413951164,10,1,"normal",167
"1968",-2.53965,0.922054356491613,1,200,0.0574076483327405,-5.7974595717801,1.63569201382656,-2.04247160634103,-5.7974595717801,0.492065964851008,-1329.02413951164,10,1,"normal",168
"1969",-8.4686,0.102756491616921,1,200,0.0574076483327405,-5.7974595717801,1.63569201382656,-2.04247160634103,-5.7974595717801,0.492065964851008,-1329.02413951164,10,1,"normal",169
"1970",-8.57488,0.0970223132444853,0,200,0.0574076483327405,-5.7974595717801,1.63569201382656,-2.04247160634103,-5.7974595717801,0.492065964851008,-1329.02413951164,10,1,"normal",170
"1971",-3.45267,0.875446390696967,0,200,0.0574076483327405,-5.7974595717801,1.63569201382656,-2.04247160634103,-5.7974595717801,0.492065964851008,-1329.02413951164,10,1,"normal",171
"1972",-2.12846,0.93157569617877,1,200,0.0574076483327405,-5.7974595717801,1.63569201382656,-2.04247160634103,-5.7974595717801,0.492065964851008,-1329.02413951164,10,1,"normal",172
"1973",-2.87727,0.909745892804831,0,200,0.0574076483327405,-5.7974595717801,1.63569201382656,-2.04247160634103,-5.7974595717801,0.492065964851008,-1329.02413951164,10,1,"normal",173
"1974",-2.71045,0.916425135096863,0,200,0.0574076483327405,-5.7974595717801,1.63569201382656,-2.04247160634103,-5.7974595717801,0.492065964851008,-1329.02413951164,10,1,"normal",174
"1975",-8.68041,0.0919211736655266,0,200,0.0574076483327405,-5.7974595717801,1.63569201382656,-2.04247160634103,-5.7974595717801,0.492065964851008,-1329.02413951164,10,1,"normal",175
"1976",-3.01008,0.903483665134713,1,200,0.0574076483327405,-5.7974595717801,1.63569201382656,-2.04247160634103,-5.7974595717801,0.492065964851008,-1329.02413951164,10,1,"normal",176
"1977",-3.46765,0.874281267532774,0,200,0.0574076483327405,-5.7974595717801,1.63569201382656,-2.04247160634103,-5.7974595717801,0.492065964851008,-1329.02413951164,10,1,"normal",177
"1978",-7.6417,0.172274411105898,0,200,0.0574076483327405,-5.7974595717801,1.63569201382656,-2.04247160634103,-5.7974595717801,0.492065964851008,-1329.02413951164,10,1,"normal",178
"1979",-3.0738,0.900154642118994,1,200,0.0574076483327405,-5.7974595717801,1.63569201382656,-2.04247160634103,-5.7974595717801,0.492065964851008,-1329.02413951164,10,1,"normal",179
"1980",-0.86271,0.941462154835001,1,200,0.0574076483327405,-5.7974595717801,1.63569201382656,-2.04247160634103,-5.7974595717801,0.492065964851008,-1329.02413951164,10,1,"normal",180
"1981",-8.76774,0.0881161010205774,0,200,0.0574076483327405,-5.7974595717801,1.63569201382656,-2.04247160634103,-5.7974595717801,0.492065964851008,-1329.02413951164,10,1,"normal",181
"1982",-8.5158,0.100133214356185,0,200,0.0574076483327405,-5.7974595717801,1.63569201382656,-2.04247160634103,-5.7974595717801,0.492065964851008,-1329.02413951164,10,1,"normal",182
"1983",-8.54158,0.0987525191646636,0,200,0.0574076483327405,-5.7974595717801,1.63569201382656,-2.04247160634103,-5.7974595717801,0.492065964851008,-1329.02413951164,10,1,"normal",183
"1984",-2.05702,0.932762519523074,1,200,0.0574076483327405,-5.7974595717801,1.63569201382656,-2.04247160634103,-5.7974595717801,0.492065964851008,-1329.02413951164,10,1,"normal",184
"1985",-1.9608,0.934184383548996,1,200,0.0574076483327405,-5.7974595717801,1.63569201382656,-2.04247160634103,-5.7974595717801,0.492065964851008,-1329.02413951164,10,1,"normal",185
"1986",-7.89743,0.1455707947898,0,200,0.0574076483327405,-5.7974595717801,1.63569201382656,-2.04247160634103,-5.7974595717801,0.492065964851008,-1329.02413951164,10,1,"normal",186
"1987",-1.84668,0.935634884359244,1,200,0.0574076483327405,-5.7974595717801,1.63569201382656,-2.04247160634103,-5.7974595717801,0.492065964851008,-1329.02413951164,10,1,"normal",187
"1988",-1.30551,0.939924022978043,1,200,0.0574076483327405,-5.7974595717801,1.63569201382656,-2.04247160634103,-5.7974595717801,0.492065964851008,-1329.02413951164,10,1,"normal",188
"1989",-7.67538,0.168468107860419,0,200,0.0574076483327405,-5.7974595717801,1.63569201382656,-2.04247160634103,-5.7974595717801,0.492065964851008,-1329.02413951164,10,1,"normal",189
"1990",-8.75679,0.0885734430286536,0,200,0.0574076483327405,-5.7974595717801,1.63569201382656,-2.04247160634103,-5.7974595717801,0.492065964851008,-1329.02413951164,10,1,"normal",190
"1991",-2.12384,0.931656038726019,1,200,0.0574076483327405,-5.7974595717801,1.63569201382656,-2.04247160634103,-5.7974595717801,0.492065964851008,-1329.02413951164,10,1,"normal",191
"1992",-7.45255,0.195321752274993,0,200,0.0574076483327405,-5.7974595717801,1.63569201382656,-2.04247160634103,-5.7974595717801,0.492065964851008,-1329.02413951164,10,1,"normal",192
"1993",-2.87748,0.909736679735454,1,200,0.0574076483327405,-5.7974595717801,1.63569201382656,-2.04247160634103,-5.7974595717801,0.492065964851008,-1329.02413951164,10,1,"normal",193
"1994",-8.70643,0.0907492760274972,0,200,0.0574076483327405,-5.7974595717801,1.63569201382656,-2.04247160634103,-5.7974595717801,0.492065964851008,-1329.02413951164,10,1,"normal",194
"1995",-4.01195,0.820874083381084,1,200,0.0574076483327405,-5.7974595717801,1.63569201382656,-2.04247160634103,-5.7974595717801,0.492065964851008,-1329.02413951164,10,1,"normal",195
"1996",-8.36562,0.108924282966457,0,200,0.0574076483327405,-5.7974595717801,1.63569201382656,-2.04247160634103,-5.7974595717801,0.492065964851008,-1329.02413951164,10,1,"normal",196
"1997",-7.38115,0.204764522091902,0,200,0.0574076483327405,-5.7974595717801,1.63569201382656,-2.04247160634103,-5.7974595717801,0.492065964851008,-1329.02413951164,10,1,"normal",197
"1998",-7.96744,0.139121964294915,1,200,0.0574076483327405,-5.7974595717801,1.63569201382656,-2.04247160634103,-5.7974595717801,0.492065964851008,-1329.02413951164,10,1,"normal",198
"1999",-9.22671,0.0733571990892344,0,200,0.0574076483327405,-5.7974595717801,1.63569201382656,-2.04247160634103,-5.7974595717801,0.492065964851008,-1329.02413951164,10,1,"normal",199
"2000",-3.42491,0.877565428568698,0,200,0.0574076483327405,-5.7974595717801,1.63569201382656,-2.04247160634103,-5.7974595717801,0.492065964851008,-1329.02413951164,10,1,"normal",200
"2001",9.14568452086,0.995153172354208,1,200,0.00477079786006577,0.927279792901524,2.17113805244524,-4.64250713285339,0.927279792901524,0.775251478208956,-774.762517923488,1,2,"normal",1
"2002",-4.9712577694,0.00803521857012956,0,200,0.00477079786006577,0.927279792901524,2.17113805244524,-4.64250713285339,0.927279792901524,0.775251478208956,-774.762517923488,1,2,"normal",2
"2003",1.88264527267,0.66841976967475,1,200,0.00477079786006577,0.927279792901524,2.17113805244524,-4.64250713285339,0.927279792901524,0.775251478208956,-774.762517923488,1,2,"normal",3
"2004",-1.69462284678,0.11728425788503,0,200,0.00477079786006577,0.927279792901524,2.17113805244524,-4.64250713285339,0.927279792901524,0.775251478208956,-774.762517923488,1,2,"normal",4
"2005",0.000761803990000016,0.3363596910991,1,200,0.00477079786006577,0.927279792901524,2.17113805244524,-4.64250713285339,0.927279792901524,0.775251478208956,-774.762517923488,1,2,"normal",5
"2006",-8.55281,0.00477705272359144,0,200,0.00477079786006577,0.927279792901524,2.17113805244524,-4.64250713285339,0.927279792901524,0.775251478208956,-774.762517923488,1,2,"normal",6
"2007",2.0361858,0.693373626025264,0,200,0.00477079786006577,0.927279792901524,2.17113805244524,-4.64250713285339,0.927279792901524,0.775251478208956,-774.762517923488,1,2,"normal",7
"2008",-5.83236,0.0056866738011182,0,200,0.00477079786006577,0.927279792901524,2.17113805244524,-4.64250713285339,0.927279792901524,0.775251478208956,-774.762517923488,1,2,"normal",8
"2009",16.70865,0.995229202139755,1,200,0.00477079786006577,0.927279792901524,2.17113805244524,-4.64250713285339,0.927279792901524,0.775251478208956,-774.762517923488,1,2,"normal",9
"2010",3.5355699,0.881516336708404,0,200,0.00477079786006577,0.927279792901524,2.17113805244524,-4.64250713285339,0.927279792901524,0.775251478208956,-774.762517923488,1,2,"normal",10
"2011",16.720311,0.995229202139761,1,200,0.00477079786006577,0.927279792901524,2.17113805244524,-4.64250713285339,0.927279792901524,0.775251478208956,-774.762517923488,1,2,"normal",11
"2012",18.23792,0.995229202139933,1,200,0.00477079786006577,0.927279792901524,2.17113805244524,-4.64250713285339,0.927279792901524,0.775251478208956,-774.762517923488,1,2,"normal",12
"2013",4.57558055635,0.94922902228152,1,200,0.00477079786006577,0.927279792901524,2.17113805244524,-4.64250713285339,0.927279792901524,0.775251478208956,-774.762517923488,1,2,"normal",13
"2014",-1.945788,0.0967524452876,0,200,0.00477079786006577,0.927279792901524,2.17113805244524,-4.64250713285339,0.927279792901524,0.775251478208956,-774.762517923488,1,2,"normal",14
"2015",-14.28641,0.00477079786126948,0,200,0.00477079786006577,0.927279792901524,2.17113805244524,-4.64250713285339,0.927279792901524,0.775251478208956,-774.762517923488,1,2,"normal",15
"2016",6.62061,0.990903680227611,1,200,0.00477079786006577,0.927279792901524,2.17113805244524,-4.64250713285339,0.927279792901524,0.775251478208956,-774.762517923488,1,2,"normal",16
"2017",-0.86856,0.20690181428944,1,200,0.00477079786006577,0.927279792901524,2.17113805244524,-4.64250713285339,0.927279792901524,0.775251478208956,-774.762517923488,1,2,"normal",17
"2018",-3.129466,0.035323495917629,0,200,0.00477079786006577,0.927279792901524,2.17113805244524,-4.64250713285339,0.927279792901524,0.775251478208956,-774.762517923488,1,2,"normal",18
"2019",-3.678738,0.0215500275653208,0,200,0.00477079786006577,0.927279792901524,2.17113805244524,-4.64250713285339,0.927279792901524,0.775251478208956,-774.762517923488,1,2,"normal",19
"2020",3.545475,0.882389976178335,1,200,0.00477079786006577,0.927279792901524,2.17113805244524,-4.64250713285339,0.927279792901524,0.775251478208956,-774.762517923488,1,2,"normal",20
"2021",-0.18017,0.306859029049538,0,200,0.00477079786006577,0.927279792901524,2.17113805244524,-4.64250713285339,0.927279792901524,0.775251478208956,-774.762517923488,1,2,"normal",21
"2022",5.4461,0.976705071202757,1,200,0.00477079786006577,0.927279792901524,2.17113805244524,-4.64250713285339,0.927279792901524,0.775251478208956,-774.762517923488,1,2,"normal",22
"2023",-0.61448,0.241308224534347,1,200,0.00477079786006577,0.927279792901524,2.17113805244524,-4.64250713285339,0.927279792901524,0.775251478208956,-774.762517923488,1,2,"normal",23
"2024",5.598718,0.979665022843776,1,200,0.00477079786006577,0.927279792901524,2.17113805244524,-4.64250713285339,0.927279792901524,0.775251478208956,-774.762517923488,1,2,"normal",24
"2025",3.656121,0.89182523294986,1,200,0.00477079786006577,0.927279792901524,2.17113805244524,-4.64250713285339,0.927279792901524,0.775251478208956,-774.762517923488,1,2,"normal",25
"2026",-0.37241,0.276862277458047,0,200,0.00477079786006577,0.927279792901524,2.17113805244524,-4.64250713285339,0.927279792901524,0.775251478208956,-774.762517923488,1,2,"normal",26
"2027",13.57616,0.995229199327119,1,200,0.00477079786006577,0.927279792901524,2.17113805244524,-4.64250713285339,0.927279792901524,0.775251478208956,-774.762517923488,1,2,"normal",27
"2028",-1.9096271,0.0995246218809419,0,200,0.00477079786006577,0.927279792901524,2.17113805244524,-4.64250713285339,0.927279792901524,0.775251478208956,-774.762517923488,1,2,"normal",28
"2029",6.01762,0.985795040424813,1,200,0.00477079786006577,0.927279792901524,2.17113805244524,-4.64250713285339,0.927279792901524,0.775251478208956,-774.762517923488,1,2,"normal",29
"2030",9.429286,0.995184602022983,1,200,0.00477079786006577,0.927279792901524,2.17113805244524,-4.64250713285339,0.927279792901524,0.775251478208956,-774.762517923488,1,2,"normal",30
"2031",-0.95568,0.195827685345492,0,200,0.00477079786006577,0.927279792901524,2.17113805244524,-4.64250713285339,0.927279792901524,0.775251478208956,-774.762517923488,1,2,"normal",31
"2032",4.282626,0.93469148969288,1,200,0.00477079786006577,0.927279792901524,2.17113805244524,-4.64250713285339,0.927279792901524,0.775251478208956,-774.762517923488,1,2,"normal",32
"2033",4.8554,0.960358637139651,1,200,0.00477079786006577,0.927279792901524,2.17113805244524,-4.64250713285339,0.927279792901524,0.775251478208956,-774.762517923488,1,2,"normal",33
"2034",6.36718,0.989174516386977,1,200,0.00477079786006577,0.927279792901524,2.17113805244524,-4.64250713285339,0.927279792901524,0.775251478208956,-774.762517923488,1,2,"normal",34
"2035",-2.474911,0.0627684820070574,0,200,0.00477079786006577,0.927279792901524,2.17113805244524,-4.64250713285339,0.927279792901524,0.775251478208956,-774.762517923488,1,2,"normal",35
"2036",3.52762,0.88081167491811,1,200,0.00477079786006577,0.927279792901524,2.17113805244524,-4.64250713285339,0.927279792901524,0.775251478208956,-774.762517923488,1,2,"normal",36
"2037",2.365722,0.743834926748443,1,200,0.00477079786006577,0.927279792901524,2.17113805244524,-4.64250713285339,0.927279792901524,0.775251478208956,-774.762517923488,1,2,"normal",37
"2038",3.675859,0.893446461204988,0,200,0.00477079786006577,0.927279792901524,2.17113805244524,-4.64250713285339,0.927279792901524,0.775251478208956,-774.762517923488,1,2,"normal",38
"2039",3.5599138,0.883654908551915,1,200,0.00477079786006577,0.927279792901524,2.17113805244524,-4.64250713285339,0.927279792901524,0.775251478208956,-774.762517923488,1,2,"normal",39
"2040",2.53422,0.767811681423029,1,200,0.00477079786006577,0.927279792901524,2.17113805244524,-4.64250713285339,0.927279792901524,0.775251478208956,-774.762517923488,1,2,"normal",40
"2041",-2.89912,0.0434000723801568,0,200,0.00477079786006577,0.927279792901524,2.17113805244524,-4.64250713285339,0.927279792901524,0.775251478208956,-774.762517923488,1,2,"normal",41
"2042",-2.465875,0.0632518107635058,0,200,0.00477079786006577,0.927279792901524,2.17113805244524,-4.64250713285339,0.927279792901524,0.775251478208956,-774.762517923488,1,2,"normal",42
"2043",2.75439,0.797116360643741,1,200,0.00477079786006577,0.927279792901524,2.17113805244524,-4.64250713285339,0.927279792901524,0.775251478208956,-774.762517923488,1,2,"normal",43
"2044",-2.026547,0.0907785923192988,0,200,0.00477079786006577,0.927279792901524,2.17113805244524,-4.64250713285339,0.927279792901524,0.775251478208956,-774.762517923488,1,2,"normal",44
"2045",2.635752,0.781617326830223,1,200,0.00477079786006577,0.927279792901524,2.17113805244524,-4.64250713285339,0.927279792901524,0.775251478208956,-774.762517923488,1,2,"normal",45
"2046",-2.041332,0.0897170496345902,0,200,0.00477079786006577,0.927279792901524,2.17113805244524,-4.64250713285339,0.927279792901524,0.775251478208956,-774.762517923488,1,2,"normal",46
"2047",3.326506,0.861945241049084,0,200,0.00477079786006577,0.927279792901524,2.17113805244524,-4.64250713285339,0.927279792901524,0.775251478208956,-774.762517923488,1,2,"normal",47
"2048",0.986859,0.51084174238639,0,200,0.00477079786006577,0.927279792901524,2.17113805244524,-4.64250713285339,0.927279792901524,0.775251478208956,-774.762517923488,1,2,"normal",48
"2049",3.893691,0.91012557554218,1,200,0.00477079786006577,0.927279792901524,2.17113805244524,-4.64250713285339,0.927279792901524,0.775251478208956,-774.762517923488,1,2,"normal",49
"2050",5.26287,0.972530959117195,1,200,0.00477079786006577,0.927279792901524,2.17113805244524,-4.64250713285339,0.927279792901524,0.775251478208956,-774.762517923488,1,2,"normal",50
"2051",-0.81716,0.213611095144508,0,200,0.00477079786006577,0.927279792901524,2.17113805244524,-4.64250713285339,0.927279792901524,0.775251478208956,-774.762517923488,1,2,"normal",51
"2052",-0.87146,0.206527141203823,0,200,0.00477079786006577,0.927279792901524,2.17113805244524,-4.64250713285339,0.927279792901524,0.775251478208956,-774.762517923488,1,2,"normal",52
"2053",-1.861058,0.103344108559591,0,200,0.00477079786006577,0.927279792901524,2.17113805244524,-4.64250713285339,0.927279792901524,0.775251478208956,-774.762517923488,1,2,"normal",53
"2054",-1.69519,0.117234482267588,0,200,0.00477079786006577,0.927279792901524,2.17113805244524,-4.64250713285339,0.927279792901524,0.775251478208956,-774.762517923488,1,2,"normal",54
"2055",-0.40198,0.272381912406196,0,200,0.00477079786006577,0.927279792901524,2.17113805244524,-4.64250713285339,0.927279792901524,0.775251478208956,-774.762517923488,1,2,"normal",55
"2056",-1.74179,0.113198185277542,0,200,0.00477079786006577,0.927279792901524,2.17113805244524,-4.64250713285339,0.927279792901524,0.775251478208956,-774.762517923488,1,2,"normal",56
"2057",3.36896,0.866095716481658,1,200,0.00477079786006577,0.927279792901524,2.17113805244524,-4.64250713285339,0.927279792901524,0.775251478208956,-774.762517923488,1,2,"normal",57
"2058",-0.0756399999999999,0.323762556171263,1,200,0.00477079786006577,0.927279792901524,2.17113805244524,-4.64250713285339,0.927279792901524,0.775251478208956,-774.762517923488,1,2,"normal",58
"2059",-0.18946,0.305376162291054,1,200,0.00477079786006577,0.927279792901524,2.17113805244524,-4.64250713285339,0.927279792901524,0.775251478208956,-774.762517923488,1,2,"normal",59
"2060",-1.870347,0.102605048766228,0,200,0.00477079786006577,0.927279792901524,2.17113805244524,-4.64250713285339,0.927279792901524,0.775251478208956,-774.762517923488,1,2,"normal",60
"2061",2.205696,0.719891691193474,1,200,0.00477079786006577,0.927279792901524,2.17113805244524,-4.64250713285339,0.927279792901524,0.775251478208956,-774.762517923488,1,2,"normal",61
"2062",-0.36288,0.278314077728196,0,200,0.00477079786006577,0.927279792901524,2.17113805244524,-4.64250713285339,0.927279792901524,0.775251478208956,-774.762517923488,1,2,"normal",62
"2063",-1.996336,0.0929784676452793,1,200,0.00477079786006577,0.927279792901524,2.17113805244524,-4.64250713285339,0.927279792901524,0.775251478208956,-774.762517923488,1,2,"normal",63
"2064",-0.997172,0.190686366659009,0,200,0.00477079786006577,0.927279792901524,2.17113805244524,-4.64250713285339,0.927279792901524,0.775251478208956,-774.762517923488,1,2,"normal",64
"2065",-1.751212,0.112394895315602,0,200,0.00477079786006577,0.927279792901524,2.17113805244524,-4.64250713285339,0.927279792901524,0.775251478208956,-774.762517923488,1,2,"normal",65
"2066",-0.86546,0.207302784897617,0,200,0.00477079786006577,0.927279792901524,2.17113805244524,-4.64250713285339,0.927279792901524,0.775251478208956,-774.762517923488,1,2,"normal",66
"2067",-0.0407999999999999,0.329482525132333,0,200,0.00477079786006577,0.927279792901524,2.17113805244524,-4.64250713285339,0.927279792901524,0.775251478208956,-774.762517923488,1,2,"normal",67
"2068",-0.35187,0.27999606073547,0,200,0.00477079786006577,0.927279792901524,2.17113805244524,-4.64250713285339,0.927279792901524,0.775251478208956,-774.762517923488,1,2,"normal",68
"2069",-0.80312,0.215466206351156,0,200,0.00477079786006577,0.927279792901524,2.17113805244524,-4.64250713285339,0.927279792901524,0.775251478208956,-774.762517923488,1,2,"normal",69
"2070",-0.63568,0.23832020558443,1,200,0.00477079786006577,0.927279792901524,2.17113805244524,-4.64250713285339,0.927279792901524,0.775251478208956,-774.762517923488,1,2,"normal",70
"2071",-0.12467,0.315784714291743,1,200,0.00477079786006577,0.927279792901524,2.17113805244524,-4.64250713285339,0.927279792901524,0.775251478208956,-774.762517923488,1,2,"normal",71
"2072",-1.53322,0.132093307400019,0,200,0.00477079786006577,0.927279792901524,2.17113805244524,-4.64250713285339,0.927279792901524,0.775251478208956,-774.762517923488,1,2,"normal",72
"2073",-2.108113,0.0850442107876618,0,200,0.00477079786006577,0.927279792901524,2.17113805244524,-4.64250713285339,0.927279792901524,0.775251478208956,-774.762517923488,1,2,"normal",73
"2074",-3.108861,0.0359838340121757,0,200,0.00477079786006577,0.927279792901524,2.17113805244524,-4.64250713285339,0.927279792901524,0.775251478208956,-774.762517923488,1,2,"normal",74
"2075",-0.43352,0.267644074798062,0,200,0.00477079786006577,0.927279792901524,2.17113805244524,-4.64250713285339,0.927279792901524,0.775251478208956,-774.762517923488,1,2,"normal",75
"2076",3.80655,0.903716958610193,1,200,0.00477079786006577,0.927279792901524,2.17113805244524,-4.64250713285339,0.927279792901524,0.775251478208956,-774.762517923488,1,2,"normal",76
"2077",-2.127064,0.0837541647008819,0,200,0.00477079786006577,0.927279792901524,2.17113805244524,-4.64250713285339,0.927279792901524,0.775251478208956,-774.762517923488,1,2,"normal",77
"2078",3.865646,0.908100790104896,1,200,0.00477079786006577,0.927279792901524,2.17113805244524,-4.64250713285339,0.927279792901524,0.775251478208956,-774.762517923488,1,2,"normal",78
"2079",4.231137,0.931800215648736,0,200,0.00477079786006577,0.927279792901524,2.17113805244524,-4.64250713285339,0.927279792901524,0.775251478208956,-774.762517923488,1,2,"normal",79
"2080",2.670405,0.786215615576273,1,200,0.00477079786006577,0.927279792901524,2.17113805244524,-4.64250713285339,0.927279792901524,0.775251478208956,-774.762517923488,1,2,"normal",80
"2081",-1.18994,0.167937912052432,1,200,0.00477079786006577,0.927279792901524,2.17113805244524,-4.64250713285339,0.927279792901524,0.775251478208956,-774.762517923488,1,2,"normal",81
"2082",6.53699,0.990389406518267,1,200,0.00477079786006577,0.927279792901524,2.17113805244524,-4.64250713285339,0.927279792901524,0.775251478208956,-774.762517923488,1,2,"normal",82
"2083",-3.016777,0.0390806156176571,0,200,0.00477079786006577,0.927279792901524,2.17113805244524,-4.64250713285339,0.927279792901524,0.775251478208956,-774.762517923488,1,2,"normal",83
"2084",2.7022691,0.790392171689148,1,200,0.00477079786006577,0.927279792901524,2.17113805244524,-4.64250713285339,0.927279792901524,0.775251478208956,-774.762517923488,1,2,"normal",84
"2085",3.369059,0.866105289463157,1,200,0.00477079786006577,0.927279792901524,2.17113805244524,-4.64250713285339,0.927279792901524,0.775251478208956,-774.762517923488,1,2,"normal",85
"2086",-0.09877,0.319988374215663,0,200,0.00477079786006577,0.927279792901524,2.17113805244524,-4.64250713285339,0.927279792901524,0.775251478208956,-774.762517923488,1,2,"normal",86
"2087",-0.85764,0.208316366595885,0,200,0.00477079786006577,0.927279792901524,2.17113805244524,-4.64250713285339,0.927279792901524,0.775251478208956,-774.762517923488,1,2,"normal",87
"2088",3.452507,0.874000403569846,0,200,0.00477079786006577,0.927279792901524,2.17113805244524,-4.64250713285339,0.927279792901524,0.775251478208956,-774.762517923488,1,2,"normal",88
"2089",-0.38333,0.27520340939472,0,200,0.00477079786006577,0.927279792901524,2.17113805244524,-4.64250713285339,0.927279792901524,0.775251478208956,-774.762517923488,1,2,"normal",89
"2090",4.44655,0.943214327886197,1,200,0.00477079786006577,0.927279792901524,2.17113805244524,-4.64250713285339,0.927279792901524,0.775251478208956,-774.762517923488,1,2,"normal",90
"2091",4.27204,0.934105620700125,1,200,0.00477079786006577,0.927279792901524,2.17113805244524,-4.64250713285339,0.927279792901524,0.775251478208956,-774.762517923488,1,2,"normal",91
"2092",-0.49745,0.258173070818004,0,200,0.00477079786006577,0.927279792901524,2.17113805244524,-4.64250713285339,0.927279792901524,0.775251478208956,-774.762517923488,1,2,"normal",92
"2093",-0.22559,0.299640278137539,0,200,0.00477079786006577,0.927279792901524,2.17113805244524,-4.64250713285339,0.927279792901524,0.775251478208956,-774.762517923488,1,2,"normal",93
"2094",-1.37769,0.147594188417174,0,200,0.00477079786006577,0.927279792901524,2.17113805244524,-4.64250713285339,0.927279792901524,0.775251478208956,-774.762517923488,1,2,"normal",94
"2095",-2.743635,0.0497767348333528,0,200,0.00477079786006577,0.927279792901524,2.17113805244524,-4.64250713285339,0.927279792901524,0.775251478208956,-774.762517923488,1,2,"normal",95
"2096",5.49486,0.977698925493497,1,200,0.00477079786006577,0.927279792901524,2.17113805244524,-4.64250713285339,0.927279792901524,0.775251478208956,-774.762517923488,1,2,"normal",96
"2097",-1.996055,0.0929991239919451,0,200,0.00477079786006577,0.927279792901524,2.17113805244524,-4.64250713285339,0.927279792901524,0.775251478208956,-774.762517923488,1,2,"normal",97
"2098",-0.37109,0.277063139376217,0,200,0.00477079786006577,0.927279792901524,2.17113805244524,-4.64250713285339,0.927279792901524,0.775251478208956,-774.762517923488,1,2,"normal",98
"2099",2.66743,0.785823138691625,1,200,0.00477079786006577,0.927279792901524,2.17113805244524,-4.64250713285339,0.927279792901524,0.775251478208956,-774.762517923488,1,2,"normal",99
"2100",-2.101756,0.0854804920482121,0,200,0.00477079786006577,0.927279792901524,2.17113805244524,-4.64250713285339,0.927279792901524,0.775251478208956,-774.762517923488,1,2,"normal",100
"2101",3.79904,0.903148368708911,1,200,0.00477079786006577,0.927279792901524,2.17113805244524,-4.64250713285339,0.927279792901524,0.775251478208956,-774.762517923488,1,2,"normal",101
"2102",3.564097,0.884019484757797,1,200,0.00477079786006577,0.927279792901524,2.17113805244524,-4.64250713285339,0.927279792901524,0.775251478208956,-774.762517923488,1,2,"normal",102
"2103",2.386233,0.746822820679201,1,200,0.00477079786006577,0.927279792901524,2.17113805244524,-4.64250713285339,0.927279792901524,0.775251478208956,-774.762517923488,1,2,"normal",103
"2104",3.04165,0.831739518978587,1,200,0.00477079786006577,0.927279792901524,2.17113805244524,-4.64250713285339,0.927279792901524,0.775251478208956,-774.762517923488,1,2,"normal",104
"2105",3.10847,0.83919481490525,0,200,0.00477079786006577,0.927279792901524,2.17113805244524,-4.64250713285339,0.927279792901524,0.775251478208956,-774.762517923488,1,2,"normal",105
"2106",4.08935,0.923282835306502,0,200,0.00477079786006577,0.927279792901524,2.17113805244524,-4.64250713285339,0.927279792901524,0.775251478208956,-774.762517923488,1,2,"normal",106
"2107",3.69511,0.895009817261167,1,200,0.00477079786006577,0.927279792901524,2.17113805244524,-4.64250713285339,0.927279792901524,0.775251478208956,-774.762517923488,1,2,"normal",107
"2108",2.69703,0.789708875495986,1,200,0.00477079786006577,0.927279792901524,2.17113805244524,-4.64250713285339,0.927279792901524,0.775251478208956,-774.762517923488,1,2,"normal",108
"2109",-1.15995,0.171353408855054,0,200,0.00477079786006577,0.927279792901524,2.17113805244524,-4.64250713285339,0.927279792901524,0.775251478208956,-774.762517923488,1,2,"normal",109
"2110",-0.61641,0.24103533971967,0,200,0.00477079786006577,0.927279792901524,2.17113805244524,-4.64250713285339,0.927279792901524,0.775251478208956,-774.762517923488,1,2,"normal",110
"2111",3.81809,0.904585594240143,1,200,0.00477079786006577,0.927279792901524,2.17113805244524,-4.64250713285339,0.927279792901524,0.775251478208956,-774.762517923488,1,2,"normal",111
"2112",3.55236,0.882994415597879,0,200,0.00477079786006577,0.927279792901524,2.17113805244524,-4.64250713285339,0.927279792901524,0.775251478208956,-774.762517923488,1,2,"normal",112
"2113",4.7252,0.955490386049513,1,200,0.00477079786006577,0.927279792901524,2.17113805244524,-4.64250713285339,0.927279792901524,0.775251478208956,-774.762517923488,1,2,"normal",113
"2114",-0.88533,0.204740904320775,1,200,0.00477079786006577,0.927279792901524,2.17113805244524,-4.64250713285339,0.927279792901524,0.775251478208956,-774.762517923488,1,2,"normal",114
"2115",3.99426,0.917097275464911,1,200,0.00477079786006577,0.927279792901524,2.17113805244524,-4.64250713285339,0.927279792901524,0.775251478208956,-774.762517923488,1,2,"normal",115
"2116",3.48146,0.876658827761547,1,200,0.00477079786006577,0.927279792901524,2.17113805244524,-4.64250713285339,0.927279792901524,0.775251478208956,-774.762517923488,1,2,"normal",116
"2117",-0.80085,0.215767043374837,0,200,0.00477079786006577,0.927279792901524,2.17113805244524,-4.64250713285339,0.927279792901524,0.775251478208956,-774.762517923488,1,2,"normal",117
"2118",4.03992,0.920115943218826,1,200,0.00477079786006577,0.927279792901524,2.17113805244524,-4.64250713285339,0.927279792901524,0.775251478208956,-774.762517923488,1,2,"normal",118
"2119",-0.51613,0.255439704107446,0,200,0.00477079786006577,0.927279792901524,2.17113805244524,-4.64250713285339,0.927279792901524,0.775251478208956,-774.762517923488,1,2,"normal",119
"2120",-1.847795,0.104406411319096,1,200,0.00477079786006577,0.927279792901524,2.17113805244524,-4.64250713285339,0.927279792901524,0.775251478208956,-774.762517923488,1,2,"normal",120
"2121",-0.47472,0.261519918468079,0,200,0.00477079786006577,0.927279792901524,2.17113805244524,-4.64250713285339,0.927279792901524,0.775251478208956,-774.762517923488,1,2,"normal",121
"2122",-1.10426,0.17781688927591,0,200,0.00477079786006577,0.927279792901524,2.17113805244524,-4.64250713285339,0.927279792901524,0.775251478208956,-774.762517923488,1,2,"normal",122
"2123",-1.05059,0.184194490255457,0,200,0.00477079786006577,0.927279792901524,2.17113805244524,-4.64250713285339,0.927279792901524,0.775251478208956,-774.762517923488,1,2,"normal",123
"2124",0.0807699999999998,0.349755513244078,0,200,0.00477079786006577,0.927279792901524,2.17113805244524,-4.64250713285339,0.927279792901524,0.775251478208956,-774.762517923488,1,2,"normal",124
"2125",-1.06622,0.182322159911274,0,200,0.00477079786006577,0.927279792901524,2.17113805244524,-4.64250713285339,0.927279792901524,0.775251478208956,-774.762517923488,1,2,"normal",125
"2126",-1.526669,0.132721688241231,0,200,0.00477079786006577,0.927279792901524,2.17113805244524,-4.64250713285339,0.927279792901524,0.775251478208956,-774.762517923488,1,2,"normal",126
"2127",3.45095,0.87385626609867,1,200,0.00477079786006577,0.927279792901524,2.17113805244524,-4.64250713285339,0.927279792901524,0.775251478208956,-774.762517923488,1,2,"normal",127
"2128",-0.26414,0.293575872989598,0,200,0.00477079786006577,0.927279792901524,2.17113805244524,-4.64250713285339,0.927279792901524,0.775251478208956,-774.762517923488,1,2,"normal",128
"2129",-0.837646,0.210921526213446,0,200,0.00477079786006577,0.927279792901524,2.17113805244524,-4.64250713285339,0.927279792901524,0.775251478208956,-774.762517923488,1,2,"normal",129
"2130",3.29552,0.858858712517198,1,200,0.00477079786006577,0.927279792901524,2.17113805244524,-4.64250713285339,0.927279792901524,0.775251478208956,-774.762517923488,1,2,"normal",130
"2131",2.98551,0.825300469933993,1,200,0.00477079786006577,0.927279792901524,2.17113805244524,-4.64250713285339,0.927279792901524,0.775251478208956,-774.762517923488,1,2,"normal",131
"2132",3.27132,0.85641446815615,1,200,0.00477079786006577,0.927279792901524,2.17113805244524,-4.64250713285339,0.927279792901524,0.775251478208956,-774.762517923488,1,2,"normal",132
"2133",3.57444,0.884917246084986,0,200,0.00477079786006577,0.927279792901524,2.17113805244524,-4.64250713285339,0.927279792901524,0.775251478208956,-774.762517923488,1,2,"normal",133
"2134",-1.43589,0.14165096070587,0,200,0.00477079786006577,0.927279792901524,2.17113805244524,-4.64250713285339,0.927279792901524,0.775251478208956,-774.762517923488,1,2,"normal",134
"2135",3.73905,0.898512442156227,0,200,0.00477079786006577,0.927279792901524,2.17113805244524,-4.64250713285339,0.927279792901524,0.775251478208956,-774.762517923488,1,2,"normal",135
"2136",3.85429,0.907270771889478,1,200,0.00477079786006577,0.927279792901524,2.17113805244524,-4.64250713285339,0.927279792901524,0.775251478208956,-774.762517923488,1,2,"normal",136
"2137",4.45247,0.943503317699801,1,200,0.00477079786006577,0.927279792901524,2.17113805244524,-4.64250713285339,0.927279792901524,0.775251478208956,-774.762517923488,1,2,"normal",137
"2138",3.61231,0.888160027779608,1,200,0.00477079786006577,0.927279792901524,2.17113805244524,-4.64250713285339,0.927279792901524,0.775251478208956,-774.762517923488,1,2,"normal",138
"2139",-0.74818,0.222817324110826,1,200,0.00477079786006577,0.927279792901524,2.17113805244524,-4.64250713285339,0.927279792901524,0.775251478208956,-774.762517923488,1,2,"normal",139
"2140",3.662078,0.892316484862257,1,200,0.00477079786006577,0.927279792901524,2.17113805244524,-4.64250713285339,0.927279792901524,0.775251478208956,-774.762517923488,1,2,"normal",140
"2141",5.11154,0.968510474646781,1,200,0.00477079786006577,0.927279792901524,2.17113805244524,-4.64250713285339,0.927279792901524,0.775251478208956,-774.762517923488,1,2,"normal",141
"2142",-0.98473,0.192219021867108,0,200,0.00477079786006577,0.927279792901524,2.17113805244524,-4.64250713285339,0.927279792901524,0.775251478208956,-774.762517923488,1,2,"normal",142
"2143",3.69094,0.89467266891685,1,200,0.00477079786006577,0.927279792901524,2.17113805244524,-4.64250713285339,0.927279792901524,0.775251478208956,-774.762517923488,1,2,"normal",143
"2144",-0.88713,0.20450978882657,1,200,0.00477079786006577,0.927279792901524,2.17113805244524,-4.64250713285339,0.927279792901524,0.775251478208956,-774.762517923488,1,2,"normal",144
"2145",3.72747,0.897598188167802,1,200,0.00477079786006577,0.927279792901524,2.17113805244524,-4.64250713285339,0.927279792901524,0.775251478208956,-774.762517923488,1,2,"normal",145
"2146",-0.97992,0.1928136158368,0,200,0.00477079786006577,0.927279792901524,2.17113805244524,-4.64250713285339,0.927279792901524,0.775251478208956,-774.762517923488,1,2,"normal",146
"2147",4.86304,0.960628390610107,1,200,0.00477079786006577,0.927279792901524,2.17113805244524,-4.64250713285339,0.927279792901524,0.775251478208956,-774.762517923488,1,2,"normal",147
"2148",-1.263613,0.159741513053555,0,200,0.00477079786006577,0.927279792901524,2.17113805244524,-4.64250713285339,0.927279792901524,0.775251478208956,-774.762517923488,1,2,"normal",148
"2149",3.89856,0.910473489561407,1,200,0.00477079786006577,0.927279792901524,2.17113805244524,-4.64250713285339,0.927279792901524,0.775251478208956,-774.762517923488,1,2,"normal",149
"2150",3.886077,0.909579376981335,1,200,0.00477079786006577,0.927279792901524,2.17113805244524,-4.64250713285339,0.927279792901524,0.775251478208956,-774.762517923488,1,2,"normal",150
"2151",2.744606,0.795864331654976,1,200,0.00477079786006577,0.927279792901524,2.17113805244524,-4.64250713285339,0.927279792901524,0.775251478208956,-774.762517923488,1,2,"normal",151
"2152",3.31776,0.861078946233569,1,200,0.00477079786006577,0.927279792901524,2.17113805244524,-4.64250713285339,0.927279792901524,0.775251478208956,-774.762517923488,1,2,"normal",152
"2153",-0.18027,0.306843049795996,0,200,0.00477079786006577,0.927279792901524,2.17113805244524,-4.64250713285339,0.927279792901524,0.775251478208956,-774.762517923488,1,2,"normal",153
"2154",3.01584,0.828799077317103,1,200,0.00477079786006577,0.927279792901524,2.17113805244524,-4.64250713285339,0.927279792901524,0.775251478208956,-774.762517923488,1,2,"normal",154
"2155",3.3222,0.86151921106365,1,200,0.00477079786006577,0.927279792901524,2.17113805244524,-4.64250713285339,0.927279792901524,0.775251478208956,-774.762517923488,1,2,"normal",155
"2156",3.542026,0.88208631536267,1,200,0.00477079786006577,0.927279792901524,2.17113805244524,-4.64250713285339,0.927279792901524,0.775251478208956,-774.762517923488,1,2,"normal",156
"2157",-0.29714,0.28843121442225,0,200,0.00477079786006577,0.927279792901524,2.17113805244524,-4.64250713285339,0.927279792901524,0.775251478208956,-774.762517923488,1,2,"normal",157
"2158",-0.72925,0.22538388319684,0,200,0.00477079786006577,0.927279792901524,2.17113805244524,-4.64250713285339,0.927279792901524,0.775251478208956,-774.762517923488,1,2,"normal",158
"2159",3.46252,0.874924475138488,0,200,0.00477079786006577,0.927279792901524,2.17113805244524,-4.64250713285339,0.927279792901524,0.775251478208956,-774.762517923488,1,2,"normal",159
"2160",2.7315,0.794179783569548,1,200,0.00477079786006577,0.927279792901524,2.17113805244524,-4.64250713285339,0.927279792901524,0.775251478208956,-774.762517923488,1,2,"normal",160
"2161",2.523345,0.766303902608303,0,200,0.00477079786006577,0.927279792901524,2.17113805244524,-4.64250713285339,0.927279792901524,0.775251478208956,-774.762517923488,1,2,"normal",161
"2162",-1.81103,0.107394721718585,0,200,0.00477079786006577,0.927279792901524,2.17113805244524,-4.64250713285339,0.927279792901524,0.775251478208956,-774.762517923488,1,2,"normal",162
"2163",-1.33203,0.15237693104553,0,200,0.00477079786006577,0.927279792901524,2.17113805244524,-4.64250713285339,0.927279792901524,0.775251478208956,-774.762517923488,1,2,"normal",163
"2164",4.05427,0.921046067449638,1,200,0.00477079786006577,0.927279792901524,2.17113805244524,-4.64250713285339,0.927279792901524,0.775251478208956,-774.762517923488,1,2,"normal",164
"2165",3.31639,0.860942898416922,1,200,0.00477079786006577,0.927279792901524,2.17113805244524,-4.64250713285339,0.927279792901524,0.775251478208956,-774.762517923488,1,2,"normal",165
"2166",-0.0826200000000001,0.322621634527953,0,200,0.00477079786006577,0.927279792901524,2.17113805244524,-4.64250713285339,0.927279792901524,0.775251478208956,-774.762517923488,1,2,"normal",166
"2167",4.09558,0.923674613916134,1,200,0.00477079786006577,0.927279792901524,2.17113805244524,-4.64250713285339,0.927279792901524,0.775251478208956,-774.762517923488,1,2,"normal",167
"2168",-0.12343,0.315985422061447,1,200,0.00477079786006577,0.927279792901524,2.17113805244524,-4.64250713285339,0.927279792901524,0.775251478208956,-774.762517923488,1,2,"normal",168
"2169",4.57694,0.949289285192761,0,200,0.00477079786006577,0.927279792901524,2.17113805244524,-4.64250713285339,0.927279792901524,0.775251478208956,-774.762517923488,1,2,"normal",169
"2170",-0.2446,0.296642498693957,0,200,0.00477079786006577,0.927279792901524,2.17113805244524,-4.64250713285339,0.927279792901524,0.775251478208956,-774.762517923488,1,2,"normal",170
"2171",-1.33416,0.152151468553022,1,200,0.00477079786006577,0.927279792901524,2.17113805244524,-4.64250713285339,0.927279792901524,0.775251478208956,-774.762517923488,1,2,"normal",171
"2172",-0.25443,0.295097891812057,1,200,0.00477079786006577,0.927279792901524,2.17113805244524,-4.64250713285339,0.927279792901524,0.775251478208956,-774.762517923488,1,2,"normal",172
"2173",5.14561,0.969464016418388,1,200,0.00477079786006577,0.927279792901524,2.17113805244524,-4.64250713285339,0.927279792901524,0.775251478208956,-774.762517923488,1,2,"normal",173
"2174",3.86564,0.908100353108104,1,200,0.00477079786006577,0.927279792901524,2.17113805244524,-4.64250713285339,0.927279792901524,0.775251478208956,-774.762517923488,1,2,"normal",174
"2175",-0.36742,0.277621980078125,1,200,0.00477079786006577,0.927279792901524,2.17113805244524,-4.64250713285339,0.927279792901524,0.775251478208956,-774.762517923488,1,2,"normal",175
"2176",3.12829,0.841362538490214,1,200,0.00477079786006577,0.927279792901524,2.17113805244524,-4.64250713285339,0.927279792901524,0.775251478208956,-774.762517923488,1,2,"normal",176
"2177",3.81861,0.904624591160473,1,200,0.00477079786006577,0.927279792901524,2.17113805244524,-4.64250713285339,0.927279792901524,0.775251478208956,-774.762517923488,1,2,"normal",177
"2178",3.006287,0.827702161198572,1,200,0.00477079786006577,0.927279792901524,2.17113805244524,-4.64250713285339,0.927279792901524,0.775251478208956,-774.762517923488,1,2,"normal",178
"2179",-1.5525,0.13025638362502,0,200,0.00477079786006577,0.927279792901524,2.17113805244524,-4.64250713285339,0.927279792901524,0.775251478208956,-774.762517923488,1,2,"normal",179
"2180",3.900135,0.91058580277814,1,200,0.00477079786006577,0.927279792901524,2.17113805244524,-4.64250713285339,0.927279792901524,0.775251478208956,-774.762517923488,1,2,"normal",180
"2181",4.051592,0.920873157579996,1,200,0.00477079786006577,0.927279792901524,2.17113805244524,-4.64250713285339,0.927279792901524,0.775251478208956,-774.762517923488,1,2,"normal",181
"2182",3.474248,0.876000508874513,1,200,0.00477079786006577,0.927279792901524,2.17113805244524,-4.64250713285339,0.927279792901524,0.775251478208956,-774.762517923488,1,2,"normal",182
"2183",4.04359,0.920354662731423,0,200,0.00477079786006577,0.927279792901524,2.17113805244524,-4.64250713285339,0.927279792901524,0.775251478208956,-774.762517923488,1,2,"normal",183
"2184",4.54549,0.947878814799103,1,200,0.00477079786006577,0.927279792901524,2.17113805244524,-4.64250713285339,0.927279792901524,0.775251478208956,-774.762517923488,1,2,"normal",184
"2185",-1.457738,0.139464061472482,0,200,0.00477079786006577,0.927279792901524,2.17113805244524,-4.64250713285339,0.927279792901524,0.775251478208956,-774.762517923488,1,2,"normal",185
"2186",-0.1306,0.314825646610558,0,200,0.00477079786006577,0.927279792901524,2.17113805244524,-4.64250713285339,0.927279792901524,0.775251478208956,-774.762517923488,1,2,"normal",186
"2187",3.276867,0.856977337490836,1,200,0.00477079786006577,0.927279792901524,2.17113805244524,-4.64250713285339,0.927279792901524,0.775251478208956,-774.762517923488,1,2,"normal",187
"2188",-1.813782,0.10716880811855,0,200,0.00477079786006577,0.927279792901524,2.17113805244524,-4.64250713285339,0.927279792901524,0.775251478208956,-774.762517923488,1,2,"normal",188
"2189",3.550415,0.88282389710364,1,200,0.00477079786006577,0.927279792901524,2.17113805244524,-4.64250713285339,0.927279792901524,0.775251478208956,-774.762517923488,1,2,"normal",189
"2190",3.96665,0.915227852737018,1,200,0.00477079786006577,0.927279792901524,2.17113805244524,-4.64250713285339,0.927279792901524,0.775251478208956,-774.762517923488,1,2,"normal",190
"2191",2.910803,0.816484159772093,1,200,0.00477079786006577,0.927279792901524,2.17113805244524,-4.64250713285339,0.927279792901524,0.775251478208956,-774.762517923488,1,2,"normal",191
"2192",-1.771061,0.110716658192688,0,200,0.00477079786006577,0.927279792901524,2.17113805244524,-4.64250713285339,0.927279792901524,0.775251478208956,-774.762517923488,1,2,"normal",192
"2193",-1.453169,0.13991941085227,0,200,0.00477079786006577,0.927279792901524,2.17113805244524,-4.64250713285339,0.927279792901524,0.775251478208956,-774.762517923488,1,2,"normal",193
"2194",-1.78731,0.10935691921252,0,200,0.00477079786006577,0.927279792901524,2.17113805244524,-4.64250713285339,0.927279792901524,0.775251478208956,-774.762517923488,1,2,"normal",194
"2195",-1.08237,0.180400496126596,0,200,0.00477079786006577,0.927279792901524,2.17113805244524,-4.64250713285339,0.927279792901524,0.775251478208956,-774.762517923488,1,2,"normal",195
"2196",-1.60537,0.125314110711469,0,200,0.00477079786006577,0.927279792901524,2.17113805244524,-4.64250713285339,0.927279792901524,0.775251478208956,-774.762517923488,1,2,"normal",196
"2197",-0.56095,0.248945168761979,1,200,0.00477079786006577,0.927279792901524,2.17113805244524,-4.64250713285339,0.927279792901524,0.775251478208956,-774.762517923488,1,2,"normal",197
"2198",-0.44503,0.265925742589616,0,200,0.00477079786006577,0.927279792901524,2.17113805244524,-4.64250713285339,0.927279792901524,0.775251478208956,-774.762517923488,1,2,"normal",198
"2199",3.49635,0.878009882870866,0,200,0.00477079786006577,0.927279792901524,2.17113805244524,-4.64250713285339,0.927279792901524,0.775251478208956,-774.762517923488,1,2,"normal",199
"2200",-0.97115,0.193900710705165,0,200,0.00477079786006577,0.927279792901524,2.17113805244524,-4.64250713285339,0.927279792901524,0.775251478208956,-774.762517923488,1,2,"normal",200
"2201",-8.2455012022,0.223672242116939,0,200,0.00476680508573733,-2.64102973329386,7.29010157392314,-4.64335246533042,-2.64102973329386,1.98651747924629,-900.736832274299,2,2,"normal",1
"2202",5.8340455702,0.873894166190598,1,200,0.00476680508573733,-2.64102973329386,7.29010157392314,-4.64335246533042,-2.64102973329386,1.98651747924629,-900.736832274299,2,2,"normal",2
"2203",-2.3327565602,0.516704079439316,1,200,0.00476680508573733,-2.64102973329386,7.29010157392314,-4.64335246533042,-2.64102973329386,1.98651747924629,-900.736832274299,2,2,"normal",3
"2204",-6.3966808637,0.305092715642465,0,200,0.00476680508573733,-2.64102973329386,7.29010157392314,-4.64335246533042,-2.64102973329386,1.98651747924629,-900.736832274299,2,2,"normal",4
"2205",1.43691,0.710027331344961,1,200,0.00476680508573733,-2.64102973329386,7.29010157392314,-4.64335246533042,-2.64102973329386,1.98651747924629,-900.736832274299,2,2,"normal",5
"2206",-23.8956,0.00652525700395418,0,200,0.00476680508573733,-2.64102973329386,7.29010157392314,-4.64335246533042,-2.64102973329386,1.98651747924629,-900.736832274299,2,2,"normal",6
"2207",-3.83682228949,0.435474992364515,0,200,0.00476680508573733,-2.64102973329386,7.29010157392314,-4.64335246533042,-2.64102973329386,1.98651747924629,-900.736832274299,2,2,"normal",7
"2208",-5.31258,0.358373134045636,0,200,0.00476680508573733,-2.64102973329386,7.29010157392314,-4.64335246533042,-2.64102973329386,1.98651747924629,-900.736832274299,2,2,"normal",8
"2209",-5.51506,0.34816438403256,0,200,0.00476680508573733,-2.64102973329386,7.29010157392314,-4.64335246533042,-2.64102973329386,1.98651747924629,-900.736832274299,2,2,"normal",9
"2210",1.085843,0.693539895018925,1,200,0.00476680508573733,-2.64102973329386,7.29010157392314,-4.64335246533042,-2.64102973329386,1.98651747924629,-900.736832274299,2,2,"normal",10
"2211",-7.31004,0.263216289968806,1,200,0.00476680508573733,-2.64102973329386,7.29010157392314,-4.64335246533042,-2.64102973329386,1.98651747924629,-900.736832274299,2,2,"normal",11
"2212",6.4646,0.890416900706972,1,200,0.00476680508573733,-2.64102973329386,7.29010157392314,-4.64335246533042,-2.64102973329386,1.98651747924629,-900.736832274299,2,2,"normal",12
"2213",-6.92224,0.280624956215598,1,200,0.00476680508573733,-2.64102973329386,7.29010157392314,-4.64335246533042,-2.64102973329386,1.98651747924629,-900.736832274299,2,2,"normal",13
"2214",-4.56552,0.396887557852438,0,200,0.00476680508573733,-2.64102973329386,7.29010157392314,-4.64335246533042,-2.64102973329386,1.98651747924629,-900.736832274299,2,2,"normal",14
"2215",3.73385,0.806118755353956,1,200,0.00476680508573733,-2.64102973329386,7.29010157392314,-4.64335246533042,-2.64102973329386,1.98651747924629,-900.736832274299,2,2,"normal",15
"2216",-13.63669,0.0698789567428326,0,200,0.00476680508573733,-2.64102973329386,7.29010157392314,-4.64335246533042,-2.64102973329386,1.98651747924629,-900.736832274299,2,2,"normal",16
"2217",3.56372,0.799763260178767,1,200,0.00476680508573733,-2.64102973329386,7.29010157392314,-4.64335246533042,-2.64102973329386,1.98651747924629,-900.736832274299,2,2,"normal",17
"2218",2.56391,0.759876822012625,1,200,0.00476680508573733,-2.64102973329386,7.29010157392314,-4.64335246533042,-2.64102973329386,1.98651747924629,-900.736832274299,2,2,"normal",18
"2219",-9.00066,0.194445688548592,0,200,0.00476680508573733,-2.64102973329386,7.29010157392314,-4.64335246533042,-2.64102973329386,1.98651747924629,-900.736832274299,2,2,"normal",19
"2220",-7.3227,0.262657643415679,0,200,0.00476680508573733,-2.64102973329386,7.29010157392314,-4.64335246533042,-2.64102973329386,1.98651747924629,-900.736832274299,2,2,"normal",20
"2221",-1.86382,0.54204674505654,1,200,0.00476680508573733,-2.64102973329386,7.29010157392314,-4.64335246533042,-2.64102973329386,1.98651747924629,-900.736832274299,2,2,"normal",21
"2222",-0.60282,0.609052720194258,0,200,0.00476680508573733,-2.64102973329386,7.29010157392314,-4.64335246533042,-2.64102973329386,1.98651747924629,-900.736832274299,2,2,"normal",22
"2223",-4.124957,0.420120007326167,0,200,0.00476680508573733,-2.64102973329386,7.29010157392314,-4.64335246533042,-2.64102973329386,1.98651747924629,-900.736832274299,2,2,"normal",23
"2224",1.20616,0.699238142886695,0,200,0.00476680508573733,-2.64102973329386,7.29010157392314,-4.64335246533042,-2.64102973329386,1.98651747924629,-900.736832274299,2,2,"normal",24
"2225",6.74421,0.897198478780658,1,200,0.00476680508573733,-2.64102973329386,7.29010157392314,-4.64335246533042,-2.64102973329386,1.98651747924629,-900.736832274299,2,2,"normal",25
"2226",2.78365365,0.769007640086488,1,200,0.00476680508573733,-2.64102973329386,7.29010157392314,-4.64335246533042,-2.64102973329386,1.98651747924629,-900.736832274299,2,2,"normal",26
"2227",-11.16447,0.124777237486128,0,200,0.00476680508573733,-2.64102973329386,7.29010157392314,-4.64335246533042,-2.64102973329386,1.98651747924629,-900.736832274299,2,2,"normal",27
"2228",8.28555,0.928911923129354,1,200,0.00476680508573733,-2.64102973329386,7.29010157392314,-4.64335246533042,-2.64102973329386,1.98651747924629,-900.736832274299,2,2,"normal",28
"2229",5.98398,0.87797950798494,1,200,0.00476680508573733,-2.64102973329386,7.29010157392314,-4.64335246533042,-2.64102973329386,1.98651747924629,-900.736832274299,2,2,"normal",29
"2230",3.05058,0.779826263556922,0,200,0.00476680508573733,-2.64102973329386,7.29010157392314,-4.64335246533042,-2.64102973329386,1.98651747924629,-900.736832274299,2,2,"normal",30
"2231",-6.291438,0.310106648903504,0,200,0.00476680508573733,-2.64102973329386,7.29010157392314,-4.64335246533042,-2.64102973329386,1.98651747924629,-900.736832274299,2,2,"normal",31
"2232",6.135809,0.882016400821846,1,200,0.00476680508573733,-2.64102973329386,7.29010157392314,-4.64335246533042,-2.64102973329386,1.98651747924629,-900.736832274299,2,2,"normal",32
"2233",-2.832009,0.489649703810219,0,200,0.00476680508573733,-2.64102973329386,7.29010157392314,-4.64335246533042,-2.64102973329386,1.98651747924629,-900.736832274299,2,2,"normal",33
"2234",6.004647,0.878534915856639,1,200,0.00476680508573733,-2.64102973329386,7.29010157392314,-4.64335246533042,-2.64102973329386,1.98651747924629,-900.736832274299,2,2,"normal",34
"2235",-6.86756,0.283124772639372,1,200,0.00476680508573733,-2.64102973329386,7.29010157392314,-4.64335246533042,-2.64102973329386,1.98651747924629,-900.736832274299,2,2,"normal",35
"2236",1.41955,0.709222123378759,1,200,0.00476680508573733,-2.64102973329386,7.29010157392314,-4.64335246533042,-2.64102973329386,1.98651747924629,-900.736832274299,2,2,"normal",36
"2237",2.47444,0.756102019121508,1,200,0.00476680508573733,-2.64102973329386,7.29010157392314,-4.64335246533042,-2.64102973329386,1.98651747924629,-900.736832274299,2,2,"normal",37
"2238",-5.53022,0.347404429844395,0,200,0.00476680508573733,-2.64102973329386,7.29010157392314,-4.64335246533042,-2.64102973329386,1.98651747924629,-900.736832274299,2,2,"normal",38
"2239",4.487683,0.832726076611849,0,200,0.00476680508573733,-2.64102973329386,7.29010157392314,-4.64335246533042,-2.64102973329386,1.98651747924629,-900.736832274299,2,2,"normal",39
"2240",2.16901,0.742971567986348,1,200,0.00476680508573733,-2.64102973329386,7.29010157392314,-4.64335246533042,-2.64102973329386,1.98651747924629,-900.736832274299,2,2,"normal",40
"2241",0.93832,0.686487392554705,1,200,0.00476680508573733,-2.64102973329386,7.29010157392314,-4.64335246533042,-2.64102973329386,1.98651747924629,-900.736832274299,2,2,"normal",41
"2242",-6.16227,0.31631005012485,0,200,0.00476680508573733,-2.64102973329386,7.29010157392314,-4.64335246533042,-2.64102973329386,1.98651747924629,-900.736832274299,2,2,"normal",42
"2243",-8.99119,0.194796730159965,0,200,0.00476680508573733,-2.64102973329386,7.29010157392314,-4.64335246533042,-2.64102973329386,1.98651747924629,-900.736832274299,2,2,"normal",43
"2244",3.50685,0.797610304530112,1,200,0.00476680508573733,-2.64102973329386,7.29010157392314,-4.64335246533042,-2.64102973329386,1.98651747924629,-900.736832274299,2,2,"normal",44
"2245",1.33593,0.705328665745172,1,200,0.00476680508573733,-2.64102973329386,7.29010157392314,-4.64335246533042,-2.64102973329386,1.98651747924629,-900.736832274299,2,2,"normal",45
"2246",-8.38224,0.218196830195164,0,200,0.00476680508573733,-2.64102973329386,7.29010157392314,-4.64335246533042,-2.64102973329386,1.98651747924629,-900.736832274299,2,2,"normal",46
"2247",4.626195,0.837337236561573,1,200,0.00476680508573733,-2.64102973329386,7.29010157392314,-4.64335246533042,-2.64102973329386,1.98651747924629,-900.736832274299,2,2,"normal",47
"2248",1.78676,0.726021792726417,1,200,0.00476680508573733,-2.64102973329386,7.29010157392314,-4.64335246533042,-2.64102973329386,1.98651747924629,-900.736832274299,2,2,"normal",48
"2249",-5.82214,0.332896138346642,0,200,0.00476680508573733,-2.64102973329386,7.29010157392314,-4.64335246533042,-2.64102973329386,1.98651747924629,-900.736832274299,2,2,"normal",49
"2250",-0.02705,0.638704875656359,1,200,0.00476680508573733,-2.64102973329386,7.29010157392314,-4.64335246533042,-2.64102973329386,1.98651747924629,-900.736832274299,2,2,"normal",50
"2251",3.30199,0.789737311698332,1,200,0.00476680508573733,-2.64102973329386,7.29010157392314,-4.64335246533042,-2.64102973329386,1.98651747924629,-900.736832274299,2,2,"normal",51
"2252",1.70531,0.722338235907228,0,200,0.00476680508573733,-2.64102973329386,7.29010157392314,-4.64335246533042,-2.64102973329386,1.98651747924629,-900.736832274299,2,2,"normal",52
"2253",-8.06175,0.231155253695088,0,200,0.00476680508573733,-2.64102973329386,7.29010157392314,-4.64335246533042,-2.64102973329386,1.98651747924629,-900.736832274299,2,2,"normal",53
"2254",-5.56581,0.345622807119017,0,200,0.00476680508573733,-2.64102973329386,7.29010157392314,-4.64335246533042,-2.64102973329386,1.98651747924629,-900.736832274299,2,2,"normal",54
"2255",-6.37991,0.305889237055805,0,200,0.00476680508573733,-2.64102973329386,7.29010157392314,-4.64335246533042,-2.64102973329386,1.98651747924629,-900.736832274299,2,2,"normal",55
"2256",3.42085,0.794327579933072,1,200,0.00476680508573733,-2.64102973329386,7.29010157392314,-4.64335246533042,-2.64102973329386,1.98651747924629,-900.736832274299,2,2,"normal",56
"2257",-6.37953,0.305907295818397,0,200,0.00476680508573733,-2.64102973329386,7.29010157392314,-4.64335246533042,-2.64102973329386,1.98651747924629,-900.736832274299,2,2,"normal",57
"2258",-4.31783,0.409908946351389,1,200,0.00476680508573733,-2.64102973329386,7.29010157392314,-4.64335246533042,-2.64102973329386,1.98651747924629,-900.736832274299,2,2,"normal",58
"2259",1.47798,0.711928005831575,1,200,0.00476680508573733,-2.64102973329386,7.29010157392314,-4.64335246533042,-2.64102973329386,1.98651747924629,-900.736832274299,2,2,"normal",59
"2260",6.723523,0.896708011590358,1,200,0.00476680508573733,-2.64102973329386,7.29010157392314,-4.64335246533042,-2.64102973329386,1.98651747924629,-900.736832274299,2,2,"normal",60
"2261",-9.29812,0.183622249229494,0,200,0.00476680508573733,-2.64102973329386,7.29010157392314,-4.64335246533042,-2.64102973329386,1.98651747924629,-900.736832274299,2,2,"normal",61
"2262",-4.268478,0.412516106390672,0,200,0.00476680508573733,-2.64102973329386,7.29010157392314,-4.64335246533042,-2.64102973329386,1.98651747924629,-900.736832274299,2,2,"normal",62
"2263",-7.7536,0.244020859156332,0,200,0.00476680508573733,-2.64102973329386,7.29010157392314,-4.64335246533042,-2.64102973329386,1.98651747924629,-900.736832274299,2,2,"normal",63
"2264",0.24312,0.652342963076371,1,200,0.00476680508573733,-2.64102973329386,7.29010157392314,-4.64335246533042,-2.64102973329386,1.98651747924629,-900.736832274299,2,2,"normal",64
"2265",-6.11649,0.318521547524974,1,200,0.00476680508573733,-2.64102973329386,7.29010157392314,-4.64335246533042,-2.64102973329386,1.98651747924629,-900.736832274299,2,2,"normal",65
"2266",0.81086,0.68033723914799,1,200,0.00476680508573733,-2.64102973329386,7.29010157392314,-4.64335246533042,-2.64102973329386,1.98651747924629,-900.736832274299,2,2,"normal",66
"2267",-4.80148,0.384590758595194,0,200,0.00476680508573733,-2.64102973329386,7.29010157392314,-4.64335246533042,-2.64102973329386,1.98651747924629,-900.736832274299,2,2,"normal",67
"2268",-5.81884,0.333058777831607,0,200,0.00476680508573733,-2.64102973329386,7.29010157392314,-4.64335246533042,-2.64102973329386,1.98651747924629,-900.736832274299,2,2,"normal",68
"2269",-5.97959,0.325174076487028,0,200,0.00476680508573733,-2.64102973329386,7.29010157392314,-4.64335246533042,-2.64102973329386,1.98651747924629,-900.736832274299,2,2,"normal",69
"2270",-0.35443,0.621935973876088,0,200,0.00476680508573733,-2.64102973329386,7.29010157392314,-4.64335246533042,-2.64102973329386,1.98651747924629,-900.736832274299,2,2,"normal",70
"2271",3.04095,0.779441223274218,0,200,0.00476680508573733,-2.64102973329386,7.29010157392314,-4.64335246533042,-2.64102973329386,1.98651747924629,-900.736832274299,2,2,"normal",71
"2272",-7.30359,0.263501147588208,0,200,0.00476680508573733,-2.64102973329386,7.29010157392314,-4.64335246533042,-2.64102973329386,1.98651747924629,-900.736832274299,2,2,"normal",72
"2273",-0.77888,0.599845518655601,0,200,0.00476680508573733,-2.64102973329386,7.29010157392314,-4.64335246533042,-2.64102973329386,1.98651747924629,-900.736832274299,2,2,"normal",73
"2274",-5.635884,0.342125150361307,0,200,0.00476680508573733,-2.64102973329386,7.29010157392314,-4.64335246533042,-2.64102973329386,1.98651747924629,-900.736832274299,2,2,"normal",74
"2275",4.14613,0.820986271577671,1,200,0.00476680508573733,-2.64102973329386,7.29010157392314,-4.64335246533042,-2.64102973329386,1.98651747924629,-900.736832274299,2,2,"normal",75
"2276",4.50454,0.833291880603283,1,200,0.00476680508573733,-2.64102973329386,7.29010157392314,-4.64335246533042,-2.64102973329386,1.98651747924629,-900.736832274299,2,2,"normal",76
"2277",4.645295,0.837966301603751,1,200,0.00476680508573733,-2.64102973329386,7.29010157392314,-4.64335246533042,-2.64102973329386,1.98651747924629,-900.736832274299,2,2,"normal",77
"2278",-2.419797,0.51198944165212,1,200,0.00476680508573733,-2.64102973329386,7.29010157392314,-4.64335246533042,-2.64102973329386,1.98651747924629,-900.736832274299,2,2,"normal",78
"2279",-3.930107,0.430491696738071,0,200,0.00476680508573733,-2.64102973329386,7.29010157392314,-4.64335246533042,-2.64102973329386,1.98651747924629,-900.736832274299,2,2,"normal",79
"2280",-5.70786,0.338546910656991,0,200,0.00476680508573733,-2.64102973329386,7.29010157392314,-4.64335246533042,-2.64102973329386,1.98651747924629,-900.736832274299,2,2,"normal",80
"2281",-3.005352,0.480261179388136,1,200,0.00476680508573733,-2.64102973329386,7.29010157392314,-4.64335246533042,-2.64102973329386,1.98651747924629,-900.736832274299,2,2,"normal",81
"2282",4.41911,0.830411227913942,0,200,0.00476680508573733,-2.64102973329386,7.29010157392314,-4.64335246533042,-2.64102973329386,1.98651747924629,-900.736832274299,2,2,"normal",82
"2283",1.3922,0.707951382798662,0,200,0.00476680508573733,-2.64102973329386,7.29010157392314,-4.64335246533042,-2.64102973329386,1.98651747924629,-900.736832274299,2,2,"normal",83
"2284",-7.41833,0.258457973417531,0,200,0.00476680508573733,-2.64102973329386,7.29010157392314,-4.64335246533042,-2.64102973329386,1.98651747924629,-900.736832274299,2,2,"normal",84
"2285",-4.486722,0.401018127434359,1,200,0.00476680508573733,-2.64102973329386,7.29010157392314,-4.64335246533042,-2.64102973329386,1.98651747924629,-900.736832274299,2,2,"normal",85
"2286",-5.4271,0.352585933916324,1,200,0.00476680508573733,-2.64102973329386,7.29010157392314,-4.64335246533042,-2.64102973329386,1.98651747924629,-900.736832274299,2,2,"normal",86
"2287",4.865331,0.84509463448133,1,200,0.00476680508573733,-2.64102973329386,7.29010157392314,-4.64335246533042,-2.64102973329386,1.98651747924629,-900.736832274299,2,2,"normal",87
"2288",3.98245,0.815174570652973,0,200,0.00476680508573733,-2.64102973329386,7.29010157392314,-4.64335246533042,-2.64102973329386,1.98651747924629,-900.736832274299,2,2,"normal",88
"2289",-4.322682,0.409652842797637,0,200,0.00476680508573733,-2.64102973329386,7.29010157392314,-4.64335246533042,-2.64102973329386,1.98651747924629,-900.736832274299,2,2,"normal",89
"2290",-4.45622,0.402620097502222,0,200,0.00476680508573733,-2.64102973329386,7.29010157392314,-4.64335246533042,-2.64102973329386,1.98651747924629,-900.736832274299,2,2,"normal",90
"2291",8.770249,0.937038380203282,1,200,0.00476680508573733,-2.64102973329386,7.29010157392314,-4.64335246533042,-2.64102973329386,1.98651747924629,-900.736832274299,2,2,"normal",91
"2292",-5.37316,0.355307518909225,0,200,0.00476680508573733,-2.64102973329386,7.29010157392314,-4.64335246533042,-2.64102973329386,1.98651747924629,-900.736832274299,2,2,"normal",92
"2293",-8.935684,0.196862258302026,0,200,0.00476680508573733,-2.64102973329386,7.29010157392314,-4.64335246533042,-2.64102973329386,1.98651747924629,-900.736832274299,2,2,"normal",93
"2294",2.25688,0.746787383252747,1,200,0.00476680508573733,-2.64102973329386,7.29010157392314,-4.64335246533042,-2.64102973329386,1.98651747924629,-900.736832274299,2,2,"normal",94
"2295",-4.815847,0.383845710815111,1,200,0.00476680508573733,-2.64102973329386,7.29010157392314,-4.64335246533042,-2.64102973329386,1.98651747924629,-900.736832274299,2,2,"normal",95
"2296",3.80075,0.808582795814942,1,200,0.00476680508573733,-2.64102973329386,7.29010157392314,-4.64335246533042,-2.64102973329386,1.98651747924629,-900.736832274299,2,2,"normal",96
"2297",-7.42194,0.258300138814942,0,200,0.00476680508573733,-2.64102973329386,7.29010157392314,-4.64335246533042,-2.64102973329386,1.98651747924629,-900.736832274299,2,2,"normal",97
"2298",3.11807,0.782513591812794,1,200,0.00476680508573733,-2.64102973329386,7.29010157392314,-4.64335246533042,-2.64102973329386,1.98651747924629,-900.736832274299,2,2,"normal",98
"2299",2.44449,0.754831099272097,0,200,0.00476680508573733,-2.64102973329386,7.29010157392314,-4.64335246533042,-2.64102973329386,1.98651747924629,-900.736832274299,2,2,"normal",99
"2300",6.77261,0.897868900602769,1,200,0.00476680508573733,-2.64102973329386,7.29010157392314,-4.64335246533042,-2.64102973329386,1.98651747924629,-900.736832274299,2,2,"normal",100
"2301",-7.50874,0.254520593761614,0,200,0.00476680508573733,-2.64102973329386,7.29010157392314,-4.64335246533042,-2.64102973329386,1.98651747924629,-900.736832274299,2,2,"normal",101
"2302",-8.69897,0.205823570483308,0,200,0.00476680508573733,-2.64102973329386,7.29010157392314,-4.64335246533042,-2.64102973329386,1.98651747924629,-900.736832274299,2,2,"normal",102
"2303",-6.99617,0.277262570500873,0,200,0.00476680508573733,-2.64102973329386,7.29010157392314,-4.64335246533042,-2.64102973329386,1.98651747924629,-900.736832274299,2,2,"normal",103
"2304",-5.71216,0.338333605620443,0,200,0.00476680508573733,-2.64102973329386,7.29010157392314,-4.64335246533042,-2.64102973329386,1.98651747924629,-900.736832274299,2,2,"normal",104
"2305",5.586322,0.866927444045465,1,200,0.00476680508573733,-2.64102973329386,7.29010157392314,-4.64335246533042,-2.64102973329386,1.98651747924629,-900.736832274299,2,2,"normal",105
"2306",-5.03812,0.372376419473151,0,200,0.00476680508573733,-2.64102973329386,7.29010157392314,-4.64335246533042,-2.64102973329386,1.98651747924629,-900.736832274299,2,2,"normal",106
"2307",-7.91342,0.237299148888444,0,200,0.00476680508573733,-2.64102973329386,7.29010157392314,-4.64335246533042,-2.64102973329386,1.98651747924629,-900.736832274299,2,2,"normal",107
"2308",1.16733,0.697404489288103,1,200,0.00476680508573733,-2.64102973329386,7.29010157392314,-4.64335246533042,-2.64102973329386,1.98651747924629,-900.736832274299,2,2,"normal",108
"2309",5.33093,0.859459931383475,1,200,0.00476680508573733,-2.64102973329386,7.29010157392314,-4.64335246533042,-2.64102973329386,1.98651747924629,-900.736832274299,2,2,"normal",109
"2310",2.09254,0.739625999920972,1,200,0.00476680508573733,-2.64102973329386,7.29010157392314,-4.64335246533042,-2.64102973329386,1.98651747924629,-900.736832274299,2,2,"normal",110
"2311",2.50567,0.757423358837037,1,200,0.00476680508573733,-2.64102973329386,7.29010157392314,-4.64335246533042,-2.64102973329386,1.98651747924629,-900.736832274299,2,2,"normal",111
"2312",-7.217731,0.267308328587233,0,200,0.00476680508573733,-2.64102973329386,7.29010157392314,-4.64335246533042,-2.64102973329386,1.98651747924629,-900.736832274299,2,2,"normal",112
"2313",2.97929,0.776966457083843,1,200,0.00476680508573733,-2.64102973329386,7.29010157392314,-4.64335246533042,-2.64102973329386,1.98651747924629,-900.736832274299,2,2,"normal",113
"2314",-7.047084,0.274958763633088,0,200,0.00476680508573733,-2.64102973329386,7.29010157392314,-4.64335246533042,-2.64102973329386,1.98651747924629,-900.736832274299,2,2,"normal",114
"2315",0.51527,0.665880296910308,1,200,0.00476680508573733,-2.64102973329386,7.29010157392314,-4.64335246533042,-2.64102973329386,1.98651747924629,-900.736832274299,2,2,"normal",115
"2316",-6.67802,0.291873737790425,0,200,0.00476680508573733,-2.64102973329386,7.29010157392314,-4.64335246533042,-2.64102973329386,1.98651747924629,-900.736832274299,2,2,"normal",116
"2317",-8.13723,0.228064183241963,0,200,0.00476680508573733,-2.64102973329386,7.29010157392314,-4.64335246533042,-2.64102973329386,1.98651747924629,-900.736832274299,2,2,"normal",117
"2318",-5.93412,0.327396452042618,0,200,0.00476680508573733,-2.64102973329386,7.29010157392314,-4.64335246533042,-2.64102973329386,1.98651747924629,-900.736832274299,2,2,"normal",118
"2319",1.78719,0.726041173523157,1,200,0.00476680508573733,-2.64102973329386,7.29010157392314,-4.64335246533042,-2.64102973329386,1.98651747924629,-900.736832274299,2,2,"normal",119
"2320",3.689767,0.804484249738872,1,200,0.00476680508573733,-2.64102973329386,7.29010157392314,-4.64335246533042,-2.64102973329386,1.98651747924629,-900.736832274299,2,2,"normal",120
"2321",4.9572,0.848006273915625,1,200,0.00476680508573733,-2.64102973329386,7.29010157392314,-4.64335246533042,-2.64102973329386,1.98651747924629,-900.736832274299,2,2,"normal",121
"2322",3.55915,0.799590777400424,1,200,0.00476680508573733,-2.64102973329386,7.29010157392314,-4.64335246533042,-2.64102973329386,1.98651747924629,-900.736832274299,2,2,"normal",122
"2323",-6.71981,0.289933709417966,0,200,0.00476680508573733,-2.64102973329386,7.29010157392314,-4.64335246533042,-2.64102973329386,1.98651747924629,-900.736832274299,2,2,"normal",123
"2324",-3.81076,0.436869152660219,0,200,0.00476680508573733,-2.64102973329386,7.29010157392314,-4.64335246533042,-2.64102973329386,1.98651747924629,-900.736832274299,2,2,"normal",124
"2325",-6.10332,0.319158982660921,0,200,0.00476680508573733,-2.64102973329386,7.29010157392314,-4.64335246533042,-2.64102973329386,1.98651747924629,-900.736832274299,2,2,"normal",125
"2326",1.77554,0.725515843846883,1,200,0.00476680508573733,-2.64102973329386,7.29010157392314,-4.64335246533042,-2.64102973329386,1.98651747924629,-900.736832274299,2,2,"normal",126
"2327",2.07361,0.738794272180076,1,200,0.00476680508573733,-2.64102973329386,7.29010157392314,-4.64335246533042,-2.64102973329386,1.98651747924629,-900.736832274299,2,2,"normal",127
"2328",-6.82581,0.285040805287025,0,200,0.00476680508573733,-2.64102973329386,7.29010157392314,-4.64335246533042,-2.64102973329386,1.98651747924629,-900.736832274299,2,2,"normal",128
"2329",4.40881,0.830061696100054,1,200,0.00476680508573733,-2.64102973329386,7.29010157392314,-4.64335246533042,-2.64102973329386,1.98651747924629,-900.736832274299,2,2,"normal",129
"2330",0.24275,0.652324417747633,1,200,0.00476680508573733,-2.64102973329386,7.29010157392314,-4.64335246533042,-2.64102973329386,1.98651747924629,-900.736832274299,2,2,"normal",130
"2331",1.69239,0.721751662060161,1,200,0.00476680508573733,-2.64102973329386,7.29010157392314,-4.64335246533042,-2.64102973329386,1.98651747924629,-900.736832274299,2,2,"normal",131
"2332",1.99588,0.73536442865921,1,200,0.00476680508573733,-2.64102973329386,7.29010157392314,-4.64335246533042,-2.64102973329386,1.98651747924629,-900.736832274299,2,2,"normal",132
"2333",-5.2516,0.361468433137178,0,200,0.00476680508573733,-2.64102973329386,7.29010157392314,-4.64335246533042,-2.64102973329386,1.98651747924629,-900.736832274299,2,2,"normal",133
"2334",-5.933737,0.3274151981415,1,200,0.00476680508573733,-2.64102973329386,7.29010157392314,-4.64335246533042,-2.64102973329386,1.98651747924629,-900.736832274299,2,2,"normal",134
"2335",-5.26164,0.360958166667942,1,200,0.00476680508573733,-2.64102973329386,7.29010157392314,-4.64335246533042,-2.64102973329386,1.98651747924629,-900.736832274299,2,2,"normal",135
"2336",-6.94596,0.279543955693493,1,200,0.00476680508573733,-2.64102973329386,7.29010157392314,-4.64335246533042,-2.64102973329386,1.98651747924629,-900.736832274299,2,2,"normal",136
"2337",2.12092,0.740870306518439,1,200,0.00476680508573733,-2.64102973329386,7.29010157392314,-4.64335246533042,-2.64102973329386,1.98651747924629,-900.736832274299,2,2,"normal",137
"2338",2.7363,0.767056986108591,1,200,0.00476680508573733,-2.64102973329386,7.29010157392314,-4.64335246533042,-2.64102973329386,1.98651747924629,-900.736832274299,2,2,"normal",138
"2339",1.13889,0.696058234874109,0,200,0.00476680508573733,-2.64102973329386,7.29010157392314,-4.64335246533042,-2.64102973329386,1.98651747924629,-900.736832274299,2,2,"normal",139
"2340",1.04568,0.691626958558024,1,200,0.00476680508573733,-2.64102973329386,7.29010157392314,-4.64335246533042,-2.64102973329386,1.98651747924629,-900.736832274299,2,2,"normal",140
"2341",-6.27669,0.310812190366127,1,200,0.00476680508573733,-2.64102973329386,7.29010157392314,-4.64335246533042,-2.64102973329386,1.98651747924629,-900.736832274299,2,2,"normal",141
"2342",1.79361,0.726330450726317,1,200,0.00476680508573733,-2.64102973329386,7.29010157392314,-4.64335246533042,-2.64102973329386,1.98651747924629,-900.736832274299,2,2,"normal",142
"2343",1.78986,0.726161499206004,1,200,0.00476680508573733,-2.64102973329386,7.29010157392314,-4.64335246533042,-2.64102973329386,1.98651747924629,-900.736832274299,2,2,"normal",143
"2344",4.389119,0.829392149434192,1,200,0.00476680508573733,-2.64102973329386,7.29010157392314,-4.64335246533042,-2.64102973329386,1.98651747924629,-900.736832274299,2,2,"normal",144
"2345",4.7756,0.842214046555298,1,200,0.00476680508573733,-2.64102973329386,7.29010157392314,-4.64335246533042,-2.64102973329386,1.98651747924629,-900.736832274299,2,2,"normal",145
"2346",1.65946,0.720253831842798,0,200,0.00476680508573733,-2.64102973329386,7.29010157392314,-4.64335246533042,-2.64102973329386,1.98651747924629,-900.736832274299,2,2,"normal",146
"2347",1.86699,0.729625822082964,1,200,0.00476680508573733,-2.64102973329386,7.29010157392314,-4.64335246533042,-2.64102973329386,1.98651747924629,-900.736832274299,2,2,"normal",147
"2348",-6.43882,0.303095514653716,0,200,0.00476680508573733,-2.64102973329386,7.29010157392314,-4.64335246533042,-2.64102973329386,1.98651747924629,-900.736832274299,2,2,"normal",148
"2349",2.38603,0.752339867198632,0,200,0.00476680508573733,-2.64102973329386,7.29010157392314,-4.64335246533042,-2.64102973329386,1.98651747924629,-900.736832274299,2,2,"normal",149
"2350",1.77358,0.725427412173063,1,200,0.00476680508573733,-2.64102973329386,7.29010157392314,-4.64335246533042,-2.64102973329386,1.98651747924629,-900.736832274299,2,2,"normal",150
"2351",0.88986,0.68415523485747,0,200,0.00476680508573733,-2.64102973329386,7.29010157392314,-4.64335246533042,-2.64102973329386,1.98651747924629,-900.736832274299,2,2,"normal",151
"2352",-0.68518,0.604753047851206,1,200,0.00476680508573733,-2.64102973329386,7.29010157392314,-4.64335246533042,-2.64102973329386,1.98651747924629,-900.736832274299,2,2,"normal",152
"2353",-6.27516,0.310885426081166,0,200,0.00476680508573733,-2.64102973329386,7.29010157392314,-4.64335246533042,-2.64102973329386,1.98651747924629,-900.736832274299,2,2,"normal",153
"2354",2.74402,0.767375638690659,1,200,0.00476680508573733,-2.64102973329386,7.29010157392314,-4.64335246533042,-2.64102973329386,1.98651747924629,-900.736832274299,2,2,"normal",154
"2355",4.18386,0.822308895201135,1,200,0.00476680508573733,-2.64102973329386,7.29010157392314,-4.64335246533042,-2.64102973329386,1.98651747924629,-900.736832274299,2,2,"normal",155
"2356",-6.25839,0.311688648704738,1,200,0.00476680508573733,-2.64102973329386,7.29010157392314,-4.64335246533042,-2.64102973329386,1.98651747924629,-900.736832274299,2,2,"normal",156
"2357",-7.37769,0.26023834422336,0,200,0.00476680508573733,-2.64102973329386,7.29010157392314,-4.64335246533042,-2.64102973329386,1.98651747924629,-900.736832274299,2,2,"normal",157
"2358",1.87493,0.729981171712396,0,200,0.00476680508573733,-2.64102973329386,7.29010157392314,-4.64335246533042,-2.64102973329386,1.98651747924629,-900.736832274299,2,2,"normal",158
"2359",-6.88221,0.282453943409036,0,200,0.00476680508573733,-2.64102973329386,7.29010157392314,-4.64335246533042,-2.64102973329386,1.98651747924629,-900.736832274299,2,2,"normal",159
"2360",3.26363,0.788242753101659,1,200,0.00476680508573733,-2.64102973329386,7.29010157392314,-4.64335246533042,-2.64102973329386,1.98651747924629,-900.736832274299,2,2,"normal",160
"2361",3.139097,0.783346851639712,1,200,0.00476680508573733,-2.64102973329386,7.29010157392314,-4.64335246533042,-2.64102973329386,1.98651747924629,-900.736832274299,2,2,"normal",161
"2362",-4.77825,0.385796345943367,1,200,0.00476680508573733,-2.64102973329386,7.29010157392314,-4.64335246533042,-2.64102973329386,1.98651747924629,-900.736832274299,2,2,"normal",162
"2363",-6.90884,0.281236553879726,1,200,0.00476680508573733,-2.64102973329386,7.29010157392314,-4.64335246533042,-2.64102973329386,1.98651747924629,-900.736832274299,2,2,"normal",163
"2364",3.45879,0.795779793106321,1,200,0.00476680508573733,-2.64102973329386,7.29010157392314,-4.64335246533042,-2.64102973329386,1.98651747924629,-900.736832274299,2,2,"normal",164
"2365",3.34107,0.791253343821909,1,200,0.00476680508573733,-2.64102973329386,7.29010157392314,-4.64335246533042,-2.64102973329386,1.98651747924629,-900.736832274299,2,2,"normal",165
"2366",-6.79623,0.286402141251235,0,200,0.00476680508573733,-2.64102973329386,7.29010157392314,-4.64335246533042,-2.64102973329386,1.98651747924629,-900.736832274299,2,2,"normal",166
"2367",0.84357,0.681920485162725,0,200,0.00476680508573733,-2.64102973329386,7.29010157392314,-4.64335246533042,-2.64102973329386,1.98651747924629,-900.736832274299,2,2,"normal",167
"2368",-10.25361,0.151542340995039,0,200,0.00476680508573733,-2.64102973329386,7.29010157392314,-4.64335246533042,-2.64102973329386,1.98651747924629,-900.736832274299,2,2,"normal",168
"2369",3.20427,0.78591742912859,1,200,0.00476680508573733,-2.64102973329386,7.29010157392314,-4.64335246533042,-2.64102973329386,1.98651747924629,-900.736832274299,2,2,"normal",169
"2370",1.22993,0.700358086764503,0,200,0.00476680508573733,-2.64102973329386,7.29010157392314,-4.64335246533042,-2.64102973329386,1.98651747924629,-900.736832274299,2,2,"normal",170
"2371",-4.976493,0.375545316227498,0,200,0.00476680508573733,-2.64102973329386,7.29010157392314,-4.64335246533042,-2.64102973329386,1.98651747924629,-900.736832274299,2,2,"normal",171
"2372",-5.9647,0.32590114014508,0,200,0.00476680508573733,-2.64102973329386,7.29010157392314,-4.64335246533042,-2.64102973329386,1.98651747924629,-900.736832274299,2,2,"normal",172
"2373",2.32859,0.749878646684072,0,200,0.00476680508573733,-2.64102973329386,7.29010157392314,-4.64335246533042,-2.64102973329386,1.98651747924629,-900.736832274299,2,2,"normal",173
"2374",5.642946,0.868543807114072,1,200,0.00476680508573733,-2.64102973329386,7.29010157392314,-4.64335246533042,-2.64102973329386,1.98651747924629,-900.736832274299,2,2,"normal",174
"2375",0.62162,0.671112239020054,0,200,0.00476680508573733,-2.64102973329386,7.29010157392314,-4.64335246533042,-2.64102973329386,1.98651747924629,-900.736832274299,2,2,"normal",175
"2376",2.61605,0.76206147560235,1,200,0.00476680508573733,-2.64102973329386,7.29010157392314,-4.64335246533042,-2.64102973329386,1.98651747924629,-900.736832274299,2,2,"normal",176
"2377",2.75804,0.767953694346224,1,200,0.00476680508573733,-2.64102973329386,7.29010157392314,-4.64335246533042,-2.64102973329386,1.98651747924629,-900.736832274299,2,2,"normal",177
"2378",-6.01634,0.32338252536368,0,200,0.00476680508573733,-2.64102973329386,7.29010157392314,-4.64335246533042,-2.64102973329386,1.98651747924629,-900.736832274299,2,2,"normal",178
"2379",2.87141,0.772597721361911,1,200,0.00476680508573733,-2.64102973329386,7.29010157392314,-4.64335246533042,-2.64102973329386,1.98651747924629,-900.736832274299,2,2,"normal",179
"2380",-7.13205,0.271135782848656,0,200,0.00476680508573733,-2.64102973329386,7.29010157392314,-4.64335246533042,-2.64102973329386,1.98651747924629,-900.736832274299,2,2,"normal",180
"2381",-6.02012,0.323198487819336,0,200,0.00476680508573733,-2.64102973329386,7.29010157392314,-4.64335246533042,-2.64102973329386,1.98651747924629,-900.736832274299,2,2,"normal",181
"2382",-7.49799,0.254987064825767,1,200,0.00476680508573733,-2.64102973329386,7.29010157392314,-4.64335246533042,-2.64102973329386,1.98651747924629,-900.736832274299,2,2,"normal",182
"2383",-6.43623,0.303218096019427,0,200,0.00476680508573733,-2.64102973329386,7.29010157392314,-4.64335246533042,-2.64102973329386,1.98651747924629,-900.736832274299,2,2,"normal",183
"2384",-7.66419,0.247826798229138,0,200,0.00476680508573733,-2.64102973329386,7.29010157392314,-4.64335246533042,-2.64102973329386,1.98651747924629,-900.736832274299,2,2,"normal",184
"2385",-5.90897,0.328628372158166,1,200,0.00476680508573733,-2.64102973329386,7.29010157392314,-4.64335246533042,-2.64102973329386,1.98651747924629,-900.736832274299,2,2,"normal",185
"2386",-6.77871,0.287209937087487,0,200,0.00476680508573733,-2.64102973329386,7.29010157392314,-4.64335246533042,-2.64102973329386,1.98651747924629,-900.736832274299,2,2,"normal",186
"2387",2.85281,0.771839511102094,1,200,0.00476680508573733,-2.64102973329386,7.29010157392314,-4.64335246533042,-2.64102973329386,1.98651747924629,-900.736832274299,2,2,"normal",187
"2388",-7.76392,0.243583657723056,0,200,0.00476680508573733,-2.64102973329386,7.29010157392314,-4.64335246533042,-2.64102973329386,1.98651747924629,-900.736832274299,2,2,"normal",188
"2389",-4.589454,0.395635253833007,1,200,0.00476680508573733,-2.64102973329386,7.29010157392314,-4.64335246533042,-2.64102973329386,1.98651747924629,-900.736832274299,2,2,"normal",189
"2390",-7.7011,0.246251708730211,0,200,0.00476680508573733,-2.64102973329386,7.29010157392314,-4.64335246533042,-2.64102973329386,1.98651747924629,-900.736832274299,2,2,"normal",190
"2391",-5.31726,0.358135969809051,0,200,0.00476680508573733,-2.64102973329386,7.29010157392314,-4.64335246533042,-2.64102973329386,1.98651747924629,-900.736832274299,2,2,"normal",191
"2392",-8.5593,0.211226230346796,1,200,0.00476680508573733,-2.64102973329386,7.29010157392314,-4.64335246533042,-2.64102973329386,1.98651747924629,-900.736832274299,2,2,"normal",192
"2393",1.87359,0.729921217671918,0,200,0.00476680508573733,-2.64102973329386,7.29010157392314,-4.64335246533042,-2.64102973329386,1.98651747924629,-900.736832274299,2,2,"normal",193
"2394",-5.97834,0.325235086620247,0,200,0.00476680508573733,-2.64102973329386,7.29010157392314,-4.64335246533042,-2.64102973329386,1.98651747924629,-900.736832274299,2,2,"normal",194
"2395",2.53853,0.7588093555517,1,200,0.00476680508573733,-2.64102973329386,7.29010157392314,-4.64335246533042,-2.64102973329386,1.98651747924629,-900.736832274299,2,2,"normal",195
"2396",-5.26174,0.360953085601471,0,200,0.00476680508573733,-2.64102973329386,7.29010157392314,-4.64335246533042,-2.64102973329386,1.98651747924629,-900.736832274299,2,2,"normal",196
"2397",-5.60958,0.343436480326754,0,200,0.00476680508573733,-2.64102973329386,7.29010157392314,-4.64335246533042,-2.64102973329386,1.98651747924629,-900.736832274299,2,2,"normal",197
"2398",-5.00369,0.374145758984928,0,200,0.00476680508573733,-2.64102973329386,7.29010157392314,-4.64335246533042,-2.64102973329386,1.98651747924629,-900.736832274299,2,2,"normal",198
"2399",3.79863,0.808505017692772,0,200,0.00476680508573733,-2.64102973329386,7.29010157392314,-4.64335246533042,-2.64102973329386,1.98651747924629,-900.736832274299,2,2,"normal",199
"2400",-6.656,0.292898462331093,0,200,0.00476680508573733,-2.64102973329386,7.29010157392314,-4.64335246533042,-2.64102973329386,1.98651747924629,-900.736832274299,2,2,"normal",200
"2401",-8.5294224261,0.230100917732332,1,200,0.0256779531753564,-1.356771932723,9.10793057691506,-2.91625374403632,-1.356771932723,2.20914552596285,-247.73010701603,3,2,"normal",1
"2402",-10.95193491332,0.164234063900305,1,200,0.0256779531753564,-1.356771932723,9.10793057691506,-2.91625374403632,-1.356771932723,2.20914552596285,-247.73010701603,3,2,"normal",2
"2403",-15.135426963,0.0874942171714505,0,200,0.0256779531753564,-1.356771932723,9.10793057691506,-2.91625374403632,-1.356771932723,2.20914552596285,-247.73010701603,3,2,"normal",3
"2404",-11.4345594041,0.153041346228395,0,200,0.0256779531753564,-1.356771932723,9.10793057691506,-2.91625374403632,-1.356771932723,2.20914552596285,-247.73010701603,3,2,"normal",4
"2405",0.84585,0.590639363843538,1,200,0.0256779531753564,-1.356771932723,9.10793057691506,-2.91625374403632,-1.356771932723,2.20914552596285,-247.73010701603,3,2,"normal",5
"2406",20.5131,0.966570747854439,1,200,0.0256779531753564,-1.356771932723,9.10793057691506,-2.91625374403632,-1.356771932723,2.20914552596285,-247.73010701603,3,2,"normal",6
"2407",-13.44446,0.113169268071914,0,200,0.0256779531753564,-1.356771932723,9.10793057691506,-2.91625374403632,-1.356771932723,2.20914552596285,-247.73010701603,3,2,"normal",7
"2408",-25.14854,0.0299449870164545,0,200,0.0256779531753564,-1.356771932723,9.10793057691506,-2.91625374403632,-1.356771932723,2.20914552596285,-247.73010701603,3,2,"normal",8
"2409",-10.40464,0.177704049040335,0,200,0.0256779531753564,-1.356771932723,9.10793057691506,-2.91625374403632,-1.356771932723,2.20914552596285,-247.73010701603,3,2,"normal",9
"2410",-26.98039,0.0280036130651329,0,200,0.0256779531753564,-1.356771932723,9.10793057691506,-2.91625374403632,-1.356771932723,2.20914552596285,-247.73010701603,3,2,"normal",10
"2411",-20.67935,0.0417474121216255,0,200,0.0256779531753564,-1.356771932723,9.10793057691506,-2.91625374403632,-1.356771932723,2.20914552596285,-247.73010701603,3,2,"normal",11
"2412",-11.43952,0.15292962354492,0,200,0.0256779531753564,-1.356771932723,9.10793057691506,-2.91625374403632,-1.356771932723,2.20914552596285,-247.73010701603,3,2,"normal",12
"2413",-10.65072,0.171545057938987,0,200,0.0256779531753564,-1.356771932723,9.10793057691506,-2.91625374403632,-1.356771932723,2.20914552596285,-247.73010701603,3,2,"normal",13
"2414",-10.03432,0.187288286366807,0,200,0.0256779531753564,-1.356771932723,9.10793057691506,-2.91625374403632,-1.356771932723,2.20914552596285,-247.73010701603,3,2,"normal",14
"2415",-11.99678,0.140805698877395,0,200,0.0256779531753564,-1.356771932723,9.10793057691506,-2.91625374403632,-1.356771932723,2.20914552596285,-247.73010701603,3,2,"normal",15
"2416",-8.25056,0.238700764188668,0,200,0.0256779531753564,-1.356771932723,9.10793057691506,-2.91625374403632,-1.356771932723,2.20914552596285,-247.73010701603,3,2,"normal",16
"2417",-7.51293,0.262410485100215,0,200,0.0256779531753564,-1.356771932723,9.10793057691506,-2.91625374403632,-1.356771932723,2.20914552596285,-247.73010701603,3,2,"normal",17
"2418",-7.03867,0.278364574726082,0,200,0.0256779531753564,-1.356771932723,9.10793057691506,-2.91625374403632,-1.356771932723,2.20914552596285,-247.73010701603,3,2,"normal",18
"2419",1.24497,0.606655568675057,1,200,0.0256779531753564,-1.356771932723,9.10793057691506,-2.91625374403632,-1.356771932723,2.20914552596285,-247.73010701603,3,2,"normal",19
"2420",4.55838,0.729549530446943,1,200,0.0256779531753564,-1.356771932723,9.10793057691506,-2.91625374403632,-1.356771932723,2.20914552596285,-247.73010701603,3,2,"normal",20
"2421",5.343929,0.755226275922765,1,200,0.0256779531753564,-1.356771932723,9.10793057691506,-2.91625374403632,-1.356771932723,2.20914552596285,-247.73010701603,3,2,"normal",21
"2422",-3.82257,0.398778737961296,1,200,0.0256779531753564,-1.356771932723,9.10793057691506,-2.91625374403632,-1.356771932723,2.20914552596285,-247.73010701603,3,2,"normal",22
"2423",-6.23054,0.306747928388334,0,200,0.0256779531753564,-1.356771932723,9.10793057691506,-2.91625374403632,-1.356771932723,2.20914552596285,-247.73010701603,3,2,"normal",23
"2424",-2.08754,0.469667552240112,1,200,0.0256779531753564,-1.356771932723,9.10793057691506,-2.91625374403632,-1.356771932723,2.20914552596285,-247.73010701603,3,2,"normal",24
"2425",0.0613399999999995,0.55868839854272,1,200,0.0256779531753564,-1.356771932723,9.10793057691506,-2.91625374403632,-1.356771932723,2.20914552596285,-247.73010701603,3,2,"normal",25
"2426",-7.42782,0.26523364175531,0,200,0.0256779531753564,-1.356771932723,9.10793057691506,-2.91625374403632,-1.356771932723,2.20914552596285,-247.73010701603,3,2,"normal",26
"2427",-6.22289,0.307023461325464,1,200,0.0256779531753564,-1.356771932723,9.10793057691506,-2.91625374403632,-1.356771932723,2.20914552596285,-247.73010701603,3,2,"normal",27
"2428",-1.58629,0.490464036581885,0,200,0.0256779531753564,-1.356771932723,9.10793057691506,-2.91625374403632,-1.356771932723,2.20914552596285,-247.73010701603,3,2,"normal",28
"2429",-3.14659,0.426105086381504,0,200,0.0256779531753564,-1.356771932723,9.10793057691506,-2.91625374403632,-1.356771932723,2.20914552596285,-247.73010701603,3,2,"normal",29
"2430",-0.10071,0.55202712577675,0,200,0.0256779531753564,-1.356771932723,9.10793057691506,-2.91625374403632,-1.356771932723,2.20914552596285,-247.73010701603,3,2,"normal",30
"2431",-6.9276,0.282178076118179,1,200,0.0256779531753564,-1.356771932723,9.10793057691506,-2.91625374403632,-1.356771932723,2.20914552596285,-247.73010701603,3,2,"normal",31
"2432",-10.22273,0.182364672773068,0,200,0.0256779531753564,-1.356771932723,9.10793057691506,-2.91625374403632,-1.356771932723,2.20914552596285,-247.73010701603,3,2,"normal",32
"2433",-1.15982,0.508183141535133,1,200,0.0256779531753564,-1.356771932723,9.10793057691506,-2.91625374403632,-1.356771932723,2.20914552596285,-247.73010701603,3,2,"normal",33
"2434",-9.58782,0.199347270812369,0,200,0.0256779531753564,-1.356771932723,9.10793057691506,-2.91625374403632,-1.356771932723,2.20914552596285,-247.73010701603,3,2,"normal",34
"2435",-1.77292,0.482714161321273,1,200,0.0256779531753564,-1.356771932723,9.10793057691506,-2.91625374403632,-1.356771932723,2.20914552596285,-247.73010701603,3,2,"normal",35
"2436",1.21058,0.605282981707329,0,200,0.0256779531753564,-1.356771932723,9.10793057691506,-2.91625374403632,-1.356771932723,2.20914552596285,-247.73010701603,3,2,"normal",36
"2437",-11.35174,0.154916561457249,0,200,0.0256779531753564,-1.356771932723,9.10793057691506,-2.91625374403632,-1.356771932723,2.20914552596285,-247.73010701603,3,2,"normal",37
"2438",-18.52058,0.0538994827983642,0,200,0.0256779531753564,-1.356771932723,9.10793057691506,-2.91625374403632,-1.356771932723,2.20914552596285,-247.73010701603,3,2,"normal",38
"2439",19.66678,0.964368782425619,1,200,0.0256779531753564,-1.356771932723,9.10793057691506,-2.91625374403632,-1.356771932723,2.20914552596285,-247.73010701603,3,2,"normal",39
"2440",-9.31065,0.207108142289144,0,200,0.0256779531753564,-1.356771932723,9.10793057691506,-2.91625374403632,-1.356771932723,2.20914552596285,-247.73010701603,3,2,"normal",40
"2441",3.775136,0.702476140343159,1,200,0.0256779531753564,-1.356771932723,9.10793057691506,-2.91625374403632,-1.356771932723,2.20914552596285,-247.73010701603,3,2,"normal",41
"2442",-6.29409,0.3044638234283,0,200,0.0256779531753564,-1.356771932723,9.10793057691506,-2.91625374403632,-1.356771932723,2.20914552596285,-247.73010701603,3,2,"normal",42
"2443",-7.59574,0.259680680924455,0,200,0.0256779531753564,-1.356771932723,9.10793057691506,-2.91625374403632,-1.356771932723,2.20914552596285,-247.73010701603,3,2,"normal",43
"2444",-12.35616,0.133431423609112,0,200,0.0256779531753564,-1.356771932723,9.10793057691506,-2.91625374403632,-1.356771932723,2.20914552596285,-247.73010701603,3,2,"normal",44
"2445",-10.25169,0.18161657726337,0,200,0.0256779531753564,-1.356771932723,9.10793057691506,-2.91625374403632,-1.356771932723,2.20914552596285,-247.73010701603,3,2,"normal",45
"2446",-11.75931,0.145869047424244,0,200,0.0256779531753564,-1.356771932723,9.10793057691506,-2.91625374403632,-1.356771932723,2.20914552596285,-247.73010701603,3,2,"normal",46
"2447",-14.03496,0.103430769438277,0,200,0.0256779531753564,-1.356771932723,9.10793057691506,-2.91625374403632,-1.356771932723,2.20914552596285,-247.73010701603,3,2,"normal",47
"2448",4.572299,0.730017692609753,1,200,0.0256779531753564,-1.356771932723,9.10793057691506,-2.91625374403632,-1.356771932723,2.20914552596285,-247.73010701603,3,2,"normal",48
"2449",3.66506,0.698560389406127,1,200,0.0256779531753564,-1.356771932723,9.10793057691506,-2.91625374403632,-1.356771932723,2.20914552596285,-247.73010701603,3,2,"normal",49
"2450",1.04604,0.598695886795698,1,200,0.0256779531753564,-1.356771932723,9.10793057691506,-2.91625374403632,-1.356771932723,2.20914552596285,-247.73010701603,3,2,"normal",50
"2451",-9.4866,0.202157140768455,0,200,0.0256779531753564,-1.356771932723,9.10793057691506,-2.91625374403632,-1.356771932723,2.20914552596285,-247.73010701603,3,2,"normal",51
"2452",-5.662784,0.327523656146995,0,200,0.0256779531753564,-1.356771932723,9.10793057691506,-2.91625374403632,-1.356771932723,2.20914552596285,-247.73010701603,3,2,"normal",52
"2453",-0.74936,0.525220584482405,0,200,0.0256779531753564,-1.356771932723,9.10793057691506,-2.91625374403632,-1.356771932723,2.20914552596285,-247.73010701603,3,2,"normal",53
"2454",-2.8884633,0.436653635453931,1,200,0.0256779531753564,-1.356771932723,9.10793057691506,-2.91625374403632,-1.356771932723,2.20914552596285,-247.73010701603,3,2,"normal",54
"2455",-6.81783,0.285974995781459,0,200,0.0256779531753564,-1.356771932723,9.10793057691506,-2.91625374403632,-1.356771932723,2.20914552596285,-247.73010701603,3,2,"normal",55
"2456",-6.9264162,0.282218875366369,1,200,0.0256779531753564,-1.356771932723,9.10793057691506,-2.91625374403632,-1.356771932723,2.20914552596285,-247.73010701603,3,2,"normal",56
"2457",5.905276,0.772612791569338,1,200,0.0256779531753564,-1.356771932723,9.10793057691506,-2.91625374403632,-1.356771932723,2.20914552596285,-247.73010701603,3,2,"normal",57
"2458",-10.19683,0.183035686747137,0,200,0.0256779531753564,-1.356771932723,9.10793057691506,-2.91625374403632,-1.356771932723,2.20914552596285,-247.73010701603,3,2,"normal",58
"2459",-8.15402,0.241725121716064,1,200,0.0256779531753564,-1.356771932723,9.10793057691506,-2.91625374403632,-1.356771932723,2.20914552596285,-247.73010701603,3,2,"normal",59
"2460",8.43472,0.840396365754928,1,200,0.0256779531753564,-1.356771932723,9.10793057691506,-2.91625374403632,-1.356771932723,2.20914552596285,-247.73010701603,3,2,"normal",60
"2461",0.15926,0.562704725105218,0,200,0.0256779531753564,-1.356771932723,9.10793057691506,-2.91625374403632,-1.356771932723,2.20914552596285,-247.73010701603,3,2,"normal",61
"2462",-7.19781,0.27295108374449,0,200,0.0256779531753564,-1.356771932723,9.10793057691506,-2.91625374403632,-1.356771932723,2.20914552596285,-247.73010701603,3,2,"normal",62
"2463",-13.72759,0.10839277753734,0,200,0.0256779531753564,-1.356771932723,9.10793057691506,-2.91625374403632,-1.356771932723,2.20914552596285,-247.73010701603,3,2,"normal",63
"2464",-12.39454,0.132664256593287,0,200,0.0256779531753564,-1.356771932723,9.10793057691506,-2.91625374403632,-1.356771932723,2.20914552596285,-247.73010701603,3,2,"normal",64
"2465",-11.39403,0.153956674309752,0,200,0.0256779531753564,-1.356771932723,9.10793057691506,-2.91625374403632,-1.356771932723,2.20914552596285,-247.73010701603,3,2,"normal",65
"2466",-10.27826,0.180932260504821,0,200,0.0256779531753564,-1.356771932723,9.10793057691506,-2.91625374403632,-1.356771932723,2.20914552596285,-247.73010701603,3,2,"normal",66
"2467",-8.4831,0.231515349696304,0,200,0.0256779531753564,-1.356771932723,9.10793057691506,-2.91625374403632,-1.356771932723,2.20914552596285,-247.73010701603,3,2,"normal",67
"2468",0.668360000000001,0.583460362175212,1,200,0.0256779531753564,-1.356771932723,9.10793057691506,-2.91625374403632,-1.356771932723,2.20914552596285,-247.73010701603,3,2,"normal",68
"2469",1.40953,0.61320275830768,1,200,0.0256779531753564,-1.356771932723,9.10793057691506,-2.91625374403632,-1.356771932723,2.20914552596285,-247.73010701603,3,2,"normal",69
"2470",1.12693,0.601938244903162,1,200,0.0256779531753564,-1.356771932723,9.10793057691506,-2.91625374403632,-1.356771932723,2.20914552596285,-247.73010701603,3,2,"normal",70
"2471",0.56173,0.579132304462257,0,200,0.0256779531753564,-1.356771932723,9.10793057691506,-2.91625374403632,-1.356771932723,2.20914552596285,-247.73010701603,3,2,"normal",71
"2472",5.46935,0.75918194890843,1,200,0.0256779531753564,-1.356771932723,9.10793057691506,-2.91625374403632,-1.356771932723,2.20914552596285,-247.73010701603,3,2,"normal",72
"2473",0.0022899999999999,0.556263098368618,1,200,0.0256779531753564,-1.356771932723,9.10793057691506,-2.91625374403632,-1.356771932723,2.20914552596285,-247.73010701603,3,2,"normal",73
"2474",-6.0856086,0.311988866015853,0,200,0.0256779531753564,-1.356771932723,9.10793057691506,-2.91625374403632,-1.356771932723,2.20914552596285,-247.73010701603,3,2,"normal",74
"2475",-7.00312,0.279582027853249,0,200,0.0256779531753564,-1.356771932723,9.10793057691506,-2.91625374403632,-1.356771932723,2.20914552596285,-247.73010701603,3,2,"normal",75
"2476",-7.05261,0.277887989933732,1,200,0.0256779531753564,-1.356771932723,9.10793057691506,-2.91625374403632,-1.356771932723,2.20914552596285,-247.73010701603,3,2,"normal",76
"2477",1.11007,0.601263075449173,0,200,0.0256779531753564,-1.356771932723,9.10793057691506,-2.91625374403632,-1.356771932723,2.20914552596285,-247.73010701603,3,2,"normal",77
"2478",-6.94992,0.281409432764988,1,200,0.0256779531753564,-1.356771932723,9.10793057691506,-2.91625374403632,-1.356771932723,2.20914552596285,-247.73010701603,3,2,"normal",78
"2479",2.1088,0.640601414454452,1,200,0.0256779531753564,-1.356771932723,9.10793057691506,-2.91625374403632,-1.356771932723,2.20914552596285,-247.73010701603,3,2,"normal",79
"2480",-9.18525,0.210688168639907,0,200,0.0256779531753564,-1.356771932723,9.10793057691506,-2.91625374403632,-1.356771932723,2.20914552596285,-247.73010701603,3,2,"normal",80
"2481",-10.89164,0.165677458389746,0,200,0.0256779531753564,-1.356771932723,9.10793057691506,-2.91625374403632,-1.356771932723,2.20914552596285,-247.73010701603,3,2,"normal",81
"2482",-1.06698,0.5120394509251,1,200,0.0256779531753564,-1.356771932723,9.10793057691506,-2.91625374403632,-1.356771932723,2.20914552596285,-247.73010701603,3,2,"normal",82
"2483",-8.23023,0.239335648549599,0,200,0.0256779531753564,-1.356771932723,9.10793057691506,-2.91625374403632,-1.356771932723,2.20914552596285,-247.73010701603,3,2,"normal",83
"2484",-8.14863,0.241894686319544,1,200,0.0256779531753564,-1.356771932723,9.10793057691506,-2.91625374403632,-1.356771932723,2.20914552596285,-247.73010701603,3,2,"normal",84
"2485",-0.36834,0.54099100931391,1,200,0.0256779531753564,-1.356771932723,9.10793057691506,-2.91625374403632,-1.356771932723,2.20914552596285,-247.73010701603,3,2,"normal",85
"2486",-9.13177,0.212227935148888,0,200,0.0256779531753564,-1.356771932723,9.10793057691506,-2.91625374403632,-1.356771932723,2.20914552596285,-247.73010701603,3,2,"normal",86
"2487",-9.10267,0.213069017639531,0,200,0.0256779531753564,-1.356771932723,9.10793057691506,-2.91625374403632,-1.356771932723,2.20914552596285,-247.73010701603,3,2,"normal",87
"2488",2.27308,0.646928834801532,1,200,0.0256779531753564,-1.356771932723,9.10793057691506,-2.91625374403632,-1.356771932723,2.20914552596285,-247.73010701603,3,2,"normal",88
"2489",-13.53712,0.111584096211954,0,200,0.0256779531753564,-1.356771932723,9.10793057691506,-2.91625374403632,-1.356771932723,2.20914552596285,-247.73010701603,3,2,"normal",89
"2490",2.59158,0.659065577461467,1,200,0.0256779531753564,-1.356771932723,9.10793057691506,-2.91625374403632,-1.356771932723,2.20914552596285,-247.73010701603,3,2,"normal",90
"2491",6.968048,0.803230784107778,1,200,0.0256779531753564,-1.356771932723,9.10793057691506,-2.91625374403632,-1.356771932723,2.20914552596285,-247.73010701603,3,2,"normal",91
"2492",2.57131,0.658298483706962,1,200,0.0256779531753564,-1.356771932723,9.10793057691506,-2.91625374403632,-1.356771932723,2.20914552596285,-247.73010701603,3,2,"normal",92
"2493",1.39348,0.612565738151974,1,200,0.0256779531753564,-1.356771932723,9.10793057691506,-2.91625374403632,-1.356771932723,2.20914552596285,-247.73010701603,3,2,"normal",93
"2494",-8.99205,0.216287151309766,1,200,0.0256779531753564,-1.356771932723,9.10793057691506,-2.91625374403632,-1.356771932723,2.20914552596285,-247.73010701603,3,2,"normal",94
"2495",4.26812,0.719681752627243,1,200,0.0256779531753564,-1.356771932723,9.10793057691506,-2.91625374403632,-1.356771932723,2.20914552596285,-247.73010701603,3,2,"normal",95
"2496",-10.91407,0.165139336453673,0,200,0.0256779531753564,-1.356771932723,9.10793057691506,-2.91625374403632,-1.356771932723,2.20914552596285,-247.73010701603,3,2,"normal",96
"2497",1.4532,0.614934278160258,1,200,0.0256779531753564,-1.356771932723,9.10793057691506,-2.91625374403632,-1.356771932723,2.20914552596285,-247.73010701603,3,2,"normal",97
"2498",-11.97632,0.141235951059506,1,200,0.0256779531753564,-1.356771932723,9.10793057691506,-2.91625374403632,-1.356771932723,2.20914552596285,-247.73010701603,3,2,"normal",98
"2499",-8.77466,0.222707230472862,1,200,0.0256779531753564,-1.356771932723,9.10793057691506,-2.91625374403632,-1.356771932723,2.20914552596285,-247.73010701603,3,2,"normal",99
"2500",-9.45852,0.202941608775904,0,200,0.0256779531753564,-1.356771932723,9.10793057691506,-2.91625374403632,-1.356771932723,2.20914552596285,-247.73010701603,3,2,"normal",100
"2501",0.86853,0.591554331543446,1,200,0.0256779531753564,-1.356771932723,9.10793057691506,-2.91625374403632,-1.356771932723,2.20914552596285,-247.73010701603,3,2,"normal",101
"2502",3.35292,0.687315559517559,1,200,0.0256779531753564,-1.356771932723,9.10793057691506,-2.91625374403632,-1.356771932723,2.20914552596285,-247.73010701603,3,2,"normal",102
"2503",4.66405,0.733092037899228,1,200,0.0256779531753564,-1.356771932723,9.10793057691506,-2.91625374403632,-1.356771932723,2.20914552596285,-247.73010701603,3,2,"normal",103
"2504",-11.40429,0.153724534210202,0,200,0.0256779531753564,-1.356771932723,9.10793057691506,-2.91625374403632,-1.356771932723,2.20914552596285,-247.73010701603,3,2,"normal",104
"2505",-10.45499,0.176430234359167,0,200,0.0256779531753564,-1.356771932723,9.10793057691506,-2.91625374403632,-1.356771932723,2.20914552596285,-247.73010701603,3,2,"normal",105
"2506",-10.23406,0.182071719717287,0,200,0.0256779531753564,-1.356771932723,9.10793057691506,-2.91625374403632,-1.356771932723,2.20914552596285,-247.73010701603,3,2,"normal",106
"2507",-9.82288,0.192930417279702,0,200,0.0256779531753564,-1.356771932723,9.10793057691506,-2.91625374403632,-1.356771932723,2.20914552596285,-247.73010701603,3,2,"normal",107
"2508",-7.36996,0.267162977917314,0,200,0.0256779531753564,-1.356771932723,9.10793057691506,-2.91625374403632,-1.356771932723,2.20914552596285,-247.73010701603,3,2,"normal",108
"2509",1.57072,0.619581145704846,1,200,0.0256779531753564,-1.356771932723,9.10793057691506,-2.91625374403632,-1.356771932723,2.20914552596285,-247.73010701603,3,2,"normal",109
"2510",-9.27927,0.207999997842072,1,200,0.0256779531753564,-1.356771932723,9.10793057691506,-2.91625374403632,-1.356771932723,2.20914552596285,-247.73010701603,3,2,"normal",110
"2511",1.4951,0.616593211821971,0,200,0.0256779531753564,-1.356771932723,9.10793057691506,-2.91625374403632,-1.356771932723,2.20914552596285,-247.73010701603,3,2,"normal",111
"2512",1.33929,0.610412457301308,1,200,0.0256779531753564,-1.356771932723,9.10793057691506,-2.91625374403632,-1.356771932723,2.20914552596285,-247.73010701603,3,2,"normal",112
"2513",-0.48396,0.536211792988252,0,200,0.0256779531753564,-1.356771932723,9.10793057691506,-2.91625374403632,-1.356771932723,2.20914552596285,-247.73010701603,3,2,"normal",113
"2514",-0.83618,0.52161994923348,0,200,0.0256779531753564,-1.356771932723,9.10793057691506,-2.91625374403632,-1.356771932723,2.20914552596285,-247.73010701603,3,2,"normal",114
"2515",-12.58454,0.128923831198404,1,200,0.0256779531753564,-1.356771932723,9.10793057691506,-2.91625374403632,-1.356771932723,2.20914552596285,-247.73010701603,3,2,"normal",115
"2516",1.25051,0.606876545384184,1,200,0.0256779531753564,-1.356771932723,9.10793057691506,-2.91625374403632,-1.356771932723,2.20914552596285,-247.73010701603,3,2,"normal",116
"2517",-0.16916,0.549208364942178,0,200,0.0256779531753564,-1.356771932723,9.10793057691506,-2.91625374403632,-1.356771932723,2.20914552596285,-247.73010701603,3,2,"normal",117
"2518",3.0941,0.677838698224396,1,200,0.0256779531753564,-1.356771932723,9.10793057691506,-2.91625374403632,-1.356771932723,2.20914552596285,-247.73010701603,3,2,"normal",118
"2519",1.46966,0.615586256574864,1,200,0.0256779531753564,-1.356771932723,9.10793057691506,-2.91625374403632,-1.356771932723,2.20914552596285,-247.73010701603,3,2,"normal",119
"2520",-8.1048,0.243276315686983,0,200,0.0256779531753564,-1.356771932723,9.10793057691506,-2.91625374403632,-1.356771932723,2.20914552596285,-247.73010701603,3,2,"normal",120
"2521",-12.78776,0.125028229805103,0,200,0.0256779531753564,-1.356771932723,9.10793057691506,-2.91625374403632,-1.356771932723,2.20914552596285,-247.73010701603,3,2,"normal",121
"2522",-12.50275,0.130522296990773,0,200,0.0256779531753564,-1.356771932723,9.10793057691506,-2.91625374403632,-1.356771932723,2.20914552596285,-247.73010701603,3,2,"normal",122
"2523",5.221542,0.751327461899153,1,200,0.0256779531753564,-1.356771932723,9.10793057691506,-2.91625374403632,-1.356771932723,2.20914552596285,-247.73010701603,3,2,"normal",123
"2524",-8.22958,0.239355965026445,0,200,0.0256779531753564,-1.356771932723,9.10793057691506,-2.91625374403632,-1.356771932723,2.20914552596285,-247.73010701603,3,2,"normal",124
"2525",1.23818,0.606384680235501,0,200,0.0256779531753564,-1.356771932723,9.10793057691506,-2.91625374403632,-1.356771932723,2.20914552596285,-247.73010701603,3,2,"normal",125
"2526",0.6218,0.581571866028711,0,200,0.0256779531753564,-1.356771932723,9.10793057691506,-2.91625374403632,-1.356771932723,2.20914552596285,-247.73010701603,3,2,"normal",126
"2527",-12.03792,0.139943980560612,0,200,0.0256779531753564,-1.356771932723,9.10793057691506,-2.91625374403632,-1.356771932723,2.20914552596285,-247.73010701603,3,2,"normal",127
"2528",-9.25944,0.208564969590243,0,200,0.0256779531753564,-1.356771932723,9.10793057691506,-2.91625374403632,-1.356771932723,2.20914552596285,-247.73010701603,3,2,"normal",128
"2529",-8.65007,0.226443578232734,0,200,0.0256779531753564,-1.356771932723,9.10793057691506,-2.91625374403632,-1.356771932723,2.20914552596285,-247.73010701603,3,2,"normal",129
"2530",-8.89879,0.219025843442392,0,200,0.0256779531753564,-1.356771932723,9.10793057691506,-2.91625374403632,-1.356771932723,2.20914552596285,-247.73010701603,3,2,"normal",130
"2531",-7.79982,0.253025848140918,0,200,0.0256779531753564,-1.356771932723,9.10793057691506,-2.91625374403632,-1.356771932723,2.20914552596285,-247.73010701603,3,2,"normal",131
"2532",-9.48238,0.202274896852151,0,200,0.0256779531753564,-1.356771932723,9.10793057691506,-2.91625374403632,-1.356771932723,2.20914552596285,-247.73010701603,3,2,"normal",132
"2533",-11.36507,0.154613471660046,0,200,0.0256779531753564,-1.356771932723,9.10793057691506,-2.91625374403632,-1.356771932723,2.20914552596285,-247.73010701603,3,2,"normal",133
"2534",-11.54787,0.150506147527236,0,200,0.0256779531753564,-1.356771932723,9.10793057691506,-2.91625374403632,-1.356771932723,2.20914552596285,-247.73010701603,3,2,"normal",134
"2535",2.82814,0.667962411602722,1,200,0.0256779531753564,-1.356771932723,9.10793057691506,-2.91625374403632,-1.356771932723,2.20914552596285,-247.73010701603,3,2,"normal",135
"2536",0.5321,0.57792771618908,1,200,0.0256779531753564,-1.356771932723,9.10793057691506,-2.91625374403632,-1.356771932723,2.20914552596285,-247.73010701603,3,2,"normal",136
"2537",4.10028,0.713885909938483,1,200,0.0256779531753564,-1.356771932723,9.10793057691506,-2.91625374403632,-1.356771932723,2.20914552596285,-247.73010701603,3,2,"normal",137
"2538",-7.8713,0.250719622714459,0,200,0.0256779531753564,-1.356771932723,9.10793057691506,-2.91625374403632,-1.356771932723,2.20914552596285,-247.73010701603,3,2,"normal",138
"2539",3.44079,0.690501822769723,0,200,0.0256779531753564,-1.356771932723,9.10793057691506,-2.91625374403632,-1.356771932723,2.20914552596285,-247.73010701603,3,2,"normal",139
"2540",3.004,0.67450823375241,0,200,0.0256779531753564,-1.356771932723,9.10793057691506,-2.91625374403632,-1.356771932723,2.20914552596285,-247.73010701603,3,2,"normal",140
"2541",-9.49496,0.201924004722696,1,200,0.0256779531753564,-1.356771932723,9.10793057691506,-2.91625374403632,-1.356771932723,2.20914552596285,-247.73010701603,3,2,"normal",141
"2542",-8.023161,0.245862922859498,1,200,0.0256779531753564,-1.356771932723,9.10793057691506,-2.91625374403632,-1.356771932723,2.20914552596285,-247.73010701603,3,2,"normal",142
"2543",1.02966,0.598038384575205,0,200,0.0256779531753564,-1.356771932723,9.10793057691506,-2.91625374403632,-1.356771932723,2.20914552596285,-247.73010701603,3,2,"normal",143
"2544",-9.43917,0.203483441552801,0,200,0.0256779531753564,-1.356771932723,9.10793057691506,-2.91625374403632,-1.356771932723,2.20914552596285,-247.73010701603,3,2,"normal",144
"2545",6.90319,0.801450225556277,1,200,0.0256779531753564,-1.356771932723,9.10793057691506,-2.91625374403632,-1.356771932723,2.20914552596285,-247.73010701603,3,2,"normal",145
"2546",-9.12543,0.212410986195744,0,200,0.0256779531753564,-1.356771932723,9.10793057691506,-2.91625374403632,-1.356771932723,2.20914552596285,-247.73010701603,3,2,"normal",146
"2547",-9.42748,0.203811276838728,0,200,0.0256779531753564,-1.356771932723,9.10793057691506,-2.91625374403632,-1.356771932723,2.20914552596285,-247.73010701603,3,2,"normal",147
"2548",0.4041,0.572714773541019,0,200,0.0256779531753564,-1.356771932723,9.10793057691506,-2.91625374403632,-1.356771932723,2.20914552596285,-247.73010701603,3,2,"normal",148
"2549",-9.79786,0.193606210078394,0,200,0.0256779531753564,-1.356771932723,9.10793057691506,-2.91625374403632,-1.356771932723,2.20914552596285,-247.73010701603,3,2,"normal",149
"2550",-9.15945,0.211430021049476,0,200,0.0256779531753564,-1.356771932723,9.10793057691506,-2.91625374403632,-1.356771932723,2.20914552596285,-247.73010701603,3,2,"normal",150
"2551",5.0041,0.74430696661191,1,200,0.0256779531753564,-1.356771932723,9.10793057691506,-2.91625374403632,-1.356771932723,2.20914552596285,-247.73010701603,3,2,"normal",151
"2552",-8.97076,0.21691029897459,0,200,0.0256779531753564,-1.356771932723,9.10793057691506,-2.91625374403632,-1.356771932723,2.20914552596285,-247.73010701603,3,2,"normal",152
"2553",3.7439,0.70136766077123,1,200,0.0256779531753564,-1.356771932723,9.10793057691506,-2.91625374403632,-1.356771932723,2.20914552596285,-247.73010701603,3,2,"normal",153
"2554",-8.44143,0.232792541163848,1,200,0.0256779531753564,-1.356771932723,9.10793057691506,-2.91625374403632,-1.356771932723,2.20914552596285,-247.73010701603,3,2,"normal",154
"2555",5.25179,0.752294605926897,1,200,0.0256779531753564,-1.356771932723,9.10793057691506,-2.91625374403632,-1.356771932723,2.20914552596285,-247.73010701603,3,2,"normal",155
"2556",-12.45051,0.131552490890143,0,200,0.0256779531753564,-1.356771932723,9.10793057691506,-2.91625374403632,-1.356771932723,2.20914552596285,-247.73010701603,3,2,"normal",156
"2557",1.68567,0.624107791912545,0,200,0.0256779531753564,-1.356771932723,9.10793057691506,-2.91625374403632,-1.356771932723,2.20914552596285,-247.73010701603,3,2,"normal",157
"2558",-9.99712,0.188272004169622,1,200,0.0256779531753564,-1.356771932723,9.10793057691506,-2.91625374403632,-1.356771932723,2.20914552596285,-247.73010701603,3,2,"normal",158
"2559",5.16969,0.749664154943268,1,200,0.0256779531753564,-1.356771932723,9.10793057691506,-2.91625374403632,-1.356771932723,2.20914552596285,-247.73010701603,3,2,"normal",159
"2560",2.42343,0.652680050221062,1,200,0.0256779531753564,-1.356771932723,9.10793057691506,-2.91625374403632,-1.356771932723,2.20914552596285,-247.73010701603,3,2,"normal",160
"2561",5.15439,0.749172061680025,1,200,0.0256779531753564,-1.356771932723,9.10793057691506,-2.91625374403632,-1.356771932723,2.20914552596285,-247.73010701603,3,2,"normal",161
"2562",4.2389,0.718677409978089,1,200,0.0256779531753564,-1.356771932723,9.10793057691506,-2.91625374403632,-1.356771932723,2.20914552596285,-247.73010701603,3,2,"normal",162
"2563",1.56864,0.61949906540143,0,200,0.0256779531753564,-1.356771932723,9.10793057691506,-2.91625374403632,-1.356771932723,2.20914552596285,-247.73010701603,3,2,"normal",163
"2564",4.8111,0.737976683229066,1,200,0.0256779531753564,-1.356771932723,9.10793057691506,-2.91625374403632,-1.356771932723,2.20914552596285,-247.73010701603,3,2,"normal",164
"2565",5.89304,0.772242608399844,1,200,0.0256779531753564,-1.356771932723,9.10793057691506,-2.91625374403632,-1.356771932723,2.20914552596285,-247.73010701603,3,2,"normal",165
"2566",4.33505,0.72197475201198,0,200,0.0256779531753564,-1.356771932723,9.10793057691506,-2.91625374403632,-1.356771932723,2.20914552596285,-247.73010701603,3,2,"normal",166
"2567",6.02131,0.776103506285167,1,200,0.0256779531753564,-1.356771932723,9.10793057691506,-2.91625374403632,-1.356771932723,2.20914552596285,-247.73010701603,3,2,"normal",167
"2568",-7.87202,0.250696458243598,0,200,0.0256779531753564,-1.356771932723,9.10793057691506,-2.91625374403632,-1.356771932723,2.20914552596285,-247.73010701603,3,2,"normal",168
"2569",-11.34071,0.155167723529585,0,200,0.0256779531753564,-1.356771932723,9.10793057691506,-2.91625374403632,-1.356771932723,2.20914552596285,-247.73010701603,3,2,"normal",169
"2570",-13.87388,0.106002433855323,0,200,0.0256779531753564,-1.356771932723,9.10793057691506,-2.91625374403632,-1.356771932723,2.20914552596285,-247.73010701603,3,2,"normal",170
"2571",2.78972,0.66652451999157,0,200,0.0256779531753564,-1.356771932723,9.10793057691506,-2.91625374403632,-1.356771932723,2.20914552596285,-247.73010701603,3,2,"normal",171
"2572",-10.23768,0.181978194362448,0,200,0.0256779531753564,-1.356771932723,9.10793057691506,-2.91625374403632,-1.356771932723,2.20914552596285,-247.73010701603,3,2,"normal",172
"2573",5.22209,0.751345004224916,1,200,0.0256779531753564,-1.356771932723,9.10793057691506,-2.91625374403632,-1.356771932723,2.20914552596285,-247.73010701603,3,2,"normal",173
"2574",3.93795,0.708219113369552,1,200,0.0256779531753564,-1.356771932723,9.10793057691506,-2.91625374403632,-1.356771932723,2.20914552596285,-247.73010701603,3,2,"normal",174
"2575",3.40177,0.689088895343866,1,200,0.0256779531753564,-1.356771932723,9.10793057691506,-2.91625374403632,-1.356771932723,2.20914552596285,-247.73010701603,3,2,"normal",175
"2576",-11.2217,0.15789891366559,0,200,0.0256779531753564,-1.356771932723,9.10793057691506,-2.91625374403632,-1.356771932723,2.20914552596285,-247.73010701603,3,2,"normal",176
"2577",7.19445,0.809355609566004,1,200,0.0256779531753564,-1.356771932723,9.10793057691506,-2.91625374403632,-1.356771932723,2.20914552596285,-247.73010701603,3,2,"normal",177
"2578",3.43723,0.690373045713588,1,200,0.0256779531753564,-1.356771932723,9.10793057691506,-2.91625374403632,-1.356771932723,2.20914552596285,-247.73010701603,3,2,"normal",178
"2579",-9.40563,0.20442504021229,0,200,0.0256779531753564,-1.356771932723,9.10793057691506,-2.91625374403632,-1.356771932723,2.20914552596285,-247.73010701603,3,2,"normal",179
"2580",4.4807,0.72692826358016,1,200,0.0256779531753564,-1.356771932723,9.10793057691506,-2.91625374403632,-1.356771932723,2.20914552596285,-247.73010701603,3,2,"normal",180
"2581",-10.48806,0.175597406630945,0,200,0.0256779531753564,-1.356771932723,9.10793057691506,-2.91625374403632,-1.356771932723,2.20914552596285,-247.73010701603,3,2,"normal",181
"2582",-7.08613,0.276743866014753,0,200,0.0256779531753564,-1.356771932723,9.10793057691506,-2.91625374403632,-1.356771932723,2.20914552596285,-247.73010701603,3,2,"normal",182
"2583",2.23522,0.645474572172146,0,200,0.0256779531753564,-1.356771932723,9.10793057691506,-2.91625374403632,-1.356771932723,2.20914552596285,-247.73010701603,3,2,"normal",183
"2584",-11.06293,0.161603187764102,0,200,0.0256779531753564,-1.356771932723,9.10793057691506,-2.91625374403632,-1.356771932723,2.20914552596285,-247.73010701603,3,2,"normal",184
"2585",-9.01272,0.21568331786079,0,200,0.0256779531753564,-1.356771932723,9.10793057691506,-2.91625374403632,-1.356771932723,2.20914552596285,-247.73010701603,3,2,"normal",185
"2586",-9.417284,0.204097518872023,0,200,0.0256779531753564,-1.356771932723,9.10793057691506,-2.91625374403632,-1.356771932723,2.20914552596285,-247.73010701603,3,2,"normal",186
"2587",3.05947,0.676560518529301,1,200,0.0256779531753564,-1.356771932723,9.10793057691506,-2.91625374403632,-1.356771932723,2.20914552596285,-247.73010701603,3,2,"normal",187
"2588",-9.28941,0.207711514563446,0,200,0.0256779531753564,-1.356771932723,9.10793057691506,-2.91625374403632,-1.356771932723,2.20914552596285,-247.73010701603,3,2,"normal",188
"2589",1.90469,0.632679397806539,0,200,0.0256779531753564,-1.356771932723,9.10793057691506,-2.91625374403632,-1.356771932723,2.20914552596285,-247.73010701603,3,2,"normal",189
"2590",1.30086,0.608883107565864,0,200,0.0256779531753564,-1.356771932723,9.10793057691506,-2.91625374403632,-1.356771932723,2.20914552596285,-247.73010701603,3,2,"normal",190
"2591",-5.71053,0.325751693989324,0,200,0.0256779531753564,-1.356771932723,9.10793057691506,-2.91625374403632,-1.356771932723,2.20914552596285,-247.73010701603,3,2,"normal",191
"2592",-10.53758,0.174355964129509,0,200,0.0256779531753564,-1.356771932723,9.10793057691506,-2.91625374403632,-1.356771932723,2.20914552596285,-247.73010701603,3,2,"normal",192
"2593",-10.29651,0.180463358560379,0,200,0.0256779531753564,-1.356771932723,9.10793057691506,-2.91625374403632,-1.356771932723,2.20914552596285,-247.73010701603,3,2,"normal",193
"2594",2.76303,0.665524002448769,1,200,0.0256779531753564,-1.356771932723,9.10793057691506,-2.91625374403632,-1.356771932723,2.20914552596285,-247.73010701603,3,2,"normal",194
"2595",-9.3138,0.207018763619116,0,200,0.0256779531753564,-1.356771932723,9.10793057691506,-2.91625374403632,-1.356771932723,2.20914552596285,-247.73010701603,3,2,"normal",195
"2596",-6.846897,0.284966879791512,0,200,0.0256779531753564,-1.356771932723,9.10793057691506,-2.91625374403632,-1.356771932723,2.20914552596285,-247.73010701603,3,2,"normal",196
"2597",5.56879,0.762289353020283,1,200,0.0256779531753564,-1.356771932723,9.10793057691506,-2.91625374403632,-1.356771932723,2.20914552596285,-247.73010701603,3,2,"normal",197
"2598",-8.74317,0.223647688900726,0,200,0.0256779531753564,-1.356771932723,9.10793057691506,-2.91625374403632,-1.356771932723,2.20914552596285,-247.73010701603,3,2,"normal",198
"2599",-10.88414,0.165857702048962,0,200,0.0256779531753564,-1.356771932723,9.10793057691506,-2.91625374403632,-1.356771932723,2.20914552596285,-247.73010701603,3,2,"normal",199
"2600",-6.84319,0.285095340135692,0,200,0.0256779531753564,-1.356771932723,9.10793057691506,-2.91625374403632,-1.356771932723,2.20914552596285,-247.73010701603,3,2,"normal",200
"2601",6.97700547368,0.00492749136401834,0,200,0.00492749131039659,18.9219510004578,1.85053194717414,-4.60987423749056,18.9219510004578,0.615473136771865,-799.400905532039,4,2,"normal",1
"2602",8.9550006765,0.00492752697846692,0,200,0.00492749131039659,18.9219510004578,1.85053194717414,-4.60987423749056,18.9219510004578,0.615473136771865,-799.400905532039,4,2,"normal",2
"2603",17.8978316526,0.292057962897703,1,200,0.00492749131039659,18.9219510004578,1.85053194717414,-4.60987423749056,18.9219510004578,0.615473136771865,-799.400905532039,4,2,"normal",3
"2604",13.2243071169,0.0059560090570056,0,200,0.00492749131039659,18.9219510004578,1.85053194717414,-4.60987423749056,18.9219510004578,0.615473136771865,-799.400905532039,4,2,"normal",4
"2605",30.06435,0.995072507832422,1,200,0.00492749131039659,18.9219510004578,1.85053194717414,-4.60987423749056,18.9219510004578,0.615473136771865,-799.400905532039,4,2,"normal",5
"2606",18.323,0.374346762208446,0,200,0.00492749131039659,18.9219510004578,1.85053194717414,-4.60987423749056,18.9219510004578,0.615473136771865,-799.400905532039,4,2,"normal",6
"2607",30.96598,0.995072508652004,1,200,0.00492749131039659,18.9219510004578,1.85053194717414,-4.60987423749056,18.9219510004578,0.615473136771865,-799.400905532039,4,2,"normal",7
"2608",18.19707571,0.349137115913455,0,200,0.00492749131039659,18.9219510004578,1.85053194717414,-4.60987423749056,18.9219510004578,0.615473136771865,-799.400905532039,4,2,"normal",8
"2609",22.51366,0.969195241308906,1,200,0.00492749131039659,18.9219510004578,1.85053194717414,-4.60987423749056,18.9219510004578,0.615473136771865,-799.400905532039,4,2,"normal",9
"2610",10.72986,0.00493222439845477,0,200,0.00492749131039659,18.9219510004578,1.85053194717414,-4.60987423749056,18.9219510004578,0.615473136771865,-799.400905532039,4,2,"normal",10
"2611",-9.1424,0.00492749131039659,0,200,0.00492749131039659,18.9219510004578,1.85053194717414,-4.60987423749056,18.9219510004578,0.615473136771865,-799.400905532039,4,2,"normal",11
"2612",18.55397,0.421966142235404,0,200,0.00492749131039659,18.9219510004578,1.85053194717414,-4.60987423749056,18.9219510004578,0.615473136771865,-799.400905532039,4,2,"normal",12
"2613",26.4404,0.995048509818204,1,200,0.00492749131039659,18.9219510004578,1.85053194717414,-4.60987423749056,18.9219510004578,0.615473136771865,-799.400905532039,4,2,"normal",13
"2614",11.5771,0.00496321584312595,0,200,0.00492749131039659,18.9219510004578,1.85053194717414,-4.60987423749056,18.9219510004578,0.615473136771865,-799.400905532039,4,2,"normal",14
"2615",22.56668,0.970868853743435,1,200,0.00492749131039659,18.9219510004578,1.85053194717414,-4.60987423749056,18.9219510004578,0.615473136771865,-799.400905532039,4,2,"normal",15
"2616",18.31783,0.373299976231846,1,200,0.00492749131039659,18.9219510004578,1.85053194717414,-4.60987423749056,18.9219510004578,0.615473136771865,-799.400905532039,4,2,"normal",16
"2617",20.08771,0.733317029399882,1,200,0.00492749131039659,18.9219510004578,1.85053194717414,-4.60987423749056,18.9219510004578,0.615473136771865,-799.400905532039,4,2,"normal",17
"2618",11.85743,0.00499421557863734,0,200,0.00492749131039659,18.9219510004578,1.85053194717414,-4.60987423749056,18.9219510004578,0.615473136771865,-799.400905532039,4,2,"normal",18
"2619",12.34471,0.00511515754728325,0,200,0.00492749131039659,18.9219510004578,1.85053194717414,-4.60987423749056,18.9219510004578,0.615473136771865,-799.400905532039,4,2,"normal",19
"2620",16.69181,0.117878854574355,0,200,0.00492749131039659,18.9219510004578,1.85053194717414,-4.60987423749056,18.9219510004578,0.615473136771865,-799.400905532039,4,2,"normal",20
"2621",16.60868,0.109525722982304,0,200,0.00492749131039659,18.9219510004578,1.85053194717414,-4.60987423749056,18.9219510004578,0.615473136771865,-799.400905532039,4,2,"normal",21
"2622",20.7892,0.840135360054136,1,200,0.00492749131039659,18.9219510004578,1.85053194717414,-4.60987423749056,18.9219510004578,0.615473136771865,-799.400905532039,4,2,"normal",22
"2623",15.58552,0.0402731153783965,1,200,0.00492749131039659,18.9219510004578,1.85053194717414,-4.60987423749056,18.9219510004578,0.615473136771865,-799.400905532039,4,2,"normal",23
"2624",15.96583,0.0594680403246219,0,200,0.00492749131039659,18.9219510004578,1.85053194717414,-4.60987423749056,18.9219510004578,0.615473136771865,-799.400905532039,4,2,"normal",24
"2625",19.82792,0.685931089224915,1,200,0.00492749131039659,18.9219510004578,1.85053194717414,-4.60987423749056,18.9219510004578,0.615473136771865,-799.400905532039,4,2,"normal",25
"2626",15.82415,0.0515284101094872,0,200,0.00492749131039659,18.9219510004578,1.85053194717414,-4.60987423749056,18.9219510004578,0.615473136771865,-799.400905532039,4,2,"normal",26
"2627",19.8269,0.685737925763966,1,200,0.00492749131039659,18.9219510004578,1.85053194717414,-4.60987423749056,18.9219510004578,0.615473136771865,-799.400905532039,4,2,"normal",27
"2628",16.15443,0.0716518229010799,0,200,0.00492749131039659,18.9219510004578,1.85053194717414,-4.60987423749056,18.9219510004578,0.615473136771865,-799.400905532039,4,2,"normal",28
"2629",15.14674,0.0253955482171059,0,200,0.00492749131039659,18.9219510004578,1.85053194717414,-4.60987423749056,18.9219510004578,0.615473136771865,-799.400905532039,4,2,"normal",29
"2630",14.53075,0.0136641039512413,0,200,0.00492749131039659,18.9219510004578,1.85053194717414,-4.60987423749056,18.9219510004578,0.615473136771865,-799.400905532039,4,2,"normal",30
"2631",21.25383,0.892281261062187,1,200,0.00492749131039659,18.9219510004578,1.85053194717414,-4.60987423749056,18.9219510004578,0.615473136771865,-799.400905532039,4,2,"normal",31
"2632",14.22381,0.0104342614535362,0,200,0.00492749131039659,18.9219510004578,1.85053194717414,-4.60987423749056,18.9219510004578,0.615473136771865,-799.400905532039,4,2,"normal",32
"2633",14.65623,0.0154028116596343,0,200,0.00492749131039659,18.9219510004578,1.85053194717414,-4.60987423749056,18.9219510004578,0.615473136771865,-799.400905532039,4,2,"normal",33
"2634",16.97836,0.1502737716994,0,200,0.00492749131039659,18.9219510004578,1.85053194717414,-4.60987423749056,18.9219510004578,0.615473136771865,-799.400905532039,4,2,"normal",34
"2635",20.57667,0.811290404179675,1,200,0.00492749131039659,18.9219510004578,1.85053194717414,-4.60987423749056,18.9219510004578,0.615473136771865,-799.400905532039,4,2,"normal",35
"2636",14.44326,0.012606659376236,0,200,0.00492749131039659,18.9219510004578,1.85053194717414,-4.60987423749056,18.9219510004578,0.615473136771865,-799.400905532039,4,2,"normal",36
"2637",22.29636,0.961293393901861,1,200,0.00492749131039659,18.9219510004578,1.85053194717414,-4.60987423749056,18.9219510004578,0.615473136771865,-799.400905532039,4,2,"normal",37
"2638",19.73908,0.668916531184949,0,200,0.00492749131039659,18.9219510004578,1.85053194717414,-4.60987423749056,18.9219510004578,0.615473136771865,-799.400905532039,4,2,"normal",38
"2639",19.19202,0.557444379890352,1,200,0.00492749131039659,18.9219510004578,1.85053194717414,-4.60987423749056,18.9219510004578,0.615473136771865,-799.400905532039,4,2,"normal",39
"2640",16.12226,0.0694365031524693,0,200,0.00492749131039659,18.9219510004578,1.85053194717414,-4.60987423749056,18.9219510004578,0.615473136771865,-799.400905532039,4,2,"normal",40
"2641",20.53296,0.804968863285352,1,200,0.00492749131039659,18.9219510004578,1.85053194717414,-4.60987423749056,18.9219510004578,0.615473136771865,-799.400905532039,4,2,"normal",41
"2642",20.90484,0.854504600349302,1,200,0.00492749131039659,18.9219510004578,1.85053194717414,-4.60987423749056,18.9219510004578,0.615473136771865,-799.400905532039,4,2,"normal",42
"2643",16.09852,0.067838620634784,0,200,0.00492749131039659,18.9219510004578,1.85053194717414,-4.60987423749056,18.9219510004578,0.615473136771865,-799.400905532039,4,2,"normal",43
"2644",20.7852,0.839621603456393,1,200,0.00492749131039659,18.9219510004578,1.85053194717414,-4.60987423749056,18.9219510004578,0.615473136771865,-799.400905532039,4,2,"normal",44
"2645",17.03178,0.156942141398025,1,200,0.00492749131039659,18.9219510004578,1.85053194717414,-4.60987423749056,18.9219510004578,0.615473136771865,-799.400905532039,4,2,"normal",45
"2646",20.76363,0.836831877575573,0,200,0.00492749131039659,18.9219510004578,1.85053194717414,-4.60987423749056,18.9219510004578,0.615473136771865,-799.400905532039,4,2,"normal",46
"2647",16.82889,0.132671158141606,0,200,0.00492749131039659,18.9219510004578,1.85053194717414,-4.60987423749056,18.9219510004578,0.615473136771865,-799.400905532039,4,2,"normal",47
"2648",17.515,0.226263521892015,0,200,0.00492749131039659,18.9219510004578,1.85053194717414,-4.60987423749056,18.9219510004578,0.615473136771865,-799.400905532039,4,2,"normal",48
"2649",18.60914,0.433544644674352,0,200,0.00492749131039659,18.9219510004578,1.85053194717414,-4.60987423749056,18.9219510004578,0.615473136771865,-799.400905532039,4,2,"normal",49
"2650",16.09037,0.067297222492025,0,200,0.00492749131039659,18.9219510004578,1.85053194717414,-4.60987423749056,18.9219510004578,0.615473136771865,-799.400905532039,4,2,"normal",50
"2651",18.24186,0.358031931200028,1,200,0.00492749131039659,18.9219510004578,1.85053194717414,-4.60987423749056,18.9219510004578,0.615473136771865,-799.400905532039,4,2,"normal",51
"2652",19.96345,0.711116809604882,1,200,0.00492749131039659,18.9219510004578,1.85053194717414,-4.60987423749056,18.9219510004578,0.615473136771865,-799.400905532039,4,2,"normal",52
"2653",17.26269,0.188060276058121,1,200,0.00492749131039659,18.9219510004578,1.85053194717414,-4.60987423749056,18.9219510004578,0.615473136771865,-799.400905532039,4,2,"normal",53
"2654",12.17451,0.0050592446055736,0,200,0.00492749131039659,18.9219510004578,1.85053194717414,-4.60987423749056,18.9219510004578,0.615473136771865,-799.400905532039,4,2,"normal",54
"2655",17.07837,0.162920821189562,1,200,0.00492749131039659,18.9219510004578,1.85053194717414,-4.60987423749056,18.9219510004578,0.615473136771865,-799.400905532039,4,2,"normal",55
"2656",17.06736,0.161494256160679,0,200,0.00492749131039659,18.9219510004578,1.85053194717414,-4.60987423749056,18.9219510004578,0.615473136771865,-799.400905532039,4,2,"normal",56
"2657",21.77116,0.933861372286686,1,200,0.00492749131039659,18.9219510004578,1.85053194717414,-4.60987423749056,18.9219510004578,0.615473136771865,-799.400905532039,4,2,"normal",57
"2658",14.88513,0.0193593618697323,0,200,0.00492749131039659,18.9219510004578,1.85053194717414,-4.60987423749056,18.9219510004578,0.615473136771865,-799.400905532039,4,2,"normal",58
"2659",20.04385,0.725582892748769,0,200,0.00492749131039659,18.9219510004578,1.85053194717414,-4.60987423749056,18.9219510004578,0.615473136771865,-799.400905532039,4,2,"normal",59
"2660",15.70221,0.0454623126555956,0,200,0.00492749131039659,18.9219510004578,1.85053194717414,-4.60987423749056,18.9219510004578,0.615473136771865,-799.400905532039,4,2,"normal",60
"2661",21.12935,0.879755356072757,1,200,0.00492749131039659,18.9219510004578,1.85053194717414,-4.60987423749056,18.9219510004578,0.615473136771865,-799.400905532039,4,2,"normal",61
"2662",16.32697,0.0845494574314313,0,200,0.00492749131039659,18.9219510004578,1.85053194717414,-4.60987423749056,18.9219510004578,0.615473136771865,-799.400905532039,4,2,"normal",62
"2663",16.3663,0.0877372457555621,0,200,0.00492749131039659,18.9219510004578,1.85053194717414,-4.60987423749056,18.9219510004578,0.615473136771865,-799.400905532039,4,2,"normal",63
"2664",20.98593,0.864025231338605,1,200,0.00492749131039659,18.9219510004578,1.85053194717414,-4.60987423749056,18.9219510004578,0.615473136771865,-799.400905532039,4,2,"normal",64
"2665",22.4549,0.967228476896202,1,200,0.00492749131039659,18.9219510004578,1.85053194717414,-4.60987423749056,18.9219510004578,0.615473136771865,-799.400905532039,4,2,"normal",65
"2666",16.1707,0.0727943872182003,0,200,0.00492749131039659,18.9219510004578,1.85053194717414,-4.60987423749056,18.9219510004578,0.615473136771865,-799.400905532039,4,2,"normal",66
"2667",20.49224,0.798961570488854,1,200,0.00492749131039659,18.9219510004578,1.85053194717414,-4.60987423749056,18.9219510004578,0.615473136771865,-799.400905532039,4,2,"normal",67
"2668",19.70083,0.661476804693996,0,200,0.00492749131039659,18.9219510004578,1.85053194717414,-4.60987423749056,18.9219510004578,0.615473136771865,-799.400905532039,4,2,"normal",68
"2669",15.15689,0.0256674850261126,0,200,0.00492749131039659,18.9219510004578,1.85053194717414,-4.60987423749056,18.9219510004578,0.615473136771865,-799.400905532039,4,2,"normal",69
"2670",19.78088,0.676969360724685,1,200,0.00492749131039659,18.9219510004578,1.85053194717414,-4.60987423749056,18.9219510004578,0.615473136771865,-799.400905532039,4,2,"normal",70
"2671",20.10441,0.736231867806849,1,200,0.00492749131039659,18.9219510004578,1.85053194717414,-4.60987423749056,18.9219510004578,0.615473136771865,-799.400905532039,4,2,"normal",71
"2672",15.48962,0.0364277394111159,0,200,0.00492749131039659,18.9219510004578,1.85053194717414,-4.60987423749056,18.9219510004578,0.615473136771865,-799.400905532039,4,2,"normal",72
"2673",20.4756,0.796474090405143,1,200,0.00492749131039659,18.9219510004578,1.85053194717414,-4.60987423749056,18.9219510004578,0.615473136771865,-799.400905532039,4,2,"normal",73
"2674",15.44853,0.0348893429090378,0,200,0.00492749131039659,18.9219510004578,1.85053194717414,-4.60987423749056,18.9219510004578,0.615473136771865,-799.400905532039,4,2,"normal",74
"2675",15.98452,0.0605908343698336,0,200,0.00492749131039659,18.9219510004578,1.85053194717414,-4.60987423749056,18.9219510004578,0.615473136771865,-799.400905532039,4,2,"normal",75
"2676",17.34908,0.200654144550434,0,200,0.00492749131039659,18.9219510004578,1.85053194717414,-4.60987423749056,18.9219510004578,0.615473136771865,-799.400905532039,4,2,"normal",76
"2677",20.62483,0.818102529148181,1,200,0.00492749131039659,18.9219510004578,1.85053194717414,-4.60987423749056,18.9219510004578,0.615473136771865,-799.400905532039,4,2,"normal",77
"2678",16.6701,0.115652871968308,0,200,0.00492749131039659,18.9219510004578,1.85053194717414,-4.60987423749056,18.9219510004578,0.615473136771865,-799.400905532039,4,2,"normal",78
"2679",17.48945,0.222200116172827,0,200,0.00492749131039659,18.9219510004578,1.85053194717414,-4.60987423749056,18.9219510004578,0.615473136771865,-799.400905532039,4,2,"normal",79
"2680",19.24254,0.568091493057462,1,200,0.00492749131039659,18.9219510004578,1.85053194717414,-4.60987423749056,18.9219510004578,0.615473136771865,-799.400905532039,4,2,"normal",80
"2681",16.86487,0.136766920111262,0,200,0.00492749131039659,18.9219510004578,1.85053194717414,-4.60987423749056,18.9219510004578,0.615473136771865,-799.400905532039,4,2,"normal",81
"2682",20.33934,0.775401709394093,1,200,0.00492749131039659,18.9219510004578,1.85053194717414,-4.60987423749056,18.9219510004578,0.615473136771865,-799.400905532039,4,2,"normal",82
"2683",17.41109,0.210008606550481,0,200,0.00492749131039659,18.9219510004578,1.85053194717414,-4.60987423749056,18.9219510004578,0.615473136771865,-799.400905532039,4,2,"normal",83
"2684",16.04226,0.0641749291521492,1,200,0.00492749131039659,18.9219510004578,1.85053194717414,-4.60987423749056,18.9219510004578,0.615473136771865,-799.400905532039,4,2,"normal",84
"2685",19.55066,0.631665246203366,1,200,0.00492749131039659,18.9219510004578,1.85053194717414,-4.60987423749056,18.9219510004578,0.615473136771865,-799.400905532039,4,2,"normal",85
"2686",21.00386,0.866068906996006,1,200,0.00492749131039659,18.9219510004578,1.85053194717414,-4.60987423749056,18.9219510004578,0.615473136771865,-799.400905532039,4,2,"normal",86
"2687",19.9093,0.701170843966131,0,200,0.00492749131039659,18.9219510004578,1.85053194717414,-4.60987423749056,18.9219510004578,0.615473136771865,-799.400905532039,4,2,"normal",87
"2688",16.6343,0.112051048127706,0,200,0.00492749131039659,18.9219510004578,1.85053194717414,-4.60987423749056,18.9219510004578,0.615473136771865,-799.400905532039,4,2,"normal",88
"2689",19.73218,0.667579385387159,1,200,0.00492749131039659,18.9219510004578,1.85053194717414,-4.60987423749056,18.9219510004578,0.615473136771865,-799.400905532039,4,2,"normal",89
"2690",16.66673,0.115310169837548,0,200,0.00492749131039659,18.9219510004578,1.85053194717414,-4.60987423749056,18.9219510004578,0.615473136771865,-799.400905532039,4,2,"normal",90
"2691",20.35904,0.778524981301206,1,200,0.00492749131039659,18.9219510004578,1.85053194717414,-4.60987423749056,18.9219510004578,0.615473136771865,-799.400905532039,4,2,"normal",91
"2692",15.85053,0.0529320440278793,0,200,0.00492749131039659,18.9219510004578,1.85053194717414,-4.60987423749056,18.9219510004578,0.615473136771865,-799.400905532039,4,2,"normal",92
"2693",16.5862,0.107345600215495,1,200,0.00492749131039659,18.9219510004578,1.85053194717414,-4.60987423749056,18.9219510004578,0.615473136771865,-799.400905532039,4,2,"normal",93
"2694",16.01041,0.0621761797002348,0,200,0.00492749131039659,18.9219510004578,1.85053194717414,-4.60987423749056,18.9219510004578,0.615473136771865,-799.400905532039,4,2,"normal",94
"2695",16.17142,0.0728452959320123,0,200,0.00492749131039659,18.9219510004578,1.85053194717414,-4.60987423749056,18.9219510004578,0.615473136771865,-799.400905532039,4,2,"normal",95
"2696",16.49905,0.0992055537121047,0,200,0.00492749131039659,18.9219510004578,1.85053194717414,-4.60987423749056,18.9219510004578,0.615473136771865,-799.400905532039,4,2,"normal",96
"2697",16.9,0.140852257446264,0,200,0.00492749131039659,18.9219510004578,1.85053194717414,-4.60987423749056,18.9219510004578,0.615473136771865,-799.400905532039,4,2,"normal",97
"2698",20.55087,0.807575019048219,0,200,0.00492749131039659,18.9219510004578,1.85053194717414,-4.60987423749056,18.9219510004578,0.615473136771865,-799.400905532039,4,2,"normal",98
"2699",16.53926,0.102900058667261,0,200,0.00492749131039659,18.9219510004578,1.85053194717414,-4.60987423749056,18.9219510004578,0.615473136771865,-799.400905532039,4,2,"normal",99
"2700",16.59926,0.108608116254803,0,200,0.00492749131039659,18.9219510004578,1.85053194717414,-4.60987423749056,18.9219510004578,0.615473136771865,-799.400905532039,4,2,"normal",100
"2701",19.57583,0.63672482637782,1,200,0.00492749131039659,18.9219510004578,1.85053194717414,-4.60987423749056,18.9219510004578,0.615473136771865,-799.400905532039,4,2,"normal",101
"2702",17.05591,0.160019676345191,0,200,0.00492749131039659,18.9219510004578,1.85053194717414,-4.60987423749056,18.9219510004578,0.615473136771865,-799.400905532039,4,2,"normal",102
"2703",20.48345,0.797649923434673,1,200,0.00492749131039659,18.9219510004578,1.85053194717414,-4.60987423749056,18.9219510004578,0.615473136771865,-799.400905532039,4,2,"normal",103
"2704",16.67547,0.116200529354539,1,200,0.00492749131039659,18.9219510004578,1.85053194717414,-4.60987423749056,18.9219510004578,0.615473136771865,-799.400905532039,4,2,"normal",104
"2705",19.62777,0.647088027025588,1,200,0.00492749131039659,18.9219510004578,1.85053194717414,-4.60987423749056,18.9219510004578,0.615473136771865,-799.400905532039,4,2,"normal",105
"2706",15.62509,0.041968125419014,0,200,0.00492749131039659,18.9219510004578,1.85053194717414,-4.60987423749056,18.9219510004578,0.615473136771865,-799.400905532039,4,2,"normal",106
"2707",19.9701,0.712327160369113,1,200,0.00492749131039659,18.9219510004578,1.85053194717414,-4.60987423749056,18.9219510004578,0.615473136771865,-799.400905532039,4,2,"normal",107
"2708",16.79653,0.129063580757582,0,200,0.00492749131039659,18.9219510004578,1.85053194717414,-4.60987423749056,18.9219510004578,0.615473136771865,-799.400905532039,4,2,"normal",108
"2709",16.34731,0.0861862893209431,0,200,0.00492749131039659,18.9219510004578,1.85053194717414,-4.60987423749056,18.9219510004578,0.615473136771865,-799.400905532039,4,2,"normal",109
"2710",16.64489,0.113107607348204,0,200,0.00492749131039659,18.9219510004578,1.85053194717414,-4.60987423749056,18.9219510004578,0.615473136771865,-799.400905532039,4,2,"normal",110
"2711",16.46136,0.0958366951172703,1,200,0.00492749131039659,18.9219510004578,1.85053194717414,-4.60987423749056,18.9219510004578,0.615473136771865,-799.400905532039,4,2,"normal",111
"2712",15.98665,0.06071994175506,0,200,0.00492749131039659,18.9219510004578,1.85053194717414,-4.60987423749056,18.9219510004578,0.615473136771865,-799.400905532039,4,2,"normal",112
"2713",21.02132,0.868037718739478,1,200,0.00492749131039659,18.9219510004578,1.85053194717414,-4.60987423749056,18.9219510004578,0.615473136771865,-799.400905532039,4,2,"normal",113
"2714",20.70697,0.829348811196553,1,200,0.00492749131039659,18.9219510004578,1.85053194717414,-4.60987423749056,18.9219510004578,0.615473136771865,-799.400905532039,4,2,"normal",114
"2715",16.23915,0.0777672156295321,0,200,0.00492749131039659,18.9219510004578,1.85053194717414,-4.60987423749056,18.9219510004578,0.615473136771865,-799.400905532039,4,2,"normal",115
"2716",19.77877,0.676564851986272,1,200,0.00492749131039659,18.9219510004578,1.85053194717414,-4.60987423749056,18.9219510004578,0.615473136771865,-799.400905532039,4,2,"normal",116
"2717",21.17211,0.88417477837663,1,200,0.00492749131039659,18.9219510004578,1.85053194717414,-4.60987423749056,18.9219510004578,0.615473136771865,-799.400905532039,4,2,"normal",117
"2718",16.15383,0.0716099737819015,0,200,0.00492749131039659,18.9219510004578,1.85053194717414,-4.60987423749056,18.9219510004578,0.615473136771865,-799.400905532039,4,2,"normal",118
"2719",20.12447,0.739710995299045,0,200,0.00492749131039659,18.9219510004578,1.85053194717414,-4.60987423749056,18.9219510004578,0.615473136771865,-799.400905532039,4,2,"normal",119
"2720",20.63989,0.820199680365658,0,200,0.00492749131039659,18.9219510004578,1.85053194717414,-4.60987423749056,18.9219510004578,0.615473136771865,-799.400905532039,4,2,"normal",120
"2721",20.74884,0.83490022228262,1,200,0.00492749131039659,18.9219510004578,1.85053194717414,-4.60987423749056,18.9219510004578,0.615473136771865,-799.400905532039,4,2,"normal",121
"2722",16.31897,0.0839125393324285,0,200,0.00492749131039659,18.9219510004578,1.85053194717414,-4.60987423749056,18.9219510004578,0.615473136771865,-799.400905532039,4,2,"normal",122
"2723",19.95236,0.709092899594735,1,200,0.00492749131039659,18.9219510004578,1.85053194717414,-4.60987423749056,18.9219510004578,0.615473136771865,-799.400905532039,4,2,"normal",123
"2724",15.77833,0.0491687831815481,0,200,0.00492749131039659,18.9219510004578,1.85053194717414,-4.60987423749056,18.9219510004578,0.615473136771865,-799.400905532039,4,2,"normal",124
"2725",16.88829,0.13948097931373,0,200,0.00492749131039659,18.9219510004578,1.85053194717414,-4.60987423749056,18.9219510004578,0.615473136771865,-799.400905532039,4,2,"normal",125
"2726",16.6625,0.114881087785275,0,200,0.00492749131039659,18.9219510004578,1.85053194717414,-4.60987423749056,18.9219510004578,0.615473136771865,-799.400905532039,4,2,"normal",126
"2727",20.45653,0.793600178112243,1,200,0.00492749131039659,18.9219510004578,1.85053194717414,-4.60987423749056,18.9219510004578,0.615473136771865,-799.400905532039,4,2,"normal",127
"2728",17.06061,0.160623852629763,1,200,0.00492749131039659,18.9219510004578,1.85053194717414,-4.60987423749056,18.9219510004578,0.615473136771865,-799.400905532039,4,2,"normal",128
"2729",20.35475,0.777847022577015,1,200,0.00492749131039659,18.9219510004578,1.85053194717414,-4.60987423749056,18.9219510004578,0.615473136771865,-799.400905532039,4,2,"normal",129
"2730",20.56282,0.809301618043095,1,200,0.00492749131039659,18.9219510004578,1.85053194717414,-4.60987423749056,18.9219510004578,0.615473136771865,-799.400905532039,4,2,"normal",130
"2731",16.51436,0.100599958057372,0,200,0.00492749131039659,18.9219510004578,1.85053194717414,-4.60987423749056,18.9219510004578,0.615473136771865,-799.400905532039,4,2,"normal",131
"2732",20.5826,0.812137866140135,0,200,0.00492749131039659,18.9219510004578,1.85053194717414,-4.60987423749056,18.9219510004578,0.615473136771865,-799.400905532039,4,2,"normal",132
"2733",19.98594,0.715200229010356,1,200,0.00492749131039659,18.9219510004578,1.85053194717414,-4.60987423749056,18.9219510004578,0.615473136771865,-799.400905532039,4,2,"normal",133
"2734",21.36813,0.90288579750051,1,200,0.00492749131039659,18.9219510004578,1.85053194717414,-4.60987423749056,18.9219510004578,0.615473136771865,-799.400905532039,4,2,"normal",134
"2735",16.31147,0.0833189356583989,0,200,0.00492749131039659,18.9219510004578,1.85053194717414,-4.60987423749056,18.9219510004578,0.615473136771865,-799.400905532039,4,2,"normal",135
"2736",20.32159,0.772565690495228,1,200,0.00492749131039659,18.9219510004578,1.85053194717414,-4.60987423749056,18.9219510004578,0.615473136771865,-799.400905532039,4,2,"normal",136
"2737",21.4987,0.913984517229075,1,200,0.00492749131039659,18.9219510004578,1.85053194717414,-4.60987423749056,18.9219510004578,0.615473136771865,-799.400905532039,4,2,"normal",137
"2738",19.92168,0.703458752204224,1,200,0.00492749131039659,18.9219510004578,1.85053194717414,-4.60987423749056,18.9219510004578,0.615473136771865,-799.400905532039,4,2,"normal",138
"2739",16.19075,0.0742230918453271,0,200,0.00492749131039659,18.9219510004578,1.85053194717414,-4.60987423749056,18.9219510004578,0.615473136771865,-799.400905532039,4,2,"normal",139
"2740",15.32304,0.0305718927051336,0,200,0.00492749131039659,18.9219510004578,1.85053194717414,-4.60987423749056,18.9219510004578,0.615473136771865,-799.400905532039,4,2,"normal",140
"2741",20.30516,0.769922170140187,1,200,0.00492749131039659,18.9219510004578,1.85053194717414,-4.60987423749056,18.9219510004578,0.615473136771865,-799.400905532039,4,2,"normal",141
"2742",19.68921,0.659203689472354,1,200,0.00492749131039659,18.9219510004578,1.85053194717414,-4.60987423749056,18.9219510004578,0.615473136771865,-799.400905532039,4,2,"normal",142
"2743",20.26337,0.76311922563882,1,200,0.00492749131039659,18.9219510004578,1.85053194717414,-4.60987423749056,18.9219510004578,0.615473136771865,-799.400905532039,4,2,"normal",143
"2744",16.06509,0.0656409611908613,0,200,0.00492749131039659,18.9219510004578,1.85053194717414,-4.60987423749056,18.9219510004578,0.615473136771865,-799.400905532039,4,2,"normal",144
"2745",19.99456,0.716757812207305,1,200,0.00492749131039659,18.9219510004578,1.85053194717414,-4.60987423749056,18.9219510004578,0.615473136771865,-799.400905532039,4,2,"normal",145
"2746",16.30498,0.0828080021622492,0,200,0.00492749131039659,18.9219510004578,1.85053194717414,-4.60987423749056,18.9219510004578,0.615473136771865,-799.400905532039,4,2,"normal",146
"2747",16.75209,0.124226116074974,0,200,0.00492749131039659,18.9219510004578,1.85053194717414,-4.60987423749056,18.9219510004578,0.615473136771865,-799.400905532039,4,2,"normal",147
"2748",20.14563,0.743354431196212,0,200,0.00492749131039659,18.9219510004578,1.85053194717414,-4.60987423749056,18.9219510004578,0.615473136771865,-799.400905532039,4,2,"normal",148
"2749",16.48558,0.0979911583171854,0,200,0.00492749131039659,18.9219510004578,1.85053194717414,-4.60987423749056,18.9219510004578,0.615473136771865,-799.400905532039,4,2,"normal",149
"2750",17.27984,0.190519496393868,0,200,0.00492749131039659,18.9219510004578,1.85053194717414,-4.60987423749056,18.9219510004578,0.615473136771865,-799.400905532039,4,2,"normal",150
"2751",20.49827,0.799858318593541,1,200,0.00492749131039659,18.9219510004578,1.85053194717414,-4.60987423749056,18.9219510004578,0.615473136771865,-799.400905532039,4,2,"normal",151
"2752",20.14613,0.743440192866036,1,200,0.00492749131039659,18.9219510004578,1.85053194717414,-4.60987423749056,18.9219510004578,0.615473136771865,-799.400905532039,4,2,"normal",152
"2753",19.67337,0.656095523939489,1,200,0.00492749131039659,18.9219510004578,1.85053194717414,-4.60987423749056,18.9219510004578,0.615473136771865,-799.400905532039,4,2,"normal",153
"2754",20.28742,0.767048116131329,1,200,0.00492749131039659,18.9219510004578,1.85053194717414,-4.60987423749056,18.9219510004578,0.615473136771865,-799.400905532039,4,2,"normal",154
"2755",19.82102,0.684623381271181,1,200,0.00492749131039659,18.9219510004578,1.85053194717414,-4.60987423749056,18.9219510004578,0.615473136771865,-799.400905532039,4,2,"normal",155
"2756",19.85749,0.691508099969179,1,200,0.00492749131039659,18.9219510004578,1.85053194717414,-4.60987423749056,18.9219510004578,0.615473136771865,-799.400905532039,4,2,"normal",156
"2757",17.25013,0.186272144973818,0,200,0.00492749131039659,18.9219510004578,1.85053194717414,-4.60987423749056,18.9219510004578,0.615473136771865,-799.400905532039,4,2,"normal",157
"2758",19.85637,0.691297674766936,1,200,0.00492749131039659,18.9219510004578,1.85053194717414,-4.60987423749056,18.9219510004578,0.615473136771865,-799.400905532039,4,2,"normal",158
"2759",19.67079,0.655588239796054,0,200,0.00492749131039659,18.9219510004578,1.85053194717414,-4.60987423749056,18.9219510004578,0.615473136771865,-799.400905532039,4,2,"normal",159
"2760",20.05907,0.728279561841819,0,200,0.00492749131039659,18.9219510004578,1.85053194717414,-4.60987423749056,18.9219510004578,0.615473136771865,-799.400905532039,4,2,"normal",160
"2761",16.60329,0.108999964411924,0,200,0.00492749131039659,18.9219510004578,1.85053194717414,-4.60987423749056,18.9219510004578,0.615473136771865,-799.400905532039,4,2,"normal",161
"2762",16.98333,0.150885762310076,0,200,0.00492749131039659,18.9219510004578,1.85053194717414,-4.60987423749056,18.9219510004578,0.615473136771865,-799.400905532039,4,2,"normal",162
"2763",16.82483,0.132214591772283,0,200,0.00492749131039659,18.9219510004578,1.85053194717414,-4.60987423749056,18.9219510004578,0.615473136771865,-799.400905532039,4,2,"normal",163
"2764",17.20866,0.180445884647276,0,200,0.00492749131039659,18.9219510004578,1.85053194717414,-4.60987423749056,18.9219510004578,0.615473136771865,-799.400905532039,4,2,"normal",164
"2765",19.85991,0.691962548812252,1,200,0.00492749131039659,18.9219510004578,1.85053194717414,-4.60987423749056,18.9219510004578,0.615473136771865,-799.400905532039,4,2,"normal",165
"2766",17.07255,0.162165667502164,0,200,0.00492749131039659,18.9219510004578,1.85053194717414,-4.60987423749056,18.9219510004578,0.615473136771865,-799.400905532039,4,2,"normal",166
"2767",16.91563,0.142697406132623,0,200,0.00492749131039659,18.9219510004578,1.85053194717414,-4.60987423749056,18.9219510004578,0.615473136771865,-799.400905532039,4,2,"normal",167
"2768",16.67463,0.116114734819416,0,200,0.00492749131039659,18.9219510004578,1.85053194717414,-4.60987423749056,18.9219510004578,0.615473136771865,-799.400905532039,4,2,"normal",168
"2769",16.95697,0.147659541390572,0,200,0.00492749131039659,18.9219510004578,1.85053194717414,-4.60987423749056,18.9219510004578,0.615473136771865,-799.400905532039,4,2,"normal",169
"2770",20.54599,0.806867099664766,1,200,0.00492749131039659,18.9219510004578,1.85053194717414,-4.60987423749056,18.9219510004578,0.615473136771865,-799.400905532039,4,2,"normal",170
"2771",20.19514,0.751771625497865,1,200,0.00492749131039659,18.9219510004578,1.85053194717414,-4.60987423749056,18.9219510004578,0.615473136771865,-799.400905532039,4,2,"normal",171
"2772",20.34128,0.775710417785958,1,200,0.00492749131039659,18.9219510004578,1.85053194717414,-4.60987423749056,18.9219510004578,0.615473136771865,-799.400905532039,4,2,"normal",172
"2773",17.0018,0.153175215914698,0,200,0.00492749131039659,18.9219510004578,1.85053194717414,-4.60987423749056,18.9219510004578,0.615473136771865,-799.400905532039,4,2,"normal",173
"2774",16.54462,0.103400428879354,0,200,0.00492749131039659,18.9219510004578,1.85053194717414,-4.60987423749056,18.9219510004578,0.615473136771865,-799.400905532039,4,2,"normal",174
"2775",17.09907,0.165625879693593,0,200,0.00492749131039659,18.9219510004578,1.85053194717414,-4.60987423749056,18.9219510004578,0.615473136771865,-799.400905532039,4,2,"normal",175
"2776",16.79758,0.129179509626187,0,200,0.00492749131039659,18.9219510004578,1.85053194717414,-4.60987423749056,18.9219510004578,0.615473136771865,-799.400905532039,4,2,"normal",176
"2777",20.25013,0.760940401967495,1,200,0.00492749131039659,18.9219510004578,1.85053194717414,-4.60987423749056,18.9219510004578,0.615473136771865,-799.400905532039,4,2,"normal",177
"2778",16.90562,0.14151375533156,0,200,0.00492749131039659,18.9219510004578,1.85053194717414,-4.60987423749056,18.9219510004578,0.615473136771865,-799.400905532039,4,2,"normal",178
"2779",20.15914,0.745666313108406,1,200,0.00492749131039659,18.9219510004578,1.85053194717414,-4.60987423749056,18.9219510004578,0.615473136771865,-799.400905532039,4,2,"normal",179
"2780",16.80112,0.12957091222533,0,200,0.00492749131039659,18.9219510004578,1.85053194717414,-4.60987423749056,18.9219510004578,0.615473136771865,-799.400905532039,4,2,"normal",180
"2781",17.05418,0.159797677159849,0,200,0.00492749131039659,18.9219510004578,1.85053194717414,-4.60987423749056,18.9219510004578,0.615473136771865,-799.400905532039,4,2,"normal",181
"2782",20.20448,0.753342402106903,1,200,0.00492749131039659,18.9219510004578,1.85053194717414,-4.60987423749056,18.9219510004578,0.615473136771865,-799.400905532039,4,2,"normal",182
"2783",16.99502,0.152332031568565,0,200,0.00492749131039659,18.9219510004578,1.85053194717414,-4.60987423749056,18.9219510004578,0.615473136771865,-799.400905532039,4,2,"normal",183
"2784",19.5583,0.633203525802203,1,200,0.00492749131039659,18.9219510004578,1.85053194717414,-4.60987423749056,18.9219510004578,0.615473136771865,-799.400905532039,4,2,"normal",184
"2785",19.75046,0.671117040041113,1,200,0.00492749131039659,18.9219510004578,1.85053194717414,-4.60987423749056,18.9219510004578,0.615473136771865,-799.400905532039,4,2,"normal",185
"2786",16.82689,0.132446106872182,1,200,0.00492749131039659,18.9219510004578,1.85053194717414,-4.60987423749056,18.9219510004578,0.615473136771865,-799.400905532039,4,2,"normal",186
"2787",19.87751,0.695258536513717,1,200,0.00492749131039659,18.9219510004578,1.85053194717414,-4.60987423749056,18.9219510004578,0.615473136771865,-799.400905532039,4,2,"normal",187
"2788",20.57523,0.811084245378604,0,200,0.00492749131039659,18.9219510004578,1.85053194717414,-4.60987423749056,18.9219510004578,0.615473136771865,-799.400905532039,4,2,"normal",188
"2789",17.22087,0.182148901543968,0,200,0.00492749131039659,18.9219510004578,1.85053194717414,-4.60987423749056,18.9219510004578,0.615473136771865,-799.400905532039,4,2,"normal",189
"2790",17.09427,0.164995950264659,0,200,0.00492749131039659,18.9219510004578,1.85053194717414,-4.60987423749056,18.9219510004578,0.615473136771865,-799.400905532039,4,2,"normal",190
"2791",16.91146,0.142203471154046,0,200,0.00492749131039659,18.9219510004578,1.85053194717414,-4.60987423749056,18.9219510004578,0.615473136771865,-799.400905532039,4,2,"normal",191
"2792",16.34402,0.085919826292938,0,200,0.00492749131039659,18.9219510004578,1.85053194717414,-4.60987423749056,18.9219510004578,0.615473136771865,-799.400905532039,4,2,"normal",192
"2793",16.82834,0.132609241604225,0,200,0.00492749131039659,18.9219510004578,1.85053194717414,-4.60987423749056,18.9219510004578,0.615473136771865,-799.400905532039,4,2,"normal",193
"2794",20.16259,0.746254888467554,1,200,0.00492749131039659,18.9219510004578,1.85053194717414,-4.60987423749056,18.9219510004578,0.615473136771865,-799.400905532039,4,2,"normal",194
"2795",20.69786,0.82812471355698,0,200,0.00492749131039659,18.9219510004578,1.85053194717414,-4.60987423749056,18.9219510004578,0.615473136771865,-799.400905532039,4,2,"normal",195
"2796",17.31427,0.195517838385835,0,200,0.00492749131039659,18.9219510004578,1.85053194717414,-4.60987423749056,18.9219510004578,0.615473136771865,-799.400905532039,4,2,"normal",196
"2797",19.946,0.707929152698296,1,200,0.00492749131039659,18.9219510004578,1.85053194717414,-4.60987423749056,18.9219510004578,0.615473136771865,-799.400905532039,4,2,"normal",197
"2798",16.86342,0.136600132267389,0,200,0.00492749131039659,18.9219510004578,1.85053194717414,-4.60987423749056,18.9219510004578,0.615473136771865,-799.400905532039,4,2,"normal",198
"2799",20.17349,0.748109609377391,1,200,0.00492749131039659,18.9219510004578,1.85053194717414,-4.60987423749056,18.9219510004578,0.615473136771865,-799.400905532039,4,2,"normal",199
"2800",16.56068,0.10491085105721,1,200,0.00492749131039659,18.9219510004578,1.85053194717414,-4.60987423749056,18.9219510004578,0.615473136771865,-799.400905532039,4,2,"normal",200
"2801",-9.252699422,0.75124828013825,1,200,0.0106761150485537,-10.3607885114655,1.59248788239841,-3.82501560378081,-10.3607885114655,0.465297499266258,-1333.24998647059,5,2,"normal",1
"2802",-11.707938863,0.205224349653927,0,200,0.0106761150485537,-10.3607885114655,1.59248788239841,-3.82501560378081,-10.3607885114655,0.465297499266258,-1333.24998647059,5,2,"normal",2
"2803",-2.7693935175,0.989322969983081,1,200,0.0106761150485537,-10.3607885114655,1.59248788239841,-3.82501560378081,-10.3607885114655,0.465297499266258,-1333.24998647059,5,2,"normal",3
"2804",-14.064112339346,0.0204848403738034,0,200,0.0106761150485537,-10.3607885114655,1.59248788239841,-3.82501560378081,-10.3607885114655,0.465297499266258,-1333.24998647059,5,2,"normal",4
"2805",-15.04556,0.0122728610719081,0,200,0.0106761150485537,-10.3607885114655,1.59248788239841,-3.82501560378081,-10.3607885114655,0.465297499266258,-1333.24998647059,5,2,"normal",5
"2806",-7.32877,0.961473234315404,1,200,0.0106761150485537,-10.3607885114655,1.59248788239841,-3.82501560378081,-10.3607885114655,0.465297499266258,-1333.24998647059,5,2,"normal",6
"2807",-10.47533,0.471942509068056,0,200,0.0106761150485537,-10.3607885114655,1.59248788239841,-3.82501560378081,-10.3607885114655,0.465297499266258,-1333.24998647059,5,2,"normal",7
"2808",-10.66583,0.425669009380288,1,200,0.0106761150485537,-10.3607885114655,1.59248788239841,-3.82501560378081,-10.3607885114655,0.465297499266258,-1333.24998647059,5,2,"normal",8
"2809",3.68022,0.989323884951446,1,200,0.0106761150485537,-10.3607885114655,1.59248788239841,-3.82501560378081,-10.3607885114655,0.465297499266258,-1333.24998647059,5,2,"normal",9
"2810",-16.87053,0.0106974260456698,0,200,0.0106761150485537,-10.3607885114655,1.59248788239841,-3.82501560378081,-10.3607885114655,0.465297499266258,-1333.24998647059,5,2,"normal",10
"2811",-11.79053,0.191378640151045,1,200,0.0106761150485537,-10.3607885114655,1.59248788239841,-3.82501560378081,-10.3607885114655,0.465297499266258,-1333.24998647059,5,2,"normal",11
"2812",-9.83256,0.627167611224563,1,200,0.0106761150485537,-10.3607885114655,1.59248788239841,-3.82501560378081,-10.3607885114655,0.465297499266258,-1333.24998647059,5,2,"normal",12
"2813",-17.96236,0.010677001445354,0,200,0.0106761150485537,-10.3607885114655,1.59248788239841,-3.82501560378081,-10.3607885114655,0.465297499266258,-1333.24998647059,5,2,"normal",13
"2814",-25.0408,0.0106761150485537,0,200,0.0106761150485537,-10.3607885114655,1.59248788239841,-3.82501560378081,-10.3607885114655,0.465297499266258,-1333.24998647059,5,2,"normal",14
"2815",-10.16841,0.547050214898321,1,200,0.0106761150485537,-10.3607885114655,1.59248788239841,-3.82501560378081,-10.3607885114655,0.465297499266258,-1333.24998647059,5,2,"normal",15
"2816",-14.37251,0.0164323913885267,0,200,0.0106761150485537,-10.3607885114655,1.59248788239841,-3.82501560378081,-10.3607885114655,0.465297499266258,-1333.24998647059,5,2,"normal",16
"2817",-10.37498,0.496520774780697,1,200,0.0106761150485537,-10.3607885114655,1.59248788239841,-3.82501560378081,-10.3607885114655,0.465297499266258,-1333.24998647059,5,2,"normal",17
"2818",-14.80129,0.0132679779201815,0,200,0.0106761150485537,-10.3607885114655,1.59248788239841,-3.82501560378081,-10.3607885114655,0.465297499266258,-1333.24998647059,5,2,"normal",18
"2819",0.51235,0.989323884947226,1,200,0.0106761150485537,-10.3607885114655,1.59248788239841,-3.82501560378081,-10.3607885114655,0.465297499266258,-1333.24998647059,5,2,"normal",19
"2820",-13.67466,0.0289961137754344,0,200,0.0106761150485537,-10.3607885114655,1.59248788239841,-3.82501560378081,-10.3607885114655,0.465297499266258,-1333.24998647059,5,2,"normal",20
"2821",-9.14016,0.772365564446416,1,200,0.0106761150485537,-10.3607885114655,1.59248788239841,-3.82501560378081,-10.3607885114655,0.465297499266258,-1333.24998647059,5,2,"normal",21
"2822",-12.90032,0.0648837055293533,0,200,0.0106761150485537,-10.3607885114655,1.59248788239841,-3.82501560378081,-10.3607885114655,0.465297499266258,-1333.24998647059,5,2,"normal",22
"2823",-12.16336,0.136758919315769,0,200,0.0106761150485537,-10.3607885114655,1.59248788239841,-3.82501560378081,-10.3607885114655,0.465297499266258,-1333.24998647059,5,2,"normal",23
"2824",-16.925,0.0106944950975022,0,200,0.0106761150485537,-10.3607885114655,1.59248788239841,-3.82501560378081,-10.3607885114655,0.465297499266258,-1333.24998647059,5,2,"normal",24
"2825",-13.05456,0.0550734366474763,0,200,0.0106761150485537,-10.3607885114655,1.59248788239841,-3.82501560378081,-10.3607885114655,0.465297499266258,-1333.24998647059,5,2,"normal",25
"2826",-8.86051,0.819947928642075,1,200,0.0106761150485537,-10.3607885114655,1.59248788239841,-3.82501560378081,-10.3607885114655,0.465297499266258,-1333.24998647059,5,2,"normal",26
"2827",-10.47476,0.472081894502939,0,200,0.0106761150485537,-10.3607885114655,1.59248788239841,-3.82501560378081,-10.3607885114655,0.465297499266258,-1333.24998647059,5,2,"normal",27
"2828",-12.14731,0.138844314879776,0,200,0.0106761150485537,-10.3607885114655,1.59248788239841,-3.82501560378081,-10.3607885114655,0.465297499266258,-1333.24998647059,5,2,"normal",28
"2829",-1.94453,0.989323823432677,1,200,0.0106761150485537,-10.3607885114655,1.59248788239841,-3.82501560378081,-10.3607885114655,0.465297499266258,-1333.24998647059,5,2,"normal",29
"2830",-12.03132,0.154622840225115,1,200,0.0106761150485537,-10.3607885114655,1.59248788239841,-3.82501560378081,-10.3607885114655,0.465297499266258,-1333.24998647059,5,2,"normal",30
"2831",-9.31423,0.73924893072809,1,200,0.0106761150485537,-10.3607885114655,1.59248788239841,-3.82501560378081,-10.3607885114655,0.465297499266258,-1333.24998647059,5,2,"normal",31
"2832",-12.81581,0.070943391365632,0,200,0.0106761150485537,-10.3607885114655,1.59248788239841,-3.82501560378081,-10.3607885114655,0.465297499266258,-1333.24998647059,5,2,"normal",32
"2833",-12.69492,0.0805154875200246,0,200,0.0106761150485537,-10.3607885114655,1.59248788239841,-3.82501560378081,-10.3607885114655,0.465297499266258,-1333.24998647059,5,2,"normal",33
"2834",-10.50025,0.465852430540198,1,200,0.0106761150485537,-10.3607885114655,1.59248788239841,-3.82501560378081,-10.3607885114655,0.465297499266258,-1333.24998647059,5,2,"normal",34
"2835",-9.06248,0.786294867365153,1,200,0.0106761150485537,-10.3607885114655,1.59248788239841,-3.82501560378081,-10.3607885114655,0.465297499266258,-1333.24998647059,5,2,"normal",35
"2836",-12.47572,0.100787941967155,0,200,0.0106761150485537,-10.3607885114655,1.59248788239841,-3.82501560378081,-10.3607885114655,0.465297499266258,-1333.24998647059,5,2,"normal",36
"2837",-13.00845,0.0578438284669784,1,200,0.0106761150485537,-10.3607885114655,1.59248788239841,-3.82501560378081,-10.3607885114655,0.465297499266258,-1333.24998647059,5,2,"normal",37
"2838",-12.71828,0.0785801522965803,0,200,0.0106761150485537,-10.3607885114655,1.59248788239841,-3.82501560378081,-10.3607885114655,0.465297499266258,-1333.24998647059,5,2,"normal",38
"2839",-8.83762,0.823524160031947,1,200,0.0106761150485537,-10.3607885114655,1.59248788239841,-3.82501560378081,-10.3607885114655,0.465297499266258,-1333.24998647059,5,2,"normal",39
"2840",-9.64883,0.668903706392648,1,200,0.0106761150485537,-10.3607885114655,1.59248788239841,-3.82501560378081,-10.3607885114655,0.465297499266258,-1333.24998647059,5,2,"normal",40
"2841",-12.72159,0.0783092986347838,0,200,0.0106761150485537,-10.3607885114655,1.59248788239841,-3.82501560378081,-10.3607885114655,0.465297499266258,-1333.24998647059,5,2,"normal",41
"2842",-13.74871,0.0270115030935534,0,200,0.0106761150485537,-10.3607885114655,1.59248788239841,-3.82501560378081,-10.3607885114655,0.465297499266258,-1333.24998647059,5,2,"normal",42
"2843",-9.49561,0.702124049774038,0,200,0.0106761150485537,-10.3607885114655,1.59248788239841,-3.82501560378081,-10.3607885114655,0.465297499266258,-1333.24998647059,5,2,"normal",43
"2844",-12.66843,0.0827610549903044,0,200,0.0106761150485537,-10.3607885114655,1.59248788239841,-3.82501560378081,-10.3607885114655,0.465297499266258,-1333.24998647059,5,2,"normal",44
"2845",-9.56256,0.687803555108035,1,200,0.0106761150485537,-10.3607885114655,1.59248788239841,-3.82501560378081,-10.3607885114655,0.465297499266258,-1333.24998647059,5,2,"normal",45
"2846",-9.7826,0.638698489185077,0,200,0.0106761150485537,-10.3607885114655,1.59248788239841,-3.82501560378081,-10.3607885114655,0.465297499266258,-1333.24998647059,5,2,"normal",46
"2847",-12.46358,0.102026392756176,0,200,0.0106761150485537,-10.3607885114655,1.59248788239841,-3.82501560378081,-10.3607885114655,0.465297499266258,-1333.24998647059,5,2,"normal",47
"2848",-12.54877,0.0935972176264837,0,200,0.0106761150485537,-10.3607885114655,1.59248788239841,-3.82501560378081,-10.3607885114655,0.465297499266258,-1333.24998647059,5,2,"normal",48
"2849",-9.3679,0.728530195339619,1,200,0.0106761150485537,-10.3607885114655,1.59248788239841,-3.82501560378081,-10.3607885114655,0.465297499266258,-1333.24998647059,5,2,"normal",49
"2850",-8.87932,0.816972639553407,1,200,0.0106761150485537,-10.3607885114655,1.59248788239841,-3.82501560378081,-10.3607885114655,0.465297499266258,-1333.24998647059,5,2,"normal",50
"2851",-6.97361,0.972969536693748,1,200,0.0106761150485537,-10.3607885114655,1.59248788239841,-3.82501560378081,-10.3607885114655,0.465297499266258,-1333.24998647059,5,2,"normal",51
"2852",-10.16643,0.547532078203468,0,200,0.0106761150485537,-10.3607885114655,1.59248788239841,-3.82501560378081,-10.3607885114655,0.465297499266258,-1333.24998647059,5,2,"normal",52
"2853",-11.90651,0.173000019134694,0,200,0.0106761150485537,-10.3607885114655,1.59248788239841,-3.82501560378081,-10.3607885114655,0.465297499266258,-1333.24998647059,5,2,"normal",53
"2854",-8.77267,0.833405654520833,1,200,0.0106761150485537,-10.3607885114655,1.59248788239841,-3.82501560378081,-10.3607885114655,0.465297499266258,-1333.24998647059,5,2,"normal",54
"2855",-9.67566,0.662929298232969,0,200,0.0106761150485537,-10.3607885114655,1.59248788239841,-3.82501560378081,-10.3607885114655,0.465297499266258,-1333.24998647059,5,2,"normal",55
"2856",-12.88623,0.0658591819162642,0,200,0.0106761150485537,-10.3607885114655,1.59248788239841,-3.82501560378081,-10.3607885114655,0.465297499266258,-1333.24998647059,5,2,"normal",56
"2857",-9.40971,0.720021988796817,1,200,0.0106761150485537,-10.3607885114655,1.59248788239841,-3.82501560378081,-10.3607885114655,0.465297499266258,-1333.24998647059,5,2,"normal",57
"2858",-9.17257,0.766396241995323,1,200,0.0106761150485537,-10.3607885114655,1.59248788239841,-3.82501560378081,-10.3607885114655,0.465297499266258,-1333.24998647059,5,2,"normal",58
"2859",-9.4029,0.721417069344481,1,200,0.0106761150485537,-10.3607885114655,1.59248788239841,-3.82501560378081,-10.3607885114655,0.465297499266258,-1333.24998647059,5,2,"normal",59
"2860",-12.78885,0.0729840210695016,0,200,0.0106761150485537,-10.3607885114655,1.59248788239841,-3.82501560378081,-10.3607885114655,0.465297499266258,-1333.24998647059,5,2,"normal",60
"2861",-12.2596,0.124748243296874,1,200,0.0106761150485537,-10.3607885114655,1.59248788239841,-3.82501560378081,-10.3607885114655,0.465297499266258,-1333.24998647059,5,2,"normal",61
"2862",-8.43687,0.878247063376882,1,200,0.0106761150485537,-10.3607885114655,1.59248788239841,-3.82501560378081,-10.3607885114655,0.465297499266258,-1333.24998647059,5,2,"normal",62
"2863",-9.49153,0.702986480827254,1,200,0.0106761150485537,-10.3607885114655,1.59248788239841,-3.82501560378081,-10.3607885114655,0.465297499266258,-1333.24998647059,5,2,"normal",63
"2864",-12.42067,0.106504584682061,0,200,0.0106761150485537,-10.3607885114655,1.59248788239841,-3.82501560378081,-10.3607885114655,0.465297499266258,-1333.24998647059,5,2,"normal",64
"2865",-9.8321,0.627274345949119,1,200,0.0106761150485537,-10.3607885114655,1.59248788239841,-3.82501560378081,-10.3607885114655,0.465297499266258,-1333.24998647059,5,2,"normal",65
"2866",-12.00094,0.158962163862187,0,200,0.0106761150485537,-10.3607885114655,1.59248788239841,-3.82501560378081,-10.3607885114655,0.465297499266258,-1333.24998647059,5,2,"normal",66
"2867",-10.31439,0.511373730837438,0,200,0.0106761150485537,-10.3607885114655,1.59248788239841,-3.82501560378081,-10.3607885114655,0.465297499266258,-1333.24998647059,5,2,"normal",67
"2868",-12.01845,0.156450620488321,0,200,0.0106761150485537,-10.3607885114655,1.59248788239841,-3.82501560378081,-10.3607885114655,0.465297499266258,-1333.24998647059,5,2,"normal",68
"2869",-11.652,0.214955374100876,0,200,0.0106761150485537,-10.3607885114655,1.59248788239841,-3.82501560378081,-10.3607885114655,0.465297499266258,-1333.24998647059,5,2,"normal",69
"2870",-9.55317,0.689830883138093,0,200,0.0106761150485537,-10.3607885114655,1.59248788239841,-3.82501560378081,-10.3607885114655,0.465297499266258,-1333.24998647059,5,2,"normal",70
"2871",-12.0409,0.153272319523414,0,200,0.0106761150485537,-10.3607885114655,1.59248788239841,-3.82501560378081,-10.3607885114655,0.465297499266258,-1333.24998647059,5,2,"normal",71
"2872",-14.02605,0.02112711696577,0,200,0.0106761150485537,-10.3607885114655,1.59248788239841,-3.82501560378081,-10.3607885114655,0.465297499266258,-1333.24998647059,5,2,"normal",72
"2873",-12.98795,0.0591191365718107,0,200,0.0106761150485537,-10.3607885114655,1.59248788239841,-3.82501560378081,-10.3607885114655,0.465297499266258,-1333.24998647059,5,2,"normal",73
"2874",-9.48665,0.70401643276316,1,200,0.0106761150485537,-10.3607885114655,1.59248788239841,-3.82501560378081,-10.3607885114655,0.465297499266258,-1333.24998647059,5,2,"normal",74
"2875",-11.37349,0.267485947257793,0,200,0.0106761150485537,-10.3607885114655,1.59248788239841,-3.82501560378081,-10.3607885114655,0.465297499266258,-1333.24998647059,5,2,"normal",75
"2876",-11.41448,0.259344028748687,1,200,0.0106761150485537,-10.3607885114655,1.59248788239841,-3.82501560378081,-10.3607885114655,0.465297499266258,-1333.24998647059,5,2,"normal",76
"2877",-11.97417,0.162857211821956,0,200,0.0106761150485537,-10.3607885114655,1.59248788239841,-3.82501560378081,-10.3607885114655,0.465297499266258,-1333.24998647059,5,2,"normal",77
"2878",-12.18332,0.134198487077184,0,200,0.0106761150485537,-10.3607885114655,1.59248788239841,-3.82501560378081,-10.3607885114655,0.465297499266258,-1333.24998647059,5,2,"normal",78
"2879",-8.85697,0.820504191577136,1,200,0.0106761150485537,-10.3607885114655,1.59248788239841,-3.82501560378081,-10.3607885114655,0.465297499266258,-1333.24998647059,5,2,"normal",79
"2880",-9.59417,0.680935072893266,1,200,0.0106761150485537,-10.3607885114655,1.59248788239841,-3.82501560378081,-10.3607885114655,0.465297499266258,-1333.24998647059,5,2,"normal",80
"2881",-11.62304,0.220103911053422,1,200,0.0106761150485537,-10.3607885114655,1.59248788239841,-3.82501560378081,-10.3607885114655,0.465297499266258,-1333.24998647059,5,2,"normal",81
"2882",-11.79134,0.191245957441258,0,200,0.0106761150485537,-10.3607885114655,1.59248788239841,-3.82501560378081,-10.3607885114655,0.465297499266258,-1333.24998647059,5,2,"normal",82
"2883",-12.18208,0.134356488409223,0,200,0.0106761150485537,-10.3607885114655,1.59248788239841,-3.82501560378081,-10.3607885114655,0.465297499266258,-1333.24998647059,5,2,"normal",83
"2884",-12.29212,0.120879378045175,0,200,0.0106761150485537,-10.3607885114655,1.59248788239841,-3.82501560378081,-10.3607885114655,0.465297499266258,-1333.24998647059,5,2,"normal",84
"2885",-9.35395,0.73133841962816,0,200,0.0106761150485537,-10.3607885114655,1.59248788239841,-3.82501560378081,-10.3607885114655,0.465297499266258,-1333.24998647059,5,2,"normal",85
"2886",-9.03953,0.790306755555325,1,200,0.0106761150485537,-10.3607885114655,1.59248788239841,-3.82501560378081,-10.3607885114655,0.465297499266258,-1333.24998647059,5,2,"normal",86
"2887",-8.81397,0.827167842012185,1,200,0.0106761150485537,-10.3607885114655,1.59248788239841,-3.82501560378081,-10.3607885114655,0.465297499266258,-1333.24998647059,5,2,"normal",87
"2888",-9.08475,0.782356520040758,1,200,0.0106761150485537,-10.3607885114655,1.59248788239841,-3.82501560378081,-10.3607885114655,0.465297499266258,-1333.24998647059,5,2,"normal",88
"2889",-11.8455,0.182512052787389,0,200,0.0106761150485537,-10.3607885114655,1.59248788239841,-3.82501560378081,-10.3607885114655,0.465297499266258,-1333.24998647059,5,2,"normal",89
"2890",-12.30115,0.119821909485008,0,200,0.0106761150485537,-10.3607885114655,1.59248788239841,-3.82501560378081,-10.3607885114655,0.465297499266258,-1333.24998647059,5,2,"normal",90
"2891",-7.61299,0.948004470458058,1,200,0.0106761150485537,-10.3607885114655,1.59248788239841,-3.82501560378081,-10.3607885114655,0.465297499266258,-1333.24998647059,5,2,"normal",91
"2892",-11.46013,0.250438433548032,0,200,0.0106761150485537,-10.3607885114655,1.59248788239841,-3.82501560378081,-10.3607885114655,0.465297499266258,-1333.24998647059,5,2,"normal",92
"2893",-8.91866,0.810643799160474,1,200,0.0106761150485537,-10.3607885114655,1.59248788239841,-3.82501560378081,-10.3607885114655,0.465297499266258,-1333.24998647059,5,2,"normal",93
"2894",-9.12001,0.776030307223828,1,200,0.0106761150485537,-10.3607885114655,1.59248788239841,-3.82501560378081,-10.3607885114655,0.465297499266258,-1333.24998647059,5,2,"normal",94
"2895",-12.13989,0.139816416109032,0,200,0.0106761150485537,-10.3607885114655,1.59248788239841,-3.82501560378081,-10.3607885114655,0.465297499266258,-1333.24998647059,5,2,"normal",95
"2896",-11.59598,0.224982229544801,0,200,0.0106761150485537,-10.3607885114655,1.59248788239841,-3.82501560378081,-10.3607885114655,0.465297499266258,-1333.24998647059,5,2,"normal",96
"2897",-12.63374,0.0857846941665951,0,200,0.0106761150485537,-10.3607885114655,1.59248788239841,-3.82501560378081,-10.3607885114655,0.465297499266258,-1333.24998647059,5,2,"normal",97
"2898",-12.33029,0.116459009845133,0,200,0.0106761150485537,-10.3607885114655,1.59248788239841,-3.82501560378081,-10.3607885114655,0.465297499266258,-1333.24998647059,5,2,"normal",98
"2899",-11.73921,0.19990840922761,0,200,0.0106761150485537,-10.3607885114655,1.59248788239841,-3.82501560378081,-10.3607885114655,0.465297499266258,-1333.24998647059,5,2,"normal",99
"2900",-12.11768,0.14275651001384,0,200,0.0106761150485537,-10.3607885114655,1.59248788239841,-3.82501560378081,-10.3607885114655,0.465297499266258,-1333.24998647059,5,2,"normal",100
"2901",-11.90698,0.172928088258916,0,200,0.0106761150485537,-10.3607885114655,1.59248788239841,-3.82501560378081,-10.3607885114655,0.465297499266258,-1333.24998647059,5,2,"normal",101
"2902",-12.23656,0.127546955722358,0,200,0.0106761150485537,-10.3607885114655,1.59248788239841,-3.82501560378081,-10.3607885114655,0.465297499266258,-1333.24998647059,5,2,"normal",102
"2903",-8.85635,0.820601496129279,1,200,0.0106761150485537,-10.3607885114655,1.59248788239841,-3.82501560378081,-10.3607885114655,0.465297499266258,-1333.24998647059,5,2,"normal",103
"2904",-12.07965,0.147896732114919,0,200,0.0106761150485537,-10.3607885114655,1.59248788239841,-3.82501560378081,-10.3607885114655,0.465297499266258,-1333.24998647059,5,2,"normal",104
"2905",-8.80625,0.828345943549815,1,200,0.0106761150485537,-10.3607885114655,1.59248788239841,-3.82501560378081,-10.3607885114655,0.465297499266258,-1333.24998647059,5,2,"normal",105
"2906",-8.76874,0.833990930716766,1,200,0.0106761150485537,-10.3607885114655,1.59248788239841,-3.82501560378081,-10.3607885114655,0.465297499266258,-1333.24998647059,5,2,"normal",106
"2907",-11.74565,0.198824748885681,1,200,0.0106761150485537,-10.3607885114655,1.59248788239841,-3.82501560378081,-10.3607885114655,0.465297499266258,-1333.24998647059,5,2,"normal",107
"2908",-12.25854,0.124875951216585,0,200,0.0106761150485537,-10.3607885114655,1.59248788239841,-3.82501560378081,-10.3607885114655,0.465297499266258,-1333.24998647059,5,2,"normal",108
"2909",-11.3466,0.272900343135403,0,200,0.0106761150485537,-10.3607885114655,1.59248788239841,-3.82501560378081,-10.3607885114655,0.465297499266258,-1333.24998647059,5,2,"normal",109
"2910",-12.1827,0.134277470149088,0,200,0.0106761150485537,-10.3607885114655,1.59248788239841,-3.82501560378081,-10.3607885114655,0.465297499266258,-1333.24998647059,5,2,"normal",110
"2911",-9.53167,0.694449913363587,1,200,0.0106761150485537,-10.3607885114655,1.59248788239841,-3.82501560378081,-10.3607885114655,0.465297499266258,-1333.24998647059,5,2,"normal",111
"2912",-9.41856,0.718203670527288,1,200,0.0106761150485537,-10.3607885114655,1.59248788239841,-3.82501560378081,-10.3607885114655,0.465297499266258,-1333.24998647059,5,2,"normal",112
"2913",-12.27156,0.123314327431946,0,200,0.0106761150485537,-10.3607885114655,1.59248788239841,-3.82501560378081,-10.3607885114655,0.465297499266258,-1333.24998647059,5,2,"normal",113
"2914",-9.90802,0.609525933592984,0,200,0.0106761150485537,-10.3607885114655,1.59248788239841,-3.82501560378081,-10.3607885114655,0.465297499266258,-1333.24998647059,5,2,"normal",114
"2915",-9.42934,0.715980728579182,1,200,0.0106761150485537,-10.3607885114655,1.59248788239841,-3.82501560378081,-10.3607885114655,0.465297499266258,-1333.24998647059,5,2,"normal",115
"2916",-9.53293,0.694180103227612,1,200,0.0106761150485537,-10.3607885114655,1.59248788239841,-3.82501560378081,-10.3607885114655,0.465297499266258,-1333.24998647059,5,2,"normal",116
"2917",-12.24082,0.127025867551274,1,200,0.0106761150485537,-10.3607885114655,1.59248788239841,-3.82501560378081,-10.3607885114655,0.465297499266258,-1333.24998647059,5,2,"normal",117
"2918",-8.80046,0.829225869791164,1,200,0.0106761150485537,-10.3607885114655,1.59248788239841,-3.82501560378081,-10.3607885114655,0.465297499266258,-1333.24998647059,5,2,"normal",118
"2919",-9.34332,0.733467901235195,1,200,0.0106761150485537,-10.3607885114655,1.59248788239841,-3.82501560378081,-10.3607885114655,0.465297499266258,-1333.24998647059,5,2,"normal",119
"2920",-11.9525,0.166059203968986,0,200,0.0106761150485537,-10.3607885114655,1.59248788239841,-3.82501560378081,-10.3607885114655,0.465297499266258,-1333.24998647059,5,2,"normal",120
"2921",-12.23648,0.127556757142431,0,200,0.0106761150485537,-10.3607885114655,1.59248788239841,-3.82501560378081,-10.3607885114655,0.465297499266258,-1333.24998647059,5,2,"normal",121
"2922",-9.048,0.788831653165262,1,200,0.0106761150485537,-10.3607885114655,1.59248788239841,-3.82501560378081,-10.3607885114655,0.465297499266258,-1333.24998647059,5,2,"normal",122
"2923",-9.25823,0.750182619683943,1,200,0.0106761150485537,-10.3607885114655,1.59248788239841,-3.82501560378081,-10.3607885114655,0.465297499266258,-1333.24998647059,5,2,"normal",123
"2924",-9.30281,0.74149962078149,0,200,0.0106761150485537,-10.3607885114655,1.59248788239841,-3.82501560378081,-10.3607885114655,0.465297499266258,-1333.24998647059,5,2,"normal",124
"2925",-9.06194,0.786389810518175,1,200,0.0106761150485537,-10.3607885114655,1.59248788239841,-3.82501560378081,-10.3607885114655,0.465297499266258,-1333.24998647059,5,2,"normal",125
"2926",-12.00637,0.15818025407287,0,200,0.0106761150485537,-10.3607885114655,1.59248788239841,-3.82501560378081,-10.3607885114655,0.465297499266258,-1333.24998647059,5,2,"normal",126
"2927",-11.42113,0.258036009733647,0,200,0.0106761150485537,-10.3607885114655,1.59248788239841,-3.82501560378081,-10.3607885114655,0.465297499266258,-1333.24998647059,5,2,"normal",127
"2928",-11.70321,0.206035998258757,0,200,0.0106761150485537,-10.3607885114655,1.59248788239841,-3.82501560378081,-10.3607885114655,0.465297499266258,-1333.24998647059,5,2,"normal",128
"2929",-12.2678,0.123763735737119,0,200,0.0106761150485537,-10.3607885114655,1.59248788239841,-3.82501560378081,-10.3607885114655,0.465297499266258,-1333.24998647059,5,2,"normal",129
"2930",-9.71149,0.654883271791286,1,200,0.0106761150485537,-10.3607885114655,1.59248788239841,-3.82501560378081,-10.3607885114655,0.465297499266258,-1333.24998647059,5,2,"normal",130
"2931",-8.49181,0.871618716895479,0,200,0.0106761150485537,-10.3607885114655,1.59248788239841,-3.82501560378081,-10.3607885114655,0.465297499266258,-1333.24998647059,5,2,"normal",131
"2932",-9.13444,0.77340951929015,1,200,0.0106761150485537,-10.3607885114655,1.59248788239841,-3.82501560378081,-10.3607885114655,0.465297499266258,-1333.24998647059,5,2,"normal",132
"2933",-9.59436,0.680893586651574,0,200,0.0106761150485537,-10.3607885114655,1.59248788239841,-3.82501560378081,-10.3607885114655,0.465297499266258,-1333.24998647059,5,2,"normal",133
"2934",-11.87168,0.178387880004259,0,200,0.0106761150485537,-10.3607885114655,1.59248788239841,-3.82501560378081,-10.3607885114655,0.465297499266258,-1333.24998647059,5,2,"normal",134
"2935",-12.08339,0.147385282799037,0,200,0.0106761150485537,-10.3607885114655,1.59248788239841,-3.82501560378081,-10.3607885114655,0.465297499266258,-1333.24998647059,5,2,"normal",135
"2936",-9.48584,0.704187220577004,1,200,0.0106761150485537,-10.3607885114655,1.59248788239841,-3.82501560378081,-10.3607885114655,0.465297499266258,-1333.24998647059,5,2,"normal",136
"2937",-9.14509,0.771463482667831,1,200,0.0106761150485537,-10.3607885114655,1.59248788239841,-3.82501560378081,-10.3607885114655,0.465297499266258,-1333.24998647059,5,2,"normal",137
"2938",-9.57869,0.684307063881512,1,200,0.0106761150485537,-10.3607885114655,1.59248788239841,-3.82501560378081,-10.3607885114655,0.465297499266258,-1333.24998647059,5,2,"normal",138
"2939",-9.06449,0.785941237172834,1,200,0.0106761150485537,-10.3607885114655,1.59248788239841,-3.82501560378081,-10.3607885114655,0.465297499266258,-1333.24998647059,5,2,"normal",139
"2940",-12.1705,0.135838816468248,0,200,0.0106761150485537,-10.3607885114655,1.59248788239841,-3.82501560378081,-10.3607885114655,0.465297499266258,-1333.24998647059,5,2,"normal",140
"2941",-9.19942,0.761381744497791,0,200,0.0106761150485537,-10.3607885114655,1.59248788239841,-3.82501560378081,-10.3607885114655,0.465297499266258,-1333.24998647059,5,2,"normal",141
"2942",-11.62039,0.220578773145748,1,200,0.0106761150485537,-10.3607885114655,1.59248788239841,-3.82501560378081,-10.3607885114655,0.465297499266258,-1333.24998647059,5,2,"normal",142
"2943",-11.67058,0.211691849974412,0,200,0.0106761150485537,-10.3607885114655,1.59248788239841,-3.82501560378081,-10.3607885114655,0.465297499266258,-1333.24998647059,5,2,"normal",143
"2944",-9.05089,0.788326858156274,1,200,0.0106761150485537,-10.3607885114655,1.59248788239841,-3.82501560378081,-10.3607885114655,0.465297499266258,-1333.24998647059,5,2,"normal",144
"2945",-9.32246,0.737620340269214,1,200,0.0106761150485537,-10.3607885114655,1.59248788239841,-3.82501560378081,-10.3607885114655,0.465297499266258,-1333.24998647059,5,2,"normal",145
"2946",-9.54887,0.690757247955874,0,200,0.0106761150485537,-10.3607885114655,1.59248788239841,-3.82501560378081,-10.3607885114655,0.465297499266258,-1333.24998647059,5,2,"normal",146
"2947",-8.97296,0.801673232943271,1,200,0.0106761150485537,-10.3607885114655,1.59248788239841,-3.82501560378081,-10.3607885114655,0.465297499266258,-1333.24998647059,5,2,"normal",147
"2948",-9.06321,0.786166476558242,0,200,0.0106761150485537,-10.3607885114655,1.59248788239841,-3.82501560378081,-10.3607885114655,0.465297499266258,-1333.24998647059,5,2,"normal",148
"2949",-9.11068,0.777715019846711,1,200,0.0106761150485537,-10.3607885114655,1.59248788239841,-3.82501560378081,-10.3607885114655,0.465297499266258,-1333.24998647059,5,2,"normal",149
"2950",-9.15829,0.769037674287147,0,200,0.0106761150485537,-10.3607885114655,1.59248788239841,-3.82501560378081,-10.3607885114655,0.465297499266258,-1333.24998647059,5,2,"normal",150
"2951",-10.72542,0.411379754301332,1,200,0.0106761150485537,-10.3607885114655,1.59248788239841,-3.82501560378081,-10.3607885114655,0.465297499266258,-1333.24998647059,5,2,"normal",151
"2952",-9.06618,0.78564362499527,1,200,0.0106761150485537,-10.3607885114655,1.59248788239841,-3.82501560378081,-10.3607885114655,0.465297499266258,-1333.24998647059,5,2,"normal",152
"2953",-8.94092,0.806999239534034,1,200,0.0106761150485537,-10.3607885114655,1.59248788239841,-3.82501560378081,-10.3607885114655,0.465297499266258,-1333.24998647059,5,2,"normal",153
"2954",-9.23753,0.754157980995443,0,200,0.0106761150485537,-10.3607885114655,1.59248788239841,-3.82501560378081,-10.3607885114655,0.465297499266258,-1333.24998647059,5,2,"normal",154
"2955",-8.47752,0.873368990208417,1,200,0.0106761150485537,-10.3607885114655,1.59248788239841,-3.82501560378081,-10.3607885114655,0.465297499266258,-1333.24998647059,5,2,"normal",155
"2956",-8.57311,0.861306810904207,1,200,0.0106761150485537,-10.3607885114655,1.59248788239841,-3.82501560378081,-10.3607885114655,0.465297499266258,-1333.24998647059,5,2,"normal",156
"2957",-12.34752,0.114506021099614,1,200,0.0106761150485537,-10.3607885114655,1.59248788239841,-3.82501560378081,-10.3607885114655,0.465297499266258,-1333.24998647059,5,2,"normal",157
"2958",-12.12791,0.141396637648589,0,200,0.0106761150485537,-10.3607885114655,1.59248788239841,-3.82501560378081,-10.3607885114655,0.465297499266258,-1333.24998647059,5,2,"normal",158
"2959",-11.90129,0.173800296420283,0,200,0.0106761150485537,-10.3607885114655,1.59248788239841,-3.82501560378081,-10.3607885114655,0.465297499266258,-1333.24998647059,5,2,"normal",159
"2960",-9.43484,0.714843172776618,1,200,0.0106761150485537,-10.3607885114655,1.59248788239841,-3.82501560378081,-10.3607885114655,0.465297499266258,-1333.24998647059,5,2,"normal",160
"2961",-11.63705,0.217603827080201,0,200,0.0106761150485537,-10.3607885114655,1.59248788239841,-3.82501560378081,-10.3607885114655,0.465297499266258,-1333.24998647059,5,2,"normal",161
"2962",-11.98921,0.160660651855326,0,200,0.0106761150485537,-10.3607885114655,1.59248788239841,-3.82501560378081,-10.3607885114655,0.465297499266258,-1333.24998647059,5,2,"normal",162
"2963",-9.16387,0.768007634683986,1,200,0.0106761150485537,-10.3607885114655,1.59248788239841,-3.82501560378081,-10.3607885114655,0.465297499266258,-1333.24998647059,5,2,"normal",163
"2964",-9.48953,0.70340880118309,1,200,0.0106761150485537,-10.3607885114655,1.59248788239841,-3.82501560378081,-10.3607885114655,0.465297499266258,-1333.24998647059,5,2,"normal",164
"2965",-12.1933,0.132931953253331,0,200,0.0106761150485537,-10.3607885114655,1.59248788239841,-3.82501560378081,-10.3607885114655,0.465297499266258,-1333.24998647059,5,2,"normal",165
"2966",-8.97294,0.80167658698016,1,200,0.0106761150485537,-10.3607885114655,1.59248788239841,-3.82501560378081,-10.3607885114655,0.465297499266258,-1333.24998647059,5,2,"normal",166
"2967",-9.69223,0.659217752367926,1,200,0.0106761150485537,-10.3607885114655,1.59248788239841,-3.82501560378081,-10.3607885114655,0.465297499266258,-1333.24998647059,5,2,"normal",167
"2968",-8.45142,0.876518132606638,0,200,0.0106761150485537,-10.3607885114655,1.59248788239841,-3.82501560378081,-10.3607885114655,0.465297499266258,-1333.24998647059,5,2,"normal",168
"2969",-12.02027,0.156191209358842,0,200,0.0106761150485537,-10.3607885114655,1.59248788239841,-3.82501560378081,-10.3607885114655,0.465297499266258,-1333.24998647059,5,2,"normal",169
"2970",-12.0073,0.158046611686061,0,200,0.0106761150485537,-10.3607885114655,1.59248788239841,-3.82501560378081,-10.3607885114655,0.465297499266258,-1333.24998647059,5,2,"normal",170
"2971",-13.00122,0.0582905063643239,0,200,0.0106761150485537,-10.3607885114655,1.59248788239841,-3.82501560378081,-10.3607885114655,0.465297499266258,-1333.24998647059,5,2,"normal",171
"2972",-8.90745,0.812461828927109,1,200,0.0106761150485537,-10.3607885114655,1.59248788239841,-3.82501560378081,-10.3607885114655,0.465297499266258,-1333.24998647059,5,2,"normal",172
"2973",-9.46494,0.708577379040491,1,200,0.0106761150485537,-10.3607885114655,1.59248788239841,-3.82501560378081,-10.3607885114655,0.465297499266258,-1333.24998647059,5,2,"normal",173
"2974",-8.62371,0.854582238074614,1,200,0.0106761150485537,-10.3607885114655,1.59248788239841,-3.82501560378081,-10.3607885114655,0.465297499266258,-1333.24998647059,5,2,"normal",174
"2975",-12.00625,0.158197504127993,1,200,0.0106761150485537,-10.3607885114655,1.59248788239841,-3.82501560378081,-10.3607885114655,0.465297499266258,-1333.24998647059,5,2,"normal",175
"2976",-11.60905,0.222617883001625,1,200,0.0106761150485537,-10.3607885114655,1.59248788239841,-3.82501560378081,-10.3607885114655,0.465297499266258,-1333.24998647059,5,2,"normal",176
"2977",-8.80648,0.828310925046723,1,200,0.0106761150485537,-10.3607885114655,1.59248788239841,-3.82501560378081,-10.3607885114655,0.465297499266258,-1333.24998647059,5,2,"normal",177
"2978",-8.76296,0.834849098293913,1,200,0.0106761150485537,-10.3607885114655,1.59248788239841,-3.82501560378081,-10.3607885114655,0.465297499266258,-1333.24998647059,5,2,"normal",178
"2979",-8.8642,0.819366853922513,1,200,0.0106761150485537,-10.3607885114655,1.59248788239841,-3.82501560378081,-10.3607885114655,0.465297499266258,-1333.24998647059,5,2,"normal",179
"2980",-12.30611,0.119244162001825,0,200,0.0106761150485537,-10.3607885114655,1.59248788239841,-3.82501560378081,-10.3607885114655,0.465297499266258,-1333.24998647059,5,2,"normal",180
"2981",-11.89333,0.175025535335953,1,200,0.0106761150485537,-10.3607885114655,1.59248788239841,-3.82501560378081,-10.3607885114655,0.465297499266258,-1333.24998647059,5,2,"normal",181
"2982",-12.49393,0.0989536393331291,0,200,0.0106761150485537,-10.3607885114655,1.59248788239841,-3.82501560378081,-10.3607885114655,0.465297499266258,-1333.24998647059,5,2,"normal",182
"2983",-12.02294,0.155811203407189,0,200,0.0106761150485537,-10.3607885114655,1.59248788239841,-3.82501560378081,-10.3607885114655,0.465297499266258,-1333.24998647059,5,2,"normal",183
"2984",-11.81772,0.186957927609487,1,200,0.0106761150485537,-10.3607885114655,1.59248788239841,-3.82501560378081,-10.3607885114655,0.465297499266258,-1333.24998647059,5,2,"normal",184
"2985",-12.19967,0.132128313615059,0,200,0.0106761150485537,-10.3607885114655,1.59248788239841,-3.82501560378081,-10.3607885114655,0.465297499266258,-1333.24998647059,5,2,"normal",185
"2986",-9.44156,0.713450183539838,1,200,0.0106761150485537,-10.3607885114655,1.59248788239841,-3.82501560378081,-10.3607885114655,0.465297499266258,-1333.24998647059,5,2,"normal",186
"2987",-8.61526,0.855721672844138,1,200,0.0106761150485537,-10.3607885114655,1.59248788239841,-3.82501560378081,-10.3607885114655,0.465297499266258,-1333.24998647059,5,2,"normal",187
"2988",-8.92464,0.809669210707623,1,200,0.0106761150485537,-10.3607885114655,1.59248788239841,-3.82501560378081,-10.3607885114655,0.465297499266258,-1333.24998647059,5,2,"normal",188
"2989",-8.97133,0.8019464665159,1,200,0.0106761150485537,-10.3607885114655,1.59248788239841,-3.82501560378081,-10.3607885114655,0.465297499266258,-1333.24998647059,5,2,"normal",189
"2990",-12.28128,0.122158447872157,0,200,0.0106761150485537,-10.3607885114655,1.59248788239841,-3.82501560378081,-10.3607885114655,0.465297499266258,-1333.24998647059,5,2,"normal",190
"2991",-12.35784,0.113348814608154,0,200,0.0106761150485537,-10.3607885114655,1.59248788239841,-3.82501560378081,-10.3607885114655,0.465297499266258,-1333.24998647059,5,2,"normal",191
"2992",-8.70163,0.843762778096164,1,200,0.0106761150485537,-10.3607885114655,1.59248788239841,-3.82501560378081,-10.3607885114655,0.465297499266258,-1333.24998647059,5,2,"normal",192
"2993",-11.99134,0.160351276698124,0,200,0.0106761150485537,-10.3607885114655,1.59248788239841,-3.82501560378081,-10.3607885114655,0.465297499266258,-1333.24998647059,5,2,"normal",193
"2994",-9.27544,0.746850125676058,1,200,0.0106761150485537,-10.3607885114655,1.59248788239841,-3.82501560378081,-10.3607885114655,0.465297499266258,-1333.24998647059,5,2,"normal",194
"2995",-9.11234,0.777415839329573,1,200,0.0106761150485537,-10.3607885114655,1.59248788239841,-3.82501560378081,-10.3607885114655,0.465297499266258,-1333.24998647059,5,2,"normal",195
"2996",-8.76871,0.83399539292744,1,200,0.0106761150485537,-10.3607885114655,1.59248788239841,-3.82501560378081,-10.3607885114655,0.465297499266258,-1333.24998647059,5,2,"normal",196
"2997",-9.18401,0.764267339002683,0,200,0.0106761150485537,-10.3607885114655,1.59248788239841,-3.82501560378081,-10.3607885114655,0.465297499266258,-1333.24998647059,5,2,"normal",197
"2998",-12.23397,0.127864571300098,1,200,0.0106761150485537,-10.3607885114655,1.59248788239841,-3.82501560378081,-10.3607885114655,0.465297499266258,-1333.24998647059,5,2,"normal",198
"2999",-8.85406,0.820960585031177,0,200,0.0106761150485537,-10.3607885114655,1.59248788239841,-3.82501560378081,-10.3607885114655,0.465297499266258,-1333.24998647059,5,2,"normal",199
"3000",-12.20366,0.131626821565373,0,200,0.0106761150485537,-10.3607885114655,1.59248788239841,-3.82501560378081,-10.3607885114655,0.465297499266258,-1333.24998647059,5,2,"normal",200
"3001",8.9504862848,0.000852722027627722,0,200,0.00039747836594608,15.2470297856511,1.89849559063038,-7.13642759720638,15.2470297856511,0.641061778132574,790.510285632505,6,2,"normal",1
"3002",10.5099170678,0.00668690820442261,0,200,0.00039747836594608,15.2470297856511,1.89849559063038,-7.13642759720638,15.2470297856511,0.641061778132574,790.510285632505,6,2,"normal",2
"3003",17.03267816499,0.826275139289454,1,200,0.00039747836594608,15.2470297856511,1.89849559063038,-7.13642759720638,15.2470297856511,0.641061778132574,790.510285632505,6,2,"normal",3
"3004",12.45785833297,0.071237411996709,0,200,0.00039747836594608,15.2470297856511,1.89849559063038,-7.13642759720638,15.2470297856511,0.641061778132574,790.510285632505,6,2,"normal",4
"3005",3.2305,0.000397478488825946,0,200,0.00039747836594608,15.2470297856511,1.89849559063038,-7.13642759720638,15.2470297856511,0.641061778132574,790.510285632505,6,2,"normal",5
"3006",20.95477,0.998282003281601,1,200,0.00039747836594608,15.2470297856511,1.89849559063038,-7.13642759720638,15.2470297856511,0.641061778132574,790.510285632505,6,2,"normal",6
"3007",48.2922,0.999602521634054,1,200,0.00039747836594608,15.2470297856511,1.89849559063038,-7.13642759720638,15.2470297856511,0.641061778132574,790.510285632505,6,2,"normal",7
"3008",10.16471,0.00410848272431098,0,200,0.00039747836594608,15.2470297856511,1.89849559063038,-7.13642759720638,15.2470297856511,0.641061778132574,790.510285632505,6,2,"normal",8
"3009",15.64706,0.583376512880668,0,200,0.00039747836594608,15.2470297856511,1.89849559063038,-7.13642759720638,15.2470297856511,0.641061778132574,790.510285632505,6,2,"normal",9
"3010",20.4152,0.996363096708166,1,200,0.00039747836594608,15.2470297856511,1.89849559063038,-7.13642759720638,15.2470297856511,0.641061778132574,790.510285632505,6,2,"normal",10
"3011",14.06719,0.267333485460242,1,200,0.00039747836594608,15.2470297856511,1.89849559063038,-7.13642759720638,15.2470297856511,0.641061778132574,790.510285632505,6,2,"normal",11
"3012",11.64938,0.0294205663665438,0,200,0.00039747836594608,15.2470297856511,1.89849559063038,-7.13642759720638,15.2470297856511,0.641061778132574,790.510285632505,6,2,"normal",12
"3013",14.80504,0.408027435995217,0,200,0.00039747836594608,15.2470297856511,1.89849559063038,-7.13642759720638,15.2470297856511,0.641061778132574,790.510285632505,6,2,"normal",13
"3014",20.8182,0.997933520662561,1,200,0.00039747836594608,15.2470297856511,1.89849559063038,-7.13642759720638,15.2470297856511,0.641061778132574,790.510285632505,6,2,"normal",14
"3015",14.31567,0.312012107553598,0,200,0.00039747836594608,15.2470297856511,1.89849559063038,-7.13642759720638,15.2470297856511,0.641061778132574,790.510285632505,6,2,"normal",15
"3016",18.91822,0.973050878846477,0,200,0.00039747836594608,15.2470297856511,1.89849559063038,-7.13642759720638,15.2470297856511,0.641061778132574,790.510285632505,6,2,"normal",16
"3017",20.61451,0.997256744926962,1,200,0.00039747836594608,15.2470297856511,1.89849559063038,-7.13642759720638,15.2470297856511,0.641061778132574,790.510285632505,6,2,"normal",17
"3018",17.32211,0.862517522025345,0,200,0.00039747836594608,15.2470297856511,1.89849559063038,-7.13642759720638,15.2470297856511,0.641061778132574,790.510285632505,6,2,"normal",18
"3019",-20.081,0.00039747836594608,0,200,0.00039747836594608,15.2470297856511,1.89849559063038,-7.13642759720638,15.2470297856511,0.641061778132574,790.510285632505,6,2,"normal",19
"3020",12.23936,0.0569222366913644,0,200,0.00039747836594608,15.2470297856511,1.89849559063038,-7.13642759720638,15.2470297856511,0.641061778132574,790.510285632505,6,2,"normal",20
"3021",18.1211,0.934624455880307,1,200,0.00039747836594608,15.2470297856511,1.89849559063038,-7.13642759720638,15.2470297856511,0.641061778132574,790.510285632505,6,2,"normal",21
"3022",13.67904,0.204662049527561,1,200,0.00039747836594608,15.2470297856511,1.89849559063038,-7.13642759720638,15.2470297856511,0.641061778132574,790.510285632505,6,2,"normal",22
"3023",24.63369,0.999602139774216,1,200,0.00039747836594608,15.2470297856511,1.89849559063038,-7.13642759720638,15.2470297856511,0.641061778132574,790.510285632505,6,2,"normal",23
"3024",10.64261,0.00803928659458824,0,200,0.00039747836594608,15.2470297856511,1.89849559063038,-7.13642759720638,15.2470297856511,0.641061778132574,790.510285632505,6,2,"normal",24
"3025",22.86307,0.999572393668482,1,200,0.00039747836594608,15.2470297856511,1.89849559063038,-7.13642759720638,15.2470297856511,0.641061778132574,790.510285632505,6,2,"normal",25
"3026",10.62787,0.00787737082578273,0,200,0.00039747836594608,15.2470297856511,1.89849559063038,-7.13642759720638,15.2470297856511,0.641061778132574,790.510285632505,6,2,"normal",26
"3027",10.44017,0.00606478552872634,0,200,0.00039747836594608,15.2470297856511,1.89849559063038,-7.13642759720638,15.2470297856511,0.641061778132574,790.510285632505,6,2,"normal",27
"3028",20.54813,0.996987567531134,1,200,0.00039747836594608,15.2470297856511,1.89849559063038,-7.13642759720638,15.2470297856511,0.641061778132574,790.510285632505,6,2,"normal",28
"3029",14.41669,0.331056926788375,0,200,0.00039747836594608,15.2470297856511,1.89849559063038,-7.13642759720638,15.2470297856511,0.641061778132574,790.510285632505,6,2,"normal",29
"3030",20.09981,0.994314379633895,1,200,0.00039747836594608,15.2470297856511,1.89849559063038,-7.13642759720638,15.2470297856511,0.641061778132574,790.510285632505,6,2,"normal",30
"3031",16.78471,0.790783247356773,1,200,0.00039747836594608,15.2470297856511,1.89849559063038,-7.13642759720638,15.2470297856511,0.641061778132574,790.510285632505,6,2,"normal",31
"3032",19.4225,0.985687330711619,1,200,0.00039747836594608,15.2470297856511,1.89849559063038,-7.13642759720638,15.2470297856511,0.641061778132574,790.510285632505,6,2,"normal",32
"3033",13.75501,0.21619005227604,0,200,0.00039747836594608,15.2470297856511,1.89849559063038,-7.13642759720638,15.2470297856511,0.641061778132574,790.510285632505,6,2,"normal",33
"3034",16.21056,0.693951749589393,1,200,0.00039747836594608,15.2470297856511,1.89849559063038,-7.13642759720638,15.2470297856511,0.641061778132574,790.510285632505,6,2,"normal",34
"3035",11.20983,0.0171139321297828,0,200,0.00039747836594608,15.2470297856511,1.89849559063038,-7.13642759720638,15.2470297856511,0.641061778132574,790.510285632505,6,2,"normal",35
"3036",13.30606,0.153577912427786,0,200,0.00039747836594608,15.2470297856511,1.89849559063038,-7.13642759720638,15.2470297856511,0.641061778132574,790.510285632505,6,2,"normal",36
"3037",17.16018,0.842932493343678,1,200,0.00039747836594608,15.2470297856511,1.89849559063038,-7.13642759720638,15.2470297856511,0.641061778132574,790.510285632505,6,2,"normal",37
"3038",14.50469,0.348014083598713,1,200,0.00039747836594608,15.2470297856511,1.89849559063038,-7.13642759720638,15.2470297856511,0.641061778132574,790.510285632505,6,2,"normal",38
"3039",12.63317,0.0846166194318721,0,200,0.00039747836594608,15.2470297856511,1.89849559063038,-7.13642759720638,15.2470297856511,0.641061778132574,790.510285632505,6,2,"normal",39
"3040",21.06546,0.998514157853907,1,200,0.00039747836594608,15.2470297856511,1.89849559063038,-7.13642759720638,15.2470297856511,0.641061778132574,790.510285632505,6,2,"normal",40
"3041",18.23141,0.941669986031155,1,200,0.00039747836594608,15.2470297856511,1.89849559063038,-7.13642759720638,15.2470297856511,0.641061778132574,790.510285632505,6,2,"normal",41
"3042",13.8564,0.232147751821851,0,200,0.00039747836594608,15.2470297856511,1.89849559063038,-7.13642759720638,15.2470297856511,0.641061778132574,790.510285632505,6,2,"normal",42
"3043",13.04547,0.123398572849518,0,200,0.00039747836594608,15.2470297856511,1.89849559063038,-7.13642759720638,15.2470297856511,0.641061778132574,790.510285632505,6,2,"normal",43
"3044",13.03526,0.122307594044718,0,200,0.00039747836594608,15.2470297856511,1.89849559063038,-7.13642759720638,15.2470297856511,0.641061778132574,790.510285632505,6,2,"normal",44
"3045",10.74806,0.00929033660499602,0,200,0.00039747836594608,15.2470297856511,1.89849559063038,-7.13642759720638,15.2470297856511,0.641061778132574,790.510285632505,6,2,"normal",45
"3046",12.76983,0.0962978269021809,0,200,0.00039747836594608,15.2470297856511,1.89849559063038,-7.13642759720638,15.2470297856511,0.641061778132574,790.510285632505,6,2,"normal",46
"3047",16.83642,0.798517939642657,0,200,0.00039747836594608,15.2470297856511,1.89849559063038,-7.13642759720638,15.2470297856511,0.641061778132574,790.510285632505,6,2,"normal",47
"3048",19.47481,0.986636217419146,1,200,0.00039747836594608,15.2470297856511,1.89849559063038,-7.13642759720638,15.2470297856511,0.641061778132574,790.510285632505,6,2,"normal",48
"3049",14.17338,0.286028046975792,0,200,0.00039747836594608,15.2470297856511,1.89849559063038,-7.13642759720638,15.2470297856511,0.641061778132574,790.510285632505,6,2,"normal",49
"3050",13.24271,0.145825039451639,0,200,0.00039747836594608,15.2470297856511,1.89849559063038,-7.13642759720638,15.2470297856511,0.641061778132574,790.510285632505,6,2,"normal",50
"3051",14.26599,0.302823651365668,0,200,0.00039747836594608,15.2470297856511,1.89849559063038,-7.13642759720638,15.2470297856511,0.641061778132574,790.510285632505,6,2,"normal",51
"3052",17.63497,0.895454519916476,1,200,0.00039747836594608,15.2470297856511,1.89849559063038,-7.13642759720638,15.2470297856511,0.641061778132574,790.510285632505,6,2,"normal",52
"3053",18.75868,0.967449812638823,1,200,0.00039747836594608,15.2470297856511,1.89849559063038,-7.13642759720638,15.2470297856511,0.641061778132574,790.510285632505,6,2,"normal",53
"3054",12.13619,0.051007435721634,0,200,0.00039747836594608,15.2470297856511,1.89849559063038,-7.13642759720638,15.2470297856511,0.641061778132574,790.510285632505,6,2,"normal",54
"3055",13.05762,0.124705742728142,0,200,0.00039747836594608,15.2470297856511,1.89849559063038,-7.13642759720638,15.2470297856511,0.641061778132574,790.510285632505,6,2,"normal",55
"3056",12.17793,0.053338150982074,0,200,0.00039747836594608,15.2470297856511,1.89849559063038,-7.13642759720638,15.2470297856511,0.641061778132574,790.510285632505,6,2,"normal",56
"3057",14.51357,0.349742958168636,1,200,0.00039747836594608,15.2470297856511,1.89849559063038,-7.13642759720638,15.2470297856511,0.641061778132574,790.510285632505,6,2,"normal",57
"3058",17.67304,0.89903301019655,1,200,0.00039747836594608,15.2470297856511,1.89849559063038,-7.13642759720638,15.2470297856511,0.641061778132574,790.510285632505,6,2,"normal",58
"3059",13.63519,0.198178276650017,0,200,0.00039747836594608,15.2470297856511,1.89849559063038,-7.13642759720638,15.2470297856511,0.641061778132574,790.510285632505,6,2,"normal",59
"3060",12.39821,0.0670782271227898,0,200,0.00039747836594608,15.2470297856511,1.89849559063038,-7.13642759720638,15.2470297856511,0.641061778132574,790.510285632505,6,2,"normal",60
"3061",19.4134,0.985516286922867,1,200,0.00039747836594608,15.2470297856511,1.89849559063038,-7.13642759720638,15.2470297856511,0.641061778132574,790.510285632505,6,2,"normal",61
"3062",17.57748,0.889877094382168,1,200,0.00039747836594608,15.2470297856511,1.89849559063038,-7.13642759720638,15.2470297856511,0.641061778132574,790.510285632505,6,2,"normal",62
"3063",18.08937,0.932479324723283,1,200,0.00039747836594608,15.2470297856511,1.89849559063038,-7.13642759720638,15.2470297856511,0.641061778132574,790.510285632505,6,2,"normal",63
"3064",18.01153,0.926985142758874,1,200,0.00039747836594608,15.2470297856511,1.89849559063038,-7.13642759720638,15.2470297856511,0.641061778132574,790.510285632505,6,2,"normal",64
"3065",17.66419,0.898209240285442,1,200,0.00039747836594608,15.2470297856511,1.89849559063038,-7.13642759720638,15.2470297856511,0.641061778132574,790.510285632505,6,2,"normal",65
"3066",16.97034,0.817735211238285,1,200,0.00039747836594608,15.2470297856511,1.89849559063038,-7.13642759720638,15.2470297856511,0.641061778132574,790.510285632505,6,2,"normal",66
"3067",15.04575,0.45781653454383,1,200,0.00039747836594608,15.2470297856511,1.89849559063038,-7.13642759720638,15.2470297856511,0.641061778132574,790.510285632505,6,2,"normal",67
"3068",13.57656,0.189705961063659,0,200,0.00039747836594608,15.2470297856511,1.89849559063038,-7.13642759720638,15.2470297856511,0.641061778132574,790.510285632505,6,2,"normal",68
"3069",12.27122,0.0588549507089895,0,200,0.00039747836594608,15.2470297856511,1.89849559063038,-7.13642759720638,15.2470297856511,0.641061778132574,790.510285632505,6,2,"normal",69
"3070",13.31155,0.154262449176309,0,200,0.00039747836594608,15.2470297856511,1.89849559063038,-7.13642759720638,15.2470297856511,0.641061778132574,790.510285632505,6,2,"normal",70
"3071",17.30952,0.86105759320776,1,200,0.00039747836594608,15.2470297856511,1.89849559063038,-7.13642759720638,15.2470297856511,0.641061778132574,790.510285632505,6,2,"normal",71
"3072",17.45411,0.877192153534896,1,200,0.00039747836594608,15.2470297856511,1.89849559063038,-7.13642759720638,15.2470297856511,0.641061778132574,790.510285632505,6,2,"normal",72
"3073",17.55116,0.887253319837684,1,200,0.00039747836594608,15.2470297856511,1.89849559063038,-7.13642759720638,15.2470297856511,0.641061778132574,790.510285632505,6,2,"normal",73
"3074",17.62112,0.894130021813353,1,200,0.00039747836594608,15.2470297856511,1.89849559063038,-7.13642759720638,15.2470297856511,0.641061778132574,790.510285632505,6,2,"normal",74
"3075",17.71853,0.903190325184903,1,200,0.00039747836594608,15.2470297856511,1.89849559063038,-7.13642759720638,15.2470297856511,0.641061778132574,790.510285632505,6,2,"normal",75
"3076",17.40656,0.872038410462789,1,200,0.00039747836594608,15.2470297856511,1.89849559063038,-7.13642759720638,15.2470297856511,0.641061778132574,790.510285632505,6,2,"normal",76
"3077",13.22372,0.143553335399438,0,200,0.00039747836594608,15.2470297856511,1.89849559063038,-7.13642759720638,15.2470297856511,0.641061778132574,790.510285632505,6,2,"normal",77
"3078",18.02208,0.927749355567978,1,200,0.00039747836594608,15.2470297856511,1.89849559063038,-7.13642759720638,15.2470297856511,0.641061778132574,790.510285632505,6,2,"normal",78
"3079",18.24478,0.94248148906898,1,200,0.00039747836594608,15.2470297856511,1.89849559063038,-7.13642759720638,15.2470297856511,0.641061778132574,790.510285632505,6,2,"normal",79
"3080",12.64629,0.0856894475092119,0,200,0.00039747836594608,15.2470297856511,1.89849559063038,-7.13642759720638,15.2470297856511,0.641061778132574,790.510285632505,6,2,"normal",80
"3081",14.3588,0.320085561021118,0,200,0.00039747836594608,15.2470297856511,1.89849559063038,-7.13642759720638,15.2470297856511,0.641061778132574,790.510285632505,6,2,"normal",81
"3082",15.9576,0.645786260605052,1,200,0.00039747836594608,15.2470297856511,1.89849559063038,-7.13642759720638,15.2470297856511,0.641061778132574,790.510285632505,6,2,"normal",82
"3083",13.17797,0.138179287029516,0,200,0.00039747836594608,15.2470297856511,1.89849559063038,-7.13642759720638,15.2470297856511,0.641061778132574,790.510285632505,6,2,"normal",83
"3084",16.42553,0.732434587692435,1,200,0.00039747836594608,15.2470297856511,1.89849559063038,-7.13642759720638,15.2470297856511,0.641061778132574,790.510285632505,6,2,"normal",84
"3085",13.34609,0.158615533993665,0,200,0.00039747836594608,15.2470297856511,1.89849559063038,-7.13642759720638,15.2470297856511,0.641061778132574,790.510285632505,6,2,"normal",85
"3086",13.12827,0.132499083587941,0,200,0.00039747836594608,15.2470297856511,1.89849559063038,-7.13642759720638,15.2470297856511,0.641061778132574,790.510285632505,6,2,"normal",86
"3087",17.54107,0.886235681284167,1,200,0.00039747836594608,15.2470297856511,1.89849559063038,-7.13642759720638,15.2470297856511,0.641061778132574,790.510285632505,6,2,"normal",87
"3088",14.15797,0.283276933797118,1,200,0.00039747836594608,15.2470297856511,1.89849559063038,-7.13642759720638,15.2470297856511,0.641061778132574,790.510285632505,6,2,"normal",88
"3089",13.75006,0.215427626138681,0,200,0.00039747836594608,15.2470297856511,1.89849559063038,-7.13642759720638,15.2470297856511,0.641061778132574,790.510285632505,6,2,"normal",89
"3090",17.08107,0.83272551487458,1,200,0.00039747836594608,15.2470297856511,1.89849559063038,-7.13642759720638,15.2470297856511,0.641061778132574,790.510285632505,6,2,"normal",90
"3091",16.53029,0.750260038292934,1,200,0.00039747836594608,15.2470297856511,1.89849559063038,-7.13642759720638,15.2470297856511,0.641061778132574,790.510285632505,6,2,"normal",91
"3092",13.62401,0.196545277678913,0,200,0.00039747836594608,15.2470297856511,1.89849559063038,-7.13642759720638,15.2470297856511,0.641061778132574,790.510285632505,6,2,"normal",92
"3093",17.27304,0.856767750014539,1,200,0.00039747836594608,15.2470297856511,1.89849559063038,-7.13642759720638,15.2470297856511,0.641061778132574,790.510285632505,6,2,"normal",93
"3094",16.42591,0.732500389367098,1,200,0.00039747836594608,15.2470297856511,1.89849559063038,-7.13642759720638,15.2470297856511,0.641061778132574,790.510285632505,6,2,"normal",94
"3095",14.0017,0.256120209727955,1,200,0.00039747836594608,15.2470297856511,1.89849559063038,-7.13642759720638,15.2470297856511,0.641061778132574,790.510285632505,6,2,"normal",95
"3096",13.24183,0.145719235591707,0,200,0.00039747836594608,15.2470297856511,1.89849559063038,-7.13642759720638,15.2470297856511,0.641061778132574,790.510285632505,6,2,"normal",96
"3097",16.51306,0.747372318266802,1,200,0.00039747836594608,15.2470297856511,1.89849559063038,-7.13642759720638,15.2470297856511,0.641061778132574,790.510285632505,6,2,"normal",97
"3098",16.89249,0.806707703863359,1,200,0.00039747836594608,15.2470297856511,1.89849559063038,-7.13642759720638,15.2470297856511,0.641061778132574,790.510285632505,6,2,"normal",98
"3099",16.35226,0.719596193375782,1,200,0.00039747836594608,15.2470297856511,1.89849559063038,-7.13642759720638,15.2470297856511,0.641061778132574,790.510285632505,6,2,"normal",99
"3100",13.57076,0.188880148408752,1,200,0.00039747836594608,15.2470297856511,1.89849559063038,-7.13642759720638,15.2470297856511,0.641061778132574,790.510285632505,6,2,"normal",100
"3101",15.84262,0.623034096017275,0,200,0.00039747836594608,15.2470297856511,1.89849559063038,-7.13642759720638,15.2470297856511,0.641061778132574,790.510285632505,6,2,"normal",101
"3102",16.60671,0.762853314743065,1,200,0.00039747836594608,15.2470297856511,1.89849559063038,-7.13642759720638,15.2470297856511,0.641061778132574,790.510285632505,6,2,"normal",102
"3103",13.24289,0.145846687530186,0,200,0.00039747836594608,15.2470297856511,1.89849559063038,-7.13642759720638,15.2470297856511,0.641061778132574,790.510285632505,6,2,"normal",103
"3104",13.71855,0.210611072824228,0,200,0.00039747836594608,15.2470297856511,1.89849559063038,-7.13642759720638,15.2470297856511,0.641061778132574,790.510285632505,6,2,"normal",104
"3105",16.02749,0.659371414269103,0,200,0.00039747836594608,15.2470297856511,1.89849559063038,-7.13642759720638,15.2470297856511,0.641061778132574,790.510285632505,6,2,"normal",105
"3106",13.35254,0.159437296158692,0,200,0.00039747836594608,15.2470297856511,1.89849559063038,-7.13642759720638,15.2470297856511,0.641061778132574,790.510285632505,6,2,"normal",106
"3107",13.38005,0.162973540584596,0,200,0.00039747836594608,15.2470297856511,1.89849559063038,-7.13642759720638,15.2470297856511,0.641061778132574,790.510285632505,6,2,"normal",107
"3108",14.03686,0.262109645545221,0,200,0.00039747836594608,15.2470297856511,1.89849559063038,-7.13642759720638,15.2470297856511,0.641061778132574,790.510285632505,6,2,"normal",108
"3109",16.79022,0.791615670563727,0,200,0.00039747836594608,15.2470297856511,1.89849559063038,-7.13642759720638,15.2470297856511,0.641061778132574,790.510285632505,6,2,"normal",109
"3110",13.85216,0.231467520307689,0,200,0.00039747836594608,15.2470297856511,1.89849559063038,-7.13642759720638,15.2470297856511,0.641061778132574,790.510285632505,6,2,"normal",110
"3111",12.97858,0.116374701474675,1,200,0.00039747836594608,15.2470297856511,1.89849559063038,-7.13642759720638,15.2470297856511,0.641061778132574,790.510285632505,6,2,"normal",111
"3112",16.72442,0.781547487497632,1,200,0.00039747836594608,15.2470297856511,1.89849559063038,-7.13642759720638,15.2470297856511,0.641061778132574,790.510285632505,6,2,"normal",112
"3113",16.54688,0.753023808214033,1,200,0.00039747836594608,15.2470297856511,1.89849559063038,-7.13642759720638,15.2470297856511,0.641061778132574,790.510285632505,6,2,"normal",113
"3114",14.05793,0.265733038749942,1,200,0.00039747836594608,15.2470297856511,1.89849559063038,-7.13642759720638,15.2470297856511,0.641061778132574,790.510285632505,6,2,"normal",114
"3115",16.50134,0.745398039838791,0,200,0.00039747836594608,15.2470297856511,1.89849559063038,-7.13642759720638,15.2470297856511,0.641061778132574,790.510285632505,6,2,"normal",115
"3116",13.40865,0.166703704504402,0,200,0.00039747836594608,15.2470297856511,1.89849559063038,-7.13642759720638,15.2470297856511,0.641061778132574,790.510285632505,6,2,"normal",116
"3117",16.20413,0.692763778577594,1,200,0.00039747836594608,15.2470297856511,1.89849559063038,-7.13642759720638,15.2470297856511,0.641061778132574,790.510285632505,6,2,"normal",117
"3118",13.82141,0.226567707237501,0,200,0.00039747836594608,15.2470297856511,1.89849559063038,-7.13642759720638,15.2470297856511,0.641061778132574,790.510285632505,6,2,"normal",118
"3119",13.04131,0.122953237147536,0,200,0.00039747836594608,15.2470297856511,1.89849559063038,-7.13642759720638,15.2470297856511,0.641061778132574,790.510285632505,6,2,"normal",119
"3120",13.7173,0.210421315746282,0,200,0.00039747836594608,15.2470297856511,1.89849559063038,-7.13642759720638,15.2470297856511,0.641061778132574,790.510285632505,6,2,"normal",120
"3121",17.0051,0.822529072489628,1,200,0.00039747836594608,15.2470297856511,1.89849559063038,-7.13642759720638,15.2470297856511,0.641061778132574,790.510285632505,6,2,"normal",121
"3122",12.74443,0.0940410738632567,0,200,0.00039747836594608,15.2470297856511,1.89849559063038,-7.13642759720638,15.2470297856511,0.641061778132574,790.510285632505,6,2,"normal",122
"3123",16.92064,0.810741453919214,1,200,0.00039747836594608,15.2470297856511,1.89849559063038,-7.13642759720638,15.2470297856511,0.641061778132574,790.510285632505,6,2,"normal",123
"3124",15.82796,0.620100234434326,0,200,0.00039747836594608,15.2470297856511,1.89849559063038,-7.13642759720638,15.2470297856511,0.641061778132574,790.510285632505,6,2,"normal",124
"3125",13.9824,0.252863163394013,0,200,0.00039747836594608,15.2470297856511,1.89849559063038,-7.13642759720638,15.2470297856511,0.641061778132574,790.510285632505,6,2,"normal",125
"3126",13.82406,0.226987643159023,0,200,0.00039747836594608,15.2470297856511,1.89849559063038,-7.13642759720638,15.2470297856511,0.641061778132574,790.510285632505,6,2,"normal",126
"3127",13.85975,0.232685986549263,0,200,0.00039747836594608,15.2470297856511,1.89849559063038,-7.13642759720638,15.2470297856511,0.641061778132574,790.510285632505,6,2,"normal",127
"3128",13.42072,0.168294388472846,0,200,0.00039747836594608,15.2470297856511,1.89849559063038,-7.13642759720638,15.2470297856511,0.641061778132574,790.510285632505,6,2,"normal",128
"3129",13.91546,0.241737936050834,0,200,0.00039747836594608,15.2470297856511,1.89849559063038,-7.13642759720638,15.2470297856511,0.641061778132574,790.510285632505,6,2,"normal",129
"3130",16.72973,0.782370253909246,1,200,0.00039747836594608,15.2470297856511,1.89849559063038,-7.13642759720638,15.2470297856511,0.641061778132574,790.510285632505,6,2,"normal",130
"3131",13.57008,0.188783474656906,0,200,0.00039747836594608,15.2470297856511,1.89849559063038,-7.13642759720638,15.2470297856511,0.641061778132574,790.510285632505,6,2,"normal",131
"3132",16.51947,0.748448678597875,1,200,0.00039747836594608,15.2470297856511,1.89849559063038,-7.13642759720638,15.2470297856511,0.641061778132574,790.510285632505,6,2,"normal",132
"3133",16.10642,0.674467664414921,1,200,0.00039747836594608,15.2470297856511,1.89849559063038,-7.13642759720638,15.2470297856511,0.641061778132574,790.510285632505,6,2,"normal",133
"3134",16.98932,0.82036277754062,1,200,0.00039747836594608,15.2470297856511,1.89849559063038,-7.13642759720638,15.2470297856511,0.641061778132574,790.510285632505,6,2,"normal",134
"3135",14.01282,0.258006715729746,0,200,0.00039747836594608,15.2470297856511,1.89849559063038,-7.13642759720638,15.2470297856511,0.641061778132574,790.510285632505,6,2,"normal",135
"3136",17.05039,0.828654216143973,1,200,0.00039747836594608,15.2470297856511,1.89849559063038,-7.13642759720638,15.2470297856511,0.641061778132574,790.510285632505,6,2,"normal",136
"3137",16.59408,0.76079643039447,1,200,0.00039747836594608,15.2470297856511,1.89849559063038,-7.13642759720638,15.2470297856511,0.641061778132574,790.510285632505,6,2,"normal",137
"3138",13.88306,0.236450320321102,0,200,0.00039747836594608,15.2470297856511,1.89849559063038,-7.13642759720638,15.2470297856511,0.641061778132574,790.510285632505,6,2,"normal",138
"3139",15.67743,0.589602506569122,1,200,0.00039747836594608,15.2470297856511,1.89849559063038,-7.13642759720638,15.2470297856511,0.641061778132574,790.510285632505,6,2,"normal",139
"3140",16.84227,0.799382025077408,0,200,0.00039747836594608,15.2470297856511,1.89849559063038,-7.13642759720638,15.2470297856511,0.641061778132574,790.510285632505,6,2,"normal",140
"3141",12.54357,0.0775591679928906,0,200,0.00039747836594608,15.2470297856511,1.89849559063038,-7.13642759720638,15.2470297856511,0.641061778132574,790.510285632505,6,2,"normal",141
"3142",13.74453,0.214577717120965,0,200,0.00039747836594608,15.2470297856511,1.89849559063038,-7.13642759720638,15.2470297856511,0.641061778132574,790.510285632505,6,2,"normal",142
"3143",13.91394,0.241488445480659,0,200,0.00039747836594608,15.2470297856511,1.89849559063038,-7.13642759720638,15.2470297856511,0.641061778132574,790.510285632505,6,2,"normal",143
"3144",17.13717,0.840006971263551,1,200,0.00039747836594608,15.2470297856511,1.89849559063038,-7.13642759720638,15.2470297856511,0.641061778132574,790.510285632505,6,2,"normal",144
"3145",13.79505,0.222414543233287,0,200,0.00039747836594608,15.2470297856511,1.89849559063038,-7.13642759720638,15.2470297856511,0.641061778132574,790.510285632505,6,2,"normal",145
"3146",17.33207,0.863665006964103,1,200,0.00039747836594608,15.2470297856511,1.89849559063038,-7.13642759720638,15.2470297856511,0.641061778132574,790.510285632505,6,2,"normal",146
"3147",17.13893,0.840231994411742,1,200,0.00039747836594608,15.2470297856511,1.89849559063038,-7.13642759720638,15.2470297856511,0.641061778132574,790.510285632505,6,2,"normal",147
"3148",12.82157,0.101018081648852,0,200,0.00039747836594608,15.2470297856511,1.89849559063038,-7.13642759720638,15.2470297856511,0.641061778132574,790.510285632505,6,2,"normal",148
"3149",14.01006,0.257537809291784,0,200,0.00039747836594608,15.2470297856511,1.89849559063038,-7.13642759720638,15.2470297856511,0.641061778132574,790.510285632505,6,2,"normal",149
"3150",16.61343,0.763943732000753,1,200,0.00039747836594608,15.2470297856511,1.89849559063038,-7.13642759720638,15.2470297856511,0.641061778132574,790.510285632505,6,2,"normal",150
"3151",16.58678,0.759603133044834,1,200,0.00039747836594608,15.2470297856511,1.89849559063038,-7.13642759720638,15.2470297856511,0.641061778132574,790.510285632505,6,2,"normal",151
"3152",16.55388,0.754185016641224,0,200,0.00039747836594608,15.2470297856511,1.89849559063038,-7.13642759720638,15.2470297856511,0.641061778132574,790.510285632505,6,2,"normal",152
"3153",16.75598,0.786411180240496,1,200,0.00039747836594608,15.2470297856511,1.89849559063038,-7.13642759720638,15.2470297856511,0.641061778132574,790.510285632505,6,2,"normal",153
"3154",13.95559,0.248375252968328,0,200,0.00039747836594608,15.2470297856511,1.89849559063038,-7.13642759720638,15.2470297856511,0.641061778132574,790.510285632505,6,2,"normal",154
"3155",14.26002,0.301727698510481,0,200,0.00039747836594608,15.2470297856511,1.89849559063038,-7.13642759720638,15.2470297856511,0.641061778132574,790.510285632505,6,2,"normal",155
"3156",13.96245,0.249519530126816,0,200,0.00039747836594608,15.2470297856511,1.89849559063038,-7.13642759720638,15.2470297856511,0.641061778132574,790.510285632505,6,2,"normal",156
"3157",14.05069,0.264485117014232,1,200,0.00039747836594608,15.2470297856511,1.89849559063038,-7.13642759720638,15.2470297856511,0.641061778132574,790.510285632505,6,2,"normal",157
"3158",14.16292,0.284159258910665,0,200,0.00039747836594608,15.2470297856511,1.89849559063038,-7.13642759720638,15.2470297856511,0.641061778132574,790.510285632505,6,2,"normal",158
"3159",13.49885,0.178826754526099,0,200,0.00039747836594608,15.2470297856511,1.89849559063038,-7.13642759720638,15.2470297856511,0.641061778132574,790.510285632505,6,2,"normal",159
"3160",16.57993,0.758480446215801,1,200,0.00039747836594608,15.2470297856511,1.89849559063038,-7.13642759720638,15.2470297856511,0.641061778132574,790.510285632505,6,2,"normal",160
"3161",13.89094,0.237730419148652,0,200,0.00039747836594608,15.2470297856511,1.89849559063038,-7.13642759720638,15.2470297856511,0.641061778132574,790.510285632505,6,2,"normal",161
"3162",14.4248,0.332605894174805,0,200,0.00039747836594608,15.2470297856511,1.89849559063038,-7.13642759720638,15.2470297856511,0.641061778132574,790.510285632505,6,2,"normal",162
"3163",16.06286,0.66616979543762,0,200,0.00039747836594608,15.2470297856511,1.89849559063038,-7.13642759720638,15.2470297856511,0.641061778132574,790.510285632505,6,2,"normal",163
"3164",14.60698,0.368112401152212,0,200,0.00039747836594608,15.2470297856511,1.89849559063038,-7.13642759720638,15.2470297856511,0.641061778132574,790.510285632505,6,2,"normal",164
"3165",17.00649,0.82271909746178,1,200,0.00039747836594608,15.2470297856511,1.89849559063038,-7.13642759720638,15.2470297856511,0.641061778132574,790.510285632505,6,2,"normal",165
"3166",13.30619,0.15359409849866,0,200,0.00039747836594608,15.2470297856511,1.89849559063038,-7.13642759720638,15.2470297856511,0.641061778132574,790.510285632505,6,2,"normal",166
"3167",16.44662,0.736074169152827,1,200,0.00039747836594608,15.2470297856511,1.89849559063038,-7.13642759720638,15.2470297856511,0.641061778132574,790.510285632505,6,2,"normal",167
"3168",14.37217,0.322605944383803,1,200,0.00039747836594608,15.2470297856511,1.89849559063038,-7.13642759720638,15.2470297856511,0.641061778132574,790.510285632505,6,2,"normal",168
"3169",17.17768,0.845133690580063,1,200,0.00039747836594608,15.2470297856511,1.89849559063038,-7.13642759720638,15.2470297856511,0.641061778132574,790.510285632505,6,2,"normal",169
"3170",16.27359,0.705487252011948,1,200,0.00039747836594608,15.2470297856511,1.89849559063038,-7.13642759720638,15.2470297856511,0.641061778132574,790.510285632505,6,2,"normal",170
"3171",16.84291,0.799476421950573,1,200,0.00039747836594608,15.2470297856511,1.89849559063038,-7.13642759720638,15.2470297856511,0.641061778132574,790.510285632505,6,2,"normal",171
"3172",14.11431,0.27555220581301,0,200,0.00039747836594608,15.2470297856511,1.89849559063038,-7.13642759720638,15.2470297856511,0.641061778132574,790.510285632505,6,2,"normal",172
"3173",13.72342,0.211351325740706,0,200,0.00039747836594608,15.2470297856511,1.89849559063038,-7.13642759720638,15.2470297856511,0.641061778132574,790.510285632505,6,2,"normal",173
"3174",17.29972,0.859913885477708,1,200,0.00039747836594608,15.2470297856511,1.89849559063038,-7.13642759720638,15.2470297856511,0.641061778132574,790.510285632505,6,2,"normal",174
"3175",14.14641,0.281221535444884,1,200,0.00039747836594608,15.2470297856511,1.89849559063038,-7.13642759720638,15.2470297856511,0.641061778132574,790.510285632505,6,2,"normal",175
"3176",13.49431,0.178203579902464,1,200,0.00039747836594608,15.2470297856511,1.89849559063038,-7.13642759720638,15.2470297856511,0.641061778132574,790.510285632505,6,2,"normal",176
"3177",14.1904,0.289081295130289,1,200,0.00039747836594608,15.2470297856511,1.89849559063038,-7.13642759720638,15.2470297856511,0.641061778132574,790.510285632505,6,2,"normal",177
"3178",16.44588,0.735946893919378,1,200,0.00039747836594608,15.2470297856511,1.89849559063038,-7.13642759720638,15.2470297856511,0.641061778132574,790.510285632505,6,2,"normal",178
"3179",13.9898,0.254109391008052,0,200,0.00039747836594608,15.2470297856511,1.89849559063038,-7.13642759720638,15.2470297856511,0.641061778132574,790.510285632505,6,2,"normal",179
"3180",13.51212,0.180656110224892,0,200,0.00039747836594608,15.2470297856511,1.89849559063038,-7.13642759720638,15.2470297856511,0.641061778132574,790.510285632505,6,2,"normal",180
"3181",16.62959,0.766554555527572,0,200,0.00039747836594608,15.2470297856511,1.89849559063038,-7.13642759720638,15.2470297856511,0.641061778132574,790.510285632505,6,2,"normal",181
"3182",16.28336,0.70725717279142,1,200,0.00039747836594608,15.2470297856511,1.89849559063038,-7.13642759720638,15.2470297856511,0.641061778132574,790.510285632505,6,2,"normal",182
"3183",13.94033,0.24583990659366,0,200,0.00039747836594608,15.2470297856511,1.89849559063038,-7.13642759720638,15.2470297856511,0.641061778132574,790.510285632505,6,2,"normal",183
"3184",14.25127,0.300124639482775,0,200,0.00039747836594608,15.2470297856511,1.89849559063038,-7.13642759720638,15.2470297856511,0.641061778132574,790.510285632505,6,2,"normal",184
"3185",13.95501,0.24827863518587,0,200,0.00039747836594608,15.2470297856511,1.89849559063038,-7.13642759720638,15.2470297856511,0.641061778132574,790.510285632505,6,2,"normal",185
"3186",16.21888,0.695485877036697,0,200,0.00039747836594608,15.2470297856511,1.89849559063038,-7.13642759720638,15.2470297856511,0.641061778132574,790.510285632505,6,2,"normal",186
"3187",13.94038,0.245848190963856,0,200,0.00039747836594608,15.2470297856511,1.89849559063038,-7.13642759720638,15.2470297856511,0.641061778132574,790.510285632505,6,2,"normal",187
"3188",14.12401,0.277259415827855,0,200,0.00039747836594608,15.2470297856511,1.89849559063038,-7.13642759720638,15.2470297856511,0.641061778132574,790.510285632505,6,2,"normal",188
"3189",16.42437,0.732233668853849,1,200,0.00039747836594608,15.2470297856511,1.89849559063038,-7.13642759720638,15.2470297856511,0.641061778132574,790.510285632505,6,2,"normal",189
"3190",16.29776,0.709856797225163,1,200,0.00039747836594608,15.2470297856511,1.89849559063038,-7.13642759720638,15.2470297856511,0.641061778132574,790.510285632505,6,2,"normal",190
"3191",14.05066,0.264479952291693,0,200,0.00039747836594608,15.2470297856511,1.89849559063038,-7.13642759720638,15.2470297856511,0.641061778132574,790.510285632505,6,2,"normal",191
"3192",16.62379,0.7656193540403,1,200,0.00039747836594608,15.2470297856511,1.89849559063038,-7.13642759720638,15.2470297856511,0.641061778132574,790.510285632505,6,2,"normal",192
"3193",16.78466,0.79077568463409,1,200,0.00039747836594608,15.2470297856511,1.89849559063038,-7.13642759720638,15.2470297856511,0.641061778132574,790.510285632505,6,2,"normal",193
"3194",16.32688,0.715080430624656,1,200,0.00039747836594608,15.2470297856511,1.89849559063038,-7.13642759720638,15.2470297856511,0.641061778132574,790.510285632505,6,2,"normal",194
"3195",16.38357,0.725118768812314,1,200,0.00039747836594608,15.2470297856511,1.89849559063038,-7.13642759720638,15.2470297856511,0.641061778132574,790.510285632505,6,2,"normal",195
"3196",16.63234,0.766997243957159,0,200,0.00039747836594608,15.2470297856511,1.89849559063038,-7.13642759720638,15.2470297856511,0.641061778132574,790.510285632505,6,2,"normal",196
"3197",16.97328,0.818143789951239,1,200,0.00039747836594608,15.2470297856511,1.89849559063038,-7.13642759720638,15.2470297856511,0.641061778132574,790.510285632505,6,2,"normal",197
"3198",13.36338,0.160824652404259,0,200,0.00039747836594608,15.2470297856511,1.89849559063038,-7.13642759720638,15.2470297856511,0.641061778132574,790.510285632505,6,2,"normal",198
"3199",16.94089,0.813610791869721,1,200,0.00039747836594608,15.2470297856511,1.89849559063038,-7.13642759720638,15.2470297856511,0.641061778132574,790.510285632505,6,2,"normal",199
"3200",17.28706,0.8584269252381,1,200,0.00039747836594608,15.2470297856511,1.89849559063038,-7.13642759720638,15.2470297856511,0.641061778132574,790.510285632505,6,2,"normal",200
"3201",9.50257340558,0.38173692353623,0,200,0.143247908006433,14.0655252077642,10.655957467718,-0.912464368678502,14.0655252077642,2.36611912239724,-85.5071224347081,7,2,"normal",1
"3202",11.9521574996,0.443914633192252,0,200,0.143247908006433,14.0655252077642,10.655957467718,-0.912464368678502,14.0655252077642,2.36611912239724,-85.5071224347081,7,2,"normal",2
"3203",19.2105798544,0.63227872803217,0,200,0.143247908006433,14.0655252077642,10.655957467718,-0.912464368678502,14.0655252077642,2.36611912239724,-85.5071224347081,7,2,"normal",3
"3204",23.887355263,0.729508031762777,0,200,0.143247908006433,14.0655252077642,10.655957467718,-0.912464368678502,14.0655252077642,2.36611912239724,-85.5071224347081,7,2,"normal",4
"3205",36.72654,0.844817700546995,0,200,0.143247908006433,14.0655252077642,10.655957467718,-0.912464368678502,14.0655252077642,2.36611912239724,-85.5071224347081,7,2,"normal",5
"3206",44.96134,0.855418248619046,1,200,0.143247908006433,14.0655252077642,10.655957467718,-0.912464368678502,14.0655252077642,2.36611912239724,-85.5071224347081,7,2,"normal",6
"3207",35.90965,0.842350075684266,1,200,0.143247908006433,14.0655252077642,10.655957467718,-0.912464368678502,14.0655252077642,2.36611912239724,-85.5071224347081,7,2,"normal",7
"3208",47.6338,0.856169996929107,1,200,0.143247908006433,14.0655252077642,10.655957467718,-0.912464368678502,14.0655252077642,2.36611912239724,-85.5071224347081,7,2,"normal",8
"3209",41.4969,0.853168512657382,1,200,0.143247908006433,14.0655252077642,10.655957467718,-0.912464368678502,14.0655252077642,2.36611912239724,-85.5071224347081,7,2,"normal",9
"3210",30.53249,0.813133227451296,1,200,0.143247908006433,14.0655252077642,10.655957467718,-0.912464368678502,14.0655252077642,2.36611912239724,-85.5071224347081,7,2,"normal",10
"3211",23.04406,0.714243409903837,1,200,0.143247908006433,14.0655252077642,10.655957467718,-0.912464368678502,14.0655252077642,2.36611912239724,-85.5071224347081,7,2,"normal",11
"3212",22.68976949,0.707514767577839,0,200,0.143247908006433,14.0655252077642,10.655957467718,-0.912464368678502,14.0655252077642,2.36611912239724,-85.5071224347081,7,2,"normal",12
"3213",23.27022961,0.71844172724619,1,200,0.143247908006433,14.0655252077642,10.655957467718,-0.912464368678502,14.0655252077642,2.36611912239724,-85.5071224347081,7,2,"normal",13
"3214",20.95498,0.67197854840534,0,200,0.143247908006433,14.0655252077642,10.655957467718,-0.912464368678502,14.0655252077642,2.36611912239724,-85.5071224347081,7,2,"normal",14
"3215",23.42081,0.721194640809081,1,200,0.143247908006433,14.0655252077642,10.655957467718,-0.912464368678502,14.0655252077642,2.36611912239724,-85.5071224347081,7,2,"normal",15
"3216",19.7273,0.644415493760181,1,200,0.143247908006433,14.0655252077642,10.655957467718,-0.912464368678502,14.0655252077642,2.36611912239724,-85.5071224347081,7,2,"normal",16
"3217",-1.8191,0.19178241299029,1,200,0.143247908006433,14.0655252077642,10.655957467718,-0.912464368678502,14.0655252077642,2.36611912239724,-85.5071224347081,7,2,"normal",17
"3218",-30.1393,0.143259854024849,0,200,0.143247908006433,14.0655252077642,10.655957467718,-0.912464368678502,14.0655252077642,2.36611912239724,-85.5071224347081,7,2,"normal",18
"3219",38.85319,0.849613838690163,1,200,0.143247908006433,14.0655252077642,10.655957467718,-0.912464368678502,14.0655252077642,2.36611912239724,-85.5071224347081,7,2,"normal",19
"3220",-14.4964,0.145871480128226,0,200,0.143247908006433,14.0655252077642,10.655957467718,-0.912464368678502,14.0655252077642,2.36611912239724,-85.5071224347081,7,2,"normal",20
"3221",18.3655,0.611820373131569,1,200,0.143247908006433,14.0655252077642,10.655957467718,-0.912464368678502,14.0655252077642,2.36611912239724,-85.5071224347081,7,2,"normal",21
"3222",11.84753,0.441176913458154,0,200,0.143247908006433,14.0655252077642,10.655957467718,-0.912464368678502,14.0655252077642,2.36611912239724,-85.5071224347081,7,2,"normal",22
"3223",3.31037,0.254849380907272,0,200,0.143247908006433,14.0655252077642,10.655957467718,-0.912464368678502,14.0655252077642,2.36611912239724,-85.5071224347081,7,2,"normal",23
"3224",14.6497182459,0.515597427709524,1,200,0.143247908006433,14.0655252077642,10.655957467718,-0.912464368678502,14.0655252077642,2.36611912239724,-85.5071224347081,7,2,"normal",24
"3225",13.0629702281,0.473258733408879,0,200,0.143247908006433,14.0655252077642,10.655957467718,-0.912464368678502,14.0655252077642,2.36611912239724,-85.5071224347081,7,2,"normal",25
"3226",15.322106828,0.533488771093654,1,200,0.143247908006433,14.0655252077642,10.655957467718,-0.912464368678502,14.0655252077642,2.36611912239724,-85.5071224347081,7,2,"normal",26
"3227",11.7811264413,0.43944225820588,0,200,0.143247908006433,14.0655252077642,10.655957467718,-0.912464368678502,14.0655252077642,2.36611912239724,-85.5071224347081,7,2,"normal",27
"3228",-22.1985,0.143485537154831,0,200,0.143247908006433,14.0655252077642,10.655957467718,-0.912464368678502,14.0655252077642,2.36611912239724,-85.5071224347081,7,2,"normal",28
"3229",-10.0319,0.151715151050459,0,200,0.143247908006433,14.0655252077642,10.655957467718,-0.912464368678502,14.0655252077642,2.36611912239724,-85.5071224347081,7,2,"normal",29
"3230",15.1721,0.529506308533153,1,200,0.143247908006433,14.0655252077642,10.655957467718,-0.912464368678502,14.0655252077642,2.36611912239724,-85.5071224347081,7,2,"normal",30
"3231",9.0426,0.370632686131841,1,200,0.143247908006433,14.0655252077642,10.655957467718,-0.912464368678502,14.0655252077642,2.36611912239724,-85.5071224347081,7,2,"normal",31
"3232",13.588194171,0.487253570026945,1,200,0.143247908006433,14.0655252077642,10.655957467718,-0.912464368678502,14.0655252077642,2.36611912239724,-85.5071224347081,7,2,"normal",32
"3233",24.58406,0.741310034804213,1,200,0.143247908006433,14.0655252077642,10.655957467718,-0.912464368678502,14.0655252077642,2.36611912239724,-85.5071224347081,7,2,"normal",33
"3234",35.62733,0.841402226885437,1,200,0.143247908006433,14.0655252077642,10.655957467718,-0.912464368678502,14.0655252077642,2.36611912239724,-85.5071224347081,7,2,"normal",34
"3235",-31.68501,0.143254184673358,0,200,0.143247908006433,14.0655252077642,10.655957467718,-0.912464368678502,14.0655252077642,2.36611912239724,-85.5071224347081,7,2,"normal",35
"3236",10.5248,0.407130443580262,0,200,0.143247908006433,14.0655252077642,10.655957467718,-0.912464368678502,14.0655252077642,2.36611912239724,-85.5071224347081,7,2,"normal",36
"3237",17.10387,0.580075250981274,1,200,0.143247908006433,14.0655252077642,10.655957467718,-0.912464368678502,14.0655252077642,2.36611912239724,-85.5071224347081,7,2,"normal",37
"3238",10.87037,0.415911385195269,0,200,0.143247908006433,14.0655252077642,10.655957467718,-0.912464368678502,14.0655252077642,2.36611912239724,-85.5071224347081,7,2,"normal",38
"3239",12.39273,0.45549835480838,1,200,0.143247908006433,14.0655252077642,10.655957467718,-0.912464368678502,14.0655252077642,2.36611912239724,-85.5071224347081,7,2,"normal",39
"3240",22.62865,0.706335361856339,0,200,0.143247908006433,14.0655252077642,10.655957467718,-0.912464368678502,14.0655252077642,2.36611912239724,-85.5071224347081,7,2,"normal",40
"3241",22.14182,0.696747806752977,1,200,0.143247908006433,14.0655252077642,10.655957467718,-0.912464368678502,14.0655252077642,2.36611912239724,-85.5071224347081,7,2,"normal",41
"3242",-10.42325,0.150937482804064,0,200,0.143247908006433,14.0655252077642,10.655957467718,-0.912464368678502,14.0655252077642,2.36611912239724,-85.5071224347081,7,2,"normal",42
"3243",1.2522,0.225010747751817,0,200,0.143247908006433,14.0655252077642,10.655957467718,-0.912464368678502,14.0655252077642,2.36611912239724,-85.5071224347081,7,2,"normal",43
"3244",43.102,0.854457464818306,1,200,0.143247908006433,14.0655252077642,10.655957467718,-0.912464368678502,14.0655252077642,2.36611912239724,-85.5071224347081,7,2,"normal",44
"3245",-0.302199999999999,0.206590286762214,0,200,0.143247908006433,14.0655252077642,10.655957467718,-0.912464368678502,14.0655252077642,2.36611912239724,-85.5071224347081,7,2,"normal",45
"3246",39.9606,0.851367086755415,1,200,0.143247908006433,14.0655252077642,10.655957467718,-0.912464368678502,14.0655252077642,2.36611912239724,-85.5071224347081,7,2,"normal",46
"3247",-39.302,0.143248103976827,0,200,0.143247908006433,14.0655252077642,10.655957467718,-0.912464368678502,14.0655252077642,2.36611912239724,-85.5071224347081,7,2,"normal",47
"3248",27.5482,0.783341726162966,1,200,0.143247908006433,14.0655252077642,10.655957467718,-0.912464368678502,14.0655252077642,2.36611912239724,-85.5071224347081,7,2,"normal",48
"3249",25.8865,0.761396614709393,1,200,0.143247908006433,14.0655252077642,10.655957467718,-0.912464368678502,14.0655252077642,2.36611912239724,-85.5071224347081,7,2,"normal",49
"3250",48.57,0.856322735046914,1,200,0.143247908006433,14.0655252077642,10.655957467718,-0.912464368678502,14.0655252077642,2.36611912239724,-85.5071224347081,7,2,"normal",50
"3251",-0.0183,0.209701146232028,0,200,0.143247908006433,14.0655252077642,10.655957467718,-0.912464368678502,14.0655252077642,2.36611912239724,-85.5071224347081,7,2,"normal",51
"3252",29.40051,0.803195651789081,1,200,0.143247908006433,14.0655252077642,10.655957467718,-0.912464368678502,14.0655252077642,2.36611912239724,-85.5071224347081,7,2,"normal",52
"3253",-11.8074,0.148663875686374,1,200,0.143247908006433,14.0655252077642,10.655957467718,-0.912464368678502,14.0655252077642,2.36611912239724,-85.5071224347081,7,2,"normal",53
"3254",14.01912,0.498760406014709,0,200,0.143247908006433,14.0655252077642,10.655957467718,-0.912464368678502,14.0655252077642,2.36611912239724,-85.5071224347081,7,2,"normal",54
"3255",21.58819,0.685434783918966,1,200,0.143247908006433,14.0655252077642,10.655957467718,-0.912464368678502,14.0655252077642,2.36611912239724,-85.5071224347081,7,2,"normal",55
"3256",24.5924,0.741446848575418,1,200,0.143247908006433,14.0655252077642,10.655957467718,-0.912464368678502,14.0655252077642,2.36611912239724,-85.5071224347081,7,2,"normal",56
"3257",23.3994,0.720805289751321,0,200,0.143247908006433,14.0655252077642,10.655957467718,-0.912464368678502,14.0655252077642,2.36611912239724,-85.5071224347081,7,2,"normal",57
"3258",38.1722,0.848303988439419,1,200,0.143247908006433,14.0655252077642,10.655957467718,-0.912464368678502,14.0655252077642,2.36611912239724,-85.5071224347081,7,2,"normal",58
"3259",23.64087,0.725156702177218,1,200,0.143247908006433,14.0655252077642,10.655957467718,-0.912464368678502,14.0655252077642,2.36611912239724,-85.5071224347081,7,2,"normal",59
"3260",-6.8296,0.16104706966912,0,200,0.143247908006433,14.0655252077642,10.655957467718,-0.912464368678502,14.0655252077642,2.36611912239724,-85.5071224347081,7,2,"normal",60
"3261",-2.26741,0.187962175325969,0,200,0.143247908006433,14.0655252077642,10.655957467718,-0.912464368678502,14.0655252077642,2.36611912239724,-85.5071224347081,7,2,"normal",61
"3262",4.8737,0.281795301934635,0,200,0.143247908006433,14.0655252077642,10.655957467718,-0.912464368678502,14.0655252077642,2.36611912239724,-85.5071224347081,7,2,"normal",62
"3263",-0.773689999999999,0.201665521708612,0,200,0.143247908006433,14.0655252077642,10.655957467718,-0.912464368678502,14.0655252077642,2.36611912239724,-85.5071224347081,7,2,"normal",63
"3264",1.0421,0.222319209246438,0,200,0.143247908006433,14.0655252077642,10.655957467718,-0.912464368678502,14.0655252077642,2.36611912239724,-85.5071224347081,7,2,"normal",64
"3265",23.78908,0.727784111105274,1,200,0.143247908006433,14.0655252077642,10.655957467718,-0.912464368678502,14.0655252077642,2.36611912239724,-85.5071224347081,7,2,"normal",65
"3266",44.4092,0.855180483593811,1,200,0.143247908006433,14.0655252077642,10.655957467718,-0.912464368678502,14.0655252077642,2.36611912239724,-85.5071224347081,7,2,"normal",66
"3267",18.9407,0.625824074369165,0,200,0.143247908006433,14.0655252077642,10.655957467718,-0.912464368678502,14.0655252077642,2.36611912239724,-85.5071224347081,7,2,"normal",67
"3268",23.70188,0.7262422705763,1,200,0.143247908006433,14.0655252077642,10.655957467718,-0.912464368678502,14.0655252077642,2.36611912239724,-85.5071224347081,7,2,"normal",68
"3269",5.94045,0.302276151554156,0,200,0.143247908006433,14.0655252077642,10.655957467718,-0.912464368678502,14.0655252077642,2.36611912239724,-85.5071224347081,7,2,"normal",69
"3270",22.62173,0.706201484918467,1,200,0.143247908006433,14.0655252077642,10.655957467718,-0.912464368678502,14.0655252077642,2.36611912239724,-85.5071224347081,7,2,"normal",70
"3271",27.5359,0.783194052543447,1,200,0.143247908006433,14.0655252077642,10.655957467718,-0.912464368678502,14.0655252077642,2.36611912239724,-85.5071224347081,7,2,"normal",71
"3272",15.82311,0.546737427827459,1,200,0.143247908006433,14.0655252077642,10.655957467718,-0.912464368678502,14.0655252077642,2.36611912239724,-85.5071224347081,7,2,"normal",72
"3273",35.5841,0.841252532849222,1,200,0.143247908006433,14.0655252077642,10.655957467718,-0.912464368678502,14.0655252077642,2.36611912239724,-85.5071224347081,7,2,"normal",73
"3274",40.8985,0.852543014205923,0,200,0.143247908006433,14.0655252077642,10.655957467718,-0.912464368678502,14.0655252077642,2.36611912239724,-85.5071224347081,7,2,"normal",74
"3275",24.66108,0.742569490645791,0,200,0.143247908006433,14.0655252077642,10.655957467718,-0.912464368678502,14.0655252077642,2.36611912239724,-85.5071224347081,7,2,"normal",75
"3276",8.1248,0.349159509378935,1,200,0.143247908006433,14.0655252077642,10.655957467718,-0.912464368678502,14.0655252077642,2.36611912239724,-85.5071224347081,7,2,"normal",76
"3277",-6.62028,0.161880635529052,0,200,0.143247908006433,14.0655252077642,10.655957467718,-0.912464368678502,14.0655252077642,2.36611912239724,-85.5071224347081,7,2,"normal",77
"3278",6.29173,0.309380269053821,1,200,0.143247908006433,14.0655252077642,10.655957467718,-0.912464368678502,14.0655252077642,2.36611912239724,-85.5071224347081,7,2,"normal",78
"3279",-6.2665,0.16336360909577,0,200,0.143247908006433,14.0655252077642,10.655957467718,-0.912464368678502,14.0655252077642,2.36611912239724,-85.5071224347081,7,2,"normal",79
"3280",24.799,0.74480226698567,1,200,0.143247908006433,14.0655252077642,10.655957467718,-0.912464368678502,14.0655252077642,2.36611912239724,-85.5071224347081,7,2,"normal",80
"3281",17.91337,0.600594743771,1,200,0.143247908006433,14.0655252077642,10.655957467718,-0.912464368678502,14.0655252077642,2.36611912239724,-85.5071224347081,7,2,"normal",81
"3282",19.06946,0.628913181568256,1,200,0.143247908006433,14.0655252077642,10.655957467718,-0.912464368678502,14.0655252077642,2.36611912239724,-85.5071224347081,7,2,"normal",82
"3283",4.85735,0.28149443822296,1,200,0.143247908006433,14.0655252077642,10.655957467718,-0.912464368678502,14.0655252077642,2.36611912239724,-85.5071224347081,7,2,"normal",83
"3284",12.08964,0.447520120921511,0,200,0.143247908006433,14.0655252077642,10.655957467718,-0.912464368678502,14.0655252077642,2.36611912239724,-85.5071224347081,7,2,"normal",84
"3285",-7.4158,0.158877439964121,0,200,0.143247908006433,14.0655252077642,10.655957467718,-0.912464368678502,14.0655252077642,2.36611912239724,-85.5071224347081,7,2,"normal",85
"3286",6.79368,0.319830566447819,0,200,0.143247908006433,14.0655252077642,10.655957467718,-0.912464368678502,14.0655252077642,2.36611912239724,-85.5071224347081,7,2,"normal",86
"3287",27.4378,0.782008537425253,1,200,0.143247908006433,14.0655252077642,10.655957467718,-0.912464368678502,14.0655252077642,2.36611912239724,-85.5071224347081,7,2,"normal",87
"3288",14.34949,0.507584504427026,0,200,0.143247908006433,14.0655252077642,10.655957467718,-0.912464368678502,14.0655252077642,2.36611912239724,-85.5071224347081,7,2,"normal",88
"3289",-12.4493,0.147827489906682,0,200,0.143247908006433,14.0655252077642,10.655957467718,-0.912464368678502,14.0655252077642,2.36611912239724,-85.5071224347081,7,2,"normal",89
"3290",6.86957,0.321440565993303,1,200,0.143247908006433,14.0655252077642,10.655957467718,-0.912464368678502,14.0655252077642,2.36611912239724,-85.5071224347081,7,2,"normal",90
"3291",19.405,0.636880198413501,1,200,0.143247908006433,14.0655252077642,10.655957467718,-0.912464368678502,14.0655252077642,2.36611912239724,-85.5071224347081,7,2,"normal",91
"3292",-3.4291,0.179150652570699,0,200,0.143247908006433,14.0655252077642,10.655957467718,-0.912464368678502,14.0655252077642,2.36611912239724,-85.5071224347081,7,2,"normal",92
"3293",24.3016,0.736613998397577,0,200,0.143247908006433,14.0655252077642,10.655957467718,-0.912464368678502,14.0655252077642,2.36611912239724,-85.5071224347081,7,2,"normal",93
"3294",5.33038,0.290359164860345,1,200,0.143247908006433,14.0655252077642,10.655957467718,-0.912464368678502,14.0655252077642,2.36611912239724,-85.5071224347081,7,2,"normal",94
"3295",38.8578,0.849622064698626,1,200,0.143247908006433,14.0655252077642,10.655957467718,-0.912464368678502,14.0655252077642,2.36611912239724,-85.5071224347081,7,2,"normal",95
"3296",22.88356,0.711218110567567,1,200,0.143247908006433,14.0655252077642,10.655957467718,-0.912464368678502,14.0655252077642,2.36611912239724,-85.5071224347081,7,2,"normal",96
"3297",-14.8934,0.145593616388202,0,200,0.143247908006433,14.0655252077642,10.655957467718,-0.912464368678502,14.0655252077642,2.36611912239724,-85.5071224347081,7,2,"normal",97
"3298",-3.4413,0.179066053501315,0,200,0.143247908006433,14.0655252077642,10.655957467718,-0.912464368678502,14.0655252077642,2.36611912239724,-85.5071224347081,7,2,"normal",98
"3299",7.92972,0.344721411196646,0,200,0.143247908006433,14.0655252077642,10.655957467718,-0.912464368678502,14.0655252077642,2.36611912239724,-85.5071224347081,7,2,"normal",99
"3300",26.9692,0.776154583839363,1,200,0.143247908006433,14.0655252077642,10.655957467718,-0.912464368678502,14.0655252077642,2.36611912239724,-85.5071224347081,7,2,"normal",100
"3301",-2.2166,0.188382998559257,0,200,0.143247908006433,14.0655252077642,10.655957467718,-0.912464368678502,14.0655252077642,2.36611912239724,-85.5071224347081,7,2,"normal",101
"3302",29.35,0.802714969289416,1,200,0.143247908006433,14.0655252077642,10.655957467718,-0.912464368678502,14.0655252077642,2.36611912239724,-85.5071224347081,7,2,"normal",102
"3303",-2.1936,0.188574502243191,0,200,0.143247908006433,14.0655252077642,10.655957467718,-0.912464368678502,14.0655252077642,2.36611912239724,-85.5071224347081,7,2,"normal",103
"3304",-9.92199,0.151945474761516,0,200,0.143247908006433,14.0655252077642,10.655957467718,-0.912464368678502,14.0655252077642,2.36611912239724,-85.5071224347081,7,2,"normal",104
"3305",25.7263,0.759064432891236,1,200,0.143247908006433,14.0655252077642,10.655957467718,-0.912464368678502,14.0655252077642,2.36611912239724,-85.5071224347081,7,2,"normal",105
"3306",28.7153,0.796391602926281,1,200,0.143247908006433,14.0655252077642,10.655957467718,-0.912464368678502,14.0655252077642,2.36611912239724,-85.5071224347081,7,2,"normal",106
"3307",2.8973,0.248348789007772,0,200,0.143247908006433,14.0655252077642,10.655957467718,-0.912464368678502,14.0655252077642,2.36611912239724,-85.5071224347081,7,2,"normal",107
"3308",4.7354,0.279262968813665,0,200,0.143247908006433,14.0655252077642,10.655957467718,-0.912464368678502,14.0655252077642,2.36611912239724,-85.5071224347081,7,2,"normal",108
"3309",31.0719,0.817330997220246,1,200,0.143247908006433,14.0655252077642,10.655957467718,-0.912464368678502,14.0655252077642,2.36611912239724,-85.5071224347081,7,2,"normal",109
"3310",18.36439,0.611793040143031,1,200,0.143247908006433,14.0655252077642,10.655957467718,-0.912464368678502,14.0655252077642,2.36611912239724,-85.5071224347081,7,2,"normal",110
"3311",-3.95045,0.175674906639029,0,200,0.143247908006433,14.0655252077642,10.655957467718,-0.912464368678502,14.0655252077642,2.36611912239724,-85.5071224347081,7,2,"normal",111
"3312",10.07975,0.395961493092242,0,200,0.143247908006433,14.0655252077642,10.655957467718,-0.912464368678502,14.0655252077642,2.36611912239724,-85.5071224347081,7,2,"normal",112
"3313",6.04877,0.304448110169429,1,200,0.143247908006433,14.0655252077642,10.655957467718,-0.912464368678502,14.0655252077642,2.36611912239724,-85.5071224347081,7,2,"normal",113
"3314",-3.0508,0.181853836616947,1,200,0.143247908006433,14.0655252077642,10.655957467718,-0.912464368678502,14.0655252077642,2.36611912239724,-85.5071224347081,7,2,"normal",114
"3315",32.1591,0.824818487926647,1,200,0.143247908006433,14.0655252077642,10.655957467718,-0.912464368678502,14.0655252077642,2.36611912239724,-85.5071224347081,7,2,"normal",115
"3316",16.91257,0.575156399444137,1,200,0.143247908006433,14.0655252077642,10.655957467718,-0.912464368678502,14.0655252077642,2.36611912239724,-85.5071224347081,7,2,"normal",116
"3317",32.9014,0.829238853465521,1,200,0.143247908006433,14.0655252077642,10.655957467718,-0.912464368678502,14.0655252077642,2.36611912239724,-85.5071224347081,7,2,"normal",117
"3318",24.0419,0.732189492963712,1,200,0.143247908006433,14.0655252077642,10.655957467718,-0.912464368678502,14.0655252077642,2.36611912239724,-85.5071224347081,7,2,"normal",118
"3319",3.0262,0.250349504052276,1,200,0.143247908006433,14.0655252077642,10.655957467718,-0.912464368678502,14.0655252077642,2.36611912239724,-85.5071224347081,7,2,"normal",119
"3320",-8.31478,0.155986019031027,0,200,0.143247908006433,14.0655252077642,10.655957467718,-0.912464368678502,14.0655252077642,2.36611912239724,-85.5071224347081,7,2,"normal",120
"3321",1.1077,0.223152690086843,0,200,0.143247908006433,14.0655252077642,10.655957467718,-0.912464368678502,14.0655252077642,2.36611912239724,-85.5071224347081,7,2,"normal",121
"3322",25.7522,0.759444102283371,1,200,0.143247908006433,14.0655252077642,10.655957467718,-0.912464368678502,14.0655252077642,2.36611912239724,-85.5071224347081,7,2,"normal",122
"3323",6.80897,0.32015431592532,0,200,0.143247908006433,14.0655252077642,10.655957467718,-0.912464368678502,14.0655252077642,2.36611912239724,-85.5071224347081,7,2,"normal",123
"3324",5.11316,0.286247268409668,0,200,0.143247908006433,14.0655252077642,10.655957467718,-0.912464368678502,14.0655252077642,2.36611912239724,-85.5071224347081,7,2,"normal",124
"3325",21.3342,0.68010232940462,1,200,0.143247908006433,14.0655252077642,10.655957467718,-0.912464368678502,14.0655252077642,2.36611912239724,-85.5071224347081,7,2,"normal",125
"3326",35.6376,0.841437608990567,1,200,0.143247908006433,14.0655252077642,10.655957467718,-0.912464368678502,14.0655252077642,2.36611912239724,-85.5071224347081,7,2,"normal",126
"3327",19.66634,0.642999325305992,1,200,0.143247908006433,14.0655252077642,10.655957467718,-0.912464368678502,14.0655252077642,2.36611912239724,-85.5071224347081,7,2,"normal",127
"3328",26.2609,0.766696921427746,0,200,0.143247908006433,14.0655252077642,10.655957467718,-0.912464368678502,14.0655252077642,2.36611912239724,-85.5071224347081,7,2,"normal",128
"3329",-4.062,0.174967557707511,1,200,0.143247908006433,14.0655252077642,10.655957467718,-0.912464368678502,14.0655252077642,2.36611912239724,-85.5071224347081,7,2,"normal",129
"3330",-5.0471,0.169246409075555,0,200,0.143247908006433,14.0655252077642,10.655957467718,-0.912464368678502,14.0655252077642,2.36611912239724,-85.5071224347081,7,2,"normal",130
"3331",18.17204,0.607039424174495,1,200,0.143247908006433,14.0655252077642,10.655957467718,-0.912464368678502,14.0655252077642,2.36611912239724,-85.5071224347081,7,2,"normal",131
"3332",-2.4316,0.186623190959728,1,200,0.143247908006433,14.0655252077642,10.655957467718,-0.912464368678502,14.0655252077642,2.36611912239724,-85.5071224347081,7,2,"normal",132
"3333",24.97951,0.747680836622518,0,200,0.143247908006433,14.0655252077642,10.655957467718,-0.912464368678502,14.0655252077642,2.36611912239724,-85.5071224347081,7,2,"normal",133
"3334",2.46533,0.241827555553602,0,200,0.143247908006433,14.0655252077642,10.655957467718,-0.912464368678502,14.0655252077642,2.36611912239724,-85.5071224347081,7,2,"normal",134
"3335",22.6566,0.706875382140935,0,200,0.143247908006433,14.0655252077642,10.655957467718,-0.912464368678502,14.0655252077642,2.36611912239724,-85.5071224347081,7,2,"normal",135
"3336",7.76064,0.34091242818338,0,200,0.143247908006433,14.0655252077642,10.655957467718,-0.912464368678502,14.0655252077642,2.36611912239724,-85.5071224347081,7,2,"normal",136
"3337",25.9575,0.76241788553011,1,200,0.143247908006433,14.0655252077642,10.655957467718,-0.912464368678502,14.0655252077642,2.36611912239724,-85.5071224347081,7,2,"normal",137
"3338",31.6257,0.821302026044714,0,200,0.143247908006433,14.0655252077642,10.655957467718,-0.912464368678502,14.0655252077642,2.36611912239724,-85.5071224347081,7,2,"normal",138
"3339",-3.7697,0.176847936811665,0,200,0.143247908006433,14.0655252077642,10.655957467718,-0.912464368678502,14.0655252077642,2.36611912239724,-85.5071224347081,7,2,"normal",139
"3340",24.10954,0.73335172176303,1,200,0.143247908006433,14.0655252077642,10.655957467718,-0.912464368678502,14.0655252077642,2.36611912239724,-85.5071224347081,7,2,"normal",140
"3341",25.51,0.755854155644513,0,200,0.143247908006433,14.0655252077642,10.655957467718,-0.912464368678502,14.0655252077642,2.36611912239724,-85.5071224347081,7,2,"normal",141
"3342",5.50072,0.293632138728356,0,200,0.143247908006433,14.0655252077642,10.655957467718,-0.912464368678502,14.0655252077642,2.36611912239724,-85.5071224347081,7,2,"normal",142
"3343",2.0697,0.236101943380745,0,200,0.143247908006433,14.0655252077642,10.655957467718,-0.912464368678502,14.0655252077642,2.36611912239724,-85.5071224347081,7,2,"normal",143
"3344",29.0118,0.799411419506087,1,200,0.143247908006433,14.0655252077642,10.655957467718,-0.912464368678502,14.0655252077642,2.36611912239724,-85.5071224347081,7,2,"normal",144
"3345",4.63996,0.277532101498095,1,200,0.143247908006433,14.0655252077642,10.655957467718,-0.912464368678502,14.0655252077642,2.36611912239724,-85.5071224347081,7,2,"normal",145
"3346",-9.26,0.153450780391475,0,200,0.143247908006433,14.0655252077642,10.655957467718,-0.912464368678502,14.0655252077642,2.36611912239724,-85.5071224347081,7,2,"normal",146
"3347",0.592500000000001,0.216774108384197,1,200,0.143247908006433,14.0655252077642,10.655957467718,-0.912464368678502,14.0655252077642,2.36611912239724,-85.5071224347081,7,2,"normal",147
"3348",29.8864,0.807654463503669,1,200,0.143247908006433,14.0655252077642,10.655957467718,-0.912464368678502,14.0655252077642,2.36611912239724,-85.5071224347081,7,2,"normal",148
"3349",29.9231,0.807979255926448,1,200,0.143247908006433,14.0655252077642,10.655957467718,-0.912464368678502,14.0655252077642,2.36611912239724,-85.5071224347081,7,2,"normal",149
"3350",36.0442,0.842784051626512,0,200,0.143247908006433,14.0655252077642,10.655957467718,-0.912464368678502,14.0655252077642,2.36611912239724,-85.5071224347081,7,2,"normal",150
"3351",-5.35426,0.167645853223574,0,200,0.143247908006433,14.0655252077642,10.655957467718,-0.912464368678502,14.0655252077642,2.36611912239724,-85.5071224347081,7,2,"normal",151
"3352",2.96204,0.249350495486401,0,200,0.143247908006433,14.0655252077642,10.655957467718,-0.912464368678502,14.0655252077642,2.36611912239724,-85.5071224347081,7,2,"normal",152
"3353",-11.0337,0.149848507121691,0,200,0.143247908006433,14.0655252077642,10.655957467718,-0.912464368678502,14.0655252077642,2.36611912239724,-85.5071224347081,7,2,"normal",153
"3354",31.0527,0.817187265227525,1,200,0.143247908006433,14.0655252077642,10.655957467718,-0.912464368678502,14.0655252077642,2.36611912239724,-85.5071224347081,7,2,"normal",154
"3355",-5.9367,0.164833308366919,0,200,0.143247908006433,14.0655252077642,10.655957467718,-0.912464368678502,14.0655252077642,2.36611912239724,-85.5071224347081,7,2,"normal",155
"3356",19.35726,0.63575413899679,0,200,0.143247908006433,14.0655252077642,10.655957467718,-0.912464368678502,14.0655252077642,2.36611912239724,-85.5071224347081,7,2,"normal",156
"3357",32.8143,0.828747513009036,1,200,0.143247908006433,14.0655252077642,10.655957467718,-0.912464368678502,14.0655252077642,2.36611912239724,-85.5071224347081,7,2,"normal",157
"3358",28.4343,0.793421009416088,1,200,0.143247908006433,14.0655252077642,10.655957467718,-0.912464368678502,14.0655252077642,2.36611912239724,-85.5071224347081,7,2,"normal",158
"3359",21.29279,0.679224607112516,1,200,0.143247908006433,14.0655252077642,10.655957467718,-0.912464368678502,14.0655252077642,2.36611912239724,-85.5071224347081,7,2,"normal",159
"3360",-9.7449,0.152328003441674,0,200,0.143247908006433,14.0655252077642,10.655957467718,-0.912464368678502,14.0655252077642,2.36611912239724,-85.5071224347081,7,2,"normal",160
"3361",-8.713,0.154858957724821,0,200,0.143247908006433,14.0655252077642,10.655957467718,-0.912464368678502,14.0655252077642,2.36611912239724,-85.5071224347081,7,2,"normal",161
"3362",23.1154,0.715575877267158,1,200,0.143247908006433,14.0655252077642,10.655957467718,-0.912464368678502,14.0655252077642,2.36611912239724,-85.5071224347081,7,2,"normal",162
"3363",29.2145,0.801409242700593,0,200,0.143247908006433,14.0655252077642,10.655957467718,-0.912464368678502,14.0655252077642,2.36611912239724,-85.5071224347081,7,2,"normal",163
"3364",23.14362,0.716100877731033,1,200,0.143247908006433,14.0655252077642,10.655957467718,-0.912464368678502,14.0655252077642,2.36611912239724,-85.5071224347081,7,2,"normal",164
"3365",-1.0863,0.198563045178992,0,200,0.143247908006433,14.0655252077642,10.655957467718,-0.912464368678502,14.0655252077642,2.36611912239724,-85.5071224347081,7,2,"normal",165
"3366",25.159,0.750494047962851,1,200,0.143247908006433,14.0655252077642,10.655957467718,-0.912464368678502,14.0655252077642,2.36611912239724,-85.5071224347081,7,2,"normal",166
"3367",-6.1076,0.164060977811944,0,200,0.143247908006433,14.0655252077642,10.655957467718,-0.912464368678502,14.0655252077642,2.36611912239724,-85.5071224347081,7,2,"normal",167
"3368",24.2423,0.735612716799768,1,200,0.143247908006433,14.0655252077642,10.655957467718,-0.912464368678502,14.0655252077642,2.36611912239724,-85.5071224347081,7,2,"normal",168
"3369",-9.91027,0.151970352246775,0,200,0.143247908006433,14.0655252077642,10.655957467718,-0.912464368678502,14.0655252077642,2.36611912239724,-85.5071224347081,7,2,"normal",169
"3370",22.677,0.707268809240547,1,200,0.143247908006433,14.0655252077642,10.655957467718,-0.912464368678502,14.0655252077642,2.36611912239724,-85.5071224347081,7,2,"normal",170
"3371",25.5895,0.757042289436482,1,200,0.143247908006433,14.0655252077642,10.655957467718,-0.912464368678502,14.0655252077642,2.36611912239724,-85.5071224347081,7,2,"normal",171
"3372",-2.8932,0.183026469930404,0,200,0.143247908006433,14.0655252077642,10.655957467718,-0.912464368678502,14.0655252077642,2.36611912239724,-85.5071224347081,7,2,"normal",172
"3373",2.9173,0.248657565336347,1,200,0.143247908006433,14.0655252077642,10.655957467718,-0.912464368678502,14.0655252077642,2.36611912239724,-85.5071224347081,7,2,"normal",173
"3374",2.76223,0.246279349386128,0,200,0.143247908006433,14.0655252077642,10.655957467718,-0.912464368678502,14.0655252077642,2.36611912239724,-85.5071224347081,7,2,"normal",174
"3375",-7.61803,0.158182735765889,1,200,0.143247908006433,14.0655252077642,10.655957467718,-0.912464368678502,14.0655252077642,2.36611912239724,-85.5071224347081,7,2,"normal",175
"3376",-8.1994,0.156329517743967,0,200,0.143247908006433,14.0655252077642,10.655957467718,-0.912464368678502,14.0655252077642,2.36611912239724,-85.5071224347081,7,2,"normal",176
"3377",-8.8118,0.154592934583391,0,200,0.143247908006433,14.0655252077642,10.655957467718,-0.912464368678502,14.0655252077642,2.36611912239724,-85.5071224347081,7,2,"normal",177
"3378",30.7564,0.814916291418923,0,200,0.143247908006433,14.0655252077642,10.655957467718,-0.912464368678502,14.0655252077642,2.36611912239724,-85.5071224347081,7,2,"normal",178
"3379",8.01587,0.346675657226799,0,200,0.143247908006433,14.0655252077642,10.655957467718,-0.912464368678502,14.0655252077642,2.36611912239724,-85.5071224347081,7,2,"normal",179
"3380",-0.2125,0.207561237577719,0,200,0.143247908006433,14.0655252077642,10.655957467718,-0.912464368678502,14.0655252077642,2.36611912239724,-85.5071224347081,7,2,"normal",180
"3381",26.0277,0.763420210656136,1,200,0.143247908006433,14.0655252077642,10.655957467718,-0.912464368678502,14.0655252077642,2.36611912239724,-85.5071224347081,7,2,"normal",181
"3382",5.46385,0.292920106160855,0,200,0.143247908006433,14.0655252077642,10.655957467718,-0.912464368678502,14.0655252077642,2.36611912239724,-85.5071224347081,7,2,"normal",182
"3383",-4.8293,0.1704326044846,0,200,0.143247908006433,14.0655252077642,10.655957467718,-0.912464368678502,14.0655252077642,2.36611912239724,-85.5071224347081,7,2,"normal",183
"3384",19.17705,0.631481005535251,0,200,0.143247908006433,14.0655252077642,10.655957467718,-0.912464368678502,14.0655252077642,2.36611912239724,-85.5071224347081,7,2,"normal",184
"3385",-5.4849,0.166990111653872,0,200,0.143247908006433,14.0655252077642,10.655957467718,-0.912464368678502,14.0655252077642,2.36611912239724,-85.5071224347081,7,2,"normal",185
"3386",3.53785,0.258540026545978,0,200,0.143247908006433,14.0655252077642,10.655957467718,-0.912464368678502,14.0655252077642,2.36611912239724,-85.5071224347081,7,2,"normal",186
"3387",-3.2521,0.180396033691667,0,200,0.143247908006433,14.0655252077642,10.655957467718,-0.912464368678502,14.0655252077642,2.36611912239724,-85.5071224347081,7,2,"normal",187
"3388",26.2147,0.766054214544318,1,200,0.143247908006433,14.0655252077642,10.655957467718,-0.912464368678502,14.0655252077642,2.36611912239724,-85.5071224347081,7,2,"normal",188
"3389",32.7251,0.828236948922866,1,200,0.143247908006433,14.0655252077642,10.655957467718,-0.912464368678502,14.0655252077642,2.36611912239724,-85.5071224347081,7,2,"normal",189
"3390",0.805900000000001,0.219369801006666,0,200,0.143247908006433,14.0655252077642,10.655957467718,-0.912464368678502,14.0655252077642,2.36611912239724,-85.5071224347081,7,2,"normal",190
"3391",25.5213,0.756023617549829,1,200,0.143247908006433,14.0655252077642,10.655957467718,-0.912464368678502,14.0655252077642,2.36611912239724,-85.5071224347081,7,2,"normal",191
"3392",5.76214,0.298737367424125,0,200,0.143247908006433,14.0655252077642,10.655957467718,-0.912464368678502,14.0655252077642,2.36611912239724,-85.5071224347081,7,2,"normal",192
"3393",23.1063,0.71540633018304,1,200,0.143247908006433,14.0655252077642,10.655957467718,-0.912464368678502,14.0655252077642,2.36611912239724,-85.5071224347081,7,2,"normal",193
"3394",28.8092,0.797360602307964,1,200,0.143247908006433,14.0655252077642,10.655957467718,-0.912464368678502,14.0655252077642,2.36611912239724,-85.5071224347081,7,2,"normal",194
"3395",26.9596,0.776031328638977,1,200,0.143247908006433,14.0655252077642,10.655957467718,-0.912464368678502,14.0655252077642,2.36611912239724,-85.5071224347081,7,2,"normal",195
"3396",26.21,0.765988652523687,1,200,0.143247908006433,14.0655252077642,10.655957467718,-0.912464368678502,14.0655252077642,2.36611912239724,-85.5071224347081,7,2,"normal",196
"3397",-1.2671,0.196826730535967,0,200,0.143247908006433,14.0655252077642,10.655957467718,-0.912464368678502,14.0655252077642,2.36611912239724,-85.5071224347081,7,2,"normal",197
"3398",25.1828,0.750863400529062,1,200,0.143247908006433,14.0655252077642,10.655957467718,-0.912464368678502,14.0655252077642,2.36611912239724,-85.5071224347081,7,2,"normal",198
"3399",-0.536299999999999,0.204107763031358,0,200,0.143247908006433,14.0655252077642,10.655957467718,-0.912464368678502,14.0655252077642,2.36611912239724,-85.5071224347081,7,2,"normal",199
"3400",5.0848,0.285715565911613,1,200,0.143247908006433,14.0655252077642,10.655957467718,-0.912464368678502,14.0655252077642,2.36611912239724,-85.5071224347081,7,2,"normal",200
"3401",8.7936788093,0.274382096642958,1,200,0.00391843871526372,10.7454891050487,3.2263011376702,-4.84104706373799,10.7454891050487,1.17133632242339,172.270466821802,8,2,"normal",1
"3402",-9.61584025273,0.00391843885275711,0,200,0.00391843871526372,10.7454891050487,3.2263011376702,-4.84104706373799,10.7454891050487,1.17133632242339,172.270466821802,8,2,"normal",2
"3403",1.82287025227,0.00673718993654695,0,200,0.00391843871526372,10.7454891050487,3.2263011376702,-4.84104706373799,10.7454891050487,1.17133632242339,172.270466821802,8,2,"normal",3
"3404",3.6701675138,0.0179607289958818,0,200,0.00391843871526372,10.7454891050487,3.2263011376702,-4.84104706373799,10.7454891050487,1.17133632242339,172.270466821802,8,2,"normal",4
"3405",13.47275,0.798675080311455,1,200,0.00391843871526372,10.7454891050487,3.2263011376702,-4.84104706373799,10.7454891050487,1.17133632242339,172.270466821802,8,2,"normal",5
"3406",16.6763,0.96332891375301,1,200,0.00391843871526372,10.7454891050487,3.2263011376702,-4.84104706373799,10.7454891050487,1.17133632242339,172.270466821802,8,2,"normal",6
"3407",11.74558,0.620758317738132,0,200,0.00391843871526372,10.7454891050487,3.2263011376702,-4.84104706373799,10.7454891050487,1.17133632242339,172.270466821802,8,2,"normal",7
"3408",6.62137,0.10370544407939,0,200,0.00391843871526372,10.7454891050487,3.2263011376702,-4.84104706373799,10.7454891050487,1.17133632242339,172.270466821802,8,2,"normal",8
"3409",-27.6408,0.00391843871526372,0,200,0.00391843871526372,10.7454891050487,3.2263011376702,-4.84104706373799,10.7454891050487,1.17133632242339,172.270466821802,8,2,"normal",9
"3410",10.41442,0.459454258259459,0,200,0.00391843871526372,10.7454891050487,3.2263011376702,-4.84104706373799,10.7454891050487,1.17133632242339,172.270466821802,8,2,"normal",10
"3411",29.81063,0.996081559580246,1,200,0.00391843871526372,10.7454891050487,3.2263011376702,-4.84104706373799,10.7454891050487,1.17133632242339,172.270466821802,8,2,"normal",11
"3412",31.86624,0.996081561255503,1,200,0.00391843871526372,10.7454891050487,3.2263011376702,-4.84104706373799,10.7454891050487,1.17133632242339,172.270466821802,8,2,"normal",12
"3413",17.12124,0.972202960394835,1,200,0.00391843871526372,10.7454891050487,3.2263011376702,-4.84104706373799,10.7454891050487,1.17133632242339,172.270466821802,8,2,"normal",13
"3414",4.61024,0.0323036354282248,0,200,0.00391843871526372,10.7454891050487,3.2263011376702,-4.84104706373799,10.7454891050487,1.17133632242339,172.270466821802,8,2,"normal",14
"3415",12.12237,0.663930854029124,1,200,0.00391843871526372,10.7454891050487,3.2263011376702,-4.84104706373799,10.7454891050487,1.17133632242339,172.270466821802,8,2,"normal",15
"3416",7.17515,0.137092321719548,0,200,0.00391843871526372,10.7454891050487,3.2263011376702,-4.84104706373799,10.7454891050487,1.17133632242339,172.270466821802,8,2,"normal",16
"3417",2.8819,0.0112583659547768,0,200,0.00391843871526372,10.7454891050487,3.2263011376702,-4.84104706373799,10.7454891050487,1.17133632242339,172.270466821802,8,2,"normal",17
"3418",8.4302,0.238557932540341,0,200,0.00391843871526372,10.7454891050487,3.2263011376702,-4.84104706373799,10.7454891050487,1.17133632242339,172.270466821802,8,2,"normal",18
"3419",15.23503,0.914694201159044,1,200,0.00391843871526372,10.7454891050487,3.2263011376702,-4.84104706373799,10.7454891050487,1.17133632242339,172.270466821802,8,2,"normal",19
"3420",8.01713,0.201230677640098,0,200,0.00391843871526372,10.7454891050487,3.2263011376702,-4.84104706373799,10.7454891050487,1.17133632242339,172.270466821802,8,2,"normal",20
"3421",7.02471,0.127344408334715,0,200,0.00391843871526372,10.7454891050487,3.2263011376702,-4.84104706373799,10.7454891050487,1.17133632242339,172.270466821802,8,2,"normal",21
"3422",22.9795,0.99600741600879,1,200,0.00391843871526372,10.7454891050487,3.2263011376702,-4.84104706373799,10.7454891050487,1.17133632242339,172.270466821802,8,2,"normal",22
"3423",13.13432,0.768358921375888,0,200,0.00391843871526372,10.7454891050487,3.2263011376702,-4.84104706373799,10.7454891050487,1.17133632242339,172.270466821802,8,2,"normal",23
"3424",10.82058,0.509211626427728,0,200,0.00391843871526372,10.7454891050487,3.2263011376702,-4.84104706373799,10.7454891050487,1.17133632242339,172.270466821802,8,2,"normal",24
"3425",8.61242,0.256183900191808,0,200,0.00391843871526372,10.7454891050487,3.2263011376702,-4.84104706373799,10.7454891050487,1.17133632242339,172.270466821802,8,2,"normal",25
"3426",12.96234,0.752005406776044,1,200,0.00391843871526372,10.7454891050487,3.2263011376702,-4.84104706373799,10.7454891050487,1.17133632242339,172.270466821802,8,2,"normal",26
"3427",9.90755,0.398342354407405,0,200,0.00391843871526372,10.7454891050487,3.2263011376702,-4.84104706373799,10.7454891050487,1.17133632242339,172.270466821802,8,2,"normal",27
"3428",9.72422,0.376767866436719,1,200,0.00391843871526372,10.7454891050487,3.2263011376702,-4.84104706373799,10.7454891050487,1.17133632242339,172.270466821802,8,2,"normal",28
"3429",14.98094,0.902196022220896,1,200,0.00391843871526372,10.7454891050487,3.2263011376702,-4.84104706373799,10.7454891050487,1.17133632242339,172.270466821802,8,2,"normal",29
"3430",5.22084,0.0469916705804271,0,200,0.00391843871526372,10.7454891050487,3.2263011376702,-4.84104706373799,10.7454891050487,1.17133632242339,172.270466821802,8,2,"normal",30
"3431",9.75422,0.380273643146306,1,200,0.00391843871526372,10.7454891050487,3.2263011376702,-4.84104706373799,10.7454891050487,1.17133632242339,172.270466821802,8,2,"normal",31
"3432",15.35387,0.920090403091,1,200,0.00391843871526372,10.7454891050487,3.2263011376702,-4.84104706373799,10.7454891050487,1.17133632242339,172.270466821802,8,2,"normal",32
"3433",5.81992,0.0668402050595119,0,200,0.00391843871526372,10.7454891050487,3.2263011376702,-4.84104706373799,10.7454891050487,1.17133632242339,172.270466821802,8,2,"normal",33
"3434",8.36763,0.23266570524742,0,200,0.00391843871526372,10.7454891050487,3.2263011376702,-4.84104706373799,10.7454891050487,1.17133632242339,172.270466821802,8,2,"normal",34
"3435",12.57718,0.713209164515491,0,200,0.00391843871526372,10.7454891050487,3.2263011376702,-4.84104706373799,10.7454891050487,1.17133632242339,172.270466821802,8,2,"normal",35
"3436",15.78213,0.937298073638322,1,200,0.00391843871526372,10.7454891050487,3.2263011376702,-4.84104706373799,10.7454891050487,1.17133632242339,172.270466821802,8,2,"normal",36
"3437",10.51051,0.471197268874965,1,200,0.00391843871526372,10.7454891050487,3.2263011376702,-4.84104706373799,10.7454891050487,1.17133632242339,172.270466821802,8,2,"normal",37
"3438",13.82394,0.82741588902493,1,200,0.00391843871526372,10.7454891050487,3.2263011376702,-4.84104706373799,10.7454891050487,1.17133632242339,172.270466821802,8,2,"normal",38
"3439",13.91689,0.834549694524288,1,200,0.00391843871526372,10.7454891050487,3.2263011376702,-4.84104706373799,10.7454891050487,1.17133632242339,172.270466821802,8,2,"normal",39
"3440",8.11386,0.20963513665917,0,200,0.00391843871526372,10.7454891050487,3.2263011376702,-4.84104706373799,10.7454891050487,1.17133632242339,172.270466821802,8,2,"normal",40
"3441",6.23575,0.0843688303082622,0,200,0.00391843871526372,10.7454891050487,3.2263011376702,-4.84104706373799,10.7454891050487,1.17133632242339,172.270466821802,8,2,"normal",41
"3442",10.43991,0.462566283183259,1,200,0.00391843871526372,10.7454891050487,3.2263011376702,-4.84104706373799,10.7454891050487,1.17133632242339,172.270466821802,8,2,"normal",42
"3443",17.12197,0.972215665897851,1,200,0.00391843871526372,10.7454891050487,3.2263011376702,-4.84104706373799,10.7454891050487,1.17133632242339,172.270466821802,8,2,"normal",43
"3444",13.25172,0.779160259922964,0,200,0.00391843871526372,10.7454891050487,3.2263011376702,-4.84104706373799,10.7454891050487,1.17133632242339,172.270466821802,8,2,"normal",44
"3445",9.66435,0.369802573228949,1,200,0.00391843871526372,10.7454891050487,3.2263011376702,-4.84104706373799,10.7454891050487,1.17133632242339,172.270466821802,8,2,"normal",45
"3446",13.92433,0.83511209890862,1,200,0.00391843871526372,10.7454891050487,3.2263011376702,-4.84104706373799,10.7454891050487,1.17133632242339,172.270466821802,8,2,"normal",46
"3447",14.91611,0.898791617586197,1,200,0.00391843871526372,10.7454891050487,3.2263011376702,-4.84104706373799,10.7454891050487,1.17133632242339,172.270466821802,8,2,"normal",47
"3448",8.02159,0.201613577653613,0,200,0.00391843871526372,10.7454891050487,3.2263011376702,-4.84104706373799,10.7454891050487,1.17133632242339,172.270466821802,8,2,"normal",48
"3449",6.44242,0.0943475701174066,0,200,0.00391843871526372,10.7454891050487,3.2263011376702,-4.84104706373799,10.7454891050487,1.17133632242339,172.270466821802,8,2,"normal",49
"3450",16.47095,0.958398942343865,1,200,0.00391843871526372,10.7454891050487,3.2263011376702,-4.84104706373799,10.7454891050487,1.17133632242339,172.270466821802,8,2,"normal",50
"3451",5.87242,0.0688735429841727,0,200,0.00391843871526372,10.7454891050487,3.2263011376702,-4.84104706373799,10.7454891050487,1.17133632242339,172.270466821802,8,2,"normal",51
"3452",9.28919,0.327221326608474,0,200,0.00391843871526372,10.7454891050487,3.2263011376702,-4.84104706373799,10.7454891050487,1.17133632242339,172.270466821802,8,2,"normal",52
"3453",8.34977,0.230999123110952,0,200,0.00391843871526372,10.7454891050487,3.2263011376702,-4.84104706373799,10.7454891050487,1.17133632242339,172.270466821802,8,2,"normal",53
"3454",14.44071,0.871035687031257,1,200,0.00391843871526372,10.7454891050487,3.2263011376702,-4.84104706373799,10.7454891050487,1.17133632242339,172.270466821802,8,2,"normal",54
"3455",14.93141,0.89960310507991,1,200,0.00391843871526372,10.7454891050487,3.2263011376702,-4.84104706373799,10.7454891050487,1.17133632242339,172.270466821802,8,2,"normal",55
"3456",16.91269,0.968333074351459,1,200,0.00391843871526372,10.7454891050487,3.2263011376702,-4.84104706373799,10.7454891050487,1.17133632242339,172.270466821802,8,2,"normal",56
"3457",8.33987,0.230078261442016,0,200,0.00391843871526372,10.7454891050487,3.2263011376702,-4.84104706373799,10.7454891050487,1.17133632242339,172.270466821802,8,2,"normal",57
"3458",13.96661,0.838283889200875,1,200,0.00391843871526372,10.7454891050487,3.2263011376702,-4.84104706373799,10.7454891050487,1.17133632242339,172.270466821802,8,2,"normal",58
"3459",7.41461,0.153674609308998,0,200,0.00391843871526372,10.7454891050487,3.2263011376702,-4.84104706373799,10.7454891050487,1.17133632242339,172.270466821802,8,2,"normal",59
"3460",12.99186,0.754856503580529,0,200,0.00391843871526372,10.7454891050487,3.2263011376702,-4.84104706373799,10.7454891050487,1.17133632242339,172.270466821802,8,2,"normal",60
"3461",14.74985,0.889649207615668,0,200,0.00391843871526372,10.7454891050487,3.2263011376702,-4.84104706373799,10.7454891050487,1.17133632242339,172.270466821802,8,2,"normal",61
"3462",7.7375,0.178124485774573,0,200,0.00391843871526372,10.7454891050487,3.2263011376702,-4.84104706373799,10.7454891050487,1.17133632242339,172.270466821802,8,2,"normal",62
"3463",14.35974,0.865806101863835,1,200,0.00391843871526372,10.7454891050487,3.2263011376702,-4.84104706373799,10.7454891050487,1.17133632242339,172.270466821802,8,2,"normal",63
"3464",9.64588,0.367662384320219,0,200,0.00391843871526372,10.7454891050487,3.2263011376702,-4.84104706373799,10.7454891050487,1.17133632242339,172.270466821802,8,2,"normal",64
"3465",15.27755,0.916657153627776,1,200,0.00391843871526372,10.7454891050487,3.2263011376702,-4.84104706373799,10.7454891050487,1.17133632242339,172.270466821802,8,2,"normal",65
"3466",9.25731,0.323696902082934,1,200,0.00391843871526372,10.7454891050487,3.2263011376702,-4.84104706373799,10.7454891050487,1.17133632242339,172.270466821802,8,2,"normal",66
"3467",8.61992,0.256923954579133,1,200,0.00391843871526372,10.7454891050487,3.2263011376702,-4.84104706373799,10.7454891050487,1.17133632242339,172.270466821802,8,2,"normal",67
"3468",14.06083,0.845203850082005,1,200,0.00391843871526372,10.7454891050487,3.2263011376702,-4.84104706373799,10.7454891050487,1.17133632242339,172.270466821802,8,2,"normal",68
"3469",7.86658,0.188569306088407,0,200,0.00391843871526372,10.7454891050487,3.2263011376702,-4.84104706373799,10.7454891050487,1.17133632242339,172.270466821802,8,2,"normal",69
"3470",14.93571,0.899830273610449,1,200,0.00391843871526372,10.7454891050487,3.2263011376702,-4.84104706373799,10.7454891050487,1.17133632242339,172.270466821802,8,2,"normal",70
"3471",7.11015,0.132817555171794,0,200,0.00391843871526372,10.7454891050487,3.2263011376702,-4.84104706373799,10.7454891050487,1.17133632242339,172.270466821802,8,2,"normal",71
"3472",7.96219,0.196550727463701,0,200,0.00391843871526372,10.7454891050487,3.2263011376702,-4.84104706373799,10.7454891050487,1.17133632242339,172.270466821802,8,2,"normal",72
"3473",15.89867,0.941407436939484,1,200,0.00391843871526372,10.7454891050487,3.2263011376702,-4.84104706373799,10.7454891050487,1.17133632242339,172.270466821802,8,2,"normal",73
"3474",13.01679,0.757250192807692,0,200,0.00391843871526372,10.7454891050487,3.2263011376702,-4.84104706373799,10.7454891050487,1.17133632242339,172.270466821802,8,2,"normal",74
"3475",15.66183,0.932806018239009,1,200,0.00391843871526372,10.7454891050487,3.2263011376702,-4.84104706373799,10.7454891050487,1.17133632242339,172.270466821802,8,2,"normal",75
"3476",7.42279,0.154264344317724,1,200,0.00391843871526372,10.7454891050487,3.2263011376702,-4.84104706373799,10.7454891050487,1.17133632242339,172.270466821802,8,2,"normal",76
"3477",13.85246,0.829625932306654,1,200,0.00391843871526372,10.7454891050487,3.2263011376702,-4.84104706373799,10.7454891050487,1.17133632242339,172.270466821802,8,2,"normal",77
"3478",7.73275,0.177747409430229,0,200,0.00391843871526372,10.7454891050487,3.2263011376702,-4.84104706373799,10.7454891050487,1.17133632242339,172.270466821802,8,2,"normal",78
"3479",13.57544,0.807369641880339,0,200,0.00391843871526372,10.7454891050487,3.2263011376702,-4.84104706373799,10.7454891050487,1.17133632242339,172.270466821802,8,2,"normal",79
"3480",6.86448,0.11752312457507,1,200,0.00391843871526372,10.7454891050487,3.2263011376702,-4.84104706373799,10.7454891050487,1.17133632242339,172.270466821802,8,2,"normal",80
"3481",14.42322,0.869918646537115,1,200,0.00391843871526372,10.7454891050487,3.2263011376702,-4.84104706373799,10.7454891050487,1.17133632242339,172.270466821802,8,2,"normal",81
"3482",5.07866,0.0431148349740798,0,200,0.00391843871526372,10.7454891050487,3.2263011376702,-4.84104706373799,10.7454891050487,1.17133632242339,172.270466821802,8,2,"normal",82
"3483",15.84609,0.939582395613665,0,200,0.00391843871526372,10.7454891050487,3.2263011376702,-4.84104706373799,10.7454891050487,1.17133632242339,172.270466821802,8,2,"normal",83
"3484",7.37295,0.150695055930217,0,200,0.00391843871526372,10.7454891050487,3.2263011376702,-4.84104706373799,10.7454891050487,1.17133632242339,172.270466821802,8,2,"normal",84
"3485",15.7678,0.936776481008947,1,200,0.00391843871526372,10.7454891050487,3.2263011376702,-4.84104706373799,10.7454891050487,1.17133632242339,172.270466821802,8,2,"normal",85
"3486",15.46781,0.925004335632025,1,200,0.00391843871526372,10.7454891050487,3.2263011376702,-4.84104706373799,10.7454891050487,1.17133632242339,172.270466821802,8,2,"normal",86
"3487",12.94344,0.750170559918034,1,200,0.00391843871526372,10.7454891050487,3.2263011376702,-4.84104706373799,10.7454891050487,1.17133632242339,172.270466821802,8,2,"normal",87
"3488",14.76871,0.890716397017098,1,200,0.00391843871526372,10.7454891050487,3.2263011376702,-4.84104706373799,10.7454891050487,1.17133632242339,172.270466821802,8,2,"normal",88
"3489",16.65638,0.962875233089793,1,200,0.00391843871526372,10.7454891050487,3.2263011376702,-4.84104706373799,10.7454891050487,1.17133632242339,172.270466821802,8,2,"normal",89
"3490",10.14979,0.427330331071894,1,200,0.00391843871526372,10.7454891050487,3.2263011376702,-4.84104706373799,10.7454891050487,1.17133632242339,172.270466821802,8,2,"normal",90
"3491",5.85631,0.0682442505292819,0,200,0.00391843871526372,10.7454891050487,3.2263011376702,-4.84104706373799,10.7454891050487,1.17133632242339,172.270466821802,8,2,"normal",91
"3492",12.71868,0.72779792921734,1,200,0.00391843871526372,10.7454891050487,3.2263011376702,-4.84104706373799,10.7454891050487,1.17133632242339,172.270466821802,8,2,"normal",92
"3493",9.0085,0.296761301980188,0,200,0.00391843871526372,10.7454891050487,3.2263011376702,-4.84104706373799,10.7454891050487,1.17133632242339,172.270466821802,8,2,"normal",93
"3494",14.96271,0.901247713247046,1,200,0.00391843871526372,10.7454891050487,3.2263011376702,-4.84104706373799,10.7454891050487,1.17133632242339,172.270466821802,8,2,"normal",94
"3495",6.89564,0.119388147518775,0,200,0.00391843871526372,10.7454891050487,3.2263011376702,-4.84104706373799,10.7454891050487,1.17133632242339,172.270466821802,8,2,"normal",95
"3496",14.38771,0.867629405228922,1,200,0.00391843871526372,10.7454891050487,3.2263011376702,-4.84104706373799,10.7454891050487,1.17133632242339,172.270466821802,8,2,"normal",96
"3497",13.70207,0.817761386057397,0,200,0.00391843871526372,10.7454891050487,3.2263011376702,-4.84104706373799,10.7454891050487,1.17133632242339,172.270466821802,8,2,"normal",97
"3498",15.07267,0.906861835378876,1,200,0.00391843871526372,10.7454891050487,3.2263011376702,-4.84104706373799,10.7454891050487,1.17133632242339,172.270466821802,8,2,"normal",98
"3499",13.4349,0.795410458242752,0,200,0.00391843871526372,10.7454891050487,3.2263011376702,-4.84104706373799,10.7454891050487,1.17133632242339,172.270466821802,8,2,"normal",99
"3500",6.66219,0.10593566180109,0,200,0.00391843871526372,10.7454891050487,3.2263011376702,-4.84104706373799,10.7454891050487,1.17133632242339,172.270466821802,8,2,"normal",100
"3501",8.2624,0.22294524932964,1,200,0.00391843871526372,10.7454891050487,3.2263011376702,-4.84104706373799,10.7454891050487,1.17133632242339,172.270466821802,8,2,"normal",101
"3502",8.49052,0.244316464579657,0,200,0.00391843871526372,10.7454891050487,3.2263011376702,-4.84104706373799,10.7454891050487,1.17133632242339,172.270466821802,8,2,"normal",102
"3503",7.4652,0.157346607368197,0,200,0.00391843871526372,10.7454891050487,3.2263011376702,-4.84104706373799,10.7454891050487,1.17133632242339,172.270466821802,8,2,"normal",103
"3504",7.81095,0.184021133324791,0,200,0.00391843871526372,10.7454891050487,3.2263011376702,-4.84104706373799,10.7454891050487,1.17133632242339,172.270466821802,8,2,"normal",104
"3505",8.22831,0.219847713190955,0,200,0.00391843871526372,10.7454891050487,3.2263011376702,-4.84104706373799,10.7454891050487,1.17133632242339,172.270466821802,8,2,"normal",105
"3506",7.75366,0.179411217052526,0,200,0.00391843871526372,10.7454891050487,3.2263011376702,-4.84104706373799,10.7454891050487,1.17133632242339,172.270466821802,8,2,"normal",106
"3507",15.15941,0.91111320720985,1,200,0.00391843871526372,10.7454891050487,3.2263011376702,-4.84104706373799,10.7454891050487,1.17133632242339,172.270466821802,8,2,"normal",107
"3508",14.86022,0.895784803423392,1,200,0.00391843871526372,10.7454891050487,3.2263011376702,-4.84104706373799,10.7454891050487,1.17133632242339,172.270466821802,8,2,"normal",108
"3509",9.30438,0.328906182894049,0,200,0.00391843871526372,10.7454891050487,3.2263011376702,-4.84104706373799,10.7454891050487,1.17133632242339,172.270466821802,8,2,"normal",109
"3510",14.19268,0.854544201910404,1,200,0.00391843871526372,10.7454891050487,3.2263011376702,-4.84104706373799,10.7454891050487,1.17133632242339,172.270466821802,8,2,"normal",110
"3511",7.40554,0.153022512364408,1,200,0.00391843871526372,10.7454891050487,3.2263011376702,-4.84104706373799,10.7454891050487,1.17133632242339,172.270466821802,8,2,"normal",111
"3512",7.86913,0.188779480276177,0,200,0.00391843871526372,10.7454891050487,3.2263011376702,-4.84104706373799,10.7454891050487,1.17133632242339,172.270466821802,8,2,"normal",112
"3513",7.68649,0.174102188472782,0,200,0.00391843871526372,10.7454891050487,3.2263011376702,-4.84104706373799,10.7454891050487,1.17133632242339,172.270466821802,8,2,"normal",113
"3514",7.23614,0.141191000296007,1,200,0.00391843871526372,10.7454891050487,3.2263011376702,-4.84104706373799,10.7454891050487,1.17133632242339,172.270466821802,8,2,"normal",114
"3515",7.18263,0.137590424633038,0,200,0.00391843871526372,10.7454891050487,3.2263011376702,-4.84104706373799,10.7454891050487,1.17133632242339,172.270466821802,8,2,"normal",115
"3516",8.5166,0.246829742024649,0,200,0.00391843871526372,10.7454891050487,3.2263011376702,-4.84104706373799,10.7454891050487,1.17133632242339,172.270466821802,8,2,"normal",116
"3517",9.77327,0.382505035487547,1,200,0.00391843871526372,10.7454891050487,3.2263011376702,-4.84104706373799,10.7454891050487,1.17133632242339,172.270466821802,8,2,"normal",117
"3518",8.90711,0.286092843844913,1,200,0.00391843871526372,10.7454891050487,3.2263011376702,-4.84104706373799,10.7454891050487,1.17133632242339,172.270466821802,8,2,"normal",118
"3519",14.33158,0.863952437252369,0,200,0.00391843871526372,10.7454891050487,3.2263011376702,-4.84104706373799,10.7454891050487,1.17133632242339,172.270466821802,8,2,"normal",119
"3520",7.05724,0.129408753624658,0,200,0.00391843871526372,10.7454891050487,3.2263011376702,-4.84104706373799,10.7454891050487,1.17133632242339,172.270466821802,8,2,"normal",120
"3521",16.42008,0.957088358459564,1,200,0.00391843871526372,10.7454891050487,3.2263011376702,-4.84104706373799,10.7454891050487,1.17133632242339,172.270466821802,8,2,"normal",121
"3522",7.94373,0.194993551706989,0,200,0.00391843871526372,10.7454891050487,3.2263011376702,-4.84104706373799,10.7454891050487,1.17133632242339,172.270466821802,8,2,"normal",122
"3523",7.87004,0.188854519483654,0,200,0.00391843871526372,10.7454891050487,3.2263011376702,-4.84104706373799,10.7454891050487,1.17133632242339,172.270466821802,8,2,"normal",123
"3524",14.12153,0.849553573958533,0,200,0.00391843871526372,10.7454891050487,3.2263011376702,-4.84104706373799,10.7454891050487,1.17133632242339,172.270466821802,8,2,"normal",124
"3525",6.52613,0.0986406953899726,0,200,0.00391843871526372,10.7454891050487,3.2263011376702,-4.84104706373799,10.7454891050487,1.17133632242339,172.270466821802,8,2,"normal",125
"3526",6.56747,0.100815370893072,0,200,0.00391843871526372,10.7454891050487,3.2263011376702,-4.84104706373799,10.7454891050487,1.17133632242339,172.270466821802,8,2,"normal",126
"3527",8.65073,0.259975973949094,0,200,0.00391843871526372,10.7454891050487,3.2263011376702,-4.84104706373799,10.7454891050487,1.17133632242339,172.270466821802,8,2,"normal",127
"3528",14.01441,0.841820129410964,0,200,0.00391843871526372,10.7454891050487,3.2263011376702,-4.84104706373799,10.7454891050487,1.17133632242339,172.270466821802,8,2,"normal",128
"3529",6.86709,0.117678513487996,1,200,0.00391843871526372,10.7454891050487,3.2263011376702,-4.84104706373799,10.7454891050487,1.17133632242339,172.270466821802,8,2,"normal",129
"3530",7.63983,0.170475308678823,0,200,0.00391843871526372,10.7454891050487,3.2263011376702,-4.84104706373799,10.7454891050487,1.17133632242339,172.270466821802,8,2,"normal",130
"3531",7.64137,0.170594212978945,0,200,0.00391843871526372,10.7454891050487,3.2263011376702,-4.84104706373799,10.7454891050487,1.17133632242339,172.270466821802,8,2,"normal",131
"3532",15.39671,0.921967448196636,1,200,0.00391843871526372,10.7454891050487,3.2263011376702,-4.84104706373799,10.7454891050487,1.17133632242339,172.270466821802,8,2,"normal",132
"3533",6.68568,0.107235352538319,0,200,0.00391843871526372,10.7454891050487,3.2263011376702,-4.84104706373799,10.7454891050487,1.17133632242339,172.270466821802,8,2,"normal",133
"3534",6.75171,0.110952962860605,0,200,0.00391843871526372,10.7454891050487,3.2263011376702,-4.84104706373799,10.7454891050487,1.17133632242339,172.270466821802,8,2,"normal",134
"3535",16.04526,0.9462502846507,1,200,0.00391843871526372,10.7454891050487,3.2263011376702,-4.84104706373799,10.7454891050487,1.17133632242339,172.270466821802,8,2,"normal",135
"3536",7.77554,0.181162945765576,0,200,0.00391843871526372,10.7454891050487,3.2263011376702,-4.84104706373799,10.7454891050487,1.17133632242339,172.270466821802,8,2,"normal",136
"3537",8.17758,0.215285328249351,0,200,0.00391843871526372,10.7454891050487,3.2263011376702,-4.84104706373799,10.7454891050487,1.17133632242339,172.270466821802,8,2,"normal",137
"3538",7.18322,0.137629767823783,0,200,0.00391843871526372,10.7454891050487,3.2263011376702,-4.84104706373799,10.7454891050487,1.17133632242339,172.270466821802,8,2,"normal",138
"3539",14.92894,0.899472437483533,1,200,0.00391843871526372,10.7454891050487,3.2263011376702,-4.84104706373799,10.7454891050487,1.17133632242339,172.270466821802,8,2,"normal",139
"3540",7.81478,0.184331998883341,0,200,0.00391843871526372,10.7454891050487,3.2263011376702,-4.84104706373799,10.7454891050487,1.17133632242339,172.270466821802,8,2,"normal",140
"3541",8.76964,0.271931647305918,1,200,0.00391843871526372,10.7454891050487,3.2263011376702,-4.84104706373799,10.7454891050487,1.17133632242339,172.270466821802,8,2,"normal",141
"3542",7.40108,0.152702551150218,0,200,0.00391843871526372,10.7454891050487,3.2263011376702,-4.84104706373799,10.7454891050487,1.17133632242339,172.270466821802,8,2,"normal",142
"3543",15.62669,0.931444697017282,1,200,0.00391843871526372,10.7454891050487,3.2263011376702,-4.84104706373799,10.7454891050487,1.17133632242339,172.270466821802,8,2,"normal",143
"3544",7.24628,0.141880681192818,1,200,0.00391843871526372,10.7454891050487,3.2263011376702,-4.84104706373799,10.7454891050487,1.17133632242339,172.270466821802,8,2,"normal",144
"3545",7.08566,0.131231864649224,0,200,0.00391843871526372,10.7454891050487,3.2263011376702,-4.84104706373799,10.7454891050487,1.17133632242339,172.270466821802,8,2,"normal",145
"3546",6.52731,0.0987022666274765,0,200,0.00391843871526372,10.7454891050487,3.2263011376702,-4.84104706373799,10.7454891050487,1.17133632242339,172.270466821802,8,2,"normal",146
"3547",8.32451,0.228653697566231,0,200,0.00391843871526372,10.7454891050487,3.2263011376702,-4.84104706373799,10.7454891050487,1.17133632242339,172.270466821802,8,2,"normal",147
"3548",7.89986,0.191323927722328,0,200,0.00391843871526372,10.7454891050487,3.2263011376702,-4.84104706373799,10.7454891050487,1.17133632242339,172.270466821802,8,2,"normal",148
"3549",6.93368,0.121694271973367,0,200,0.00391843871526372,10.7454891050487,3.2263011376702,-4.84104706373799,10.7454891050487,1.17133632242339,172.270466821802,8,2,"normal",149
"3550",13.92973,0.835519496233154,1,200,0.00391843871526372,10.7454891050487,3.2263011376702,-4.84104706373799,10.7454891050487,1.17133632242339,172.270466821802,8,2,"normal",150
"3551",15.40631,0.922383180764242,1,200,0.00391843871526372,10.7454891050487,3.2263011376702,-4.84104706373799,10.7454891050487,1.17133632242339,172.270466821802,8,2,"normal",151
"3552",13.77024,0.8232038287305,1,200,0.00391843871526372,10.7454891050487,3.2263011376702,-4.84104706373799,10.7454891050487,1.17133632242339,172.270466821802,8,2,"normal",152
"3553",7.71436,0.176292414959332,0,200,0.00391843871526372,10.7454891050487,3.2263011376702,-4.84104706373799,10.7454891050487,1.17133632242339,172.270466821802,8,2,"normal",153
"3554",14.99052,0.902691555049517,1,200,0.00391843871526372,10.7454891050487,3.2263011376702,-4.84104706373799,10.7454891050487,1.17133632242339,172.270466821802,8,2,"normal",154
"3555",14.76347,0.890420671110421,1,200,0.00391843871526372,10.7454891050487,3.2263011376702,-4.84104706373799,10.7454891050487,1.17133632242339,172.270466821802,8,2,"normal",155
"3556",14.76334,0.89041332678905,1,200,0.00391843871526372,10.7454891050487,3.2263011376702,-4.84104706373799,10.7454891050487,1.17133632242339,172.270466821802,8,2,"normal",156
"3557",7.47302,0.157919475174676,0,200,0.00391843871526372,10.7454891050487,3.2263011376702,-4.84104706373799,10.7454891050487,1.17133632242339,172.270466821802,8,2,"normal",157
"3558",15.10115,0.908274809123846,1,200,0.00391843871526372,10.7454891050487,3.2263011376702,-4.84104706373799,10.7454891050487,1.17133632242339,172.270466821802,8,2,"normal",158
"3559",8.16633,0.214281235861372,1,200,0.00391843871526372,10.7454891050487,3.2263011376702,-4.84104706373799,10.7454891050487,1.17133632242339,172.270466821802,8,2,"normal",159
"3560",14.84907,0.895176928450472,1,200,0.00391843871526372,10.7454891050487,3.2263011376702,-4.84104706373799,10.7454891050487,1.17133632242339,172.270466821802,8,2,"normal",160
"3561",7.71785,0.176567942253797,0,200,0.00391843871526372,10.7454891050487,3.2263011376702,-4.84104706373799,10.7454891050487,1.17133632242339,172.270466821802,8,2,"normal",161
"3562",14.57409,0.8793276885543,1,200,0.00391843871526372,10.7454891050487,3.2263011376702,-4.84104706373799,10.7454891050487,1.17133632242339,172.270466821802,8,2,"normal",162
"3563",7.65097,0.171336666001219,1,200,0.00391843871526372,10.7454891050487,3.2263011376702,-4.84104706373799,10.7454891050487,1.17133632242339,172.270466821802,8,2,"normal",163
"3564",7.48662,0.158919125798399,0,200,0.00391843871526372,10.7454891050487,3.2263011376702,-4.84104706373799,10.7454891050487,1.17133632242339,172.270466821802,8,2,"normal",164
"3565",7.60865,0.168079633663988,0,200,0.00391843871526372,10.7454891050487,3.2263011376702,-4.84104706373799,10.7454891050487,1.17133632242339,172.270466821802,8,2,"normal",165
"3566",8.25144,0.221946620165061,0,200,0.00391843871526372,10.7454891050487,3.2263011376702,-4.84104706373799,10.7454891050487,1.17133632242339,172.270466821802,8,2,"normal",166
"3567",7.52016,0.161402672326806,1,200,0.00391843871526372,10.7454891050487,3.2263011376702,-4.84104706373799,10.7454891050487,1.17133632242339,172.270466821802,8,2,"normal",167
"3568",14.93809,0.899955839823269,1,200,0.00391843871526372,10.7454891050487,3.2263011376702,-4.84104706373799,10.7454891050487,1.17133632242339,172.270466821802,8,2,"normal",168
"3569",15.06835,0.906646040185346,1,200,0.00391843871526372,10.7454891050487,3.2263011376702,-4.84104706373799,10.7454891050487,1.17133632242339,172.270466821802,8,2,"normal",169
"3570",14.51896,0.875948793723859,1,200,0.00391843871526372,10.7454891050487,3.2263011376702,-4.84104706373799,10.7454891050487,1.17133632242339,172.270466821802,8,2,"normal",170
"3571",7.77998,0.181519754709157,0,200,0.00391843871526372,10.7454891050487,3.2263011376702,-4.84104706373799,10.7454891050487,1.17133632242339,172.270466821802,8,2,"normal",171
"3572",8.4391,0.239402780400599,0,200,0.00391843871526372,10.7454891050487,3.2263011376702,-4.84104706373799,10.7454891050487,1.17133632242339,172.270466821802,8,2,"normal",172
"3573",14.44288,0.871173796898807,1,200,0.00391843871526372,10.7454891050487,3.2263011376702,-4.84104706373799,10.7454891050487,1.17133632242339,172.270466821802,8,2,"normal",173
"3574",15.38138,0.92129986795113,1,200,0.00391843871526372,10.7454891050487,3.2263011376702,-4.84104706373799,10.7454891050487,1.17133632242339,172.270466821802,8,2,"normal",174
"3575",12.46276,0.701142530426267,1,200,0.00391843871526372,10.7454891050487,3.2263011376702,-4.84104706373799,10.7454891050487,1.17133632242339,172.270466821802,8,2,"normal",175
"3576",6.30516,0.0876230589575849,0,200,0.00391843871526372,10.7454891050487,3.2263011376702,-4.84104706373799,10.7454891050487,1.17133632242339,172.270466821802,8,2,"normal",176
"3577",14.41722,0.869533847620711,1,200,0.00391843871526372,10.7454891050487,3.2263011376702,-4.84104706373799,10.7454891050487,1.17133632242339,172.270466821802,8,2,"normal",177
"3578",14.95033,0.900599709479881,1,200,0.00391843871526372,10.7454891050487,3.2263011376702,-4.84104706373799,10.7454891050487,1.17133632242339,172.270466821802,8,2,"normal",178
"3579",8.41437,0.237059373306648,1,200,0.00391843871526372,10.7454891050487,3.2263011376702,-4.84104706373799,10.7454891050487,1.17133632242339,172.270466821802,8,2,"normal",179
"3580",15.43117,0.923451476772334,1,200,0.00391843871526372,10.7454891050487,3.2263011376702,-4.84104706373799,10.7454891050487,1.17133632242339,172.270466821802,8,2,"normal",180
"3581",7.87204,0.189019507113499,1,200,0.00391843871526372,10.7454891050487,3.2263011376702,-4.84104706373799,10.7454891050487,1.17133632242339,172.270466821802,8,2,"normal",181
"3582",6.23518,0.084342507357871,1,200,0.00391843871526372,10.7454891050487,3.2263011376702,-4.84104706373799,10.7454891050487,1.17133632242339,172.270466821802,8,2,"normal",182
"3583",12.7896,0.73496567132861,1,200,0.00391843871526372,10.7454891050487,3.2263011376702,-4.84104706373799,10.7454891050487,1.17133632242339,172.270466821802,8,2,"normal",183
"3584",15.58181,0.929673129821469,1,200,0.00391843871526372,10.7454891050487,3.2263011376702,-4.84104706373799,10.7454891050487,1.17133632242339,172.270466821802,8,2,"normal",184
"3585",7.91774,0.19281427542848,0,200,0.00391843871526372,10.7454891050487,3.2263011376702,-4.84104706373799,10.7454891050487,1.17133632242339,172.270466821802,8,2,"normal",185
"3586",14.39903,0.868362281523807,1,200,0.00391843871526372,10.7454891050487,3.2263011376702,-4.84104706373799,10.7454891050487,1.17133632242339,172.270466821802,8,2,"normal",186
"3587",14.53599,0.876999818713115,1,200,0.00391843871526372,10.7454891050487,3.2263011376702,-4.84104706373799,10.7454891050487,1.17133632242339,172.270466821802,8,2,"normal",187
"3588",7.37593,0.150906860616016,0,200,0.00391843871526372,10.7454891050487,3.2263011376702,-4.84104706373799,10.7454891050487,1.17133632242339,172.270466821802,8,2,"normal",188
"3589",8.29177,0.225634197034987,1,200,0.00391843871526372,10.7454891050487,3.2263011376702,-4.84104706373799,10.7454891050487,1.17133632242339,172.270466821802,8,2,"normal",189
"3590",6.94003,0.122082379601082,0,200,0.00391843871526372,10.7454891050487,3.2263011376702,-4.84104706373799,10.7454891050487,1.17133632242339,172.270466821802,8,2,"normal",190
"3591",13.87217,0.831142333424561,1,200,0.00391843871526372,10.7454891050487,3.2263011376702,-4.84104706373799,10.7454891050487,1.17133632242339,172.270466821802,8,2,"normal",191
"3592",7.9721,0.197389855490977,1,200,0.00391843871526372,10.7454891050487,3.2263011376702,-4.84104706373799,10.7454891050487,1.17133632242339,172.270466821802,8,2,"normal",192
"3593",7.86486,0.188427625218293,1,200,0.00391843871526372,10.7454891050487,3.2263011376702,-4.84104706373799,10.7454891050487,1.17133632242339,172.270466821802,8,2,"normal",193
"3594",7.42823,0.154657393398067,0,200,0.00391843871526372,10.7454891050487,3.2263011376702,-4.84104706373799,10.7454891050487,1.17133632242339,172.270466821802,8,2,"normal",194
"3595",15.15448,0.910875713730912,0,200,0.00391843871526372,10.7454891050487,3.2263011376702,-4.84104706373799,10.7454891050487,1.17133632242339,172.270466821802,8,2,"normal",195
"3596",14.02909,0.842895578576086,1,200,0.00391843871526372,10.7454891050487,3.2263011376702,-4.84104706373799,10.7454891050487,1.17133632242339,172.270466821802,8,2,"normal",196
"3597",13.55422,0.805592539793302,1,200,0.00391843871526372,10.7454891050487,3.2263011376702,-4.84104706373799,10.7454891050487,1.17133632242339,172.270466821802,8,2,"normal",197
"3598",15.4262,0.923238856542847,1,200,0.00391843871526372,10.7454891050487,3.2263011376702,-4.84104706373799,10.7454891050487,1.17133632242339,172.270466821802,8,2,"normal",198
"3599",14.08833,0.847184997401263,1,200,0.00391843871526372,10.7454891050487,3.2263011376702,-4.84104706373799,10.7454891050487,1.17133632242339,172.270466821802,8,2,"normal",199
"3600",13.792,0.824918605631382,1,200,0.00391843871526372,10.7454891050487,3.2263011376702,-4.84104706373799,10.7454891050487,1.17133632242339,172.270466821802,8,2,"normal",200
"3601",8.90945456576,0.671377019438948,1,200,0.0197246932142989,6.26457290844626,5.70912984299808,-3.19248818181497,6.26457290844626,1.74206662028595,111.521058874746,9,2,"normal",1
"3602",-5.3249132354,0.0400678987562508,1,200,0.0197246932142989,6.26457290844626,5.70912984299808,-3.19248818181497,6.26457290844626,1.74206662028595,111.521058874746,9,2,"normal",2
"3603",-14.0506880773,0.0199039066610952,0,200,0.0197246932142989,6.26457290844626,5.70912984299808,-3.19248818181497,6.26457290844626,1.74206662028595,111.521058874746,9,2,"normal",3
"3604",-8.5026711619,0.0243798867734672,0,200,0.0197246932142989,6.26457290844626,5.70912984299808,-3.19248818181497,6.26457290844626,1.74206662028595,111.521058874746,9,2,"normal",4
"3605",-3.4163705877,0.0629224011183305,0,200,0.0197246932142989,6.26457290844626,5.70912984299808,-3.19248818181497,6.26457290844626,1.74206662028595,111.521058874746,9,2,"normal",5
"3606",0.08921833667,0.153914716191163,0,200,0.0197246932142989,6.26457290844626,5.70912984299808,-3.19248818181497,6.26457290844626,1.74206662028595,111.521058874746,9,2,"normal",6
"3607",-7.62273,0.0269269588032363,0,200,0.0197246932142989,6.26457290844626,5.70912984299808,-3.19248818181497,6.26457290844626,1.74206662028595,111.521058874746,9,2,"normal",7
"3608",-9.60128,0.0223432118862685,0,200,0.0197246932142989,6.26457290844626,5.70912984299808,-3.19248818181497,6.26457290844626,1.74206662028595,111.521058874746,9,2,"normal",8
"3609",9.68093,0.716329708087498,1,200,0.0197246932142989,6.26457290844626,5.70912984299808,-3.19248818181497,6.26457290844626,1.74206662028595,111.521058874746,9,2,"normal",9
"3610",16.21552,0.941211806823158,1,200,0.0197246932142989,6.26457290844626,5.70912984299808,-3.19248818181497,6.26457290844626,1.74206662028595,111.521058874746,9,2,"normal",10
"3611",-0.37852,0.137195107184573,0,200,0.0197246932142989,6.26457290844626,5.70912984299808,-3.19248818181497,6.26457290844626,1.74206662028595,111.521058874746,9,2,"normal",11
"3612",-0.24227,0.141906986201757,0,200,0.0197246932142989,6.26457290844626,5.70912984299808,-3.19248818181497,6.26457290844626,1.74206662028595,111.521058874746,9,2,"normal",12
"3613",4.54902,0.386559559089866,0,200,0.0197246932142989,6.26457290844626,5.70912984299808,-3.19248818181497,6.26457290844626,1.74206662028595,111.521058874746,9,2,"normal",13
"3614",9.08933,0.682141438759705,0,200,0.0197246932142989,6.26457290844626,5.70912984299808,-3.19248818181497,6.26457290844626,1.74206662028595,111.521058874746,9,2,"normal",14
"3615",4.3678,0.374990003266972,1,200,0.0197246932142989,6.26457290844626,5.70912984299808,-3.19248818181497,6.26457290844626,1.74206662028595,111.521058874746,9,2,"normal",15
"3616",12.92438,0.86337400795918,1,200,0.0197246932142989,6.26457290844626,5.70912984299808,-3.19248818181497,6.26457290844626,1.74206662028595,111.521058874746,9,2,"normal",16
"3617",11.30148,0.798904598843377,1,200,0.0197246932142989,6.26457290844626,5.70912984299808,-3.19248818181497,6.26457290844626,1.74206662028595,111.521058874746,9,2,"normal",17
"3618",11.41721,0.804121076652976,0,200,0.0197246932142989,6.26457290844626,5.70912984299808,-3.19248818181497,6.26457290844626,1.74206662028595,111.521058874746,9,2,"normal",18
"3619",20.83168,0.975124537430419,1,200,0.0197246932142989,6.26457290844626,5.70912984299808,-3.19248818181497,6.26457290844626,1.74206662028595,111.521058874746,9,2,"normal",19
"3620",-1.63651,0.0996316390204936,0,200,0.0197246932142989,6.26457290844626,5.70912984299808,-3.19248818181497,6.26457290844626,1.74206662028595,111.521058874746,9,2,"normal",20
"3621",-2.83226,0.0730708886807847,0,200,0.0197246932142989,6.26457290844626,5.70912984299808,-3.19248818181497,6.26457290844626,1.74206662028595,111.521058874746,9,2,"normal",21
"3622",11.08444,0.788868231851093,0,200,0.0197246932142989,6.26457290844626,5.70912984299808,-3.19248818181497,6.26457290844626,1.74206662028595,111.521058874746,9,2,"normal",22
"3623",1.65183,0.22101488359282,0,200,0.0197246932142989,6.26457290844626,5.70912984299808,-3.19248818181497,6.26457290844626,1.74206662028595,111.521058874746,9,2,"normal",23
"3624",17.85969,0.95998020426842,1,200,0.0197246932142989,6.26457290844626,5.70912984299808,-3.19248818181497,6.26457290844626,1.74206662028595,111.521058874746,9,2,"normal",24
"3625",3.97842,0.350554602198198,1,200,0.0197246932142989,6.26457290844626,5.70912984299808,-3.19248818181497,6.26457290844626,1.74206662028595,111.521058874746,9,2,"normal",25
"3626",-4.3971,0.0494224698587876,0,200,0.0197246932142989,6.26457290844626,5.70912984299808,-3.19248818181497,6.26457290844626,1.74206662028595,111.521058874746,9,2,"normal",26
"3627",-2.40003,0.0817264974406214,0,200,0.0197246932142989,6.26457290844626,5.70912984299808,-3.19248818181497,6.26457290844626,1.74206662028595,111.521058874746,9,2,"normal",27
"3628",0.694050000000001,0.177832431741922,0,200,0.0197246932142989,6.26457290844626,5.70912984299808,-3.19248818181497,6.26457290844626,1.74206662028595,111.521058874746,9,2,"normal",28
"3629",2.72271,0.276673826277608,0,200,0.0197246932142989,6.26457290844626,5.70912984299808,-3.19248818181497,6.26457290844626,1.74206662028595,111.521058874746,9,2,"normal",29
"3630",2.36942,0.257494547212976,0,200,0.0197246932142989,6.26457290844626,5.70912984299808,-3.19248818181497,6.26457290844626,1.74206662028595,111.521058874746,9,2,"normal",30
"3631",6.91966,0.543874005028692,0,200,0.0197246932142989,6.26457290844626,5.70912984299808,-3.19248818181497,6.26457290844626,1.74206662028595,111.521058874746,9,2,"normal",31
"3632",5.49812,0.448708797375224,1,200,0.0197246932142989,6.26457290844626,5.70912984299808,-3.19248818181497,6.26457290844626,1.74206662028595,111.521058874746,9,2,"normal",32
"3633",7.42137,0.577117686500739,1,200,0.0197246932142989,6.26457290844626,5.70912984299808,-3.19248818181497,6.26457290844626,1.74206662028595,111.521058874746,9,2,"normal",33
"3634",8.14148,0.623747447640572,1,200,0.0197246932142989,6.26457290844626,5.70912984299808,-3.19248818181497,6.26457290844626,1.74206662028595,111.521058874746,9,2,"normal",34
"3635",14.6125,0.911267134072313,1,200,0.0197246932142989,6.26457290844626,5.70912984299808,-3.19248818181497,6.26457290844626,1.74206662028595,111.521058874746,9,2,"normal",35
"3636",-0.93118,0.119394916856539,0,200,0.0197246932142989,6.26457290844626,5.70912984299808,-3.19248818181497,6.26457290844626,1.74206662028595,111.521058874746,9,2,"normal",36
"3637",14.46903,0.907899633491352,1,200,0.0197246932142989,6.26457290844626,5.70912984299808,-3.19248818181497,6.26457290844626,1.74206662028595,111.521058874746,9,2,"normal",37
"3638",11.30305,0.798975996787438,0,200,0.0197246932142989,6.26457290844626,5.70912984299808,-3.19248818181497,6.26457290844626,1.74206662028595,111.521058874746,9,2,"normal",38
"3639",3.45979,0.31904582032393,0,200,0.0197246932142989,6.26457290844626,5.70912984299808,-3.19248818181497,6.26457290844626,1.74206662028595,111.521058874746,9,2,"normal",39
"3640",-0.0567700000000002,0.148531050070454,0,200,0.0197246932142989,6.26457290844626,5.70912984299808,-3.19248818181497,6.26457290844626,1.74206662028595,111.521058874746,9,2,"normal",40
"3641",14.9882,0.919516060616321,1,200,0.0197246932142989,6.26457290844626,5.70912984299808,-3.19248818181497,6.26457290844626,1.74206662028595,111.521058874746,9,2,"normal",41
"3642",14.74175,0.914196775741361,1,200,0.0197246932142989,6.26457290844626,5.70912984299808,-3.19248818181497,6.26457290844626,1.74206662028595,111.521058874746,9,2,"normal",42
"3643",3.88935,0.345054146519014,0,200,0.0197246932142989,6.26457290844626,5.70912984299808,-3.19248818181497,6.26457290844626,1.74206662028595,111.521058874746,9,2,"normal",43
"3644",-1.74875,0.0967793947842248,0,200,0.0197246932142989,6.26457290844626,5.70912984299808,-3.19248818181497,6.26457290844626,1.74206662028595,111.521058874746,9,2,"normal",44
"3645",14.61626,0.911353744042486,1,200,0.0197246932142989,6.26457290844626,5.70912984299808,-3.19248818181497,6.26457290844626,1.74206662028595,111.521058874746,9,2,"normal",45
"3646",15.5024,0.929536418760384,1,200,0.0197246932142989,6.26457290844626,5.70912984299808,-3.19248818181497,6.26457290844626,1.74206662028595,111.521058874746,9,2,"normal",46
"3647",2.20617,0.248897572772317,0,200,0.0197246932142989,6.26457290844626,5.70912984299808,-3.19248818181497,6.26457290844626,1.74206662028595,111.521058874746,9,2,"normal",47
"3648",9.08495,0.681881268344184,0,200,0.0197246932142989,6.26457290844626,5.70912984299808,-3.19248818181497,6.26457290844626,1.74206662028595,111.521058874746,9,2,"normal",48
"3649",2.54552,0.266957981271039,0,200,0.0197246932142989,6.26457290844626,5.70912984299808,-3.19248818181497,6.26457290844626,1.74206662028595,111.521058874746,9,2,"normal",49
"3650",9.13301,0.684730593799449,1,200,0.0197246932142989,6.26457290844626,5.70912984299808,-3.19248818181497,6.26457290844626,1.74206662028595,111.521058874746,9,2,"normal",50
"3651",-0.843540000000001,0.122078995324433,0,200,0.0197246932142989,6.26457290844626,5.70912984299808,-3.19248818181497,6.26457290844626,1.74206662028595,111.521058874746,9,2,"normal",51
"3652",3.80221,0.339707306532996,0,200,0.0197246932142989,6.26457290844626,5.70912984299808,-3.19248818181497,6.26457290844626,1.74206662028595,111.521058874746,9,2,"normal",52
"3653",9.83089,0.724678433167354,1,200,0.0197246932142989,6.26457290844626,5.70912984299808,-3.19248818181497,6.26457290844626,1.74206662028595,111.521058874746,9,2,"normal",53
"3654",1.86588,0.231537274193661,0,200,0.0197246932142989,6.26457290844626,5.70912984299808,-3.19248818181497,6.26457290844626,1.74206662028595,111.521058874746,9,2,"normal",54
"3655",13.95081,0.894688433319385,1,200,0.0197246932142989,6.26457290844626,5.70912984299808,-3.19248818181497,6.26457290844626,1.74206662028595,111.521058874746,9,2,"normal",55
"3656",13.59928,0.884755450783664,1,200,0.0197246932142989,6.26457290844626,5.70912984299808,-3.19248818181497,6.26457290844626,1.74206662028595,111.521058874746,9,2,"normal",56
"3657",3.43811,0.317757263043136,0,200,0.0197246932142989,6.26457290844626,5.70912984299808,-3.19248818181497,6.26457290844626,1.74206662028595,111.521058874746,9,2,"normal",57
"3658",3.15774,0.301316328727938,0,200,0.0197246932142989,6.26457290844626,5.70912984299808,-3.19248818181497,6.26457290844626,1.74206662028595,111.521058874746,9,2,"normal",58
"3659",14.38122,0.905777632961211,1,200,0.0197246932142989,6.26457290844626,5.70912984299808,-3.19248818181497,6.26457290844626,1.74206662028595,111.521058874746,9,2,"normal",59
"3660",14.77876,0.915017748793448,1,200,0.0197246932142989,6.26457290844626,5.70912984299808,-3.19248818181497,6.26457290844626,1.74206662028595,111.521058874746,9,2,"normal",60
"3661",12.67539,0.854694192599481,1,200,0.0197246932142989,6.26457290844626,5.70912984299808,-3.19248818181497,6.26457290844626,1.74206662028595,111.521058874746,9,2,"normal",61
"3662",4.82499,0.404387573999675,0,200,0.0197246932142989,6.26457290844626,5.70912984299808,-3.19248818181497,6.26457290844626,1.74206662028595,111.521058874746,9,2,"normal",62
"3663",5.01292,0.416655606588193,0,200,0.0197246932142989,6.26457290844626,5.70912984299808,-3.19248818181497,6.26457290844626,1.74206662028595,111.521058874746,9,2,"normal",63
"3664",2.81417,0.281763120814617,0,200,0.0197246932142989,6.26457290844626,5.70912984299808,-3.19248818181497,6.26457290844626,1.74206662028595,111.521058874746,9,2,"normal",64
"3665",12.71948,0.856262783008297,1,200,0.0197246932142989,6.26457290844626,5.70912984299808,-3.19248818181497,6.26457290844626,1.74206662028595,111.521058874746,9,2,"normal",65
"3666",2.90473,0.286851121457986,0,200,0.0197246932142989,6.26457290844626,5.70912984299808,-3.19248818181497,6.26457290844626,1.74206662028595,111.521058874746,9,2,"normal",66
"3667",5.72633,0.463925880204912,0,200,0.0197246932142989,6.26457290844626,5.70912984299808,-3.19248818181497,6.26457290844626,1.74206662028595,111.521058874746,9,2,"normal",67
"3668",12.94416,0.864045007022342,1,200,0.0197246932142989,6.26457290844626,5.70912984299808,-3.19248818181497,6.26457290844626,1.74206662028595,111.521058874746,9,2,"normal",68
"3669",13.38487,0.87829725133627,1,200,0.0197246932142989,6.26457290844626,5.70912984299808,-3.19248818181497,6.26457290844626,1.74206662028595,111.521058874746,9,2,"normal",69
"3670",3.49119,0.320916351141489,0,200,0.0197246932142989,6.26457290844626,5.70912984299808,-3.19248818181497,6.26457290844626,1.74206662028595,111.521058874746,9,2,"normal",70
"3671",6.52006,0.517142905325221,0,200,0.0197246932142989,6.26457290844626,5.70912984299808,-3.19248818181497,6.26457290844626,1.74206662028595,111.521058874746,9,2,"normal",71
"3672",6.65216,0.525995381891166,0,200,0.0197246932142989,6.26457290844626,5.70912984299808,-3.19248818181497,6.26457290844626,1.74206662028595,111.521058874746,9,2,"normal",72
"3673",6.44345,0.512004499904091,1,200,0.0197246932142989,6.26457290844626,5.70912984299808,-3.19248818181497,6.26457290844626,1.74206662028595,111.521058874746,9,2,"normal",73
"3674",11.04181,0.786858342889621,1,200,0.0197246932142989,6.26457290844626,5.70912984299808,-3.19248818181497,6.26457290844626,1.74206662028595,111.521058874746,9,2,"normal",74
"3675",11.15513,0.792173221957851,1,200,0.0197246932142989,6.26457290844626,5.70912984299808,-3.19248818181497,6.26457290844626,1.74206662028595,111.521058874746,9,2,"normal",75
"3676",5.29864,0.435473319402211,0,200,0.0197246932142989,6.26457290844626,5.70912984299808,-3.19248818181497,6.26457290844626,1.74206662028595,111.521058874746,9,2,"normal",76
"3677",11.15491,0.792162990254831,0,200,0.0197246932142989,6.26457290844626,5.70912984299808,-3.19248818181497,6.26457290844626,1.74206662028595,111.521058874746,9,2,"normal",77
"3678",4.53241,0.385494356850127,1,200,0.0197246932142989,6.26457290844626,5.70912984299808,-3.19248818181497,6.26457290844626,1.74206662028595,111.521058874746,9,2,"normal",78
"3679",13.40451,0.878901628118243,0,200,0.0197246932142989,6.26457290844626,5.70912984299808,-3.19248818181497,6.26457290844626,1.74206662028595,111.521058874746,9,2,"normal",79
"3680",14.56671,0.9102056725593,0,200,0.0197246932142989,6.26457290844626,5.70912984299808,-3.19248818181497,6.26457290844626,1.74206662028595,111.521058874746,9,2,"normal",80
"3681",11.49132,0.807411907869059,1,200,0.0197246932142989,6.26457290844626,5.70912984299808,-3.19248818181497,6.26457290844626,1.74206662028595,111.521058874746,9,2,"normal",81
"3682",12.24196,0.838543478446287,0,200,0.0197246932142989,6.26457290844626,5.70912984299808,-3.19248818181497,6.26457290844626,1.74206662028595,111.521058874746,9,2,"normal",82
"3683",12.67406,0.854646663025469,1,200,0.0197246932142989,6.26457290844626,5.70912984299808,-3.19248818181497,6.26457290844626,1.74206662028595,111.521058874746,9,2,"normal",83
"3684",11.89896,0.824816125706143,1,200,0.0197246932142989,6.26457290844626,5.70912984299808,-3.19248818181497,6.26457290844626,1.74206662028595,111.521058874746,9,2,"normal",84
"3685",5.00437,0.416095439100389,0,200,0.0197246932142989,6.26457290844626,5.70912984299808,-3.19248818181497,6.26457290844626,1.74206662028595,111.521058874746,9,2,"normal",85
"3686",6.13759,0.491477444027174,0,200,0.0197246932142989,6.26457290844626,5.70912984299808,-3.19248818181497,6.26457290844626,1.74206662028595,111.521058874746,9,2,"normal",86
"3687",15.58415,0.931001227546709,1,200,0.0197246932142989,6.26457290844626,5.70912984299808,-3.19248818181497,6.26457290844626,1.74206662028595,111.521058874746,9,2,"normal",87
"3688",14.0063,0.896183435324043,1,200,0.0197246932142989,6.26457290844626,5.70912984299808,-3.19248818181497,6.26457290844626,1.74206662028595,111.521058874746,9,2,"normal",88
"3689",4.66367,0.393937050759461,1,200,0.0197246932142989,6.26457290844626,5.70912984299808,-3.19248818181497,6.26457290844626,1.74206662028595,111.521058874746,9,2,"normal",89
"3690",12.64813,0.853717530198444,1,200,0.0197246932142989,6.26457290844626,5.70912984299808,-3.19248818181497,6.26457290844626,1.74206662028595,111.521058874746,9,2,"normal",90
"3691",11.86221,0.823295591502633,1,200,0.0197246932142989,6.26457290844626,5.70912984299808,-3.19248818181497,6.26457290844626,1.74206662028595,111.521058874746,9,2,"normal",91
"3692",1.09089,0.194940443295091,0,200,0.0197246932142989,6.26457290844626,5.70912984299808,-3.19248818181497,6.26457290844626,1.74206662028595,111.521058874746,9,2,"normal",92
"3693",6.24054,0.498386884557927,1,200,0.0197246932142989,6.26457290844626,5.70912984299808,-3.19248818181497,6.26457290844626,1.74206662028595,111.521058874746,9,2,"normal",93
"3694",12.84657,0.860708054119646,1,200,0.0197246932142989,6.26457290844626,5.70912984299808,-3.19248818181497,6.26457290844626,1.74206662028595,111.521058874746,9,2,"normal",94
"3695",12.26569,0.839462190071451,1,200,0.0197246932142989,6.26457290844626,5.70912984299808,-3.19248818181497,6.26457290844626,1.74206662028595,111.521058874746,9,2,"normal",95
"3696",13.09085,0.868936682654903,1,200,0.0197246932142989,6.26457290844626,5.70912984299808,-3.19248818181497,6.26457290844626,1.74206662028595,111.521058874746,9,2,"normal",96
"3697",3.6171,0.328466766606739,0,200,0.0197246932142989,6.26457290844626,5.70912984299808,-3.19248818181497,6.26457290844626,1.74206662028595,111.521058874746,9,2,"normal",97
"3698",2.18472,0.247780768690463,0,200,0.0197246932142989,6.26457290844626,5.70912984299808,-3.19248818181497,6.26457290844626,1.74206662028595,111.521058874746,9,2,"normal",98
"3699",3.35922,0.313088942464104,0,200,0.0197246932142989,6.26457290844626,5.70912984299808,-3.19248818181497,6.26457290844626,1.74206662028595,111.521058874746,9,2,"normal",99
"3700",5.61371,0.456407679206173,1,200,0.0197246932142989,6.26457290844626,5.70912984299808,-3.19248818181497,6.26457290844626,1.74206662028595,111.521058874746,9,2,"normal",100
"3701",11.47409,0.806650280419187,1,200,0.0197246932142989,6.26457290844626,5.70912984299808,-3.19248818181497,6.26457290844626,1.74206662028595,111.521058874746,9,2,"normal",101
"3702",15.24933,0.924782045196166,1,200,0.0197246932142989,6.26457290844626,5.70912984299808,-3.19248818181497,6.26457290844626,1.74206662028595,111.521058874746,9,2,"normal",102
"3703",10.13368,0.741118079444614,1,200,0.0197246932142989,6.26457290844626,5.70912984299808,-3.19248818181497,6.26457290844626,1.74206662028595,111.521058874746,9,2,"normal",103
"3704",11.55436,0.810180582816757,1,200,0.0197246932142989,6.26457290844626,5.70912984299808,-3.19248818181497,6.26457290844626,1.74206662028595,111.521058874746,9,2,"normal",104
"3705",3.27273,0.308008506518415,0,200,0.0197246932142989,6.26457290844626,5.70912984299808,-3.19248818181497,6.26457290844626,1.74206662028595,111.521058874746,9,2,"normal",105
"3706",13.79662,0.890430540923396,1,200,0.0197246932142989,6.26457290844626,5.70912984299808,-3.19248818181497,6.26457290844626,1.74206662028595,111.521058874746,9,2,"normal",106
"3707",5.14965,0.425637877179033,0,200,0.0197246932142989,6.26457290844626,5.70912984299808,-3.19248818181497,6.26457290844626,1.74206662028595,111.521058874746,9,2,"normal",107
"3708",1.36169,0.207254071797529,0,200,0.0197246932142989,6.26457290844626,5.70912984299808,-3.19248818181497,6.26457290844626,1.74206662028595,111.521058874746,9,2,"normal",108
"3709",5.07454,0.420698110317727,1,200,0.0197246932142989,6.26457290844626,5.70912984299808,-3.19248818181497,6.26457290844626,1.74206662028595,111.521058874746,9,2,"normal",109
"3710",10.80015,0.775227673512753,1,200,0.0197246932142989,6.26457290844626,5.70912984299808,-3.19248818181497,6.26457290844626,1.74206662028595,111.521058874746,9,2,"normal",110
"3711",2.0603,0.241362083175009,1,200,0.0197246932142989,6.26457290844626,5.70912984299808,-3.19248818181497,6.26457290844626,1.74206662028595,111.521058874746,9,2,"normal",111
"3712",14.25329,0.902602002089027,1,200,0.0197246932142989,6.26457290844626,5.70912984299808,-3.19248818181497,6.26457290844626,1.74206662028595,111.521058874746,9,2,"normal",112
"3713",8.85982,0.668378480939209,1,200,0.0197246932142989,6.26457290844626,5.70912984299808,-3.19248818181497,6.26457290844626,1.74206662028595,111.521058874746,9,2,"normal",113
"3714",12.53451,0.849590420205496,1,200,0.0197246932142989,6.26457290844626,5.70912984299808,-3.19248818181497,6.26457290844626,1.74206662028595,111.521058874746,9,2,"normal",114
"3715",2.6975,0.27527982940463,0,200,0.0197246932142989,6.26457290844626,5.70912984299808,-3.19248818181497,6.26457290844626,1.74206662028595,111.521058874746,9,2,"normal",115
"3716",10.53819,0.762171044616643,1,200,0.0197246932142989,6.26457290844626,5.70912984299808,-3.19248818181497,6.26457290844626,1.74206662028595,111.521058874746,9,2,"normal",116
"3717",9.29082,0.69400127901443,1,200,0.0197246932142989,6.26457290844626,5.70912984299808,-3.19248818181497,6.26457290844626,1.74206662028595,111.521058874746,9,2,"normal",117
"3718",11.47325,0.806613095720633,1,200,0.0197246932142989,6.26457290844626,5.70912984299808,-3.19248818181497,6.26457290844626,1.74206662028595,111.521058874746,9,2,"normal",118
"3719",10.54234,0.762381477735444,1,200,0.0197246932142989,6.26457290844626,5.70912984299808,-3.19248818181497,6.26457290844626,1.74206662028595,111.521058874746,9,2,"normal",119
"3720",8.8884,0.670106526237499,1,200,0.0197246932142989,6.26457290844626,5.70912984299808,-3.19248818181497,6.26457290844626,1.74206662028595,111.521058874746,9,2,"normal",120
"3721",10.47401,0.758902131994114,1,200,0.0197246932142989,6.26457290844626,5.70912984299808,-3.19248818181497,6.26457290844626,1.74206662028595,111.521058874746,9,2,"normal",121
"3722",10.79361,0.774907352437255,1,200,0.0197246932142989,6.26457290844626,5.70912984299808,-3.19248818181497,6.26457290844626,1.74206662028595,111.521058874746,9,2,"normal",122
"3723",4.14978,0.361232783668431,0,200,0.0197246932142989,6.26457290844626,5.70912984299808,-3.19248818181497,6.26457290844626,1.74206662028595,111.521058874746,9,2,"normal",123
"3724",2.53733,0.266513560168911,0,200,0.0197246932142989,6.26457290844626,5.70912984299808,-3.19248818181497,6.26457290844626,1.74206662028595,111.521058874746,9,2,"normal",124
"3725",8.60154,0.652587687438478,1,200,0.0197246932142989,6.26457290844626,5.70912984299808,-3.19248818181497,6.26457290844626,1.74206662028595,111.521058874746,9,2,"normal",125
"3726",3.66946,0.331629641545993,0,200,0.0197246932142989,6.26457290844626,5.70912984299808,-3.19248818181497,6.26457290844626,1.74206662028595,111.521058874746,9,2,"normal",126
"3727",9.17592,0.687264434786247,0,200,0.0197246932142989,6.26457290844626,5.70912984299808,-3.19248818181497,6.26457290844626,1.74206662028595,111.521058874746,9,2,"normal",127
"3728",3.59862,0.327353651868988,0,200,0.0197246932142989,6.26457290844626,5.70912984299808,-3.19248818181497,6.26457290844626,1.74206662028595,111.521058874746,9,2,"normal",128
"3729",3.86213,0.343380242836235,1,200,0.0197246932142989,6.26457290844626,5.70912984299808,-3.19248818181497,6.26457290844626,1.74206662028595,111.521058874746,9,2,"normal",129
"3730",9.39808,0.700225698846403,1,200,0.0197246932142989,6.26457290844626,5.70912984299808,-3.19248818181497,6.26457290844626,1.74206662028595,111.521058874746,9,2,"normal",130
"3731",9.45925,0.703746969900937,1,200,0.0197246932142989,6.26457290844626,5.70912984299808,-3.19248818181497,6.26457290844626,1.74206662028595,111.521058874746,9,2,"normal",131
"3732",4.5072,0.383879433535251,0,200,0.0197246932142989,6.26457290844626,5.70912984299808,-3.19248818181497,6.26457290844626,1.74206662028595,111.521058874746,9,2,"normal",132
"3733",10.25274,0.747424707713541,1,200,0.0197246932142989,6.26457290844626,5.70912984299808,-3.19248818181497,6.26457290844626,1.74206662028595,111.521058874746,9,2,"normal",133
"3734",1.99919,0.238246823287576,0,200,0.0197246932142989,6.26457290844626,5.70912984299808,-3.19248818181497,6.26457290844626,1.74206662028595,111.521058874746,9,2,"normal",134
"3735",10.50852,0.760663240943628,1,200,0.0197246932142989,6.26457290844626,5.70912984299808,-3.19248818181497,6.26457290844626,1.74206662028595,111.521058874746,9,2,"normal",135
"3736",3.43719,0.317702636000206,1,200,0.0197246932142989,6.26457290844626,5.70912984299808,-3.19248818181497,6.26457290844626,1.74206662028595,111.521058874746,9,2,"normal",136
"3737",3.91503,0.346636394789158,0,200,0.0197246932142989,6.26457290844626,5.70912984299808,-3.19248818181497,6.26457290844626,1.74206662028595,111.521058874746,9,2,"normal",137
"3738",9.33383,0.696504768471173,1,200,0.0197246932142989,6.26457290844626,5.70912984299808,-3.19248818181497,6.26457290844626,1.74206662028595,111.521058874746,9,2,"normal",138
"3739",10.0331,0.73572033457296,0,200,0.0197246932142989,6.26457290844626,5.70912984299808,-3.19248818181497,6.26457290844626,1.74206662028595,111.521058874746,9,2,"normal",139
"3740",9.95827,0.731663481833834,1,200,0.0197246932142989,6.26457290844626,5.70912984299808,-3.19248818181497,6.26457290844626,1.74206662028595,111.521058874746,9,2,"normal",140
"3741",3.1758,0.302362602805426,0,200,0.0197246932142989,6.26457290844626,5.70912984299808,-3.19248818181497,6.26457290844626,1.74206662028595,111.521058874746,9,2,"normal",141
"3742",12.21742,0.83758919325064,1,200,0.0197246932142989,6.26457290844626,5.70912984299808,-3.19248818181497,6.26457290844626,1.74206662028595,111.521058874746,9,2,"normal",142
"3743",1.7064,0.223667854894686,0,200,0.0197246932142989,6.26457290844626,5.70912984299808,-3.19248818181497,6.26457290844626,1.74206662028595,111.521058874746,9,2,"normal",143
"3744",9.40823,0.700811431676355,1,200,0.0197246932142989,6.26457290844626,5.70912984299808,-3.19248818181497,6.26457290844626,1.74206662028595,111.521058874746,9,2,"normal",144
"3745",9.33121,0.696352554145564,1,200,0.0197246932142989,6.26457290844626,5.70912984299808,-3.19248818181497,6.26457290844626,1.74206662028595,111.521058874746,9,2,"normal",145
"3746",3.04438,0.294790409040627,0,200,0.0197246932142989,6.26457290844626,5.70912984299808,-3.19248818181497,6.26457290844626,1.74206662028595,111.521058874746,9,2,"normal",146
"3747",9.2562,0.69197886601012,0,200,0.0197246932142989,6.26457290844626,5.70912984299808,-3.19248818181497,6.26457290844626,1.74206662028595,111.521058874746,9,2,"normal",147
"3748",8.83661,0.666972225976127,0,200,0.0197246932142989,6.26457290844626,5.70912984299808,-3.19248818181497,6.26457290844626,1.74206662028595,111.521058874746,9,2,"normal",148
"3749",10.3698,0.753536482810983,1,200,0.0197246932142989,6.26457290844626,5.70912984299808,-3.19248818181497,6.26457290844626,1.74206662028595,111.521058874746,9,2,"normal",149
"3750",3.34527,0.312266835233564,0,200,0.0197246932142989,6.26457290844626,5.70912984299808,-3.19248818181497,6.26457290844626,1.74206662028595,111.521058874746,9,2,"normal",150
"3751",11.61359,0.812756247907391,1,200,0.0197246932142989,6.26457290844626,5.70912984299808,-3.19248818181497,6.26457290844626,1.74206662028595,111.521058874746,9,2,"normal",151
"3752",3.34414,0.312200286496701,0,200,0.0197246932142989,6.26457290844626,5.70912984299808,-3.19248818181497,6.26457290844626,1.74206662028595,111.521058874746,9,2,"normal",152
"3753",3.66733,0.331500716833456,0,200,0.0197246932142989,6.26457290844626,5.70912984299808,-3.19248818181497,6.26457290844626,1.74206662028595,111.521058874746,9,2,"normal",153
"3754",5.003,0.416005698447996,1,200,0.0197246932142989,6.26457290844626,5.70912984299808,-3.19248818181497,6.26457290844626,1.74206662028595,111.521058874746,9,2,"normal",154
"3755",10.12782,0.740805344316694,1,200,0.0197246932142989,6.26457290844626,5.70912984299808,-3.19248818181497,6.26457290844626,1.74206662028595,111.521058874746,9,2,"normal",155
"3756",11.49348,0.807507239360751,1,200,0.0197246932142989,6.26457290844626,5.70912984299808,-3.19248818181497,6.26457290844626,1.74206662028595,111.521058874746,9,2,"normal",156
"3757",4.24849,0.367438556710481,1,200,0.0197246932142989,6.26457290844626,5.70912984299808,-3.19248818181497,6.26457290844626,1.74206662028595,111.521058874746,9,2,"normal",157
"3758",11.56524,0.810655574896257,1,200,0.0197246932142989,6.26457290844626,5.70912984299808,-3.19248818181497,6.26457290844626,1.74206662028595,111.521058874746,9,2,"normal",158
"3759",2.53914,0.26661174198184,0,200,0.0197246932142989,6.26457290844626,5.70912984299808,-3.19248818181497,6.26457290844626,1.74206662028595,111.521058874746,9,2,"normal",159
"3760",3.29376,0.309240147663934,0,200,0.0197246932142989,6.26457290844626,5.70912984299808,-3.19248818181497,6.26457290844626,1.74206662028595,111.521058874746,9,2,"normal",160
"3761",1.62521,0.219728128642305,0,200,0.0197246932142989,6.26457290844626,5.70912984299808,-3.19248818181497,6.26457290844626,1.74206662028595,111.521058874746,9,2,"normal",161
"3762",4.23771,0.366758953839863,1,200,0.0197246932142989,6.26457290844626,5.70912984299808,-3.19248818181497,6.26457290844626,1.74206662028595,111.521058874746,9,2,"normal",162
"3763",10.14674,0.741814279841491,0,200,0.0197246932142989,6.26457290844626,5.70912984299808,-3.19248818181497,6.26457290844626,1.74206662028595,111.521058874746,9,2,"normal",163
"3764",5.35408,0.439144600562626,0,200,0.0197246932142989,6.26457290844626,5.70912984299808,-3.19248818181497,6.26457290844626,1.74206662028595,111.521058874746,9,2,"normal",164
"3765",2.19708,0.248423932636556,0,200,0.0197246932142989,6.26457290844626,5.70912984299808,-3.19248818181497,6.26457290844626,1.74206662028595,111.521058874746,9,2,"normal",165
"3766",4.12953,0.359964536856768,0,200,0.0197246932142989,6.26457290844626,5.70912984299808,-3.19248818181497,6.26457290844626,1.74206662028595,111.521058874746,9,2,"normal",166
"3767",11.39601,0.803172559245701,1,200,0.0197246932142989,6.26457290844626,5.70912984299808,-3.19248818181497,6.26457290844626,1.74206662028595,111.521058874746,9,2,"normal",167
"3768",2.34126,0.255999409677828,1,200,0.0197246932142989,6.26457290844626,5.70912984299808,-3.19248818181497,6.26457290844626,1.74206662028595,111.521058874746,9,2,"normal",168
"3769",10.60695,0.765642833823671,1,200,0.0197246932142989,6.26457290844626,5.70912984299808,-3.19248818181497,6.26457290844626,1.74206662028595,111.521058874746,9,2,"normal",169
"3770",13.78093,0.889988650107956,1,200,0.0197246932142989,6.26457290844626,5.70912984299808,-3.19248818181497,6.26457290844626,1.74206662028595,111.521058874746,9,2,"normal",170
"3771",8.79474,0.664428885574463,1,200,0.0197246932142989,6.26457290844626,5.70912984299808,-3.19248818181497,6.26457290844626,1.74206662028595,111.521058874746,9,2,"normal",171
"3772",9.06849,0.680902669530936,1,200,0.0197246932142989,6.26457290844626,5.70912984299808,-3.19248818181497,6.26457290844626,1.74206662028595,111.521058874746,9,2,"normal",172
"3773",10.26293,0.747960256385039,1,200,0.0197246932142989,6.26457290844626,5.70912984299808,-3.19248818181497,6.26457290844626,1.74206662028595,111.521058874746,9,2,"normal",173
"3774",10.91065,0.780595652769186,1,200,0.0197246932142989,6.26457290844626,5.70912984299808,-3.19248818181497,6.26457290844626,1.74206662028595,111.521058874746,9,2,"normal",174
"3775",4.18942,0.363720229883264,0,200,0.0197246932142989,6.26457290844626,5.70912984299808,-3.19248818181497,6.26457290844626,1.74206662028595,111.521058874746,9,2,"normal",175
"3776",4.07421,0.356508484255237,1,200,0.0197246932142989,6.26457290844626,5.70912984299808,-3.19248818181497,6.26457290844626,1.74206662028595,111.521058874746,9,2,"normal",176
"3777",4.41637,0.378079362610576,0,200,0.0197246932142989,6.26457290844626,5.70912984299808,-3.19248818181497,6.26457290844626,1.74206662028595,111.521058874746,9,2,"normal",177
"3778",3.24084,0.306145375304704,1,200,0.0197246932142989,6.26457290844626,5.70912984299808,-3.19248818181497,6.26457290844626,1.74206662028595,111.521058874746,9,2,"normal",178
"3779",10.44069,0.757194286316462,1,200,0.0197246932142989,6.26457290844626,5.70912984299808,-3.19248818181497,6.26457290844626,1.74206662028595,111.521058874746,9,2,"normal",179
"3780",2.86899,0.284837367648437,1,200,0.0197246932142989,6.26457290844626,5.70912984299808,-3.19248818181497,6.26457290844626,1.74206662028595,111.521058874746,9,2,"normal",180
"3781",10.11169,0.739943400533946,1,200,0.0197246932142989,6.26457290844626,5.70912984299808,-3.19248818181497,6.26457290844626,1.74206662028595,111.521058874746,9,2,"normal",181
"3782",11.56901,0.810819967266184,1,200,0.0197246932142989,6.26457290844626,5.70912984299808,-3.19248818181497,6.26457290844626,1.74206662028595,111.521058874746,9,2,"normal",182
"3783",9.02898,0.678548028462562,0,200,0.0197246932142989,6.26457290844626,5.70912984299808,-3.19248818181497,6.26457290844626,1.74206662028595,111.521058874746,9,2,"normal",183
"3784",9.11593,0.683719344264005,1,200,0.0197246932142989,6.26457290844626,5.70912984299808,-3.19248818181497,6.26457290844626,1.74206662028595,111.521058874746,9,2,"normal",184
"3785",10.75157,0.772841339433957,1,200,0.0197246932142989,6.26457290844626,5.70912984299808,-3.19248818181497,6.26457290844626,1.74206662028595,111.521058874746,9,2,"normal",185
"3786",11.04224,0.786878679173528,1,200,0.0197246932142989,6.26457290844626,5.70912984299808,-3.19248818181497,6.26457290844626,1.74206662028595,111.521058874746,9,2,"normal",186
"3787",10.37011,0.753552549897019,1,200,0.0197246932142989,6.26457290844626,5.70912984299808,-3.19248818181497,6.26457290844626,1.74206662028595,111.521058874746,9,2,"normal",187
"3788",9.70384,0.717613828418137,1,200,0.0197246932142989,6.26457290844626,5.70912984299808,-3.19248818181497,6.26457290844626,1.74206662028595,111.521058874746,9,2,"normal",188
"3789",2.24244,0.250792777816866,0,200,0.0197246932142989,6.26457290844626,5.70912984299808,-3.19248818181497,6.26457290844626,1.74206662028595,111.521058874746,9,2,"normal",189
"3790",2.01208,0.238901868839294,0,200,0.0197246932142989,6.26457290844626,5.70912984299808,-3.19248818181497,6.26457290844626,1.74206662028595,111.521058874746,9,2,"normal",190
"3791",4.89588,0.409004018679379,1,200,0.0197246932142989,6.26457290844626,5.70912984299808,-3.19248818181497,6.26457290844626,1.74206662028595,111.521058874746,9,2,"normal",191
"3792",10.91204,0.78066264474141,0,200,0.0197246932142989,6.26457290844626,5.70912984299808,-3.19248818181497,6.26457290844626,1.74206662028595,111.521058874746,9,2,"normal",192
"3793",9.67968,0.716259555839614,1,200,0.0197246932142989,6.26457290844626,5.70912984299808,-3.19248818181497,6.26457290844626,1.74206662028595,111.521058874746,9,2,"normal",193
"3794",3.40905,0.316033871998879,0,200,0.0197246932142989,6.26457290844626,5.70912984299808,-3.19248818181497,6.26457290844626,1.74206662028595,111.521058874746,9,2,"normal",194
"3795",10.63417,0.767008474802359,0,200,0.0197246932142989,6.26457290844626,5.70912984299808,-3.19248818181497,6.26457290844626,1.74206662028595,111.521058874746,9,2,"normal",195
"3796",11.54463,0.80975508564442,1,200,0.0197246932142989,6.26457290844626,5.70912984299808,-3.19248818181497,6.26457290844626,1.74206662028595,111.521058874746,9,2,"normal",196
"3797",11.8661,0.823456996183308,1,200,0.0197246932142989,6.26457290844626,5.70912984299808,-3.19248818181497,6.26457290844626,1.74206662028595,111.521058874746,9,2,"normal",197
"3798",10.57141,0.763852308506882,0,200,0.0197246932142989,6.26457290844626,5.70912984299808,-3.19248818181497,6.26457290844626,1.74206662028595,111.521058874746,9,2,"normal",198
"3799",3.48507,0.320551382363596,0,200,0.0197246932142989,6.26457290844626,5.70912984299808,-3.19248818181497,6.26457290844626,1.74206662028595,111.521058874746,9,2,"normal",199
"3800",9.7436,0.719835034879116,1,200,0.0197246932142989,6.26457290844626,5.70912984299808,-3.19248818181497,6.26457290844626,1.74206662028595,111.521058874746,9,2,"normal",200
"3801",-9.2283419187,0.0733181109933243,0,200,0.0574076483327405,-5.7974595717801,1.63569201382656,-2.04247160634103,-5.7974595717801,0.492065964851008,803.604836500509,10,2,"normal",1
"3802",5.5393641027,0.942592351665409,1,200,0.0574076483327405,-5.7974595717801,1.63569201382656,-2.04247160634103,-5.7974595717801,0.492065964851008,803.604836500509,10,2,"normal",2
"3803",-1.574029787,0.938245347592147,0,200,0.0574076483327405,-5.7974595717801,1.63569201382656,-2.04247160634103,-5.7974595717801,0.492065964851008,803.604836500509,10,2,"normal",3
"3804",1.97786268791,0.942591466975367,1,200,0.0574076483327405,-5.7974595717801,1.63569201382656,-2.04247160634103,-5.7974595717801,0.492065964851008,803.604836500509,10,2,"normal",4
"3805",-2.25785,0.929108483266812,1,200,0.0574076483327405,-5.7974595717801,1.63569201382656,-2.04247160634103,-5.7974595717801,0.492065964851008,803.604836500509,10,2,"normal",5
"3806",7.15064,0.942592351667258,1,200,0.0574076483327405,-5.7974595717801,1.63569201382656,-2.04247160634103,-5.7974595717801,0.492065964851008,803.604836500509,10,2,"normal",6
"3807",-8.2973,0.113367343513715,0,200,0.0574076483327405,-5.7974595717801,1.63569201382656,-2.04247160634103,-5.7974595717801,0.492065964851008,803.604836500509,10,2,"normal",7
"3808",-10.564219,0.05898585908331,0,200,0.0574076483327405,-5.7974595717801,1.63569201382656,-2.04247160634103,-5.7974595717801,0.492065964851008,803.604836500509,10,2,"normal",8
"3809",-3.82679,0.841555868287389,1,200,0.0574076483327405,-5.7974595717801,1.63569201382656,-2.04247160634103,-5.7974595717801,0.492065964851008,803.604836500509,10,2,"normal",9
"3810",11.22773,0.94259235166726,1,200,0.0574076483327405,-5.7974595717801,1.63569201382656,-2.04247160634103,-5.7974595717801,0.492065964851008,803.604836500509,10,2,"normal",10
"3811",-4.80039,0.702642515196359,1,200,0.0574076483327405,-5.7974595717801,1.63569201382656,-2.04247160634103,-5.7974595717801,0.492065964851008,803.604836500509,10,2,"normal",11
"3812",-10.52455,0.0591128964735165,0,200,0.0574076483327405,-5.7974595717801,1.63569201382656,-2.04247160634103,-5.7974595717801,0.492065964851008,803.604836500509,10,2,"normal",12
"3813",0.0149700000000004,0.942424103298919,1,200,0.0574076483327405,-5.7974595717801,1.63569201382656,-2.04247160634103,-5.7974595717801,0.492065964851008,803.604836500509,10,2,"normal",13
"3814",-2.411941,0.925564415228889,1,200,0.0574076483327405,-5.7974595717801,1.63569201382656,-2.04247160634103,-5.7974595717801,0.492065964851008,803.604836500509,10,2,"normal",14
"3815",-11.32692,0.0577278793879888,0,200,0.0574076483327405,-5.7974595717801,1.63569201382656,-2.04247160634103,-5.7974595717801,0.492065964851008,803.604836500509,10,2,"normal",15
"3816",0.10408,0.942455770525347,1,200,0.0574076483327405,-5.7974595717801,1.63569201382656,-2.04247160634103,-5.7974595717801,0.492065964851008,803.604836500509,10,2,"normal",16
"3817",-1.86518,0.935415843690521,1,200,0.0574076483327405,-5.7974595717801,1.63569201382656,-2.04247160634103,-5.7974595717801,0.492065964851008,803.604836500509,10,2,"normal",17
"3818",2.96455,0.942592314167499,1,200,0.0574076483327405,-5.7974595717801,1.63569201382656,-2.04247160634103,-5.7974595717801,0.492065964851008,803.604836500509,10,2,"normal",18
"3819",-7.30805,0.214854350353326,0,200,0.0574076483327405,-5.7974595717801,1.63569201382656,-2.04247160634103,-5.7974595717801,0.492065964851008,803.604836500509,10,2,"normal",19
"3820",-9.66006,0.0654644936712471,0,200,0.0574076483327405,-5.7974595717801,1.63569201382656,-2.04247160634103,-5.7974595717801,0.492065964851008,803.604836500509,10,2,"normal",20
"3821",-5.44318,0.575893311581042,0,200,0.0574076483327405,-5.7974595717801,1.63569201382656,-2.04247160634103,-5.7974595717801,0.492065964851008,803.604836500509,10,2,"normal",21
"3822",-7.2778,0.219154220648553,0,200,0.0574076483327405,-5.7974595717801,1.63569201382656,-2.04247160634103,-5.7974595717801,0.492065964851008,803.604836500509,10,2,"normal",22
"3823",-1.36363,0.939620503800998,1,200,0.0574076483327405,-5.7974595717801,1.63569201382656,-2.04247160634103,-5.7974595717801,0.492065964851008,803.604836500509,10,2,"normal",23
"3824",-3.23498,0.890717173332837,1,200,0.0574076483327405,-5.7974595717801,1.63569201382656,-2.04247160634103,-5.7974595717801,0.492065964851008,803.604836500509,10,2,"normal",24
"3825",-9.08474,0.0770857448854424,0,200,0.0574076483327405,-5.7974595717801,1.63569201382656,-2.04247160634103,-5.7974595717801,0.492065964851008,803.604836500509,10,2,"normal",25
"3826",-0.76215,0.941671240057429,1,200,0.0574076483327405,-5.7974595717801,1.63569201382656,-2.04247160634103,-5.7974595717801,0.492065964851008,803.604836500509,10,2,"normal",26
"3827",-5.96905,0.463022331940735,1,200,0.0574076483327405,-5.7974595717801,1.63569201382656,-2.04247160634103,-5.7974595717801,0.492065964851008,803.604836500509,10,2,"normal",27
"3828",-2.66606,0.917998971621154,1,200,0.0574076483327405,-5.7974595717801,1.63569201382656,-2.04247160634103,-5.7974595717801,0.492065964851008,803.604836500509,10,2,"normal",28
"3829",3.87785,0.942592350199447,1,200,0.0574076483327405,-5.7974595717801,1.63569201382656,-2.04247160634103,-5.7974595717801,0.492065964851008,803.604836500509,10,2,"normal",29
"3830",-2.52454,0.922499106605413,1,200,0.0574076483327405,-5.7974595717801,1.63569201382656,-2.04247160634103,-5.7974595717801,0.492065964851008,803.604836500509,10,2,"normal",30
"3831",-6.3457,0.383816984070517,1,200,0.0574076483327405,-5.7974595717801,1.63569201382656,-2.04247160634103,-5.7974595717801,0.492065964851008,803.604836500509,10,2,"normal",31
"3832",-5.99008,0.458510143432975,0,200,0.0574076483327405,-5.7974595717801,1.63569201382656,-2.04247160634103,-5.7974595717801,0.492065964851008,803.604836500509,10,2,"normal",32
"3833",-8.7991,0.0868367215830792,0,200,0.0574076483327405,-5.7974595717801,1.63569201382656,-2.04247160634103,-5.7974595717801,0.492065964851008,803.604836500509,10,2,"normal",33
"3834",-4.18206,0.799479433159187,1,200,0.0574076483327405,-5.7974595717801,1.63569201382656,-2.04247160634103,-5.7974595717801,0.492065964851008,803.604836500509,10,2,"normal",34
"3835",-8.40283,0.106623719398438,0,200,0.0574076483327405,-5.7974595717801,1.63569201382656,-2.04247160634103,-5.7974595717801,0.492065964851008,803.604836500509,10,2,"normal",35
"3836",-6.12126,0.430547043197142,1,200,0.0574076483327405,-5.7974595717801,1.63569201382656,-2.04247160634103,-5.7974595717801,0.492065964851008,803.604836500509,10,2,"normal",36
"3837",-5.06528,0.652949930665859,1,200,0.0574076483327405,-5.7974595717801,1.63569201382656,-2.04247160634103,-5.7974595717801,0.492065964851008,803.604836500509,10,2,"normal",37
"3838",-4.86135,0.691590486305837,0,200,0.0574076483327405,-5.7974595717801,1.63569201382656,-2.04247160634103,-5.7974595717801,0.492065964851008,803.604836500509,10,2,"normal",38
"3839",-6.2506,0.403406378457037,1,200,0.0574076483327405,-5.7974595717801,1.63569201382656,-2.04247160634103,-5.7974595717801,0.492065964851008,803.604836500509,10,2,"normal",39
"3840",-4.59191,0.738510458480569,1,200,0.0574076483327405,-5.7974595717801,1.63569201382656,-2.04247160634103,-5.7974595717801,0.492065964851008,803.604836500509,10,2,"normal",40
"3841",-7.27775,0.219161388021726,1,200,0.0574076483327405,-5.7974595717801,1.63569201382656,-2.04247160634103,-5.7974595717801,0.492065964851008,803.604836500509,10,2,"normal",41
"3842",-7.74427,0.160958962860721,0,200,0.0574076483327405,-5.7974595717801,1.63569201382656,-2.04247160634103,-5.7974595717801,0.492065964851008,803.604836500509,10,2,"normal",42
"3843",-3.74133,0.85020592936806,0,200,0.0574076483327405,-5.7974595717801,1.63569201382656,-2.04247160634103,-5.7974595717801,0.492065964851008,803.604836500509,10,2,"normal",43
"3844",-4.26222,0.78859555965664,1,200,0.0574076483327405,-5.7974595717801,1.63569201382656,-2.04247160634103,-5.7974595717801,0.492065964851008,803.604836500509,10,2,"normal",44
"3845",-5.47218,0.569766072102668,0,200,0.0574076483327405,-5.7974595717801,1.63569201382656,-2.04247160634103,-5.7974595717801,0.492065964851008,803.604836500509,10,2,"normal",45
"3846",-4.49037,0.754831591152304,1,200,0.0574076483327405,-5.7974595717801,1.63569201382656,-2.04247160634103,-5.7974595717801,0.492065964851008,803.604836500509,10,2,"normal",46
"3847",-3.45615,0.875177080035042,1,200,0.0574076483327405,-5.7974595717801,1.63569201382656,-2.04247160634103,-5.7974595717801,0.492065964851008,803.604836500509,10,2,"normal",47
"3848",-10.07672,0.0613431951810168,0,200,0.0574076483327405,-5.7974595717801,1.63569201382656,-2.04247160634103,-5.7974595717801,0.492065964851008,803.604836500509,10,2,"normal",48
"3849",-4.20585,0.796302913673461,0,200,0.0574076483327405,-5.7974595717801,1.63569201382656,-2.04247160634103,-5.7974595717801,0.492065964851008,803.604836500509,10,2,"normal",49
"3850",-6.94103,0.271829181647272,0,200,0.0574076483327405,-5.7974595717801,1.63569201382656,-2.04247160634103,-5.7974595717801,0.492065964851008,803.604836500509,10,2,"normal",50
"3851",-4.43033,0.764112041885777,1,200,0.0574076483327405,-5.7974595717801,1.63569201382656,-2.04247160634103,-5.7974595717801,0.492065964851008,803.604836500509,10,2,"normal",51
"3852",-7.28363,0.21831986468859,0,200,0.0574076483327405,-5.7974595717801,1.63569201382656,-2.04247160634103,-5.7974595717801,0.492065964851008,803.604836500509,10,2,"normal",52
"3853",-7.79661,0.155499495657987,0,200,0.0574076483327405,-5.7974595717801,1.63569201382656,-2.04247160634103,-5.7974595717801,0.492065964851008,803.604836500509,10,2,"normal",53
"3854",-8.14476,0.124359808237931,0,200,0.0574076483327405,-5.7974595717801,1.63569201382656,-2.04247160634103,-5.7974595717801,0.492065964851008,803.604836500509,10,2,"normal",54
"3855",-9.53422,0.0672957688089283,0,200,0.0574076483327405,-5.7974595717801,1.63569201382656,-2.04247160634103,-5.7974595717801,0.492065964851008,803.604836500509,10,2,"normal",55
"3856",-7.63828,0.172665910542087,0,200,0.0574076483327405,-5.7974595717801,1.63569201382656,-2.04247160634103,-5.7974595717801,0.492065964851008,803.604836500509,10,2,"normal",56
"3857",-7.50374,0.188802905824002,0,200,0.0574076483327405,-5.7974595717801,1.63569201382656,-2.04247160634103,-5.7974595717801,0.492065964851008,803.604836500509,10,2,"normal",57
"3858",-7.74904,0.160452674375041,0,200,0.0574076483327405,-5.7974595717801,1.63569201382656,-2.04247160634103,-5.7974595717801,0.492065964851008,803.604836500509,10,2,"normal",58
"3859",-7.2638,0.221168825481635,0,200,0.0574076483327405,-5.7974595717801,1.63569201382656,-2.04247160634103,-5.7974595717801,0.492065964851008,803.604836500509,10,2,"normal",59
"3860",-0.692900000000001,0.941793910869252,1,200,0.0574076483327405,-5.7974595717801,1.63569201382656,-2.04247160634103,-5.7974595717801,0.492065964851008,803.604836500509,10,2,"normal",60
"3861",-3.9979,0.822538000884702,0,200,0.0574076483327405,-5.7974595717801,1.63569201382656,-2.04247160634103,-5.7974595717801,0.492065964851008,803.604836500509,10,2,"normal",61
"3862",-3.76614,0.847751930071216,1,200,0.0574076483327405,-5.7974595717801,1.63569201382656,-2.04247160634103,-5.7974595717801,0.492065964851008,803.604836500509,10,2,"normal",62
"3863",-2.17841,0.930673906639544,1,200,0.0574076483327405,-5.7974595717801,1.63569201382656,-2.04247160634103,-5.7974595717801,0.492065964851008,803.604836500509,10,2,"normal",63
"3864",-3.05006,0.901420505776588,1,200,0.0574076483327405,-5.7974595717801,1.63569201382656,-2.04247160634103,-5.7974595717801,0.492065964851008,803.604836500509,10,2,"normal",64
"3865",-7.66462,0.169674445466334,0,200,0.0574076483327405,-5.7974595717801,1.63569201382656,-2.04247160634103,-5.7974595717801,0.492065964851008,803.604836500509,10,2,"normal",65
"3866",-6.99761,0.262379026324673,0,200,0.0574076483327405,-5.7974595717801,1.63569201382656,-2.04247160634103,-5.7974595717801,0.492065964851008,803.604836500509,10,2,"normal",66
"3867",-6.42385,0.367999421606294,1,200,0.0574076483327405,-5.7974595717801,1.63569201382656,-2.04247160634103,-5.7974595717801,0.492065964851008,803.604836500509,10,2,"normal",67
"3868",-6.39221,0.374370549089749,0,200,0.0574076483327405,-5.7974595717801,1.63569201382656,-2.04247160634103,-5.7974595717801,0.492065964851008,803.604836500509,10,2,"normal",68
"3869",-3.21144,0.892190215260459,1,200,0.0574076483327405,-5.7974595717801,1.63569201382656,-2.04247160634103,-5.7974595717801,0.492065964851008,803.604836500509,10,2,"normal",69
"3870",-7.92004,0.143448683140633,0,200,0.0574076483327405,-5.7974595717801,1.63569201382656,-2.04247160634103,-5.7974595717801,0.492065964851008,803.604836500509,10,2,"normal",70
"3871",-6.77568,0.300748766953816,0,200,0.0574076483327405,-5.7974595717801,1.63569201382656,-2.04247160634103,-5.7974595717801,0.492065964851008,803.604836500509,10,2,"normal",71
"3872",-4.47195,0.757708372372665,0,200,0.0574076483327405,-5.7974595717801,1.63569201382656,-2.04247160634103,-5.7974595717801,0.492065964851008,803.604836500509,10,2,"normal",72
"3873",-3.58624,0.864509553229923,1,200,0.0574076483327405,-5.7974595717801,1.63569201382656,-2.04247160634103,-5.7974595717801,0.492065964851008,803.604836500509,10,2,"normal",73
"3874",-6.60519,0.332450615337302,0,200,0.0574076483327405,-5.7974595717801,1.63569201382656,-2.04247160634103,-5.7974595717801,0.492065964851008,803.604836500509,10,2,"normal",74
"3875",-3.81582,0.842697425663276,1,200,0.0574076483327405,-5.7974595717801,1.63569201382656,-2.04247160634103,-5.7974595717801,0.492065964851008,803.604836500509,10,2,"normal",75
"3876",-8.53051,0.0993409437376416,0,200,0.0574076483327405,-5.7974595717801,1.63569201382656,-2.04247160634103,-5.7974595717801,0.492065964851008,803.604836500509,10,2,"normal",76
"3877",-6.80071,0.296250597941994,1,200,0.0574076483327405,-5.7974595717801,1.63569201382656,-2.04247160634103,-5.7974595717801,0.492065964851008,803.604836500509,10,2,"normal",77
"3878",-3.2067,0.892482803524737,1,200,0.0574076483327405,-5.7974595717801,1.63569201382656,-2.04247160634103,-5.7974595717801,0.492065964851008,803.604836500509,10,2,"normal",78
"3879",-3.49248,0.872316283019163,1,200,0.0574076483327405,-5.7974595717801,1.63569201382656,-2.04247160634103,-5.7974595717801,0.492065964851008,803.604836500509,10,2,"normal",79
"3880",-3.45802,0.875032025051029,1,200,0.0574076483327405,-5.7974595717801,1.63569201382656,-2.04247160634103,-5.7974595717801,0.492065964851008,803.604836500509,10,2,"normal",80
"3881",-3.96693,0.826150494063314,1,200,0.0574076483327405,-5.7974595717801,1.63569201382656,-2.04247160634103,-5.7974595717801,0.492065964851008,803.604836500509,10,2,"normal",81
"3882",-7.42963,0.198308489312643,0,200,0.0574076483327405,-5.7974595717801,1.63569201382656,-2.04247160634103,-5.7974595717801,0.492065964851008,803.604836500509,10,2,"normal",82
"3883",-4.5507,0.745228102983676,0,200,0.0574076483327405,-5.7974595717801,1.63569201382656,-2.04247160634103,-5.7974595717801,0.492065964851008,803.604836500509,10,2,"normal",83
"3884",-2.6866,0.917280817637276,1,200,0.0574076483327405,-5.7974595717801,1.63569201382656,-2.04247160634103,-5.7974595717801,0.492065964851008,803.604836500509,10,2,"normal",84
"3885",-3.15084,0.895830969656138,1,200,0.0574076483327405,-5.7974595717801,1.63569201382656,-2.04247160634103,-5.7974595717801,0.492065964851008,803.604836500509,10,2,"normal",85
"3886",-6.50144,0.352578780096136,0,200,0.0574076483327405,-5.7974595717801,1.63569201382656,-2.04247160634103,-5.7974595717801,0.492065964851008,803.604836500509,10,2,"normal",86
"3887",-6.35506,0.381908428040215,0,200,0.0574076483327405,-5.7974595717801,1.63569201382656,-2.04247160634103,-5.7974595717801,0.492065964851008,803.604836500509,10,2,"normal",87
"3888",-7.66181,0.169990980148095,0,200,0.0574076483327405,-5.7974595717801,1.63569201382656,-2.04247160634103,-5.7974595717801,0.492065964851008,803.604836500509,10,2,"normal",88
"3889",-3.88908,0.834897606601652,1,200,0.0574076483327405,-5.7974595717801,1.63569201382656,-2.04247160634103,-5.7974595717801,0.492065964851008,803.604836500509,10,2,"normal",89
"3890",-5.66685,0.52816800737787,0,200,0.0574076483327405,-5.7974595717801,1.63569201382656,-2.04247160634103,-5.7974595717801,0.492065964851008,803.604836500509,10,2,"normal",90
"3891",-7.32652,0.212264730344066,0,200,0.0574076483327405,-5.7974595717801,1.63569201382656,-2.04247160634103,-5.7974595717801,0.492065964851008,803.604836500509,10,2,"normal",91
"3892",-7.41701,0.199970971820825,1,200,0.0574076483327405,-5.7974595717801,1.63569201382656,-2.04247160634103,-5.7974595717801,0.492065964851008,803.604836500509,10,2,"normal",92
"3893",-2.54168,0.921993978364014,1,200,0.0574076483327405,-5.7974595717801,1.63569201382656,-2.04247160634103,-5.7974595717801,0.492065964851008,803.604836500509,10,2,"normal",93
"3894",-3.67708,0.856346412383056,1,200,0.0574076483327405,-5.7974595717801,1.63569201382656,-2.04247160634103,-5.7974595717801,0.492065964851008,803.604836500509,10,2,"normal",94
"3895",-7.43807,0.197203769449978,0,200,0.0574076483327405,-5.7974595717801,1.63569201382656,-2.04247160634103,-5.7974595717801,0.492065964851008,803.604836500509,10,2,"normal",95
"3896",-3.29618,0.886729230111392,1,200,0.0574076483327405,-5.7974595717801,1.63569201382656,-2.04247160634103,-5.7974595717801,0.492065964851008,803.604836500509,10,2,"normal",96
"3897",-6.84735,0.287981463869923,0,200,0.0574076483327405,-5.7974595717801,1.63569201382656,-2.04247160634103,-5.7974595717801,0.492065964851008,803.604836500509,10,2,"normal",97
"3898",-6.83712,0.289782511127807,1,200,0.0574076483327405,-5.7974595717801,1.63569201382656,-2.04247160634103,-5.7974595717801,0.492065964851008,803.604836500509,10,2,"normal",98
"3899",-3.19613,0.893130443153128,1,200,0.0574076483327405,-5.7974595717801,1.63569201382656,-2.04247160634103,-5.7974595717801,0.492065964851008,803.604836500509,10,2,"normal",99
"3900",-6.78587,0.298912481682085,0,200,0.0574076483327405,-5.7974595717801,1.63569201382656,-2.04247160634103,-5.7974595717801,0.492065964851008,803.604836500509,10,2,"normal",100
"3901",-6.9802,0.26526191420648,0,200,0.0574076483327405,-5.7974595717801,1.63569201382656,-2.04247160634103,-5.7974595717801,0.492065964851008,803.604836500509,10,2,"normal",101
"3902",-3.88023,0.835861945446927,1,200,0.0574076483327405,-5.7974595717801,1.63569201382656,-2.04247160634103,-5.7974595717801,0.492065964851008,803.604836500509,10,2,"normal",102
"3903",-7.65722,0.170509358848491,0,200,0.0574076483327405,-5.7974595717801,1.63569201382656,-2.04247160634103,-5.7974595717801,0.492065964851008,803.604836500509,10,2,"normal",103
"3904",-3.931,0.830246664060467,1,200,0.0574076483327405,-5.7974595717801,1.63569201382656,-2.04247160634103,-5.7974595717801,0.492065964851008,803.604836500509,10,2,"normal",104
"3905",-7.0362,0.256069141516222,1,200,0.0574076483327405,-5.7974595717801,1.63569201382656,-2.04247160634103,-5.7974595717801,0.492065964851008,803.604836500509,10,2,"normal",105
"3906",-3.90997,0.832597093329572,1,200,0.0574076483327405,-5.7974595717801,1.63569201382656,-2.04247160634103,-5.7974595717801,0.492065964851008,803.604836500509,10,2,"normal",106
"3907",-3.08599,0.899492645399796,0,200,0.0574076483327405,-5.7974595717801,1.63569201382656,-2.04247160634103,-5.7974595717801,0.492065964851008,803.604836500509,10,2,"normal",107
"3908",-3.66439,0.857522971622875,1,200,0.0574076483327405,-5.7974595717801,1.63569201382656,-2.04247160634103,-5.7974595717801,0.492065964851008,803.604836500509,10,2,"normal",108
"3909",-7.08925,0.247577558651824,1,200,0.0574076483327405,-5.7974595717801,1.63569201382656,-2.04247160634103,-5.7974595717801,0.492065964851008,803.604836500509,10,2,"normal",109
"3910",-7.36994,0.206284112698796,0,200,0.0574076483327405,-5.7974595717801,1.63569201382656,-2.04247160634103,-5.7974595717801,0.492065964851008,803.604836500509,10,2,"normal",110
"3911",-6.66512,0.321102731510467,1,200,0.0574076483327405,-5.7974595717801,1.63569201382656,-2.04247160634103,-5.7974595717801,0.492065964851008,803.604836500509,10,2,"normal",111
"3912",-7.25671,0.222194999810344,0,200,0.0574076483327405,-5.7974595717801,1.63569201382656,-2.04247160634103,-5.7974595717801,0.492065964851008,803.604836500509,10,2,"normal",112
"3913",-3.84813,0.83930863862805,1,200,0.0574076483327405,-5.7974595717801,1.63569201382656,-2.04247160634103,-5.7974595717801,0.492065964851008,803.604836500509,10,2,"normal",113
"3914",-8.75157,0.0887934222718637,0,200,0.0574076483327405,-5.7974595717801,1.63569201382656,-2.04247160634103,-5.7974595717801,0.492065964851008,803.604836500509,10,2,"normal",114
"3915",-7.23095,0.225956819828725,0,200,0.0574076483327405,-5.7974595717801,1.63569201382656,-2.04247160634103,-5.7974595717801,0.492065964851008,803.604836500509,10,2,"normal",115
"3916",-3.4167,0.87818222971581,1,200,0.0574076483327405,-5.7974595717801,1.63569201382656,-2.04247160634103,-5.7974595717801,0.492065964851008,803.604836500509,10,2,"normal",116
"3917",-3.82751,0.841480620210532,1,200,0.0574076483327405,-5.7974595717801,1.63569201382656,-2.04247160634103,-5.7974595717801,0.492065964851008,803.604836500509,10,2,"normal",117
"3918",-4.26119,0.788738665154797,1,200,0.0574076483327405,-5.7974595717801,1.63569201382656,-2.04247160634103,-5.7974595717801,0.492065964851008,803.604836500509,10,2,"normal",118
"3919",-7.70647,0.16503345021059,0,200,0.0574076483327405,-5.7974595717801,1.63569201382656,-2.04247160634103,-5.7974595717801,0.492065964851008,803.604836500509,10,2,"normal",119
"3920",-3.41436,0.878357206376658,1,200,0.0574076483327405,-5.7974595717801,1.63569201382656,-2.04247160634103,-5.7974595717801,0.492065964851008,803.604836500509,10,2,"normal",120
"3921",-6.7886,0.29842169301066,0,200,0.0574076483327405,-5.7974595717801,1.63569201382656,-2.04247160634103,-5.7974595717801,0.492065964851008,803.604836500509,10,2,"normal",121
"3922",-6.75399,0.304680169747849,0,200,0.0574076483327405,-5.7974595717801,1.63569201382656,-2.04247160634103,-5.7974595717801,0.492065964851008,803.604836500509,10,2,"normal",122
"3923",-7.71975,0.163589339668873,0,200,0.0574076483327405,-5.7974595717801,1.63569201382656,-2.04247160634103,-5.7974595717801,0.492065964851008,803.604836500509,10,2,"normal",123
"3924",-6.97685,0.265819194206179,0,200,0.0574076483327405,-5.7974595717801,1.63569201382656,-2.04247160634103,-5.7974595717801,0.492065964851008,803.604836500509,10,2,"normal",124
"3925",-7.21258,0.228671399797085,1,200,0.0574076483327405,-5.7974595717801,1.63569201382656,-2.04247160634103,-5.7974595717801,0.492065964851008,803.604836500509,10,2,"normal",125
"3926",-7.58202,0.179238887025774,0,200,0.0574076483327405,-5.7974595717801,1.63569201382656,-2.04247160634103,-5.7974595717801,0.492065964851008,803.604836500509,10,2,"normal",126
"3927",-4.6829,0.723235262934162,0,200,0.0574076483327405,-5.7974595717801,1.63569201382656,-2.04247160634103,-5.7974595717801,0.492065964851008,803.604836500509,10,2,"normal",127
"3928",-3.65464,0.858418899274849,1,200,0.0574076483327405,-5.7974595717801,1.63569201382656,-2.04247160634103,-5.7974595717801,0.492065964851008,803.604836500509,10,2,"normal",128
"3929",-7.64012,0.172455164673312,0,200,0.0574076483327405,-5.7974595717801,1.63569201382656,-2.04247160634103,-5.7974595717801,0.492065964851008,803.604836500509,10,2,"normal",129
"3930",-7.58148,0.179303191655722,0,200,0.0574076483327405,-5.7974595717801,1.63569201382656,-2.04247160634103,-5.7974595717801,0.492065964851008,803.604836500509,10,2,"normal",130
"3931",-3.09385,0.899061436464893,1,200,0.0574076483327405,-5.7974595717801,1.63569201382656,-2.04247160634103,-5.7974595717801,0.492065964851008,803.604836500509,10,2,"normal",131
"3932",-6.87696,0.282809274532049,1,200,0.0574076483327405,-5.7974595717801,1.63569201382656,-2.04247160634103,-5.7974595717801,0.492065964851008,803.604836500509,10,2,"normal",132
"3933",-7.33826,0.21063283435002,0,200,0.0574076483327405,-5.7974595717801,1.63569201382656,-2.04247160634103,-5.7974595717801,0.492065964851008,803.604836500509,10,2,"normal",133
"3934",-6.98397,0.264635752566806,0,200,0.0574076483327405,-5.7974595717801,1.63569201382656,-2.04247160634103,-5.7974595717801,0.492065964851008,803.604836500509,10,2,"normal",134
"3935",-7.34354,0.209902482381477,0,200,0.0574076483327405,-5.7974595717801,1.63569201382656,-2.04247160634103,-5.7974595717801,0.492065964851008,803.604836500509,10,2,"normal",135
"3936",-3.78163,0.846196146043172,1,200,0.0574076483327405,-5.7974595717801,1.63569201382656,-2.04247160634103,-5.7974595717801,0.492065964851008,803.604836500509,10,2,"normal",136
"3937",-7.43117,0.198106491868237,1,200,0.0574076483327405,-5.7974595717801,1.63569201382656,-2.04247160634103,-5.7974595717801,0.492065964851008,803.604836500509,10,2,"normal",137
"3938",-7.51704,0.187143490503736,0,200,0.0574076483327405,-5.7974595717801,1.63569201382656,-2.04247160634103,-5.7974595717801,0.492065964851008,803.604836500509,10,2,"normal",138
"3939",-7.66624,0.169492241107884,0,200,0.0574076483327405,-5.7974595717801,1.63569201382656,-2.04247160634103,-5.7974595717801,0.492065964851008,803.604836500509,10,2,"normal",139
"3940",-7.28609,0.217968612867568,0,200,0.0574076483327405,-5.7974595717801,1.63569201382656,-2.04247160634103,-5.7974595717801,0.492065964851008,803.604836500509,10,2,"normal",140
"3941",-4.37427,0.772524266493489,0,200,0.0574076483327405,-5.7974595717801,1.63569201382656,-2.04247160634103,-5.7974595717801,0.492065964851008,803.604836500509,10,2,"normal",141
"3942",-7.16031,0.236540155298747,0,200,0.0574076483327405,-5.7974595717801,1.63569201382656,-2.04247160634103,-5.7974595717801,0.492065964851008,803.604836500509,10,2,"normal",142
"3943",-7.71126,0.164510986619168,1,200,0.0574076483327405,-5.7974595717801,1.63569201382656,-2.04247160634103,-5.7974595717801,0.492065964851008,803.604836500509,10,2,"normal",143
"3944",-4.12703,0.80665362493749,1,200,0.0574076483327405,-5.7974595717801,1.63569201382656,-2.04247160634103,-5.7974595717801,0.492065964851008,803.604836500509,10,2,"normal",144
"3945",-3.66835,0.857157091964567,1,200,0.0574076483327405,-5.7974595717801,1.63569201382656,-2.04247160634103,-5.7974595717801,0.492065964851008,803.604836500509,10,2,"normal",145
"3946",-4.11667,0.807977134556981,1,200,0.0574076483327405,-5.7974595717801,1.63569201382656,-2.04247160634103,-5.7974595717801,0.492065964851008,803.604836500509,10,2,"normal",146
"3947",-4.29605,0.78384832748571,1,200,0.0574076483327405,-5.7974595717801,1.63569201382656,-2.04247160634103,-5.7974595717801,0.492065964851008,803.604836500509,10,2,"normal",147
"3948",-7.19776,0.230880707648337,1,200,0.0574076483327405,-5.7974595717801,1.63569201382656,-2.04247160634103,-5.7974595717801,0.492065964851008,803.604836500509,10,2,"normal",148
"3949",-6.58753,0.335834618149409,0,200,0.0574076483327405,-5.7974595717801,1.63569201382656,-2.04247160634103,-5.7974595717801,0.492065964851008,803.604836500509,10,2,"normal",149
"3950",-3.71406,0.852849797782851,1,200,0.0574076483327405,-5.7974595717801,1.63569201382656,-2.04247160634103,-5.7974595717801,0.492065964851008,803.604836500509,10,2,"normal",150
"3951",-3.57109,0.865812999730406,1,200,0.0574076483327405,-5.7974595717801,1.63569201382656,-2.04247160634103,-5.7974595717801,0.492065964851008,803.604836500509,10,2,"normal",151
"3952",-4.28309,0.785677721885775,1,200,0.0574076483327405,-5.7974595717801,1.63569201382656,-2.04247160634103,-5.7974595717801,0.492065964851008,803.604836500509,10,2,"normal",152
"3953",-7.68308,0.16761040912944,0,200,0.0574076483327405,-5.7974595717801,1.63569201382656,-2.04247160634103,-5.7974595717801,0.492065964851008,803.604836500509,10,2,"normal",153
"3954",-7.55188,0.182863499291013,0,200,0.0574076483327405,-5.7974595717801,1.63569201382656,-2.04247160634103,-5.7974595717801,0.492065964851008,803.604836500509,10,2,"normal",154
"3955",-4.00591,0.821591309702335,1,200,0.0574076483327405,-5.7974595717801,1.63569201382656,-2.04247160634103,-5.7974595717801,0.492065964851008,803.604836500509,10,2,"normal",155
"3956",-4.46213,0.759231359159413,0,200,0.0574076483327405,-5.7974595717801,1.63569201382656,-2.04247160634103,-5.7974595717801,0.492065964851008,803.604836500509,10,2,"normal",156
"3957",-3.83336,0.840867749828873,1,200,0.0574076483327405,-5.7974595717801,1.63569201382656,-2.04247160634103,-5.7974595717801,0.492065964851008,803.604836500509,10,2,"normal",157
"3958",-7.75319,0.160013623351149,0,200,0.0574076483327405,-5.7974595717801,1.63569201382656,-2.04247160634103,-5.7974595717801,0.492065964851008,803.604836500509,10,2,"normal",158
"3959",-7.00419,0.261295288582607,0,200,0.0574076483327405,-5.7974595717801,1.63569201382656,-2.04247160634103,-5.7974595717801,0.492065964851008,803.604836500509,10,2,"normal",159
"3960",-4.89134,0.686065223808896,1,200,0.0574076483327405,-5.7974595717801,1.63569201382656,-2.04247160634103,-5.7974595717801,0.492065964851008,803.604836500509,10,2,"normal",160
"3961",-4.31964,0.780484173994685,0,200,0.0574076483327405,-5.7974595717801,1.63569201382656,-2.04247160634103,-5.7974595717801,0.492065964851008,803.604836500509,10,2,"normal",161
"3962",-3.8811,0.835767416397406,1,200,0.0574076483327405,-5.7974595717801,1.63569201382656,-2.04247160634103,-5.7974595717801,0.492065964851008,803.604836500509,10,2,"normal",162
"3963",-3.71702,0.852565516870663,1,200,0.0574076483327405,-5.7974595717801,1.63569201382656,-2.04247160634103,-5.7974595717801,0.492065964851008,803.604836500509,10,2,"normal",163
"3964",-3.78467,0.845888673042133,1,200,0.0574076483327405,-5.7974595717801,1.63569201382656,-2.04247160634103,-5.7974595717801,0.492065964851008,803.604836500509,10,2,"normal",164
"3965",-4.09722,0.810438720700347,1,200,0.0574076483327405,-5.7974595717801,1.63569201382656,-2.04247160634103,-5.7974595717801,0.492065964851008,803.604836500509,10,2,"normal",165
"3966",-3.47861,0.873419129170983,1,200,0.0574076483327405,-5.7974595717801,1.63569201382656,-2.04247160634103,-5.7974595717801,0.492065964851008,803.604836500509,10,2,"normal",166
"3967",-7.81166,0.153968541989714,0,200,0.0574076483327405,-5.7974595717801,1.63569201382656,-2.04247160634103,-5.7974595717801,0.492065964851008,803.604836500509,10,2,"normal",167
"3968",-4.58577,0.739519369323012,1,200,0.0574076483327405,-5.7974595717801,1.63569201382656,-2.04247160634103,-5.7974595717801,0.492065964851008,803.604836500509,10,2,"normal",168
"3969",-8.20621,0.119748514113033,1,200,0.0574076483327405,-5.7974595717801,1.63569201382656,-2.04247160634103,-5.7974595717801,0.492065964851008,803.604836500509,10,2,"normal",169
"3970",-7.71266,0.164358620834897,0,200,0.0574076483327405,-5.7974595717801,1.63569201382656,-2.04247160634103,-5.7974595717801,0.492065964851008,803.604836500509,10,2,"normal",170
"3971",-4.31287,0.781454158750461,1,200,0.0574076483327405,-5.7974595717801,1.63569201382656,-2.04247160634103,-5.7974595717801,0.492065964851008,803.604836500509,10,2,"normal",171
"3972",-7.93373,0.14218213185755,0,200,0.0574076483327405,-5.7974595717801,1.63569201382656,-2.04247160634103,-5.7974595717801,0.492065964851008,803.604836500509,10,2,"normal",172
"3973",-71.15664471,0.0574076483327405,0,200,0.0574076483327405,-5.7974595717801,1.63569201382656,-2.04247160634103,-5.7974595717801,0.492065964851008,803.604836500509,10,2,"normal",173
"3974",-3.9202,0.831458063212657,0,200,0.0574076483327405,-5.7974595717801,1.63569201382656,-2.04247160634103,-5.7974595717801,0.492065964851008,803.604836500509,10,2,"normal",174
"3975",-7.25594,0.222306685521105,1,200,0.0574076483327405,-5.7974595717801,1.63569201382656,-2.04247160634103,-5.7974595717801,0.492065964851008,803.604836500509,10,2,"normal",175
"3976",-3.39651,0.879680004187025,1,200,0.0574076483327405,-5.7974595717801,1.63569201382656,-2.04247160634103,-5.7974595717801,0.492065964851008,803.604836500509,10,2,"normal",176
"3977",-4.12326,0.807136243468807,0,200,0.0574076483327405,-5.7974595717801,1.63569201382656,-2.04247160634103,-5.7974595717801,0.492065964851008,803.604836500509,10,2,"normal",177
"3978",-4.27601,0.786671467037327,0,200,0.0574076483327405,-5.7974595717801,1.63569201382656,-2.04247160634103,-5.7974595717801,0.492065964851008,803.604836500509,10,2,"normal",178
"3979",-7.68349,0.167564869676069,0,200,0.0574076483327405,-5.7974595717801,1.63569201382656,-2.04247160634103,-5.7974595717801,0.492065964851008,803.604836500509,10,2,"normal",179
"3980",-6.88417,0.281559115464278,0,200,0.0574076483327405,-5.7974595717801,1.63569201382656,-2.04247160634103,-5.7974595717801,0.492065964851008,803.604836500509,10,2,"normal",180
"3981",-7.25583,0.222322644450487,0,200,0.0574076483327405,-5.7974595717801,1.63569201382656,-2.04247160634103,-5.7974595717801,0.492065964851008,803.604836500509,10,2,"normal",181
"3982",-7.11441,0.243625126697353,0,200,0.0574076483327405,-5.7974595717801,1.63569201382656,-2.04247160634103,-5.7974595717801,0.492065964851008,803.604836500509,10,2,"normal",182
"3983",-8.04798,0.132142879418603,0,200,0.0574076483327405,-5.7974595717801,1.63569201382656,-2.04247160634103,-5.7974595717801,0.492065964851008,803.604836500509,10,2,"normal",183
"3984",-2.74892,0.914994406317552,1,200,0.0574076483327405,-5.7974595717801,1.63569201382656,-2.04247160634103,-5.7974595717801,0.492065964851008,803.604836500509,10,2,"normal",184
"3985",-7.40995,0.200906574600027,0,200,0.0574076483327405,-5.7974595717801,1.63569201382656,-2.04247160634103,-5.7974595717801,0.492065964851008,803.604836500509,10,2,"normal",185
"3986",-3.65436,0.858444525430638,1,200,0.0574076483327405,-5.7974595717801,1.63569201382656,-2.04247160634103,-5.7974595717801,0.492065964851008,803.604836500509,10,2,"normal",186
"3987",-7.46544,0.193660512871385,1,200,0.0574076483327405,-5.7974595717801,1.63569201382656,-2.04247160634103,-5.7974595717801,0.492065964851008,803.604836500509,10,2,"normal",187
"3988",-8.05384,0.131653102984393,0,200,0.0574076483327405,-5.7974595717801,1.63569201382656,-2.04247160634103,-5.7974595717801,0.492065964851008,803.604836500509,10,2,"normal",188
"3989",-4.20637,0.796232975809451,1,200,0.0574076483327405,-5.7974595717801,1.63569201382656,-2.04247160634103,-5.7974595717801,0.492065964851008,803.604836500509,10,2,"normal",189
"3990",-6.95316,0.269783517195415,0,200,0.0574076483327405,-5.7974595717801,1.63569201382656,-2.04247160634103,-5.7974595717801,0.492065964851008,803.604836500509,10,2,"normal",190
"3991",-3.61575,0.86192339454196,1,200,0.0574076483327405,-5.7974595717801,1.63569201382656,-2.04247160634103,-5.7974595717801,0.492065964851008,803.604836500509,10,2,"normal",191
"3992",-7.5453,0.183664419732146,0,200,0.0574076483327405,-5.7974595717801,1.63569201382656,-2.04247160634103,-5.7974595717801,0.492065964851008,803.604836500509,10,2,"normal",192
"3993",-4.26921,0.78762215241082,0,200,0.0574076483327405,-5.7974595717801,1.63569201382656,-2.04247160634103,-5.7974595717801,0.492065964851008,803.604836500509,10,2,"normal",193
"3994",-6.72819,0.309396341613351,0,200,0.0574076483327405,-5.7974595717801,1.63569201382656,-2.04247160634103,-5.7974595717801,0.492065964851008,803.604836500509,10,2,"normal",194
"3995",-7.14463,0.238942142707639,1,200,0.0574076483327405,-5.7974595717801,1.63569201382656,-2.04247160634103,-5.7974595717801,0.492065964851008,803.604836500509,10,2,"normal",195
"3996",-3.88064,0.83581740461473,1,200,0.0574076483327405,-5.7974595717801,1.63569201382656,-2.04247160634103,-5.7974595717801,0.492065964851008,803.604836500509,10,2,"normal",196
"3997",-3.52192,0.869931388406498,1,200,0.0574076483327405,-5.7974595717801,1.63569201382656,-2.04247160634103,-5.7974595717801,0.492065964851008,803.604836500509,10,2,"normal",197
"3998",-3.82874,0.841351979100888,1,200,0.0574076483327405,-5.7974595717801,1.63569201382656,-2.04247160634103,-5.7974595717801,0.492065964851008,803.604836500509,10,2,"normal",198
"3999",-3.76512,0.847853737653803,1,200,0.0574076483327405,-5.7974595717801,1.63569201382656,-2.04247160634103,-5.7974595717801,0.492065964851008,803.604836500509,10,2,"normal",199
"4000",-8.55745,0.0979205272676837,0,200,0.0574076483327405,-5.7974595717801,1.63569201382656,-2.04247160634103,-5.7974595717801,0.492065964851008,803.604836500509,10,2,"normal",200
